"352190360","P£OCK","2006","01","01","00","6","",0,"8",0,"8","","","",6,"",0,"8",0,"8",8,"",170,"",3,"",0,"",-.1,"",.0,"8","U","",5.1,"",84,"",-2.5,"",992.2,"",1005.8,"",0,.5,"",.0,"",7,"","10","7","8","","5","","","/","","","/","","",18,"",.0,"8",.0,"8","","8",0,"8","","",.0,"8",.0,"8",.0,"8",.0,"8",.0,"8",.0,"8",.0,"8",.0,"8",.0,"8",0,"8",0,"8",0,"8","","",0,"8",0,"8"
"352190360","P£OCK","2006","01","01","01","7","",0,"8",0,"8","","","",6,"",0,"8",0,"8",4,"",140,"",3,"",0,"",-1.2,"",.0,"8","U","",4.7,"",84,"",-3.6,"",992.9,"",1006.6,"",2,.7,"",.0,"8",0,"8","10","1","4","","5","","","0","","","0","","",0,"8",.0,"8",.0,"8","","8",0,"8","","",.0,"8",.0,"8",.0,"8",.0,"8",.0,"8",.0,"8",.0,"8",.0,"8",.0,"8",0,"8",0,"8",0,"8","","",0,"8",0,"8"
"352190360","P£OCK","2006","01","01","02","7","",0,"8",0,"8","","","",6,"",0,"8",0,"8",7,"",140,"",3,"",0,"",-1.4,"",.0,"8","U","",4.8,"",87,"",-3.3,"",993.3,"",1007.0,"",3,.9,"",.0,"8",0,"8","10","1","7","","5","","","/","","","/","","",0,"8",.0,"8",.0,"8","","8",0,"8","","",.0,"8",.0,"8",.0,"8",.0,"8",.0,"8",.0,"8",.0,"8",.0,"8",.0,"8",0,"8",0,"8",0,"8","","",0,"8",0,"8"
"352190360","P£OCK","2006","01","01","03","7","",0,"8",0,"8","","","",6,"",0,"8",0,"8",7,"",150,"",3,"",0,"",-2.2,"",.0,"8","U","",4.6,"",89,"",-3.8,"",993.6,"",1007.3,"",1,1.4,"",.0,"8",0,"8","10","1","7","","5","","","/","","","/","","",0,"8",.0,"8",.0,"8","","8",0,"8","","",.0,"8",.0,"8",.0,"8",.0,"8",.0,"8",.0,"8",.0,"8",.0,"8",.0,"8",0,"8",0,"8",0,"8","","",0,"8",0,"8"
"352190360","P£OCK","2006","01","01","04","6","",0,"8",0,"8","","","",6,"",0,"8",0,"8",7,"",140,"",3,"",0,"",-2.9,"",.0,"8","U","",4.5,"",91,"",-4.2,"",993.7,"",1007.5,"",1,.8,"",.0,"8",0,"8","10","2","7","","5","","","/","","","/","","",0,"8",.0,"8",.0,"8","","8",0,"8","","",.0,"8",.0,"8",.0,"8",.0,"8",.0,"8",.0,"8",.0,"8",.0,"8",.0,"8",0,"8",0,"8",0,"8","","",0,"8",0,"8"
"352190360","P£OCK","2006","01","01","05","6","",0,"8",0,"8","","","",6,"",0,"8",0,"8",7,"",140,"",3,"",0,"",-1.6,"",.0,"8","U","",4.9,"",90,"",-3.0,"",994.0,"",1007.7,"",2,.7,"",.0,"8",0,"8","10","2","4","","5","","","3","","","/","","",0,"8",.0,"8",.0,"8","","8",0,"8","","",.0,"8",.0,"8",.0,"8",.0,"8",.0,"8",.0,"8",.0,"8",.0,"8",.0,"8",0,"8",0,"8",0,"8","","",0,"8",0,"8"
"352190360","P£OCK","2006","01","01","06","7","",0,"8",0,"8","","","",6,"",0,"8",0,"8",7,"",150,"",3,"",0,"",-.8,"",.0,"8","U","",5.0,"",87,"",-2.7,"",994.1,"",1007.8,"",2,.5,"",.0,"9",0,"9","10","1","7","","5","","","/","","","/","","",18,"",.0,"8",.0,"8","","8",0,"8","","",.0,"8",.0,"8",.0,"8",.0,"8",.0,"8",.0,"8",.0,"8",.0,"8",.0,"8",0,"8",0,"8",0,"8","","",0,"8",0,"8"
"352190360","P£OCK","2006","01","01","07","7","",0,"8",0,"8","","","",6,"",0,"8",0,"8",8,"",150,"",3,"",0,"",.2,"",.0,"8","U","",5.3,"",85,"",-2.0,"",995.0,"",1008.6,"",2,1.3,"",.0,"8",0,"8","10","2","8","","5","","","/","","","/","","",0,"8",.0,"8",.0,"8","","8",0,"8","","",.0,"8",.0,"8",.0,"8",.0,"8",.0,"8",.0,"8",.0,"8",.0,"8",.0,"8",0,"8",0,"8",0,"8","","",0,"8",0,"8"
"352190360","P£OCK","2006","01","01","08","6","",0,"8",0,"8","","","",6,"",0,"8",0,"8",7,"",150,"",2,"",0,"",.5,"",.0,"8","U","",5.5,"",87,"",-1.4,"",995.6,"",1009.2,"",2,1.6,"",.0,"8",0,"8","10","2","7","","5","","","/","","","/","","",0,"8",.0,"8",.0,"8","","8",0,"8","","",.0,"8",.0,"8",.0,"8",.0,"8",.0,"8",.0,"8",.0,"8",.0,"8",.0,"8",0,"8",0,"8",0,"8","","",0,"8",0,"8"
"352190360","P£OCK","2006","01","01","09","6","",0,"8",0,"8","","","",6,"",0,"8",0,"8",7,"",140,"",3,"",0,"",.9,"",.0,"8","U","",5.8,"",89,"",-.7,"",996.4,"",1010.0,"",2,2.3,"",.0,"8",0,"8","10","2","6","","5","","","3","","","/","","",0,"8",.0,"8",.0,"8","","8",0,"8","","",.0,"8",.0,"8",.0,"8",.0,"8",.0,"8",.0,"8",.0,"8",.0,"8",.0,"8",0,"8",0,"8",0,"8","","",0,"8",0,"8"
"352190360","P£OCK","2006","01","01","10","6","",0,"8",0,"8","","","",6,"",0,"8",0,"8",8,"",150,"",3,"",0,"",1.3,"",.0,"8","U","",5.8,"",86,"",-.8,"",996.6,"",1010.2,"",2,1.6,"",.0,"8",0,"8","10","2","8","","5","","","/","","","/","","",0,"8",.0,"8",.0,"8","","8",0,"8","","",.0,"8",.0,"8",.0,"8",.0,"8",.0,"8",.0,"8",.0,"8",.0,"8",.0,"8",0,"8",0,"8",0,"8","","",0,"8",0,"8"
"352190360","P£OCK","2006","01","01","11","5","",0,"8",0,"8","","","",6,"",0,"8",0,"8",8,"",140,"",4,"",0,"",1.3,"",.0,"8","U","",5.7,"",85,"",-.9,"",996.4,"",1010.0,"",0,.8,"",.0,"8",0,"8","10","2","8","","5","","","/","","","/","","",0,"8",.0,"8",.0,"8","","8",0,"8","","",.0,"8",.0,"8",.0,"8",.0,"8",.0,"8",.0,"8",.0,"8",.0,"8",.0,"8",0,"8",0,"8",0,"8","","",0,"8",0,"8"
"352190360","P£OCK","2006","01","01","12","5","",0,"8",0,"8","","","",6,"",0,"8",0,"8",8,"",140,"",3,"",0,"",1.6,"",.0,"8","U","",5.9,"",86,"",-.5,"",996.2,"",1009.8,"",8,-.2,"",.0,"9",0,"9","10","2","8","","5","","","/","","","/","","",14,"",.0,"8",.0,"8","","8",0,"8","","",.0,"8",.0,"8",.0,"8",.0,"8",.0,"8",.0,"8",.0,"8",.0,"8",.0,"8",0,"8",0,"8",0,"8","","",0,"8",0,"8"
"352190360","P£OCK","2006","01","01","13","5","",0,"8",0,"8","","","",6,"",0,"8",0,"8",8,"",130,"",3,"",0,"",1.5,"",.0,"8","U","",6.0,"",88,"",-.3,"",996.8,"",1010.4,"",3,.2,"",.0,"8",0,"8","10","2","8","","5","","","/","","","/","","",0,"8",.0,"8",.0,"8","","8",0,"8","","",.0,"8",.0,"8",.0,"8",.0,"8",.0,"8",.0,"8",.0,"8",.0,"8",.0,"8",0,"8",0,"8",0,"8","","",0,"8",0,"8"
"352190360","P£OCK","2006","01","01","14","5","",0,"8",0,"8","","","",6,"",0,"8",0,"8",8,"",130,"",4,"",0,"",1.4,"",.0,"8","U","",5.9,"",87,"",-.5,"",996.8,"",1010.4,"",1,.4,"",.0,"8",0,"8","10","2","8","","5","","","/","","","/","","",0,"8",.0,"8",.0,"8","","8",0,"8","","",.0,"8",.0,"8",.0,"8",.0,"8",.0,"8",.0,"8",.0,"8",.0,"8",.0,"8",0,"8",0,"8",0,"8","","",0,"8",0,"8"
"352190360","P£OCK","2006","01","01","15","5","",0,"8",0,"8","","","",6,"",0,"8",0,"8",8,"",120,"",4,"",0,"",1.3,"",.0,"8","U","",5.9,"",88,"",-.5,"",997.2,"",1010.8,"",2,1.0,"",.0,"8",0,"8","10","2","8","","5","","","/","","","/","","",0,"8",.0,"8",.0,"8","","8",0,"8","","",.0,"8",.0,"8",.0,"8",.0,"8",.0,"8",.0,"8",.0,"8",.0,"8",.0,"8",0,"8",0,"8",0,"8","","",0,"8",0,"8"
"352190360","P£OCK","2006","01","01","16","5","",0,"8",0,"8","","","",6,"",0,"8",0,"8",8,"",120,"",3,"",0,"",1.2,"",.0,"8","U","",5.9,"",89,"",-.4,"",997.6,"",1011.2,"",3,.8,"",.0,"8",0,"8","10","2","8","","5","","","/","","","/","","",0,"8",.0,"8",.0,"8","","8",0,"8","","",.0,"8",.0,"8",.0,"8",.0,"8",.0,"8",.0,"8",.0,"8",.0,"8",.0,"8",0,"8",0,"8",0,"8","","",0,"8",0,"8"
"352190360","P£OCK","2006","01","01","17","6","",0,"8",0,"8","","","",6,"",0,"8",0,"8",8,"",120,"",3,"",0,"",1.2,"",.0,"8","U","",5.9,"",89,"",-.4,"",997.8,"",1011.4,"",1,1.0,"",.0,"8",0,"8","10","2","8","","5","","","/","","","/","","",0,"8",.0,"8",.0,"8","","8",0,"8","","",.0,"8",.0,"8",.0,"8",.0,"8",.0,"8",.0,"8",.0,"8",.0,"8",.0,"8",0,"8",0,"8",0,"8","","",0,"8",0,"8"
"352190360","P£OCK","2006","01","01","18","6","",0,"8",0,"8","","","",6,"",0,"8",0,"8",7,"",110,"",3,"",0,"",1.3,"",.0,"8","U","",6.0,"",89,"",-.3,"",998.2,"",1011.8,"",2,1.0,"",.0,"9",0,"9","10","2","7","","5","","","/","","","/","","",14,"",.0,"8",.0,"8","","8",0,"8","","",.0,"8",.0,"8",.0,"8",.0,"8",.0,"8",.0,"8",.0,"8",.0,"8",.0,"8",0,"8",0,"8",0,"8","","",0,"8",0,"8"
"352190360","P£OCK","2006","01","01","19","6","",0,"8",0,"8","","","",6,"",0,"8",0,"8",8,"",110,"",3,"",0,"",1.2,"",.0,"8","U","",5.9,"",89,"",-.4,"",998.5,"",1012.1,"",2,.9,"",.0,"8",0,"8","10","2","8","","5","","","/","","","/","","",0,"8",.0,"8",.0,"8","","8",0,"8","","",.0,"8",.0,"8",.0,"8",.0,"8",.0,"8",.0,"8",.0,"8",.0,"8",.0,"8",0,"8",0,"8",0,"8","","",0,"8",0,"8"
"352190360","P£OCK","2006","01","01","20","5","",0,"8",0,"8","","","",6,"",0,"8",0,"8",8,"",140,"",2,"",0,"",1.3,"",.0,"8","U","",6.1,"",91,"",.0,"",998.8,"",1012.4,"",2,1.0,"",.0,"8",0,"8","61","6","7","","5","","","/","","","/","","",0,"8",.0,"8",.0,"8","","8",0,"8","","",.0,"8",.0,"8",.0,"8",.0,"8",.0,"8",.0,"8",.0,"8",.0,"8",.0,"8",0,"8",0,"8",0,"8","","",0,"8",0,"8"
"352190360","P£OCK","2006","01","01","21","5","",0,"8",0,"8","","","",6,"",0,"8",0,"8",8,"",130,"",2,"",0,"",.9,"",.0,"8","U","",6.1,"",93,"",-.1,"",999.1,"",1012.7,"",2,.9,"",.0,"8",0,"8","61","6","6","","5","","","2","","","/","","",0,"8",.0,"8",.0,"8","","8",0,"8","","",.0,"8",.0,"8",.0,"8",.0,"8",.0,"8",.0,"8",.0,"8",.0,"8",.0,"8",0,"8",0,"8",0,"8","","",0,"8",0,"8"
"352190360","P£OCK","2006","01","01","22","5","",0,"8",0,"8","","","",6,"",0,"8",0,"8",8,"",110,"",3,"",0,"",.9,"",.0,"8","U","",6.1,"",94,"",.0,"",999.5,"",1013.1,"",2,1.0,"",.0,"8",0,"8","61","6","6","","5","","","2","","","/","","",0,"8",.0,"8",.0,"8","","8",0,"8","","",.0,"8",.0,"8",.0,"8",.0,"8",.0,"8",.0,"8",.0,"8",.0,"8",.0,"8",0,"8",0,"8",0,"8","","",0,"8",0,"8"
"352190360","P£OCK","2006","01","01","23","4","",0,"8",0,"8","","","",6,"",0,"8",0,"8",8,"",110,"",3,"",0,"",.8,"",.0,"8","U","",6.1,"",94,"",-.1,"",999.6,"",1013.2,"",2,.8,"",.0,"8",0,"8","61","6","6","","5","","","2","","","/","","",0,"8",.0,"8",.0,"8","","8",0,"8","","",.0,"8",.0,"8",.0,"8",.0,"8",.0,"8",.0,"8",.0,"8",.0,"8",.0,"8",0,"8",0,"8",0,"8","","",0,"8",0,"8"
"352190360","P£OCK","2006","01","02","00","4","",0,"8",0,"8","","","",5,"",0,"8",0,"8",8,"",90,"",2,"",0,"",.8,"",.0,"8","U","",6.2,"",95,"",.1,"",999.4,"",1013.0,"",0,.3,"",3.4,"",6,"","61","6","6","","5","","","2","","","/","","",14,"",.0,"8",.0,"8","","8",0,"8","","",.0,"8",.0,"8",.0,"8",.0,"8",.0,"8",.0,"8",.0,"8",.0,"8",.0,"8",0,"8",0,"8",0,"8","","",0,"8",0,"8"
"352190360","P£OCK","2006","01","02","01","3","",0,"8",0,"8","","","",5,"",0,"8",0,"8",8,"",90,"",2,"",0,"",.7,"",.0,"8","U","",6.1,"",95,"",.0,"",999.9,"",1013.6,"",2,.4,"",.0,"8",0,"8","61","6","6","","7","","","2","","","/","","",0,"8",.0,"8",.0,"8","","8",0,"8","","",.0,"8",.0,"8",.0,"8",.0,"8",.0,"8",.0,"8",.0,"8",.0,"8",.0,"8",0,"8",0,"8",0,"8","","",0,"8",0,"8"
"352190360","P£OCK","2006","01","02","02","3","",0,"8",0,"8","","","",4,"",0,"8",0,"8",8,"",60,"",2,"",0,"",.4,"",.0,"8","U","",6.0,"",95,"",-.3,"",1000.0,"",1013.7,"",3,.4,"",.0,"8",0,"8","71","7","6","","7","","","2","","","/","","",0,"8",.0,"8",.0,"8","","8",0,"8","","",.0,"8",.0,"8",.0,"8",.0,"8",.0,"8",.0,"8",.0,"8",.0,"8",.0,"8",0,"8",0,"8",0,"8","","",0,"8",0,"8"
"352190360","P£OCK","2006","01","02","03","3","",0,"8",0,"8","","","",4,"",0,"8",0,"8",8,"",60,"",2,"",0,"",.4,"",.0,"8","U","",6.0,"",96,"",-.2,"",1000.1,"",1013.8,"",1,.7,"",.0,"8",0,"8","71","7","6","","7","","","2","","","/","","",0,"8",.0,"8",.0,"8","","8",0,"8","","",.0,"8",.0,"8",.0,"8",.0,"8",.0,"8",.0,"8",.0,"8",.0,"8",.0,"8",0,"8",0,"8",0,"8","","",0,"8",0,"8"
"352190360","P£OCK","2006","01","02","04","3","",0,"8",0,"8","","","",4,"",0,"8",0,"8",8,"",50,"",2,"",0,"",.4,"",.0,"8","U","",6.0,"",96,"",-.2,"",1000.1,"",1013.8,"",1,.2,"",.0,"8",0,"8","71","7","6","","7","","","2","","","/","","",0,"8",.0,"8",.0,"8","","8",0,"8","","",.0,"8",.0,"8",.0,"8",.0,"8",.0,"8",.0,"8",.0,"8",.0,"8",.0,"8",0,"8",0,"8",0,"8","","",0,"8",0,"8"
"352190360","P£OCK","2006","01","02","05","2","",0,"8",0,"8","","","",4,"",0,"8",0,"8",8,"",50,"",2,"",0,"",.3,"",.0,"8","U","",6.0,"",96,"",-.3,"",1000.7,"",1014.4,"",2,.7,"",.0,"8",0,"8","71","7","6","","7","","","2","","","/","","",0,"8",.0,"8",.0,"8","","8",0,"8","","",.0,"8",.0,"8",.0,"8",.0,"8",.0,"8",.0,"8",.0,"8",.0,"8",.0,"8",0,"8",0,"8",0,"8","","",0,"8",0,"8"
"352190360","P£OCK","2006","01","02","06","2","",0,"8",0,"8","","","",5,"",0,"8",0,"8",8,"",30,"",2,"",0,"",.3,"",.0,"8","U","",6.0,"",96,"",-.3,"",1001.2,"",1014.9,"",3,1.1,"",1.8,"",7,"","71","7","6","","7","","","2","","","/","","",14,"",.0,"8",.0,"8","","8",0,"8","","",.0,"8",.0,"8",.0,"8",.0,"8",.0,"8",.0,"8",.0,"8",.0,"8",.0,"8",0,"8",0,"8",0,"8","","",0,"8",0,"8"
"352190360","P£OCK","2006","01","02","07","2","",0,"8",0,"8","","","",5,"",0,"8",0,"8",8,"",60,"",2,"",0,"",.5,"",.0,"8","U","",6.1,"",96,"",-.1,"",1001.6,"",1015.3,"",1,1.5,"",.0,"8",0,"8","71","7","6","","7","","","2","","","/","","",0,"8",.0,"8",.0,"8","","8",0,"8","","",.0,"8",.0,"8",.0,"8",.0,"8",.0,"8",.0,"8",.0,"8",.0,"8",.0,"8",0,"8",0,"8",0,"8","","",0,"8",0,"8"
"352190360","P£OCK","2006","01","02","08","2","",0,"8",0,"8","","","",5,"",0,"8",0,"8",8,"",60,"",2,"",0,"",.6,"",.0,"8","U","",6.1,"",96,"",.0,"",1002.0,"",1015.7,"",2,1.3,"",.0,"8",0,"8","23","7","8","","6","","","/","","","/","","",0,"8",.0,"8",.0,"8","","8",0,"8","","",.0,"8",.0,"8",.0,"8",.0,"8",.0,"8",.0,"8",.0,"8",.0,"8",.0,"8",0,"8",0,"8",0,"8","","",0,"8",0,"8"
"352190360","P£OCK","2006","01","02","09","2","",0,"8",0,"8","","","",5,"",0,"8",0,"8",8,"",80,"",2,"",0,"",.8,"",.0,"8","U","",6.2,"",95,"",.1,"",1002.4,"",1016.1,"",2,1.2,"",.0,"8",0,"8","10","7","8","","6","","","/","","","/","","",0,"8",.0,"8",.0,"8","","8",0,"8","","",.0,"8",.0,"8",.0,"8",.0,"8",.0,"8",.0,"8",.0,"8",.0,"8",.0,"8",0,"8",0,"8",0,"8","","",0,"8",0,"8"
"352190360","P£OCK","2006","01","02","10","2","",0,"8",0,"8","","","",5,"",0,"8",0,"8",8,"",70,"",2,"",0,"",.8,"",.0,"8","U","",6.0,"",93,"",-.2,"",1002.5,"",1016.2,"",1,.9,"",.0,"8",0,"8","10","2","8","","6","","","/","","","/","","",0,"8",.0,"8",.0,"8","","8",0,"8","","",.0,"8",.0,"8",.0,"8",.0,"8",.0,"8",.0,"8",.0,"8",.0,"8",.0,"8",0,"8",0,"8",0,"8","","",0,"8",0,"8"
"352190360","P£OCK","2006","01","02","11","2","",0,"8",0,"8","","","",5,"",0,"8",0,"8",8,"",70,"",2,"",0,"",.8,"",.0,"8","U","",5.9,"",91,"",-.5,"",1002.8,"",1016.5,"",2,.8,"",.0,"8",0,"8","10","2","8","","6","","","/","","","/","","",0,"8",.0,"8",.0,"8","","8",0,"8","","",.0,"8",.0,"8",.0,"8",.0,"8",.0,"8",.0,"8",.0,"8",.0,"8",.0,"8",0,"8",0,"8",0,"8","","",0,"8",0,"8"
"352190360","P£OCK","2006","01","02","12","2","",0,"8",0,"8","","","",5,"",0,"8",0,"8",8,"",30,"",3,"",0,"",.7,"",.0,"8","U","",5.9,"",91,"",-.6,"",1002.8,"",1016.5,"",1,.4,"",.0,"",7,"","77","2","8","","6","","","/","","","/","","",14,"",.0,"8",.0,"8","","8",0,"8","","",.0,"8",.0,"8",.0,"8",.0,"8",.0,"8",.0,"8",.0,"8",.0,"8",.0,"8",0,"8",0,"8",0,"8","","",0,"8",0,"8"
"352190360","P£OCK","2006","01","02","13","2","",0,"8",0,"8","","","",5,"",0,"8",0,"8",8,"",40,"",3,"",0,"",.5,"",.0,"8","U","",5.8,"",92,"",-.6,"",1003.6,"",1017.3,"",2,1.1,"",.0,"8",0,"8","20","2","8","","6","","","/","","","/","","",0,"8",.0,"8",.0,"8","","8",0,"8","","",.0,"8",.0,"8",.0,"8",.0,"8",.0,"8",.0,"8",.0,"8",.0,"8",.0,"8",0,"8",0,"8",0,"8","","",0,"8",0,"8"
"352190360","P£OCK","2006","01","02","14","2","",0,"8",0,"8","","","",4,"",0,"8",0,"8",8,"",60,"",3,"",0,"",.2,"",.0,"8","U","",5.9,"",95,"",-.5,"",1004.0,"",1017.7,"",3,1.2,"",.0,"8",0,"8","51","5","8","","6","","","/","","","/","","",0,"8",.0,"8",.0,"8","","8",0,"8","","",.0,"8",.0,"8",.0,"8",.0,"8",.0,"8",.0,"8",.0,"8",.0,"8",.0,"8",0,"8",0,"8",0,"8","","",0,"8",0,"8"
"352190360","P£OCK","2006","01","02","15","2","",0,"8",0,"8","","","",5,"",0,"8",0,"8",8,"",60,"",3,"",0,"",.1,"",.0,"8","U","",5.8,"",95,"",-.6,"",1004.3,"",1018.0,"",1,1.5,"",.0,"8",0,"8","71","5","6","","7","","","2","","","/","","",0,"8",.0,"8",.0,"8","","8",0,"8","","",.0,"8",.0,"8",.0,"8",.0,"8",.0,"8",.0,"8",.0,"8",.0,"8",.0,"8",0,"8",0,"8",0,"8","","",0,"8",0,"8"
"352190360","P£OCK","2006","01","02","16","3","",0,"8",0,"8","","","",5,"",0,"8",0,"8",8,"",40,"",3,"",0,"",.1,"",.0,"8","U","",5.7,"",93,"",-.9,"",1004.7,"",1018.5,"",2,1.1,"",.0,"8",0,"8","71","7","6","","7","","","2","","","/","","",0,"8",.0,"8",.0,"8","","8",0,"8","","",.0,"8",.0,"8",.0,"8",.0,"8",.0,"8",.0,"8",.0,"8",.0,"8",.0,"8",0,"8",0,"8",0,"8","","",0,"8",0,"8"
"352190360","P£OCK","2006","01","02","17","3","",0,"8",0,"8","","","",5,"",0,"8",0,"8",8,"",30,"",3,"",0,"",.0,"",.0,"8","U","",5.7,"",93,"",-1.0,"",1004.9,"",1018.7,"",2,.9,"",.0,"8",0,"8","22","7","8","","6","","","/","","","/","","",0,"8",.0,"8",.0,"8","","8",0,"8","","",.0,"8",.0,"8",.0,"8",.0,"8",.0,"8",.0,"8",.0,"8",.0,"8",.0,"8",0,"8",0,"8",0,"8","","",0,"8",0,"8"
"352190360","P£OCK","2006","01","02","18","3","",0,"8",0,"8","","","",5,"",0,"8",0,"8",8,"",30,"",3,"",0,"",.0,"",.0,"8","U","",5.7,"",93,"",-1.0,"",1004.9,"",1018.7,"",1,.6,"",.1,"",7,"","10","7","8","","5","","","/","","","/","","",14,"",.0,"8",.0,"8","","8",0,"8","","",.0,"8",.0,"8",.0,"8",.0,"8",.0,"8",.0,"8",.0,"8",.0,"8",.0,"8",0,"8",0,"8",0,"8","","",0,"8",0,"8"
"352190360","P£OCK","2006","01","02","19","3","",0,"8",0,"8","","","",5,"",0,"8",0,"8",8,"",40,"",3,"",0,"",.0,"",.0,"8","U","",5.7,"",93,"",-1.0,"",1005.4,"",1019.2,"",2,.7,"",.0,"8",0,"8","10","2","8","","6","","","/","","","/","","",0,"8",.0,"8",.0,"8","","8",0,"8","","",.0,"8",.0,"8",.0,"8",.0,"8",.0,"8",.0,"8",.0,"8",.0,"8",.0,"8",0,"8",0,"8",0,"8","","",0,"8",0,"8"
"352190360","P£OCK","2006","01","02","20","2","",0,"8",0,"8","","","",5,"",0,"8",0,"8",8,"",40,"",4,"",0,"",-.1,"",.0,"8","U","",5.8,"",95,"",-.8,"",1005.4,"",1019.2,"",1,.5,"",.0,"8",0,"8","66","2","7","","7","","","/","","","/","","",0,"8",.0,"8",.0,"8","","8",0,"8","","",.0,"8",.0,"8",.0,"8",.0,"8",.0,"8",.0,"8",.0,"8",.0,"8",.0,"8",0,"8",0,"8",0,"8","","",0,"8",0,"8"
"352190360","P£OCK","2006","01","02","21","2","",0,"8",0,"8","","","",5,"",0,"8",0,"8",8,"",30,"",3,"",0,"",.0,"",.0,"8","U","",5.8,"",95,"",-.7,"",1005.7,"",1019.5,"",2,.8,"",.0,"8",0,"8","66","2","6","","7","","","2","","","/","","",0,"8",.0,"8",.0,"8","","8",0,"8","","",.0,"8",.0,"8",.0,"8",.0,"8",.0,"8",.0,"8",.0,"8",.0,"8",.0,"8",0,"8",0,"8",0,"8","","",0,"8",0,"8"
"352190360","P£OCK","2006","01","02","22","2","",0,"8",0,"8","","","",5,"",0,"8",0,"8",8,"",20,"",3,"",0,"",.1,"",.0,"8","U","",5.8,"",95,"",-.6,"",1006.0,"",1019.8,"",3,.6,"",.0,"8",0,"8","66","6","6","","7","","","2","","","/","","",0,"8",.0,"8",.0,"8","","8",0,"8","","",.0,"8",.0,"8",.0,"8",.0,"8",.0,"8",.0,"8",.0,"8",.0,"8",.0,"8",0,"8",0,"8",0,"8","","",0,"8",0,"8"
"352190360","P£OCK","2006","01","02","23","2","",0,"8",0,"8","","","",5,"",0,"8",0,"8",8,"",20,"",4,"",0,"",.2,"",.0,"8","U","",5.9,"",95,"",-.5,"",1006.0,"",1019.8,"",1,.6,"",.0,"8",0,"8","61","6","6","","7","","","2","","","/","","",0,"8",.0,"8",.0,"8","","8",0,"8","","",.0,"8",.0,"8",.0,"8",.0,"8",.0,"8",.0,"8",.0,"8",.0,"8",.0,"8",0,"8",0,"8",0,"8","","",0,"8",0,"8"
"352190360","P£OCK","2006","01","03","00","2","",0,"8",0,"8","","","",6,"",0,"8",0,"8",8,"",30,"",3,"",0,"",.3,"",.0,"8","U","",5.9,"",95,"",-.4,"",1006.1,"",1019.9,"",2,.4,"",1.6,"",9,"","79","6","6","","7","","","2","","","/","","",14,"",.0,"8",.0,"8","","8",0,"8","","",.0,"8",.0,"8",.0,"8",.0,"8",.0,"8",.0,"8",.0,"8",.0,"8",.0,"8",0,"8",0,"8",0,"8","","",0,"8",0,"8"
"352190360","P£OCK","2006","01","03","01","2","",0,"8",0,"8","","","",5,"",0,"8",0,"8",8,"",20,"",3,"",0,"",.3,"",.0,"8","U","",5.9,"",95,"",-.4,"",1006.4,"",1020.2,"",3,.4,"",.0,"8",0,"8","61","7","6","","7","","","2","","","/","","",0,"8",.0,"8",.0,"8","","8",0,"8","","",.0,"8",.0,"8",.0,"8",.0,"8",.0,"8",.0,"8",.0,"8",.0,"8",.0,"8",0,"8",0,"8",0,"8","","",0,"8",0,"8"
"352190360","P£OCK","2006","01","03","02","2","",0,"8",0,"8","","","",5,"",0,"8",0,"8",8,"",20,"",3,"",0,"",.3,"",.0,"8","U","",5.9,"",95,"",-.4,"",1006.5,"",1020.3,"",2,.5,"",.0,"8",0,"8","61","6","6","","7","","","2","","","/","","",0,"8",.0,"8",.0,"8","","8",0,"8","","",.0,"8",.0,"8",.0,"8",.0,"8",.0,"8",.0,"8",.0,"8",.0,"8",.0,"8",0,"8",0,"8",0,"8","","",0,"8",0,"8"
"352190360","P£OCK","2006","01","03","03","2","",0,"8",0,"8","","","",5,"",0,"8",0,"8",8,"",10,"",3,"",0,"",.3,"",.0,"8","U","",5.9,"",95,"",-.4,"",1006.6,"",1020.4,"",1,.5,"",.0,"8",0,"8","68","6","6","","7","","","2","","","/","","",0,"8",.0,"8",.0,"8","","8",0,"8","","",.0,"8",.0,"8",.0,"8",.0,"8",.0,"8",.0,"8",.0,"8",.0,"8",.0,"8",0,"8",0,"8",0,"8","","",0,"8",0,"8"
"352190360","P£OCK","2006","01","03","04","2","",0,"8",0,"8","","","",5,"",0,"8",0,"8",8,"",10,"",3,"",0,"",.2,"",.0,"8","U","",5.9,"",95,"",-.5,"",1006.7,"",1020.5,"",2,.3,"",.0,"8",0,"8","71","7","5","","7","","","2","","","/","","",0,"8",.0,"8",.0,"8","","8",0,"8","","",.0,"8",.0,"8",.0,"8",.0,"8",.0,"8",.0,"8",.0,"8",.0,"8",.0,"8",0,"8",0,"8",0,"8","","",0,"8",0,"8"
"352190360","P£OCK","2006","01","03","05","2","",0,"8",0,"8","","","",5,"",0,"8",0,"8",8,"",10,"",4,"",0,"",.2,"",.0,"8","U","",5.9,"",95,"",-.5,"",1006.8,"",1020.6,"",2,.3,"",.0,"8",0,"8","71","7","5","","7","","","2","","","/","","",0,"8",.0,"8",.0,"8","","8",0,"8","","",.0,"8",.0,"8",.0,"8",.0,"8",.0,"8",.0,"8",.0,"8",.0,"8",.0,"8",0,"8",0,"8",0,"8","","",0,"8",0,"8"
"352190360","P£OCK","2006","01","03","06","2","",0,"8",0,"8","","","",4,"",0,"8",0,"8",8,"",10,"",3,"",0,"",.1,"",.0,"8","U","",5.8,"",95,"",-.6,"",1007.4,"",1021.2,"",3,.8,"",1.0,"",9,"","73","7","6","","7","","","2","","","/","","",14,"",.0,"8",.0,"8","","8",0,"8","","",.0,"8",.0,"8",.0,"8",.0,"8",.0,"8",.0,"8",.0,"8",.0,"8",.0,"8",0,"8",0,"8",0,"8","","",0,"8",0,"8"
"352190360","P£OCK","2006","01","03","07","2","",0,"8",0,"8","","","",5,"",0,"8",0,"8",8,"",10,"",4,"",0,"",-.1,"",.0,"8","U","",5.8,"",96,"",-.7,"",1007.6,"",1021.4,"",2,.9,"",.0,"8",0,"8","71","7","6","","7","","","2","","","/","","",0,"8",.0,"8",.0,"8","","8",0,"8","","",.0,"8",.0,"8",.0,"8",.0,"8",.0,"8",.0,"8",.0,"8",.0,"8",.0,"8",0,"8",0,"8",0,"8","","",0,"8",0,"8"
"352190360","P£OCK","2006","01","03","08","2","",0,"8",0,"8","","","",5,"",0,"8",0,"8",8,"",10,"",4,"",0,"",-.1,"",.0,"8","U","",5.8,"",96,"",-.7,"",1008.0,"",1021.8,"",2,1.2,"",.0,"8",0,"8","71","7","6","","7","","","2","","","/","","",0,"8",.0,"8",.0,"8","","8",0,"8","","",.0,"8",.0,"8",.0,"8",.0,"8",.0,"8",.0,"8",.0,"8",.0,"8",.0,"8",0,"8",0,"8",0,"8","","",0,"8",0,"8"
"352190360","P£OCK","2006","01","03","09","2","",0,"8",0,"8","","","",4,"",0,"8",0,"8",8,"",10,"",4,"",0,"",-.1,"",.0,"8","U","",5.8,"",96,"",-.7,"",1008.4,"",1022.2,"",3,1.0,"",.0,"8",0,"8","22","7","8","","6","","","/","","","/","","",0,"8",.0,"8",.0,"8","","8",0,"8","","",.0,"8",.0,"8",.0,"8",.0,"8",.0,"8",.0,"8",.0,"8",.0,"8",.0,"8",0,"8",0,"8",0,"8","","",0,"8",0,"8"
"352190360","P£OCK","2006","01","03","10","1","",0,"8",0,"8","","","",3,"",0,"8",0,"8",8,"",10,"",3,"",0,"",.1,"",.0,"8","U","",5.9,"",96,"",-.5,"",1008.5,"",1022.3,"",1,.9,"",.0,"8",0,"8","46","2","8","","6","","","/","","","/","","",0,"8",.0,"8",.0,"8","","8",0,"8","","",.0,"8",.0,"8",.0,"8",.0,"8",.0,"8",.0,"8",.0,"8",.0,"8",.0,"8",0,"8",0,"8",0,"8","","",0,"8",0,"8"
"352190360","P£OCK","2006","01","03","11","1","",0,"8",0,"8","","","",3,"",0,"8",0,"8",8,"",10,"",4,"",0,"",.2,"",.0,"8","U","",6.0,"",96,"",-.4,"",1008.7,"",1022.5,"",2,.7,"",.0,"8",0,"8","71","7","7","","7","","","2","","","/","","",0,"8",.0,"8",.0,"8","","8",0,"8","","",.0,"8",.0,"8",.0,"8",.0,"8",.0,"8",.0,"8",.0,"8",.0,"8",.0,"8",0,"8",0,"8",0,"8","","",0,"8",0,"8"
"352190360","P£OCK","2006","01","03","12","1","",0,"8",0,"8","","","",4,"",0,"8",0,"8",8,"",360,"",3,"",0,"",.3,"",.0,"8","U","",6.1,"",97,"",-.1,"",1008.8,"",1022.6,"",2,.4,"",1.3,"",7,"","71","7","7","","7","","","2","","","/","","",14,"",.0,"8",.0,"8","","8",0,"8","","",.0,"8",.0,"8",.0,"8",.0,"8",.0,"8",.0,"8",.0,"8",.0,"8",.0,"8",0,"8",0,"8",0,"8","","",0,"8",0,"8"
"352190360","P£OCK","2006","01","03","13","2","",0,"8",0,"8","","","",4,"",0,"8",0,"8",8,"",360,"",2,"",0,"",.3,"",.0,"8","U","",6.1,"",97,"",-.1,"",1008.9,"",1022.7,"",2,.4,"",.0,"8",0,"8","73","7","6","","7","","","2","","","/","","",0,"8",.0,"8",.0,"8","","8",0,"8","","",.0,"8",.0,"8",.0,"8",.0,"8",.0,"8",.0,"8",.0,"8",.0,"8",.0,"8",0,"8",0,"8",0,"8","","",0,"8",0,"8"
"352190360","P£OCK","2006","01","03","14","2","",0,"8",0,"8","","","",4,"",0,"8",0,"8",8,"",350,"",3,"",0,"",.3,"",.0,"8","U","",6.0,"",96,"",-.3,"",1009.3,"",1023.1,"",3,.6,"",.0,"8",0,"8","71","7","7","","7","","","2","","","/","","",0,"8",.0,"8",.0,"8","","8",0,"8","","",.0,"8",.0,"8",.0,"8",.0,"8",.0,"8",.0,"8",.0,"8",.0,"8",.0,"8",0,"8",0,"8",0,"8","","",0,"8",0,"8"
"352190360","P£OCK","2006","01","03","15","2","",0,"8",0,"8","","","",4,"",0,"8",0,"8",8,"",360,"",3,"",0,"",.3,"",.0,"8","U","",6.0,"",96,"",-.3,"",1009.6,"",1023.4,"",2,.8,"",.0,"8",0,"8","71","7","6","","7","","","2","","","/","","",0,"8",.0,"8",.0,"8","","8",0,"8","","",.0,"8",.0,"8",.0,"8",.0,"8",.0,"8",.0,"8",.0,"8",.0,"8",.0,"8",0,"8",0,"8",0,"8","","",0,"8",0,"8"
"352190360","P£OCK","2006","01","03","16","2","",0,"8",0,"8","","","",4,"",0,"8",0,"8",8,"",360,"",3,"",0,"",.3,"",.0,"8","U","",6.0,"",96,"",-.3,"",1010.1,"",1023.9,"",2,1.2,"",.0,"8",0,"8","68","7","6","","7","","","2","","","/","","",0,"8",.0,"8",.0,"8","","8",0,"8","","",.0,"8",.0,"8",.0,"8",.0,"8",.0,"8",.0,"8",.0,"8",.0,"8",.0,"8",0,"8",0,"8",0,"8","","",0,"8",0,"8"
"352190360","P£OCK","2006","01","03","17","1","",0,"8",0,"8","","","",4,"",0,"8",0,"8",8,"",360,"",3,"",0,"",.3,"",.0,"8","U","",6.0,"",96,"",-.3,"",1010.3,"",1024.1,"",2,1.0,"",.0,"8",0,"8","68","7","7","","7","","","2","","","/","","",0,"8",.0,"8",.0,"8","","8",0,"8","","",.0,"8",.0,"8",.0,"8",.0,"8",.0,"8",.0,"8",.0,"8",.0,"8",.0,"8",0,"8",0,"8",0,"8","","",0,"8",0,"8"
"352190360","P£OCK","2006","01","03","18","2","",0,"8",0,"8","","","",4,"",0,"8",0,"8",8,"",360,"",3,"",0,"",.3,"",.0,"8","U","",6.0,"",96,"",-.3,"",1010.5,"",1024.3,"",1,.9,"",1.5,"",7,"","71","7","5","","7","","","2","","","/","","",14,"",.0,"8",.0,"8","","8",0,"8","","",.0,"8",.0,"8",.0,"8",.0,"8",.0,"8",.0,"8",.0,"8",.0,"8",.0,"8",0,"8",0,"8",0,"8","","",0,"8",0,"8"
"352190360","P£OCK","2006","01","03","19","2","",0,"8",0,"8","","","",5,"",0,"8",0,"8",8,"",360,"",3,"",0,"",.2,"",.0,"8","U","",6.0,"",96,"",-.4,"",1010.8,"",1024.6,"",2,.7,"",.0,"8",0,"8","71","7","5","","7","","","2","","","/","","",0,"8",.0,"8",.0,"8","","8",0,"8","","",.0,"8",.0,"8",.0,"8",.0,"8",.0,"8",.0,"8",.0,"8",.0,"8",.0,"8",0,"8",0,"8",0,"8","","",0,"8",0,"8"
"352190360","P£OCK","2006","01","03","20","2","",0,"8",0,"8","","","",5,"",0,"8",0,"8",8,"",360,"",3,"",0,"",.2,"",.0,"8","U","",6.0,"",96,"",-.4,"",1011.1,"",1024.9,"",2,.8,"",.0,"8",0,"8","71","7","5","","7","","","2","","","/","","",0,"8",.0,"8",.0,"8","","8",0,"8","","",.0,"8",.0,"8",.0,"8",.0,"8",.0,"8",.0,"8",.0,"8",.0,"8",.0,"8",0,"8",0,"8",0,"8","","",0,"8",0,"8"
"352190360","P£OCK","2006","01","03","21","2","",0,"8",0,"8","","","",5,"",0,"8",0,"8",8,"",350,"",3,"",0,"",.1,"",.0,"8","U","",5.9,"",96,"",-.5,"",1011.2,"",1025.0,"",1,.7,"",.0,"8",0,"8","71","7","6","","7","","","2","","","/","","",0,"8",.0,"8",.0,"8","","8",0,"8","","",.0,"8",.0,"8",.0,"8",.0,"8",.0,"8",.0,"8",.0,"8",.0,"8",.0,"8",0,"8",0,"8",0,"8","","",0,"8",0,"8"
"352190360","P£OCK","2006","01","03","22","2","",0,"8",0,"8","","","",5,"",0,"8",0,"8",8,"",350,"",2,"",0,"",.1,"",.0,"8","U","",5.9,"",96,"",-.5,"",1011.5,"",1025.3,"",2,.7,"",.0,"8",0,"8","71","7","6","","7","","","2","","","/","","",0,"8",.0,"8",.0,"8","","8",0,"8","","",.0,"8",.0,"8",.0,"8",.0,"8",.0,"8",.0,"8",.0,"8",.0,"8",.0,"8",0,"8",0,"8",0,"8","","",0,"8",0,"8"
"352190360","P£OCK","2006","01","03","23","2","",0,"8",0,"8","","","",5,"",0,"8",0,"8",8,"",350,"",2,"",0,"",.0,"",.0,"8","U","",5.9,"",96,"",-.6,"",1011.6,"",1025.5,"",2,.5,"",.0,"8",0,"8","71","7","5","","7","","","2","","","/","","",0,"8",.0,"8",.0,"8","","8",0,"8","","",.0,"8",.0,"8",.0,"8",.0,"8",.0,"8",.0,"8",.0,"8",.0,"8",.0,"8",0,"8",0,"8",0,"8","","",0,"8",0,"8"
"352190360","P£OCK","2006","01","04","00","2","",0,"8",0,"8","","","",5,"",0,"8",0,"8",8,"",360,"",2,"",0,"",.0,"",.0,"8","U","",5.9,"",96,"",-.6,"",1011.7,"",1025.6,"",1,.5,"",.8,"",7,"","68","7","6","","7","","","2","","","/","","",14,"",.0,"8",.0,"8","","8",0,"8","","",.0,"8",.0,"8",.0,"8",.0,"8",.0,"8",.0,"8",.0,"8",.0,"8",.0,"8",0,"8",0,"8",0,"8","","",0,"8",0,"8"
"352190360","P£OCK","2006","01","04","01","2","",0,"8",0,"8","","","",5,"",0,"8",0,"8",8,"",350,"",3,"",0,"",-.2,"",.0,"8","U","",5.8,"",96,"",-.8,"",1011.8,"",1025.7,"",2,.3,"",.0,"8",0,"8","71","7","6","","7","","","2","","","/","","",0,"8",.0,"8",.0,"8","","8",0,"8","","",.0,"8",.0,"8",.0,"8",.0,"8",.0,"8",.0,"8",.0,"8",.0,"8",.0,"8",0,"8",0,"8",0,"8","","",0,"8",0,"8"
"352190360","P£OCK","2006","01","04","02","2","",0,"8",0,"8","","","",5,"",0,"8",0,"8",8,"",350,"",3,"",0,"",-.2,"",.0,"8","U","",5.8,"",96,"",-.8,"",1012.0,"",1025.9,"",2,.4,"",.0,"8",0,"8","71","7","6","","7","","","2","","","/","","",0,"8",.0,"8",.0,"8","","8",0,"8","","",.0,"8",.0,"8",.0,"8",.0,"8",.0,"8",.0,"8",.0,"8",.0,"8",.0,"8",0,"8",0,"8",0,"8","","",0,"8",0,"8"
"352190360","P£OCK","2006","01","04","03","2","",0,"8",0,"8","","","",5,"",0,"8",0,"8",8,"",360,"",3,"",0,"",-.3,"",.0,"8","U","",5.7,"",96,"",-.9,"",1012.2,"",1026.1,"",2,.5,"",.0,"8",0,"8","71","7","6","","7","","","2","","","/","","",0,"8",.0,"8",.0,"8","","8",0,"8","","",.0,"8",.0,"8",.0,"8",.0,"8",.0,"8",.0,"8",.0,"8",.0,"8",.0,"8",0,"8",0,"8",0,"8","","",0,"8",0,"8"
"352190360","P£OCK","2006","01","04","04","2","",0,"8",0,"8","","","",5,"",0,"8",0,"8",8,"",360,"",3,"",0,"",-.1,"",.0,"8","U","",5.8,"",96,"",-.7,"",1012.5,"",1026.4,"",2,.7,"",.0,"8",0,"8","71","7","5","","7","","","2","","","/","","",0,"8",.0,"8",.0,"8","","8",0,"8","","",.0,"8",.0,"8",.0,"8",.0,"8",.0,"8",.0,"8",.0,"8",.0,"8",.0,"8",0,"8",0,"8",0,"8","","",0,"8",0,"8"
"352190360","P£OCK","2006","01","04","05","2","",0,"8",0,"8","","","",5,"",0,"8",0,"8",8,"",20,"",2,"",0,"",.0,"",.0,"8","U","",5.9,"",96,"",-.6,"",1012.7,"",1026.6,"",2,.7,"",.0,"8",0,"8","71","7","5","","7","","","2","","","/","","",0,"8",.0,"8",.0,"8","","8",0,"8","","",.0,"8",.0,"8",.0,"8",.0,"8",.0,"8",.0,"8",.0,"8",.0,"8",.0,"8",0,"8",0,"8",0,"8","","",0,"8",0,"8"
"352190360","P£OCK","2006","01","04","06","2","",0,"8",0,"8","","","",5,"",0,"8",0,"8",8,"",20,"",3,"",0,"",.0,"",.0,"8","U","",5.9,"",96,"",-.6,"",1013.0,"",1026.9,"",2,.8,"",1.0,"",7,"","71","7","5","","7","","","2","","","/","","",14,"",.0,"8",.0,"8","","8",0,"8","","",.0,"8",.0,"8",.0,"8",.0,"8",.0,"8",.0,"8",.0,"8",.0,"8",.0,"8",0,"8",0,"8",0,"8","","",0,"8",0,"8"
"352190360","P£OCK","2006","01","04","07","2","",0,"8",0,"8","","","",5,"",0,"8",0,"8",8,"",30,"",3,"",0,"",.0,"",.0,"8","U","",5.9,"",96,"",-.6,"",1013.5,"",1027.4,"",3,1.0,"",.0,"8",0,"8","71","7","6","","7","","","2","","","/","","",0,"8",.0,"8",.0,"8","","8",0,"8","","",.0,"8",.0,"8",.0,"8",.0,"8",.0,"8",.0,"8",.0,"8",.0,"8",.0,"8",0,"8",0,"8",0,"8","","",0,"8",0,"8"
"352190360","P£OCK","2006","01","04","08","2","",0,"8",0,"8","","","",5,"",0,"8",0,"8",8,"",40,"",3,"",0,"",.0,"",.0,"8","U","",5.8,"",95,"",-.7,"",1014.1,"",1028.0,"",3,1.4,"",.0,"8",0,"8","71","7","6","","7","","","2","","","/","","",0,"8",.0,"8",.0,"8","","8",0,"8","","",.0,"8",.0,"8",.0,"8",.0,"8",.0,"8",.0,"8",.0,"8",.0,"8",.0,"8",0,"8",0,"8",0,"8","","",0,"8",0,"8"
"352190360","P£OCK","2006","01","04","09","3","",0,"8",0,"8","","","",5,"",0,"8",0,"8",8,"",50,"",3,"",0,"",.1,"",.0,"8","U","",5.8,"",94,"",-.8,"",1014.8,"",1028.7,"",3,1.8,"",.0,"8",0,"8","71","7","6","","7","","","2","","","/","","",0,"8",.0,"8",.0,"8","","8",0,"8","","",.0,"8",.0,"8",.0,"8",.0,"8",.0,"8",.0,"8",.0,"8",.0,"8",.0,"8",0,"8",0,"8",0,"8","","",0,"8",0,"8"
"352190360","P£OCK","2006","01","04","10","3","",0,"8",0,"8","","","",6,"",0,"8",0,"8",8,"",50,"",3,"",0,"",.4,"",.0,"8","U","",5.9,"",93,"",-.6,"",1015.0,"",1028.9,"",1,1.5,"",.0,"8",0,"8","71","7","6","","7","","","2","","","/","","",0,"8",.0,"8",.0,"8","","8",0,"8","","",.0,"8",.0,"8",.0,"8",.0,"8",.0,"8",.0,"8",.0,"8",.0,"8",.0,"8",0,"8",0,"8",0,"8","","",0,"8",0,"8"
"352190360","P£OCK","2006","01","04","11","3","",0,"8",0,"8","","","",6,"",0,"8",0,"8",8,"",60,"",4,"",0,"",.5,"",.0,"8","U","",5.9,"",93,"",-.5,"",1015.2,"",1029.1,"",1,1.1,"",.0,"8",0,"8","71","7","6","","7","","","2","","","/","","",0,"8",.0,"8",.0,"8","","8",0,"8","","",.0,"8",.0,"8",.0,"8",.0,"8",.0,"8",.0,"8",.0,"8",.0,"8",.0,"8",0,"8",0,"8",0,"8","","",0,"8",0,"8"
"352190360","P£OCK","2006","01","04","12","3","",0,"8",0,"8","","","",6,"",0,"8",0,"8",8,"",70,"",4,"",0,"",.6,"",.0,"8","U","",5.9,"",92,"",-.6,"",1015.5,"",1029.4,"",2,.7,"",.6,"",7,"","77","7","8","","6","","","/","","","/","","",14,"",.0,"8",.0,"8","","8",0,"8","","",.0,"8",.0,"8",.0,"8",.0,"8",.0,"8",.0,"8",.0,"8",.0,"8",.0,"8",0,"8",0,"8",0,"8","","",0,"8",0,"8"
"352190360","P£OCK","2006","01","04","13","1","",0,"8",0,"8","","","",5,"",0,"8",0,"8",8,"",80,"",4,"",0,"",.5,"",.0,"8","U","",6.0,"",95,"",-.2,"",1015.9,"",1029.8,"",3,.9,"",.0,"8",0,"8","20","2","8","","6","","","/","","","/","","",0,"8",.0,"8",.0,"8","","8",0,"8","","",.0,"8",.0,"8",.0,"8",.0,"8",.0,"8",.0,"8",.0,"8",.0,"8",.0,"8",0,"8",0,"8",0,"8","","",0,"8",0,"8"
"352190360","P£OCK","2006","01","04","14","1","",0,"8",0,"8","","","",5,"",0,"8",0,"8",8,"",80,"",4,"",0,"",.6,"",.0,"8","U","",6.1,"",95,"",-.1,"",1016.5,"",1030.4,"",3,1.3,"",.0,"8",0,"8","10","2","8","","6","","","/","","","/","","",0,"8",.0,"8",.0,"8","","8",0,"8","","",.0,"8",.0,"8",.0,"8",.0,"8",.0,"8",.0,"8",.0,"8",.0,"8",.0,"8",0,"8",0,"8",0,"8","","",0,"8",0,"8"
"352190360","P£OCK","2006","01","04","15","2","",0,"8",0,"8","","","",5,"",0,"8",0,"8",8,"",80,"",4,"",0,"",.6,"",.0,"8","U","",6.1,"",95,"",-.1,"",1017.4,"",1031.3,"",3,1.9,"",.0,"8",0,"8","10","7","8","","6","","","/","","","/","","",0,"8",.0,"8",.0,"8","","8",0,"8","","",.0,"8",.0,"8",.0,"8",.0,"8",.0,"8",.0,"8",.0,"8",.0,"8",.0,"8",0,"8",0,"8",0,"8","","",0,"8",0,"8"
"352190360","P£OCK","2006","01","04","16","2","",0,"8",0,"8","","","",6,"",0,"8",0,"8",8,"",80,"",4,"",0,"",.6,"",.0,"8","U","",5.9,"",93,"",-.4,"",1018.2,"",1032.1,"",2,2.3,"",.0,"8",0,"8","10","2","8","","6","","","/","","","/","","",0,"8",.0,"8",.0,"8","","8",0,"8","","",.0,"8",.0,"8",.0,"8",.0,"8",.0,"8",.0,"8",.0,"8",.0,"8",.0,"8",0,"8",0,"8",0,"8","","",0,"8",0,"8"
"352190360","P£OCK","2006","01","04","17","2","",0,"8",0,"8","","","",5,"",0,"8",0,"8",8,"",80,"",5,"",0,"",.6,"",.0,"8","U","",5.9,"",93,"",-.4,"",1018.5,"",1032.4,"",1,2.0,"",.0,"8",0,"8","10","2","8","","6","","","/","","","/","","",0,"8",.0,"8",.0,"8","","8",0,"8","","",.0,"8",.0,"8",.0,"8",.0,"8",.0,"8",.0,"8",.0,"8",.0,"8",.0,"8",0,"8",0,"8",0,"8","","",0,"8",0,"8"
"352190360","P£OCK","2006","01","04","18","2","",0,"8",0,"8","","","",6,"",0,"8",0,"8",8,"",80,"",5,"",0,"",.6,"",.0,"8","U","",5.9,"",93,"",-.4,"",1019.0,"",1032.9,"",2,1.6,"",.0,"",7,"","10","7","8","","6","","","/","","","/","","",14,"",.0,"8",.0,"8","","8",0,"8","","",.0,"8",.0,"8",.0,"8",.0,"8",.0,"8",.0,"8",.0,"8",.0,"8",.0,"8",0,"8",0,"8",0,"8","","",0,"8",0,"8"
"352190360","P£OCK","2006","01","04","19","2","",0,"8",0,"8","","","",6,"",0,"8",0,"8",8,"",80,"",5,"",0,"",.5,"",.0,"8","U","",5.9,"",93,"",-.5,"",1019.5,"",1033.4,"",3,1.3,"",.0,"8",0,"8","10","2","8","","6","","","/","","","/","","",0,"8",.0,"8",.0,"8","","8",0,"8","","",.0,"8",.0,"8",.0,"8",.0,"8",.0,"8",.0,"8",.0,"8",.0,"8",.0,"8",0,"8",0,"8",0,"8","","",0,"8",0,"8"
"352190360","P£OCK","2006","01","04","20","3","",0,"8",0,"8","","","",6,"",0,"8",0,"8",8,"",80,"",4,"",0,"",.5,"",.0,"8","U","",5.7,"",90,"",-1.0,"",1019.9,"",1033.8,"",2,1.4,"",.0,"8",0,"8","10","2","8","","6","","","/","","","/","","",0,"8",.0,"8",.0,"8","","8",0,"8","","",.0,"8",.0,"8",.0,"8",.0,"8",.0,"8",.0,"8",.0,"8",.0,"8",.0,"8",0,"8",0,"8",0,"8","","",0,"8",0,"8"
"352190360","P£OCK","2006","01","04","21","3","",0,"8",0,"8","","","",6,"",0,"8",0,"8",8,"",80,"",5,"",0,"",.2,"",.0,"8","U","",5.6,"",91,"",-1.1,"",1020.1,"",1034.1,"",1,1.1,"",.0,"8",0,"8","10","2","8","","6","","","/","","","/","","",0,"8",.0,"8",.0,"8","","8",0,"8","","",.0,"8",.0,"8",.0,"8",.0,"8",.0,"8",.0,"8",.0,"8",.0,"8",.0,"8",0,"8",0,"8",0,"8","","",0,"8",0,"8"
"352190360","P£OCK","2006","01","04","22","3","",0,"8",0,"8","","","",6,"",0,"8",0,"8",8,"",90,"",5,"",0,"",.0,"",.0,"8","U","",5.4,"",89,"",-1.6,"",1020.4,"",1034.4,"",2,.9,"",.0,"8",0,"8","10","2","8","","6","","","/","","","/","","",0,"8",.0,"8",.0,"8","","8",0,"8","","",.0,"8",.0,"8",.0,"8",.0,"8",.0,"8",.0,"8",.0,"8",.0,"8",.0,"8",0,"8",0,"8",0,"8","","",0,"8",0,"8"
"352190360","P£OCK","2006","01","04","23","3","",0,"8",0,"8","","","",6,"",0,"8",0,"8",8,"",90,"",5,"",0,"",-.2,"",.0,"8","U","",5.3,"",88,"",-1.9,"",1020.6,"",1034.6,"",2,.7,"",.0,"8",0,"8","10","2","8","","5","","","/","","","/","","",0,"8",.0,"8",.0,"8","","8",0,"8","","",.0,"8",.0,"8",.0,"8",.0,"8",.0,"8",.0,"8",.0,"8",.0,"8",.0,"8",0,"8",0,"8",0,"8","","",0,"8",0,"8"
"352190360","P£OCK","2006","01","05","00","3","",0,"8",0,"8","","","",6,"",0,"8",0,"8",8,"",90,"",4,"",0,"",-.3,"",.0,"8","U","",5.2,"",87,"",-2.2,"",1020.6,"",1034.6,"",1,.5,"",.0,"9",0,"9","10","2","8","","5","","","/","","","/","","",14,"",.0,"8",.0,"8","","8",0,"8","","",.0,"8",.0,"8",.0,"8",.0,"8",.0,"8",.0,"8",.0,"8",.0,"8",.0,"8",0,"8",0,"8",0,"8","","",0,"8",0,"8"
"352190360","P£OCK","2006","01","05","01","4","",0,"8",0,"8","","","",6,"",0,"8",0,"8",8,"",70,"",4,"",0,"",-.5,"",.0,"8","U","",5.1,"",87,"",-2.4,"",1020.8,"",1034.8,"",2,.4,"",.0,"8",0,"8","10","2","8","","5","","","/","","","/","","",0,"8",.0,"8",.0,"8","","8",0,"8","","",.0,"8",.0,"8",.0,"8",.0,"8",.0,"8",.0,"8",.0,"8",.0,"8",.0,"8",0,"8",0,"8",0,"8","","",0,"8",0,"8"
"352190360","P£OCK","2006","01","05","02","3","",0,"8",0,"8","","","",6,"",0,"8",0,"8",8,"",80,"",5,"",0,"",-.8,"",.0,"8","U","",5.1,"",89,"",-2.4,"",1020.9,"",1034.9,"",3,.3,"",.0,"8",0,"8","10","2","8","","5","","","/","","","/","","",0,"8",.0,"8",.0,"8","","8",0,"8","","",.0,"8",.0,"8",.0,"8",.0,"8",.0,"8",.0,"8",.0,"8",.0,"8",.0,"8",0,"8",0,"8",0,"8","","",0,"8",0,"8"
"352190360","P£OCK","2006","01","05","03","3","",0,"8",0,"8","","","",6,"",0,"8",0,"8",8,"",80,"",5,"",0,"",-1.0,"",.0,"8","U","",5.1,"",89,"",-2.6,"",1020.7,"",1034.7,"",0,.1,"",.0,"8",0,"8","10","2","8","","5","","","/","","","/","","",0,"8",.0,"8",.0,"8","","8",0,"8","","",.0,"8",.0,"8",.0,"8",.0,"8",.0,"8",.0,"8",.0,"8",.0,"8",.0,"8",0,"8",0,"8",0,"8","","",0,"8",0,"8"
"352190360","P£OCK","2006","01","05","04","3","",0,"8",0,"8","","","",7,"",0,"8",0,"8",8,"",80,"",6,"",0,"",-1.6,"",.0,"8","U","",4.7,"",87,"",-3.5,"",1020.9,"",1035.0,"",2,.1,"",.0,"8",0,"8","02","2","8","","5","","","/","","","/","","",0,"8",.0,"8",.0,"8","","8",0,"8","","",.0,"8",.0,"8",.0,"8",.0,"8",.0,"8",.0,"8",.0,"8",.0,"8",.0,"8",0,"8",0,"8",0,"8","","",0,"8",0,"8"
"352190360","P£OCK","2006","01","05","05","3","",0,"8",0,"8","","","",7,"",0,"8",0,"8",8,"",80,"",7,"",0,"",-2.0,"",.0,"8","U","",4.6,"",87,"",-3.9,"",1020.6,"",1034.7,"",7,-.3,"",.0,"8",0,"8","02","2","8","","5","","","/","","","/","","",0,"8",.0,"8",.0,"8","","8",0,"8","","",.0,"8",.0,"8",.0,"8",.0,"8",.0,"8",.0,"8",.0,"8",.0,"8",.0,"8",0,"8",0,"8",0,"8","","",0,"8",0,"8"
"352190360","P£OCK","2006","01","05","06","3","",0,"8",0,"8","","","",7,"",0,"8",0,"8",8,"",90,"",4,"",0,"",-2.2,"",.0,"8","U","",4.6,"",88,"",-3.9,"",1020.8,"",1034.9,"",2,.1,"",.0,"9",0,"9","02","2","8","","5","","","/","","","/","","",14,"",.0,"8",.0,"8","","8",0,"8","","",.0,"8",.0,"8",.0,"8",.0,"8",.0,"8",.0,"8",.0,"8",.0,"8",.0,"8",0,"8",0,"8",0,"8","","",0,"8",0,"8"
"352190360","P£OCK","2006","01","05","07","3","",0,"8",0,"8","","","",7,"",0,"8",0,"8",8,"",90,"",5,"",0,"",-2.4,"",.0,"8","U","",4.6,"",89,"",-4.0,"",1021.0,"",1035.1,"",3,.1,"",.0,"8",0,"8","02","2","8","","5","","","/","","","/","","",0,"8",.0,"8",.0,"8","","8",0,"8","","",.0,"8",.0,"8",.0,"8",.0,"8",.0,"8",.0,"8",.0,"8",.0,"8",.0,"8",0,"8",0,"8",0,"8","","",0,"8",0,"8"
"352190360","P£OCK","2006","01","05","08","2","",0,"8",0,"8","","","",7,"",0,"8",0,"8",8,"",90,"",5,"",0,"",-2.7,"",.0,"8","U","",4.4,"",88,"",-4.4,"",1021.2,"",1035.3,"",2,.6,"",.0,"8",0,"8","02","2","8","","6","","","/","","","/","","",0,"8",.0,"8",.0,"8","","8",0,"8","","",.0,"8",.0,"8",.0,"8",.0,"8",.0,"8",.0,"8",.0,"8",.0,"8",.0,"8",0,"8",0,"8",0,"8","","",0,"8",0,"8"
"352190360","P£OCK","2006","01","05","09","3","",0,"8",0,"8","","","",7,"",0,"8",0,"8",8,"",90,"",6,"",0,"",-3.1,"",.0,"8","U","",4.2,"",87,"",-5.0,"",1021.5,"",1035.7,"",2,.7,"",.0,"8",0,"8","01","2","8","","5","","","/","","","/","","",0,"8",.0,"8",.0,"8","","8",0,"8","","",.0,"8",.0,"8",.0,"8",.0,"8",.0,"8",.0,"8",.0,"8",.0,"8",.0,"8",0,"8",0,"8",0,"8","","",0,"8",0,"8"
"352190360","P£OCK","2006","01","05","10","3","",0,"8",0,"8","","","",7,"",0,"8",0,"8",8,"",80,"",6,"",0,"",-3.2,"",.0,"8","U","",4.3,"",89,"",-4.8,"",1021.1,"",1035.3,"",0,.1,"",.0,"8",0,"8","02","2","8","","5","","","/","","","/","","",0,"8",.0,"8",.0,"8","","8",0,"8","","",.0,"8",.0,"8",.0,"8",.0,"8",.0,"8",.0,"8",.0,"8",.0,"8",.0,"8",0,"8",0,"8",0,"8","","",0,"8",0,"8"
"352190360","P£OCK","2006","01","05","11","3","",0,"8",0,"8","","","",7,"",0,"8",0,"8",8,"",80,"",6,"",0,"",-3.1,"",.0,"8","U","",4.3,"",89,"",-4.7,"",1020.6,"",1034.7,"",8,-.6,"",.0,"8",0,"8","03","2","8","","6","","","/","","","/","","",0,"8",.0,"8",.0,"8","","8",0,"8","","",.0,"8",.0,"8",.0,"8",.0,"8",.0,"8",.0,"8",.0,"8",.0,"8",.0,"8",0,"8",0,"8",0,"8","","",0,"8",0,"8"
"352190360","P£OCK","2006","01","05","12","3","",0,"8",0,"8","","","",7,"",0,"8",0,"8",8,"",80,"",5,"",0,"",-3.3,"",.0,"8","U","",4.2,"",88,"",-5.0,"",1020.0,"",1034.1,"",8,-1.5,"",.0,"9",0,"9","02","2","8","","6","","","/","","","/","","",14,"",.0,"8",.0,"8","","8",0,"8","","",.0,"8",.0,"8",.0,"8",.0,"8",.0,"8",.0,"8",.0,"8",.0,"8",.0,"8",0,"8",0,"8",0,"8","","",0,"8",0,"8"
"352190360","P£OCK","2006","01","05","13","3","",0,"8",0,"8","","","",7,"",0,"8",0,"8",8,"",80,"",6,"",0,"",-3.3,"",.0,"8","U","",4.2,"",87,"",-5.2,"",1019.8,"",1033.9,"",7,-1.3,"",.0,"8",0,"8","01","2","8","","5","","","/","","","/","","",0,"8",.0,"8",.0,"8","","8",0,"8","","",.0,"8",.0,"8",.0,"8",.0,"8",.0,"8",.0,"8",.0,"8",.0,"8",.0,"8",0,"8",0,"8",0,"8","","",0,"8",0,"8"
"352190360","P£OCK","2006","01","05","14","4","",0,"8",0,"8","","","",7,"",0,"8",0,"8",8,"",80,"",6,"",0,"",-3.3,"",.0,"8","U","",4.1,"",85,"",-5.5,"",1019.6,"",1033.7,"",6,-1.0,"",.0,"8",0,"8","02","2","8","","5","","","/","","","/","","",0,"8",.0,"8",.0,"8","","8",0,"8","","",.0,"8",.0,"8",.0,"8",.0,"8",.0,"8",.0,"8",.0,"8",.0,"8",.0,"8",0,"8",0,"8",0,"8","","",0,"8",0,"8"
"352190360","P£OCK","2006","01","05","15","4","",0,"8",0,"8","","","",7,"",0,"8",0,"8",8,"",70,"",6,"",0,"",-3.5,"",.0,"8","U","",4.1,"",86,"",-5.5,"",1019.4,"",1033.5,"",7,-.6,"",.0,"8",0,"8","02","2","8","","5","","","/","","","/","","",0,"8",.0,"8",.0,"8","","8",0,"8","","",.0,"8",.0,"8",.0,"8",.0,"8",.0,"8",.0,"8",.0,"8",.0,"8",.0,"8",0,"8",0,"8",0,"8","","",0,"8",0,"8"
"352190360","P£OCK","2006","01","05","16","4","",0,"8",0,"8","","","",7,"",0,"8",0,"8",8,"",70,"",6,"",0,"",-3.7,"",.0,"8","U","",4.0,"",86,"",-5.7,"",1018.9,"",1033.0,"",8,-.9,"",.0,"8",0,"8","02","2","8","","5","","","/","","","/","","",0,"8",.0,"8",.0,"8","","8",0,"8","","",.0,"8",.0,"8",.0,"8",.0,"8",.0,"8",.0,"8",.0,"8",.0,"8",.0,"8",0,"8",0,"8",0,"8","","",0,"8",0,"8"
"352190360","P£OCK","2006","01","05","17","4","",0,"8",0,"8","","","",7,"",0,"8",0,"8",8,"",70,"",6,"",0,"",-3.8,"",.0,"8","U","",4.0,"",86,"",-5.8,"",1019.0,"",1033.2,"",5,-.6,"",.0,"8",0,"8","02","2","8","","5","","","/","","","/","","",0,"8",.0,"8",.0,"8","","8",0,"8","","",.0,"8",.0,"8",.0,"8",.0,"8",.0,"8",.0,"8",.0,"8",.0,"8",.0,"8",0,"8",0,"8",0,"8","","",0,"8",0,"8"
"352190360","P£OCK","2006","01","05","18","3","",0,"8",0,"8","","","",7,"",0,"8",0,"8",8,"",90,"",6,"",0,"",-3.9,"",.0,"8","U","",4.0,"",88,"",-5.6,"",1019.1,"",1033.3,"",5,-.3,"",.0,"9",0,"9","03","2","8","","6","","","/","","","/","","",14,"",.0,"8",.0,"8","","8",0,"8","","",.0,"8",.0,"8",.0,"8",.0,"8",.0,"8",.0,"8",.0,"8",.0,"8",.0,"8",0,"8",0,"8",0,"8","","",0,"8",0,"8"
"352190360","P£OCK","2006","01","05","19","3","",0,"8",0,"8","","","",7,"",0,"8",0,"8",8,"",90,"",6,"",0,"",-4.1,"",.0,"8","U","",4.0,"",89,"",-5.6,"",1018.8,"",1033.0,"",8,-.1,"",.0,"8",0,"8","02","2","8","","6","","","/","","","/","","",0,"8",.0,"8",.0,"8","","8",0,"8","","",.0,"8",.0,"8",.0,"8",.0,"8",.0,"8",.0,"8",.0,"8",.0,"8",.0,"8",0,"8",0,"8",0,"8","","",0,"8",0,"8"
"352190360","P£OCK","2006","01","05","20","2","",0,"8",0,"8","","","",7,"",0,"8",0,"8",8,"",100,"",7,"",12,"",-4.8,"",.0,"8","U","",3.9,"",90,"",-6.2,"",1018.8,"",1033.0,"",6,-.2,"",.0,"8",0,"8","02","2","8","","6","","","/","","","/","","",0,"8",.0,"8",.0,"8","","8",0,"8","","",.0,"8",.0,"8",.0,"8",.0,"8",.0,"8",.0,"8",.0,"8",.0,"8",.0,"8",0,"8",0,"8",0,"8","","",0,"8",0,"8"
"352190360","P£OCK","2006","01","05","21","2","",0,"8",0,"8","","","",7,"",0,"8",0,"8",8,"",90,"",7,"",0,"",-5.3,"",.0,"8","U","",3.7,"",90,"",-6.7,"",1019.1,"",1033.3,"",5,.0,"",.0,"8",0,"8","02","2","8","","6","","","/","","","/","","",0,"8",.0,"8",.0,"8","","8",0,"8","","",.0,"8",.0,"8",.0,"8",.0,"8",.0,"8",.0,"8",.0,"8",.0,"8",.0,"8",0,"8",0,"8",0,"8","","",0,"8",0,"8"
"352190360","P£OCK","2006","01","05","22","2","",0,"8",0,"8","","","",7,"",0,"8",0,"8",8,"",90,"",6,"",0,"",-5.2,"",.0,"8","U","",3.7,"",90,"",-6.6,"",1019.5,"",1033.7,"",3,.7,"",.0,"8",0,"8","02","2","8","","6","","","/","","","/","","",0,"8",.0,"8",.0,"8","","8",0,"8","","",.0,"8",.0,"8",.0,"8",.0,"8",.0,"8",.0,"8",.0,"8",.0,"8",.0,"8",0,"8",0,"8",0,"8","","",0,"8",0,"8"
"352190360","P£OCK","2006","01","05","23","2","",0,"8",0,"8","","","",7,"",0,"8",0,"8",8,"",90,"",5,"",0,"",-5.1,"",.0,"8","U","",3.8,"",90,"",-6.5,"",1019.4,"",1033.6,"",0,.6,"",.0,"8",0,"8","02","2","8","","6","","","/","","","/","","",0,"8",.0,"8",.0,"8","","8",0,"8","","",.0,"8",.0,"8",.0,"8",.0,"8",.0,"8",.0,"8",.0,"8",.0,"8",.0,"8",0,"8",0,"8",0,"8","","",0,"8",0,"8"
"352190360","P£OCK","2006","01","06","00","3","",0,"8",0,"8","","","",7,"",0,"8",0,"8",8,"",70,"",4,"",0,"",-4.8,"",.0,"8","U","",3.8,"",88,"",-6.5,"",1019.1,"",1033.3,"",0,.0,"",.0,"9",0,"9","02","2","8","","6","","","/","","","/","","",14,"",.0,"8",.0,"8","","8",0,"8","","",.0,"8",.0,"8",.0,"8",.0,"8",.0,"8",.0,"8",.0,"8",.0,"8",.0,"8",0,"8",0,"8",0,"8","","",0,"8",0,"8"
"352190360","P£OCK","2006","01","06","01","3","",0,"8",0,"8","","","",7,"",0,"8",0,"8",8,"",70,"",4,"",0,"",-4.6,"",.0,"8","U","",3.8,"",88,"",-6.3,"",1018.8,"",1033.0,"",8,-.7,"",.0,"8",0,"8","02","2","8","","6","","","/","","","/","","",0,"8",.0,"8",.0,"8","","8",0,"8","","",.0,"8",.0,"8",.0,"8",.0,"8",.0,"8",.0,"8",.0,"8",.0,"8",.0,"8",0,"8",0,"8",0,"8","","",0,"8",0,"8"
"352190360","P£OCK","2006","01","06","02","3","",0,"8",0,"8","","","",7,"",0,"8",0,"8",8,"",70,"",4,"",0,"",-4.2,"",.0,"8","U","",4.0,"",89,"",-5.7,"",1018.5,"",1032.7,"",7,-.9,"",.0,"8",0,"8","02","2","8","","6","","","/","","","/","","",0,"8",.0,"8",.0,"8","","8",0,"8","","",.0,"8",.0,"8",.0,"8",.0,"8",.0,"8",.0,"8",.0,"8",.0,"8",.0,"8",0,"8",0,"8",0,"8","","",0,"8",0,"8"
"352190360","P£OCK","2006","01","06","03","3","",0,"8",0,"8","","","",7,"",0,"8",0,"8",8,"",70,"",5,"",0,"",-3.6,"",.0,"8","U","",4.2,"",90,"",-5.0,"",1018.3,"",1032.4,"",7,-.8,"",.0,"8",0,"8","02","2","8","","6","","","/","","","/","","",0,"8",.0,"8",.0,"8","","8",0,"8","","",.0,"8",.0,"8",.0,"8",.0,"8",.0,"8",.0,"8",.0,"8",.0,"8",.0,"8",0,"8",0,"8",0,"8","","",0,"8",0,"8"
"352190360","P£OCK","2006","01","06","04","3","",0,"8",0,"8","","","",7,"",0,"8",0,"8",8,"",80,"",4,"",0,"",-3.0,"",.0,"8","U","",4.4,"",90,"",-4.4,"",1018.1,"",1032.2,"",7,-.7,"",.0,"8",0,"8","02","2","8","","6","","","/","","","/","","",0,"8",.0,"8",.0,"8","","8",0,"8","","",.0,"8",.0,"8",.0,"8",.0,"8",.0,"8",.0,"8",.0,"8",.0,"8",.0,"8",0,"8",0,"8",0,"8","","",0,"8",0,"8"
"352190360","P£OCK","2006","01","06","05","2","",0,"8",0,"8","","","",6,"",0,"8",0,"8",8,"",80,"",5,"",0,"",-2.5,"",.0,"8","U","",4.7,"",92,"",-3.6,"",1018.2,"",1032.3,"",5,-.3,"",.0,"8",0,"8","10","2","8","","6","","","/","","","/","","",0,"8",.0,"8",.0,"8","","8",0,"8","","",.0,"8",.0,"8",.0,"8",.0,"8",.0,"8",.0,"8",.0,"8",.0,"8",.0,"8",0,"8",0,"8",0,"8","","",0,"8",0,"8"
"352190360","P£OCK","2006","01","06","06","3","",0,"8",0,"8","","","",7,"",0,"8",0,"8",8,"",80,"",6,"",0,"",-2.1,"",.0,"8","U","",4.7,"",89,"",-3.7,"",1018.2,"",1032.3,"",6,-.1,"",.0,"9",0,"9","02","2","8","","6","","","/","","","/","","",14,"",.0,"8",.0,"8","","8",0,"8","","",.0,"8",.0,"8",.0,"8",.0,"8",.0,"8",.0,"8",.0,"8",.0,"8",.0,"8",0,"8",0,"8",0,"8","","",0,"8",0,"8"
"352190360","P£OCK","2006","01","06","07","3","",0,"8",0,"8","","","",8,"",0,"8",0,"8",8,"",80,"",6,"",0,"",-2.3,"",.0,"8","U","",4.5,"",87,"",-4.2,"",1018.7,"",1032.8,"",2,.6,"",.0,"8",0,"8","02","2","8","","6","","","/","","","/","","",0,"8",.0,"8",.0,"8","","8",0,"8","","",.0,"8",.0,"8",.0,"8",.0,"8",.0,"8",.0,"8",.0,"8",.0,"8",.0,"8",0,"8",0,"8",0,"8","","",0,"8",0,"8"
"352190360","P£OCK","2006","01","06","08","3","",0,"8",0,"8","","","",7,"",0,"8",0,"8",8,"",80,"",7,"",12,"",-2.9,"",.0,"8","U","",4.4,"",89,"",-4.5,"",1019.1,"",1033.2,"",3,.9,"",.0,"8",0,"8","02","2","8","","6","","","/","","","/","","",0,"8",.0,"8",.0,"8","","8",0,"8","","",.0,"8",.0,"8",.0,"8",.0,"8",.0,"8",.0,"8",.0,"8",.0,"8",.0,"8",0,"8",0,"8",0,"8","","",0,"8",0,"8"
"352190360","P£OCK","2006","01","06","09","2","",0,"8",0,"8","","","",7,"",0,"8",0,"8",8,"",80,"",5,"",0,"",-3.6,"",.0,"8","U","",4.3,"",91,"",-4.9,"",1019.7,"",1033.9,"",2,1.5,"",.0,"8",0,"8","77","2","8","","6","","","/","","","/","","",0,"8",.0,"8",.0,"8","","8",0,"8","","",.0,"8",.0,"8",.0,"8",.0,"8",.0,"8",.0,"8",.0,"8",.0,"8",.0,"8",0,"8",0,"8",0,"8","","",0,"8",0,"8"
"352190360","P£OCK","2006","01","06","10","2","",0,"8",0,"8","","","",7,"",0,"8",0,"8",8,"",70,"",4,"",0,"",-3.7,"",.0,"8","U","",4.1,"",89,"",-5.2,"",1019.7,"",1033.9,"",1,1.0,"",.0,"8",0,"8","20","7","8","","6","","","/","","","/","","",0,"8",.0,"8",.0,"8","","8",0,"8","","",.0,"8",.0,"8",.0,"8",.0,"8",.0,"8",.0,"8",.0,"8",.0,"8",.0,"8",0,"8",0,"8",0,"8","","",0,"8",0,"8"
"352190360","P£OCK","2006","01","06","11","2","",0,"8",0,"8","","","",7,"",0,"8",0,"8",8,"",70,"",5,"",0,"",-3.2,"",.0,"8","U","",4.2,"",87,"",-5.1,"",1019.5,"",1033.6,"",0,.4,"",.0,"8",0,"8","02","2","8","","6","","","/","","","/","","",0,"8",.0,"8",.0,"8","","8",0,"8","","",.0,"8",.0,"8",.0,"8",.0,"8",.0,"8",.0,"8",.0,"8",.0,"8",.0,"8",0,"8",0,"8",0,"8","","",0,"8",0,"8"
"352190360","P£OCK","2006","01","06","12","3","",0,"8",0,"8","","","",7,"",0,"8",0,"8",8,"",70,"",5,"",0,"",-3.1,"",.0,"8","U","",4.2,"",87,"",-5.0,"",1019.2,"",1033.3,"",8,-.5,"",.0,"",7,"","02","7","8","","6","","","/","","","/","","",14,"",.0,"8",.0,"8","","8",0,"8","","",.0,"8",.0,"8",.0,"8",.0,"8",.0,"8",.0,"8",.0,"8",.0,"8",.0,"8",0,"8",0,"8",0,"8","","",0,"8",0,"8"
"352190360","P£OCK","2006","01","06","13","3","",0,"8",0,"8","","","",7,"",0,"8",0,"8",8,"",70,"",5,"",0,"",-3.1,"",.0,"8","U","",4.2,"",87,"",-5.0,"",1019.3,"",1033.4,"",5,-.4,"",.0,"8",0,"8","02","2","8","","6","","","/","","","/","","",0,"8",.0,"8",.0,"8","","8",0,"8","","",.0,"8",.0,"8",.0,"8",.0,"8",.0,"8",.0,"8",.0,"8",.0,"8",.0,"8",0,"8",0,"8",0,"8","","",0,"8",0,"8"
"352190360","P£OCK","2006","01","06","14","3","",0,"8",0,"8","","","",7,"",0,"8",0,"8",8,"",80,"",5,"",0,"",-3.3,"",.0,"8","U","",4.2,"",87,"",-5.2,"",1019.1,"",1033.2,"",7,-.4,"",.0,"8",0,"8","02","2","8","","6","","","/","","","/","","",0,"8",.0,"8",.0,"8","","8",0,"8","","",.0,"8",.0,"8",.0,"8",.0,"8",.0,"8",.0,"8",.0,"8",.0,"8",.0,"8",0,"8",0,"8",0,"8","","",0,"8",0,"8"
"352190360","P£OCK","2006","01","06","15","3","",0,"8",0,"8","","","",7,"",0,"8",0,"8",8,"",80,"",5,"",0,"",-3.4,"",.0,"8","U","",4.2,"",88,"",-5.1,"",1019.2,"",1033.3,"",4,.0,"",.0,"8",0,"8","02","2","8","","6","","","/","","","/","","",0,"8",.0,"8",.0,"8","","8",0,"8","","",.0,"8",.0,"8",.0,"8",.0,"8",.0,"8",.0,"8",.0,"8",.0,"8",.0,"8",0,"8",0,"8",0,"8","","",0,"8",0,"8"
"352190360","P£OCK","2006","01","06","16","3","",0,"8",0,"8","","","",7,"",0,"8",0,"8",8,"",70,"",4,"",0,"",-3.5,"",.0,"8","U","",4.3,"",90,"",-4.9,"",1019.4,"",1033.5,"",3,.1,"",.0,"8",0,"8","02","2","8","","6","","","/","","","/","","",0,"8",.0,"8",.0,"8","","8",0,"8","","",.0,"8",.0,"8",.0,"8",.0,"8",.0,"8",.0,"8",.0,"8",.0,"8",.0,"8",0,"8",0,"8",0,"8","","",0,"8",0,"8"
"352190360","P£OCK","2006","01","06","17","2","",0,"8",0,"8","","","",7,"",0,"8",0,"8",8,"",80,"",5,"",0,"",-3.4,"",.0,"8","U","",4.2,"",89,"",-5.0,"",1019.6,"",1033.7,"",2,.5,"",.0,"8",0,"8","02","2","8","","6","","","/","","","/","","",0,"8",.0,"8",.0,"8","","8",0,"8","","",.0,"8",.0,"8",.0,"8",.0,"8",.0,"8",.0,"8",.0,"8",.0,"8",.0,"8",0,"8",0,"8",0,"8","","",0,"8",0,"8"
"352190360","P£OCK","2006","01","06","18","2","",0,"8",0,"8","","","",7,"",0,"8",0,"8",8,"",90,"",5,"",0,"",-3.5,"",.0,"8","U","",4.2,"",88,"",-5.2,"",1020.0,"",1034.2,"",3,.8,"",.0,"9",0,"9","02","2","8","","6","","","/","","","/","","",14,"",.0,"8",.0,"8","","8",0,"8","","",.0,"8",.0,"8",.0,"8",.0,"8",.0,"8",.0,"8",.0,"8",.0,"8",.0,"8",0,"8",0,"8",0,"8","","",0,"8",0,"8"
"352190360","P£OCK","2006","01","06","19","3","",0,"8",0,"8","","","",7,"",0,"8",0,"8",8,"",90,"",5,"",0,"",-3.6,"",.0,"8","U","",4.1,"",88,"",-5.3,"",1020.1,"",1034.3,"",2,.7,"",.0,"8",0,"8","02","2","8","","6","","","/","","","/","","",0,"8",.0,"8",.0,"8","","8",0,"8","","",.0,"8",.0,"8",.0,"8",.0,"8",.0,"8",.0,"8",.0,"8",.0,"8",.0,"8",0,"8",0,"8",0,"8","","",0,"8",0,"8"
"352190360","P£OCK","2006","01","06","20","3","",0,"8",0,"8","","","",7,"",0,"8",0,"8",8,"",100,"",5,"",0,"",-3.9,"",.0,"8","U","",4.1,"",89,"",-5.4,"",1020.3,"",1034.5,"",2,.7,"",.0,"8",0,"8","02","2","8","","6","","","/","","","/","","",0,"8",.0,"8",.0,"8","","8",0,"8","","",.0,"8",.0,"8",.0,"8",.0,"8",.0,"8",.0,"8",.0,"8",.0,"8",.0,"8",0,"8",0,"8",0,"8","","",0,"8",0,"8"
"352190360","P£OCK","2006","01","06","21","3","",0,"8",0,"8","","","",7,"",0,"8",0,"8",8,"",90,"",4,"",0,"",-4.2,"",.0,"8","U","",4.0,"",89,"",-5.7,"",1020.5,"",1034.7,"",2,.5,"",.0,"8",0,"8","02","2","8","","6","","","/","","","/","","",0,"8",.0,"8",.0,"8","","8",0,"8","","",.0,"8",.0,"8",.0,"8",.0,"8",.0,"8",.0,"8",.0,"8",.0,"8",.0,"8",0,"8",0,"8",0,"8","","",0,"8",0,"8"
"352190360","P£OCK","2006","01","06","22","2","",0,"8",0,"8","","","",6,"",0,"8",0,"8",8,"",90,"",4,"",0,"",-4.3,"",.0,"8","U","",4.0,"",90,"",-5.7,"",1020.6,"",1034.8,"",2,.5,"",.0,"8",0,"8","10","2","8","","6","","","/","","","/","","",0,"8",.0,"8",.0,"8","","8",0,"8","","",.0,"8",.0,"8",.0,"8",.0,"8",.0,"8",.0,"8",.0,"8",.0,"8",.0,"8",0,"8",0,"8",0,"8","","",0,"8",0,"8"
"352190360","P£OCK","2006","01","06","23","2","",0,"8",0,"8","","","",6,"",0,"8",0,"8",8,"",80,"",5,"",0,"",-4.7,"",.0,"8","U","",3.9,"",90,"",-6.1,"",1020.8,"",1035.0,"",2,.5,"",.0,"8",0,"8","10","2","8","","6","","","/","","","/","","",0,"8",.0,"8",.0,"8","","8",0,"8","","",.0,"8",.0,"8",.0,"8",.0,"8",.0,"8",.0,"8",.0,"8",.0,"8",.0,"8",0,"8",0,"8",0,"8","","",0,"8",0,"8"
"352190360","P£OCK","2006","01","07","00","2","",0,"8",0,"8","","","",6,"",0,"8",0,"8",8,"",100,"",5,"",0,"",-4.7,"",.0,"8","U","",3.9,"",91,"",-5.9,"",1021.0,"",1035.2,"",2,.5,"",.0,"9",0,"9","10","2","8","","6","","","/","","","/","","",14,"",.0,"8",.0,"8","","8",0,"8","","",.0,"8",.0,"8",.0,"8",.0,"8",.0,"8",.0,"8",.0,"8",.0,"8",.0,"8",0,"8",0,"8",0,"8","","",0,"8",0,"8"
"352190360","P£OCK","2006","01","07","01","2","",0,"8",0,"8","","","",6,"",0,"8",0,"8",8,"",100,"",4,"",0,"",-4.6,"",.0,"8","U","",4.0,"",91,"",-5.8,"",1021.5,"",1035.7,"",3,.9,"",.0,"8",0,"8","10","2","8","","6","","","/","","","/","","",0,"8",.0,"8",.0,"8","","8",0,"8","","",.0,"8",.0,"8",.0,"8",.0,"8",.0,"8",.0,"8",.0,"8",.0,"8",.0,"8",0,"8",0,"8",0,"8","","",0,"8",0,"8"
"352190360","P£OCK","2006","01","07","02","2","",0,"8",0,"8","","","",6,"",0,"8",0,"8",8,"",90,"",5,"",0,"",-4.6,"",.0,"8","U","",4.0,"",92,"",-5.7,"",1021.6,"",1035.8,"",2,.8,"",.0,"8",0,"8","10","2","8","","6","","","/","","","/","","",0,"8",.0,"8",.0,"8","","8",0,"8","","",.0,"8",.0,"8",.0,"8",.0,"8",.0,"8",.0,"8",.0,"8",.0,"8",.0,"8",0,"8",0,"8",0,"8","","",0,"8",0,"8"
"352190360","P£OCK","2006","01","07","03","2","",0,"8",0,"8","","","",6,"",0,"8",0,"8",8,"",90,"",4,"",0,"",-4.6,"",.0,"8","U","",4.0,"",93,"",-5.6,"",1021.8,"",1036.0,"",2,.8,"",.0,"8",0,"8","10","2","8","","6","","","/","","","/","","",0,"8",.0,"8",.0,"8","","8",0,"8","","",.0,"8",.0,"8",.0,"8",.0,"8",.0,"8",.0,"8",.0,"8",.0,"8",.0,"8",0,"8",0,"8",0,"8","","",0,"8",0,"8"
"352190360","P£OCK","2006","01","07","04","2","",0,"8",0,"8","","","",6,"",0,"8",0,"8",8,"",90,"",4,"",0,"",-4.4,"",.0,"8","U","",4.1,"",93,"",-5.4,"",1021.8,"",1036.0,"",1,.3,"",.0,"8",0,"8","10","2","8","","6","","","/","","","/","","",0,"8",.0,"8",.0,"8","","8",0,"8","","",.0,"8",.0,"8",.0,"8",.0,"8",.0,"8",.0,"8",.0,"8",.0,"8",.0,"8",0,"8",0,"8",0,"8","","",0,"8",0,"8"
"352190360","P£OCK","2006","01","07","05","2","",0,"8",0,"8","","","",6,"",0,"8",0,"8",8,"",90,"",4,"",0,"",-4.3,"",.0,"8","U","",4.0,"",91,"",-5.5,"",1022.2,"",1036.4,"",2,.6,"",.0,"8",0,"8","10","2","8","","6","","","/","","","/","","",0,"8",.0,"8",.0,"8","","8",0,"8","","",.0,"8",.0,"8",.0,"8",.0,"8",.0,"8",.0,"8",.0,"8",.0,"8",.0,"8",0,"8",0,"8",0,"8","","",0,"8",0,"8"
"352190360","P£OCK","2006","01","07","06","2","",0,"8",0,"8","","","",6,"",0,"8",0,"8",8,"",90,"",4,"",0,"",-4.2,"",.0,"8","U","",4.1,"",91,"",-5.5,"",1022.8,"",1037.0,"",3,1.0,"",.0,"9",0,"9","10","2","8","","6","","","/","","","/","","",14,"",.0,"8",.0,"8","","8",0,"8","","",.0,"8",.0,"8",.0,"8",.0,"8",.0,"8",.0,"8",.0,"8",.0,"8",.0,"8",0,"8",0,"8",0,"8","","",0,"8",0,"8"
"352190360","P£OCK","2006","01","07","07","2","",0,"8",0,"8","","","",6,"",0,"8",0,"8",8,"",100,"",4,"",0,"",-4.2,"",.0,"8","U","",4.0,"",90,"",-5.6,"",1023.4,"",1037.6,"",3,1.6,"",.0,"8",0,"8","10","2","8","","6","","","/","","","/","","",0,"8",.0,"8",.0,"8","","8",0,"8","","",.0,"8",.0,"8",.0,"8",.0,"8",.0,"8",.0,"8",.0,"8",.0,"8",.0,"8",0,"8",0,"8",0,"8","","",0,"8",0,"8"
"352190360","P£OCK","2006","01","07","08","3","",0,"8",0,"8","","","",6,"",0,"8",0,"8",8,"",90,"",4,"",0,"",-4.4,"",.0,"8","U","",3.8,"",87,"",-6.2,"",1023.8,"",1038.1,"",1,1.6,"",.0,"8",0,"8","10","2","8","","6","","","/","","","/","","",0,"8",.0,"8",.0,"8","","8",0,"8","","",.0,"8",.0,"8",.0,"8",.0,"8",.0,"8",.0,"8",.0,"8",.0,"8",.0,"8",0,"8",0,"8",0,"8","","",0,"8",0,"8"
"352190360","P£OCK","2006","01","07","09","4","",0,"8",0,"8","","","",6,"",0,"8",0,"8",5,"",100,"",4,"",0,"",-5.0,"",.0,"8","U","",3.5,"",84,"",-7.3,"",1024.2,"",1038.5,"",1,1.4,"",.0,"8",0,"8","10","2","5","","5","","","0","","","0","","",0,"8",.0,"8",.0,"8","","8",0,"8","","",.0,"8",.0,"8",.0,"8",.0,"8",.0,"8",.0,"8",.0,"8",.0,"8",.0,"8",0,"8",0,"8",0,"8","","",0,"8",0,"8"
"352190360","P£OCK","2006","01","07","10","9","",0,"8",0,"8","","","",6,"",0,"8",0,"8",0,"",80,"",3,"",0,"",-4.9,"",.0,"8","U","",3.4,"",81,"",-7.7,"",1024.2,"",1038.5,"",1,.8,"",.0,"8",0,"8","10","1","0","","0","","","0","","","0","","",0,"8",.0,"8",.0,"8","","8",0,"8","","",.0,"8",.0,"8",.0,"8",.0,"8",.0,"8",.0,"8",.0,"8",.0,"8",.0,"8",0,"8",0,"8",0,"8","","",0,"8",0,"8"
"352190360","P£OCK","2006","01","07","11","9","",0,"8",0,"8","","","",6,"",0,"8",0,"8",0,"",80,"",3,"",0,"",-5.1,"",.0,"8","U","",3.4,"",80,"",-8.0,"",1024.1,"",1038.4,"",0,.3,"",.0,"8",0,"8","10","0","0","","0","","","0","","","0","","",0,"8",.0,"8",.0,"8","","8",0,"8","","",.0,"8",.0,"8",.0,"8",.0,"8",.0,"8",.0,"8",.0,"8",.0,"8",.0,"8",0,"8",0,"8",0,"8","","",0,"8",0,"8"
"352190360","P£OCK","2006","01","07","12","9","",0,"8",0,"8","","","",6,"",0,"8",0,"8",0,"",70,"",4,"",0,"",-5.1,"",.0,"8","U","",3.3,"",79,"",-8.2,"",1024.0,"",1038.3,"",8,-.2,"",.0,"9",0,"9","10","1","0","","0","","","0","","","0","","",14,"",.0,"8",.0,"8","","8",0,"8","","",.0,"8",.0,"8",.0,"8",.0,"8",.0,"8",.0,"8",.0,"8",.0,"8",.0,"8",0,"8",0,"8",0,"8","","",0,"8",0,"8"
"352190360","P£OCK","2006","01","07","13","9","",0,"8",0,"8","","","",6,"",0,"8",0,"8",0,"",70,"",3,"",0,"",-5.1,"",.0,"8","U","",3.2,"",77,"",-8.5,"",1023.9,"",1038.2,"",7,-.3,"",.0,"8",0,"8","10","0","0","","0","","","0","","","0","","",0,"8",.0,"8",.0,"8","","8",0,"8","","",.0,"8",.0,"8",.0,"8",.0,"8",.0,"8",.0,"8",.0,"8",.0,"8",.0,"8",0,"8",0,"8",0,"8","","",0,"8",0,"8"
"352190360","P£OCK","2006","01","07","14","9","",0,"8",0,"8","","","",6,"",0,"8",0,"8",0,"",70,"",3,"",0,"",-6.1,"",.0,"8","U","",3.0,"",78,"",-9.3,"",1024.2,"",1038.6,"",3,.1,"",.0,"8",0,"8","10","0","0","","0","","","0","","","0","","",0,"8",.0,"8",.0,"8","","8",0,"8","","",.0,"8",.0,"8",.0,"8",.0,"8",.0,"8",.0,"8",.0,"8",.0,"8",.0,"8",0,"8",0,"8",0,"8","","",0,"8",0,"8"
"352190360","P£OCK","2006","01","07","15","9","",0,"8",0,"8","","","",6,"",0,"8",0,"8",0,"",70,"",2,"",0,"",-7.4,"",.0,"8","U","",2.8,"",81,"",-10.1,"",1024.3,"",1038.7,"",3,.3,"",.0,"8",0,"8","10","0","0","","0","","","0","","","0","","",0,"8",.0,"8",.0,"8","","8",0,"8","","",.0,"8",.0,"8",.0,"8",.0,"8",.0,"8",.0,"8",.0,"8",.0,"8",.0,"8",0,"8",0,"8",0,"8","","",0,"8",0,"8"
"352190360","P£OCK","2006","01","07","16","9","",0,"8",0,"8","","","",6,"",0,"8",0,"8",0,"",70,"",3,"",0,"",-8.1,"",.0,"8","U","",2.8,"",83,"",-10.5,"",1024.3,"",1038.8,"",1,.4,"",.0,"8",0,"8","10","0","0","","0","","","0","","","0","","",0,"8",.0,"8",.0,"8","","8",0,"8","","",.0,"8",.0,"8",.0,"8",.0,"8",.0,"8",.0,"8",.0,"8",.0,"8",.0,"8",0,"8",0,"8",0,"8","","",0,"8",0,"8"
"352190360","P£OCK","2006","01","07","17","9","",0,"8",0,"8","","","",6,"",0,"8",0,"8",0,"",80,"",3,"",0,"",-8.6,"",.0,"8","U","",2.7,"",83,"",-11.0,"",1024.7,"",1039.2,"",2,.5,"",.0,"8",0,"8","10","0","0","","0","","","0","","","0","","",0,"8",.0,"8",.0,"8","","8",0,"8","","",.0,"8",.0,"8",.0,"8",.0,"8",.0,"8",.0,"8",.0,"8",.0,"8",.0,"8",0,"8",0,"8",0,"8","","",0,"8",0,"8"
"352190360","P£OCK","2006","01","07","18","9","",0,"8",0,"8","","","",6,"",0,"8",0,"8",0,"",70,"",2,"",0,"",-9.0,"",.0,"8","U","",2.5,"",82,"",-11.5,"",1024.9,"",1039.4,"",3,.6,"",.0,"9",0,"9","10","0","0","","0","","","0","","","0","","",14,"",.0,"8",.0,"8","","8",0,"8","","",.0,"8",.0,"8",.0,"8",.0,"8",.0,"8",.0,"8",.0,"8",.0,"8",.0,"8",0,"8",0,"8",0,"8","","",0,"8",0,"8"
"352190360","P£OCK","2006","01","07","19","9","",0,"8",0,"8","","","",6,"",0,"8",0,"8",0,"",70,"",2,"",0,"",-10.5,"",.0,"8","U","",2.4,"",86,"",-12.4,"",1025.1,"",1039.7,"",1,.8,"",.0,"8",0,"8","10","0","0","","0","","","0","","","0","","",0,"8",.0,"8",.0,"8","","8",0,"8","","",.0,"8",.0,"8",.0,"8",.0,"8",.0,"8",.0,"8",.0,"8",.0,"8",.0,"8",0,"8",0,"8",0,"8","","",0,"8",0,"8"
"352190360","P£OCK","2006","01","07","20","9","",0,"8",0,"8","","","",6,"",0,"8",0,"8",0,"",80,"",3,"",0,"",-9.8,"",.0,"8","U","",2.5,"",85,"",-11.8,"",1025.2,"",1039.8,"",2,.5,"",.0,"8",0,"8","10","0","0","","0","","","0","","","0","","",0,"8",.0,"8",.0,"8","","8",0,"8","","",.0,"8",.0,"8",.0,"8",.0,"8",.0,"8",.0,"8",.0,"8",.0,"8",.0,"8",0,"8",0,"8",0,"8","","",0,"8",0,"8"
"352190360","P£OCK","2006","01","07","21","9","",0,"8",0,"8","","","",6,"",0,"8",0,"8",0,"",70,"",2,"",0,"",-10.5,"",.0,"8","U","",2.3,"",83,"",-12.8,"",1025.4,"",1040.0,"",2,.5,"",.0,"8",0,"8","10","0","0","","0","","","0","","","0","","",0,"8",.0,"8",.0,"8","","8",0,"8","","",.0,"8",.0,"8",.0,"8",.0,"8",.0,"8",.0,"8",.0,"8",.0,"8",.0,"8",0,"8",0,"8",0,"8","","",0,"8",0,"8"
"352190360","P£OCK","2006","01","07","22","9","",0,"8",0,"8","","","",6,"",0,"8",0,"8",0,"",80,"",2,"",0,"",-10.4,"",.0,"8","U","",2.3,"",84,"",-12.6,"",1025.6,"",1040.2,"",2,.5,"",.0,"8",0,"8","10","0","0","","0","","","0","","","0","","",0,"8",.0,"8",.0,"8","","8",0,"8","","",.0,"8",.0,"8",.0,"8",.0,"8",.0,"8",.0,"8",.0,"8",.0,"8",.0,"8",0,"8",0,"8",0,"8","","",0,"8",0,"8"
"352190360","P£OCK","2006","01","07","23","9","",0,"8",0,"8","","","",6,"",0,"8",0,"8",0,"",60,"",3,"",0,"",-11.2,"",.0,"8","U","",2.2,"",86,"",-13.1,"",1025.6,"",1040.3,"",1,.4,"",.0,"8",0,"8","10","0","0","","0","","","0","","","0","","",0,"8",.0,"8",.0,"8","","8",0,"8","","",.0,"8",.0,"8",.0,"8",.0,"8",.0,"8",.0,"8",.0,"8",.0,"8",.0,"8",0,"8",0,"8",0,"8","","",0,"8",0,"8"
"352190360","P£OCK","2006","01","08","00","9","",0,"8",0,"8","","","",6,"",0,"8",0,"8",0,"",60,"",2,"",0,"",-11.7,"",.0,"8","U","",2.1,"",84,"",-13.9,"",1025.6,"",1040.3,"",1,.2,"",.0,"9",0,"9","10","0","0","","0","","","0","","","0","","",14,"",.0,"8",.0,"8","","8",0,"8","","",.0,"8",.0,"8",.0,"8",.0,"8",.0,"8",.0,"8",.0,"8",.0,"8",.0,"8",0,"8",0,"8",0,"8","","",0,"8",0,"8"
"352190360","P£OCK","2006","01","08","01","9","",0,"8",0,"8","","","",6,"",0,"8",0,"8",0,"",70,"",2,"",0,"",-12.4,"",.0,"8","U","",2.1,"",87,"",-14.1,"",1025.7,"",1040.4,"",3,.1,"",.0,"8",0,"8","10","0","0","","0","","","0","","","0","","",0,"8",.0,"8",.0,"8","","8",0,"8","","",.0,"8",.0,"8",.0,"8",.0,"8",.0,"8",.0,"8",.0,"8",.0,"8",.0,"8",0,"8",0,"8",0,"8","","",0,"8",0,"8"
"352190360","P£OCK","2006","01","08","02","9","",0,"8",0,"8","","","",6,"",0,"8",0,"8",0,"",70,"",2,"",0,"",-13.5,"",.0,"8","U","",1.9,"",86,"",-15.3,"",1025.6,"",1040.4,"",0,.0,"",.0,"8",0,"8","10","0","0","","0","","","0","","","0","","",0,"8",.0,"8",.0,"8","","8",0,"8","","",.0,"8",.0,"8",.0,"8",.0,"8",.0,"8",.0,"8",.0,"8",.0,"8",.0,"8",0,"8",0,"8",0,"8","","",0,"8",0,"8"
"352190360","P£OCK","2006","01","08","03","9","",0,"8",0,"8","","","",6,"",0,"8",0,"8",0,"",70,"",2,"",0,"",-13.8,"",.0,"8","U","",1.8,"",86,"",-15.6,"",1025.4,"",1040.2,"",8,-.2,"",.0,"8",0,"8","10","0","0","","0","","","0","","","0","","",0,"8",.0,"8",.0,"8","","8",0,"8","","",.0,"8",.0,"8",.0,"8",.0,"8",.0,"8",.0,"8",.0,"8",.0,"8",.0,"8",0,"8",0,"8",0,"8","","",0,"8",0,"8"
"352190360","P£OCK","2006","01","08","04","9","",0,"8",0,"8","","","",6,"",0,"8",0,"8",0,"",0,"",0,"",0,"",-13.8,"",.0,"8","U","",1.8,"",87,"",-15.5,"",1025.1,"",1039.9,"",8,-.6,"",.0,"8",0,"8","10","0","0","","0","","","0","","","0","","",0,"8",.0,"8",.0,"8","","8",0,"8","","",.0,"8",.0,"8",.0,"8",.0,"8",.0,"8",.0,"8",.0,"8",.0,"8",.0,"8",0,"8",0,"8",0,"8","","",0,"8",0,"8"
"352190360","P£OCK","2006","01","08","05","9","",0,"8",0,"8","","","",6,"",0,"8",0,"8",0,"",50,"",1,"",0,"",-14.7,"",.0,"8","U","",1.7,"",87,"",-16.4,"",1025.3,"",1040.1,"",5,-.3,"",.0,"8",0,"8","10","0","0","","0","","","0","","","0","","",0,"8",.0,"8",.0,"8","","8",0,"8","","",.0,"8",.0,"8",.0,"8",.0,"8",.0,"8",.0,"8",.0,"8",.0,"8",.0,"8",0,"8",0,"8",0,"8","","",0,"8",0,"8"
"352190360","P£OCK","2006","01","08","06","9","",0,"8",0,"8","","","",6,"",0,"8",0,"8",1,"",60,"",2,"",0,"",-15.8,"",.0,"8","U","",1.5,"",86,"",-17.6,"",1025.6,"",1040.5,"",3,.2,"",.0,"9",0,"9","10","0","1","","0","","","3","","","0","","",14,"",.0,"8",.0,"8","","8",0,"8","","",.0,"8",.0,"8",.0,"8",.0,"8",.0,"8",.0,"8",.0,"8",.0,"8",.0,"8",0,"8",0,"8",0,"8","","",0,"8",0,"8"
"352190360","P£OCK","2006","01","08","07","9","",0,"8",0,"8","","","",6,"",0,"8",0,"8",1,"",70,"",2,"",0,"",-15.2,"",.0,"8","U","",1.6,"",87,"",-16.9,"",1026.1,"",1041.0,"",3,1.0,"",.0,"8",0,"8","10","0","1","","0","","","3","","","0","","",0,"8",.0,"8",.0,"8","","8",0,"8","","",.0,"8",.0,"8",.0,"8",.0,"8",.0,"8",.0,"8",.0,"8",.0,"8",.0,"8",0,"8",0,"8",0,"8","","",0,"8",0,"8"
"352190360","P£OCK","2006","01","08","08","9","",0,"8",0,"8","","","",6,"",0,"8",0,"8",1,"",80,"",2,"",0,"",-13.5,"",.0,"8","U","",1.9,"",88,"",-15.1,"",1026.2,"",1041.0,"",2,.9,"",.0,"8",0,"8","10","0","1","","0","","","3","","","0","","",0,"8",.0,"8",.0,"8","","8",0,"8","","",.0,"8",.0,"8",.0,"8",.0,"8",.0,"8",.0,"8",.0,"8",.0,"8",.0,"8",0,"8",0,"8",0,"8","","",0,"8",0,"8"
"352190360","P£OCK","2006","01","08","09","9","",0,"8",0,"8","","","",6,"",0,"8",0,"8",1,"",90,"",1,"",0,"",-10.5,"",.0,"8","U","",2.2,"",79,"",-13.4,"",1026.5,"",1041.1,"",2,.9,"",.0,"8",0,"8","10","0","1","","0","","","3","","","0","","",0,"8",.0,"8",.0,"8","","8",0,"8","","",.0,"8",.0,"8",.0,"8",.0,"8",.0,"8",.0,"8",.0,"8",.0,"8",.0,"8",0,"8",0,"8",0,"8","","",0,"8",0,"8"
"352190360","P£OCK","2006","01","08","10","9","",0,"8",0,"8","","","",6,"",0,"8",0,"8",1,"",100,"",1,"",0,"",-7.7,"",.0,"8","U","",2.4,"",69,"",-12.4,"",1026.6,"",1041.1,"",2,.5,"",.0,"8",0,"8","10","0","1","","0","","","3","","","0","","",0,"8",.0,"8",.0,"8","","8",0,"8","","",.0,"8",.0,"8",.0,"8",.0,"8",.0,"8",.0,"8",.0,"8",.0,"8",.0,"8",0,"8",0,"8",0,"8","","",0,"8",0,"8"
"352190360","P£OCK","2006","01","08","11","9","",0,"8",0,"8","","","",6,"",0,"8",0,"8",0,"",60,"",2,"",0,"",-7.8,"",.0,"8","U","",2.5,"",72,"",-12.0,"",1026.2,"",1040.7,"",0,.0,"",.0,"8",0,"8","10","0","0","","0","","","0","","","0","","",0,"8",.0,"8",.0,"8","","8",0,"8","","",.0,"8",.0,"8",.0,"8",.0,"8",.0,"8",.0,"8",.0,"8",.0,"8",.0,"8",0,"8",0,"8",0,"8","","",0,"8",0,"8"
"352190360","P£OCK","2006","01","08","12","9","",0,"8",0,"8","","","",6,"",0,"8",0,"8",0,"",120,"",1,"",0,"",-4.8,"",.0,"8","U","",2.7,"",62,"",-11.0,"",1025.8,"",1040.1,"",8,-.7,"",.0,"9",0,"9","05","0","0","","0","","","0","","","0","","",14,"",.0,"8",.0,"8","","8",0,"8","","",.0,"8",.0,"8",.0,"8",.0,"8",.0,"8",.0,"8",.0,"8",.0,"8",.0,"8",0,"8",0,"8",0,"8","","",0,"8",0,"8"
"352190360","P£OCK","2006","01","08","13","9","",0,"8",0,"8","","","",6,"",0,"8",0,"8",0,"",40,"",1,"",0,"",-6.1,"",.0,"8","U","",2.6,"",66,"",-11.4,"",1025.6,"",1040.0,"",6,-1.0,"",.0,"8",0,"8","05","0","0","","0","","","0","","","0","","",0,"8",.0,"8",.0,"8","","8",0,"8","","",.0,"8",.0,"8",.0,"8",.0,"8",.0,"8",.0,"8",.0,"8",.0,"8",.0,"8",0,"8",0,"8",0,"8","","",0,"8",0,"8"
"352190360","P£OCK","2006","01","08","14","9","",0,"8",0,"8","","","",6,"",0,"8",0,"8",0,"",60,"",1,"",0,"",-6.8,"",.0,"8","U","",2.4,"",66,"",-12.1,"",1025.7,"",1040.1,"",5,-.5,"",.0,"8",0,"8","05","0","0","","0","","","0","","","0","","",0,"8",.0,"8",.0,"8","","8",0,"8","","",.0,"8",.0,"8",.0,"8",.0,"8",.0,"8",.0,"8",.0,"8",.0,"8",.0,"8",0,"8",0,"8",0,"8","","",0,"8",0,"8"
"352190360","P£OCK","2006","01","08","15","9","",0,"8",0,"8","","","",6,"",0,"8",0,"8",0,"",50,"",2,"",0,"",-9.3,"",.0,"8","U","",2.2,"",74,"",-13.1,"",1025.6,"",1040.1,"",7,-.2,"",.0,"8",0,"8","10","0","0","","0","","","0","","","0","","",0,"8",.0,"8",.0,"8","","8",0,"8","","",.0,"8",.0,"8",.0,"8",.0,"8",.0,"8",.0,"8",.0,"8",.0,"8",.0,"8",0,"8",0,"8",0,"8","","",0,"8",0,"8"
"352190360","P£OCK","2006","01","08","16","9","",0,"8",0,"8","","","",6,"",0,"8",0,"8",0,"",0,"",0,"",0,"",-10.2,"",.0,"8","U","",2.3,"",80,"",-13.0,"",1025.3,"",1039.9,"",8,-.3,"",.0,"8",0,"8","10","0","0","","0","","","0","","","0","","",0,"8",.0,"8",.0,"8","","8",0,"8","","",.0,"8",.0,"8",.0,"8",.0,"8",.0,"8",.0,"8",.0,"8",.0,"8",.0,"8",0,"8",0,"8",0,"8","","",0,"8",0,"8"
"352190360","P£OCK","2006","01","08","17","9","",0,"8",0,"8","","","",6,"",0,"8",0,"8",0,"",50,"",2,"",0,"",-11.9,"",.0,"8","U","",2.0,"",82,"",-14.4,"",1025.4,"",1040.1,"",5,-.3,"",.0,"8",0,"8","10","0","0","","0","","","0","","","0","","",0,"8",.0,"8",.0,"8","","8",0,"8","","",.0,"8",.0,"8",.0,"8",.0,"8",.0,"8",.0,"8",.0,"8",.0,"8",.0,"8",0,"8",0,"8",0,"8","","",0,"8",0,"8"
"352190360","P£OCK","2006","01","08","18","9","",0,"8",0,"8","","","",6,"",0,"8",0,"8",0,"",50,"",1,"",0,"",-11.3,"",.0,"8","U","",2.2,"",84,"",-13.5,"",1025.6,"",1040.3,"",5,.0,"",.0,"9",0,"9","10","0","0","","0","","","0","","","0","","",14,"",.0,"8",.0,"8","","8",0,"8","","",.0,"8",.0,"8",.0,"8",.0,"8",.0,"8",.0,"8",.0,"8",.0,"8",.0,"8",0,"8",0,"8",0,"8","","",0,"8",0,"8"
"352190360","P£OCK","2006","01","08","19","9","",0,"8",0,"8","","","",6,"",0,"8",0,"8",0,"",50,"",2,"",0,"",-11.6,"",.0,"8","U","",2.1,"",84,"",-13.8,"",1025.5,"",1040.2,"",0,.2,"",.0,"8",0,"8","10","0","0","","0","","","0","","","0","","",0,"8",.0,"8",.0,"8","","8",0,"8","","",.0,"8",.0,"8",.0,"8",.0,"8",.0,"8",.0,"8",.0,"8",.0,"8",.0,"8",0,"8",0,"8",0,"8","","",0,"8",0,"8"
"352190360","P£OCK","2006","01","08","20","9","",0,"8",0,"8","","","",6,"",0,"8",0,"8",0,"",60,"",1,"",0,"",-11.4,"",.0,"8","U","",2.1,"",82,"",-13.9,"",1025.8,"",1040.5,"",2,.4,"",.0,"8",0,"8","10","0","0","","0","","","0","","","0","","",0,"8",.0,"8",.0,"8","","8",0,"8","","",.0,"8",.0,"8",.0,"8",.0,"8",.0,"8",.0,"8",.0,"8",.0,"8",.0,"8",0,"8",0,"8",0,"8","","",0,"8",0,"8"
"352190360","P£OCK","2006","01","08","21","9","",0,"8",0,"8","","","",5,"",0,"8",0,"8",0,"",70,"",1,"",0,"",-11.8,"",.0,"8","U","",2.1,"",84,"",-14.0,"",1025.7,"",1040.4,"",0,.1,"",.0,"8",0,"8","10","0","0","","0","","","0","","","0","","",0,"8",.0,"8",.0,"8","","8",0,"8","","",.0,"8",.0,"8",.0,"8",.0,"8",.0,"8",.0,"8",.0,"8",.0,"8",.0,"8",0,"8",0,"8",0,"8","","",0,"8",0,"8"
"352190360","P£OCK","2006","01","08","22","9","",0,"8",0,"8","","","",5,"",0,"8",0,"8",0,"",70,"",2,"",0,"",-12.7,"",.0,"8","U","",1.9,"",82,"",-15.1,"",1025.5,"",1040.2,"",0,.0,"",.0,"8",0,"8","10","0","0","","0","","","0","","","0","","",0,"8",.0,"8",.0,"8","","8",0,"8","","",.0,"8",.0,"8",.0,"8",.0,"8",.0,"8",.0,"8",.0,"8",.0,"8",.0,"8",0,"8",0,"8",0,"8","","",0,"8",0,"8"
"352190360","P£OCK","2006","01","08","23","9","",0,"8",0,"8","","","",5,"",0,"8",0,"8",0,"",80,"",1,"",0,"",-12.2,"",.0,"8","U","",2.0,"",83,"",-14.5,"",1025.2,"",1039.9,"",8,-.6,"",.0,"8",0,"8","10","0","0","","0","","","0","","","0","","",0,"8",.0,"8",.0,"8","","8",0,"8","","",.0,"8",.0,"8",.0,"8",.0,"8",.0,"8",.0,"8",.0,"8",.0,"8",.0,"8",0,"8",0,"8",0,"8","","",0,"8",0,"8"
"352190360","P£OCK","2006","01","09","00","9","",0,"8",0,"8","","","",5,"",0,"8",0,"8",0,"",80,"",1,"",0,"",-13.2,"",.0,"8","U","",1.9,"",84,"",-15.3,"",1025.0,"",1039.8,"",7,-.7,"",.0,"9",0,"9","10","0","0","","0","","","0","","","0","","",14,"",.0,"8",.0,"8","","8",0,"8","","",.0,"8",.0,"8",.0,"8",.0,"8",.0,"8",.0,"8",.0,"8",.0,"8",.0,"8",0,"8",0,"8",0,"8","","",0,"8",0,"8"
"352190360","P£OCK","2006","01","09","01","9","",0,"8",0,"8","","","",5,"",0,"8",0,"8",0,"",70,"",1,"",0,"",-13.7,"",.0,"8","U","",1.8,"",85,"",-15.7,"",1025.0,"",1039.8,"",6,-.5,"",.0,"8",0,"8","10","0","0","","0","","","0","","","0","","",0,"8",.0,"8",.0,"8","","8",0,"8","","",.0,"8",.0,"8",.0,"8",.0,"8",.0,"8",.0,"8",.0,"8",.0,"8",.0,"8",0,"8",0,"8",0,"8","","",0,"8",0,"8"
"352190360","P£OCK","2006","01","09","02","9","",0,"8",0,"8","","","",6,"",0,"8",0,"8",0,"",0,"",0,"",0,"",-14.1,"",.0,"8","U","",1.7,"",83,"",-16.4,"",1024.8,"",1039.6,"",7,-.4,"",.0,"8",0,"8","10","0","0","","0","","","0","","","0","","",0,"8",.0,"8",.0,"8","","8",0,"8","","",.0,"8",.0,"8",.0,"8",.0,"8",.0,"8",.0,"8",.0,"8",.0,"8",.0,"8",0,"8",0,"8",0,"8","","",0,"8",0,"8"
"352190360","P£OCK","2006","01","09","03","9","",0,"8",0,"8","","","",6,"",0,"8",0,"8",0,"",70,"",1,"",0,"",-14.2,"",.0,"8","U","",1.7,"",85,"",-16.2,"",1024.4,"",1039.2,"",8,-.6,"",.0,"8",0,"8","10","0","0","","0","","","0","","","0","","",0,"8",.0,"8",.0,"8","","8",0,"8","","",.0,"8",.0,"8",.0,"8",.0,"8",.0,"8",.0,"8",.0,"8",.0,"8",.0,"8",0,"8",0,"8",0,"8","","",0,"8",0,"8"
"352190360","P£OCK","2006","01","09","04","9","",0,"8",0,"8","","","",6,"",0,"8",0,"8",0,"",90,"",1,"",0,"",-13.1,"",.0,"8","U","",2.0,"",90,"",-14.4,"",1024.3,"",1039.0,"",7,-.7,"",.0,"8",0,"8","10","0","0","","0","","","0","","","0","","",0,"8",.0,"8",.0,"8","","8",0,"8","","",.0,"8",.0,"8",.0,"8",.0,"8",.0,"8",.0,"8",.0,"8",.0,"8",.0,"8",0,"8",0,"8",0,"8","","",0,"8",0,"8"
"352190360","P£OCK","2006","01","09","05","9","",0,"8",0,"8","","","",6,"",0,"8",0,"8",1,"",60,"",1,"",0,"",-14.2,"",.0,"8","U","",1.7,"",84,"",-16.3,"",1024.5,"",1039.3,"",5,-.3,"",.0,"8",0,"8","10","0","1","","0","","","3","","","0","","",0,"8",.0,"8",.0,"8","","8",0,"8","","",.0,"8",.0,"8",.0,"8",.0,"8",.0,"8",.0,"8",.0,"8",.0,"8",.0,"8",0,"8",0,"8",0,"8","","",0,"8",0,"8"
"352190360","P£OCK","2006","01","09","06","9","",0,"8",0,"8","","","",6,"",0,"8",0,"8",1,"",70,"",1,"",0,"",-14.4,"",.0,"8","U","",1.7,"",84,"",-16.5,"",1024.5,"",1039.3,"",1,.1,"",.0,"9",0,"9","10","0","1","","0","","","3","","","0","","",14,"",.0,"8",.0,"8","","8",0,"8","","",.0,"8",.0,"8",.0,"8",.0,"8",.0,"8",.0,"8",.0,"8",.0,"8",.0,"8",0,"8",0,"8",0,"8","","",0,"8",0,"8"
"352190360","P£OCK","2006","01","09","07","9","",0,"8",0,"8","","","",6,"",0,"8",0,"8",1,"",40,"",2,"",0,"",-14.6,"",.0,"8","U","",1.6,"",82,"",-17.0,"",1024.8,"",1039.6,"",2,.5,"",.0,"8",0,"8","10","0","1","","0","","","3","","","0","","",0,"8",.0,"8",.0,"8","","8",0,"8","","",.0,"8",.0,"8",.0,"8",.0,"8",.0,"8",.0,"8",.0,"8",.0,"8",.0,"8",0,"8",0,"8",0,"8","","",0,"8",0,"8"
"352190360","P£OCK","2006","01","09","08","9","",0,"8",0,"8","","","",5,"",0,"8",0,"8",1,"",40,"",2,"",0,"",-14.1,"",.0,"8","U","",1.7,"",84,"",-16.2,"",1024.8,"",1039.6,"",1,.3,"",.0,"8",0,"8","10","0","1","","0","","","3","","","0","","",0,"8",.0,"8",.0,"8","","8",0,"8","","",.0,"8",.0,"8",.0,"8",.0,"8",.0,"8",.0,"8",.0,"8",.0,"8",.0,"8",0,"8",0,"8",0,"8","","",0,"8",0,"8"
"352190360","P£OCK","2006","01","09","09","9","",0,"8",0,"8","","","",5,"",0,"8",0,"8",1,"",50,"",1,"",0,"",-11.6,"",.0,"8","U","",2.0,"",78,"",-14.7,"",1024.4,"",1039.1,"",8,-.1,"",.0,"8",0,"8","10","0","1","","0","","","3","","","0","","",0,"8",.0,"8",.0,"8","","8",0,"8","","",.0,"8",.0,"8",.0,"8",.0,"8",.0,"8",.0,"8",.0,"8",.0,"8",.0,"8",0,"8",0,"8",0,"8","","",0,"8",0,"8"
"352190360","P£OCK","2006","01","09","10","9","",0,"8",0,"8","","","",5,"",0,"8",0,"8",1,"",80,"",1,"",0,"",-7.6,"",.0,"8","U","",2.4,"",70,"",-12.1,"",1024.3,"",1038.7,"",8,-.5,"",.0,"8",0,"8","10","0","1","","0","","","3","","","0","","",0,"8",.0,"8",.0,"8","","8",0,"8","","",.0,"8",.0,"8",.0,"8",.0,"8",.0,"8",.0,"8",.0,"8",.0,"8",.0,"8",0,"8",0,"8",0,"8","","",0,"8",0,"8"
"352190360","P£OCK","2006","01","09","11","9","",0,"8",0,"8","","","",6,"",0,"8",0,"8",1,"",70,"",1,"",0,"",-5.5,"",.0,"8","U","",2.6,"",65,"",-11.0,"",1023.7,"",1038.0,"",7,-1.1,"",.0,"8",0,"8","05","0","1","","0","","","3","","","0","","",0,"8",.0,"8",.0,"8","","8",0,"8","","",.0,"8",.0,"8",.0,"8",.0,"8",.0,"8",.0,"8",.0,"8",.0,"8",.0,"8",0,"8",0,"8",0,"8","","",0,"8",0,"8"
"352190360","P£OCK","2006","01","09","12","9","",0,"8",0,"8","","","",6,"",0,"8",0,"8",0,"",80,"",1,"",0,"",-4.2,"",.0,"8","U","",3.0,"",66,"",-9.6,"",1023.2,"",1037.4,"",7,-1.2,"",.0,"9",0,"9","05","0","0","","0","","","0","","","0","","",14,"",.0,"8",.0,"8","","8",0,"8","","",.0,"8",.0,"8",.0,"8",.0,"8",.0,"8",.0,"8",.0,"8",.0,"8",.0,"8",0,"8",0,"8",0,"8","","",0,"8",0,"8"
"352190360","P£OCK","2006","01","09","13","9","",0,"8",0,"8","","","",6,"",0,"8",0,"8",1,"",30,"",2,"",0,"",-4.6,"",.0,"8","U","",2.9,"",67,"",-9.8,"",1022.9,"",1037.2,"",6,-1.4,"",.0,"8",0,"8","05","0","0","","0","","","0","","","1","","",0,"8",.0,"8",.0,"8","","8",0,"8","","",.0,"8",.0,"8",.0,"8",.0,"8",.0,"8",.0,"8",.0,"8",.0,"8",.0,"8",0,"8",0,"8",0,"8","","",0,"8",0,"8"
"352190360","P£OCK","2006","01","09","14","9","",0,"8",0,"8","","","",5,"",0,"8",0,"8",2,"",50,"",2,"",0,"",-5.9,"",.0,"8","U","",2.7,"",69,"",-10.7,"",1022.9,"",1037.2,"",6,-.8,"",.0,"8",0,"8","05","0","0","","0","","","0","","","1","","",0,"8",.0,"8",.0,"8","","8",0,"8","","",.0,"8",.0,"8",.0,"8",.0,"8",.0,"8",.0,"8",.0,"8",.0,"8",.0,"8",0,"8",0,"8",0,"8","","",0,"8",0,"8"
"352190360","P£OCK","2006","01","09","15","9","",0,"8",0,"8","","","",5,"",0,"8",0,"8",2,"",70,"",1,"",0,"",-8.9,"",.0,"8","U","",2.3,"",73,"",-12.9,"",1022.6,"",1037.1,"",7,-.6,"",.0,"8",0,"8","10","0","0","","0","","","0","","","1","","",0,"8",.0,"8",.0,"8","","8",0,"8","","",.0,"8",.0,"8",.0,"8",.0,"8",.0,"8",.0,"8",.0,"8",.0,"8",.0,"8",0,"8",0,"8",0,"8","","",0,"8",0,"8"
"352190360","P£OCK","2006","01","09","16","9","",0,"8",0,"8","","","",5,"",0,"8",0,"8",1,"",70,"",1,"",0,"",-10.4,"",.0,"8","U","",2.2,"",80,"",-13.2,"",1022.6,"",1037.2,"",6,-.3,"",.0,"8",0,"8","10","0","0","","0","","","0","","","1","","",0,"8",.0,"8",.0,"8","","8",0,"8","","",.0,"8",.0,"8",.0,"8",.0,"8",.0,"8",.0,"8",.0,"8",.0,"8",.0,"8",0,"8",0,"8",0,"8","","",0,"8",0,"8"
"352190360","P£OCK","2006","01","09","17","9","",0,"8",0,"8","","","",5,"",0,"8",0,"8",0,"",60,"",1,"",0,"",-11.9,"",.0,"8","U","",2.0,"",82,"",-14.4,"",1022.3,"",1036.9,"",7,-.6,"",.0,"8",0,"8","10","0","0","","0","","","0","","","0","","",0,"8",.0,"8",.0,"8","","8",0,"8","","",.0,"8",.0,"8",.0,"8",.0,"8",.0,"8",.0,"8",.0,"8",.0,"8",.0,"8",0,"8",0,"8",0,"8","","",0,"8",0,"8"
"352190360","P£OCK","2006","01","09","18","9","",0,"8",0,"8","","","",5,"",0,"8",0,"8",0,"",70,"",2,"",0,"",-12.9,"",.0,"8","U","",1.9,"",84,"",-15.0,"",1022.0,"",1036.7,"",8,-.6,"",.0,"9",0,"9","10","0","0","","0","","","0","","","0","","",14,"",.0,"8",.0,"8","","8",0,"8","","",.0,"8",.0,"8",.0,"8",.0,"8",.0,"8",.0,"8",.0,"8",.0,"8",.0,"8",0,"8",0,"8",0,"8","","",0,"8",0,"8"
"352190360","P£OCK","2006","01","09","19","9","",0,"8",0,"8","","","",5,"",0,"8",0,"8",0,"",80,"",2,"",0,"",-11.7,"",.0,"8","U","",2.3,"",90,"",-13.0,"",1022.1,"",1036.7,"",5,-.5,"",.0,"8",0,"8","10","0","0","","0","","","0","","","0","","",0,"8",.0,"8",.0,"8","","8",0,"8","","",.0,"8",.0,"8",.0,"8",.0,"8",.0,"8",.0,"8",.0,"8",.0,"8",.0,"8",0,"8",0,"8",0,"8","","",0,"8",0,"8"
"352190360","P£OCK","2006","01","09","20","9","",0,"8",0,"8","","","",5,"",0,"8",0,"8",0,"",60,"",1,"",0,"",-13.0,"",.0,"8","U","",2.0,"",88,"",-14.6,"",1022.0,"",1036.7,"",7,-.3,"",.0,"8",0,"8","10","0","0","","0","","","0","","","0","","",0,"8",.0,"8",.0,"8","","8",0,"8","","",.0,"8",.0,"8",.0,"8",.0,"8",.0,"8",.0,"8",.0,"8",.0,"8",.0,"8",0,"8",0,"8",0,"8","","",0,"8",0,"8"
"352190360","P£OCK","2006","01","09","21","9","",0,"8",0,"8","","","",5,"",0,"8",0,"8",0,"",70,"",1,"",0,"",-13.4,"",.0,"8","U","",1.9,"",89,"",-14.8,"",1021.7,"",1036.4,"",8,-.3,"",.0,"8",0,"8","10","0","0","","0","","","0","","","0","","",0,"8",.0,"8",.0,"8","","8",0,"8","","",.0,"8",.0,"8",.0,"8",.0,"8",.0,"8",.0,"8",.0,"8",.0,"8",.0,"8",0,"8",0,"8",0,"8","","",0,"8",0,"8"
"352190360","P£OCK","2006","01","09","22","4","",0,"8",0,"8","","","",5,"",0,"8",0,"8",5,"",90,"",2,"",0,"",-13.8,"",.0,"8","U","",1.9,"",88,"",-15.4,"",1021.5,"",1036.2,"",7,-.6,"",.0,"8",0,"8","10","1","5","","5","","","0","","","0","","",0,"8",.0,"8",.0,"8","","8",0,"8","","",.0,"8",.0,"8",.0,"8",.0,"8",.0,"8",.0,"8",.0,"8",.0,"8",.0,"8",0,"8",0,"8",0,"8","","",0,"8",0,"8"
"352190360","P£OCK","2006","01","09","23","4","",0,"8",0,"8","","","",5,"",0,"8",0,"8",3,"",80,"",2,"",0,"",-13.9,"",.0,"8","U","",1.9,"",89,"",-15.3,"",1021.2,"",1035.9,"",7,-.8,"",.0,"8",0,"8","10","1","3","","5","","","0","","","0","","",0,"8",.0,"8",.0,"8","","8",0,"8","","",.0,"8",.0,"8",.0,"8",.0,"8",.0,"8",.0,"8",.0,"8",.0,"8",.0,"8",0,"8",0,"8",0,"8","","",0,"8",0,"8"
"352190360","P£OCK","2006","01","10","00","9","",0,"8",0,"8","","","",5,"",0,"8",0,"8",0,"",90,"",2,"",0,"",-14.1,"",.0,"8","U","",1.8,"",89,"",-15.5,"",1020.7,"",1035.4,"",8,-1.0,"",.0,"9",0,"9","10","1","0","","0","","","0","","","0","","",14,"",.0,"8",.0,"8","","8",0,"8","","",.0,"8",.0,"8",.0,"8",.0,"8",.0,"8",.0,"8",.0,"8",.0,"8",.0,"8",0,"8",0,"8",0,"8","","",0,"8",0,"8"
"352190360","P£OCK","2006","01","10","01","9","",0,"8",0,"8","","","",5,"",0,"8",0,"8",0,"",160,"",1,"",0,"",-14.3,"",.0,"8","U","",1.8,"",88,"",-15.9,"",1020.7,"",1035.5,"",6,-.8,"",.0,"8",0,"8","10","0","0","","0","","","0","","","0","","",0,"8",.0,"8",.0,"8","","8",0,"8","","",.0,"8",.0,"8",.0,"8",.0,"8",.0,"8",.0,"8",.0,"8",.0,"8",.0,"8",0,"8",0,"8",0,"8","","",0,"8",0,"8"
"352190360","P£OCK","2006","01","10","02","9","",0,"8",0,"8","","","",5,"",0,"8",0,"8",0,"",120,"",1,"",0,"",-14.9,"",.0,"8","U","",1.7,"",87,"",-16.6,"",1020.5,"",1035.3,"",7,-.7,"",.0,"8",0,"8","10","0","0","","0","","","0","","","0","","",0,"8",.0,"8",.0,"8","","8",0,"8","","",.0,"8",.0,"8",.0,"8",.0,"8",.0,"8",.0,"8",.0,"8",.0,"8",.0,"8",0,"8",0,"8",0,"8","","",0,"8",0,"8"
"352190360","P£OCK","2006","01","10","03","9","",0,"8",0,"8","","","",5,"",0,"8",0,"8",0,"",80,"",1,"",0,"",-14.9,"",.0,"8","U","",1.7,"",88,"",-16.4,"",1020.4,"",1035.2,"",8,-.3,"",.0,"8",0,"8","10","0","0","","0","","","0","","","0","","",0,"8",.0,"8",.0,"8","","8",0,"8","","",.0,"8",.0,"8",.0,"8",.0,"8",.0,"8",.0,"8",.0,"8",.0,"8",.0,"8",0,"8",0,"8",0,"8","","",0,"8",0,"8"
"352190360","P£OCK","2006","01","10","04","9","",0,"8",0,"8","","","",5,"",0,"8",0,"8",0,"",70,"",1,"",0,"",-14.9,"",.0,"8","U","",1.7,"",88,"",-16.4,"",1020.2,"",1035.0,"",7,-.5,"",.0,"8",0,"8","10","0","0","","0","","","0","","","0","","",0,"8",.0,"8",.0,"8","","8",0,"8","","",.0,"8",.0,"8",.0,"8",.0,"8",.0,"8",.0,"8",.0,"8",.0,"8",.0,"8",0,"8",0,"8",0,"8","","",0,"8",0,"8"
"352190360","P£OCK","2006","01","10","05","9","",0,"8",0,"8","","","",5,"",0,"8",0,"8",0,"",100,"",1,"",0,"",-14.9,"",.0,"8","U","",1.7,"",88,"",-16.4,"",1019.9,"",1034.7,"",8,-.6,"",.0,"8",0,"8","10","0","0","","0","","","0","","","0","","",0,"8",.0,"8",.0,"8","","8",0,"8","","",.0,"8",.0,"8",.0,"8",.0,"8",.0,"8",.0,"8",.0,"8",.0,"8",.0,"8",0,"8",0,"8",0,"8","","",0,"8",0,"8"
"352190360","P£OCK","2006","01","10","06","9","",0,"8",0,"8","","","",6,"",0,"8",0,"8",1,"",120,"",2,"",0,"",-13.8,"",.0,"8","U","",1.9,"",91,"",-15.0,"",1019.9,"",1034.6,"",6,-.5,"",.0,"9",0,"9","10","0","0","","0","","","0","","","1","","",14,"",.0,"8",.0,"8","","8",0,"8","","",.0,"8",.0,"8",.0,"8",.0,"8",.0,"8",.0,"8",.0,"8",.0,"8",.0,"8",0,"8",0,"8",0,"8","","",0,"8",0,"8"
"352190360","P£OCK","2006","01","10","07","1","",0,"8",0,"8","","","",4,"",0,"8",0,"8",8,"",110,"",2,"",0,"",-13.0,"",.0,"8","U","",2.0,"",90,"",-14.3,"",1020.4,"",1035.1,"",3,.2,"",.0,"8",0,"8","10","1","8","","6","","","/","","","/","","",0,"8",.0,"8",.0,"8","","8",0,"8","","",.0,"8",.0,"8",.0,"8",.0,"8",.0,"8",.0,"8",.0,"8",.0,"8",.0,"8",0,"8",0,"8",0,"8","","",0,"8",0,"8"
"352190360","P£OCK","2006","01","10","08","2","",0,"8",0,"8","","","",4,"",0,"8",0,"8",5,"",130,"",2,"",0,"",-11.7,"",.0,"8","U","",2.3,"",90,"",-13.0,"",1020.0,"",1034.6,"",0,.1,"",.0,"8",0,"8","28","4","5","","6","","","0","","","0","","",0,"8",.0,"8",.0,"8","","8",0,"8","","",.0,"8",.0,"8",.0,"8",.0,"8",.0,"8",.0,"8",.0,"8",.0,"8",.0,"8",0,"8",0,"8",0,"8","","",0,"8",0,"8"
"352190360","P£OCK","2006","01","10","09","9","",0,"8",0,"8","","","",5,"",0,"8",0,"8",0,"",100,"",2,"",0,"",-10.5,"",.0,"8","U","",2.5,"",89,"",-12.0,"",1020.3,"",1034.8,"",2,.4,"",.0,"8",0,"8","10","4","0","","0","","","0","","","0","","",0,"8",.0,"8",.0,"8","","8",0,"8","","",.0,"8",.0,"8",.0,"8",.0,"8",.0,"8",.0,"8",.0,"8",.0,"8",.0,"8",0,"8",0,"8",0,"8","","",0,"8",0,"8"
"352190360","P£OCK","2006","01","10","10","9","",0,"8",0,"8","","","",5,"",0,"8",0,"8",0,"",130,"",1,"",0,"",-8.8,"",.0,"8","U","",2.8,"",90,"",-10.1,"",1019.9,"",1034.3,"",7,-.5,"",.0,"8",0,"8","10","0","0","","0","","","0","","","0","","",0,"8",.0,"8",.0,"8","","8",0,"8","","",.0,"8",.0,"8",.0,"8",.0,"8",.0,"8",.0,"8",.0,"8",.0,"8",.0,"8",0,"8",0,"8",0,"8","","",0,"8",0,"8"
"352190360","P£OCK","2006","01","10","11","9","",0,"8",0,"8","","","",5,"",0,"8",0,"8",0,"",110,"",2,"",0,"",-7.9,"",.0,"8","U","",2.8,"",83,"",-10.3,"",1019.3,"",1033.7,"",8,-.7,"",.0,"8",0,"8","10","0","0","","0","","","0","","","0","","",0,"8",.0,"8",.0,"8","","8",0,"8","","",.0,"8",.0,"8",.0,"8",.0,"8",.0,"8",.0,"8",.0,"8",.0,"8",.0,"8",0,"8",0,"8",0,"8","","",0,"8",0,"8"
"352190360","P£OCK","2006","01","10","12","9","",0,"8",0,"8","","","",5,"",0,"8",0,"8",0,"",100,"",2,"",0,"",-7.0,"",.0,"8","U","",2.9,"",79,"",-10.0,"",1019.0,"",1033.3,"",7,-1.3,"",.0,"9",0,"9","10","4","0","","0","","","0","","","0","","",14,"",.0,"8",.0,"8","","8",0,"8","","",.0,"8",.0,"8",.0,"8",.0,"8",.0,"8",.0,"8",.0,"8",.0,"8",.0,"8",0,"8",0,"8",0,"8","","",0,"8",0,"8"
"352190360","P£OCK","2006","01","10","13","9","",0,"8",0,"8","","","",5,"",0,"8",0,"8",0,"",110,"",3,"",0,"",-6.8,"",.0,"8","U","",2.8,"",77,"",-10.2,"",1018.6,"",1032.9,"",7,-1.3,"",.0,"8",0,"8","10","0","0","","0","","","0","","","0","","",0,"8",.0,"8",.0,"8","","8",0,"8","","",.0,"8",.0,"8",.0,"8",.0,"8",.0,"8",.0,"8",.0,"8",.0,"8",.0,"8",0,"8",0,"8",0,"8","","",0,"8",0,"8"
"352190360","P£OCK","2006","01","10","14","9","",0,"8",0,"8","","","",5,"",0,"8",0,"8",0,"",110,"",3,"",0,"",-7.3,"",.0,"8","U","",2.8,"",79,"",-10.3,"",1018.3,"",1032.6,"",7,-1.0,"",.0,"8",0,"8","10","0","0","","0","","","0","","","0","","",0,"8",.0,"8",.0,"8","","8",0,"8","","",.0,"8",.0,"8",.0,"8",.0,"8",.0,"8",.0,"8",.0,"8",.0,"8",.0,"8",0,"8",0,"8",0,"8","","",0,"8",0,"8"
"352190360","P£OCK","2006","01","10","15","9","",0,"8",0,"8","","","",5,"",0,"8",0,"8",1,"",120,"",3,"",0,"",-8.1,"",.0,"8","U","",2.8,"",83,"",-10.5,"",1018.1,"",1032.5,"",6,-.9,"",.0,"8",0,"8","10","0","1","","0","","","3","","","0","","",0,"8",.0,"8",.0,"8","","8",0,"8","","",.0,"8",.0,"8",.0,"8",.0,"8",.0,"8",.0,"8",.0,"8",.0,"8",.0,"8",0,"8",0,"8",0,"8","","",0,"8",0,"8"
"352190360","P£OCK","2006","01","10","16","9","",0,"8",0,"8","","","",4,"",0,"8",0,"8",1,"",110,"",1,"",0,"",-8.7,"",.0,"8","U","",2.8,"",87,"",-10.5,"",1018.6,"",1033.0,"",5,.0,"",.0,"8",0,"8","10","0","1","","0","","","3","","","0","","",0,"8",.0,"8",.0,"8","","8",0,"8","","",.0,"8",.0,"8",.0,"8",.0,"8",.0,"8",.0,"8",.0,"8",.0,"8",.0,"8",0,"8",0,"8",0,"8","","",0,"8",0,"8"
"352190360","P£OCK","2006","01","10","17","9","",0,"8",0,"8","","","",4,"",0,"8",0,"8",0,"",120,"",2,"",0,"",-8.7,"",.0,"8","U","",2.9,"",91,"",-9.9,"",1018.1,"",1032.5,"",7,-.2,"",.0,"8",0,"8","10","0","0","","0","","","0","","","0","","",0,"8",.0,"8",.0,"8","","8",0,"8","","",.0,"8",.0,"8",.0,"8",.0,"8",.0,"8",.0,"8",.0,"8",.0,"8",.0,"8",0,"8",0,"8",0,"8","","",0,"8",0,"8"
"352190360","P£OCK","2006","01","10","18","9","",0,"8",0,"8","","","",4,"",0,"8",0,"8",0,"",0,"",0,"",0,"",-9.3,"",.0,"8","U","",2.6,"",87,"",-11.1,"",1018.7,"",1033.1,"",2,.6,"",.0,"9",0,"9","10","0","0","","0","","","0","","","0","","",14,"",.0,"8",.0,"8","","8",0,"8","","",.0,"8",.0,"8",.0,"8",.0,"8",.0,"8",.0,"8",.0,"8",.0,"8",.0,"8",0,"8",0,"8",0,"8","","",0,"8",0,"8"
"352190360","P£OCK","2006","01","10","19","9","",0,"8",0,"8","","","",4,"",0,"8",0,"8",0,"",120,"",2,"",0,"",-9.4,"",.0,"8","U","",2.7,"",90,"",-10.7,"",1018.5,"",1033.0,"",7,-.1,"",.0,"8",0,"8","10","0","0","","0","","","0","","","0","","",0,"8",.0,"8",.0,"8","","8",0,"8","","",.0,"8",.0,"8",.0,"8",.0,"8",.0,"8",.0,"8",.0,"8",.0,"8",.0,"8",0,"8",0,"8",0,"8","","",0,"8",0,"8"
"352190360","P£OCK","2006","01","10","20","9","",0,"8",0,"8","","","",4,"",0,"8",0,"8",0,"",120,"",2,"",0,"",-9.4,"",.0,"8","U","",2.7,"",90,"",-10.7,"",1018.3,"",1032.7,"",0,.2,"",.0,"8",0,"8","10","0","0","","0","","","0","","","0","","",0,"8",.0,"8",.0,"8","","8",0,"8","","",.0,"8",.0,"8",.0,"8",.0,"8",.0,"8",.0,"8",.0,"8",.0,"8",.0,"8",0,"8",0,"8",0,"8","","",0,"8",0,"8"
"352190360","P£OCK","2006","01","10","21","9","",0,"8",0,"8","","","",4,"",0,"8",0,"8",0,"",60,"",1,"",0,"",-10.5,"",.0,"8","U","",2.4,"",88,"",-12.1,"",1018.4,"",1032.9,"",5,-.3,"",.0,"8",0,"8","10","0","0","","0","","","0","","","0","","",0,"8",.0,"8",.0,"8","","8",0,"8","","",.0,"8",.0,"8",.0,"8",.0,"8",.0,"8",.0,"8",.0,"8",.0,"8",.0,"8",0,"8",0,"8",0,"8","","",0,"8",0,"8"
"352190360","P£OCK","2006","01","10","22","9","",0,"8",0,"8","","","",4,"",0,"8",0,"8",0,"",110,"",2,"",0,"",-10.4,"",.0,"8","U","",2.5,"",91,"",-11.6,"",1018.2,"",1032.7,"",7,-.3,"",.0,"8",0,"8","10","0","0","","0","","","0","","","0","","",0,"8",.0,"8",.0,"8","","8",0,"8","","",.0,"8",.0,"8",.0,"8",.0,"8",.0,"8",.0,"8",.0,"8",.0,"8",.0,"8",0,"8",0,"8",0,"8","","",0,"8",0,"8"
"352190360","P£OCK","2006","01","10","23","9","",0,"8",0,"8","","","",4,"",0,"8",0,"8",0,"",140,"",2,"",0,"",-9.9,"",.0,"8","U","",2.6,"",90,"",-11.2,"",1017.9,"",1032.4,"",8,-.4,"",.0,"8",0,"8","10","0","0","","0","","","0","","","0","","",0,"8",.0,"8",.0,"8","","8",0,"8","","",.0,"8",.0,"8",.0,"8",.0,"8",.0,"8",.0,"8",.0,"8",.0,"8",.0,"8",0,"8",0,"8",0,"8","","",0,"8",0,"8"
"352190360","P£OCK","2006","01","11","00","9","",0,"8",0,"8","","","",4,"",0,"8",0,"8",0,"",130,"",2,"",0,"",-10.2,"",.0,"8","U","",2.5,"",88,"",-11.8,"",1017.5,"",1032.0,"",8,-.9,"",.0,"9",0,"9","10","0","0","","0","","","0","","","0","","",14,"",.0,"8",.0,"8","","8",0,"8","","",.0,"8",.0,"8",.0,"8",.0,"8",.0,"8",.0,"8",.0,"8",.0,"8",.0,"8",0,"8",0,"8",0,"8","","",0,"8",0,"8"
"352190360","P£OCK","2006","01","11","01","9","",0,"8",0,"8","","","",4,"",0,"8",0,"8",0,"",130,"",2,"",0,"",-10.2,"",.0,"8","U","",2.5,"",89,"",-11.7,"",1017.3,"",1031.8,"",7,-.9,"",.0,"8",0,"8","10","0","0","","0","","","0","","","0","","",0,"8",.0,"8",.0,"8","","8",0,"8","","",.0,"8",.0,"8",.0,"8",.0,"8",.0,"8",.0,"8",.0,"8",.0,"8",.0,"8",0,"8",0,"8",0,"8","","",0,"8",0,"8"
"352190360","P£OCK","2006","01","11","02","9","",0,"8",0,"8","","","",4,"",0,"8",0,"8",0,"",140,"",2,"",0,"",-10.3,"",.0,"8","U","",2.5,"",90,"",-11.6,"",1017.0,"",1031.5,"",7,-.9,"",.0,"8",0,"8","10","0","0","","0","","","0","","","0","","",0,"8",.0,"8",.0,"8","","8",0,"8","","",.0,"8",.0,"8",.0,"8",.0,"8",.0,"8",.0,"8",.0,"8",.0,"8",.0,"8",0,"8",0,"8",0,"8","","",0,"8",0,"8"
"352190360","P£OCK","2006","01","11","03","9","",0,"8",0,"8","","","",4,"",0,"8",0,"8",0,"",100,"",1,"",0,"",-11.4,"",.0,"8","U","",2.3,"",90,"",-12.7,"",1016.7,"",1031.2,"",7,-.8,"",.0,"8",0,"8","10","0","0","","0","","","0","","","0","","",0,"8",.0,"8",.0,"8","","8",0,"8","","",.0,"8",.0,"8",.0,"8",.0,"8",.0,"8",.0,"8",.0,"8",.0,"8",.0,"8",0,"8",0,"8",0,"8","","",0,"8",0,"8"
"352190360","P£OCK","2006","01","11","04","9","",0,"8",0,"8","","","",4,"",0,"8",0,"8",0,"",120,"",2,"",0,"",-11.1,"",.0,"8","U","",2.4,"",91,"",-12.3,"",1016.3,"",1030.8,"",7,-1.0,"",.0,"8",0,"8","10","0","0","","0","","","0","","","0","","",0,"8",.0,"8",.0,"8","","8",0,"8","","",.0,"8",.0,"8",.0,"8",.0,"8",.0,"8",.0,"8",.0,"8",.0,"8",.0,"8",0,"8",0,"8",0,"8","","",0,"8",0,"8"
"352190360","P£OCK","2006","01","11","05","9","",0,"8",0,"8","","","",4,"",0,"8",0,"8",0,"",120,"",2,"",0,"",-11.4,"",.0,"8","U","",2.3,"",90,"",-12.7,"",1016.6,"",1031.1,"",5,-.4,"",.0,"8",0,"8","10","0","0","","0","","","0","","","0","","",0,"8",.0,"8",.0,"8","","8",0,"8","","",.0,"8",.0,"8",.0,"8",.0,"8",.0,"8",.0,"8",.0,"8",.0,"8",.0,"8",0,"8",0,"8",0,"8","","",0,"8",0,"8"
"352190360","P£OCK","2006","01","11","06","9","",0,"8",0,"8","","","",4,"",0,"8",0,"8",0,"",140,"",2,"",0,"",-10.7,"",.0,"8","U","",2.5,"",92,"",-11.7,"",1016.8,"",1031.3,"",3,.1,"",.0,"9",0,"9","10","0","0","","0","","","0","","","0","","",14,"",.0,"8",.0,"8","","8",0,"8","","",.0,"8",.0,"8",.0,"8",.0,"8",.0,"8",.0,"8",.0,"8",.0,"8",.0,"8",0,"8",0,"8",0,"8","","",0,"8",0,"8"
"352190360","P£OCK","2006","01","11","07","9","",0,"8",0,"8","","","",4,"",0,"8",0,"8",1,"",140,"",2,"",0,"",-10.4,"",.0,"8","U","",2.5,"",91,"",-11.6,"",1016.6,"",1031.1,"",0,.3,"",.0,"8",0,"8","10","0","0","","0","","","0","","","1","","",0,"8",.0,"8",.0,"8","","8",0,"8","","",.0,"8",.0,"8",.0,"8",.0,"8",.0,"8",.0,"8",.0,"8",.0,"8",.0,"8",0,"8",0,"8",0,"8","","",0,"8",0,"8"
"352190360","P£OCK","2006","01","11","08","9","",0,"8",0,"8","","","",4,"",0,"8",0,"8",1,"",140,"",2,"",0,"",-9.6,"",.0,"8","U","",2.7,"",91,"",-10.8,"",1016.5,"",1030.9,"",8,-.1,"",.0,"8",0,"8","10","0","0","","0","","","0","","","1","","",0,"8",.0,"8",.0,"8","","8",0,"8","","",.0,"8",.0,"8",.0,"8",.0,"8",.0,"8",.0,"8",.0,"8",.0,"8",.0,"8",0,"8",0,"8",0,"8","","",0,"8",0,"8"
"352190360","P£OCK","2006","01","11","09","9","",0,"8",0,"8","","","",4,"",0,"8",0,"8",0,"",140,"",2,"",0,"",-8.3,"",.0,"8","U","",2.9,"",89,"",-9.8,"",1016.5,"",1030.9,"",6,-.3,"",.0,"8",0,"8","10","0","0","","0","","","0","","","0","","",0,"8",.0,"8",.0,"8","","8",0,"8","","",.0,"8",.0,"8",.0,"8",.0,"8",.0,"8",.0,"8",.0,"8",.0,"8",.0,"8",0,"8",0,"8",0,"8","","",0,"8",0,"8"
"352190360","P£OCK","2006","01","11","10","9","",0,"8",0,"8","","","",4,"",0,"8",0,"8",0,"",130,"",2,"",0,"",-6.7,"",.0,"8","U","",3.2,"",85,"",-8.8,"",1016.2,"",1030.5,"",7,-.4,"",.0,"8",0,"8","10","0","0","","0","","","0","","","0","","",0,"8",.0,"8",.0,"8","","8",0,"8","","",.0,"8",.0,"8",.0,"8",.0,"8",.0,"8",.0,"8",.0,"8",.0,"8",.0,"8",0,"8",0,"8",0,"8","","",0,"8",0,"8"
"352190360","P£OCK","2006","01","11","11","9","",0,"8",0,"8","","","",5,"",0,"8",0,"8",1,"",150,"",2,"",0,"",-4.8,"",.0,"8","U","",3.3,"",78,"",-8.0,"",1015.5,"",1029.7,"",8,-1.0,"",.0,"8",0,"8","10","0","0","","0","","","0","","","1","","",0,"8",.0,"8",.0,"8","","8",0,"8","","",.0,"8",.0,"8",.0,"8",.0,"8",.0,"8",.0,"8",.0,"8",.0,"8",.0,"8",0,"8",0,"8",0,"8","","",0,"8",0,"8"
"352190360","P£OCK","2006","01","11","12","9","",0,"8",0,"8","","","",5,"",0,"8",0,"8",1,"",160,"",2,"",0,"",-3.0,"",.0,"8","U","",3.6,"",73,"",-7.2,"",1014.7,"",1028.8,"",8,-1.8,"",.0,"9",0,"9","10","0","0","","0","","","0","","","1","","",14,"",.0,"8",.0,"8","","8",0,"8","","",.0,"8",.0,"8",.0,"8",.0,"8",.0,"8",.0,"8",.0,"8",.0,"8",.0,"8",0,"8",0,"8",0,"8","","",0,"8",0,"8"
"352190360","P£OCK","2006","01","11","13","9","",0,"8",0,"8","","","",5,"",0,"8",0,"8",5,"",150,"",2,"",0,"",-2.5,"",.0,"8","U","",3.7,"",72,"",-6.9,"",1014.4,"",1028.4,"",7,-1.8,"",.0,"8",0,"8","10","1","0","","0","","","0","","","6","","",0,"8",.0,"8",.0,"8","","8",0,"8","","",.0,"8",.0,"8",.0,"8",.0,"8",.0,"8",.0,"8",.0,"8",.0,"8",.0,"8",0,"8",0,"8",0,"8","","",0,"8",0,"8"
"352190360","P£OCK","2006","01","11","14","9","",0,"8",0,"8","","","",5,"",0,"8",0,"8",7,"",130,"",3,"",0,"",-3.7,"",.0,"8","U","",3.4,"",74,"",-7.7,"",1014.4,"",1028.5,"",6,-1.1,"",.0,"8",0,"8","10","2","0","","0","","","0","","","6","","",0,"8",.0,"8",.0,"8","","8",0,"8","","",.0,"8",.0,"8",.0,"8",.0,"8",.0,"8",.0,"8",.0,"8",.0,"8",.0,"8",0,"8",0,"8",0,"8","","",0,"8",0,"8"
"352190360","P£OCK","2006","01","11","15","9","",0,"8",0,"8","","","",5,"",0,"8",0,"8",7,"",140,"",3,"",0,"",-4.4,"",.0,"8","U","",3.4,"",77,"",-7.8,"",1014.3,"",1028.4,"",7,-.4,"",.0,"8",0,"8","10","1","0","","0","","","0","","","8","","",0,"8",.0,"8",.0,"8","","8",0,"8","","",.0,"8",.0,"8",.0,"8",.0,"8",.0,"8",.0,"8",.0,"8",.0,"8",.0,"8",0,"8",0,"8",0,"8","","",0,"8",0,"8"
"352190360","P£OCK","2006","01","11","16","9","",0,"8",0,"8","","","",5,"",0,"8",0,"8",4,"",130,"",3,"",0,"",-5.5,"",.0,"8","U","",3.3,"",81,"",-8.2,"",1014.2,"",1028.4,"",8,-.2,"",.0,"8",0,"8","10","1","0","","0","","","0","","","8","","",0,"8",.0,"8",.0,"8","","8",0,"8","","",.0,"8",.0,"8",.0,"8",.0,"8",.0,"8",.0,"8",.0,"8",.0,"8",.0,"8",0,"8",0,"8",0,"8","","",0,"8",0,"8"
"352190360","P£OCK","2006","01","11","17","9","",0,"8",0,"8","","","",5,"",0,"8",0,"8",1,"",150,"",4,"",0,"",-5.2,"",.0,"8","U","",3.5,"",84,"",-7.5,"",1013.9,"",1028.1,"",8,-.5,"",.0,"8",0,"8","10","0","0","","0","","","0","","","1","","",0,"8",.0,"8",.0,"8","","8",0,"8","","",.0,"8",.0,"8",.0,"8",.0,"8",.0,"8",.0,"8",.0,"8",.0,"8",.0,"8",0,"8",0,"8",0,"8","","",0,"8",0,"8"
"352190360","P£OCK","2006","01","11","18","9","",0,"8",0,"8","","","",5,"",0,"8",0,"8",0,"",140,"",3,"",0,"",-5.7,"",.0,"8","U","",3.4,"",85,"",-7.8,"",1013.8,"",1028.0,"",7,-.5,"",.0,"9",0,"9","10","1","0","","0","","","0","","","0","","",14,"",.0,"8",.0,"8","","8",0,"8","","",.0,"8",.0,"8",.0,"8",.0,"8",.0,"8",.0,"8",.0,"8",.0,"8",.0,"8",0,"8",0,"8",0,"8","","",0,"8",0,"8"
"352190360","P£OCK","2006","01","11","19","9","",0,"8",0,"8","","","",5,"",0,"8",0,"8",0,"",150,"",2,"",0,"",-5.8,"",.0,"8","U","",3.5,"",87,"",-7.6,"",1013.8,"",1028.0,"",6,-.4,"",.0,"8",0,"8","10","0","0","","0","","","0","","","0","","",0,"8",.0,"8",.0,"8","","8",0,"8","","",.0,"8",.0,"8",.0,"8",.0,"8",.0,"8",.0,"8",.0,"8",.0,"8",.0,"8",0,"8",0,"8",0,"8","","",0,"8",0,"8"
"352190360","P£OCK","2006","01","11","20","9","",0,"8",0,"8","","","",5,"",0,"8",0,"8",0,"",160,"",3,"",0,"",-6.9,"",.0,"8","U","",3.3,"",90,"",-8.3,"",1013.8,"",1028.0,"",6,-.1,"",.0,"8",0,"8","10","0","0","","0","","","0","","","0","","",0,"8",.0,"8",.0,"8","","8",0,"8","","",.0,"8",.0,"8",.0,"8",.0,"8",.0,"8",.0,"8",.0,"8",.0,"8",.0,"8",0,"8",0,"8",0,"8","","",0,"8",0,"8"
"352190360","P£OCK","2006","01","11","21","9","",0,"8",0,"8","","","",5,"",0,"8",0,"8",0,"",140,"",3,"",0,"",-7.5,"",.0,"8","U","",3.2,"",92,"",-8.6,"",1013.6,"",1027.9,"",8,-.2,"",.0,"8",0,"8","10","0","0","","0","","","0","","","0","","",0,"8",.0,"8",.0,"8","","8",0,"8","","",.0,"8",.0,"8",.0,"8",.0,"8",.0,"8",.0,"8",.0,"8",.0,"8",.0,"8",0,"8",0,"8",0,"8","","",0,"8",0,"8"
"352190360","P£OCK","2006","01","11","22","9","",0,"8",0,"8","","","",4,"",0,"8",0,"8",0,"",150,"",2,"",0,"",-7.8,"",.0,"8","U","",3.1,"",92,"",-8.9,"",1013.6,"",1027.9,"",6,-.2,"",.0,"8",0,"8","10","0","0","","0","","","0","","","0","","",0,"8",.0,"8",.0,"8","","8",0,"8","","",.0,"8",.0,"8",.0,"8",.0,"8",.0,"8",.0,"8",.0,"8",.0,"8",.0,"8",0,"8",0,"8",0,"8","","",0,"8",0,"8"
"352190360","P£OCK","2006","01","11","23","9","",0,"8",0,"8","","","",4,"",0,"8",0,"8",0,"",150,"",2,"",0,"",-8.5,"",.0,"8","U","",3.0,"",92,"",-9.6,"",1013.8,"",1028.1,"",5,.0,"",.0,"8",0,"8","10","0","0","","0","","","0","","","0","","",0,"8",.0,"8",.0,"8","","8",0,"8","","",.0,"8",.0,"8",.0,"8",.0,"8",.0,"8",.0,"8",.0,"8",.0,"8",.0,"8",0,"8",0,"8",0,"8","","",0,"8",0,"8"
"352190360","P£OCK","2006","01","12","00","9","",0,"8",0,"8","","","",4,"",0,"8",0,"8",0,"",150,"",2,"",0,"",-8.9,"",.0,"8","U","",2.9,"",93,"",-9.8,"",1014.2,"",1028.6,"",3,.6,"",.0,"9",0,"9","10","0","0","","0","","","0","","","0","","",14,"",.0,"8",.0,"8","","8",0,"8","","",.0,"8",.0,"8",.0,"8",.0,"8",.0,"8",.0,"8",.0,"8",.0,"8",.0,"8",0,"8",0,"8",0,"8","","",0,"8",0,"8"
"352190360","P£OCK","2006","01","12","01","9","",0,"8",0,"8","","","",4,"",0,"8",0,"8",0,"",150,"",2,"",0,"",-9.7,"",.0,"8","U","",2.7,"",92,"",-10.8,"",1014.4,"",1028.8,"",2,.8,"",.0,"8",0,"8","10","0","0","","0","","","0","","","0","","",0,"8",.0,"8",.0,"8","","8",0,"8","","",.0,"8",.0,"8",.0,"8",.0,"8",.0,"8",.0,"8",.0,"8",.0,"8",.0,"8",0,"8",0,"8",0,"8","","",0,"8",0,"8"
"352190360","P£OCK","2006","01","12","02","9","",0,"8",0,"8","","","",4,"",0,"8",0,"8",0,"",150,"",2,"",0,"",-10.0,"",.0,"8","U","",2.6,"",92,"",-11.1,"",1014.3,"",1028.7,"",0,.5,"",.0,"8",0,"8","10","0","0","","0","","","0","","","0","","",0,"8",.0,"8",.0,"8","","8",0,"8","","",.0,"8",.0,"8",.0,"8",.0,"8",.0,"8",.0,"8",.0,"8",.0,"8",.0,"8",0,"8",0,"8",0,"8","","",0,"8",0,"8"
"352190360","P£OCK","2006","01","12","03","4","",0,"8",0,"8","","","",4,"",0,"8",0,"8",3,"",150,"",2,"",0,"",-9.1,"",.0,"8","U","",2.9,"",93,"",-10.0,"",1014.8,"",1029.2,"",2,.6,"",.0,"8",0,"8","10","0","3","","5","","","0","","","0","","",0,"8",.0,"8",.0,"8","","8",0,"8","","",.0,"8",.0,"8",.0,"8",.0,"8",.0,"8",.0,"8",.0,"8",.0,"8",.0,"8",0,"8",0,"8",0,"8","","",0,"8",0,"8"
"352190360","P£OCK","2006","01","12","04","3","",0,"8",0,"8","","","",4,"",0,"8",0,"8",8,"",160,"",1,"",0,"",-7.4,"",.0,"8","U","",3.3,"",94,"",-8.2,"",1014.9,"",1029.2,"",3,.5,"",.0,"8",0,"8","10","1","8","","6","","","/","","","/","","",0,"8",.0,"8",.0,"8","","8",0,"8","","",.0,"8",.0,"8",.0,"8",.0,"8",.0,"8",.0,"8",.0,"8",.0,"8",.0,"8",0,"8",0,"8",0,"8","","",0,"8",0,"8"
"352190360","P£OCK","2006","01","12","05","3","",0,"8",0,"8","","","",4,"",0,"8",0,"8",8,"",210,"",2,"",0,"",-5.9,"",.0,"8","U","",3.6,"",91,"",-7.1,"",1015.3,"",1029.5,"",2,1.0,"",.0,"8",0,"8","10","2","8","","6","","","/","","","/","","",0,"8",.0,"8",.0,"8","","8",0,"8","","",.0,"8",.0,"8",.0,"8",.0,"8",.0,"8",.0,"8",.0,"8",.0,"8",.0,"8",0,"8",0,"8",0,"8","","",0,"8",0,"8"
"352190360","P£OCK","2006","01","12","06","2","",0,"8",0,"8","","","",4,"",0,"8",0,"8",8,"",210,"",2,"",0,"",-5.1,"",.0,"8","U","",3.9,"",92,"",-6.2,"",1015.9,"",1030.1,"",3,1.1,"",.0,"9",0,"9","10","1","8","","6","","","/","","","/","","",14,"",.0,"8",.0,"8","","8",0,"8","","",.0,"8",.0,"8",.0,"8",.0,"8",.0,"8",.0,"8",.0,"8",.0,"8",.0,"8",0,"8",0,"8",0,"8","","",0,"8",0,"8"
"352190360","P£OCK","2006","01","12","07","2","",0,"8",0,"8","","","",4,"",0,"8",0,"8",8,"",270,"",2,"",0,"",-3.6,"",.0,"8","U","",4.4,"",94,"",-4.4,"",1016.8,"",1030.9,"",3,1.9,"",.0,"8",0,"8","10","2","8","","6","","","/","","","/","","",0,"8",.0,"8",.0,"8","","8",0,"8","","",.0,"8",.0,"8",.0,"8",.0,"8",.0,"8",.0,"8",.0,"8",.0,"8",.0,"8",0,"8",0,"8",0,"8","","",0,"8",0,"8"
"352190360","P£OCK","2006","01","12","08","2","",0,"8",0,"8","","","",4,"",0,"8",0,"8",8,"",280,"",3,"",0,"",-2.7,"",.0,"8","U","",4.6,"",92,"",-3.8,"",1017.4,"",1031.5,"",2,2.1,"",.0,"8",0,"8","79","7","6","","7","","","2","","","/","","",0,"8",.0,"8",.0,"8","","8",0,"8","","",.0,"8",.0,"8",.0,"8",.0,"8",.0,"8",.0,"8",.0,"8",.0,"8",.0,"8",0,"8",0,"8",0,"8","","",0,"8",0,"8"
"352190360","P£OCK","2006","01","12","09","1","",0,"8",0,"8","","","",4,"",0,"8",0,"8",8,"",290,"",2,"",0,"",-2.0,"",.0,"8","U","",4.9,"",93,"",-3.0,"",1017.8,"",1031.8,"",1,1.9,"",.0,"8",0,"8","23","2","8","","6","","","/","","","/","","",0,"8",.0,"8",.0,"8","","8",0,"8","","",.0,"8",.0,"8",.0,"8",.0,"8",.0,"8",.0,"8",.0,"8",.0,"8",.0,"8",0,"8",0,"8",0,"8","","",0,"8",0,"8"
"352190360","P£OCK","2006","01","12","10","1","",0,"8",0,"8","","","",2,"",0,"8",0,"8",8,"",300,"",3,"",0,"",-1.6,"",.0,"8","U","",5.2,"",95,"",-2.3,"",1018.6,"",1032.6,"",2,1.8,"",.0,"8",0,"8","46","4","8","","6","","","/","","","/","","",0,"8",.0,"8",.0,"8","","8",0,"8","","",.0,"8",.0,"8",.0,"8",.0,"8",.0,"8",.0,"8",.0,"8",.0,"8",.0,"8",0,"8",0,"8",0,"8","","",0,"8",0,"8"
"352190360","P£OCK","2006","01","12","11","1","",0,"8",0,"8","","","",4,"",0,"8",0,"8",8,"",310,"",4,"",0,"",-.4,"",.0,"8","U","",5.7,"",96,"",-1.0,"",1019.0,"",1033.0,"",2,1.6,"",.0,"8",0,"8","28","4","8","","6","","","/","","","/","","",0,"8",.0,"8",.0,"8","","8",0,"8","","",.0,"8",.0,"8",.0,"8",.0,"8",.0,"8",.0,"8",.0,"8",.0,"8",.0,"8",0,"8",0,"8",0,"8","","",0,"8",0,"8"
"352190360","P£OCK","2006","01","12","12","1","",0,"8",0,"8","","","",4,"",0,"8",0,"8",8,"",300,"",3,"",0,"",-.1,"",.0,"8","U","",5.8,"",96,"",-.7,"",1019.3,"",1033.3,"",1,1.5,"",.0,"",8,"","10","7","8","","6","","","/","","","/","","",14,"",.0,"8",.0,"8","","8",0,"8","","",.0,"8",.0,"8",.0,"8",.0,"8",.0,"8",.0,"8",.0,"8",.0,"8",.0,"8",0,"8",0,"8",0,"8","","",0,"8",0,"8"
"352190360","P£OCK","2006","01","12","13","1","",0,"8",0,"8","","","",4,"",0,"8",0,"8",8,"",300,"",4,"",0,"",.0,"",.0,"8","U","",5.9,"",96,"",-.6,"",1019.7,"",1033.7,"",2,1.1,"",.0,"8",0,"8","10","2","8","","6","","","/","","","/","","",0,"8",.0,"8",.0,"8","","8",0,"8","","",.0,"8",.0,"8",.0,"8",.0,"8",.0,"8",.0,"8",.0,"8",.0,"8",.0,"8",0,"8",0,"8",0,"8","","",0,"8",0,"8"
"352190360","P£OCK","2006","01","12","14","1","",0,"8",0,"8","","","",4,"",0,"8",0,"8",8,"",300,"",3,"",0,"",-.1,"",.0,"8","U","",5.8,"",96,"",-.7,"",1019.9,"",1033.9,"",2,.9,"",.0,"8",0,"8","10","2","8","","6","","","/","","","/","","",0,"8",.0,"8",.0,"8","","8",0,"8","","",.0,"8",.0,"8",.0,"8",.0,"8",.0,"8",.0,"8",.0,"8",.0,"8",.0,"8",0,"8",0,"8",0,"8","","",0,"8",0,"8"
"352190360","P£OCK","2006","01","12","15","2","",0,"8",0,"8","","","",6,"",0,"8",0,"8",8,"",290,"",4,"",0,"",.1,"",.0,"8","U","",5.9,"",96,"",-.5,"",1020.8,"",1034.8,"",2,1.5,"",.0,"8",0,"8","10","2","8","","6","","","/","","","/","","",0,"8",.0,"8",.0,"8","","8",0,"8","","",.0,"8",.0,"8",.0,"8",.0,"8",.0,"8",.0,"8",.0,"8",.0,"8",.0,"8",0,"8",0,"8",0,"8","","",0,"8",0,"8"
"352190360","P£OCK","2006","01","12","16","2","",0,"8",0,"8","","","",6,"",0,"8",0,"8",8,"",270,"",3,"",0,"",.3,"",.0,"8","U","",5.9,"",94,"",-.6,"",1021.3,"",1035.3,"",2,1.6,"",.0,"8",0,"8","10","2","8","","6","","","/","","","/","","",0,"8",.0,"8",.0,"8","","8",0,"8","","",.0,"8",.0,"8",.0,"8",.0,"8",.0,"8",.0,"8",.0,"8",.0,"8",.0,"8",0,"8",0,"8",0,"8","","",0,"8",0,"8"
"352190360","P£OCK","2006","01","12","17","2","",0,"8",0,"8","","","",6,"",0,"8",0,"8",8,"",270,"",2,"",0,"",.3,"",.0,"8","U","",5.7,"",92,"",-.8,"",1021.8,"",1035.8,"",1,1.9,"",.0,"8",0,"8","10","2","8","","6","","","/","","","/","","",0,"8",.0,"8",.0,"8","","8",0,"8","","",.0,"8",.0,"8",.0,"8",.0,"8",.0,"8",.0,"8",.0,"8",.0,"8",.0,"8",0,"8",0,"8",0,"8","","",0,"8",0,"8"
"352190360","P£OCK","2006","01","12","18","3","",0,"8",0,"8","","","",6,"",0,"8",0,"8",8,"",280,"",3,"",0,"",.6,"",.0,"8","U","",5.7,"",89,"",-1.0,"",1022.5,"",1036.5,"",3,1.7,"",.0,"9",0,"9","10","2","8","","6","","","/","","","/","","",14,"",.0,"8",.0,"8","","8",0,"8","","",.0,"8",.0,"8",.0,"8",.0,"8",.0,"8",.0,"8",.0,"8",.0,"8",.0,"8",0,"8",0,"8",0,"8","","",0,"8",0,"8"
"352190360","P£OCK","2006","01","12","19","3","",0,"8",0,"8","","","",6,"",0,"8",0,"8",8,"",290,"",3,"",0,"",.5,"",.0,"8","U","",5.7,"",90,"",-1.0,"",1022.9,"",1036.9,"",2,1.6,"",.0,"8",0,"8","10","2","8","","6","","","/","","","/","","",0,"8",.0,"8",.0,"8","","8",0,"8","","",.0,"8",.0,"8",.0,"8",.0,"8",.0,"8",.0,"8",.0,"8",.0,"8",.0,"8",0,"8",0,"8",0,"8","","",0,"8",0,"8"
"352190360","P£OCK","2006","01","12","20","2","",0,"8",0,"8","","","",6,"",0,"8",0,"8",8,"",300,"",3,"",0,"",.3,"",.0,"8","U","",5.6,"",90,"",-1.1,"",1022.8,"",1036.8,"",0,1.0,"",.0,"8",0,"8","10","2","8","","6","","","/","","","/","","",0,"8",.0,"8",.0,"8","","8",0,"8","","",.0,"8",.0,"8",.0,"8",.0,"8",.0,"8",.0,"8",.0,"8",.0,"8",.0,"8",0,"8",0,"8",0,"8","","",0,"8",0,"8"
"352190360","P£OCK","2006","01","12","21","2","",0,"8",0,"8","","","",6,"",0,"8",0,"8",8,"",290,"",4,"",0,"",.0,"",.0,"8","U","",5.5,"",90,"",-1.4,"",1022.9,"",1036.9,"",2,.4,"",.0,"8",0,"8","10","2","8","","6","","","/","","","/","","",0,"8",.0,"8",.0,"8","","8",0,"8","","",.0,"8",.0,"8",.0,"8",.0,"8",.0,"8",.0,"8",.0,"8",.0,"8",.0,"8",0,"8",0,"8",0,"8","","",0,"8",0,"8"
"352190360","P£OCK","2006","01","12","22","2","",0,"8",0,"8","","","",6,"",0,"8",0,"8",8,"",290,"",4,"",0,"",-.1,"",.0,"8","U","",5.5,"",91,"",-1.4,"",1023.2,"",1037.2,"",3,.3,"",.0,"8",0,"8","10","2","8","","6","","","/","","","/","","",0,"8",.0,"8",.0,"8","","8",0,"8","","",.0,"8",.0,"8",.0,"8",.0,"8",.0,"8",.0,"8",.0,"8",.0,"8",.0,"8",0,"8",0,"8",0,"8","","",0,"8",0,"8"
"352190360","P£OCK","2006","01","12","23","2","",0,"8",0,"8","","","",6,"",0,"8",0,"8",8,"",290,"",4,"",0,"",-.3,"",.0,"8","U","",5.4,"",91,"",-1.6,"",1023.7,"",1037.7,"",3,.9,"",.0,"8",0,"8","10","2","8","","6","","","/","","","/","","",0,"8",.0,"8",.0,"8","","8",0,"8","","",.0,"8",.0,"8",.0,"8",.0,"8",.0,"8",.0,"8",.0,"8",.0,"8",.0,"8",0,"8",0,"8",0,"8","","",0,"8",0,"8"
"352190360","P£OCK","2006","01","13","00","2","",0,"8",0,"8","","","",6,"",0,"8",0,"8",8,"",280,"",4,"",0,"",-.3,"",.0,"8","U","",5.4,"",91,"",-1.6,"",1024.1,"",1038.1,"",2,1.2,"",.0,"9",0,"9","10","2","8","","6","","","/","","","/","","",14,"",.0,"8",.0,"8","","8",0,"8","","",.0,"8",.0,"8",.0,"8",.0,"8",.0,"8",.0,"8",.0,"8",.0,"8",.0,"8",0,"8",0,"8",0,"8","","",0,"8",0,"8"
"352190360","P£OCK","2006","01","13","01","2","",0,"8",0,"8","","","",6,"",0,"8",0,"8",8,"",290,"",4,"",0,"",-.4,"",.0,"8","U","",5.4,"",91,"",-1.7,"",1024.1,"",1038.1,"",1,.9,"",.0,"8",0,"8","10","2","8","","6","","","/","","","/","","",0,"8",.0,"8",.0,"8","","8",0,"8","","",.0,"8",.0,"8",.0,"8",.0,"8",.0,"8",.0,"8",.0,"8",.0,"8",.0,"8",0,"8",0,"8",0,"8","","",0,"8",0,"8"
"352190360","P£OCK","2006","01","13","02","2","",0,"8",0,"8","","","",6,"",0,"8",0,"8",8,"",300,"",3,"",0,"",-.4,"",.0,"8","U","",5.4,"",91,"",-1.7,"",1024.0,"",1038.0,"",0,.3,"",.0,"8",0,"8","10","2","8","","6","","","/","","","/","","",0,"8",.0,"8",.0,"8","","8",0,"8","","",.0,"8",.0,"8",.0,"8",.0,"8",.0,"8",.0,"8",.0,"8",.0,"8",.0,"8",0,"8",0,"8",0,"8","","",0,"8",0,"8"
"352190360","P£OCK","2006","01","13","03","2","",0,"8",0,"8","","","",5,"",0,"8",0,"8",8,"",300,"",4,"",0,"",-.7,"",.0,"8","U","",5.3,"",92,"",-1.8,"",1024.1,"",1038.2,"",5,.0,"",.0,"8",0,"8","10","2","8","","6","","","/","","","/","","",0,"8",.0,"8",.0,"8","","8",0,"8","","",.0,"8",.0,"8",.0,"8",.0,"8",.0,"8",.0,"8",.0,"8",.0,"8",.0,"8",0,"8",0,"8",0,"8","","",0,"8",0,"8"
"352190360","P£OCK","2006","01","13","04","2","",0,"8",0,"8","","","",5,"",0,"8",0,"8",8,"",290,"",4,"",0,"",-1.0,"",.0,"8","U","",5.3,"",93,"",-2.0,"",1024.0,"",1038.1,"",7,-.1,"",.0,"8",0,"8","10","2","8","","6","","","/","","","/","","",0,"8",.0,"8",.0,"8","","8",0,"8","","",.0,"8",.0,"8",.0,"8",.0,"8",.0,"8",.0,"8",.0,"8",.0,"8",.0,"8",0,"8",0,"8",0,"8","","",0,"8",0,"8"
"352190360","P£OCK","2006","01","13","05","2","",0,"8",0,"8","","","",5,"",0,"8",0,"8",8,"",300,"",3,"",0,"",-1.1,"",.0,"8","U","",5.3,"",94,"",-1.9,"",1024.3,"",1038.4,"",3,.3,"",.0,"8",0,"8","10","2","8","","6","","","/","","","/","","",0,"8",.0,"8",.0,"8","","8",0,"8","","",.0,"8",.0,"8",.0,"8",.0,"8",.0,"8",.0,"8",.0,"8",.0,"8",.0,"8",0,"8",0,"8",0,"8","","",0,"8",0,"8"
"352190360","P£OCK","2006","01","13","06","2","",0,"8",0,"8","","","",5,"",0,"8",0,"8",8,"",250,"",2,"",0,"",-1.1,"",.0,"8","U","",5.2,"",93,"",-2.1,"",1024.4,"",1038.5,"",3,.3,"",.0,"9",0,"9","10","2","8","","6","","","/","","","/","","",14,"",.0,"8",.0,"8","","8",0,"8","","",.0,"8",.0,"8",.0,"8",.0,"8",.0,"8",.0,"8",.0,"8",.0,"8",.0,"8",0,"8",0,"8",0,"8","","",0,"8",0,"8"
"352190360","P£OCK","2006","01","13","07","2","",0,"8",0,"8","","","",5,"",0,"8",0,"8",8,"",250,"",2,"",0,"",-1.3,"",.0,"8","U","",5.2,"",93,"",-2.3,"",1024.8,"",1038.9,"",2,.8,"",.0,"8",0,"8","10","2","8","","6","","","/","","","/","","",0,"8",.0,"8",.0,"8","","8",0,"8","","",.0,"8",.0,"8",.0,"8",.0,"8",.0,"8",.0,"8",.0,"8",.0,"8",.0,"8",0,"8",0,"8",0,"8","","",0,"8",0,"8"
"352190360","P£OCK","2006","01","13","08","2","",0,"8",0,"8","","","",5,"",0,"8",0,"8",8,"",260,"",1,"",0,"",-1.4,"",.0,"8","U","",5.1,"",92,"",-2.5,"",1024.9,"",1039.0,"",2,.6,"",.0,"8",0,"8","10","2","8","","6","","","/","","","/","","",0,"8",.0,"8",.0,"8","","8",0,"8","","",.0,"8",.0,"8",.0,"8",.0,"8",.0,"8",.0,"8",.0,"8",.0,"8",.0,"8",0,"8",0,"8",0,"8","","",0,"8",0,"8"
"352190360","P£OCK","2006","01","13","09","2","",0,"8",0,"8","","","",5,"",0,"8",0,"8",8,"",240,"",2,"",0,"",-1.4,"",.0,"8","U","",5.1,"",92,"",-2.5,"",1025.4,"",1039.5,"",2,1.0,"",.0,"8",0,"8","10","2","8","","6","","","/","","","/","","",0,"8",.0,"8",.0,"8","","8",0,"8","","",.0,"8",.0,"8",.0,"8",.0,"8",.0,"8",.0,"8",.0,"8",.0,"8",.0,"8",0,"8",0,"8",0,"8","","",0,"8",0,"8"
"352190360","P£OCK","2006","01","13","10","2","",0,"8",0,"8","","","",5,"",0,"8",0,"8",8,"",250,"",2,"",0,"",-1.4,"",.0,"8","U","",5.1,"",92,"",-2.5,"",1025.1,"",1039.2,"",0,.3,"",.0,"8",0,"8","10","2","8","","6","","","/","","","/","","",0,"8",.0,"8",.0,"8","","8",0,"8","","",.0,"8",.0,"8",.0,"8",.0,"8",.0,"8",.0,"8",.0,"8",.0,"8",.0,"8",0,"8",0,"8",0,"8","","",0,"8",0,"8"
"352190360","P£OCK","2006","01","13","11","2","",0,"8",0,"8","","","",5,"",0,"8",0,"8",8,"",280,"",2,"",0,"",-1.4,"",.0,"8","U","",5.0,"",91,"",-2.7,"",1025.1,"",1039.2,"",1,.2,"",.0,"8",0,"8","10","2","8","","6","","","/","","","/","","",0,"8",.0,"8",.0,"8","","8",0,"8","","",.0,"8",.0,"8",.0,"8",.0,"8",.0,"8",.0,"8",.0,"8",.0,"8",.0,"8",0,"8",0,"8",0,"8","","",0,"8",0,"8"
"352190360","P£OCK","2006","01","13","12","2","",0,"8",0,"8","","","",6,"",0,"8",0,"8",8,"",270,"",2,"",0,"",-1.4,"",.0,"8","U","",5.0,"",91,"",-2.7,"",1024.7,"",1038.8,"",7,-.7,"",.0,"9",0,"9","10","2","8","","6","","","/","","","/","","",14,"",.0,"8",.0,"8","","8",0,"8","","",.0,"8",.0,"8",.0,"8",.0,"8",.0,"8",.0,"8",.0,"8",.0,"8",.0,"8",0,"8",0,"8",0,"8","","",0,"8",0,"8"
"352190360","P£OCK","2006","01","13","13","2","",0,"8",0,"8","","","",6,"",0,"8",0,"8",8,"",230,"",1,"",0,"",-1.4,"",.0,"8","U","",5.0,"",90,"",-2.8,"",1024.7,"",1038.8,"",6,-.4,"",.0,"8",0,"8","10","2","8","","6","","","/","","","/","","",0,"8",.0,"8",.0,"8","","8",0,"8","","",.0,"8",.0,"8",.0,"8",.0,"8",.0,"8",.0,"8",.0,"8",.0,"8",.0,"8",0,"8",0,"8",0,"8","","",0,"8",0,"8"
"352190360","P£OCK","2006","01","13","14","2","",0,"8",0,"8","","","",5,"",0,"8",0,"8",8,"",20,"",1,"",0,"",-1.6,"",.0,"8","U","",4.9,"",91,"",-2.9,"",1024.8,"",1038.9,"",5,-.3,"",.0,"8",0,"8","10","2","8","","6","","","/","","","/","","",0,"8",.0,"8",.0,"8","","8",0,"8","","",.0,"8",.0,"8",.0,"8",.0,"8",.0,"8",.0,"8",.0,"8",.0,"8",.0,"8",0,"8",0,"8",0,"8","","",0,"8",0,"8"
"352190360","P£OCK","2006","01","13","15","2","",0,"8",0,"8","","","",5,"",0,"8",0,"8",8,"",250,"",1,"",0,"",-1.7,"",.0,"8","U","",5.0,"",92,"",-2.8,"",1024.8,"",1038.9,"",1,.1,"",.0,"8",0,"8","10","2","8","","6","","","/","","","/","","",0,"8",.0,"8",.0,"8","","8",0,"8","","",.0,"8",.0,"8",.0,"8",.0,"8",.0,"8",.0,"8",.0,"8",.0,"8",.0,"8",0,"8",0,"8",0,"8","","",0,"8",0,"8"
"352190360","P£OCK","2006","01","13","16","2","",0,"8",0,"8","","","",5,"",0,"8",0,"8",8,"",210,"",1,"",0,"",-1.8,"",.0,"8","U","",4.9,"",92,"",-2.9,"",1024.8,"",1038.9,"",1,.1,"",.0,"8",0,"8","10","2","8","","6","","","/","","","/","","",0,"8",.0,"8",.0,"8","","8",0,"8","","",.0,"8",.0,"8",.0,"8",.0,"8",.0,"8",.0,"8",.0,"8",.0,"8",.0,"8",0,"8",0,"8",0,"8","","",0,"8",0,"8"
"352190360","P£OCK","2006","01","13","17","2","",0,"8",0,"8","","","",5,"",0,"8",0,"8",8,"",150,"",2,"",0,"",-2.1,"",.0,"8","U","",4.8,"",92,"",-3.2,"",1024.7,"",1038.8,"",8,-.1,"",.0,"8",0,"8","10","2","8","","6","","","/","","","/","","",0,"8",.0,"8",.0,"8","","8",0,"8","","",.0,"8",.0,"8",.0,"8",.0,"8",.0,"8",.0,"8",.0,"8",.0,"8",.0,"8",0,"8",0,"8",0,"8","","",0,"8",0,"8"
"352190360","P£OCK","2006","01","13","18","2","",0,"8",0,"8","","","",4,"",0,"8",0,"8",8,"",170,"",2,"",0,"",-2.5,"",.0,"8","U","",4.7,"",93,"",-3.5,"",1024.6,"",1038.8,"",8,-.2,"",.0,"9",0,"9","10","2","8","","6","","","/","","","/","","",14,"",.0,"8",.0,"8","","8",0,"8","","",.0,"8",.0,"8",.0,"8",.0,"8",.0,"8",.0,"8",.0,"8",.0,"8",.0,"8",0,"8",0,"8",0,"8","","",0,"8",0,"8"
"352190360","P£OCK","2006","01","13","19","1","",0,"8",0,"8","","","",4,"",0,"8",0,"8",8,"",140,"",2,"",0,"",-2.8,"",.0,"8","U","",4.7,"",94,"",-3.6,"",1024.5,"",1038.7,"",7,-.3,"",.0,"8",0,"8","10","2","8","","6","","","/","","","/","","",0,"8",.0,"8",.0,"8","","8",0,"8","","",.0,"8",.0,"8",.0,"8",.0,"8",.0,"8",.0,"8",.0,"8",.0,"8",.0,"8",0,"8",0,"8",0,"8","","",0,"8",0,"8"
"352190360","P£OCK","2006","01","13","20","1","",0,"8",0,"8","","","",4,"",0,"8",0,"8",8,"",160,"",2,"",0,"",-3.0,"",.0,"8","U","",4.7,"",95,"",-3.7,"",1024.3,"",1038.5,"",7,-.4,"",.0,"8",0,"8","10","2","8","","6","","","/","","","/","","",0,"8",.0,"8",.0,"8","","8",0,"8","","",.0,"8",.0,"8",.0,"8",.0,"8",.0,"8",.0,"8",.0,"8",.0,"8",.0,"8",0,"8",0,"8",0,"8","","",0,"8",0,"8"
"352190360","P£OCK","2006","01","13","21","1","",0,"8",0,"8","","","",3,"",0,"8",0,"8",8,"",170,"",2,"",0,"",-3.6,"",.0,"8","U","",4.5,"",96,"",-4.1,"",1024.6,"",1038.8,"",5,.0,"",.0,"8",0,"8","46","2","8","","6","","","/","","","/","","",0,"8",.0,"8",.0,"8","","8",0,"8","","",.0,"8",.0,"8",.0,"8",.0,"8",.0,"8",.0,"8",.0,"8",.0,"8",.0,"8",0,"8",0,"8",0,"8","","",0,"8",0,"8"
"352190360","P£OCK","2006","01","13","22","1","",0,"8",0,"8","","","",2,"",0,"8",0,"8",8,"",160,"",2,"",0,"",-3.7,"",.0,"8","U","",4.5,"",96,"",-4.2,"",1024.5,"",1038.7,"",4,.0,"",.0,"8",0,"8","46","4","8","","6","","","/","","","/","","",0,"8",.0,"8",.0,"8","","8",0,"8","","",.0,"8",.0,"8",.0,"8",.0,"8",.0,"8",.0,"8",.0,"8",.0,"8",.0,"8",0,"8",0,"8",0,"8","","",0,"8",0,"8"
"352190360","P£OCK","2006","01","13","23","1","",0,"8",0,"8","","","",2,"",0,"8",0,"8",8,"",150,"",2,"",0,"",-4.2,"",.0,"8","U","",4.3,"",97,"",-4.6,"",1024.3,"",1038.5,"",0,.0,"",.0,"8",0,"8","42","4","8","","6","","","/","","","/","","",0,"8",.0,"8",.0,"8","","8",0,"8","","",.0,"8",.0,"8",.0,"8",.0,"8",.0,"8",.0,"8",.0,"8",.0,"8",.0,"8",0,"8",0,"8",0,"8","","",0,"8",0,"8"
"352190360","P£OCK","2006","01","14","00","1","",0,"8",0,"8","","","",2,"",0,"8",0,"8",8,"",150,"",2,"",0,"",-4.4,"",.0,"8","U","",4.3,"",97,"",-4.8,"",1024.4,"",1038.7,"",5,-.2,"",.0,"9",0,"9","44","4","8","","6","","","/","","","/","","",14,"",.0,"8",.0,"8","","8",0,"8","","",.0,"8",.0,"8",.0,"8",.0,"8",.0,"8",.0,"8",.0,"8",.0,"8",.0,"8",0,"8",0,"8",0,"8","","",0,"8",0,"8"
"352190360","P£OCK","2006","01","14","01","1","",0,"8",0,"8","","","",2,"",0,"8",0,"8",8,"",130,"",2,"",0,"",-4.5,"",.0,"8","U","",4.2,"",95,"",-5.2,"",1024.3,"",1038.6,"",7,-.2,"",.0,"8",0,"8","44","4","8","","6","","","/","","","/","","",0,"8",.0,"8",.0,"8","","8",0,"8","","",.0,"8",.0,"8",.0,"8",.0,"8",.0,"8",.0,"8",.0,"8",.0,"8",.0,"8",0,"8",0,"8",0,"8","","",0,"8",0,"8"
"352190360","P£OCK","2006","01","14","02","1","",0,"8",0,"8","","","",2,"",0,"8",0,"8",8,"",160,"",2,"",0,"",-4.6,"",.0,"8","U","",4.1,"",95,"",-5.3,"",1023.9,"",1038.2,"",8,-.4,"",.0,"8",0,"8","44","4","8","","6","","","/","","","/","","",0,"8",.0,"8",.0,"8","","8",0,"8","","",.0,"8",.0,"8",.0,"8",.0,"8",.0,"8",.0,"8",.0,"8",.0,"8",.0,"8",0,"8",0,"8",0,"8","","",0,"8",0,"8"
"352190360","P£OCK","2006","01","14","03","1","",0,"8",0,"8","","","",3,"",0,"8",0,"8",8,"",140,"",2,"",0,"",-4.8,"",.0,"8","U","",4.1,"",95,"",-5.5,"",1023.5,"",1037.8,"",8,-.9,"",.0,"8",0,"8","42","4","8","","6","","","/","","","/","","",0,"8",.0,"8",.0,"8","","8",0,"8","","",.0,"8",.0,"8",.0,"8",.0,"8",.0,"8",.0,"8",.0,"8",.0,"8",.0,"8",0,"8",0,"8",0,"8","","",0,"8",0,"8"
"352190360","P£OCK","2006","01","14","04","1","",0,"8",0,"8","","","",3,"",0,"8",0,"8",8,"",140,"",2,"",0,"",-4.9,"",.0,"8","U","",4.0,"",94,"",-5.7,"",1023.4,"",1037.7,"",6,-.9,"",.0,"8",0,"8","44","4","8","","6","","","/","","","/","","",0,"8",.0,"8",.0,"8","","8",0,"8","","",.0,"8",.0,"8",.0,"8",.0,"8",.0,"8",.0,"8",.0,"8",.0,"8",.0,"8",0,"8",0,"8",0,"8","","",0,"8",0,"8"
"352190360","P£OCK","2006","01","14","05","1","",0,"8",0,"8","","","",3,"",0,"8",0,"8",8,"",170,"",1,"",0,"",-4.9,"",.0,"8","U","",4.0,"",94,"",-5.7,"",1023.5,"",1037.8,"",5,-.4,"",.0,"8",0,"8","48","4","8","","6","","","/","","","/","","",0,"8",.0,"8",.0,"8","","8",0,"8","","",.0,"8",.0,"8",.0,"8",.0,"8",.0,"8",.0,"8",.0,"8",.0,"8",.0,"8",0,"8",0,"8",0,"8","","",0,"8",0,"8"
"352190360","P£OCK","2006","01","14","06","1","",0,"8",0,"8","","","",3,"",0,"8",0,"8",8,"",180,"",2,"",0,"",-5.1,"",.0,"8","U","",3.9,"",94,"",-5.9,"",1023.7,"",1038.0,"",3,.2,"",.0,"9",0,"9","48","4","8","","6","","","/","","","/","","",14,"",.0,"8",.0,"8","","8",0,"8","","",.0,"8",.0,"8",.0,"8",.0,"8",.0,"8",.0,"8",.0,"8",.0,"8",.0,"8",0,"8",0,"8",0,"8","","",0,"8",0,"8"
"352190360","P£OCK","2006","01","14","07","2","",0,"8",0,"8","","","",3,"",0,"8",0,"8",8,"",150,"",2,"",0,"",-5.3,"",.0,"8","U","",3.9,"",94,"",-6.1,"",1023.7,"",1038.0,"",1,.3,"",.0,"8",0,"8","48","4","8","","6","","","/","","","/","","",0,"8",.0,"8",.0,"8","","8",0,"8","","",.0,"8",.0,"8",.0,"8",.0,"8",.0,"8",.0,"8",.0,"8",.0,"8",.0,"8",0,"8",0,"8",0,"8","","",0,"8",0,"8"
"352190360","P£OCK","2006","01","14","08","2","",0,"8",0,"8","","","",3,"",0,"8",0,"8",8,"",150,"",2,"",0,"",-5.6,"",.0,"8","U","",3.8,"",94,"",-6.4,"",1024.0,"",1038.3,"",2,.5,"",.0,"8",0,"8","48","4","8","","6","","","/","","","/","","",0,"8",.0,"8",.0,"8","","8",0,"8","","",.0,"8",.0,"8",.0,"8",.0,"8",.0,"8",.0,"8",.0,"8",.0,"8",.0,"8",0,"8",0,"8",0,"8","","",0,"8",0,"8"
"352190360","P£OCK","2006","01","14","09","2","",0,"8",0,"8","","","",3,"",0,"8",0,"8",8,"",170,"",2,"",0,"",-5.6,"",.0,"8","U","",3.8,"",94,"",-6.4,"",1023.8,"",1038.1,"",0,.1,"",.0,"8",0,"8","48","4","8","","6","","","/","","","/","","",0,"8",.0,"8",.0,"8","","8",0,"8","","",.0,"8",.0,"8",.0,"8",.0,"8",.0,"8",.0,"8",.0,"8",.0,"8",.0,"8",0,"8",0,"8",0,"8","","",0,"8",0,"8"
"352190360","P£OCK","2006","01","14","10","1","",0,"8",0,"8","","","",3,"",0,"8",0,"8",8,"",160,"",1,"",0,"",-5.5,"",.0,"8","U","",3.8,"",94,"",-6.3,"",1023.4,"",1037.7,"",8,-.3,"",.0,"8",0,"8","48","4","8","","6","","","/","","","/","","",0,"8",.0,"8",.0,"8","","8",0,"8","","",.0,"8",.0,"8",.0,"8",.0,"8",.0,"8",.0,"8",.0,"8",.0,"8",.0,"8",0,"8",0,"8",0,"8","","",0,"8",0,"8"
"352190360","P£OCK","2006","01","14","11","2","",0,"8",0,"8","","","",3,"",0,"8",0,"8",8,"",140,"",2,"",0,"",-5.7,"",.0,"8","U","",3.8,"",94,"",-6.5,"",1023.2,"",1037.5,"",7,-.8,"",.0,"8",0,"8","48","4","8","","6","","","/","","","/","","",0,"8",.0,"8",.0,"8","","8",0,"8","","",.0,"8",.0,"8",.0,"8",.0,"8",.0,"8",.0,"8",.0,"8",.0,"8",.0,"8",0,"8",0,"8",0,"8","","",0,"8",0,"8"
"352190360","P£OCK","2006","01","14","12","1","",0,"8",0,"8","","","",3,"",0,"8",0,"8",8,"",130,"",1,"",0,"",-5.4,"",.0,"8","U","",3.9,"",94,"",-6.2,"",1022.8,"",1037.1,"",7,-1.0,"",.0,"9",0,"9","48","4","8","","6","","","/","","","/","","",14,"",.0,"8",.0,"8","","8",0,"8","","",.0,"8",.0,"8",.0,"8",.0,"8",.0,"8",.0,"8",.0,"8",.0,"8",.0,"8",0,"8",0,"8",0,"8","","",0,"8",0,"8"
"352190360","P£OCK","2006","01","14","13","2","",0,"8",0,"8","","","",4,"",0,"8",0,"8",8,"",110,"",1,"",0,"",-5.5,"",.0,"8","U","",3.8,"",94,"",-6.3,"",1022.8,"",1037.1,"",6,-.6,"",.0,"8",0,"8","28","4","8","","6","","","/","","","/","","",0,"8",.0,"8",.0,"8","","8",0,"8","","",.0,"8",.0,"8",.0,"8",.0,"8",.0,"8",.0,"8",.0,"8",.0,"8",.0,"8",0,"8",0,"8",0,"8","","",0,"8",0,"8"
"352190360","P£OCK","2006","01","14","14","2","",0,"8",0,"8","","","",3,"",0,"8",0,"8",8,"",120,"",1,"",0,"",-5.7,"",.0,"8","U","",3.8,"",94,"",-6.5,"",1022.7,"",1037.0,"",7,-.5,"",.0,"8",0,"8","46","2","8","","6","","","/","","","/","","",0,"8",.0,"8",.0,"8","","8",0,"8","","",.0,"8",.0,"8",.0,"8",.0,"8",.0,"8",.0,"8",.0,"8",.0,"8",.0,"8",0,"8",0,"8",0,"8","","",0,"8",0,"8"
"352190360","P£OCK","2006","01","14","15","1","",0,"8",0,"8","","","",3,"",0,"8",0,"8",8,"",140,"",1,"",0,"",-5.9,"",.0,"8","U","",3.7,"",94,"",-6.7,"",1022.5,"",1036.8,"",8,-.3,"",.0,"8",0,"8","46","4","8","","6","","","/","","","/","","",0,"8",.0,"8",.0,"8","","8",0,"8","","",.0,"8",.0,"8",.0,"8",.0,"8",.0,"8",.0,"8",.0,"8",.0,"8",.0,"8",0,"8",0,"8",0,"8","","",0,"8",0,"8"
"352190360","P£OCK","2006","01","14","16","1","",0,"8",0,"8","","","",3,"",0,"8",0,"8",8,"",130,"",1,"",0,"",-6.2,"",.0,"8","U","",3.6,"",93,"",-7.1,"",1022.4,"",1036.7,"",7,-.4,"",.0,"8",0,"8","48","4","8","","6","","","/","","","/","","",0,"8",.0,"8",.0,"8","","8",0,"8","","",.0,"8",.0,"8",.0,"8",.0,"8",.0,"8",.0,"8",.0,"8",.0,"8",.0,"8",0,"8",0,"8",0,"8","","",0,"8",0,"8"
"352190360","P£OCK","2006","01","14","17","1","",0,"8",0,"8","","","",3,"",0,"8",0,"8",8,"",150,"",1,"",0,"",-6.3,"",.0,"8","U","",3.6,"",93,"",-7.2,"",1022.4,"",1036.7,"",6,-.3,"",.0,"8",0,"8","48","4","8","","6","","","/","","","/","","",0,"8",.0,"8",.0,"8","","8",0,"8","","",.0,"8",.0,"8",.0,"8",.0,"8",.0,"8",.0,"8",.0,"8",.0,"8",.0,"8",0,"8",0,"8",0,"8","","",0,"8",0,"8"
"352190360","P£OCK","2006","01","14","18","1","",0,"8",0,"8","","","",3,"",0,"8",0,"8",8,"",150,"",1,"",0,"",-6.7,"",.0,"8","U","",3.4,"",93,"",-7.6,"",1022.2,"",1036.6,"",7,-.3,"",.0,"9",0,"9","48","4","8","","6","","","/","","","/","","",14,"",.0,"8",.0,"8","","8",0,"8","","",.0,"8",.0,"8",.0,"8",.0,"8",.0,"8",.0,"8",.0,"8",.0,"8",.0,"8",0,"8",0,"8",0,"8","","",0,"8",0,"8"
"352190360","P£OCK","2006","01","14","19","1","",0,"8",0,"8","","","",3,"",0,"8",0,"8",8,"",150,"",1,"",0,"",-7.1,"",.0,"8","U","",3.3,"",93,"",-8.0,"",1022.1,"",1036.5,"",8,-.3,"",.0,"8",0,"8","48","4","8","","6","","","/","","","/","","",0,"8",.0,"8",.0,"8","","8",0,"8","","",.0,"8",.0,"8",.0,"8",.0,"8",.0,"8",.0,"8",.0,"8",.0,"8",.0,"8",0,"8",0,"8",0,"8","","",0,"8",0,"8"
"352190360","P£OCK","2006","01","14","20","1","",0,"8",0,"8","","","",2,"",0,"8",0,"8",8,"",160,"",1,"",0,"",-7.4,"",.0,"8","U","",3.2,"",92,"",-8.5,"",1022.0,"",1036.4,"",7,-.4,"",.0,"8",0,"8","48","4","8","","6","","","/","","","/","","",0,"8",.0,"8",.0,"8","","8",0,"8","","",.0,"8",.0,"8",.0,"8",.0,"8",.0,"8",.0,"8",.0,"8",.0,"8",.0,"8",0,"8",0,"8",0,"8","","",0,"8",0,"8"
"352190360","P£OCK","2006","01","14","21","1","",0,"8",0,"8","","","",2,"",0,"8",0,"8",8,"",120,"",1,"",0,"",-7.5,"",.0,"8","U","",3.2,"",92,"",-8.6,"",1022.1,"",1036.5,"",5,-.1,"",.0,"8",0,"8","48","4","8","","6","","","/","","","/","","",0,"8",.0,"8",.0,"8","","8",0,"8","","",.0,"8",.0,"8",.0,"8",.0,"8",.0,"8",.0,"8",.0,"8",.0,"8",.0,"8",0,"8",0,"8",0,"8","","",0,"8",0,"8"
"352190360","P£OCK","2006","01","14","22","1","",0,"8",0,"8","","","",2,"",0,"8",0,"8",8,"",160,"",1,"",0,"",-7.9,"",.0,"8","U","",3.1,"",92,"",-9.0,"",1022.0,"",1036.4,"",7,-.1,"",.0,"8",0,"8","48","4","8","","6","","","/","","","/","","",0,"8",.0,"8",.0,"8","","8",0,"8","","",.0,"8",.0,"8",.0,"8",.0,"8",.0,"8",.0,"8",.0,"8",.0,"8",.0,"8",0,"8",0,"8",0,"8","","",0,"8",0,"8"
"352190360","P£OCK","2006","01","14","23","1","",0,"8",0,"8","","","",2,"",0,"8",0,"8",8,"",150,"",1,"",0,"",-8.2,"",.0,"8","U","",3.0,"",92,"",-9.3,"",1021.8,"",1036.2,"",8,-.2,"",.0,"8",0,"8","48","4","8","","6","","","/","","","/","","",0,"8",.0,"8",.0,"8","","8",0,"8","","",.0,"8",.0,"8",.0,"8",.0,"8",.0,"8",.0,"8",.0,"8",.0,"8",.0,"8",0,"8",0,"8",0,"8","","",0,"8",0,"8"
"352190360","P£OCK","2006","01","15","00","1","",0,"8",0,"8","","","",3,"",0,"8",0,"8",8,"",140,"",1,"",0,"",-8.1,"",.0,"8","U","",3.1,"",92,"",-9.2,"",1021.6,"",1036.0,"",7,-.5,"",.0,"9",0,"9","48","4","8","","6","","","/","","","/","","",14,"",.0,"8",.0,"8","","8",0,"8","","",.0,"8",.0,"8",.0,"8",.0,"8",.0,"8",.0,"8",.0,"8",.0,"8",.0,"8",0,"8",0,"8",0,"8","","",0,"8",0,"8"
"352190360","P£OCK","2006","01","15","01","1","",0,"8",0,"8","","","",3,"",0,"8",0,"8",8,"",180,"",1,"",0,"",-8.4,"",.0,"8","U","",3.0,"",91,"",-9.6,"",1021.6,"",1036.0,"",6,-.4,"",.0,"8",0,"8","48","4","8","","6","","","/","","","/","","",0,"8",.0,"8",.0,"8","","8",0,"8","","",.0,"8",.0,"8",.0,"8",.0,"8",.0,"8",.0,"8",.0,"8",.0,"8",.0,"8",0,"8",0,"8",0,"8","","",0,"8",0,"8"
"352190360","P£OCK","2006","01","15","02","1","",0,"8",0,"8","","","",3,"",0,"8",0,"8",8,"",140,"",1,"",0,"",-8.3,"",.0,"8","U","",3.0,"",92,"",-9.4,"",1021.4,"",1035.8,"",7,-.4,"",.0,"8",0,"8","48","4","8","","6","","","/","","","/","","",0,"8",.0,"8",.0,"8","","8",0,"8","","",.0,"8",.0,"8",.0,"8",.0,"8",.0,"8",.0,"8",.0,"8",.0,"8",.0,"8",0,"8",0,"8",0,"8","","",0,"8",0,"8"
"352190360","P£OCK","2006","01","15","03","1","",0,"8",0,"8","","","",3,"",0,"8",0,"8",8,"",140,"",1,"",0,"",-8.4,"",.0,"8","U","",3.0,"",91,"",-9.6,"",1021.2,"",1035.6,"",8,-.4,"",.0,"8",0,"8","48","4","8","","6","","","/","","","/","","",0,"8",.0,"8",.0,"8","","8",0,"8","","",.0,"8",.0,"8",.0,"8",.0,"8",.0,"8",.0,"8",.0,"8",.0,"8",.0,"8",0,"8",0,"8",0,"8","","",0,"8",0,"8"
"352190360","P£OCK","2006","01","15","04","1","",0,"8",0,"8","","","",3,"",0,"8",0,"8",8,"",160,"",1,"",0,"",-8.7,"",.0,"8","U","",2.9,"",91,"",-9.9,"",1020.8,"",1035.2,"",8,-.8,"",.0,"8",0,"8","48","4","8","","6","","","/","","","/","","",0,"8",.0,"8",.0,"8","","8",0,"8","","",.0,"8",.0,"8",.0,"8",.0,"8",.0,"8",.0,"8",.0,"8",.0,"8",.0,"8",0,"8",0,"8",0,"8","","",0,"8",0,"8"
"352190360","P£OCK","2006","01","15","05","1","",0,"8",0,"8","","","",3,"",0,"8",0,"8",8,"",150,"",1,"",0,"",-8.8,"",.0,"8","U","",2.9,"",91,"",-10.0,"",1020.8,"",1035.3,"",6,-.6,"",.0,"8",0,"8","48","4","8","","6","","","/","","","/","","",0,"8",.0,"8",.0,"8","","8",0,"8","","",.0,"8",.0,"8",.0,"8",.0,"8",.0,"8",.0,"8",.0,"8",.0,"8",.0,"8",0,"8",0,"8",0,"8","","",0,"8",0,"8"
"352190360","P£OCK","2006","01","15","06","1","",0,"8",0,"8","","","",3,"",0,"8",0,"8",8,"",150,"",1,"",0,"",-8.7,"",.0,"8","U","",2.9,"",91,"",-9.9,"",1020.9,"",1035.3,"",5,-.3,"",.1,"",5,"","48","4","8","","6","","","/","","","/","","",14,"",.0,"8",.0,"8","","8",0,"8","","",.0,"8",.0,"8",.0,"8",.0,"8",.0,"8",.0,"8",.0,"8",.0,"8",.0,"8",0,"8",0,"8",0,"8","","",0,"8",0,"8"
"352190360","P£OCK","2006","01","15","07","2","",0,"8",0,"8","","","",3,"",0,"8",0,"8",8,"",170,"",1,"",0,"",-8.6,"",.0,"8","U","",2.9,"",91,"",-9.8,"",1021.2,"",1035.6,"",3,.4,"",.0,"8",0,"8","48","4","8","","6","","","/","","","/","","",0,"8",.0,"8",.0,"8","","8",0,"8","","",.0,"8",.0,"8",.0,"8",.0,"8",.0,"8",.0,"8",.0,"8",.0,"8",.0,"8",0,"8",0,"8",0,"8","","",0,"8",0,"8"
"352190360","P£OCK","2006","01","15","08","1","",0,"8",0,"8","","","",3,"",0,"8",0,"8",8,"",180,"",1,"",0,"",-8.6,"",.0,"8","U","",2.9,"",91,"",-9.8,"",1021.3,"",1035.7,"",2,.5,"",.0,"8",0,"8","48","4","8","","6","","","/","","","/","","",0,"8",.0,"8",.0,"8","","8",0,"8","","",.0,"8",.0,"8",.0,"8",.0,"8",.0,"8",.0,"8",.0,"8",.0,"8",.0,"8",0,"8",0,"8",0,"8","","",0,"8",0,"8"
"352190360","P£OCK","2006","01","15","09","1","",0,"8",0,"8","","","",4,"",0,"8",0,"8",8,"",160,"",1,"",0,"",-8.4,"",.0,"8","U","",3.0,"",91,"",-9.6,"",1021.2,"",1035.6,"",0,.3,"",.0,"8",0,"8","28","4","8","","6","","","/","","","/","","",0,"8",.0,"8",.0,"8","","8",0,"8","","",.0,"8",.0,"8",.0,"8",.0,"8",.0,"8",.0,"8",.0,"8",.0,"8",.0,"8",0,"8",0,"8",0,"8","","",0,"8",0,"8"
"352190360","P£OCK","2006","01","15","10","1","",0,"8",0,"8","","","",4,"",0,"8",0,"8",8,"",190,"",1,"",0,"",-8.4,"",.0,"8","U","",3.0,"",92,"",-9.5,"",1020.9,"",1035.3,"",8,-.3,"",.0,"8",0,"8","10","2","8","","6","","","/","","","/","","",0,"8",.0,"8",.0,"8","","8",0,"8","","",.0,"8",.0,"8",.0,"8",.0,"8",.0,"8",.0,"8",.0,"8",.0,"8",.0,"8",0,"8",0,"8",0,"8","","",0,"8",0,"8"
"352190360","P£OCK","2006","01","15","11","1","",0,"8",0,"8","","","",4,"",0,"8",0,"8",8,"",150,"",1,"",0,"",-8.2,"",.0,"8","U","",3.0,"",92,"",-9.3,"",1020.4,"",1034.8,"",8,-.9,"",.0,"8",0,"8","10","2","8","","6","","","/","","","/","","",0,"8",.0,"8",.0,"8","","8",0,"8","","",.0,"8",.0,"8",.0,"8",.0,"8",.0,"8",.0,"8",.0,"8",.0,"8",.0,"8",0,"8",0,"8",0,"8","","",0,"8",0,"8"
"352190360","P£OCK","2006","01","15","12","1","",0,"8",0,"8","","","",4,"",0,"8",0,"8",8,"",150,"",1,"",0,"",-7.9,"",.0,"8","U","",3.1,"",92,"",-9.0,"",1020.0,"",1034.4,"",7,-1.2,"",.0,"",7,"","77","4","8","","6","","","/","","","/","","",14,"",.0,"8",.0,"8","","8",0,"8","","",.0,"8",.0,"8",.0,"8",.0,"8",.0,"8",.0,"8",.0,"8",.0,"8",.0,"8",0,"8",0,"8",0,"8","","",0,"8",0,"8"
"352190360","P£OCK","2006","01","15","13","1","",0,"8",0,"8","","","",4,"",0,"8",0,"8",8,"",140,"",1,"",0,"",-7.9,"",.0,"8","U","",3.1,"",92,"",-9.0,"",1019.7,"",1034.1,"",6,-1.2,"",.0,"8",0,"8","20","2","8","","6","","","/","","","/","","",0,"8",.0,"8",.0,"8","","8",0,"8","","",.0,"8",.0,"8",.0,"8",.0,"8",.0,"8",.0,"8",.0,"8",.0,"8",.0,"8",0,"8",0,"8",0,"8","","",0,"8",0,"8"
"352190360","P£OCK","2006","01","15","14","1","",0,"8",0,"8","","","",4,"",0,"8",0,"8",8,"",170,"",1,"",0,"",-8.1,"",.0,"8","U","",3.1,"",92,"",-9.2,"",1019.5,"",1033.9,"",6,-.9,"",.0,"8",0,"8","10","2","8","","6","","","/","","","/","","",0,"8",.0,"8",.0,"8","","8",0,"8","","",.0,"8",.0,"8",.0,"8",.0,"8",.0,"8",.0,"8",.0,"8",.0,"8",.0,"8",0,"8",0,"8",0,"8","","",0,"8",0,"8"
"352190360","P£OCK","2006","01","15","15","1","",0,"8",0,"8","","","",4,"",0,"8",0,"8",8,"",0,"",0,"",0,"",-8.0,"",.0,"8","U","",3.1,"",92,"",-9.1,"",1019.1,"",1033.5,"",7,-.9,"",.0,"8",0,"8","10","7","8","","6","","","/","","","/","","",0,"8",.0,"8",.0,"8","","8",0,"8","","",.0,"8",.0,"8",.0,"8",.0,"8",.0,"8",.0,"8",.0,"8",.0,"8",.0,"8",0,"8",0,"8",0,"8","","",0,"8",0,"8"
"352190360","P£OCK","2006","01","15","16","1","",0,"8",0,"8","","","",4,"",0,"8",0,"8",8,"",140,"",1,"",0,"",-7.8,"",.0,"8","U","",3.1,"",92,"",-8.9,"",1019.0,"",1033.4,"",7,-.7,"",.0,"8",0,"8","10","2","8","","6","","","/","","","/","","",0,"8",.0,"8",.0,"8","","8",0,"8","","",.0,"8",.0,"8",.0,"8",.0,"8",.0,"8",.0,"8",.0,"8",.0,"8",.0,"8",0,"8",0,"8",0,"8","","",0,"8",0,"8"
"352190360","P£OCK","2006","01","15","17","1","",0,"8",0,"8","","","",4,"",0,"8",0,"8",8,"",160,"",1,"",0,"",-7.9,"",.0,"8","U","",3.1,"",92,"",-9.0,"",1018.8,"",1033.2,"",7,-.7,"",.0,"8",0,"8","10","2","8","","6","","","/","","","/","","",0,"8",.0,"8",.0,"8","","8",0,"8","","",.0,"8",.0,"8",.0,"8",.0,"8",.0,"8",.0,"8",.0,"8",.0,"8",.0,"8",0,"8",0,"8",0,"8","","",0,"8",0,"8"
"352190360","P£OCK","2006","01","15","18","2","",0,"8",0,"8","","","",3,"",0,"8",0,"8",8,"",140,"",1,"",0,"",-8.0,"",.0,"8","U","",3.1,"",92,"",-9.1,"",1018.8,"",1033.2,"",6,-.3,"",.0,"",7,"","46","7","8","","6","","","/","","","/","","",14,"",.0,"8",.0,"8","","8",0,"8","","",.0,"8",.0,"8",.0,"8",.0,"8",.0,"8",.0,"8",.0,"8",.0,"8",.0,"8",0,"8",0,"8",0,"8","","",0,"8",0,"8"
"352190360","P£OCK","2006","01","15","19","1","",0,"8",0,"8","","","",3,"",0,"8",0,"8",8,"",120,"",1,"",0,"",-8.0,"",.0,"8","U","",3.1,"",92,"",-9.1,"",1018.7,"",1033.1,"",7,-.3,"",.0,"8",0,"8","46","4","8","","6","","","/","","","/","","",0,"8",.0,"8",.0,"8","","8",0,"8","","",.0,"8",.0,"8",.0,"8",.0,"8",.0,"8",.0,"8",.0,"8",.0,"8",.0,"8",0,"8",0,"8",0,"8","","",0,"8",0,"8"
"352190360","P£OCK","2006","01","15","20","1","",0,"8",0,"8","","","",2,"",0,"8",0,"8",8,"",120,"",1,"",0,"",-8.0,"",.0,"8","U","",3.1,"",92,"",-9.1,"",1018.2,"",1032.6,"",8,-.6,"",.0,"8",0,"8","48","4","8","","6","","","/","","","/","","",0,"8",.0,"8",.0,"8","","8",0,"8","","",.0,"8",.0,"8",.0,"8",.0,"8",.0,"8",.0,"8",.0,"8",.0,"8",.0,"8",0,"8",0,"8",0,"8","","",0,"8",0,"8"
"352190360","P£OCK","2006","01","15","21","1","",0,"8",0,"8","","","",2,"",0,"8",0,"8",8,"",0,"",0,"",0,"",-8.1,"",.0,"8","U","",3.1,"",92,"",-9.2,"",1017.9,"",1032.3,"",7,-.9,"",.0,"8",0,"8","48","4","8","","6","","","/","","","/","","",0,"8",.0,"8",.0,"8","","8",0,"8","","",.0,"8",.0,"8",.0,"8",.0,"8",.0,"8",.0,"8",.0,"8",.0,"8",.0,"8",0,"8",0,"8",0,"8","","",0,"8",0,"8"
"352190360","P£OCK","2006","01","15","22","1","",0,"8",0,"8","","","",3,"",0,"8",0,"8",8,"",130,"",1,"",0,"",-8.1,"",.0,"8","U","",3.1,"",92,"",-9.2,"",1017.7,"",1032.1,"",6,-1.0,"",.0,"8",0,"8","48","4","8","","6","","","/","","","/","","",0,"8",.0,"8",.0,"8","","8",0,"8","","",.0,"8",.0,"8",.0,"8",.0,"8",.0,"8",.0,"8",.0,"8",.0,"8",.0,"8",0,"8",0,"8",0,"8","","",0,"8",0,"8"
"352190360","P£OCK","2006","01","15","23","1","",0,"8",0,"8","","","",2,"",0,"8",0,"8",8,"",120,"",1,"",0,"",-8.4,"",.0,"8","U","",3.0,"",91,"",-9.6,"",1017.2,"",1031.6,"",7,-1.0,"",.0,"8",0,"8","48","4","8","","6","","","/","","","/","","",0,"8",.0,"8",.0,"8","","8",0,"8","","",.0,"8",.0,"8",.0,"8",.0,"8",.0,"8",.0,"8",.0,"8",.0,"8",.0,"8",0,"8",0,"8",0,"8","","",0,"8",0,"8"
"352190360","P£OCK","2006","01","16","00","1","",0,"8",0,"8","","","",2,"",0,"8",0,"8",8,"",130,"",1,"",0,"",-8.6,"",.0,"8","U","",2.9,"",91,"",-9.8,"",1016.7,"",1031.1,"",8,-1.2,"",.0,"9",0,"9","48","4","8","","6","","","/","","","/","","",14,"",.0,"8",.0,"8","","8",0,"8","","",.0,"8",.0,"8",.0,"8",.0,"8",.0,"8",.0,"8",.0,"8",.0,"8",.0,"8",0,"8",0,"8",0,"8","","",0,"8",0,"8"
"352190360","P£OCK","2006","01","16","01","1","",0,"8",0,"8","","","",2,"",0,"8",0,"8",8,"",120,"",1,"",0,"",-8.7,"",.0,"8","U","",2.9,"",91,"",-9.9,"",1016.6,"",1031.0,"",6,-1.1,"",.0,"8",0,"8","48","4","8","","6","","","/","","","/","","",0,"8",.0,"8",.0,"8","","8",0,"8","","",.0,"8",.0,"8",.0,"8",.0,"8",.0,"8",.0,"8",.0,"8",.0,"8",.0,"8",0,"8",0,"8",0,"8","","",0,"8",0,"8"
"352190360","P£OCK","2006","01","16","02","1","",0,"8",0,"8","","","",2,"",0,"8",0,"8",8,"",120,"",1,"",0,"",-8.9,"",.0,"8","U","",2.8,"",91,"",-10.1,"",1016.1,"",1030.5,"",7,-1.1,"",.0,"8",0,"8","48","4","8","","6","","","/","","","/","","",0,"8",.0,"8",.0,"8","","8",0,"8","","",.0,"8",.0,"8",.0,"8",.0,"8",.0,"8",.0,"8",.0,"8",.0,"8",.0,"8",0,"8",0,"8",0,"8","","",0,"8",0,"8"
"352190360","P£OCK","2006","01","16","03","1","",0,"8",0,"8","","","",2,"",0,"8",0,"8",8,"",0,"",0,"",0,"",-9.2,"",.0,"8","U","",2.8,"",91,"",-10.4,"",1015.4,"",1029.8,"",8,-1.3,"",.0,"8",0,"8","48","4","8","","6","","","/","","","/","","",0,"8",.0,"8",.0,"8","","8",0,"8","","",.0,"8",.0,"8",.0,"8",.0,"8",.0,"8",.0,"8",.0,"8",.0,"8",.0,"8",0,"8",0,"8",0,"8","","",0,"8",0,"8"
"352190360","P£OCK","2006","01","16","04","1","",0,"8",0,"8","","","",2,"",0,"8",0,"8",8,"",130,"",1,"",0,"",-9.4,"",.0,"8","U","",2.7,"",91,"",-10.6,"",1015.2,"",1029.6,"",7,-1.4,"",.0,"8",0,"8","48","4","8","","6","","","/","","","/","","",0,"8",.0,"8",.0,"8","","8",0,"8","","",.0,"8",.0,"8",.0,"8",.0,"8",.0,"8",.0,"8",.0,"8",.0,"8",.0,"8",0,"8",0,"8",0,"8","","",0,"8",0,"8"
"352190360","P£OCK","2006","01","16","05","1","",0,"8",0,"8","","","",3,"",0,"8",0,"8",8,"",120,"",1,"",0,"",-9.4,"",.0,"8","U","",2.7,"",91,"",-10.6,"",1015.1,"",1029.5,"",6,-1.0,"",.0,"8",0,"8","48","4","8","","6","","","/","","","/","","",0,"8",.0,"8",.0,"8","","8",0,"8","","",.0,"8",.0,"8",.0,"8",.0,"8",.0,"8",.0,"8",.0,"8",.0,"8",.0,"8",0,"8",0,"8",0,"8","","",0,"8",0,"8"
"352190360","P£OCK","2006","01","16","06","2","",0,"8",0,"8","","","",3,"",0,"8",0,"8",8,"",120,"",1,"",0,"",-9.7,"",.0,"8","U","",2.6,"",90,"",-11.0,"",1014.6,"",1029.0,"",7,-.8,"",.0,"9",0,"9","48","4","8","","6","","","/","","","/","","",14,"",.0,"8",.0,"8","","8",0,"8","","",.0,"8",.0,"8",.0,"8",.0,"8",.0,"8",.0,"8",.0,"8",.0,"8",.0,"8",0,"8",0,"8",0,"8","","",0,"8",0,"8"
"352190360","P£OCK","2006","01","16","07","1","",0,"8",0,"8","","","",4,"",0,"8",0,"8",8,"",120,"",1,"",0,"",-9.8,"",.0,"8","U","",2.6,"",90,"",-11.1,"",1014.7,"",1029.1,"",5,-.5,"",.0,"8",0,"8","28","2","8","","6","","","/","","","/","","",0,"8",.0,"8",.0,"8","","8",0,"8","","",.0,"8",.0,"8",.0,"8",.0,"8",.0,"8",.0,"8",.0,"8",.0,"8",.0,"8",0,"8",0,"8",0,"8","","",0,"8",0,"8"
"352190360","P£OCK","2006","01","16","08","1","",0,"8",0,"8","","","",4,"",0,"8",0,"8",8,"",130,"",1,"",0,"",-9.9,"",.0,"8","U","",2.6,"",90,"",-11.2,"",1014.7,"",1029.1,"",6,-.4,"",.0,"8",0,"8","10","2","8","","6","","","/","","","/","","",0,"8",.0,"8",.0,"8","","8",0,"8","","",.0,"8",.0,"8",.0,"8",.0,"8",.0,"8",.0,"8",.0,"8",.0,"8",.0,"8",0,"8",0,"8",0,"8","","",0,"8",0,"8"
"352190360","P£OCK","2006","01","16","09","1","",0,"8",0,"8","","","",4,"",0,"8",0,"8",8,"",110,"",1,"",0,"",-9.7,"",.0,"8","U","",2.6,"",90,"",-11.0,"",1014.4,"",1028.8,"",8,-.2,"",.0,"8",0,"8","10","4","8","","6","","","/","","","/","","",0,"8",.0,"8",.0,"8","","8",0,"8","","",.0,"8",.0,"8",.0,"8",.0,"8",.0,"8",.0,"8",.0,"8",.0,"8",.0,"8",0,"8",0,"8",0,"8","","",0,"8",0,"8"
"352190360","P£OCK","2006","01","16","10","2","",0,"8",0,"8","","","",5,"",0,"8",0,"8",5,"",100,"",1,"",0,"",-9.1,"",.0,"8","U","",2.8,"",91,"",-10.3,"",1014.2,"",1028.6,"",8,-.5,"",.0,"8",0,"8","10","2","5","","6","","","0","","","0","","",0,"8",.0,"8",.0,"8","","8",0,"8","","",.0,"8",.0,"8",.0,"8",.0,"8",.0,"8",.0,"8",.0,"8",.0,"8",.0,"8",0,"8",0,"8",0,"8","","",0,"8",0,"8"
"352190360","P£OCK","2006","01","16","11","9","",0,"8",0,"8","","","",5,"",0,"8",0,"8",0,"",110,"",1,"",0,"",-7.8,"",.0,"8","U","",3.1,"",92,"",-8.9,"",1013.8,"",1028.1,"",7,-.9,"",.0,"8",0,"8","10","1","0","","0","","","0","","","0","","",0,"8",.0,"8",.0,"8","","8",0,"8","","",.0,"8",.0,"8",.0,"8",.0,"8",.0,"8",.0,"8",.0,"8",.0,"8",.0,"8",0,"8",0,"8",0,"8","","",0,"8",0,"8"
"352190360","P£OCK","2006","01","16","12","9","",0,"8",0,"8","","","",5,"",0,"8",0,"8",0,"",120,"",1,"",0,"",-7.0,"",.0,"8","U","",3.4,"",93,"",-7.9,"",1013.1,"",1027.3,"",8,-1.3,"",.0,"9",0,"9","10","4","0","","0","","","0","","","0","","",14,"",.0,"8",.0,"8","","8",0,"8","","",.0,"8",.0,"8",.0,"8",.0,"8",.0,"8",.0,"8",.0,"8",.0,"8",.0,"8",0,"8",0,"8",0,"8","","",0,"8",0,"8"
"352190360","P£OCK","2006","01","16","13","9","",0,"8",0,"8","","","",5,"",0,"8",0,"8",0,"",110,"",2,"",0,"",-6.7,"",.0,"8","U","",3.4,"",93,"",-7.6,"",1012.3,"",1026.5,"",8,-1.9,"",.0,"8",0,"8","10","0","0","","0","","","0","","","0","","",0,"8",.0,"8",.0,"8","","8",0,"8","","",.0,"8",.0,"8",.0,"8",.0,"8",.0,"8",.0,"8",.0,"8",.0,"8",.0,"8",0,"8",0,"8",0,"8","","",0,"8",0,"8"
"352190360","P£OCK","2006","01","16","14","9","",0,"8",0,"8","","","",5,"",0,"8",0,"8",0,"",100,"",2,"",0,"",-7.0,"",.0,"8","U","",3.3,"",92,"",-8.1,"",1012.3,"",1026.5,"",6,-1.5,"",.0,"8",0,"8","10","0","0","","0","","","0","","","0","","",0,"8",.0,"8",.0,"8","","8",0,"8","","",.0,"8",.0,"8",.0,"8",.0,"8",.0,"8",.0,"8",.0,"8",.0,"8",.0,"8",0,"8",0,"8",0,"8","","",0,"8",0,"8"
"352190360","P£OCK","2006","01","16","15","9","",0,"8",0,"8","","","",5,"",0,"8",0,"8",0,"",110,"",1,"",0,"",-8.2,"",.0,"8","U","",3.0,"",91,"",-9.4,"",1012.4,"",1026.7,"",5,-.7,"",.0,"8",0,"8","10","0","0","","0","","","0","","","0","","",0,"8",.0,"8",.0,"8","","8",0,"8","","",.0,"8",.0,"8",.0,"8",.0,"8",.0,"8",.0,"8",.0,"8",.0,"8",.0,"8",0,"8",0,"8",0,"8","","",0,"8",0,"8"
"352190360","P£OCK","2006","01","16","16","9","",0,"8",0,"8","","","",4,"",0,"8",0,"8",0,"",110,"",3,"",0,"",-9.1,"",.0,"8","U","",2.8,"",91,"",-10.3,"",1011.6,"",1025.9,"",8,-.7,"",.0,"8",0,"8","10","0","0","","0","","","0","","","0","","",0,"8",.0,"8",.0,"8","","8",0,"8","","",.0,"8",.0,"8",.0,"8",.0,"8",.0,"8",.0,"8",.0,"8",.0,"8",.0,"8",0,"8",0,"8",0,"8","","",0,"8",0,"8"
"352190360","P£OCK","2006","01","16","17","9","",0,"8",0,"8","","","",4,"",0,"8",0,"8",0,"",120,"",2,"",0,"",-9.1,"",.0,"8","U","",2.8,"",91,"",-10.3,"",1011.2,"",1025.5,"",8,-1.1,"",.0,"8",0,"8","10","0","0","","0","","","0","","","0","","",0,"8",.0,"8",.0,"8","","8",0,"8","","",.0,"8",.0,"8",.0,"8",.0,"8",.0,"8",.0,"8",.0,"8",.0,"8",.0,"8",0,"8",0,"8",0,"8","","",0,"8",0,"8"
"352190360","P£OCK","2006","01","16","18","9","",0,"8",0,"8","","","",4,"",0,"8",0,"8",0,"",130,"",3,"",0,"",-9.3,"",.0,"8","U","",2.8,"",91,"",-10.5,"",1011.0,"",1025.3,"",6,-1.4,"",.0,"9",0,"9","10","0","0","","0","","","0","","","0","","",14,"",.0,"8",.0,"8","","8",0,"8","","",.0,"8",.0,"8",.0,"8",.0,"8",.0,"8",.0,"8",.0,"8",.0,"8",.0,"8",0,"8",0,"8",0,"8","","",0,"8",0,"8"
"352190360","P£OCK","2006","01","16","19","9","",0,"8",0,"8","","","",4,"",0,"8",0,"8",0,"",120,"",3,"",0,"",-9.5,"",.0,"8","U","",2.7,"",91,"",-10.7,"",1010.8,"",1025.1,"",6,-.8,"",.0,"8",0,"8","10","0","0","","0","","","0","","","0","","",0,"8",.0,"8",.0,"8","","8",0,"8","","",.0,"8",.0,"8",.0,"8",.0,"8",.0,"8",.0,"8",.0,"8",.0,"8",.0,"8",0,"8",0,"8",0,"8","","",0,"8",0,"8"
"352190360","P£OCK","2006","01","16","20","9","",0,"8",0,"8","","","",4,"",0,"8",0,"8",0,"",120,"",2,"",0,"",-10.0,"",.0,"8","U","",2.6,"",90,"",-11.3,"",1010.5,"",1024.9,"",7,-.7,"",.0,"8",0,"8","10","0","0","","0","","","0","","","0","","",0,"8",.0,"8",.0,"8","","8",0,"8","","",.0,"8",.0,"8",.0,"8",.0,"8",.0,"8",.0,"8",.0,"8",.0,"8",.0,"8",0,"8",0,"8",0,"8","","",0,"8",0,"8"
"352190360","P£OCK","2006","01","16","21","9","",0,"8",0,"8","","","",4,"",0,"8",0,"8",0,"",120,"",3,"",0,"",-10.6,"",.0,"8","U","",2.5,"",90,"",-11.9,"",1010.4,"",1024.8,"",7,-.6,"",.0,"8",0,"8","10","0","0","","0","","","0","","","0","","",0,"8",.0,"8",.0,"8","","8",0,"8","","",.0,"8",.0,"8",.0,"8",.0,"8",.0,"8",.0,"8",.0,"8",.0,"8",.0,"8",0,"8",0,"8",0,"8","","",0,"8",0,"8"
"352190360","P£OCK","2006","01","16","22","9","",0,"8",0,"8","","","",4,"",0,"8",0,"8",0,"",100,"",2,"",0,"",-11.3,"",.0,"8","U","",2.3,"",89,"",-12.8,"",1010.2,"",1024.6,"",7,-.6,"",.0,"8",0,"8","10","0","0","","0","","","0","","","0","","",0,"8",.0,"8",.0,"8","","8",0,"8","","",.0,"8",.0,"8",.0,"8",.0,"8",.0,"8",.0,"8",.0,"8",.0,"8",.0,"8",0,"8",0,"8",0,"8","","",0,"8",0,"8"
"352190360","P£OCK","2006","01","16","23","1","",0,"8",0,"8","","","",4,"",0,"8",0,"8",8,"",120,"",3,"",0,"",-10.4,"",.0,"8","U","",2.5,"",90,"",-11.7,"",1009.7,"",1024.1,"",8,-.8,"",.0,"8",0,"8","10","1","8","","6","","","/","","","/","","",0,"8",.0,"8",.0,"8","","8",0,"8","","",.0,"8",.0,"8",.0,"8",.0,"8",.0,"8",.0,"8",.0,"8",.0,"8",.0,"8",0,"8",0,"8",0,"8","","",0,"8",0,"8"
"352190360","P£OCK","2006","01","17","00","1","",0,"8",0,"8","","","",4,"",0,"8",0,"8",8,"",120,"",4,"",0,"",-9.7,"",.0,"8","U","",2.7,"",91,"",-10.9,"",1009.4,"",1023.7,"",7,-1.0,"",.0,"9",0,"9","10","1","8","","6","","","/","","","/","","",14,"",.0,"8",.0,"8","","8",0,"8","","",.0,"8",.0,"8",.0,"8",.0,"8",.0,"8",.0,"8",.0,"8",.0,"8",.0,"8",0,"8",0,"8",0,"8","","",0,"8",0,"8"
"352190360","P£OCK","2006","01","17","01","1","",0,"8",0,"8","","","",4,"",0,"8",0,"8",8,"",130,"",3,"",0,"",-9.5,"",.0,"8","U","",2.7,"",91,"",-10.7,"",1009.0,"",1023.3,"",7,-1.2,"",.0,"8",0,"8","10","2","8","","6","","","/","","","/","","",0,"8",.0,"8",.0,"8","","8",0,"8","","",.0,"8",.0,"8",.0,"8",.0,"8",.0,"8",.0,"8",.0,"8",.0,"8",.0,"8",0,"8",0,"8",0,"8","","",0,"8",0,"8"
"352190360","P£OCK","2006","01","17","02","1","",0,"8",0,"8","","","",4,"",0,"8",0,"8",8,"",140,"",2,"",0,"",-9.3,"",.0,"8","U","",2.8,"",91,"",-10.5,"",1008.8,"",1023.1,"",7,-.9,"",.0,"8",0,"8","10","2","8","","6","","","/","","","/","","",0,"8",.0,"8",.0,"8","","8",0,"8","","",.0,"8",.0,"8",.0,"8",.0,"8",.0,"8",.0,"8",.0,"8",.0,"8",.0,"8",0,"8",0,"8",0,"8","","",0,"8",0,"8"
"352190360","P£OCK","2006","01","17","03","2","",0,"8",0,"8","","","",4,"",0,"8",0,"8",8,"",130,"",3,"",0,"",-9.6,"",.0,"8","U","",2.7,"",90,"",-10.9,"",1008.4,"",1022.7,"",7,-1.0,"",.0,"8",0,"8","10","2","8","","6","","","/","","","/","","",0,"8",.0,"8",.0,"8","","8",0,"8","","",.0,"8",.0,"8",.0,"8",.0,"8",.0,"8",.0,"8",.0,"8",.0,"8",.0,"8",0,"8",0,"8",0,"8","","",0,"8",0,"8"
"352190360","P£OCK","2006","01","17","04","3","",0,"8",0,"8","","","",4,"",0,"8",0,"8",2,"",130,"",3,"",0,"",-10.4,"",.0,"8","U","",2.5,"",90,"",-11.7,"",1007.6,"",1022.0,"",8,-1.4,"",.0,"8",0,"8","10","1","2","","6","","","0","","","0","","",0,"8",.0,"8",.0,"8","","8",0,"8","","",.0,"8",.0,"8",.0,"8",.0,"8",.0,"8",.0,"8",.0,"8",.0,"8",.0,"8",0,"8",0,"8",0,"8","","",0,"8",0,"8"
"352190360","P£OCK","2006","01","17","05","9","",0,"8",0,"8","","","",4,"",0,"8",0,"8",0,"",140,"",3,"",0,"",-10.7,"",.0,"8","U","",2.4,"",89,"",-12.2,"",1007.5,"",1021.9,"",7,-1.3,"",.0,"8",0,"8","10","0","0","","0","","","0","","","0","","",0,"8",.0,"8",.0,"8","","8",0,"8","","",.0,"8",.0,"8",.0,"8",.0,"8",.0,"8",.0,"8",.0,"8",.0,"8",.0,"8",0,"8",0,"8",0,"8","","",0,"8",0,"8"
"352190360","P£OCK","2006","01","17","06","2","",0,"8",0,"8","","","",5,"",0,"8",0,"8",7,"",130,"",3,"",0,"",-11.3,"",.0,"8","U","",2.3,"",89,"",-12.8,"",1007.2,"",1021.6,"",7,-1.2,"",.0,"9",0,"9","10","1","7","","6","","","/","","","/","","",14,"",.0,"8",.0,"8","","8",0,"8","","",.0,"8",.0,"8",.0,"8",.0,"8",.0,"8",.0,"8",.0,"8",.0,"8",.0,"8",0,"8",0,"8",0,"8","","",0,"8",0,"8"
"352190360","P£OCK","2006","01","17","07","2","",0,"8",0,"8","","","",4,"",0,"8",0,"8",8,"",140,"",2,"",0,"",-10.5,"",.0,"8","U","",2.5,"",90,"",-11.8,"",1007.1,"",1021.4,"",7,-.5,"",.0,"8",0,"8","10","2","8","","6","","","/","","","/","","",0,"8",.0,"8",.0,"8","","8",0,"8","","",.0,"8",.0,"8",.0,"8",.0,"8",.0,"8",.0,"8",.0,"8",.0,"8",.0,"8",0,"8",0,"8",0,"8","","",0,"8",0,"8"
"352190360","P£OCK","2006","01","17","08","1","",0,"8",0,"8","","","",4,"",0,"8",0,"8",8,"",140,"",3,"",0,"",-9.9,"",.0,"8","U","",2.6,"",90,"",-11.2,"",1006.9,"",1021.2,"",7,-.6,"",.0,"8",0,"8","28","4","8","","6","","","/","","","/","","",0,"8",.0,"8",.0,"8","","8",0,"8","","",.0,"8",.0,"8",.0,"8",.0,"8",.0,"8",.0,"8",.0,"8",.0,"8",.0,"8",0,"8",0,"8",0,"8","","",0,"8",0,"8"
"352190360","P£OCK","2006","01","17","09","1","",0,"8",0,"8","","","",4,"",0,"8",0,"8",8,"",130,"",3,"",0,"",-10.0,"",.0,"8","U","",2.6,"",90,"",-11.3,"",1006.5,"",1020.8,"",8,-.7,"",.0,"8",0,"8","10","4","8","","6","","","/","","","/","","",0,"8",.0,"8",.0,"8","","8",0,"8","","",.0,"8",.0,"8",.0,"8",.0,"8",.0,"8",.0,"8",.0,"8",.0,"8",.0,"8",0,"8",0,"8",0,"8","","",0,"8",0,"8"
"352190360","P£OCK","2006","01","17","10","1","",0,"8",0,"8","","","",4,"",0,"8",0,"8",8,"",130,"",3,"",0,"",-9.0,"",.0,"8","U","",2.8,"",91,"",-10.2,"",1005.9,"",1020.2,"",8,-1.2,"",.0,"8",0,"8","10","2","8","","6","","","/","","","/","","",0,"8",.0,"8",.0,"8","","8",0,"8","","",.0,"8",.0,"8",.0,"8",.0,"8",.0,"8",.0,"8",.0,"8",.0,"8",.0,"8",0,"8",0,"8",0,"8","","",0,"8",0,"8"
"352190360","P£OCK","2006","01","17","11","2","",0,"8",0,"8","","","",4,"",0,"8",0,"8",8,"",130,"",2,"",0,"",-7.7,"",.0,"8","U","",3.2,"",92,"",-8.8,"",1005.2,"",1019.4,"",8,-1.7,"",.0,"8",0,"8","10","2","8","","6","","","/","","","/","","",0,"8",.0,"8",.0,"8","","8",0,"8","","",.0,"8",.0,"8",.0,"8",.0,"8",.0,"8",.0,"8",.0,"8",.0,"8",.0,"8",0,"8",0,"8",0,"8","","",0,"8",0,"8"
"352190360","P£OCK","2006","01","17","12","2","",0,"8",0,"8","","","",5,"",0,"8",0,"8",8,"",130,"",3,"",0,"",-7.1,"",.0,"8","U","",3.3,"",93,"",-8.0,"",1004.3,"",1018.4,"",8,-2.2,"",.0,"9",0,"9","10","4","8","","6","","","/","","","/","","",14,"",.0,"8",.0,"8","","8",0,"8","","",.0,"8",.0,"8",.0,"8",.0,"8",.0,"8",.0,"8",.0,"8",.0,"8",.0,"8",0,"8",0,"8",0,"8","","",0,"8",0,"8"
"352190360","P£OCK","2006","01","17","13","2","",0,"8",0,"8","","","",5,"",0,"8",0,"8",8,"",110,"",2,"",0,"",-7.1,"",.0,"8","U","",3.3,"",93,"",-8.0,"",1003.7,"",1017.8,"",7,-2.2,"",.0,"8",0,"8","10","2","8","","6","","","/","","","/","","",0,"8",.0,"8",.0,"8","","8",0,"8","","",.0,"8",.0,"8",.0,"8",.0,"8",.0,"8",.0,"8",.0,"8",.0,"8",.0,"8",0,"8",0,"8",0,"8","","",0,"8",0,"8"
"352190360","P£OCK","2006","01","17","14","3","",0,"8",0,"8","","","",5,"",0,"8",0,"8",8,"",120,"",2,"",0,"",-7.2,"",.0,"8","U","",3.3,"",93,"",-8.1,"",1003.2,"",1017.3,"",6,-2.0,"",.0,"8",0,"8","10","2","8","","6","","","/","","","/","","",0,"8",.0,"8",.0,"8","","8",0,"8","","",.0,"8",.0,"8",.0,"8",.0,"8",.0,"8",.0,"8",.0,"8",.0,"8",.0,"8",0,"8",0,"8",0,"8","","",0,"8",0,"8"
"352190360","P£OCK","2006","01","17","15","4","",0,"8",0,"8","","","",5,"",0,"8",0,"8",8,"",120,"",3,"",0,"",-6.8,"",.0,"8","U","",3.4,"",93,"",-7.7,"",1002.2,"",1016.3,"",7,-2.1,"",.0,"8",0,"8","10","2","8","","5","","","/","","","/","","",0,"8",.0,"8",.0,"8","","8",0,"8","","",.0,"8",.0,"8",.0,"8",.0,"8",.0,"8",.0,"8",.0,"8",.0,"8",.0,"8",0,"8",0,"8",0,"8","","",0,"8",0,"8"
"352190360","P£OCK","2006","01","17","16","4","",0,"8",0,"8","","","",5,"",0,"8",0,"8",8,"",120,"",3,"",0,"",-6.3,"",.0,"8","U","",3.6,"",93,"",-7.2,"",1001.4,"",1015.4,"",7,-2.3,"",.0,"8",0,"8","10","2","8","","5","","","/","","","/","","",0,"8",.0,"8",.0,"8","","8",0,"8","","",.0,"8",.0,"8",.0,"8",.0,"8",.0,"8",.0,"8",.0,"8",.0,"8",.0,"8",0,"8",0,"8",0,"8","","",0,"8",0,"8"
"352190360","P£OCK","2006","01","17","17","2","",0,"8",0,"8","","","",5,"",0,"8",0,"8",8,"",130,"",3,"",0,"",-6.2,"",.0,"8","U","",3.6,"",93,"",-7.1,"",1000.9,"",1014.9,"",6,-2.3,"",.0,"8",0,"8","10","2","8","","6","","","/","","","/","","",0,"8",.0,"8",.0,"8","","8",0,"8","","",.0,"8",.0,"8",.0,"8",.0,"8",.0,"8",.0,"8",.0,"8",.0,"8",.0,"8",0,"8",0,"8",0,"8","","",0,"8",0,"8"
"352190360","P£OCK","2006","01","17","18","4","",0,"8",0,"8","","","",5,"",0,"8",0,"8",8,"",120,"",3,"",0,"",-6.0,"",.0,"8","U","",3.7,"",94,"",-6.8,"",1000.2,"",1014.2,"",7,-2.0,"",.0,"9",0,"9","10","2","8","","5","","","/","","","/","","",14,"",.0,"8",.0,"8","","8",0,"8","","",.0,"8",.0,"8",.0,"8",.0,"8",.0,"8",.0,"8",.0,"8",.0,"8",.0,"8",0,"8",0,"8",0,"8","","",0,"8",0,"8"
"352190360","P£OCK","2006","01","17","19","3","",0,"8",0,"8","","","",5,"",0,"8",0,"8",8,"",110,"",4,"",0,"",-6.1,"",.0,"8","U","",3.6,"",93,"",-7.0,"",999.1,"",1013.1,"",8,-2.3,"",.0,"8",0,"8","10","2","8","","6","","","/","","","/","","",0,"8",.0,"8",.0,"8","","8",0,"8","","",.0,"8",.0,"8",.0,"8",.0,"8",.0,"8",.0,"8",.0,"8",.0,"8",.0,"8",0,"8",0,"8",0,"8","","",0,"8",0,"8"
"352190360","P£OCK","2006","01","17","20","3","",0,"8",0,"8","","","",5,"",0,"8",0,"8",8,"",120,"",3,"",0,"",-6.5,"",.0,"8","U","",3.5,"",93,"",-7.4,"",998.5,"",1012.5,"",7,-2.4,"",.0,"8",0,"8","10","2","8","","6","","","/","","","/","","",0,"8",.0,"8",.0,"8","","8",0,"8","","",.0,"8",.0,"8",.0,"8",.0,"8",.0,"8",.0,"8",.0,"8",.0,"8",.0,"8",0,"8",0,"8",0,"8","","",0,"8",0,"8"
"352190360","P£OCK","2006","01","17","21","4","",0,"8",0,"8","","","",5,"",0,"8",0,"8",8,"",110,"",3,"",0,"",-6.6,"",.0,"8","U","",3.5,"",93,"",-7.5,"",997.5,"",1011.5,"",7,-2.7,"",.0,"8",0,"8","10","2","8","","5","","","/","","","/","","",0,"8",.0,"8",.0,"8","","8",0,"8","","",.0,"8",.0,"8",.0,"8",.0,"8",.0,"8",.0,"8",.0,"8",.0,"8",.0,"8",0,"8",0,"8",0,"8","","",0,"8",0,"8"
"352190360","P£OCK","2006","01","17","22","4","",0,"8",0,"8","","","",5,"",0,"8",0,"8",8,"",110,"",3,"",0,"",-6.5,"",.0,"8","U","",3.5,"",93,"",-7.4,"",996.6,"",1010.6,"",7,-2.5,"",.0,"8",0,"8","10","2","8","","5","","","/","","","/","","",0,"8",.0,"8",.0,"8","","8",0,"8","","",.0,"8",.0,"8",.0,"8",.0,"8",.0,"8",.0,"8",.0,"8",.0,"8",.0,"8",0,"8",0,"8",0,"8","","",0,"8",0,"8"
"352190360","P£OCK","2006","01","17","23","3","",0,"8",0,"8","","","",5,"",0,"8",0,"8",8,"",120,"",4,"",0,"",-6.5,"",.0,"8","U","",3.5,"",93,"",-7.4,"",995.8,"",1009.8,"",6,-2.7,"",.0,"8",0,"8","10","2","8","","6","","","/","","","/","","",0,"8",.0,"8",.0,"8","","8",0,"8","","",.0,"8",.0,"8",.0,"8",.0,"8",.0,"8",.0,"8",.0,"8",.0,"8",.0,"8",0,"8",0,"8",0,"8","","",0,"8",0,"8"
"352190360","P£OCK","2006","01","18","00","4","",0,"8",0,"8","","","",5,"",0,"8",0,"8",3,"",110,"",4,"",0,"",-7.5,"",.0,"8","U","",3.2,"",92,"",-8.6,"",994.6,"",1008.6,"",7,-2.9,"",.0,"9",0,"9","10","1","3","","5","","","0","","","0","","",14,"",.0,"8",.0,"8","","8",0,"8","","",.0,"8",.0,"8",.0,"8",.0,"8",.0,"8",.0,"8",.0,"8",.0,"8",.0,"8",0,"8",0,"8",0,"8","","",0,"8",0,"8"
"352190360","P£OCK","2006","01","18","01","9","",0,"8",0,"8","","","",5,"",0,"8",0,"8",0,"",110,"",4,"",0,"",-9.1,"",.0,"8","U","",2.8,"",91,"",-10.3,"",994.2,"",1008.3,"",7,-2.4,"",.0,"8",0,"8","10","0","0","","0","","","0","","","0","","",0,"8",.0,"8",.0,"8","","8",0,"8","","",.0,"8",.0,"8",.0,"8",.0,"8",.0,"8",.0,"8",.0,"8",.0,"8",.0,"8",0,"8",0,"8",0,"8","","",0,"8",0,"8"
"352190360","P£OCK","2006","01","18","02","9","",0,"8",0,"8","","","",5,"",0,"8",0,"8",0,"",110,"",4,"",0,"",-10.2,"",.0,"8","U","",2.5,"",90,"",-11.5,"",993.5,"",1007.6,"",7,-2.3,"",.0,"8",0,"8","10","0","0","","0","","","0","","","0","","",0,"8",.0,"8",.0,"8","","8",0,"8","","",.0,"8",.0,"8",.0,"8",.0,"8",.0,"8",.0,"8",.0,"8",.0,"8",.0,"8",0,"8",0,"8",0,"8","","",0,"8",0,"8"
"352190360","P£OCK","2006","01","18","03","9","",0,"8",0,"8","","","",5,"",0,"8",0,"8",0,"",100,"",4,"",0,"",-10.1,"",.0,"8","U","",2.6,"",90,"",-11.4,"",992.6,"",1006.7,"",8,-2.0,"",.0,"8",0,"8","10","0","0","","0","","","0","","","0","","",0,"8",.0,"8",.0,"8","","8",0,"8","","",.0,"8",.0,"8",.0,"8",.0,"8",.0,"8",.0,"8",.0,"8",.0,"8",.0,"8",0,"8",0,"8",0,"8","","",0,"8",0,"8"
"352190360","P£OCK","2006","01","18","04","9","",0,"8",0,"8","","","",5,"",0,"8",0,"8",0,"",100,"",5,"",0,"",-9.5,"",.0,"8","U","",2.7,"",91,"",-10.7,"",991.5,"",1005.6,"",8,-2.7,"",.0,"8",0,"8","10","0","0","","0","","","0","","","0","","",0,"8",.0,"8",.0,"8","","8",0,"8","","",.0,"8",.0,"8",.0,"8",.0,"8",.0,"8",.0,"8",.0,"8",.0,"8",.0,"8",0,"8",0,"8",0,"8","","",0,"8",0,"8"
"352190360","P£OCK","2006","01","18","05","3","",0,"8",0,"8","","","",5,"",0,"8",0,"8",7,"",100,"",6,"",0,"",-8.9,"",.0,"8","U","",2.8,"",91,"",-10.1,"",991.2,"",1005.2,"",6,-2.3,"",.0,"8",0,"8","10","1","7","","6","","","/","","","/","","",0,"8",.0,"8",.0,"8","","8",0,"8","","",.0,"8",.0,"8",.0,"8",.0,"8",.0,"8",.0,"8",.0,"8",.0,"8",.0,"8",0,"8",0,"8",0,"8","","",0,"8",0,"8"
"352190360","P£OCK","2006","01","18","06","2","",0,"8",0,"8","","","",5,"",0,"8",0,"8",8,"",110,"",5,"",0,"",-8.7,"",.0,"8","U","",2.9,"",91,"",-9.9,"",990.7,"",1004.7,"",7,-1.9,"",.0,"9",0,"9","10","1","8","","6","","","/","","","/","","",14,"",.0,"8",.0,"8","","8",0,"8","","",.0,"8",.0,"8",.0,"8",.0,"8",.0,"8",.0,"8",.0,"8",.0,"8",.0,"8",0,"8",0,"8",0,"8","","",0,"8",0,"8"
"352190360","P£OCK","2006","01","18","07","2","",0,"8",0,"8","","","",5,"",0,"8",0,"8",8,"",100,"",5,"",0,"",-8.2,"",.0,"8","U","",3.0,"",92,"",-9.3,"",990.6,"",1004.6,"",7,-.9,"",.0,"8",0,"8","10","2","8","","6","","","/","","","/","","",0,"8",.0,"8",.0,"8","","8",0,"8","","",.0,"8",.0,"8",.0,"8",.0,"8",.0,"8",.0,"8",.0,"8",.0,"8",.0,"8",0,"8",0,"8",0,"8","","",0,"8",0,"8"
"352190360","P£OCK","2006","01","18","08","2","",0,"8",0,"8","","","",4,"",0,"8",0,"8",8,"",90,"",5,"",0,"",-7.2,"",.0,"8","U","",3.3,"",93,"",-8.1,"",990.4,"",1004.3,"",7,-.8,"",.0,"8",0,"8","73","7","6","","7","","","2","","","/","","",0,"8",.0,"8",.0,"8","","8",0,"8","","",.0,"8",.0,"8",.0,"8",.0,"8",.0,"8",.0,"8",.0,"8",.0,"8",.0,"8",0,"8",0,"8",0,"8","","",0,"8",0,"8"
"352190360","P£OCK","2006","01","18","09","3","",0,"8",0,"8","","","",5,"",0,"8",0,"8",8,"",90,"",5,"",0,"",-6.6,"",.0,"8","U","",3.5,"",93,"",-7.5,"",990.4,"",1004.3,"",6,-.3,"",.0,"8",0,"8","71","7","5","","7","","","2","","","/","","",0,"8",.0,"8",.0,"8","","8",0,"8","","",.0,"8",.0,"8",.0,"8",.0,"8",.0,"8",.0,"8",.0,"8",.0,"8",.0,"8",0,"8",0,"8",0,"8","","",0,"8",0,"8"
"352190360","P£OCK","2006","01","18","10","3","",0,"8",0,"8","","","",4,"",0,"8",0,"8",8,"",90,"",5,"",0,"",-6.1,"",.0,"8","U","",3.6,"",93,"",-7.0,"",990.0,"",1003.9,"",7,-.6,"",.0,"8",0,"8","71","7","5","","7","","","2","","","/","","",0,"8",.0,"8",.0,"8","","8",0,"8","","",.0,"8",.0,"8",.0,"8",.0,"8",.0,"8",.0,"8",.0,"8",.0,"8",.0,"8",0,"8",0,"8",0,"8","","",0,"8",0,"8"
"352190360","P£OCK","2006","01","18","11","3","",0,"8",0,"8","","","",5,"",0,"8",0,"8",8,"",80,"",5,"",0,"",-5.8,"",.0,"8","U","",3.7,"",93,"",-6.8,"",990.2,"",1004.1,"",5,-.2,"",.0,"8",0,"8","73","7","5","","7","","","2","","","/","","",0,"8",.0,"8",.0,"8","","8",0,"8","","",.0,"8",.0,"8",.0,"8",.0,"8",.0,"8",.0,"8",.0,"8",.0,"8",.0,"8",0,"8",0,"8",0,"8","","",0,"8",0,"8"
"352190360","P£OCK","2006","01","18","12","3","",0,"8",0,"8","","","",4,"",0,"8",0,"8",8,"",70,"",5,"",0,"",-5.9,"",.0,"8","U","",3.6,"",92,"",-7.0,"",990.2,"",1004.1,"",6,-.2,"",.7,"",7,"","71","7","5","","7","","","2","","","/","","",18,"",.0,"8",.0,"8","","8",0,"8","","",.0,"8",.0,"8",.0,"8",.0,"8",.0,"8",.0,"8",.0,"8",.0,"8",.0,"8",0,"8",0,"8",0,"8","","",0,"8",0,"8"
"352190360","P£OCK","2006","01","18","13","3","",0,"8",0,"8","","","",4,"",0,"8",0,"8",8,"",60,"",4,"",0,"",-6.1,"",.0,"8","U","",3.5,"",91,"",-7.3,"",990.4,"",1004.3,"",2,.4,"",.0,"8",0,"8","71","7","5","","7","","","2","","","/","","",0,"8",.0,"8",.0,"8","","8",0,"8","","",.0,"8",.0,"8",.0,"8",.0,"8",.0,"8",.0,"8",.0,"8",.0,"8",.0,"8",0,"8",0,"8",0,"8","","",0,"8",0,"8"
"352190360","P£OCK","2006","01","18","14","5","",0,"8",0,"8","","","",6,"",0,"8",0,"8",8,"",60,"",4,"",0,"",-6.2,"",.0,"8","U","",3.4,"",89,"",-7.7,"",991.2,"",1005.1,"",3,1.0,"",.0,"8",0,"8","71","7","8","","0","","","2","","","/","","",0,"8",.0,"8",.0,"8","","8",0,"8","","",.0,"8",.0,"8",.0,"8",.0,"8",.0,"8",.0,"8",.0,"8",.0,"8",.0,"8",0,"8",0,"8",0,"8","","",0,"8",0,"8"
"352190360","P£OCK","2006","01","18","15","5","",0,"8",0,"8","","","",6,"",0,"8",0,"8",8,"",50,"",4,"",0,"",-6.4,"",.0,"8","U","",3.4,"",89,"",-7.9,"",991.9,"",1005.8,"",2,1.7,"",.0,"8",0,"8","71","7","8","","0","","","2","","","/","","",0,"8",.0,"8",.0,"8","","8",0,"8","","",.0,"8",.0,"8",.0,"8",.0,"8",.0,"8",.0,"8",.0,"8",.0,"8",.0,"8",0,"8",0,"8",0,"8","","",0,"8",0,"8"
"352190360","P£OCK","2006","01","18","16","6","",0,"8",0,"8","","","",6,"",0,"8",0,"8",8,"",40,"",5,"",0,"",-6.4,"",.0,"8","U","",3.4,"",89,"",-7.9,"",993.0,"",1006.9,"",3,2.6,"",.0,"8",0,"8","71","7","8","","0","","","2","","","/","","",0,"8",.0,"8",.0,"8","","8",0,"8","","",.0,"8",.0,"8",.0,"8",.0,"8",.0,"8",.0,"8",.0,"8",.0,"8",.0,"8",0,"8",0,"8",0,"8","","",0,"8",0,"8"
"352190360","P£OCK","2006","01","18","17","3","",0,"8",0,"8","","","",5,"",0,"8",0,"8",8,"",40,"",5,"",0,"",-6.3,"",.0,"8","U","",3.4,"",89,"",-7.8,"",993.5,"",1007.4,"",2,2.3,"",.0,"8",0,"8","71","7","5","","7","","","2","","","/","","",0,"8",.0,"8",.0,"8","","8",0,"8","","",.0,"8",.0,"8",.0,"8",.0,"8",.0,"8",.0,"8",.0,"8",.0,"8",.0,"8",0,"8",0,"8",0,"8","","",0,"8",0,"8"
"352190360","P£OCK","2006","01","18","18","3","",0,"8",0,"8","","","",6,"",0,"8",0,"8",8,"",30,"",5,"",0,"",-6.0,"",.0,"8","U","",3.5,"",90,"",-7.4,"",994.9,"",1008.8,"",2,3.0,"",.3,"",7,"","71","7","5","","7","","","2","","","/","","",18,"",.0,"8",.0,"8","","8",0,"8","","",.0,"8",.0,"8",.0,"8",.0,"8",.0,"8",.0,"8",.0,"8",.0,"8",.0,"8",0,"8",0,"8",0,"8","","",0,"8",0,"8"
"352190360","P£OCK","2006","01","18","19","4","",0,"8",0,"8","","","",6,"",0,"8",0,"8",8,"",20,"",4,"",0,"",-5.8,"",.0,"8","U","",3.6,"",91,"",-7.0,"",995.7,"",1009.6,"",2,2.7,"",.0,"8",0,"8","22","2","8","","5","","","/","","","/","","",0,"8",.0,"8",.0,"8","","8",0,"8","","",.0,"8",.0,"8",.0,"8",.0,"8",.0,"8",.0,"8",.0,"8",.0,"8",.0,"8",0,"8",0,"8",0,"8","","",0,"8",0,"8"
"352190360","P£OCK","2006","01","18","20","4","",0,"8",0,"8","","","",6,"",0,"8",0,"8",8,"",20,"",5,"",0,"",-5.5,"",.0,"8","U","",3.7,"",90,"",-6.9,"",996.7,"",1010.6,"",2,3.2,"",.0,"8",0,"8","10","2","8","","5","","","/","","","/","","",0,"8",.0,"8",.0,"8","","8",0,"8","","",.0,"8",.0,"8",.0,"8",.0,"8",.0,"8",.0,"8",.0,"8",.0,"8",.0,"8",0,"8",0,"8",0,"8","","",0,"8",0,"8"
"352190360","P£OCK","2006","01","18","21","3","",0,"8",0,"8","","","",6,"",0,"8",0,"8",8,"",30,"",6,"",0,"",-5.5,"",.0,"8","U","",3.6,"",89,"",-7.0,"",997.8,"",1011.7,"",3,2.9,"",.0,"8",0,"8","10","7","8","","6","","","/","","","/","","",0,"8",.0,"8",.0,"8","","8",0,"8","","",.0,"8",.0,"8",.0,"8",.0,"8",.0,"8",.0,"8",.0,"8",.0,"8",.0,"8",0,"8",0,"8",0,"8","","",0,"8",0,"8"
"352190360","P£OCK","2006","01","18","22","3","",0,"8",0,"8","","","",6,"",0,"8",0,"8",8,"",30,"",6,"",0,"",-6.7,"",.0,"8","U","",3.2,"",85,"",-8.8,"",999.2,"",1013.2,"",3,3.5,"",.0,"8",0,"8","10","2","8","","5","","","/","","","/","","",0,"8",.0,"8",.0,"8","","8",0,"8","","",.0,"8",.0,"8",.0,"8",.0,"8",.0,"8",.0,"8",.0,"8",.0,"8",.0,"8",0,"8",0,"8",0,"8","","",0,"8",0,"8"
"352190360","P£OCK","2006","01","18","23","4","",0,"8",0,"8","","","",6,"",0,"8",0,"8",8,"",30,"",5,"",0,"",-7.2,"",.0,"8","U","",3.0,"",83,"",-9.6,"",1000.4,"",1014.5,"",2,3.7,"",.0,"8",0,"8","10","2","8","","5","","","/","","","/","","",0,"8",.0,"8",.0,"8","","8",0,"8","","",.0,"8",.0,"8",.0,"8",.0,"8",.0,"8",.0,"8",.0,"8",.0,"8",.0,"8",0,"8",0,"8",0,"8","","",0,"8",0,"8"
"352190360","P£OCK","2006","01","19","00","4","",0,"8",0,"8","","","",6,"",0,"8",0,"8",8,"",20,"",6,"",0,"",-7.7,"",.0,"8","U","",2.8,"",82,"",-10.2,"",1001.8,"",1015.9,"",2,4.0,"",.0,"",7,"","10","7","8","","5","","","/","","","/","","",18,"",.0,"8",.0,"8","","8",0,"8","","",.0,"8",.0,"8",.0,"8",.0,"8",.0,"8",.0,"8",.0,"8",.0,"8",.0,"8",0,"8",0,"8",0,"8","","",0,"8",0,"8"
"352190360","P£OCK","2006","01","19","01","4","",0,"8",0,"8","","","",7,"",0,"8",0,"8",8,"",30,"",5,"",0,"",-8.0,"",.0,"8","U","",2.7,"",81,"",-10.7,"",1002.9,"",1017.1,"",2,3.7,"",.0,"8",0,"8","02","2","8","","5","","","/","","","/","","",0,"8",.0,"8",.0,"8","","8",0,"8","","",.0,"8",.0,"8",.0,"8",.0,"8",.0,"8",.0,"8",.0,"8",.0,"8",.0,"8",0,"8",0,"8",0,"8","","",0,"8",0,"8"
"352190360","P£OCK","2006","01","19","02","4","",0,"8",0,"8","","","",7,"",0,"8",0,"8",8,"",20,"",4,"",0,"",-8.1,"",.0,"8","U","",2.7,"",81,"",-10.8,"",1003.9,"",1018.1,"",1,3.5,"",.0,"8",0,"8","02","2","8","","5","","","/","","","/","","",0,"8",.0,"8",.0,"8","","8",0,"8","","",.0,"8",.0,"8",.0,"8",.0,"8",.0,"8",.0,"8",.0,"8",.0,"8",.0,"8",0,"8",0,"8",0,"8","","",0,"8",0,"8"
"352190360","P£OCK","2006","01","19","03","4","",0,"8",0,"8","","","",7,"",0,"8",0,"8",8,"",20,"",3,"",0,"",-8.3,"",.0,"8","U","",2.7,"",82,"",-10.8,"",1004.7,"",1018.9,"",1,2.9,"",.0,"8",0,"8","02","2","8","","5","","","/","","","/","","",0,"8",.0,"8",.0,"8","","8",0,"8","","",.0,"8",.0,"8",.0,"8",.0,"8",.0,"8",.0,"8",.0,"8",.0,"8",.0,"8",0,"8",0,"8",0,"8","","",0,"8",0,"8"
"352190360","P£OCK","2006","01","19","04","4","",0,"8",0,"8","","","",7,"",0,"8",0,"8",8,"",30,"",3,"",0,"",-8.6,"",.0,"8","U","",2.6,"",81,"",-11.3,"",1005.6,"",1019.8,"",2,2.7,"",.0,"8",0,"8","85","2","8","","9","","","/","","","/","","",0,"8",.0,"8",.0,"8","","8",0,"8","","",.0,"8",.0,"8",.0,"8",.0,"8",.0,"8",.0,"8",.0,"8",.0,"8",.0,"8",0,"8",0,"8",0,"8","","",0,"8",0,"8"
"352190360","P£OCK","2006","01","19","05","4","",0,"8",0,"8","","","",7,"",0,"8",0,"8",8,"",20,"",3,"",0,"",-8.7,"",.0,"8","U","",2.5,"",80,"",-11.5,"",1006.9,"",1021.1,"",3,3.0,"",.0,"8",0,"8","85","8","8","","9","","","/","","","/","","",0,"8",.0,"8",.0,"8","","8",0,"8","","",.0,"8",.0,"8",.0,"8",.0,"8",.0,"8",.0,"8",.0,"8",.0,"8",.0,"8",0,"8",0,"8",0,"8","","",0,"8",0,"8"
"352190360","P£OCK","2006","01","19","06","4","",0,"8",0,"8","","","",6,"",0,"8",0,"8",8,"",40,"",2,"",0,"",-8.8,"",.0,"8","U","",2.6,"",81,"",-11.5,"",1007.1,"",1021.4,"",2,2.4,"",.0,"",7,"","85","2","8","","9","","","/","","","/","","",18,"",.0,"8",.0,"8","","8",0,"8","","",.0,"8",.0,"8",.0,"8",.0,"8",.0,"8",.0,"8",.0,"8",.0,"8",.0,"8",0,"8",0,"8",0,"8","","",0,"8",0,"8"
"352190360","P£OCK","2006","01","19","07","5","",0,"8",0,"8","","","",7,"",0,"8",0,"8",8,"",360,"",3,"",0,"",-8.9,"",.0,"8","U","",2.6,"",82,"",-11.4,"",1008.8,"",1023.1,"",2,3.2,"",.0,"8",0,"8","85","8","8","","9","","","/","","","/","","",0,"8",.0,"8",.0,"8","","8",0,"8","","",.0,"8",.0,"8",.0,"8",.0,"8",.0,"8",.0,"8",.0,"8",.0,"8",.0,"8",0,"8",0,"8",0,"8","","",0,"8",0,"8"
"352190360","P£OCK","2006","01","19","08","4","",0,"8",0,"8","","","",6,"",0,"8",0,"8",8,"",10,"",3,"",0,"",-9.0,"",.0,"8","U","",2.5,"",82,"",-11.5,"",1009.4,"",1023.7,"",2,2.5,"",.0,"8",0,"8","71","8","6","","5","","","2","","","/","","",0,"8",.0,"8",.0,"8","","8",0,"8","","",.0,"8",.0,"8",.0,"8",.0,"8",.0,"8",.0,"8",.0,"8",.0,"8",.0,"8",0,"8",0,"8",0,"8","","",0,"8",0,"8"
"352190360","P£OCK","2006","01","19","09","4","",0,"8",0,"8","","","",6,"",0,"8",0,"8",7,"",360,"",3,"",0,"",-9.1,"",.0,"8","U","",2.6,"",83,"",-11.5,"",1009.7,"",1024.0,"",1,2.6,"",.0,"8",0,"8","85","8","7","","9","","","/","","","/","","",0,"8",.0,"8",.0,"8","","8",0,"8","","",.0,"8",.0,"8",.0,"8",.0,"8",.0,"8",.0,"8",.0,"8",.0,"8",.0,"8",0,"8",0,"8",0,"8","","",0,"8",0,"8"
"352190360","P£OCK","2006","01","19","10","5","",0,"8",0,"8","","","",6,"",0,"8",0,"8",5,"",20,"",3,"",0,"",-9.5,"",.0,"8","U","",2.4,"",82,"",-12.0,"",1010.0,"",1024.3,"",1,1.2,"",.0,"8",0,"8","85","8","3","","9","","","3","","","0","","",0,"8",.0,"8",.0,"8","","8",0,"8","","",.0,"8",.0,"8",.0,"8",.0,"8",.0,"8",.0,"8",.0,"8",.0,"8",.0,"8",0,"8",0,"8",0,"8","","",0,"8",0,"8"
"352190360","P£OCK","2006","01","19","11","7","",0,"8",0,"8","","","",7,"",0,"8",0,"8",7,"",360,"",3,"",0,"",-9.3,"",.0,"8","U","",2.4,"",80,"",-12.1,"",1011.3,"",1025.6,"",3,1.9,"",.0,"8",0,"8","26","8","7","","9","","","/","","","/","","",0,"8",.0,"8",.0,"8","","8",0,"8","","",.0,"8",.0,"8",.0,"8",.0,"8",.0,"8",.0,"8",.0,"8",.0,"8",.0,"8",0,"8",0,"8",0,"8","","",0,"8",0,"8"
"352190360","P£OCK","2006","01","19","12","7","",0,"8",0,"8","","","",7,"",0,"8",0,"8",5,"",10,"",3,"",0,"",-10.7,"",.0,"8","U","",2.1,"",79,"",-13.6,"",1011.2,"",1025.6,"",0,1.5,"",.1,"",7,"","26","8","1","","5","","","0","","","8","","",18,"",.0,"8",.0,"8","","8",0,"8","","",.0,"8",.0,"8",.0,"8",.0,"8",.0,"8",.0,"8",.0,"8",.0,"8",.0,"8",0,"8",0,"8",0,"8","","",0,"8",0,"8"
"352190360","P£OCK","2006","01","19","13","7","",0,"8",0,"8","","","",7,"",0,"8",0,"8",3,"",360,"",2,"",0,"",-10.9,"",.0,"8","U","",2.1,"",78,"",-14.0,"",1011.8,"",1026.2,"",2,1.8,"",.0,"8",0,"8","01","1","1","","5","","","0","","","1","","",0,"8",.0,"8",.0,"8","","8",0,"8","","",.0,"8",.0,"8",.0,"8",.0,"8",.0,"8",.0,"8",.0,"8",.0,"8",.0,"8",0,"8",0,"8",0,"8","","",0,"8",0,"8"
"352190360","P£OCK","2006","01","19","14","7","",0,"8",0,"8","","","",6,"",0,"8",0,"8",7,"",10,"",3,"",0,"",-12.0,"",.0,"8","U","",1.9,"",79,"",-14.9,"",1011.9,"",1026.4,"",3,.6,"",.0,"8",0,"8","10","1","1","","5","","","0","","","6","","",0,"8",.0,"8",.0,"8","","8",0,"8","","",.0,"8",.0,"8",.0,"8",.0,"8",.0,"8",.0,"8",.0,"8",.0,"8",.0,"8",0,"8",0,"8",0,"8","","",0,"8",0,"8"
"352190360","P£OCK","2006","01","19","15","6","",0,"8",0,"8","","","",6,"",0,"8",0,"8",7,"",350,"",2,"",0,"",-13.2,"",.0,"8","U","",1.8,"",79,"",-16.1,"",1012.7,"",1027.3,"",2,1.5,"",.0,"8",0,"8","10","1","2","","5","","","0","","","8","","",0,"8",.0,"8",.0,"8","","8",0,"8","","",.0,"8",.0,"8",.0,"8",.0,"8",.0,"8",.0,"8",.0,"8",.0,"8",.0,"8",0,"8",0,"8",0,"8","","",0,"8",0,"8"
"352190360","P£OCK","2006","01","19","16","5","",0,"8",0,"8","","","",6,"",0,"8",0,"8",6,"",10,"",2,"",0,"",-15.0,"",.0,"8","U","",1.6,"",81,"",-17.5,"",1013.5,"",1028.2,"",3,1.7,"",.0,"8",0,"8","85","2","2","","9","","","3","","","8","","",0,"8",.0,"8",.0,"8","","8",0,"8","","",.0,"8",.0,"8",.0,"8",.0,"8",.0,"8",.0,"8",.0,"8",.0,"8",.0,"8",0,"8",0,"8",0,"8","","",0,"8",0,"8"
"352190360","P£OCK","2006","01","19","17","5","",0,"8",0,"8","","","",6,"",0,"8",0,"8",2,"",10,"",1,"",0,"",-16.4,"",.0,"8","U","",1.5,"",86,"",-18.2,"",1013.5,"",1028.3,"",1,1.6,"",.0,"8",0,"8","26","1","2","","5","","","0","","","0","","",0,"8",.0,"8",.0,"8","","8",0,"8","","",.0,"8",.0,"8",.0,"8",.0,"8",.0,"8",.0,"8",.0,"8",.0,"8",.0,"8",0,"8",0,"8",0,"8","","",0,"8",0,"8"
"352190360","P£OCK","2006","01","19","18","5","",0,"8",0,"8","","","",6,"",0,"8",0,"8",1,"",20,"",2,"",0,"",-18.9,"",.0,"8","U","",1.2,"",85,"",-20.8,"",1014.3,"",1029.2,"",2,1.6,"",.0,"",7,"","10","8","1","","5","","","0","","","0","","",18,"",.0,"8",.0,"8","","8",0,"8","","",.0,"8",.0,"8",.0,"8",.0,"8",.0,"8",.0,"8",.0,"8",.0,"8",.0,"8",0,"8",0,"8",0,"8","","",0,"8",0,"8"
"352190360","P£OCK","2006","01","19","19","9","",0,"8",0,"8","","","",6,"",0,"8",0,"8",0,"",40,"",2,"",0,"",-19.9,"",.0,"8","U","",1.0,"",82,"",-22.2,"",1014.5,"",1029.5,"",3,1.0,"",.0,"8",0,"8","10","0","0","","0","","","0","","","0","","",0,"8",.0,"8",.0,"8","","8",0,"8","","",.0,"8",.0,"8",.0,"8",.0,"8",.0,"8",.0,"8",.0,"8",.0,"8",.0,"8",0,"8",0,"8",0,"8","","",0,"8",0,"8"
"352190360","P£OCK","2006","01","19","20","9","",0,"8",0,"8","","","",5,"",0,"8",0,"8",0,"",50,"",3,"",0,"",-19.8,"",.0,"8","U","",1.1,"",84,"",-21.8,"",1015.1,"",1030.1,"",2,1.6,"",.0,"8",0,"8","10","0","0","","0","","","0","","","0","","",0,"8",.0,"8",.0,"8","","8",0,"8","","",.0,"8",.0,"8",.0,"8",.0,"8",.0,"8",.0,"8",.0,"8",.0,"8",.0,"8",0,"8",0,"8",0,"8","","",0,"8",0,"8"
"352190360","P£OCK","2006","01","19","21","9","",0,"8",0,"8","","","",6,"",0,"8",0,"8",0,"",60,"",2,"",0,"",-21.4,"",.0,"8","U","",.9,"",81,"",-23.8,"",1015.4,"",1030.5,"",2,1.1,"",.0,"8",0,"8","10","0","0","","0","","","0","","","0","","",0,"8",.0,"8",.0,"8","","8",0,"8","","",.0,"8",.0,"8",.0,"8",.0,"8",.0,"8",.0,"8",.0,"8",.0,"8",.0,"8",0,"8",0,"8",0,"8","","",0,"8",0,"8"
"352190360","P£OCK","2006","01","19","22","9","",0,"8",0,"8","","","",6,"",0,"8",0,"8",4,"",60,"",2,"",0,"",-20.3,"",.0,"8","U","",1.0,"",83,"",-22.4,"",1016.0,"",1031.0,"",2,1.5,"",.0,"8",0,"8","10","0","0","","0","","","0","","","6","","",0,"8",.0,"8",.0,"8","","8",0,"8","","",.0,"8",.0,"8",.0,"8",.0,"8",.0,"8",.0,"8",.0,"8",.0,"8",.0,"8",0,"8",0,"8",0,"8","","",0,"8",0,"8"
"352190360","P£OCK","2006","01","19","23","9","",0,"8",0,"8","","","",6,"",0,"8",0,"8",6,"",60,"",2,"",0,"",-20.4,"",.0,"8","U","",1.0,"",82,"",-22.7,"",1016.1,"",1031.1,"",2,1.0,"",.0,"8",0,"8","10","1","0","","0","","","0","","","6","","",0,"8",.0,"8",.0,"8","","8",0,"8","","",.0,"8",.0,"8",.0,"8",.0,"8",.0,"8",.0,"8",.0,"8",.0,"8",.0,"8",0,"8",0,"8",0,"8","","",0,"8",0,"8"
"352190360","P£OCK","2006","01","20","00","9","",0,"8",0,"8","","","",6,"",0,"8",0,"8",6,"",60,"",2,"",0,"",-21.1,"",.0,"8","U","",.9,"",79,"",-23.8,"",1016.1,"",1031.2,"",1,.7,"",.0,"9",0,"9","10","1","0","","0","","","0","","","8","","",18,"",.0,"8",.0,"8","","8",0,"8","","",.0,"8",.0,"8",.0,"8",.0,"8",.0,"8",.0,"8",.0,"8",.0,"8",.0,"8",0,"8",0,"8",0,"8","","",0,"8",0,"8"
"352190360","P£OCK","2006","01","20","01","9","",0,"8",0,"8","","","",6,"",0,"8",0,"8",5,"",80,"",2,"",0,"",-21.5,"",.0,"8","U","",.9,"",79,"",-24.2,"",1016.0,"",1031.1,"",0,.0,"",.0,"8",0,"8","10","2","0","","0","","","0","","","8","","",0,"8",.0,"8",.0,"8","","8",0,"8","","",.0,"8",.0,"8",.0,"8",.0,"8",.0,"8",.0,"8",.0,"8",.0,"8",.0,"8",0,"8",0,"8",0,"8","","",0,"8",0,"8"
"352190360","P£OCK","2006","01","20","02","9","",0,"8",0,"8","","","",6,"",0,"8",0,"8",4,"",80,"",2,"",0,"",-22.3,"",.0,"8","U","",.8,"",79,"",-25.0,"",1016.3,"",1031.5,"",3,.2,"",.0,"8",0,"8","10","1","0","","0","","","0","","","8","","",0,"8",.0,"8",.0,"8","","8",0,"8","","",.0,"8",.0,"8",.0,"8",.0,"8",.0,"8",.0,"8",.0,"8",.0,"8",.0,"8",0,"8",0,"8",0,"8","","",0,"8",0,"8"
"352190360","P£OCK","2006","01","20","03","9","",0,"8",0,"8","","","",6,"",0,"8",0,"8",2,"",70,"",2,"",0,"",-22.7,"",.0,"8","U","",.8,"",78,"",-25.5,"",1015.9,"",1031.1,"",7,-.2,"",.0,"8",0,"8","10","1","0","","0","","","0","","","1","","",0,"8",.0,"8",.0,"8","","8",0,"8","","",.0,"8",.0,"8",.0,"8",.0,"8",.0,"8",.0,"8",.0,"8",.0,"8",.0,"8",0,"8",0,"8",0,"8","","",0,"8",0,"8"
"352190360","P£OCK","2006","01","20","04","9","",0,"8",0,"8","","","",6,"",0,"8",0,"8",2,"",80,"",3,"",0,"",-22.2,"",.0,"8","U","",.8,"",78,"",-25.0,"",1015.7,"",1030.9,"",8,-.3,"",.0,"8",0,"8","10","0","0","","0","","","0","","","1","","",0,"8",.0,"8",.0,"8","","8",0,"8","","",.0,"8",.0,"8",.0,"8",.0,"8",.0,"8",.0,"8",.0,"8",.0,"8",.0,"8",0,"8",0,"8",0,"8","","",0,"8",0,"8"
"352190360","P£OCK","2006","01","20","05","9","",0,"8",0,"8","","","",6,"",0,"8",0,"8",4,"",100,"",3,"",0,"",-22.3,"",.0,"8","U","",.8,"",77,"",-25.2,"",1015.8,"",1031.0,"",5,-.5,"",.0,"8",0,"8","10","0","0","","0","","","0","","","6","","",0,"8",.0,"8",.0,"8","","8",0,"8","","",.0,"8",.0,"8",.0,"8",.0,"8",.0,"8",.0,"8",.0,"8",.0,"8",.0,"8",0,"8",0,"8",0,"8","","",0,"8",0,"8"
"352190360","P£OCK","2006","01","20","06","9","",0,"8",0,"8","","","",6,"",0,"8",0,"8",6,"",100,"",4,"",0,"",-21.8,"",.0,"8","U","",.8,"",77,"",-24.7,"",1016.0,"",1031.1,"",3,.1,"",.0,"9",0,"9","10","1","2","","0","","","3","","","6","","",18,"",.0,"8",.0,"8","","8",0,"8","","",.0,"8",.0,"8",.0,"8",.0,"8",.0,"8",.0,"8",.0,"8",.0,"8",.0,"8",0,"8",0,"8",0,"8","","",0,"8",0,"8"
"352190360","P£OCK","2006","01","20","07","9","",0,"8",0,"8","","","",6,"",0,"8",0,"8",7,"",110,"",4,"",0,"",-20.7,"",.0,"8","U","",.9,"",78,"",-23.5,"",1016.1,"",1031.2,"",2,.4,"",.0,"8",0,"8","10","2","7","","0","","","5","","","/","","",0,"8",.0,"8",.0,"8","","8",0,"8","","",.0,"8",.0,"8",.0,"8",.0,"8",.0,"8",.0,"8",.0,"8",.0,"8",.0,"8",0,"8",0,"8",0,"8","","",0,"8",0,"8"
"352190360","P£OCK","2006","01","20","08","8","",0,"8",0,"8","","","",6,"",0,"8",0,"8",8,"",110,"",5,"",0,"",-20.0,"",.0,"8","U","",1.0,"",78,"",-22.9,"",1016.0,"",1031.0,"",0,.2,"",.0,"8",0,"8","10","2","5","","5","","","3","","","/","","",0,"8",.0,"8",.0,"8","","8",0,"8","","",.0,"8",.0,"8",.0,"8",.0,"8",.0,"8",.0,"8",.0,"8",.0,"8",.0,"8",0,"8",0,"8",0,"8","","",0,"8",0,"8"
"352190360","P£OCK","2006","01","20","09","8","",0,"8",0,"8","","","",6,"",0,"8",0,"8",8,"",110,"",4,"",0,"",-19.4,"",.0,"8","U","",1.0,"",77,"",-22.4,"",1015.9,"",1030.9,"",8,-.1,"",.0,"8",0,"8","10","2","5","","5","","","3","","","/","","",0,"8",.0,"8",.0,"8","","8",0,"8","","",.0,"8",.0,"8",.0,"8",.0,"8",.0,"8",.0,"8",.0,"8",.0,"8",.0,"8",0,"8",0,"8",0,"8","","",0,"8",0,"8"
"352190360","P£OCK","2006","01","20","10","9","",0,"8",0,"8","","","",6,"",0,"8",0,"8",8,"",100,"",5,"",0,"",-18.8,"",.0,"8","U","",1.1,"",76,"",-22.0,"",1015.3,"",1030.2,"",8,-.8,"",.0,"8",0,"8","10","2","8","","0","","","7","","","/","","",0,"8",.0,"8",.0,"8","","8",0,"8","","",.0,"8",.0,"8",.0,"8",.0,"8",.0,"8",.0,"8",.0,"8",.0,"8",.0,"8",0,"8",0,"8",0,"8","","",0,"8",0,"8"
"352190360","P£OCK","2006","01","20","11","7","",0,"8",0,"8","","","",6,"",0,"8",0,"8",8,"",100,"",5,"",0,"",-17.9,"",.0,"8","U","",1.1,"",76,"",-21.1,"",1014.7,"",1029.6,"",8,-1.3,"",.0,"8",0,"8","10","2","4","","5","","","7","","","/","","",0,"8",.0,"8",.0,"8","","8",0,"8","","",.0,"8",.0,"8",.0,"8",.0,"8",.0,"8",.0,"8",.0,"8",.0,"8",.0,"8",0,"8",0,"8",0,"8","","",0,"8",0,"8"
"352190360","P£OCK","2006","01","20","12","6","",0,"8",0,"8","","","",6,"",0,"8",0,"8",8,"",90,"",4,"",0,"",-17.6,"",.0,"8","U","",1.2,"",76,"",-20.8,"",1014.1,"",1029.0,"",7,-1.8,"",.0,"9",0,"9","10","2","8","","5","","","/","","","/","","",18,"",.0,"8",.0,"8","","8",0,"8","","",.0,"8",.0,"8",.0,"8",.0,"8",.0,"8",.0,"8",.0,"8",.0,"8",.0,"8",0,"8",0,"8",0,"8","","",0,"8",0,"8"
"352190360","P£OCK","2006","01","20","13","6","",0,"8",0,"8","","","",6,"",0,"8",0,"8",8,"",100,"",5,"",0,"",-17.0,"",.0,"8","U","",1.2,"",75,"",-20.4,"",1013.1,"",1027.9,"",8,-2.2,"",.0,"8",0,"8","10","2","6","","5","","","3","","","/","","",0,"8",.0,"8",.0,"8","","8",0,"8","","",.0,"8",.0,"8",.0,"8",.0,"8",.0,"8",.0,"8",.0,"8",.0,"8",.0,"8",0,"8",0,"8",0,"8","","",0,"8",0,"8"
"352190360","P£OCK","2006","01","20","14","5","",0,"8",0,"8","","","",6,"",0,"8",0,"8",8,"",100,"",5,"",0,"",-16.5,"",.0,"8","U","",1.3,"",75,"",-19.9,"",1012.7,"",1027.5,"",7,-2.0,"",.0,"8",0,"8","10","2","8","","5","","","/","","","/","","",0,"8",.0,"8",.0,"8","","8",0,"8","","",.0,"8",.0,"8",.0,"8",.0,"8",.0,"8",.0,"8",.0,"8",.0,"8",.0,"8",0,"8",0,"8",0,"8","","",0,"8",0,"8"
"352190360","P£OCK","2006","01","20","15","6","",0,"8",0,"8","","","",6,"",0,"8",0,"8",8,"",100,"",6,"",0,"",-16.4,"",.0,"8","U","",1.3,"",75,"",-19.8,"",1011.9,"",1026.7,"",7,-2.2,"",.0,"8",0,"8","10","2","8","","5","","","/","","","/","","",0,"8",.0,"8",.0,"8","","8",0,"8","","",.0,"8",.0,"8",.0,"8",.0,"8",.0,"8",.0,"8",.0,"8",.0,"8",.0,"8",0,"8",0,"8",0,"8","","",0,"8",0,"8"
"352190360","P£OCK","2006","01","20","16","6","",0,"8",0,"8","","","",6,"",0,"8",0,"8",8,"",100,"",6,"",0,"",-16.1,"",.0,"8","U","",1.3,"",75,"",-19.5,"",1011.3,"",1026.0,"",7,-1.8,"",.0,"8",0,"8","10","2","8","","5","","","/","","","/","","",0,"8",.0,"8",.0,"8","","8",0,"8","","",.0,"8",.0,"8",.0,"8",.0,"8",.0,"8",.0,"8",.0,"8",.0,"8",.0,"8",0,"8",0,"8",0,"8","","",0,"8",0,"8"
"352190360","P£OCK","2006","01","20","17","5","",0,"8",0,"8","","","",6,"",0,"8",0,"8",8,"",110,"",6,"",0,"",-15.7,"",.0,"8","U","",1.4,"",75,"",-19.1,"",1010.3,"",1025.0,"",7,-2.4,"",.0,"8",0,"8","78","7","8","","5","","","/","","","/","","",0,"8",.0,"8",.0,"8","","8",0,"8","","",.0,"8",.0,"8",.0,"8",.0,"8",.0,"8",.0,"8",.0,"8",.0,"8",.0,"8",0,"8",0,"8",0,"8","","",0,"8",0,"8"
"352190360","P£OCK","2006","01","20","18","5","",0,"8",0,"8","","","",6,"",0,"8",0,"8",8,"",100,"",7,"",0,"",-15.5,"",.0,"8","U","",1.4,"",74,"",-19.1,"",1009.8,"",1024.5,"",7,-2.1,"",.0,"",7,"","71","3","8","","5","","","/","","","/","","",18,"",.0,"8",.0,"8","","8",0,"8","","",.0,"8",.0,"8",.0,"8",.0,"8",.0,"8",.0,"8",.0,"8",.0,"8",.0,"8",0,"8",0,"8",0,"8","","",0,"8",0,"8"
"352190360","P£OCK","2006","01","20","19","6","",0,"8",0,"8","","","",7,"",0,"8",0,"8",8,"",110,"",7,"",0,"",-15.5,"",.0,"8","U","",1.4,"",75,"",-18.9,"",1009.3,"",1024.0,"",6,-2.0,"",.0,"8",0,"8","36","7","8","","5","","","/","","","/","","",0,"8",.0,"8",.0,"8","","8",0,"8","","",.0,"8",.0,"8",.0,"8",.0,"8",.0,"8",.0,"8",.0,"8",.0,"8",.0,"8",0,"8",0,"8",0,"8","","",0,"8",0,"8"
"352190360","P£OCK","2006","01","20","20","7","",0,"8",0,"8","","","",7,"",0,"8",0,"8",8,"",110,"",6,"",0,"",-15.3,"",.0,"8","U","",1.4,"",75,"",-18.7,"",1008.4,"",1023.0,"",8,-1.9,"",.0,"8",0,"8","36","3","8","","5","","","/","","","/","","",0,"8",.0,"8",.0,"8","","8",0,"8","","",.0,"8",.0,"8",.0,"8",.0,"8",.0,"8",.0,"8",.0,"8",.0,"8",.0,"8",0,"8",0,"8",0,"8","","",0,"8",0,"8"
"352190360","P£OCK","2006","01","20","21","7","",0,"8",0,"8","","","",7,"",0,"8",0,"8",8,"",110,"",7,"",12,"",-15.1,"",.0,"8","U","",1.4,"",76,"",-18.4,"",1007.4,"",1022.0,"",8,-2.4,"",.0,"8",0,"8","36","7","8","","5","","","/","","","/","","",0,"8",.0,"8",.0,"8","","8",0,"8","","",.0,"8",.0,"8",.0,"8",.0,"8",.0,"8",.0,"8",.0,"8",.0,"8",.0,"8",0,"8",0,"8",0,"8","","",0,"8",0,"8"
"352190360","P£OCK","2006","01","20","22","7","",0,"8",0,"8","","","",7,"",0,"8",0,"8",8,"",110,"",8,"",0,"",-14.6,"",.0,"8","U","",1.5,"",75,"",-18.1,"",1005.8,"",1020.4,"",8,-3.5,"",.0,"8",0,"8","36","8","8","","9","","","/","","","/","","",0,"8",.0,"8",.0,"8","","8",0,"8","","",.0,"8",.0,"8",.0,"8",.0,"8",.0,"8",.0,"8",.0,"8",.0,"8",.0,"8",0,"8",0,"8",0,"8","","",0,"8",0,"8"
"352190360","P£OCK","2006","01","20","23","6","",0,"8",0,"8","","","",7,"",0,"8",0,"8",8,"",110,"",8,"",0,"",-14.2,"",.0,"8","U","",1.5,"",75,"",-17.7,"",1004.7,"",1019.2,"",7,-3.7,"",.0,"8",0,"8","36","8","8","","9","","","/","","","/","","",0,"8",.0,"8",.0,"8","","8",0,"8","","",.0,"8",.0,"8",.0,"8",.0,"8",.0,"8",.0,"8",.0,"8",.0,"8",.0,"8",0,"8",0,"8",0,"8","","",0,"8",0,"8"
"352190360","P£OCK","2006","01","21","00","2","",0,"8",0,"8","","","",4,"",0,"8",0,"8",8,"",110,"",9,"",0,"",-14.1,"",.0,"8","U","",1.7,"",80,"",-16.8,"",1003.6,"",1018.1,"",6,-3.8,"",.2,"",7,"","85","7","8","","9","","","/","","","/","","",18,"",.0,"8",.0,"8","","8",0,"8","","",.0,"8",.0,"8",.0,"8",.0,"8",.0,"8",.0,"8",.0,"8",.0,"8",.0,"8",0,"8",0,"8",0,"8","","",0,"8",0,"8"
"352190360","P£OCK","2006","01","21","01","4","",0,"8",0,"8","","","",6,"",0,"8",0,"8",8,"",110,"",8,"",13,"",-13.9,"",.0,"8","U","",1.7,"",81,"",-16.5,"",1002.6,"",1017.1,"",7,-3.2,"",.0,"8",0,"8","85","8","8","","9","","","/","","","/","","",0,"8",.0,"8",.0,"8","","8",0,"8","","",.0,"8",.0,"8",.0,"8",.0,"8",.0,"8",.0,"8",.0,"8",.0,"8",.0,"8",0,"8",0,"8",0,"8","","",0,"8",0,"8"
"352190360","P£OCK","2006","01","21","02","2","",0,"8",0,"8","","","",3,"",0,"8",0,"8",8,"",110,"",8,"",0,"",-14.1,"",.0,"8","U","",1.7,"",82,"",-16.5,"",1001.2,"",1015.7,"",7,-3.5,"",.0,"8",0,"8","73","8","6","","7","","","2","","","/","","",0,"8",.0,"8",.0,"8","","8",0,"8","","",.0,"8",.0,"8",.0,"8",.0,"8",.0,"8",.0,"8",.0,"8",.0,"8",.0,"8",0,"8",0,"8",0,"8","","",0,"8",0,"8"
"352190360","P£OCK","2006","01","21","03","2","",0,"8",0,"8","","","",4,"",0,"8",0,"8",8,"",120,"",8,"",0,"",-14.1,"",.0,"8","U","",1.7,"",82,"",-16.5,"",1000.6,"",1015.1,"",7,-3.0,"",.0,"8",0,"8","71","8","6","","7","","","2","","","/","","",0,"8",.0,"8",.0,"8","","8",0,"8","","",.0,"8",.0,"8",.0,"8",.0,"8",.0,"8",.0,"8",.0,"8",.0,"8",.0,"8",0,"8",0,"8",0,"8","","",0,"8",0,"8"
"352190360","P£OCK","2006","01","21","04","2","",0,"8",0,"8","","","",4,"",0,"8",0,"8",8,"",110,"",8,"",0,"",-14.0,"",.0,"8","U","",1.7,"",83,"",-16.3,"",999.4,"",1013.8,"",7,-3.2,"",.0,"8",0,"8","71","7","6","","7","","","2","","","/","","",0,"8",.0,"8",.0,"8","","8",0,"8","","",.0,"8",.0,"8",.0,"8",.0,"8",.0,"8",.0,"8",.0,"8",.0,"8",.0,"8",0,"8",0,"8",0,"8","","",0,"8",0,"8"
"352190360","P£OCK","2006","01","21","05","2","",0,"8",0,"8","","","",3,"",0,"8",0,"8",8,"",110,"",8,"",0,"",-14.0,"",.0,"8","U","",1.7,"",84,"",-16.1,"",998.9,"",1013.3,"",7,-2.3,"",.0,"8",0,"8","71","7","6","","7","","","2","","","/","","",0,"8",.0,"8",.0,"8","","8",0,"8","","",.0,"8",.0,"8",.0,"8",.0,"8",.0,"8",.0,"8",.0,"8",.0,"8",.0,"8",0,"8",0,"8",0,"8","","",0,"8",0,"8"
"352190360","P£OCK","2006","01","21","06","2","",0,"8",0,"8","","","",4,"",0,"8",0,"8",8,"",110,"",6,"",0,"",-13.9,"",.0,"8","U","",1.7,"",83,"",-16.2,"",999.0,"",1013.4,"",5,-1.6,"",1.8,"",7,"","71","8","6","","7","","","2","","","/","","",18,"",.0,"8",.0,"8","","8",0,"8","","",.0,"8",.0,"8",.0,"8",.0,"8",.0,"8",.0,"8",.0,"8",.0,"8",.0,"8",0,"8",0,"8",0,"8","","",0,"8",0,"8"
"352190360","P£OCK","2006","01","21","07","2","",0,"8",0,"8","","","",4,"",0,"8",0,"8",8,"",90,"",5,"",0,"",-14.2,"",.0,"8","U","",1.7,"",82,"",-16.6,"",999.4,"",1013.8,"",5,.0,"",.0,"8",0,"8","71","7","7","","7","","","/","","","/","","",0,"8",.0,"8",.0,"8","","8",0,"8","","",.0,"8",.0,"8",.0,"8",.0,"8",.0,"8",.0,"8",.0,"8",.0,"8",.0,"8",0,"8",0,"8",0,"8","","",0,"8",0,"8"
"352190360","P£OCK","2006","01","21","08","2","",0,"8",0,"8","","","",4,"",0,"8",0,"8",8,"",80,"",5,"",0,"",-14.4,"",.0,"8","U","",1.7,"",82,"",-16.8,"",999.8,"",1014.3,"",3,.9,"",.0,"8",0,"8","71","7","6","","7","","","2","","","/","","",0,"8",.0,"8",.0,"8","","8",0,"8","","",.0,"8",.0,"8",.0,"8",.0,"8",.0,"8",.0,"8",.0,"8",.0,"8",.0,"8",0,"8",0,"8",0,"8","","",0,"8",0,"8"
"352190360","P£OCK","2006","01","21","09","2","",0,"8",0,"8","","","",4,"",0,"8",0,"8",8,"",90,"",5,"",0,"",-14.5,"",.0,"8","U","",1.6,"",80,"",-17.2,"",1000.2,"",1014.7,"",2,1.2,"",.0,"8",0,"8","71","7","6","","7","","","2","","","/","","",0,"8",.0,"8",.0,"8","","8",0,"8","","",.0,"8",.0,"8",.0,"8",.0,"8",.0,"8",.0,"8",.0,"8",.0,"8",.0,"8",0,"8",0,"8",0,"8","","",0,"8",0,"8"
"352190360","P£OCK","2006","01","21","10","3","",0,"8",0,"8","","","",4,"",0,"8",0,"8",8,"",80,"",4,"",0,"",-14.3,"",.0,"8","U","",1.6,"",81,"",-16.8,"",1000.6,"",1015.1,"",2,1.2,"",.0,"8",0,"8","71","7","5","","7","","","2","","","/","","",0,"8",.0,"8",.0,"8","","8",0,"8","","",.0,"8",.0,"8",.0,"8",.0,"8",.0,"8",.0,"8",.0,"8",.0,"8",.0,"8",0,"8",0,"8",0,"8","","",0,"8",0,"8"
"352190360","P£OCK","2006","01","21","11","3","",0,"8",0,"8","","","",4,"",0,"8",0,"8",8,"",70,"",4,"",0,"",-14.4,"",.0,"8","U","",1.6,"",80,"",-17.1,"",1001.1,"",1015.6,"",2,1.3,"",.0,"8",0,"8","71","7","8","","5","","","/","","","/","","",0,"8",.0,"8",.0,"8","","8",0,"8","","",.0,"8",.0,"8",.0,"8",.0,"8",.0,"8",.0,"8",.0,"8",.0,"8",.0,"8",0,"8",0,"8",0,"8","","",0,"8",0,"8"
"352190360","P£OCK","2006","01","21","12","3","",0,"8",0,"8","","","",4,"",0,"8",0,"8",8,"",70,"",5,"",0,"",-14.1,"",.0,"8","U","",1.6,"",79,"",-17.0,"",1001.7,"",1016.2,"",3,1.5,"",1.8,"",7,"","71","7","5","","7","","","2","","","/","","",18,"",.0,"8",.0,"8","","8",0,"8","","",.0,"8",.0,"8",.0,"8",.0,"8",.0,"8",.0,"8",.0,"8",.0,"8",.0,"8",0,"8",0,"8",0,"8","","",0,"8",0,"8"
"352190360","P£OCK","2006","01","21","13","3","",0,"8",0,"8","","","",4,"",0,"8",0,"8",8,"",70,"",4,"",0,"",-14.2,"",.0,"8","U","",1.6,"",79,"",-17.0,"",1002.2,"",1016.7,"",2,1.6,"",.0,"8",0,"8","71","7","5","","7","","","2","","","/","","",0,"8",.0,"8",.0,"8","","8",0,"8","","",.0,"8",.0,"8",.0,"8",.0,"8",.0,"8",.0,"8",.0,"8",.0,"8",.0,"8",0,"8",0,"8",0,"8","","",0,"8",0,"8"
"352190360","P£OCK","2006","01","21","14","3","",0,"8",0,"8","","","",4,"",0,"8",0,"8",8,"",70,"",4,"",0,"",-14.4,"",.0,"8","U","",1.6,"",80,"",-17.1,"",1003.3,"",1017.8,"",3,2.2,"",.0,"8",0,"8","71","7","5","","7","","","2","","","/","","",0,"8",.0,"8",.0,"8","","8",0,"8","","",.0,"8",.0,"8",.0,"8",.0,"8",.0,"8",.0,"8",.0,"8",.0,"8",.0,"8",0,"8",0,"8",0,"8","","",0,"8",0,"8"
"352190360","P£OCK","2006","01","21","15","3","",0,"8",0,"8","","","",5,"",0,"8",0,"8",8,"",60,"",5,"",0,"",-14.5,"",.0,"8","U","",1.6,"",80,"",-17.2,"",1004.3,"",1018.8,"",2,2.6,"",.0,"8",0,"8","71","7","5","","7","","","2","","","/","","",0,"8",.0,"8",.0,"8","","8",0,"8","","",.0,"8",.0,"8",.0,"8",.0,"8",.0,"8",.0,"8",.0,"8",.0,"8",.0,"8",0,"8",0,"8",0,"8","","",0,"8",0,"8"
"352190360","P£OCK","2006","01","21","16","3","",0,"8",0,"8","","","",5,"",0,"8",0,"8",8,"",60,"",4,"",0,"",-14.6,"",.0,"8","U","",1.6,"",79,"",-17.4,"",1005.6,"",1020.2,"",2,3.4,"",.0,"8",0,"8","71","7","5","","7","","","2","","","/","","",0,"8",.0,"8",.0,"8","","8",0,"8","","",.0,"8",.0,"8",.0,"8",.0,"8",.0,"8",.0,"8",.0,"8",.0,"8",.0,"8",0,"8",0,"8",0,"8","","",0,"8",0,"8"
"352190360","P£OCK","2006","01","21","17","3","",0,"8",0,"8","","","",6,"",0,"8",0,"8",8,"",60,"",5,"",0,"",-15.0,"",.0,"8","U","",1.5,"",76,"",-18.3,"",1007.0,"",1021.6,"",3,3.7,"",.0,"8",0,"8","71","7","3","","7","","","2","","","/","","",0,"8",.0,"8",.0,"8","","8",0,"8","","",.0,"8",.0,"8",.0,"8",.0,"8",.0,"8",.0,"8",.0,"8",.0,"8",.0,"8",0,"8",0,"8",0,"8","","",0,"8",0,"8"
"352190360","P£OCK","2006","01","21","18","4","",0,"8",0,"8","","","",6,"",0,"8",0,"8",8,"",60,"",4,"",0,"",-15.1,"",.0,"8","U","",1.5,"",77,"",-18.2,"",1008.3,"",1022.9,"",2,4.0,"",1.0,"",7,"","71","7","3","","5","","","7","","","/","","",18,"",.0,"8",.0,"8","","8",0,"8","","",.0,"8",.0,"8",.0,"8",.0,"8",.0,"8",.0,"8",.0,"8",.0,"8",.0,"8",0,"8",0,"8",0,"8","","",0,"8",0,"8"
"352190360","P£OCK","2006","01","21","19","4","",0,"8",0,"8","","","",6,"",0,"8",0,"8",8,"",60,"",4,"",0,"",-15.3,"",.0,"8","U","",1.4,"",77,"",-18.4,"",1009.6,"",1024.3,"",2,4.0,"",.0,"8",0,"8","71","7","5","","5","","","2","","","/","","",0,"8",.0,"8",.0,"8","","8",0,"8","","",.0,"8",.0,"8",.0,"8",.0,"8",.0,"8",.0,"8",.0,"8",.0,"8",.0,"8",0,"8",0,"8",0,"8","","",0,"8",0,"8"
"352190360","P£OCK","2006","01","21","20","6","",0,"8",0,"8","","","",6,"",0,"8",0,"8",8,"",50,"",5,"",0,"",-15.7,"",.0,"8","U","",1.4,"",75,"",-19.1,"",1011.1,"",1025.8,"",3,4.1,"",.0,"8",0,"8","71","7","8","","5","","","/","","","/","","",0,"8",.0,"8",.0,"8","","8",0,"8","","",.0,"8",.0,"8",.0,"8",.0,"8",.0,"8",.0,"8",.0,"8",.0,"8",.0,"8",0,"8",0,"8",0,"8","","",0,"8",0,"8"
"352190360","P£OCK","2006","01","21","21","6","",0,"8",0,"8","","","",7,"",0,"8",0,"8",3,"",40,"",4,"",0,"",-16.5,"",.0,"8","U","",1.3,"",75,"",-19.9,"",1012.5,"",1027.3,"",2,4.2,"",.0,"8",0,"8","22","7","3","","5","","","0","","","0","","",0,"8",.0,"8",.0,"8","","8",0,"8","","",.0,"8",.0,"8",.0,"8",.0,"8",.0,"8",.0,"8",.0,"8",.0,"8",.0,"8",0,"8",0,"8",0,"8","","",0,"8",0,"8"
"352190360","P£OCK","2006","01","21","22","9","",0,"8",0,"8","","","",7,"",0,"8",0,"8",0,"",50,"",4,"",0,"",-17.2,"",.0,"8","U","",1.2,"",74,"",-20.7,"",1013.8,"",1028.6,"",1,4.2,"",.0,"8",0,"8","01","0","0","","0","","","0","","","0","","",0,"8",.0,"8",.0,"8","","8",0,"8","","",.0,"8",.0,"8",.0,"8",.0,"8",.0,"8",.0,"8",.0,"8",.0,"8",.0,"8",0,"8",0,"8",0,"8","","",0,"8",0,"8"
"352190360","P£OCK","2006","01","21","23","9","",0,"8",0,"8","","","",7,"",0,"8",0,"8",0,"",40,"",3,"",0,"",-18.6,"",.0,"8","U","",1.0,"",72,"",-22.4,"",1014.9,"",1029.8,"",1,3.8,"",.0,"8",0,"8","02","0","0","","0","","","0","","","0","","",0,"8",.0,"8",.0,"8","","8",0,"8","","",.0,"8",.0,"8",.0,"8",.0,"8",.0,"8",.0,"8",.0,"8",.0,"8",.0,"8",0,"8",0,"8",0,"8","","",0,"8",0,"8"
"352190360","P£OCK","2006","01","22","00","9","",0,"8",0,"8","","","",7,"",0,"8",0,"8",0,"",50,"",3,"",0,"",-19.3,"",.0,"8","U","",.9,"",70,"",-23.4,"",1016.0,"",1031.0,"",1,3.5,"",.0,"",7,"","02","7","0","","0","","","0","","","0","","",18,"",.0,"8",.0,"8","","8",0,"8","","",.0,"8",.0,"8",.0,"8",.0,"8",.0,"8",.0,"8",.0,"8",.0,"8",.0,"8",0,"8",0,"8",0,"8","","",0,"8",0,"8"
"352190360","P£OCK","2006","01","22","01","9","",0,"8",0,"8","","","",7,"",0,"8",0,"8",0,"",40,"",4,"",0,"",-20.5,"",.0,"8","U","",.9,"",71,"",-24.4,"",1017.2,"",1032.3,"",2,3.4,"",.0,"8",0,"8","02","0","0","","0","","","0","","","0","","",0,"8",.0,"8",.0,"8","","8",0,"8","","",.0,"8",.0,"8",.0,"8",.0,"8",.0,"8",.0,"8",.0,"8",.0,"8",.0,"8",0,"8",0,"8",0,"8","","",0,"8",0,"8"
"352190360","P£OCK","2006","01","22","02","9","",0,"8",0,"8","","","",7,"",0,"8",0,"8",0,"",50,"",4,"",0,"",-21.4,"",.0,"8","U","",.8,"",69,"",-25.6,"",1018.2,"",1033.3,"",2,3.3,"",.0,"8",0,"8","02","0","0","","0","","","0","","","0","","",0,"8",.0,"8",.0,"8","","8",0,"8","","",.0,"8",.0,"8",.0,"8",.0,"8",.0,"8",.0,"8",.0,"8",.0,"8",.0,"8",0,"8",0,"8",0,"8","","",0,"8",0,"8"
"352190360","P£OCK","2006","01","22","03","9","",0,"8",0,"8","","","",7,"",0,"8",0,"8",0,"",40,"",3,"",0,"",-22.3,"",.0,"8","U","",.7,"",70,"",-26.3,"",1019.4,"",1034.6,"",2,3.4,"",.0,"8",0,"8","02","0","0","","0","","","0","","","0","","",0,"8",.0,"8",.0,"8","","8",0,"8","","",.0,"8",.0,"8",.0,"8",.0,"8",.0,"8",.0,"8",.0,"8",.0,"8",.0,"8",0,"8",0,"8",0,"8","","",0,"8",0,"8"
"352190360","P£OCK","2006","01","22","04","9","",0,"8",0,"8","","","",7,"",0,"8",0,"8",0,"",30,"",3,"",0,"",-23.3,"",.0,"8","U","",.7,"",70,"",-27.3,"",1020.6,"",1035.9,"",3,3.4,"",.0,"8",0,"8","02","0","0","","0","","","0","","","0","","",0,"8",.0,"8",.0,"8","","8",0,"8","","",.0,"8",.0,"8",.0,"8",.0,"8",.0,"8",.0,"8",.0,"8",.0,"8",.0,"8",0,"8",0,"8",0,"8","","",0,"8",0,"8"
"352190360","P£OCK","2006","01","22","05","9","",0,"8",0,"8","","","",7,"",0,"8",0,"8",0,"",40,"",3,"",0,"",-23.7,"",.0,"8","U","",.6,"",70,"",-27.6,"",1021.5,"",1036.8,"",1,3.3,"",.0,"8",0,"8","02","0","0","","0","","","0","","","0","","",0,"8",.0,"8",.0,"8","","8",0,"8","","",.0,"8",.0,"8",.0,"8",.0,"8",.0,"8",.0,"8",.0,"8",.0,"8",.0,"8",0,"8",0,"8",0,"8","","",0,"8",0,"8"
"352190360","P£OCK","2006","01","22","06","9","",0,"8",0,"8","","","",7,"",0,"8",0,"8",0,"",20,"",3,"",0,"",-24.2,"",.0,"8","U","",.6,"",70,"",-28.1,"",1022.9,"",1038.3,"",2,3.5,"",.0,"9",0,"9","02","0","0","","0","","","0","","","0","","",18,"",.0,"8",.0,"8","","8",0,"8","","",.0,"8",.0,"8",.0,"8",.0,"8",.0,"8",.0,"8",.0,"8",.0,"8",.0,"8",0,"8",0,"8",0,"8","","",0,"8",0,"8"
"352190360","P£OCK","2006","01","22","07","9","",0,"8",0,"8","","","",7,"",0,"8",0,"8",0,"",40,"",2,"",0,"",-24.5,"",.0,"8","U","",.6,"",71,"",-28.3,"",1024.0,"",1039.4,"",2,3.4,"",.0,"8",0,"8","02","0","0","","0","","","0","","","0","","",0,"8",.0,"8",.0,"8","","8",0,"8","","",.0,"8",.0,"8",.0,"8",.0,"8",.0,"8",.0,"8",.0,"8",.0,"8",.0,"8",0,"8",0,"8",0,"8","","",0,"8",0,"8"
"352190360","P£OCK","2006","01","22","08","9","",0,"8",0,"8","","","",7,"",0,"8",0,"8",0,"",30,"",3,"",0,"",-23.9,"",.0,"8","U","",.6,"",70,"",-27.8,"",1025.2,"",1040.6,"",2,3.7,"",.0,"8",0,"8","02","0","0","","0","","","0","","","0","","",0,"8",.0,"8",.0,"8","","8",0,"8","","",.0,"8",.0,"8",.0,"8",.0,"8",.0,"8",.0,"8",.0,"8",.0,"8",.0,"8",0,"8",0,"8",0,"8","","",0,"8",0,"8"
"352190360","P£OCK","2006","01","22","09","9","",0,"8",0,"8","","","",7,"",0,"8",0,"8",2,"",20,"",3,"",0,"",-23.2,"",.0,"8","U","",.6,"",68,"",-27.5,"",1026.2,"",1041.6,"",2,3.3,"",.0,"8",0,"8","03","0","1","","0","","","3","","","1","","",0,"8",.0,"8",.0,"8","","8",0,"8","","",.0,"8",.0,"8",.0,"8",.0,"8",.0,"8",.0,"8",.0,"8",.0,"8",.0,"8",0,"8",0,"8",0,"8","","",0,"8",0,"8"
"352190360","P£OCK","2006","01","22","10","9","",0,"8",0,"8","","","",7,"",0,"8",0,"8",4,"",40,"",3,"",0,"",-22.1,"",.0,"8","U","",.7,"",67,"",-26.6,"",1026.6,"",1041.9,"",1,2.6,"",.0,"8",0,"8","03","0","1","","0","","","3","","","6","","",0,"8",.0,"8",.0,"8","","8",0,"8","","",.0,"8",.0,"8",.0,"8",.0,"8",.0,"8",.0,"8",.0,"8",.0,"8",.0,"8",0,"8",0,"8",0,"8","","",0,"8",0,"8"
"352190360","P£OCK","2006","01","22","11","9","",0,"8",0,"8","","","",7,"",0,"8",0,"8",5,"",20,"",4,"",0,"",-21.5,"",.0,"8","U","",.7,"",66,"",-26.2,"",1026.9,"",1042.2,"",1,1.7,"",.0,"8",0,"8","03","1","1","","0","","","3","","","6","","",0,"8",.0,"8",.0,"8","","8",0,"8","","",.0,"8",.0,"8",.0,"8",.0,"8",.0,"8",.0,"8",.0,"8",.0,"8",.0,"8",0,"8",0,"8",0,"8","","",0,"8",0,"8"
"352190360","P£OCK","2006","01","22","12","9","",0,"8",0,"8","","","",7,"",0,"8",0,"8",5,"",10,"",4,"",0,"",-20.8,"",.0,"8","U","",.8,"",65,"",-25.7,"",1027.2,"",1042.4,"",2,1.0,"",.0,"9",0,"9","02","1","1","","0","","","3","","","8","","",18,"",.0,"8",.0,"8","","8",0,"8","","",.0,"8",.0,"8",.0,"8",.0,"8",.0,"8",.0,"8",.0,"8",.0,"8",.0,"8",0,"8",0,"8",0,"8","","",0,"8",0,"8"
"352190360","P£OCK","2006","01","22","13","9","",0,"8",0,"8","","","",7,"",0,"8",0,"8",3,"",350,"",2,"",0,"",-20.4,"",.0,"8","U","",.8,"",64,"",-25.5,"",1027.6,"",1042.8,"",2,1.0,"",.0,"8",0,"8","01","1","0","","0","","","0","","","8","","",0,"8",.0,"8",.0,"8","","8",0,"8","","",.0,"8",.0,"8",.0,"8",.0,"8",.0,"8",.0,"8",.0,"8",.0,"8",.0,"8",0,"8",0,"8",0,"8","","",0,"8",0,"8"
"352190360","P£OCK","2006","01","22","14","9","",0,"8",0,"8","","","",7,"",0,"8",0,"8",1,"",360,"",3,"",0,"",-20.4,"",.0,"8","U","",.8,"",64,"",-25.5,"",1027.9,"",1043.1,"",2,1.0,"",.0,"8",0,"8","01","0","0","","0","","","0","","","1","","",0,"8",.0,"8",.0,"8","","8",0,"8","","",.0,"8",.0,"8",.0,"8",.0,"8",.0,"8",.0,"8",.0,"8",.0,"8",.0,"8",0,"8",0,"8",0,"8","","",0,"8",0,"8"
"352190360","P£OCK","2006","01","22","15","9","",0,"8",0,"8","","","",7,"",0,"8",0,"8",1,"",360,"",3,"",0,"",-20.9,"",.0,"8","U","",.8,"",66,"",-25.6,"",1028.5,"",1043.8,"",2,1.3,"",.0,"8",0,"8","02","1","0","","0","","","0","","","1","","",0,"8",.0,"8",.0,"8","","8",0,"8","","",.0,"8",.0,"8",.0,"8",.0,"8",.0,"8",.0,"8",.0,"8",.0,"8",.0,"8",0,"8",0,"8",0,"8","","",0,"8",0,"8"
"352190360","P£OCK","2006","01","22","16","9","",0,"8",0,"8","","","",7,"",0,"8",0,"8",1,"",360,"",2,"",0,"",-22.4,"",.0,"8","U","",.7,"",68,"",-26.7,"",1029.1,"",1044.5,"",3,1.5,"",.0,"8",0,"8","02","0","0","","0","","","0","","","1","","",0,"8",.0,"8",.0,"8","","8",0,"8","","",.0,"8",.0,"8",.0,"8",.0,"8",.0,"8",.0,"8",.0,"8",.0,"8",.0,"8",0,"8",0,"8",0,"8","","",0,"8",0,"8"
"352190360","P£OCK","2006","01","22","17","9","",0,"8",0,"8","","","",6,"",0,"8",0,"8",0,"",360,"",2,"",0,"",-23.2,"",.0,"8","U","",.7,"",70,"",-27.2,"",1029.5,"",1044.9,"",1,1.6,"",.0,"8",0,"8","10","0","0","","0","","","0","","","0","","",0,"8",.0,"8",.0,"8","","8",0,"8","","",.0,"8",.0,"8",.0,"8",.0,"8",.0,"8",.0,"8",.0,"8",.0,"8",.0,"8",0,"8",0,"8",0,"8","","",0,"8",0,"8"
"352190360","P£OCK","2006","01","22","18","9","",0,"8",0,"8","","","",6,"",0,"8",0,"8",0,"",350,"",1,"",0,"",-25.1,"",.0,"8","U","",.6,"",73,"",-28.5,"",1030.0,"",1045.5,"",2,1.5,"",.0,"9",0,"9","10","1","0","","0","","","0","","","0","","",18,"",.0,"8",.0,"8","","8",0,"8","","",.0,"8",.0,"8",.0,"8",.0,"8",.0,"8",.0,"8",.0,"8",.0,"8",.0,"8",0,"8",0,"8",0,"8","","",0,"8",0,"8"
"352190360","P£OCK","2006","01","22","19","9","",0,"8",0,"8","","","",5,"",0,"8",0,"8",0,"",330,"",1,"",0,"",-25.8,"",.0,"8","U","",.6,"",77,"",-28.6,"",1030.9,"",1046.5,"",3,1.8,"",.0,"8",0,"8","10","0","0","","0","","","0","","","0","","",0,"8",.0,"8",.0,"8","","8",0,"8","","",.0,"8",.0,"8",.0,"8",.0,"8",.0,"8",.0,"8",.0,"8",.0,"8",.0,"8",0,"8",0,"8",0,"8","","",0,"8",0,"8"
"352190360","P£OCK","2006","01","22","20","9","",0,"8",0,"8","","","",5,"",0,"8",0,"8",0,"",350,"",1,"",0,"",-27.1,"",.0,"8","U","",.5,"",75,"",-30.2,"",1031.7,"",1047.4,"",2,2.2,"",.0,"8",0,"8","10","0","0","","0","","","0","","","0","","",0,"8",.0,"8",.0,"8","","8",0,"8","","",.0,"8",.0,"8",.0,"8",.0,"8",.0,"8",.0,"8",.0,"8",.0,"8",.0,"8",0,"8",0,"8",0,"8","","",0,"8",0,"8"
"352190360","P£OCK","2006","01","22","21","9","",0,"8",0,"8","","","",5,"",0,"8",0,"8",0,"",20,"",2,"",0,"",-26.8,"",.0,"8","U","",.5,"",77,"",-29.6,"",1032.4,"",1048.1,"",1,2.4,"",.0,"8",0,"8","10","0","0","","0","","","0","","","0","","",0,"8",.0,"8",.0,"8","","8",0,"8","","",.0,"8",.0,"8",.0,"8",.0,"8",.0,"8",.0,"8",.0,"8",.0,"8",.0,"8",0,"8",0,"8",0,"8","","",0,"8",0,"8"
"352190360","P£OCK","2006","01","22","22","9","",0,"8",0,"8","","","",5,"",0,"8",0,"8",0,"",30,"",3,"",0,"",-26.2,"",.0,"8","U","",.6,"",76,"",-29.2,"",1032.6,"",1048.3,"",1,1.7,"",.0,"8",0,"8","10","0","0","","0","","","0","","","0","","",0,"8",.0,"8",.0,"8","","8",0,"8","","",.0,"8",.0,"8",.0,"8",.0,"8",.0,"8",.0,"8",.0,"8",.0,"8",.0,"8",0,"8",0,"8",0,"8","","",0,"8",0,"8"
"352190360","P£OCK","2006","01","22","23","9","",0,"8",0,"8","","","",5,"",0,"8",0,"8",0,"",20,"",2,"",0,"",-27.3,"",.0,"8","U","",.5,"",74,"",-30.5,"",1032.6,"",1048.3,"",1,.9,"",.0,"8",0,"8","10","0","0","","0","","","0","","","0","","",0,"8",.0,"8",.0,"8","","8",0,"8","","",.0,"8",.0,"8",.0,"8",.0,"8",.0,"8",.0,"8",.0,"8",.0,"8",.0,"8",0,"8",0,"8",0,"8","","",0,"8",0,"8"
"352190360","P£OCK","2006","01","23","00","9","",0,"8",0,"8","","","",5,"",0,"8",0,"8",0,"",20,"",2,"",0,"",-26.6,"",.0,"8","U","",.5,"",77,"",-29.4,"",1032.6,"",1048.3,"",1,.2,"",.0,"9",0,"9","10","0","0","","0","","","0","","","0","","",18,"",.0,"8",.0,"8","","8",0,"8","","",.0,"8",.0,"8",.0,"8",.0,"8",.0,"8",.0,"8",.0,"8",.0,"8",.0,"8",0,"8",0,"8",0,"8","","",0,"8",0,"8"
"352190360","P£OCK","2006","01","23","01","9","",0,"8",0,"8","","","",5,"",0,"8",0,"8",0,"",30,"",3,"",0,"",-26.2,"",.0,"8","U","",.6,"",77,"",-29.0,"",1033.4,"",1049.1,"",3,.8,"",.0,"8",0,"8","10","0","0","","0","","","0","","","0","","",0,"8",.0,"8",.0,"8","","8",0,"8","","",.0,"8",.0,"8",.0,"8",.0,"8",.0,"8",.0,"8",.0,"8",.0,"8",.0,"8",0,"8",0,"8",0,"8","","",0,"8",0,"8"
"352190360","P£OCK","2006","01","23","02","9","",0,"8",0,"8","","","",5,"",0,"8",0,"8",0,"",60,"",1,"",0,"",-27.5,"",.0,"8","U","",.5,"",73,"",-30.9,"",1033.4,"",1049.2,"",1,.8,"",.0,"8",0,"8","10","0","0","","0","","","0","","","0","","",0,"8",.0,"8",.0,"8","","8",0,"8","","",.0,"8",.0,"8",.0,"8",.0,"8",.0,"8",.0,"8",.0,"8",.0,"8",.0,"8",0,"8",0,"8",0,"8","","",0,"8",0,"8"
"352190360","P£OCK","2006","01","23","03","9","",0,"8",0,"8","","","",5,"",0,"8",0,"8",0,"",50,"",1,"",0,"",-27.7,"",.0,"8","U","",.5,"",74,"",-30.9,"",1033.6,"",1049.4,"",2,1.0,"",.0,"8",0,"8","10","0","0","","0","","","0","","","0","","",0,"8",.0,"8",.0,"8","","8",0,"8","","",.0,"8",.0,"8",.0,"8",.0,"8",.0,"8",.0,"8",.0,"8",.0,"8",.0,"8",0,"8",0,"8",0,"8","","",0,"8",0,"8"
"352190360","P£OCK","2006","01","23","04","9","",0,"8",0,"8","","","",6,"",0,"8",0,"8",0,"",10,"",1,"",0,"",-28.3,"",.0,"8","U","",.4,"",73,"",-31.6,"",1034.5,"",1050.3,"",3,1.1,"",.0,"8",0,"8","10","0","0","","0","","","0","","","0","","",0,"8",.0,"8",.0,"8","","8",0,"8","","",.0,"8",.0,"8",.0,"8",.0,"8",.0,"8",.0,"8",.0,"8",.0,"8",.0,"8",0,"8",0,"8",0,"8","","",0,"8",0,"8"
"352190360","P£OCK","2006","01","23","05","9","",0,"8",0,"8","","","",6,"",0,"8",0,"8",0,"",60,"",1,"",0,"",-28.0,"",.0,"8","U","",.5,"",74,"",-31.2,"",1034.5,"",1050.3,"",1,1.1,"",.0,"8",0,"8","10","0","0","","0","","","0","","","0","","",0,"8",.0,"8",.0,"8","","8",0,"8","","",.0,"8",.0,"8",.0,"8",.0,"8",.0,"8",.0,"8",.0,"8",.0,"8",.0,"8",0,"8",0,"8",0,"8","","",0,"8",0,"8"
"352190360","P£OCK","2006","01","23","06","9","",0,"8",0,"8","","","",6,"",0,"8",0,"8",0,"",0,"",0,"",0,"",-27.5,"",.0,"8","U","",.5,"",74,"",-30.7,"",1034.6,"",1050.4,"",2,1.0,"",.0,"9",0,"9","10","0","0","","0","","","0","","","0","","",18,"",.0,"8",.0,"8","","8",0,"8","","",.0,"8",.0,"8",.0,"8",.0,"8",.0,"8",.0,"8",.0,"8",.0,"8",.0,"8",0,"8",0,"8",0,"8","","",0,"8",0,"8"
"352190360","P£OCK","2006","01","23","07","9","",0,"8",0,"8","","","",6,"",0,"8",0,"8",0,"",0,"",0,"",0,"",-28.6,"",.0,"8","U","",.4,"",72,"",-32.1,"",1035.3,"",1051.2,"",3,.8,"",.0,"8",0,"8","10","0","0","","0","","","0","","","0","","",0,"8",.0,"8",.0,"8","","8",0,"8","","",.0,"8",.0,"8",.0,"8",.0,"8",.0,"8",.0,"8",.0,"8",.0,"8",.0,"8",0,"8",0,"8",0,"8","","",0,"8",0,"8"
"352190360","P£OCK","2006","01","23","08","9","",0,"8",0,"8","","","",5,"",0,"8",0,"8",0,"",30,"",1,"",0,"",-26.9,"",.0,"8","U","",.5,"",74,"",-30.1,"",1035.9,"",1051.7,"",2,1.4,"",.0,"8",0,"8","10","0","0","","0","","","0","","","0","","",0,"8",.0,"8",.0,"8","","8",0,"8","","",.0,"8",.0,"8",.0,"8",.0,"8",.0,"8",.0,"8",.0,"8",.0,"8",.0,"8",0,"8",0,"8",0,"8","","",0,"8",0,"8"
"352190360","P£OCK","2006","01","23","09","9","",0,"8",0,"8","","","",5,"",0,"8",0,"8",0,"",70,"",1,"",0,"",-24.4,"",.0,"8","U","",.7,"",76,"",-27.4,"",1035.9,"",1051.5,"",1,1.3,"",.0,"8",0,"8","10","0","0","","0","","","0","","","0","","",0,"8",.0,"8",.0,"8","","8",0,"8","","",.0,"8",.0,"8",.0,"8",.0,"8",.0,"8",.0,"8",.0,"8",.0,"8",.0,"8",0,"8",0,"8",0,"8","","",0,"8",0,"8"
"352190360","P£OCK","2006","01","23","10","9","",0,"8",0,"8","","","",5,"",0,"8",0,"8",0,"",10,"",1,"",0,"",-22.5,"",.0,"8","U","",.8,"",75,"",-25.7,"",1036.3,"",1051.8,"",2,1.0,"",.0,"8",0,"8","10","0","0","","0","","","0","","","0","","",0,"8",.0,"8",.0,"8","","8",0,"8","","",.0,"8",.0,"8",.0,"8",.0,"8",.0,"8",.0,"8",.0,"8",.0,"8",.0,"8",0,"8",0,"8",0,"8","","",0,"8",0,"8"
"352190360","P£OCK","2006","01","23","11","9","",0,"8",0,"8","","","",5,"",0,"8",0,"8",0,"",30,"",1,"",0,"",-20.6,"",.0,"8","U","",.9,"",74,"",-24.0,"",1036.0,"",1051.4,"",0,.1,"",.0,"8",0,"8","10","0","0","","0","","","0","","","0","","",0,"8",.0,"8",.0,"8","","8",0,"8","","",.0,"8",.0,"8",.0,"8",.0,"8",.0,"8",.0,"8",.0,"8",.0,"8",.0,"8",0,"8",0,"8",0,"8","","",0,"8",0,"8"
"352190360","P£OCK","2006","01","23","12","9","",0,"8",0,"8","","","",6,"",0,"8",0,"8",0,"",0,"",0,"",0,"",-18.6,"",.0,"8","U","",1.0,"",68,"",-23.0,"",1035.9,"",1051.1,"",0,.0,"",.0,"9",0,"9","05","0","0","","0","","","0","","","0","","",18,"",.0,"8",.0,"8","","8",0,"8","","",.0,"8",.0,"8",.0,"8",.0,"8",.0,"8",.0,"8",.0,"8",.0,"8",.0,"8",0,"8",0,"8",0,"8","","",0,"8",0,"8"
"352190360","P£OCK","2006","01","23","13","9","",0,"8",0,"8","","","",6,"",0,"8",0,"8",0,"",40,"",1,"",0,"",-19.1,"",.0,"8","U","",.9,"",64,"",-24.2,"",1035.8,"",1051.1,"",6,-.5,"",.0,"8",0,"8","05","0","0","","0","","","0","","","0","","",0,"8",.0,"8",.0,"8","","8",0,"8","","",.0,"8",.0,"8",.0,"8",.0,"8",.0,"8",.0,"8",.0,"8",.0,"8",.0,"8",0,"8",0,"8",0,"8","","",0,"8",0,"8"
"352190360","P£OCK","2006","01","23","14","9","",0,"8",0,"8","","","",6,"",0,"8",0,"8",0,"",70,"",2,"",0,"",-19.0,"",.0,"8","U","",.9,"",64,"",-24.1,"",1035.9,"",1051.2,"",5,-.1,"",.0,"8",0,"8","05","0","0","","0","","","0","","","0","","",0,"8",.0,"8",.0,"8","","8",0,"8","","",.0,"8",.0,"8",.0,"8",.0,"8",.0,"8",.0,"8",.0,"8",.0,"8",.0,"8",0,"8",0,"8",0,"8","","",0,"8",0,"8"
"352190360","P£OCK","2006","01","23","15","7","",0,"8",0,"8","","","",6,"",0,"8",0,"8",2,"",40,"",1,"",0,"",-21.1,"",.0,"8","U","",.7,"",64,"",-26.1,"",1036.1,"",1051.5,"",3,.2,"",.0,"8",0,"8","05","0","1","","5","","","0","","","1","","",0,"8",.0,"8",.0,"8","","8",0,"8","","",.0,"8",.0,"8",.0,"8",.0,"8",.0,"8",.0,"8",.0,"8",.0,"8",.0,"8",0,"8",0,"8",0,"8","","",0,"8",0,"8"
"352190360","P£OCK","2006","01","23","16","9","",0,"8",0,"8","","","",5,"",0,"8",0,"8",1,"",70,"",1,"",0,"",-22.8,"",.0,"8","U","",.7,"",71,"",-26.6,"",1036.3,"",1051.8,"",2,.5,"",.0,"8",0,"8","05","0","0","","0","","","0","","","1","","",0,"8",.0,"8",.0,"8","","8",0,"8","","",.0,"8",.0,"8",.0,"8",.0,"8",.0,"8",.0,"8",.0,"8",.0,"8",.0,"8",0,"8",0,"8",0,"8","","",0,"8",0,"8"
"352190360","P£OCK","2006","01","23","17","9","",0,"8",0,"8","","","",5,"",0,"8",0,"8",1,"",70,"",1,"",0,"",-24.0,"",.0,"8","U","",.7,"",76,"",-27.0,"",1036.2,"",1051.8,"",0,.3,"",.0,"8",0,"8","10","0","0","","0","","","0","","","1","","",0,"8",.0,"8",.0,"8","","8",0,"8","","",.0,"8",.0,"8",.0,"8",.0,"8",.0,"8",.0,"8",.0,"8",.0,"8",.0,"8",0,"8",0,"8",0,"8","","",0,"8",0,"8"
"352190360","P£OCK","2006","01","23","18","9","",0,"8",0,"8","","","",5,"",0,"8",0,"8",2,"",50,"",1,"",0,"",-25.6,"",.0,"8","U","",.6,"",74,"",-28.9,"",1036.4,"",1052.1,"",2,.3,"",.0,"9",0,"9","10","0","0","","0","","","0","","","1","","",18,"",.0,"8",.0,"8","","8",0,"8","","",.0,"8",.0,"8",.0,"8",.0,"8",.0,"8",.0,"8",.0,"8",.0,"8",.0,"8",0,"8",0,"8",0,"8","","",0,"8",0,"8"
"352190360","P£OCK","2006","01","23","19","9","",0,"8",0,"8","","","",5,"",0,"8",0,"8",4,"",130,"",2,"",0,"",-25.6,"",.0,"8","U","",.6,"",74,"",-28.9,"",1036.1,"",1051.8,"",7,-.2,"",.0,"8",0,"8","10","0","0","","0","","","0","","","6","","",0,"8",.0,"8",.0,"8","","8",0,"8","","",.0,"8",.0,"8",.0,"8",.0,"8",.0,"8",.0,"8",.0,"8",.0,"8",.0,"8",0,"8",0,"8",0,"8","","",0,"8",0,"8"
"352190360","P£OCK","2006","01","23","20","9","",0,"8",0,"8","","","",5,"",0,"8",0,"8",5,"",150,"",2,"",0,"",-25.1,"",.0,"8","U","",.6,"",76,"",-28.1,"",1035.8,"",1051.4,"",8,-.4,"",.0,"8",0,"8","10","1","0","","0","","","0","","","6","","",0,"8",.0,"8",.0,"8","","8",0,"8","","",.0,"8",.0,"8",.0,"8",.0,"8",.0,"8",.0,"8",.0,"8",.0,"8",.0,"8",0,"8",0,"8",0,"8","","",0,"8",0,"8"
"352190360","P£OCK","2006","01","23","21","9","",0,"8",0,"8","","","",5,"",0,"8",0,"8",4,"",120,"",1,"",0,"",-25.4,"",.0,"8","U","",.6,"",76,"",-28.4,"",1035.7,"",1051.4,"",6,-.7,"",.0,"8",0,"8","10","1","0","","0","","","0","","","8","","",0,"8",.0,"8",.0,"8","","8",0,"8","","",.0,"8",.0,"8",.0,"8",.0,"8",.0,"8",.0,"8",.0,"8",.0,"8",.0,"8",0,"8",0,"8",0,"8","","",0,"8",0,"8"
"352190360","P£OCK","2006","01","23","22","9","",0,"8",0,"8","","","",4,"",0,"8",0,"8",4,"",100,"",1,"",0,"",-26.0,"",.0,"8","U","",.6,"",76,"",-29.0,"",1035.5,"",1051.2,"",7,-.6,"",.0,"8",0,"8","10","0","0","","0","","","0","","","8","","",0,"8",.0,"8",.0,"8","","8",0,"8","","",.0,"8",.0,"8",.0,"8",.0,"8",.0,"8",.0,"8",.0,"8",.0,"8",.0,"8",0,"8",0,"8",0,"8","","",0,"8",0,"8"
"352190360","P£OCK","2006","01","23","23","9","",0,"8",0,"8","","","",4,"",0,"8",0,"8",4,"",70,"",1,"",0,"",-25.9,"",.0,"8","U","",.6,"",77,"",-28.7,"",1035.3,"",1051.0,"",7,-.5,"",.0,"8",0,"8","10","0","0","","0","","","0","","","8","","",0,"8",.0,"8",.0,"8","","8",0,"8","","",.0,"8",.0,"8",.0,"8",.0,"8",.0,"8",.0,"8",.0,"8",.0,"8",.0,"8",0,"8",0,"8",0,"8","","",0,"8",0,"8"
"352190360","P£OCK","2006","01","24","00","9","",0,"8",0,"8","","","",5,"",0,"8",0,"8",4,"",110,"",1,"",0,"",-25.2,"",.0,"8","U","",.6,"",79,"",-27.8,"",1035.4,"",1051.0,"",5,-.3,"",.0,"9",0,"9","10","1","0","","0","","","0","","","8","","",18,"",.0,"8",.0,"8","","8",0,"8","","",.0,"8",.0,"8",.0,"8",.0,"8",.0,"8",.0,"8",.0,"8",.0,"8",.0,"8",0,"8",0,"8",0,"8","","",0,"8",0,"8"
"352190360","P£OCK","2006","01","24","01","9","",0,"8",0,"8","","","",5,"",0,"8",0,"8",4,"",140,"",2,"",0,"",-26.0,"",.0,"8","U","",.6,"",76,"",-29.0,"",1035.0,"",1050.7,"",7,-.5,"",.0,"8",0,"8","10","0","0","","0","","","0","","","8","","",0,"8",.0,"8",.0,"8","","8",0,"8","","",.0,"8",.0,"8",.0,"8",.0,"8",.0,"8",.0,"8",.0,"8",.0,"8",.0,"8",0,"8",0,"8",0,"8","","",0,"8",0,"8"
"352190360","P£OCK","2006","01","24","02","9","",0,"8",0,"8","","","",5,"",0,"8",0,"8",1,"",110,"",2,"",0,"",-27.1,"",.0,"8","U","",.5,"",74,"",-30.3,"",1034.9,"",1050.6,"",8,-.4,"",.0,"8",0,"8","10","0","0","","0","","","0","","","1","","",0,"8",.0,"8",.0,"8","","8",0,"8","","",.0,"8",.0,"8",.0,"8",.0,"8",.0,"8",.0,"8",.0,"8",.0,"8",.0,"8",0,"8",0,"8",0,"8","","",0,"8",0,"8"
"352190360","P£OCK","2006","01","24","03","9","",0,"8",0,"8","","","",5,"",0,"8",0,"8",0,"",120,"",1,"",0,"",-25.3,"",.0,"8","U","",.6,"",79,"",-27.9,"",1034.3,"",1049.9,"",7,-1.1,"",.0,"8",0,"8","10","0","0","","0","","","0","","","0","","",0,"8",.0,"8",.0,"8","","8",0,"8","","",.0,"8",.0,"8",.0,"8",.0,"8",.0,"8",.0,"8",.0,"8",.0,"8",.0,"8",0,"8",0,"8",0,"8","","",0,"8",0,"8"
"352190360","P£OCK","2006","01","24","04","9","",0,"8",0,"8","","","",5,"",0,"8",0,"8",0,"",100,"",2,"",0,"",-25.9,"",.0,"8","U","",.6,"",76,"",-28.9,"",1033.6,"",1049.3,"",8,-1.4,"",.0,"8",0,"8","10","0","0","","0","","","0","","","0","","",0,"8",.0,"8",.0,"8","","8",0,"8","","",.0,"8",.0,"8",.0,"8",.0,"8",.0,"8",.0,"8",.0,"8",.0,"8",.0,"8",0,"8",0,"8",0,"8","","",0,"8",0,"8"
"352190360","P£OCK","2006","01","24","05","9","",0,"8",0,"8","","","",5,"",0,"8",0,"8",1,"",150,"",2,"",0,"",-24.8,"",.0,"8","U","",.7,"",79,"",-27.4,"",1033.3,"",1048.9,"",7,-1.6,"",.0,"8",0,"8","10","0","0","","0","","","0","","","1","","",0,"8",.0,"8",.0,"8","","8",0,"8","","",.0,"8",.0,"8",.0,"8",.0,"8",.0,"8",.0,"8",.0,"8",.0,"8",.0,"8",0,"8",0,"8",0,"8","","",0,"8",0,"8"
"352190360","P£OCK","2006","01","24","06","9","",0,"8",0,"8","","","",5,"",0,"8",0,"8",2,"",130,"",2,"",0,"",-25.0,"",.0,"8","U","",.6,"",76,"",-28.0,"",1033.1,"",1048.7,"",6,-1.2,"",.0,"9",0,"9","10","0","1","","0","","","3","","","1","","",18,"",.0,"8",.0,"8","","8",0,"8","","",.0,"8",.0,"8",.0,"8",.0,"8",.0,"8",.0,"8",.0,"8",.0,"8",.0,"8",0,"8",0,"8",0,"8","","",0,"8",0,"8"
"352190360","P£OCK","2006","01","24","07","9","",0,"8",0,"8","","","",5,"",0,"8",0,"8",1,"",80,"",1,"",0,"",-25.7,"",.0,"8","U","",.6,"",75,"",-28.8,"",1033.2,"",1048.8,"",5,-.4,"",.0,"8",0,"8","10","0","0","","0","","","0","","","1","","",0,"8",.0,"8",.0,"8","","8",0,"8","","",.0,"8",.0,"8",.0,"8",.0,"8",.0,"8",.0,"8",.0,"8",.0,"8",.0,"8",0,"8",0,"8",0,"8","","",0,"8",0,"8"
"352190360","P£OCK","2006","01","24","08","9","",0,"8",0,"8","","","",5,"",0,"8",0,"8",1,"",120,"",2,"",0,"",-24.3,"",.0,"8","U","",.7,"",77,"",-27.2,"",1032.5,"",1048.0,"",7,-.8,"",.0,"8",0,"8","10","0","0","","0","","","0","","","1","","",0,"8",.0,"8",.0,"8","","8",0,"8","","",.0,"8",.0,"8",.0,"8",.0,"8",.0,"8",.0,"8",.0,"8",.0,"8",.0,"8",0,"8",0,"8",0,"8","","",0,"8",0,"8"
"352190360","P£OCK","2006","01","24","09","9","",0,"8",0,"8","","","",5,"",0,"8",0,"8",0,"",120,"",2,"",0,"",-22.0,"",.0,"8","U","",.8,"",72,"",-25.7,"",1032.4,"",1047.8,"",8,-.7,"",.0,"8",0,"8","10","0","0","","0","","","0","","","0","","",0,"8",.0,"8",.0,"8","","8",0,"8","","",.0,"8",.0,"8",.0,"8",.0,"8",.0,"8",.0,"8",.0,"8",.0,"8",.0,"8",0,"8",0,"8",0,"8","","",0,"8",0,"8"
"352190360","P£OCK","2006","01","24","10","9","",0,"8",0,"8","","","",5,"",0,"8",0,"8",0,"",140,"",2,"",0,"",-20.0,"",.0,"8","U","",.8,"",65,"",-24.9,"",1031.7,"",1047.0,"",7,-1.5,"",.0,"8",0,"8","05","0","0","","0","","","0","","","0","","",0,"8",.0,"8",.0,"8","","8",0,"8","","",.0,"8",.0,"8",.0,"8",.0,"8",.0,"8",.0,"8",.0,"8",.0,"8",.0,"8",0,"8",0,"8",0,"8","","",0,"8",0,"8"
"352190360","P£OCK","2006","01","24","11","9","",0,"8",0,"8","","","",5,"",0,"8",0,"8",0,"",130,"",2,"",0,"",-17.6,"",.0,"8","U","",.9,"",58,"",-23.9,"",1031.0,"",1046.1,"",8,-1.5,"",.0,"8",0,"8","05","0","0","","0","","","0","","","0","","",0,"8",.0,"8",.0,"8","","8",0,"8","","",.0,"8",.0,"8",.0,"8",.0,"8",.0,"8",.0,"8",.0,"8",.0,"8",.0,"8",0,"8",0,"8",0,"8","","",0,"8",0,"8"
"352190360","P£OCK","2006","01","24","12","9","",0,"8",0,"8","","","",6,"",0,"8",0,"8",0,"",130,"",3,"",0,"",-16.6,"",.0,"8","U","",.9,"",55,"",-23.5,"",1030.2,"",1045.2,"",7,-2.2,"",.0,"9",0,"9","05","0","0","","0","","","0","","","0","","",18,"",.0,"8",.0,"8","","8",0,"8","","",.0,"8",.0,"8",.0,"8",.0,"8",.0,"8",.0,"8",.0,"8",.0,"8",.0,"8",0,"8",0,"8",0,"8","","",0,"8",0,"8"
"352190360","P£OCK","2006","01","24","13","9","",0,"8",0,"8","","","",6,"",0,"8",0,"8",0,"",140,"",2,"",0,"",-15.1,"",.0,"8","U","",1.0,"",54,"",-22.3,"",1029.2,"",1044.1,"",8,-2.5,"",.0,"8",0,"8","05","0","0","","0","","","0","","","0","","",0,"8",.0,"8",.0,"8","","8",0,"8","","",.0,"8",.0,"8",.0,"8",.0,"8",.0,"8",.0,"8",.0,"8",.0,"8",.0,"8",0,"8",0,"8",0,"8","","",0,"8",0,"8"
"352190360","P£OCK","2006","01","24","14","9","",0,"8",0,"8","","","",6,"",0,"8",0,"8",1,"",140,"",2,"",0,"",-15.0,"",.0,"8","U","",1.0,"",54,"",-22.2,"",1028.3,"",1043.2,"",7,-2.7,"",.0,"8",0,"8","05","0","0","","0","","","0","","","1","","",0,"8",.0,"8",.0,"8","","8",0,"8","","",.0,"8",.0,"8",.0,"8",.0,"8",.0,"8",.0,"8",.0,"8",.0,"8",.0,"8",0,"8",0,"8",0,"8","","",0,"8",0,"8"
"352190360","P£OCK","2006","01","24","15","9","",0,"8",0,"8","","","",5,"",0,"8",0,"8",2,"",120,"",2,"",0,"",-16.1,"",.0,"8","U","",1.0,"",56,"",-22.9,"",1027.7,"",1042.7,"",6,-2.5,"",.0,"8",0,"8","05","0","0","","0","","","0","","","1","","",0,"8",.0,"8",.0,"8","","8",0,"8","","",.0,"8",.0,"8",.0,"8",.0,"8",.0,"8",.0,"8",.0,"8",.0,"8",.0,"8",0,"8",0,"8",0,"8","","",0,"8",0,"8"
"352190360","P£OCK","2006","01","24","16","9","",0,"8",0,"8","","","",5,"",0,"8",0,"8",4,"",120,"",2,"",0,"",-17.3,"",.0,"8","U","",1.0,"",62,"",-22.9,"",1026.8,"",1041.8,"",7,-2.4,"",.0,"8",0,"8","05","0","0","","0","","","0","","","6","","",0,"8",.0,"8",.0,"8","","8",0,"8","","",.0,"8",.0,"8",.0,"8",.0,"8",.0,"8",.0,"8",.0,"8",.0,"8",.0,"8",0,"8",0,"8",0,"8","","",0,"8",0,"8"
"352190360","P£OCK","2006","01","24","17","9","",0,"8",0,"8","","","",5,"",0,"8",0,"8",4,"",90,"",2,"",0,"",-18.8,"",.0,"8","U","",.9,"",68,"",-23.2,"",1026.3,"",1041.4,"",7,-2.0,"",.0,"8",0,"8","05","0","0","","0","","","0","","","8","","",0,"8",.0,"8",.0,"8","","8",0,"8","","",.0,"8",.0,"8",.0,"8",.0,"8",.0,"8",.0,"8",.0,"8",.0,"8",.0,"8",0,"8",0,"8",0,"8","","",0,"8",0,"8"
"352190360","P£OCK","2006","01","24","18","9","",0,"8",0,"8","","","",5,"",0,"8",0,"8",1,"",110,"",2,"",0,"",-19.3,"",.0,"8","U","",.9,"",70,"",-23.4,"",1025.5,"",1040.6,"",7,-2.2,"",.0,"9",0,"9","10","0","0","","0","","","0","","","1","","",18,"",.0,"8",.0,"8","","8",0,"8","","",.0,"8",.0,"8",.0,"8",.0,"8",.0,"8",.0,"8",.0,"8",.0,"8",.0,"8",0,"8",0,"8",0,"8","","",0,"8",0,"8"
"352190360","P£OCK","2006","01","24","19","9","",0,"8",0,"8","","","",5,"",0,"8",0,"8",0,"",120,"",3,"",0,"",-19.1,"",.0,"8","U","",1.0,"",71,"",-23.0,"",1024.4,"",1039.5,"",8,-2.4,"",.0,"8",0,"8","10","0","0","","0","","","0","","","0","","",0,"8",.0,"8",.0,"8","","8",0,"8","","",.0,"8",.0,"8",.0,"8",.0,"8",.0,"8",.0,"8",.0,"8",.0,"8",.0,"8",0,"8",0,"8",0,"8","","",0,"8",0,"8"
"352190360","P£OCK","2006","01","24","20","9","",0,"8",0,"8","","","",5,"",0,"8",0,"8",0,"",140,"",3,"",0,"",-17.2,"",.0,"8","U","",1.2,"",72,"",-21.0,"",1023.2,"",1038.2,"",8,-3.1,"",.0,"8",0,"8","10","0","0","","0","","","0","","","0","","",0,"8",.0,"8",.0,"8","","8",0,"8","","",.0,"8",.0,"8",.0,"8",.0,"8",.0,"8",.0,"8",.0,"8",.0,"8",.0,"8",0,"8",0,"8",0,"8","","",0,"8",0,"8"
"352190360","P£OCK","2006","01","24","21","9","",0,"8",0,"8","","","",5,"",0,"8",0,"8",0,"",140,"",2,"",0,"",-17.7,"",.0,"8","U","",1.1,"",74,"",-21.2,"",1022.4,"",1037.4,"",7,-3.1,"",.0,"8",0,"8","10","0","0","","0","","","0","","","0","","",0,"8",.0,"8",.0,"8","","8",0,"8","","",.0,"8",.0,"8",.0,"8",.0,"8",.0,"8",.0,"8",.0,"8",.0,"8",.0,"8",0,"8",0,"8",0,"8","","",0,"8",0,"8"
"352190360","P£OCK","2006","01","24","22","9","",0,"8",0,"8","","","",5,"",0,"8",0,"8",0,"",140,"",2,"",0,"",-18.3,"",.0,"8","U","",1.1,"",75,"",-21.6,"",1021.4,"",1036.4,"",7,-3.0,"",.0,"8",0,"8","10","0","0","","0","","","0","","","0","","",0,"8",.0,"8",.0,"8","","8",0,"8","","",.0,"8",.0,"8",.0,"8",.0,"8",.0,"8",.0,"8",.0,"8",.0,"8",.0,"8",0,"8",0,"8",0,"8","","",0,"8",0,"8"
"352190360","P£OCK","2006","01","24","23","9","",0,"8",0,"8","","","",5,"",0,"8",0,"8",4,"",130,"",2,"",0,"",-18.3,"",.0,"8","U","",1.1,"",77,"",-21.3,"",1020.5,"",1035.5,"",7,-2.7,"",.0,"8",0,"8","10","0","4","","0","","","5","","","0","","",0,"8",.0,"8",.0,"8","","8",0,"8","","",.0,"8",.0,"8",.0,"8",.0,"8",.0,"8",.0,"8",.0,"8",.0,"8",.0,"8",0,"8",0,"8",0,"8","","",0,"8",0,"8"
"352190360","P£OCK","2006","01","25","00","9","",0,"8",0,"8","","","",5,"",0,"8",0,"8",7,"",150,"",1,"",0,"",-17.6,"",.0,"8","U","",1.2,"",77,"",-20.7,"",1019.4,"",1034.3,"",7,-3.0,"",.0,"9",0,"9","10","1","7","","0","","","5","","","/","","",18,"",.0,"8",.0,"8","","8",0,"8","","",.0,"8",.0,"8",.0,"8",.0,"8",.0,"8",.0,"8",.0,"8",.0,"8",.0,"8",0,"8",0,"8",0,"8","","",0,"8",0,"8"
"352190360","P£OCK","2006","01","25","01","9","",0,"8",0,"8","","","",5,"",0,"8",0,"8",7,"",140,"",2,"",0,"",-17.6,"",.0,"8","U","",1.2,"",76,"",-20.8,"",1018.7,"",1033.6,"",7,-2.7,"",.0,"8",0,"8","10","2","7","","0","","","3","","","/","","",0,"8",.0,"8",.0,"8","","8",0,"8","","",.0,"8",.0,"8",.0,"8",.0,"8",.0,"8",.0,"8",.0,"8",.0,"8",.0,"8",0,"8",0,"8",0,"8","","",0,"8",0,"8"
"352190360","P£OCK","2006","01","25","02","9","",0,"8",0,"8","","","",5,"",0,"8",0,"8",7,"",160,"",2,"",0,"",-16.6,"",.0,"8","U","",1.3,"",76,"",-19.8,"",1017.7,"",1032.5,"",7,-2.8,"",.0,"8",0,"8","10","2","7","","0","","","3","","","/","","",0,"8",.0,"8",.0,"8","","8",0,"8","","",.0,"8",.0,"8",.0,"8",.0,"8",.0,"8",.0,"8",.0,"8",.0,"8",.0,"8",0,"8",0,"8",0,"8","","",0,"8",0,"8"
"352190360","P£OCK","2006","01","25","03","9","",0,"8",0,"8","","","",5,"",0,"8",0,"8",3,"",150,"",2,"",0,"",-16.3,"",.0,"8","U","",1.3,"",76,"",-19.5,"",1016.4,"",1031.2,"",8,-3.0,"",.0,"8",0,"8","10","1","3","","0","","","3","","","0","","",0,"8",.0,"8",.0,"8","","8",0,"8","","",.0,"8",.0,"8",.0,"8",.0,"8",.0,"8",.0,"8",.0,"8",.0,"8",.0,"8",0,"8",0,"8",0,"8","","",0,"8",0,"8"
"352190360","P£OCK","2006","01","25","04","9","",0,"8",0,"8","","","",5,"",0,"8",0,"8",3,"",140,"",2,"",0,"",-17.1,"",.0,"8","U","",1.2,"",77,"",-20.2,"",1015.4,"",1030.2,"",7,-3.3,"",.0,"8",0,"8","10","0","3","","0","","","3","","","0","","",0,"8",.0,"8",.0,"8","","8",0,"8","","",.0,"8",.0,"8",.0,"8",.0,"8",.0,"8",.0,"8",.0,"8",.0,"8",.0,"8",0,"8",0,"8",0,"8","","",0,"8",0,"8"
"352190360","P£OCK","2006","01","25","05","9","",0,"8",0,"8","","","",5,"",0,"8",0,"8",2,"",130,"",3,"",0,"",-17.2,"",.0,"8","U","",1.2,"",77,"",-20.3,"",1014.6,"",1029.4,"",6,-3.1,"",.0,"8",0,"8","10","0","2","","0","","","3","","","0","","",0,"8",.0,"8",.0,"8","","8",0,"8","","",.0,"8",.0,"8",.0,"8",.0,"8",.0,"8",.0,"8",.0,"8",.0,"8",.0,"8",0,"8",0,"8",0,"8","","",0,"8",0,"8"
"352190360","P£OCK","2006","01","25","06","9","",0,"8",0,"8","","","",5,"",0,"8",0,"8",7,"",140,"",2,"",0,"",-16.7,"",.0,"8","U","",1.2,"",75,"",-20.1,"",1013.5,"",1028.3,"",7,-2.9,"",.0,"9",0,"9","10","1","7","","0","","","5","","","/","","",18,"",.0,"8",.0,"8","","8",0,"8","","",.0,"8",.0,"8",.0,"8",.0,"8",.0,"8",.0,"8",.0,"8",.0,"8",.0,"8",0,"8",0,"8",0,"8","","",0,"8",0,"8"
"352190360","P£OCK","2006","01","25","07","9","",0,"8",0,"8","","","",5,"",0,"8",0,"8",8,"",130,"",2,"",0,"",-16.0,"",.0,"8","U","",1.3,"",74,"",-19.6,"",1012.7,"",1027.4,"",7,-2.7,"",.0,"8",0,"8","10","2","8","","0","","","3","","","/","","",0,"8",.0,"8",.0,"8","","8",0,"8","","",.0,"8",.0,"8",.0,"8",.0,"8",.0,"8",.0,"8",.0,"8",.0,"8",.0,"8",0,"8",0,"8",0,"8","","",0,"8",0,"8"
"352190360","P£OCK","2006","01","25","08","9","",0,"8",0,"8","","","",5,"",0,"8",0,"8",8,"",140,"",2,"",0,"",-14.8,"",.0,"8","U","",1.3,"",69,"",-19.2,"",1012.4,"",1027.1,"",6,-2.2,"",.0,"8",0,"8","05","2","2","","0","","","3","","","7","","",0,"8",.0,"8",.0,"8","","8",0,"8","","",.0,"8",.0,"8",.0,"8",.0,"8",.0,"8",.0,"8",.0,"8",.0,"8",.0,"8",0,"8",0,"8",0,"8","","",0,"8",0,"8"
"352190360","P£OCK","2006","01","25","09","9","",0,"8",0,"8","","","",6,"",0,"8",0,"8",8,"",140,"",3,"",0,"",-13.5,"",.0,"8","U","",1.5,"",67,"",-18.3,"",1011.6,"",1026.2,"",7,-1.9,"",.0,"8",0,"8","05","2","0","","0","","","0","","","7","","",0,"8",.0,"8",.0,"8","","8",0,"8","","",.0,"8",.0,"8",.0,"8",.0,"8",.0,"8",.0,"8",.0,"8",.0,"8",.0,"8",0,"8",0,"8",0,"8","","",0,"8",0,"8"
"352190360","P£OCK","2006","01","25","10","9","",0,"8",0,"8","","","",5,"",0,"8",0,"8",8,"",140,"",2,"",0,"",-12.2,"",.0,"8","U","",1.5,"",64,"",-17.6,"",1011.0,"",1025.5,"",7,-1.7,"",.0,"8",0,"8","05","2","0","","0","","","0","","","7","","",0,"8",.0,"8",.0,"8","","8",0,"8","","",.0,"8",.0,"8",.0,"8",.0,"8",.0,"8",.0,"8",.0,"8",.0,"8",.0,"8",0,"8",0,"8",0,"8","","",0,"8",0,"8"
"352190360","P£OCK","2006","01","25","11","9","",0,"8",0,"8","","","",5,"",0,"8",0,"8",8,"",130,"",3,"",0,"",-10.9,"",.0,"8","U","",1.7,"",63,"",-16.6,"",1010.1,"",1024.5,"",7,-2.3,"",.0,"8",0,"8","05","2","0","","0","","","0","","","7","","",0,"8",.0,"8",.0,"8","","8",0,"8","","",.0,"8",.0,"8",.0,"8",.0,"8",.0,"8",.0,"8",.0,"8",.0,"8",.0,"8",0,"8",0,"8",0,"8","","",0,"8",0,"8"
"352190360","P£OCK","2006","01","25","12","9","",0,"8",0,"8","","","",6,"",0,"8",0,"8",8,"",150,"",2,"",0,"",-9.4,"",.0,"8","U","",1.8,"",60,"",-15.7,"",1009.4,"",1023.7,"",7,-2.2,"",.0,"9",0,"9","05","2","1","","0","","","3","","","7","","",18,"",.0,"8",.0,"8","","8",0,"8","","",.0,"8",.0,"8",.0,"8",.0,"8",.0,"8",.0,"8",.0,"8",.0,"8",.0,"8",0,"8",0,"8",0,"8","","",0,"8",0,"8"
"352190360","P£OCK","2006","01","25","13","9","",0,"8",0,"8","","","",6,"",0,"8",0,"8",8,"",140,"",3,"",0,"",-8.9,"",.0,"8","U","",1.8,"",59,"",-15.5,"",1008.7,"",1023.0,"",6,-2.3,"",.0,"8",0,"8","05","2","0","","0","","","0","","","7","","",0,"8",.0,"8",.0,"8","","8",0,"8","","",.0,"8",.0,"8",.0,"8",.0,"8",.0,"8",.0,"8",.0,"8",.0,"8",.0,"8",0,"8",0,"8",0,"8","","",0,"8",0,"8"
"352190360","P£OCK","2006","01","25","14","9","",0,"8",0,"8","","","",6,"",0,"8",0,"8",8,"",140,"",2,"",0,"",-8.7,"",.0,"8","U","",1.9,"",61,"",-14.9,"",1008.0,"",1022.3,"",7,-2.1,"",.0,"8",0,"8","05","2","0","","0","","","0","","","7","","",0,"8",.0,"8",.0,"8","","8",0,"8","","",.0,"8",.0,"8",.0,"8",.0,"8",.0,"8",.0,"8",.0,"8",.0,"8",.0,"8",0,"8",0,"8",0,"8","","",0,"8",0,"8"
"352190360","P£OCK","2006","01","25","15","9","",0,"8",0,"8","","","",6,"",0,"8",0,"8",8,"",140,"",2,"",0,"",-8.2,"",.0,"8","U","",2.0,"",60,"",-14.6,"",1007.6,"",1021.8,"",6,-1.8,"",.0,"8",0,"8","05","2","1","","0","","","3","","","7","","",0,"8",.0,"8",.0,"8","","8",0,"8","","",.0,"8",.0,"8",.0,"8",.0,"8",.0,"8",.0,"8",.0,"8",.0,"8",.0,"8",0,"8",0,"8",0,"8","","",0,"8",0,"8"
"352190360","P£OCK","2006","01","25","16","9","",0,"8",0,"8","","","",6,"",0,"8",0,"8",8,"",130,"",3,"",0,"",-8.8,"",.0,"8","U","",2.0,"",63,"",-14.6,"",1007.2,"",1021.5,"",6,-1.5,"",.0,"8",0,"8","05","2","2","","0","","","3","","","7","","",0,"8",.0,"8",.0,"8","","8",0,"8","","",.0,"8",.0,"8",.0,"8",.0,"8",.0,"8",.0,"8",.0,"8",.0,"8",.0,"8",0,"8",0,"8",0,"8","","",0,"8",0,"8"
"352190360","P£OCK","2006","01","25","17","9","",0,"8",0,"8","","","",6,"",0,"8",0,"8",8,"",140,"",3,"",0,"",-8.4,"",.0,"8","U","",2.0,"",62,"",-14.4,"",1007.0,"",1021.2,"",6,-1.0,"",.0,"8",0,"8","05","2","2","","0","","","3","","","7","","",0,"8",.0,"8",.0,"8","","8",0,"8","","",.0,"8",.0,"8",.0,"8",.0,"8",.0,"8",.0,"8",.0,"8",.0,"8",.0,"8",0,"8",0,"8",0,"8","","",0,"8",0,"8"
"352190360","P£OCK","2006","01","25","18","9","",0,"8",0,"8","","","",6,"",0,"8",0,"8",8,"",140,"",3,"",0,"",-9.1,"",.0,"8","U","",1.9,"",63,"",-14.9,"",1007.0,"",1021.3,"",6,-.6,"",.0,"9",0,"9","05","2","1","","0","","","3","","","7","","",18,"",.0,"8",.0,"8","","8",0,"8","","",.0,"8",.0,"8",.0,"8",.0,"8",.0,"8",.0,"8",.0,"8",.0,"8",.0,"8",0,"8",0,"8",0,"8","","",0,"8",0,"8"
"352190360","P£OCK","2006","01","25","19","9","",0,"8",0,"8","","","",6,"",0,"8",0,"8",7,"",140,"",3,"",0,"",-9.7,"",.0,"8","U","",1.9,"",65,"",-15.1,"",1007.0,"",1021.3,"",6,-.2,"",.0,"8",0,"8","05","2","0","","0","","","0","","","8","","",0,"8",.0,"8",.0,"8","","8",0,"8","","",.0,"8",.0,"8",.0,"8",.0,"8",.0,"8",.0,"8",.0,"8",.0,"8",.0,"8",0,"8",0,"8",0,"8","","",0,"8",0,"8"
"352190360","P£OCK","2006","01","25","20","9","",0,"8",0,"8","","","",6,"",0,"8",0,"8",7,"",140,"",3,"",0,"",-10.2,"",.0,"8","U","",1.8,"",65,"",-15.5,"",1007.1,"",1021.4,"",3,.1,"",.0,"8",0,"8","05","2","0","","0","","","0","","","8","","",0,"8",.0,"8",.0,"8","","8",0,"8","","",.0,"8",.0,"8",.0,"8",.0,"8",.0,"8",.0,"8",.0,"8",.0,"8",.0,"8",0,"8",0,"8",0,"8","","",0,"8",0,"8"
"352190360","P£OCK","2006","01","25","21","9","",0,"8",0,"8","","","",6,"",0,"8",0,"8",7,"",130,"",3,"",0,"",-10.8,"",.0,"8","U","",1.8,"",66,"",-15.9,"",1007.0,"",1021.4,"",0,.0,"",.0,"8",0,"8","05","2","1","","0","","","3","","","8","","",0,"8",.0,"8",.0,"8","","8",0,"8","","",.0,"8",.0,"8",.0,"8",.0,"8",.0,"8",.0,"8",.0,"8",.0,"8",.0,"8",0,"8",0,"8",0,"8","","",0,"8",0,"8"
"352190360","P£OCK","2006","01","25","22","9","",0,"8",0,"8","","","",6,"",0,"8",0,"8",7,"",110,"",4,"",0,"",-12.2,"",.0,"8","U","",1.7,"",72,"",-16.2,"",1007.1,"",1021.5,"",2,.1,"",.0,"8",0,"8","10","2","0","","0","","","0","","","8","","",0,"8",.0,"8",.0,"8","","8",0,"8","","",.0,"8",.0,"8",.0,"8",.0,"8",.0,"8",.0,"8",.0,"8",.0,"8",.0,"8",0,"8",0,"8",0,"8","","",0,"8",0,"8"
"352190360","P£OCK","2006","01","25","23","9","",0,"8",0,"8","","","",6,"",0,"8",0,"8",7,"",120,"",3,"",0,"",-11.7,"",.0,"8","U","",1.9,"",75,"",-15.2,"",1007.5,"",1021.9,"",3,.4,"",.0,"8",0,"8","10","2","7","","0","","","5","","","/","","",0,"8",.0,"8",.0,"8","","8",0,"8","","",.0,"8",.0,"8",.0,"8",.0,"8",.0,"8",.0,"8",.0,"8",.0,"8",.0,"8",0,"8",0,"8",0,"8","","",0,"8",0,"8"
"352190360","P£OCK","2006","01","26","00","9","",0,"8",0,"8","","","",6,"",0,"8",0,"8",7,"",140,"",3,"",0,"",-10.7,"",.0,"8","U","",1.9,"",71,"",-14.9,"",1007.4,"",1021.8,"",0,.4,"",.0,"9",0,"9","10","2","7","","0","","","3","","","/","","",18,"",.0,"8",.0,"8","","8",0,"8","","",.0,"8",.0,"8",.0,"8",.0,"8",.0,"8",.0,"8",.0,"8",.0,"8",.0,"8",0,"8",0,"8",0,"8","","",0,"8",0,"8"
"352190360","P£OCK","2006","01","26","01","9","",0,"8",0,"8","","","",6,"",0,"8",0,"8",5,"",120,"",3,"",0,"",-11.7,"",.0,"8","U","",1.8,"",73,"",-15.6,"",1007.8,"",1022.2,"",2,.7,"",.0,"8",0,"8","10","2","2","","0","","","3","","","8","","",0,"8",.0,"8",.0,"8","","8",0,"8","","",.0,"8",.0,"8",.0,"8",.0,"8",.0,"8",.0,"8",.0,"8",.0,"8",.0,"8",0,"8",0,"8",0,"8","","",0,"8",0,"8"
"352190360","P£OCK","2006","01","26","02","9","",0,"8",0,"8","","","",6,"",0,"8",0,"8",5,"",120,"",3,"",0,"",-12.5,"",.0,"8","U","",1.7,"",74,"",-16.2,"",1007.7,"",1022.2,"",0,.2,"",.0,"8",0,"8","10","2","0","","0","","","0","","","8","","",0,"8",.0,"8",.0,"8","","8",0,"8","","",.0,"8",.0,"8",.0,"8",.0,"8",.0,"8",.0,"8",.0,"8",.0,"8",.0,"8",0,"8",0,"8",0,"8","","",0,"8",0,"8"
"352190360","P£OCK","2006","01","26","03","9","",0,"8",0,"8","","","",6,"",0,"8",0,"8",5,"",120,"",3,"",0,"",-12.9,"",.0,"8","U","",1.7,"",74,"",-16.6,"",1007.8,"",1022.3,"",2,.4,"",.0,"8",0,"8","10","2","0","","0","","","0","","","8","","",0,"8",.0,"8",.0,"8","","8",0,"8","","",.0,"8",.0,"8",.0,"8",.0,"8",.0,"8",.0,"8",.0,"8",.0,"8",.0,"8",0,"8",0,"8",0,"8","","",0,"8",0,"8"
"352190360","P£OCK","2006","01","26","04","9","",0,"8",0,"8","","","",6,"",0,"8",0,"8",5,"",130,"",2,"",0,"",-13.4,"",.0,"8","U","",1.7,"",76,"",-16.7,"",1008.2,"",1022.7,"",3,.4,"",.0,"8",0,"8","10","2","2","","0","","","3","","","8","","",0,"8",.0,"8",.0,"8","","8",0,"8","","",.0,"8",.0,"8",.0,"8",.0,"8",.0,"8",.0,"8",.0,"8",.0,"8",.0,"8",0,"8",0,"8",0,"8","","",0,"8",0,"8"
"352190360","P£OCK","2006","01","26","05","9","",0,"8",0,"8","","","",6,"",0,"8",0,"8",5,"",140,"",2,"",0,"",-13.4,"",.0,"8","U","",1.7,"",77,"",-16.6,"",1008.5,"",1023.0,"",2,.8,"",.0,"8",0,"8","10","2","1","","0","","","3","","","8","","",0,"8",.0,"8",.0,"8","","8",0,"8","","",.0,"8",.0,"8",.0,"8",.0,"8",.0,"8",.0,"8",.0,"8",.0,"8",.0,"8",0,"8",0,"8",0,"8","","",0,"8",0,"8"
"352190360","P£OCK","2006","01","26","06","9","",0,"8",0,"8","","","",6,"",0,"8",0,"8",5,"",130,"",2,"",0,"",-14.0,"",.0,"8","U","",1.6,"",77,"",-17.2,"",1008.8,"",1023.4,"",2,1.0,"",.0,"9",0,"9","10","2","1","","0","","","3","","","8","","",18,"",.0,"8",.0,"8","","8",0,"8","","",.0,"8",.0,"8",.0,"8",.0,"8",.0,"8",.0,"8",.0,"8",.0,"8",.0,"8",0,"8",0,"8",0,"8","","",0,"8",0,"8"
"352190360","P£OCK","2006","01","26","07","9","",0,"8",0,"8","","","",6,"",0,"8",0,"8",6,"",130,"",3,"",0,"",-14.8,"",.0,"8","U","",1.6,"",80,"",-17.5,"",1009.5,"",1024.1,"",3,1.3,"",.0,"8",0,"8","10","2","1","","0","","","3","","","6","","",0,"8",.0,"8",.0,"8","","8",0,"8","","",.0,"8",.0,"8",.0,"8",.0,"8",.0,"8",.0,"8",.0,"8",.0,"8",.0,"8",0,"8",0,"8",0,"8","","",0,"8",0,"8"
"352190360","P£OCK","2006","01","26","08","9","",0,"8",0,"8","","","",6,"",0,"8",0,"8",6,"",120,"",2,"",0,"",-14.0,"",.0,"8","U","",1.6,"",77,"",-17.2,"",1010.2,"",1024.8,"",3,1.7,"",.0,"8",0,"8","10","2","1","","0","","","3","","","8","","",0,"8",.0,"8",.0,"8","","8",0,"8","","",.0,"8",.0,"8",.0,"8",.0,"8",.0,"8",.0,"8",.0,"8",.0,"8",.0,"8",0,"8",0,"8",0,"8","","",0,"8",0,"8"
"352190360","P£OCK","2006","01","26","09","9","",0,"8",0,"8","","","",5,"",0,"8",0,"8",6,"",100,"",1,"",0,"",-13.2,"",.0,"8","U","",1.6,"",72,"",-17.2,"",1010.7,"",1025.3,"",1,1.9,"",.0,"8",0,"8","10","2","1","","0","","","3","","","8","","",0,"8",.0,"8",.0,"8","","8",0,"8","","",.0,"8",.0,"8",.0,"8",.0,"8",.0,"8",.0,"8",.0,"8",.0,"8",.0,"8",0,"8",0,"8",0,"8","","",0,"8",0,"8"
"352190360","P£OCK","2006","01","26","10","9","",0,"8",0,"8","","","",5,"",0,"8",0,"8",5,"",120,"",3,"",0,"",-12.1,"",.0,"8","U","",1.7,"",68,"",-16.8,"",1011.2,"",1025.7,"",1,1.7,"",.0,"8",0,"8","05","2","1","","0","","","3","","","8","","",0,"8",.0,"8",.0,"8","","8",0,"8","","",.0,"8",.0,"8",.0,"8",.0,"8",.0,"8",.0,"8",.0,"8",.0,"8",.0,"8",0,"8",0,"8",0,"8","","",0,"8",0,"8"
"352190360","P£OCK","2006","01","26","11","9","",0,"8",0,"8","","","",6,"",0,"8",0,"8",5,"",130,"",3,"",0,"",-9.2,"",.0,"8","U","",2.0,"",64,"",-14.8,"",1011.3,"",1025.6,"",1,1.1,"",.0,"8",0,"8","05","2","0","","0","","","0","","","8","","",0,"8",.0,"8",.0,"8","","8",0,"8","","",.0,"8",.0,"8",.0,"8",.0,"8",.0,"8",.0,"8",.0,"8",.0,"8",.0,"8",0,"8",0,"8",0,"8","","",0,"8",0,"8"
"352190360","P£OCK","2006","01","26","12","9","",0,"8",0,"8","","","",6,"",0,"8",0,"8",5,"",140,"",3,"",0,"",-8.2,"",.0,"8","U","",1.9,"",58,"",-15.0,"",1011.4,"",1025.7,"",1,.7,"",.0,"9",0,"9","05","2","0","","0","","","0","","","8","","",18,"",.0,"8",.0,"8","","8",0,"8","","",.0,"8",.0,"8",.0,"8",.0,"8",.0,"8",.0,"8",.0,"8",.0,"8",.0,"8",0,"8",0,"8",0,"8","","",0,"8",0,"8"
"352190360","P£OCK","2006","01","26","13","9","",0,"8",0,"8","","","",6,"",0,"8",0,"8",7,"",140,"",2,"",0,"",-8.4,"",.0,"8","U","",1.9,"",58,"",-15.2,"",1011.4,"",1025.7,"",1,.2,"",.0,"8",0,"8","05","2","0","","0","","","0","","","6","","",0,"8",.0,"8",.0,"8","","8",0,"8","","",.0,"8",.0,"8",.0,"8",.0,"8",.0,"8",.0,"8",.0,"8",.0,"8",.0,"8",0,"8",0,"8",0,"8","","",0,"8",0,"8"
"352190360","P£OCK","2006","01","26","14","9","",0,"8",0,"8","","","",6,"",0,"8",0,"8",7,"",160,"",2,"",0,"",-8.5,"",.0,"8","U","",1.9,"",59,"",-15.1,"",1011.7,"",1026.0,"",2,.4,"",.0,"8",0,"8","05","2","0","","0","","","0","","","8","","",0,"8",.0,"8",.0,"8","","8",0,"8","","",.0,"8",.0,"8",.0,"8",.0,"8",.0,"8",.0,"8",.0,"8",.0,"8",.0,"8",0,"8",0,"8",0,"8","","",0,"8",0,"8"
"352190360","P£OCK","2006","01","26","15","9","",0,"8",0,"8","","","",6,"",0,"8",0,"8",7,"",160,"",2,"",0,"",-9.2,"",.0,"8","U","",1.9,"",61,"",-15.3,"",1011.9,"",1026.2,"",3,.5,"",.0,"8",0,"8","05","2","0","","0","","","0","","","8","","",0,"8",.0,"8",.0,"8","","8",0,"8","","",.0,"8",.0,"8",.0,"8",.0,"8",.0,"8",.0,"8",.0,"8",.0,"8",.0,"8",0,"8",0,"8",0,"8","","",0,"8",0,"8"
"352190360","P£OCK","2006","01","26","16","9","",0,"8",0,"8","","","",5,"",0,"8",0,"8",6,"",100,"",1,"",0,"",-13.7,"",.0,"8","U","",1.5,"",70,"",-18.0,"",1012.4,"",1027.0,"",2,1.0,"",.0,"8",0,"8","10","2","2","","0","","","3","","","8","","",0,"8",.0,"8",.0,"8","","8",0,"8","","",.0,"8",.0,"8",.0,"8",.0,"8",.0,"8",.0,"8",.0,"8",.0,"8",.0,"8",0,"8",0,"8",0,"8","","",0,"8",0,"8"
"352190360","P£OCK","2006","01","26","17","9","",0,"8",0,"8","","","",5,"",0,"8",0,"8",6,"",80,"",2,"",0,"",-14.6,"",.0,"8","U","",1.5,"",77,"",-17.7,"",1012.7,"",1027.4,"",2,1.0,"",.0,"8",0,"8","10","2","2","","0","","","3","","","8","","",0,"8",.0,"8",.0,"8","","8",0,"8","","",.0,"8",.0,"8",.0,"8",.0,"8",.0,"8",.0,"8",.0,"8",.0,"8",.0,"8",0,"8",0,"8",0,"8","","",0,"8",0,"8"
"352190360","P£OCK","2006","01","26","18","9","",0,"8",0,"8","","","",5,"",0,"8",0,"8",6,"",120,"",2,"",0,"",-13.8,"",.0,"8","U","",1.7,"",78,"",-16.8,"",1013.3,"",1027.9,"",2,1.4,"",.0,"9",0,"9","10","2","1","","0","","","3","","","8","","",18,"",.0,"8",.0,"8","","8",0,"8","","",.0,"8",.0,"8",.0,"8",.0,"8",.0,"8",.0,"8",.0,"8",.0,"8",.0,"8",0,"8",0,"8",0,"8","","",0,"8",0,"8"
"352190360","P£OCK","2006","01","26","19","9","",0,"8",0,"8","","","",5,"",0,"8",0,"8",5,"",150,"",2,"",0,"",-16.1,"",.0,"8","U","",1.3,"",74,"",-19.7,"",1013.7,"",1028.5,"",2,1.3,"",.0,"8",0,"8","10","2","0","","0","","","0","","","8","","",0,"8",.0,"8",.0,"8","","8",0,"8","","",.0,"8",.0,"8",.0,"8",.0,"8",.0,"8",.0,"8",.0,"8",.0,"8",.0,"8",0,"8",0,"8",0,"8","","",0,"8",0,"8"
"352190360","P£OCK","2006","01","26","20","9","",0,"8",0,"8","","","",5,"",0,"8",0,"8",5,"",140,"",2,"",0,"",-16.1,"",.0,"8","U","",1.4,"",80,"",-18.8,"",1013.9,"",1028.7,"",1,1.2,"",.0,"8",0,"8","10","2","0","","0","","","0","","","8","","",0,"8",.0,"8",.0,"8","","8",0,"8","","",.0,"8",.0,"8",.0,"8",.0,"8",.0,"8",.0,"8",.0,"8",.0,"8",.0,"8",0,"8",0,"8",0,"8","","",0,"8",0,"8"
"352190360","P£OCK","2006","01","26","21","9","",0,"8",0,"8","","","",5,"",0,"8",0,"8",3,"",140,"",2,"",0,"",-16.0,"",.0,"8","U","",1.4,"",79,"",-18.8,"",1014.2,"",1029.0,"",2,.9,"",.0,"8",0,"8","10","1","0","","0","","","0","","","8","","",0,"8",.0,"8",.0,"8","","8",0,"8","","",.0,"8",.0,"8",.0,"8",.0,"8",.0,"8",.0,"8",.0,"8",.0,"8",.0,"8",0,"8",0,"8",0,"8","","",0,"8",0,"8"
"352190360","P£OCK","2006","01","26","22","9","",0,"8",0,"8","","","",5,"",0,"8",0,"8",0,"",130,"",2,"",0,"",-16.5,"",.0,"8","U","",1.4,"",83,"",-18.7,"",1014.3,"",1029.1,"",2,.6,"",.0,"8",0,"8","10","0","0","","0","","","0","","","0","","",0,"8",.0,"8",.0,"8","","8",0,"8","","",.0,"8",.0,"8",.0,"8",.0,"8",.0,"8",.0,"8",.0,"8",.0,"8",.0,"8",0,"8",0,"8",0,"8","","",0,"8",0,"8"
"352190360","P£OCK","2006","01","26","23","9","",0,"8",0,"8","","","",5,"",0,"8",0,"8",0,"",100,"",1,"",0,"",-15.6,"",.0,"8","U","",1.6,"",85,"",-17.5,"",1014.4,"",1029.1,"",1,.5,"",.0,"8",0,"8","10","0","0","","0","","","0","","","0","","",0,"8",.0,"8",.0,"8","","8",0,"8","","",.0,"8",.0,"8",.0,"8",.0,"8",.0,"8",.0,"8",.0,"8",.0,"8",.0,"8",0,"8",0,"8",0,"8","","",0,"8",0,"8"
"352190360","P£OCK","2006","01","27","00","9","",0,"8",0,"8","","","",4,"",0,"8",0,"8",0,"",90,"",1,"",0,"",-19.0,"",.0,"8","U","",1.1,"",81,"",-21.4,"",1014.5,"",1029.4,"",2,.3,"",.0,"9",0,"9","10","1","0","","0","","","0","","","0","","",18,"",.0,"8",.0,"8","","8",0,"8","","",.0,"8",.0,"8",.0,"8",.0,"8",.0,"8",.0,"8",.0,"8",.0,"8",.0,"8",0,"8",0,"8",0,"8","","",0,"8",0,"8"
"352190360","P£OCK","2006","01","27","01","9","",0,"8",0,"8","","","",4,"",0,"8",0,"8",0,"",80,"",2,"",0,"",-20.1,"",.0,"8","U","",1.0,"",84,"",-22.1,"",1014.5,"",1029.5,"",1,.2,"",.0,"8",0,"8","10","0","0","","0","","","0","","","0","","",0,"8",.0,"8",.0,"8","","8",0,"8","","",.0,"8",.0,"8",.0,"8",.0,"8",.0,"8",.0,"8",.0,"8",.0,"8",.0,"8",0,"8",0,"8",0,"8","","",0,"8",0,"8"
"352190360","P£OCK","2006","01","27","02","9","",0,"8",0,"8","","","",5,"",0,"8",0,"8",0,"",60,"",1,"",0,"",-20.4,"",.0,"8","U","",1.0,"",84,"",-22.4,"",1014.6,"",1029.6,"",2,.2,"",.0,"8",0,"8","10","0","0","","0","","","0","","","0","","",0,"8",.0,"8",.0,"8","","8",0,"8","","",.0,"8",.0,"8",.0,"8",.0,"8",.0,"8",.0,"8",.0,"8",.0,"8",.0,"8",0,"8",0,"8",0,"8","","",0,"8",0,"8"
"352190360","P£OCK","2006","01","27","03","9","",0,"8",0,"8","","","",5,"",0,"8",0,"8",0,"",80,"",1,"",0,"",-21.3,"",.0,"8","U","",.9,"",81,"",-23.7,"",1014.6,"",1029.7,"",1,.1,"",.0,"8",0,"8","10","0","0","","0","","","0","","","0","","",0,"8",.0,"8",.0,"8","","8",0,"8","","",.0,"8",.0,"8",.0,"8",.0,"8",.0,"8",.0,"8",.0,"8",.0,"8",.0,"8",0,"8",0,"8",0,"8","","",0,"8",0,"8"
"352190360","P£OCK","2006","01","27","04","9","",0,"8",0,"8","","","",5,"",0,"8",0,"8",0,"",110,"",1,"",0,"",-21.5,"",.0,"8","U","",.9,"",80,"",-24.0,"",1014.7,"",1029.8,"",2,.2,"",.0,"8",0,"8","10","0","0","","0","","","0","","","0","","",0,"8",.0,"8",.0,"8","","8",0,"8","","",.0,"8",.0,"8",.0,"8",.0,"8",.0,"8",.0,"8",.0,"8",.0,"8",.0,"8",0,"8",0,"8",0,"8","","",0,"8",0,"8"
"352190360","P£OCK","2006","01","27","05","9","",0,"8",0,"8","","","",5,"",0,"8",0,"8",0,"",130,"",1,"",0,"",-20.9,"",.0,"8","U","",.9,"",81,"",-23.3,"",1014.9,"",1030.0,"",3,.3,"",.0,"8",0,"8","10","0","0","","0","","","0","","","0","","",0,"8",.0,"8",.0,"8","","8",0,"8","","",.0,"8",.0,"8",.0,"8",.0,"8",.0,"8",.0,"8",.0,"8",.0,"8",.0,"8",0,"8",0,"8",0,"8","","",0,"8",0,"8"
"352190360","P£OCK","2006","01","27","06","9","",0,"8",0,"8","","","",5,"",0,"8",0,"8",1,"",140,"",1,"",0,"",-21.8,"",.0,"8","U","",.9,"",79,"",-24.5,"",1015.1,"",1030.2,"",2,.5,"",.0,"9",0,"9","10","0","0","","0","","","0","","","1","","",18,"",.0,"8",.0,"8","","8",0,"8","","",.0,"8",.0,"8",.0,"8",.0,"8",.0,"8",.0,"8",.0,"8",.0,"8",.0,"8",0,"8",0,"8",0,"8","","",0,"8",0,"8"
"352190360","P£OCK","2006","01","27","07","9","",0,"8",0,"8","","","",4,"",0,"8",0,"8",1,"",110,"",1,"",0,"",-20.3,"",.0,"8","U","",1.0,"",84,"",-22.3,"",1015.3,"",1030.3,"",2,.6,"",.0,"8",0,"8","10","0","0","","0","","","0","","","1","","",0,"8",.0,"8",.0,"8","","8",0,"8","","",.0,"8",.0,"8",.0,"8",.0,"8",.0,"8",.0,"8",.0,"8",.0,"8",.0,"8",0,"8",0,"8",0,"8","","",0,"8",0,"8"
"352190360","P£OCK","2006","01","27","08","9","",0,"8",0,"8","","","",4,"",0,"8",0,"8",1,"",120,"",2,"",0,"",-17.8,"",.0,"8","U","",1.3,"",86,"",-19.6,"",1015.6,"",1030.5,"",2,.7,"",.0,"8",0,"8","10","0","0","","0","","","0","","","1","","",0,"8",.0,"8",.0,"8","","8",0,"8","","",.0,"8",.0,"8",.0,"8",.0,"8",.0,"8",.0,"8",.0,"8",.0,"8",.0,"8",0,"8",0,"8",0,"8","","",0,"8",0,"8"
"352190360","P£OCK","2006","01","27","09","9","",0,"8",0,"8","","","",4,"",0,"8",0,"8",1,"",140,"",1,"",0,"",-15.0,"",.0,"8","U","",1.6,"",82,"",-17.4,"",1015.4,"",1030.1,"",0,.3,"",.0,"8",0,"8","10","0","0","","0","","","0","","","1","","",0,"8",.0,"8",.0,"8","","8",0,"8","","",.0,"8",.0,"8",.0,"8",.0,"8",.0,"8",.0,"8",.0,"8",.0,"8",.0,"8",0,"8",0,"8",0,"8","","",0,"8",0,"8"
"352190360","P£OCK","2006","01","27","10","9","",0,"8",0,"8","","","",5,"",0,"8",0,"8",0,"",130,"",2,"",0,"",-12.9,"",.0,"8","U","",1.7,"",74,"",-16.6,"",1015.1,"",1029.7,"",8,-.2,"",.0,"8",0,"8","10","0","0","","0","","","0","","","0","","",0,"8",.0,"8",.0,"8","","8",0,"8","","",.0,"8",.0,"8",.0,"8",.0,"8",.0,"8",.0,"8",.0,"8",.0,"8",.0,"8",0,"8",0,"8",0,"8","","",0,"8",0,"8"
"352190360","P£OCK","2006","01","27","11","9","",0,"8",0,"8","","","",5,"",0,"8",0,"8",0,"",130,"",1,"",0,"",-9.7,"",.0,"8","U","",1.9,"",64,"",-15.2,"",1014.8,"",1029.2,"",7,-.8,"",.0,"8",0,"8","05","0","0","","0","","","0","","","0","","",0,"8",.0,"8",.0,"8","","8",0,"8","","",.0,"8",.0,"8",.0,"8",.0,"8",.0,"8",.0,"8",.0,"8",.0,"8",.0,"8",0,"8",0,"8",0,"8","","",0,"8",0,"8"
"352190360","P£OCK","2006","01","27","12","9","",0,"8",0,"8","","","",5,"",0,"8",0,"8",0,"",110,"",1,"",0,"",-6.9,"",.0,"8","U","",2.1,"",58,"",-13.8,"",1014.6,"",1028.9,"",7,-.8,"",.0,"9",0,"9","05","0","0","","0","","","0","","","0","","",18,"",.0,"8",.0,"8","","8",0,"8","","",.0,"8",.0,"8",.0,"8",.0,"8",.0,"8",.0,"8",.0,"8",.0,"8",.0,"8",0,"8",0,"8",0,"8","","",0,"8",0,"8"
"352190360","P£OCK","2006","01","27","13","9","",0,"8",0,"8","","","",5,"",0,"8",0,"8",0,"",50,"",1,"",0,"",-7.5,"",.0,"8","U","",2.1,"",59,"",-14.1,"",1014.2,"",1028.5,"",7,-.9,"",.0,"8",0,"8","05","0","0","","0","","","0","","","0","","",0,"8",.0,"8",.0,"8","","8",0,"8","","",.0,"8",.0,"8",.0,"8",.0,"8",.0,"8",.0,"8",.0,"8",.0,"8",.0,"8",0,"8",0,"8",0,"8","","",0,"8",0,"8"
"352190360","P£OCK","2006","01","27","14","9","",0,"8",0,"8","","","",5,"",0,"8",0,"8",1,"",70,"",1,"",0,"",-8.4,"",.0,"8","U","",2.0,"",61,"",-14.6,"",1014.2,"",1028.5,"",6,-.6,"",.0,"8",0,"8","05","0","1","","0","","","3","","","0","","",0,"8",.0,"8",.0,"8","","8",0,"8","","",.0,"8",.0,"8",.0,"8",.0,"8",.0,"8",.0,"8",.0,"8",.0,"8",.0,"8",0,"8",0,"8",0,"8","","",0,"8",0,"8"
"352190360","P£OCK","2006","01","27","15","9","",0,"8",0,"8","","","",5,"",0,"8",0,"8",3,"",50,"",2,"",0,"",-10.8,"",.0,"8","U","",1.7,"",64,"",-16.3,"",1014.2,"",1028.7,"",6,-.4,"",.0,"8",0,"8","05","0","1","","0","","","3","","","1","","",0,"8",.0,"8",.0,"8","","8",0,"8","","",.0,"8",.0,"8",.0,"8",.0,"8",.0,"8",.0,"8",.0,"8",.0,"8",.0,"8",0,"8",0,"8",0,"8","","",0,"8",0,"8"
"352190360","P£OCK","2006","01","27","16","9","",0,"8",0,"8","","","",5,"",0,"8",0,"8",4,"",160,"",1,"",0,"",-12.9,"",.0,"8","U","",1.7,"",75,"",-16.4,"",1013.7,"",1028.3,"",8,-.5,"",.0,"8",0,"8","10","0","0","","0","","","0","","","6","","",0,"8",.0,"8",.0,"8","","8",0,"8","","",.0,"8",.0,"8",.0,"8",.0,"8",.0,"8",.0,"8",.0,"8",.0,"8",.0,"8",0,"8",0,"8",0,"8","","",0,"8",0,"8"
"352190360","P£OCK","2006","01","27","17","9","",0,"8",0,"8","","","",4,"",0,"8",0,"8",3,"",180,"",2,"",0,"",-14.7,"",.0,"8","U","",1.5,"",75,"",-18.2,"",1013.6,"",1028.3,"",8,-.6,"",.0,"8",0,"8","10","0","0","","0","","","0","","","1","","",0,"8",.0,"8",.0,"8","","8",0,"8","","",.0,"8",.0,"8",.0,"8",.0,"8",.0,"8",.0,"8",.0,"8",.0,"8",.0,"8",0,"8",0,"8",0,"8","","",0,"8",0,"8"
"352190360","P£OCK","2006","01","27","18","9","",0,"8",0,"8","","","",4,"",0,"8",0,"8",2,"",20,"",1,"",0,"",-15.6,"",.0,"8","U","",1.4,"",74,"",-19.2,"",1014.0,"",1028.7,"",5,-.2,"",.0,"9",0,"9","10","0","0","","0","","","0","","","1","","",18,"",.0,"8",.0,"8","","8",0,"8","","",.0,"8",.0,"8",.0,"8",.0,"8",.0,"8",.0,"8",.0,"8",.0,"8",.0,"8",0,"8",0,"8",0,"8","","",0,"8",0,"8"
"352190360","P£OCK","2006","01","27","19","9","",0,"8",0,"8","","","",4,"",0,"8",0,"8",1,"",290,"",1,"",0,"",-17.3,"",.0,"8","U","",1.2,"",75,"",-20.7,"",1014.2,"",1029.0,"",3,.5,"",.0,"8",0,"8","10","0","0","","0","","","0","","","1","","",0,"8",.0,"8",.0,"8","","8",0,"8","","",.0,"8",.0,"8",.0,"8",.0,"8",.0,"8",.0,"8",.0,"8",.0,"8",.0,"8",0,"8",0,"8",0,"8","","",0,"8",0,"8"
"352190360","P£OCK","2006","01","27","20","9","",0,"8",0,"8","","","",5,"",0,"8",0,"8",0,"",280,"",1,"",0,"",-18.2,"",.0,"8","U","",1.1,"",78,"",-21.1,"",1014.3,"",1029.2,"",1,.7,"",.0,"8",0,"8","10","0","0","","0","","","0","","","0","","",0,"8",.0,"8",.0,"8","","8",0,"8","","",.0,"8",.0,"8",.0,"8",.0,"8",.0,"8",.0,"8",.0,"8",.0,"8",.0,"8",0,"8",0,"8",0,"8","","",0,"8",0,"8"
"352190360","P£OCK","2006","01","27","21","9","",0,"8",0,"8","","","",5,"",0,"8",0,"8",0,"",210,"",1,"",0,"",-16.8,"",.0,"8","U","",1.4,"",84,"",-18.9,"",1014.3,"",1029.1,"",1,.3,"",.0,"8",0,"8","10","0","0","","0","","","0","","","0","","",0,"8",.0,"8",.0,"8","","8",0,"8","","",.0,"8",.0,"8",.0,"8",.0,"8",.0,"8",.0,"8",.0,"8",.0,"8",.0,"8",0,"8",0,"8",0,"8","","",0,"8",0,"8"
"352190360","P£OCK","2006","01","27","22","9","",0,"8",0,"8","","","",5,"",0,"8",0,"8",0,"",0,"",0,"",0,"",-18.7,"",.0,"8","U","",1.1,"",76,"",-21.9,"",1014.1,"",1029.0,"",8,-.1,"",.0,"8",0,"8","10","0","0","","0","","","0","","","0","","",0,"8",.0,"8",.0,"8","","8",0,"8","","",.0,"8",.0,"8",.0,"8",.0,"8",.0,"8",.0,"8",.0,"8",.0,"8",.0,"8",0,"8",0,"8",0,"8","","",0,"8",0,"8"
"352190360","P£OCK","2006","01","27","23","9","",0,"8",0,"8","","","",5,"",0,"8",0,"8",4,"",210,"",1,"",0,"",-17.0,"",.0,"8","U","",1.4,"",85,"",-18.9,"",1013.8,"",1028.6,"",8,-.5,"",.0,"8",0,"8","10","0","0","","0","","","0","","","6","","",0,"8",.0,"8",.0,"8","","8",0,"8","","",.0,"8",.0,"8",.0,"8",.0,"8",.0,"8",.0,"8",.0,"8",.0,"8",.0,"8",0,"8",0,"8",0,"8","","",0,"8",0,"8"
"352190360","P£OCK","2006","01","28","00","9","",0,"8",0,"8","","","",4,"",0,"8",0,"8",4,"",310,"",2,"",0,"",-16.2,"",.0,"8","U","",1.4,"",81,"",-18.7,"",1014.1,"",1028.9,"",5,-.2,"",.0,"9",0,"9","10","0","0","","0","","","0","","","8","","",18,"",.0,"8",.0,"8","","8",0,"8","","",.0,"8",.0,"8",.0,"8",.0,"8",.0,"8",.0,"8",.0,"8",.0,"8",.0,"8",0,"8",0,"8",0,"8","","",0,"8",0,"8"
"352190360","P£OCK","2006","01","28","01","9","",0,"8",0,"8","","","",4,"",0,"8",0,"8",2,"",320,"",1,"",0,"",-19.6,"",.0,"8","U","",1.1,"",83,"",-21.8,"",1014.4,"",1029.4,"",3,.3,"",.0,"8",0,"8","10","0","0","","0","","","0","","","1","","",0,"8",.0,"8",.0,"8","","8",0,"8","","",.0,"8",.0,"8",.0,"8",.0,"8",.0,"8",.0,"8",.0,"8",.0,"8",.0,"8",0,"8",0,"8",0,"8","","",0,"8",0,"8"
"352190360","P£OCK","2006","01","28","02","9","",0,"8",0,"8","","","",4,"",0,"8",0,"8",0,"",0,"",0,"",0,"",-21.1,"",.0,"8","U","",.9,"",79,"",-23.8,"",1014.3,"",1029.4,"",0,.5,"",.0,"8",0,"8","10","0","0","","0","","","0","","","0","","",0,"8",.0,"8",.0,"8","","8",0,"8","","",.0,"8",.0,"8",.0,"8",.0,"8",.0,"8",.0,"8",.0,"8",.0,"8",.0,"8",0,"8",0,"8",0,"8","","",0,"8",0,"8"
"352190360","P£OCK","2006","01","28","03","9","",0,"8",0,"8","","","",4,"",0,"8",0,"8",0,"",200,"",1,"",0,"",-19.6,"",.0,"8","U","",1.1,"",84,"",-21.6,"",1014.2,"",1029.2,"",0,.1,"",.0,"8",0,"8","10","0","0","","0","","","0","","","0","","",0,"8",.0,"8",.0,"8","","8",0,"8","","",.0,"8",.0,"8",.0,"8",.0,"8",.0,"8",.0,"8",.0,"8",.0,"8",.0,"8",0,"8",0,"8",0,"8","","",0,"8",0,"8"
"352190360","P£OCK","2006","01","28","04","9","",0,"8",0,"8","","","",4,"",0,"8",0,"8",4,"",280,"",2,"",0,"",-18.3,"",.0,"8","U","",1.3,"",88,"",-19.8,"",1014.6,"",1029.5,"",3,.2,"",.0,"8",0,"8","10","0","0","","0","","","0","","","6","","",0,"8",.0,"8",.0,"8","","8",0,"8","","",.0,"8",.0,"8",.0,"8",.0,"8",.0,"8",.0,"8",.0,"8",.0,"8",.0,"8",0,"8",0,"8",0,"8","","",0,"8",0,"8"
"352190360","P£OCK","2006","01","28","05","1","",0,"8",0,"8","","","",3,"",0,"8",0,"8",8,"",220,"",1,"",0,"",-16.3,"",.0,"8","U","",1.5,"",87,"",-18.0,"",1014.5,"",1029.3,"",0,.2,"",.0,"8",0,"8","48","4","8","","6","","","/","","","/","","",0,"8",.0,"8",.0,"8","","8",0,"8","","",.0,"8",.0,"8",.0,"8",.0,"8",.0,"8",.0,"8",.0,"8",.0,"8",.0,"8",0,"8",0,"8",0,"8","","",0,"8",0,"8"
"352190360","P£OCK","2006","01","28","06","/","",0,"8",0,"8","","","",1,"",0,"8",0,"8",9,"",290,"",2,"",0,"",-15.7,"",.0,"8","U","",1.5,"",84,"",-17.8,"",1015.0,"",1029.8,"",2,.8,"",.0,"",7,"","49","7","9","","/","","","/","","","/","","",18,"",.0,"8",.0,"8","","8",0,"8","","",.0,"8",.0,"8",.0,"8",.0,"8",.0,"8",.0,"8",.0,"8",.0,"8",.0,"8",0,"8",0,"8",0,"8","","",0,"8",0,"8"
"352190360","P£OCK","2006","01","28","07","1","",0,"8",0,"8","","","",3,"",0,"8",0,"8",8,"",280,"",1,"",0,"",-14.1,"",.0,"8","U","",1.8,"",86,"",-15.9,"",1015.0,"",1029.7,"",1,.4,"",.0,"8",0,"8","48","4","8","","6","","","/","","","/","","",0,"8",.0,"8",.0,"8","","8",0,"8","","",.0,"8",.0,"8",.0,"8",.0,"8",.0,"8",.0,"8",.0,"8",.0,"8",.0,"8",0,"8",0,"8",0,"8","","",0,"8",0,"8"
"352190360","P£OCK","2006","01","28","08","1","",0,"8",0,"8","","","",3,"",0,"8",0,"8",8,"",200,"",1,"",0,"",-14.2,"",.0,"8","U","",1.8,"",86,"",-16.0,"",1015.3,"",1030.0,"",2,.8,"",.0,"8",0,"8","48","4","8","","6","","","/","","","/","","",0,"8",.0,"8",.0,"8","","8",0,"8","","",.0,"8",.0,"8",.0,"8",.0,"8",.0,"8",.0,"8",.0,"8",.0,"8",.0,"8",0,"8",0,"8",0,"8","","",0,"8",0,"8"
"352190360","P£OCK","2006","01","28","09","2","",0,"8",0,"8","","","",2,"",0,"8",0,"8",8,"",220,"",1,"",0,"",-12.8,"",.0,"8","U","",2.0,"",88,"",-14.4,"",1015.6,"",1030.2,"",3,.6,"",.0,"8",0,"8","77","4","8","","6","","","/","","","/","","",0,"8",.0,"8",.0,"8","","8",0,"8","","",.0,"8",.0,"8",.0,"8",.0,"8",.0,"8",.0,"8",.0,"8",.0,"8",.0,"8",0,"8",0,"8",0,"8","","",0,"8",0,"8"
"352190360","P£OCK","2006","01","28","10","2","",0,"8",0,"8","","","",3,"",0,"8",0,"8",8,"",220,"",1,"",0,"",-11.1,"",.0,"8","U","",2.3,"",89,"",-12.6,"",1015.9,"",1030.4,"",2,.9,"",.0,"8",0,"8","77","7","8","","6","","","/","","","/","","",0,"8",.0,"8",.0,"8","","8",0,"8","","",.0,"8",.0,"8",.0,"8",.0,"8",.0,"8",.0,"8",.0,"8",.0,"8",.0,"8",0,"8",0,"8",0,"8","","",0,"8",0,"8"
"352190360","P£OCK","2006","01","28","11","2","",0,"8",0,"8","","","",3,"",0,"8",0,"8",8,"",270,"",1,"",0,"",-9.6,"",.0,"8","U","",2.7,"",90,"",-10.9,"",1015.9,"",1030.3,"",1,.6,"",.0,"8",0,"8","77","7","8","","6","","","/","","","/","","",0,"8",.0,"8",.0,"8","","8",0,"8","","",.0,"8",.0,"8",.0,"8",.0,"8",.0,"8",.0,"8",.0,"8",.0,"8",.0,"8",0,"8",0,"8",0,"8","","",0,"8",0,"8"
"352190360","P£OCK","2006","01","28","12","1","",0,"8",0,"8","","","",3,"",0,"8",0,"8",8,"",220,"",1,"",0,"",-8.5,"",.0,"8","U","",2.9,"",91,"",-9.7,"",1015.4,"",1029.8,"",8,-.2,"",.1,"",7,"","77","7","8","","6","","","/","","","/","","",18,"",.0,"8",.0,"8","","8",0,"8","","",.0,"8",.0,"8",.0,"8",.0,"8",.0,"8",.0,"8",.0,"8",.0,"8",.0,"8",0,"8",0,"8",0,"8","","",0,"8",0,"8"
"352190360","P£OCK","2006","01","28","13","1","",0,"8",0,"8","","","",3,"",0,"8",0,"8",8,"",200,"",1,"",0,"",-7.9,"",.0,"8","U","",3.1,"",92,"",-9.0,"",1015.0,"",1029.3,"",8,-.9,"",.0,"8",0,"8","77","7","8","","6","","","/","","","/","","",0,"8",.0,"8",.0,"8","","8",0,"8","","",.0,"8",.0,"8",.0,"8",.0,"8",.0,"8",.0,"8",.0,"8",.0,"8",.0,"8",0,"8",0,"8",0,"8","","",0,"8",0,"8"
"352190360","P£OCK","2006","01","28","14","1","",0,"8",0,"8","","","",3,"",0,"8",0,"8",8,"",220,"",2,"",0,"",-6.9,"",.0,"8","U","",3.4,"",93,"",-7.8,"",1014.5,"",1028.8,"",7,-1.4,"",.0,"8",0,"8","77","7","8","","6","","","/","","","/","","",0,"8",.0,"8",.0,"8","","8",0,"8","","",.0,"8",.0,"8",.0,"8",.0,"8",.0,"8",.0,"8",.0,"8",.0,"8",.0,"8",0,"8",0,"8",0,"8","","",0,"8",0,"8"
"352190360","P£OCK","2006","01","28","15","1","",0,"8",0,"8","","","",3,"",0,"8",0,"8",8,"",240,"",2,"",0,"",-5.9,"",.0,"8","U","",3.7,"",93,"",-6.8,"",1014.5,"",1028.7,"",6,-.9,"",.0,"8",0,"8","77","7","8","","6","","","/","","","/","","",0,"8",.0,"8",.0,"8","","8",0,"8","","",.0,"8",.0,"8",.0,"8",.0,"8",.0,"8",.0,"8",.0,"8",.0,"8",.0,"8",0,"8",0,"8",0,"8","","",0,"8",0,"8"
"352190360","P£OCK","2006","01","28","16","2","",0,"8",0,"8","","","",5,"",0,"8",0,"8",8,"",280,"",4,"",0,"",-5.5,"",.0,"8","U","",3.8,"",94,"",-6.3,"",1014.7,"",1028.9,"",5,-.3,"",.0,"8",0,"8","77","7","8","","6","","","/","","","/","","",0,"8",.0,"8",.0,"8","","8",0,"8","","",.0,"8",.0,"8",.0,"8",.0,"8",.0,"8",.0,"8",.0,"8",.0,"8",.0,"8",0,"8",0,"8",0,"8","","",0,"8",0,"8"
"352190360","P£OCK","2006","01","28","17","1","",0,"8",0,"8","","","",4,"",0,"8",0,"8",8,"",280,"",3,"",0,"",-5.7,"",.0,"8","U","",3.8,"",94,"",-6.5,"",1014.6,"",1028.8,"",0,.1,"",.0,"8",0,"8","20","2","8","","6","","","/","","","/","","",0,"8",.0,"8",.0,"8","","8",0,"8","","",.0,"8",.0,"8",.0,"8",.0,"8",.0,"8",.0,"8",.0,"8",.0,"8",.0,"8",0,"8",0,"8",0,"8","","",0,"8",0,"8"
"352190360","P£OCK","2006","01","28","18","3","",0,"8",0,"8","","","",5,"",0,"8",0,"8",2,"",290,"",3,"",0,"",-7.7,"",.0,"8","U","",3.2,"",92,"",-8.8,"",1014.9,"",1029.2,"",2,.4,"",.0,"",7,"","10","7","2","","6","","","0","","","0","","",18,"",.0,"8",.0,"8","","8",0,"8","","",.0,"8",.0,"8",.0,"8",.0,"8",.0,"8",.0,"8",.0,"8",.0,"8",.0,"8",0,"8",0,"8",0,"8","","",0,"8",0,"8"
"352190360","P£OCK","2006","01","28","19","2","",0,"8",0,"8","","","",5,"",0,"8",0,"8",8,"",270,"",2,"",0,"",-7.8,"",.0,"8","U","",3.1,"",92,"",-8.9,"",1015.1,"",1029.4,"",3,.4,"",.0,"8",0,"8","10","1","8","","6","","","/","","","/","","",0,"8",.0,"8",.0,"8","","8",0,"8","","",.0,"8",.0,"8",.0,"8",.0,"8",.0,"8",.0,"8",.0,"8",.0,"8",.0,"8",0,"8",0,"8",0,"8","","",0,"8",0,"8"
"352190360","P£OCK","2006","01","28","20","1","",0,"8",0,"8","","","",4,"",0,"8",0,"8",8,"",240,"",2,"",0,"",-7.5,"",.0,"8","U","",3.2,"",92,"",-8.6,"",1015.1,"",1029.4,"",1,.5,"",.0,"8",0,"8","77","7","8","","6","","","/","","","/","","",0,"8",.0,"8",.0,"8","","8",0,"8","","",.0,"8",.0,"8",.0,"8",.0,"8",.0,"8",.0,"8",.0,"8",.0,"8",.0,"8",0,"8",0,"8",0,"8","","",0,"8",0,"8"
"352190360","P£OCK","2006","01","28","21","1","",0,"8",0,"8","","","",3,"",0,"8",0,"8",8,"",220,"",2,"",0,"",-7.9,"",.0,"8","U","",3.1,"",92,"",-9.0,"",1014.8,"",1029.1,"",8,-.1,"",.0,"8",0,"8","77","7","8","","6","","","/","","","/","","",0,"8",.0,"8",.0,"8","","8",0,"8","","",.0,"8",.0,"8",.0,"8",.0,"8",.0,"8",.0,"8",.0,"8",.0,"8",.0,"8",0,"8",0,"8",0,"8","","",0,"8",0,"8"
"352190360","P£OCK","2006","01","28","22","1","",0,"8",0,"8","","","",4,"",0,"8",0,"8",8,"",240,"",2,"",0,"",-7.7,"",.0,"8","U","",3.2,"",92,"",-8.8,"",1014.8,"",1029.1,"",6,-.3,"",.0,"8",0,"8","77","7","8","","6","","","/","","","/","","",0,"8",.0,"8",.0,"8","","8",0,"8","","",.0,"8",.0,"8",.0,"8",.0,"8",.0,"8",.0,"8",.0,"8",.0,"8",.0,"8",0,"8",0,"8",0,"8","","",0,"8",0,"8"
"352190360","P£OCK","2006","01","28","23","3","",0,"8",0,"8","","","",4,"",0,"8",0,"8",8,"",230,"",1,"",0,"",-7.9,"",.0,"8","U","",3.1,"",92,"",-9.0,"",1015.1,"",1029.4,"",5,.0,"",.0,"8",0,"8","20","2","8","","5","","","/","","","/","","",0,"8",.0,"8",.0,"8","","8",0,"8","","",.0,"8",.0,"8",.0,"8",.0,"8",.0,"8",.0,"8",.0,"8",.0,"8",.0,"8",0,"8",0,"8",0,"8","","",0,"8",0,"8"
"352190360","P£OCK","2006","01","29","00","5","",0,"8",0,"8","","","",4,"",0,"8",0,"8",8,"",270,"",2,"",0,"",-7.7,"",.0,"8","U","",3.2,"",92,"",-8.8,"",1014.8,"",1029.1,"",0,.0,"",.0,"",7,"","26","7","8","","9","","","/","","","/","","",18,"",.0,"8",.0,"8","","8",0,"8","","",.0,"8",.0,"8",.0,"8",.0,"8",.0,"8",.0,"8",.0,"8",.0,"8",.0,"8",0,"8",0,"8",0,"8","","",0,"8",0,"8"
"352190360","P£OCK","2006","01","29","01","3","",0,"8",0,"8","","","",4,"",0,"8",0,"8",8,"",270,"",3,"",0,"",-7.5,"",.0,"8","U","",3.2,"",92,"",-8.6,"",1014.6,"",1028.9,"",8,-.2,"",.0,"8",0,"8","10","2","8","","6","","","/","","","/","","",0,"8",.0,"8",.0,"8","","8",0,"8","","",.0,"8",.0,"8",.0,"8",.0,"8",.0,"8",.0,"8",.0,"8",.0,"8",.0,"8",0,"8",0,"8",0,"8","","",0,"8",0,"8"
"352190360","P£OCK","2006","01","29","02","2","",0,"8",0,"8","","","",4,"",0,"8",0,"8",8,"",270,"",3,"",0,"",-6.9,"",.0,"8","U","",3.4,"",93,"",-7.8,"",1014.8,"",1029.1,"",5,-.3,"",.0,"8",0,"8","10","2","8","","6","","","/","","","/","","",0,"8",.0,"8",.0,"8","","8",0,"8","","",.0,"8",.0,"8",.0,"8",.0,"8",.0,"8",.0,"8",.0,"8",.0,"8",.0,"8",0,"8",0,"8",0,"8","","",0,"8",0,"8"
"352190360","P£OCK","2006","01","29","03","1","",0,"8",0,"8","","","",3,"",0,"8",0,"8",8,"",270,"",4,"",0,"",-6.1,"",.0,"8","U","",3.6,"",93,"",-7.0,"",1014.6,"",1028.8,"",7,-.2,"",.0,"8",0,"8","46","2","8","","6","","","/","","","/","","",0,"8",.0,"8",.0,"8","","8",0,"8","","",.0,"8",.0,"8",.0,"8",.0,"8",.0,"8",.0,"8",.0,"8",.0,"8",.0,"8",0,"8",0,"8",0,"8","","",0,"8",0,"8"
"352190360","P£OCK","2006","01","29","04","1","",0,"8",0,"8","","","",2,"",0,"8",0,"8",8,"",270,"",2,"",0,"",-5.3,"",.0,"8","U","",3.9,"",94,"",-6.1,"",1015.0,"",1029.2,"",2,.4,"",.0,"8",0,"8","46","4","8","","6","","","/","","","/","","",0,"8",.0,"8",.0,"8","","8",0,"8","","",.0,"8",.0,"8",.0,"8",.0,"8",.0,"8",.0,"8",.0,"8",.0,"8",.0,"8",0,"8",0,"8",0,"8","","",0,"8",0,"8"
"352190360","P£OCK","2006","01","29","05","1","",0,"8",0,"8","","","",2,"",0,"8",0,"8",8,"",270,"",3,"",0,"",-4.8,"",.0,"8","U","",4.0,"",94,"",-5.6,"",1015.2,"",1029.4,"",3,.4,"",.0,"8",0,"8","44","4","8","","6","","","/","","","/","","",0,"8",.0,"8",.0,"8","","8",0,"8","","",.0,"8",.0,"8",.0,"8",.0,"8",.0,"8",.0,"8",.0,"8",.0,"8",.0,"8",0,"8",0,"8",0,"8","","",0,"8",0,"8"
"352190360","P£OCK","2006","01","29","06","1","",0,"8",0,"8","","","",2,"",0,"8",0,"8",8,"",270,"",2,"",0,"",-4.5,"",.0,"8","U","",4.2,"",95,"",-5.2,"",1015.4,"",1029.5,"",1,.8,"",.0,"9",0,"9","44","4","8","","6","","","/","","","/","","",18,"",.0,"8",.0,"8","","8",0,"8","","",.0,"8",.0,"8",.0,"8",.0,"8",.0,"8",.0,"8",.0,"8",.0,"8",.0,"8",0,"8",0,"8",0,"8","","",0,"8",0,"8"
"352190360","P£OCK","2006","01","29","07","2","",0,"8",0,"8","","","",3,"",0,"8",0,"8",8,"",270,"",2,"",0,"",-4.0,"",.0,"8","U","",4.3,"",95,"",-4.7,"",1016.0,"",1030.1,"",3,1.0,"",.0,"8",0,"8","42","4","8","","6","","","/","","","/","","",0,"8",.0,"8",.0,"8","","8",0,"8","","",.0,"8",.0,"8",.0,"8",.0,"8",.0,"8",.0,"8",.0,"8",.0,"8",.0,"8",0,"8",0,"8",0,"8","","",0,"8",0,"8"
"352190360","P£OCK","2006","01","29","08","2","",0,"8",0,"8","","","",3,"",0,"8",0,"8",8,"",270,"",2,"",0,"",-4.0,"",.0,"8","U","",4.3,"",95,"",-4.7,"",1016.3,"",1030.4,"",2,1.1,"",.0,"8",0,"8","46","4","8","","6","","","/","","","/","","",0,"8",.0,"8",.0,"8","","8",0,"8","","",.0,"8",.0,"8",.0,"8",.0,"8",.0,"8",.0,"8",.0,"8",.0,"8",.0,"8",0,"8",0,"8",0,"8","","",0,"8",0,"8"
"352190360","P£OCK","2006","01","29","09","2","",0,"8",0,"8","","","",3,"",0,"8",0,"8",8,"",260,"",3,"",0,"",-3.9,"",.0,"8","U","",4.4,"",95,"",-4.6,"",1016.2,"",1030.3,"",0,.8,"",.0,"8",0,"8","42","4","8","","6","","","/","","","/","","",0,"8",.0,"8",.0,"8","","8",0,"8","","",.0,"8",.0,"8",.0,"8",.0,"8",.0,"8",.0,"8",.0,"8",.0,"8",.0,"8",0,"8",0,"8",0,"8","","",0,"8",0,"8"
"352190360","P£OCK","2006","01","29","10","2","",0,"8",0,"8","","","",3,"",0,"8",0,"8",8,"",270,"",3,"",0,"",-4.0,"",.0,"8","U","",4.3,"",95,"",-4.7,"",1016.1,"",1030.2,"",0,.1,"",.0,"8",0,"8","48","4","8","","6","","","/","","","/","","",0,"8",.0,"8",.0,"8","","8",0,"8","","",.0,"8",.0,"8",.0,"8",.0,"8",.0,"8",.0,"8",.0,"8",.0,"8",.0,"8",0,"8",0,"8",0,"8","","",0,"8",0,"8"
"352190360","P£OCK","2006","01","29","11","2","",0,"8",0,"8","","","",3,"",0,"8",0,"8",8,"",280,"",3,"",0,"",-4.1,"",.0,"8","U","",4.3,"",95,"",-4.8,"",1016.2,"",1030.3,"",5,-.1,"",.0,"8",0,"8","48","4","8","","6","","","/","","","/","","",0,"8",.0,"8",.0,"8","","8",0,"8","","",.0,"8",.0,"8",.0,"8",.0,"8",.0,"8",.0,"8",.0,"8",.0,"8",.0,"8",0,"8",0,"8",0,"8","","",0,"8",0,"8"
"352190360","P£OCK","2006","01","29","12","2","",0,"8",0,"8","","","",3,"",0,"8",0,"8",8,"",280,"",3,"",0,"",-4.1,"",.0,"8","U","",4.3,"",95,"",-4.8,"",1016.3,"",1030.4,"",3,.1,"",.0,"",7,"","42","7","8","","6","","","/","","","/","","",18,"",.0,"8",.0,"8","","8",0,"8","","",.0,"8",.0,"8",.0,"8",.0,"8",.0,"8",.0,"8",.0,"8",.0,"8",.0,"8",0,"8",0,"8",0,"8","","",0,"8",0,"8"
"352190360","P£OCK","2006","01","29","13","2","",0,"8",0,"8","","","",3,"",0,"8",0,"8",8,"",270,"",3,"",0,"",-3.8,"",.0,"8","U","",4.4,"",95,"",-4.5,"",1015.9,"",1030.0,"",8,-.2,"",.0,"8",0,"8","44","4","8","","6","","","/","","","/","","",0,"8",.0,"8",.0,"8","","8",0,"8","","",.0,"8",.0,"8",.0,"8",.0,"8",.0,"8",.0,"8",.0,"8",.0,"8",.0,"8",0,"8",0,"8",0,"8","","",0,"8",0,"8"
"352190360","P£OCK","2006","01","29","14","2","",0,"8",0,"8","","","",3,"",0,"8",0,"8",8,"",270,"",3,"",0,"",-3.8,"",.0,"8","U","",4.4,"",95,"",-4.5,"",1015.8,"",1029.9,"",8,-.4,"",.0,"8",0,"8","46","4","8","","6","","","/","","","/","","",0,"8",.0,"8",.0,"8","","8",0,"8","","",.0,"8",.0,"8",.0,"8",.0,"8",.0,"8",.0,"8",.0,"8",.0,"8",.0,"8",0,"8",0,"8",0,"8","","",0,"8",0,"8"
"352190360","P£OCK","2006","01","29","15","2","",0,"8",0,"8","","","",3,"",0,"8",0,"8",8,"",280,"",3,"",0,"",-3.8,"",.0,"8","U","",4.4,"",95,"",-4.5,"",1016.1,"",1030.2,"",5,-.2,"",.0,"8",0,"8","46","4","8","","6","","","/","","","/","","",0,"8",.0,"8",.0,"8","","8",0,"8","","",.0,"8",.0,"8",.0,"8",.0,"8",.0,"8",.0,"8",.0,"8",.0,"8",.0,"8",0,"8",0,"8",0,"8","","",0,"8",0,"8"
"352190360","P£OCK","2006","01","29","16","2","",0,"8",0,"8","","","",2,"",0,"8",0,"8",8,"",270,"",2,"",0,"",-3.9,"",.0,"8","U","",4.4,"",95,"",-4.6,"",1016.6,"",1030.7,"",3,.7,"",.0,"8",0,"8","48","4","8","","6","","","/","","","/","","",0,"8",.0,"8",.0,"8","","8",0,"8","","",.0,"8",.0,"8",.0,"8",.0,"8",.0,"8",.0,"8",.0,"8",.0,"8",.0,"8",0,"8",0,"8",0,"8","","",0,"8",0,"8"
"352190360","P£OCK","2006","01","29","17","2","",0,"8",0,"8","","","",2,"",0,"8",0,"8",8,"",270,"",2,"",0,"",-3.5,"",.0,"8","U","",4.5,"",95,"",-4.2,"",1016.2,"",1030.3,"",0,.4,"",.0,"8",0,"8","48","4","8","","6","","","/","","","/","","",0,"8",.0,"8",.0,"8","","8",0,"8","","",.0,"8",.0,"8",.0,"8",.0,"8",.0,"8",.0,"8",.0,"8",.0,"8",.0,"8",0,"8",0,"8",0,"8","","",0,"8",0,"8"
"352190360","P£OCK","2006","01","29","18","2","",0,"8",0,"8","","","",3,"",0,"8",0,"8",8,"",270,"",2,"",0,"",-2.9,"",.0,"8","U","",4.7,"",96,"",-3.4,"",1016.0,"",1030.1,"",8,-.1,"",.0,"9",0,"9","48","4","8","","6","","","/","","","/","","",18,"",.0,"8",.0,"8","","8",0,"8","","",.0,"8",.0,"8",.0,"8",.0,"8",.0,"8",.0,"8",.0,"8",.0,"8",.0,"8",0,"8",0,"8",0,"8","","",0,"8",0,"8"
"352190360","P£OCK","2006","01","29","19","2","",0,"8",0,"8","","","",3,"",0,"8",0,"8",8,"",270,"",2,"",0,"",-2.6,"",.0,"8","U","",4.8,"",96,"",-3.2,"",1016.3,"",1030.4,"",5,-.3,"",.0,"8",0,"8","48","4","8","","6","","","/","","","/","","",0,"8",.0,"8",.0,"8","","8",0,"8","","",.0,"8",.0,"8",.0,"8",.0,"8",.0,"8",.0,"8",.0,"8",.0,"8",.0,"8",0,"8",0,"8",0,"8","","",0,"8",0,"8"
"352190360","P£OCK","2006","01","29","20","2","",0,"8",0,"8","","","",3,"",0,"8",0,"8",8,"",270,"",2,"",0,"",-2.6,"",.0,"8","U","",4.8,"",96,"",-3.2,"",1016.2,"",1030.3,"",4,.0,"",.0,"8",0,"8","44","4","8","","6","","","/","","","/","","",0,"8",.0,"8",.0,"8","","8",0,"8","","",.0,"8",.0,"8",.0,"8",.0,"8",.0,"8",.0,"8",.0,"8",.0,"8",.0,"8",0,"8",0,"8",0,"8","","",0,"8",0,"8"
"352190360","P£OCK","2006","01","29","21","2","",0,"8",0,"8","","","",3,"",0,"8",0,"8",8,"",280,"",2,"",0,"",-2.9,"",.0,"8","U","",4.7,"",96,"",-3.4,"",1016.0,"",1030.1,"",0,.0,"",.0,"8",0,"8","44","4","8","","6","","","/","","","/","","",0,"8",.0,"8",.0,"8","","8",0,"8","","",.0,"8",.0,"8",.0,"8",.0,"8",.0,"8",.0,"8",.0,"8",.0,"8",.0,"8",0,"8",0,"8",0,"8","","",0,"8",0,"8"
"352190360","P£OCK","2006","01","29","22","2","",0,"8",0,"8","","","",3,"",0,"8",0,"8",8,"",280,"",2,"",0,"",-2.9,"",.0,"8","U","",4.7,"",96,"",-3.4,"",1016.0,"",1030.1,"",6,-.3,"",.0,"8",0,"8","44","4","8","","6","","","/","","","/","","",0,"8",.0,"8",.0,"8","","8",0,"8","","",.0,"8",.0,"8",.0,"8",.0,"8",.0,"8",.0,"8",.0,"8",.0,"8",.0,"8",0,"8",0,"8",0,"8","","",0,"8",0,"8"
"352190360","P£OCK","2006","01","29","23","2","",0,"8",0,"8","","","",3,"",0,"8",0,"8",8,"",280,"",2,"",0,"",-3.0,"",.0,"8","U","",4.7,"",96,"",-3.5,"",1015.7,"",1029.8,"",7,-.5,"",.0,"8",0,"8","44","4","8","","6","","","/","","","/","","",0,"8",.0,"8",.0,"8","","8",0,"8","","",.0,"8",.0,"8",.0,"8",.0,"8",.0,"8",.0,"8",.0,"8",.0,"8",.0,"8",0,"8",0,"8",0,"8","","",0,"8",0,"8"
"352190360","P£OCK","2006","01","30","00","1","",0,"8",0,"8","","","",2,"",0,"8",0,"8",8,"",280,"",2,"",0,"",-3.2,"",.0,"8","U","",4.6,"",96,"",-3.7,"",1015.8,"",1029.9,"",5,-.2,"",.0,"9",0,"9","46","4","8","","6","","","/","","","/","","",18,"",.0,"8",.0,"8","","8",0,"8","","",.0,"8",.0,"8",.0,"8",.0,"8",.0,"8",.0,"8",.0,"8",.0,"8",.0,"8",0,"8",0,"8",0,"8","","",0,"8",0,"8"
"352190360","P£OCK","2006","01","30","01","2","",0,"8",0,"8","","","",3,"",0,"8",0,"8",8,"",280,"",3,"",0,"",-3.3,"",.0,"8","U","",4.6,"",96,"",-3.8,"",1015.9,"",1030.0,"",5,-.1,"",.0,"8",0,"8","42","4","8","","6","","","/","","","/","","",0,"8",.0,"8",.0,"8","","8",0,"8","","",.0,"8",.0,"8",.0,"8",.0,"8",.0,"8",.0,"8",.0,"8",.0,"8",.0,"8",0,"8",0,"8",0,"8","","",0,"8",0,"8"
"352190360","P£OCK","2006","01","30","02","2","",0,"8",0,"8","","","",3,"",0,"8",0,"8",8,"",260,"",2,"",0,"",-3.1,"",.0,"8","U","",4.7,"",96,"",-3.6,"",1014.7,"",1028.8,"",8,-1.0,"",.0,"8",0,"8","42","4","8","","6","","","/","","","/","","",0,"8",.0,"8",.0,"8","","8",0,"8","","",.0,"8",.0,"8",.0,"8",.0,"8",.0,"8",.0,"8",.0,"8",.0,"8",.0,"8",0,"8",0,"8",0,"8","","",0,"8",0,"8"
"352190360","P£OCK","2006","01","30","03","2","",0,"8",0,"8","","","",4,"",0,"8",0,"8",8,"",270,"",2,"",0,"",-3.0,"",.0,"8","U","",4.7,"",96,"",-3.5,"",1014.9,"",1029.0,"",5,-.9,"",.0,"8",0,"8","28","4","8","","6","","","/","","","/","","",0,"8",.0,"8",.0,"8","","8",0,"8","","",.0,"8",.0,"8",.0,"8",.0,"8",.0,"8",.0,"8",.0,"8",.0,"8",.0,"8",0,"8",0,"8",0,"8","","",0,"8",0,"8"
"352190360","P£OCK","2006","01","30","04","2","",0,"8",0,"8","","","",5,"",0,"8",0,"8",8,"",280,"",3,"",0,"",-2.7,"",.0,"8","U","",4.8,"",96,"",-3.2,"",1013.9,"",1027.9,"",7,-2.0,"",.0,"8",0,"8","10","2","8","","6","","","/","","","/","","",0,"8",.0,"8",.0,"8","","8",0,"8","","",.0,"8",.0,"8",.0,"8",.0,"8",.0,"8",.0,"8",.0,"8",.0,"8",.0,"8",0,"8",0,"8",0,"8","","",0,"8",0,"8"
"352190360","P£OCK","2006","01","30","05","2","",0,"8",0,"8","","","",5,"",0,"8",0,"8",8,"",270,"",3,"",0,"",-3.0,"",.0,"8","U","",4.7,"",96,"",-3.5,"",1013.8,"",1027.8,"",8,-.9,"",.0,"8",0,"8","10","2","8","","6","","","/","","","/","","",0,"8",.0,"8",.0,"8","","8",0,"8","","",.0,"8",.0,"8",.0,"8",.0,"8",.0,"8",.0,"8",.0,"8",.0,"8",.0,"8",0,"8",0,"8",0,"8","","",0,"8",0,"8"
"352190360","P£OCK","2006","01","30","06","1","",0,"8",0,"8","","","",5,"",0,"8",0,"8",8,"",280,"",2,"",0,"",-2.9,"",.0,"8","U","",4.7,"",96,"",-3.4,"",1014.2,"",1028.2,"",5,-.7,"",.0,"9",0,"9","10","4","8","","6","","","/","","","/","","",18,"",.0,"8",.0,"8","","8",0,"8","","",.0,"8",.0,"8",.0,"8",.0,"8",.0,"8",.0,"8",.0,"8",.0,"8",.0,"8",0,"8",0,"8",0,"8","","",0,"8",0,"8"
"352190360","P£OCK","2006","01","30","07","1","",0,"8",0,"8","","","",5,"",0,"8",0,"8",8,"",270,"",2,"",0,"",-2.6,"",.0,"8","U","",4.8,"",96,"",-3.2,"",1013.5,"",1027.5,"",7,-.4,"",.0,"8",0,"8","10","2","8","","6","","","/","","","/","","",0,"8",.0,"8",.0,"8","","8",0,"8","","",.0,"8",.0,"8",.0,"8",.0,"8",.0,"8",.0,"8",.0,"8",.0,"8",.0,"8",0,"8",0,"8",0,"8","","",0,"8",0,"8"
"352190360","P£OCK","2006","01","30","08","2","",0,"8",0,"8","","","",5,"",0,"8",0,"8",8,"",280,"",2,"",0,"",-2.2,"",.0,"8","U","",5.0,"",96,"",-2.8,"",1013.3,"",1027.3,"",8,-.5,"",.0,"8",0,"8","10","2","8","","5","","","/","","","/","","",0,"8",.0,"8",.0,"8","","8",0,"8","","",.0,"8",.0,"8",.0,"8",.0,"8",.0,"8",.0,"8",.0,"8",.0,"8",.0,"8",0,"8",0,"8",0,"8","","",0,"8",0,"8"
"352190360","P£OCK","2006","01","30","09","4","",0,"8",0,"8","","","",6,"",0,"8",0,"8",8,"",270,"",3,"",0,"",-1.9,"",.0,"8","U","",5.1,"",96,"",-2.5,"",1012.8,"",1026.8,"",7,-1.4,"",.0,"8",0,"8","10","2","8","","5","","","/","","","/","","",0,"8",.0,"8",.0,"8","","8",0,"8","","",.0,"8",.0,"8",.0,"8",.0,"8",.0,"8",.0,"8",.0,"8",.0,"8",.0,"8",0,"8",0,"8",0,"8","","",0,"8",0,"8"
"352190360","P£OCK","2006","01","30","10","4","",0,"8",0,"8","","","",6,"",0,"8",0,"8",8,"",270,"",3,"",0,"",-1.5,"",.0,"8","U","",5.3,"",96,"",-2.1,"",1012.4,"",1026.3,"",7,-1.1,"",.0,"8",0,"8","10","2","8","","5","","","/","","","/","","",0,"8",.0,"8",.0,"8","","8",0,"8","","",.0,"8",.0,"8",.0,"8",.0,"8",.0,"8",.0,"8",.0,"8",.0,"8",.0,"8",0,"8",0,"8",0,"8","","",0,"8",0,"8"
"352190360","P£OCK","2006","01","30","11","4","",0,"8",0,"8","","","",6,"",0,"8",0,"8",8,"",270,"",5,"",0,"",-1.0,"",.0,"8","U","",5.2,"",91,"",-2.3,"",1011.9,"",1025.8,"",7,-1.4,"",.0,"8",0,"8","10","2","8","","5","","","/","","","/","","",0,"8",.0,"8",.0,"8","","8",0,"8","","",.0,"8",.0,"8",.0,"8",.0,"8",.0,"8",.0,"8",.0,"8",.0,"8",.0,"8",0,"8",0,"8",0,"8","","",0,"8",0,"8"
"352190360","P£OCK","2006","01","30","12","4","",0,"8",0,"8","","","",6,"",0,"8",0,"8",8,"",270,"",5,"",0,"",-1.0,"",.0,"8","U","",4.8,"",85,"",-3.2,"",1011.5,"",1025.4,"",7,-1.3,"",.0,"9",0,"9","10","2","8","","5","","","/","","","/","","",18,"",.0,"8",.0,"8","","8",0,"8","","",.0,"8",.0,"8",.0,"8",.0,"8",.0,"8",.0,"8",.0,"8",.0,"8",.0,"8",0,"8",0,"8",0,"8","","",0,"8",0,"8"
"352190360","P£OCK","2006","01","30","13","4","",0,"8",0,"8","","","",6,"",0,"8",0,"8",8,"",280,"",6,"",0,"",-.8,"",.0,"8","U","",4.8,"",84,"",-3.2,"",1010.6,"",1024.5,"",7,-1.8,"",.0,"8",0,"8","10","2","8","","5","","","/","","","/","","",0,"8",.0,"8",.0,"8","","8",0,"8","","",.0,"8",.0,"8",.0,"8",.0,"8",.0,"8",.0,"8",.0,"8",.0,"8",.0,"8",0,"8",0,"8",0,"8","","",0,"8",0,"8"
"352190360","P£OCK","2006","01","30","14","4","",0,"8",0,"8","","","",6,"",0,"8",0,"8",8,"",270,"",6,"",0,"",-.9,"",.0,"8","U","",4.9,"",85,"",-3.1,"",1010.3,"",1024.2,"",7,-1.6,"",.0,"8",0,"8","10","2","8","","5","","","/","","","/","","",0,"8",.0,"8",.0,"8","","8",0,"8","","",.0,"8",.0,"8",.0,"8",.0,"8",.0,"8",.0,"8",.0,"8",.0,"8",.0,"8",0,"8",0,"8",0,"8","","",0,"8",0,"8"
"352190360","P£OCK","2006","01","30","15","4","",0,"8",0,"8","","","",6,"",0,"8",0,"8",8,"",270,"",7,"",0,"",-1.2,"",.0,"8","U","",4.8,"",85,"",-3.4,"",1009.5,"",1023.4,"",7,-2.0,"",.0,"8",0,"8","10","2","8","","5","","","/","","","/","","",0,"8",.0,"8",.0,"8","","8",0,"8","","",.0,"8",.0,"8",.0,"8",.0,"8",.0,"8",.0,"8",.0,"8",.0,"8",.0,"8",0,"8",0,"8",0,"8","","",0,"8",0,"8"
"352190360","P£OCK","2006","01","30","16","3","",0,"8",0,"8","","","",6,"",0,"8",0,"8",8,"",270,"",6,"",0,"",-1.4,"",.0,"8","U","",4.7,"",86,"",-3.4,"",1009.3,"",1023.2,"",7,-1.3,"",.0,"8",0,"8","10","2","8","","6","","","/","","","/","","",0,"8",.0,"8",.0,"8","","8",0,"8","","",.0,"8",.0,"8",.0,"8",.0,"8",.0,"8",.0,"8",.0,"8",.0,"8",.0,"8",0,"8",0,"8",0,"8","","",0,"8",0,"8"
"352190360","P£OCK","2006","01","30","17","3","",0,"8",0,"8","","","",6,"",0,"8",0,"8",8,"",270,"",7,"",0,"",-1.5,"",.0,"8","U","",4.8,"",87,"",-3.4,"",1009.6,"",1023.5,"",5,-.7,"",.0,"8",0,"8","10","2","8","","6","","","/","","","/","","",0,"8",.0,"8",.0,"8","","8",0,"8","","",.0,"8",.0,"8",.0,"8",.0,"8",.0,"8",.0,"8",.0,"8",.0,"8",.0,"8",0,"8",0,"8",0,"8","","",0,"8",0,"8"
"352190360","P£OCK","2006","01","30","18","3","",0,"8",0,"8","","","",6,"",0,"8",0,"8",8,"",280,"",6,"",0,"",-1.6,"",.0,"8","U","",4.8,"",88,"",-3.3,"",1009.2,"",1023.1,"",7,-.3,"",.0,"9",0,"9","10","2","8","","6","","","/","","","/","","",18,"",.0,"8",.0,"8","","8",0,"8","","",.0,"8",.0,"8",.0,"8",.0,"8",.0,"8",.0,"8",.0,"8",.0,"8",.0,"8",0,"8",0,"8",0,"8","","",0,"8",0,"8"
"352190360","P£OCK","2006","01","30","19","3","",0,"8",0,"8","","","",6,"",0,"8",0,"8",8,"",270,"",7,"",0,"",-1.7,"",.0,"8","U","",4.8,"",88,"",-3.4,"",1008.7,"",1022.6,"",8,-.6,"",.0,"8",0,"8","10","2","8","","6","","","/","","","/","","",0,"8",.0,"8",.0,"8","","8",0,"8","","",.0,"8",.0,"8",.0,"8",.0,"8",.0,"8",.0,"8",.0,"8",.0,"8",.0,"8",0,"8",0,"8",0,"8","","",0,"8",0,"8"
"352190360","P£OCK","2006","01","30","20","3","",0,"8",0,"8","","","",5,"",0,"8",0,"8",8,"",280,"",6,"",0,"",-1.7,"",.0,"8","U","",4.8,"",89,"",-3.3,"",1008.5,"",1022.4,"",7,-1.1,"",.0,"8",0,"8","10","2","8","","6","","","/","","","/","","",0,"8",.0,"8",.0,"8","","8",0,"8","","",.0,"8",.0,"8",.0,"8",.0,"8",.0,"8",.0,"8",.0,"8",.0,"8",.0,"8",0,"8",0,"8",0,"8","","",0,"8",0,"8"
"352190360","P£OCK","2006","01","30","21","2","",0,"8",0,"8","","","",5,"",0,"8",0,"8",8,"",270,"",7,"",0,"",-2.0,"",.0,"8","U","",4.8,"",90,"",-3.4,"",1007.8,"",1021.7,"",7,-1.4,"",.0,"8",0,"8","10","2","8","","6","","","/","","","/","","",0,"8",.0,"8",.0,"8","","8",0,"8","","",.0,"8",.0,"8",.0,"8",.0,"8",.0,"8",.0,"8",.0,"8",.0,"8",.0,"8",0,"8",0,"8",0,"8","","",0,"8",0,"8"
"352190360","P£OCK","2006","01","30","22","2","",0,"8",0,"8","","","",5,"",0,"8",0,"8",8,"",270,"",7,"",0,"",-2.3,"",.0,"8","U","",4.7,"",91,"",-3.6,"",1007.6,"",1021.5,"",7,-1.1,"",.0,"8",0,"8","10","2","8","","6","","","/","","","/","","",0,"8",.0,"8",.0,"8","","8",0,"8","","",.0,"8",.0,"8",.0,"8",.0,"8",.0,"8",.0,"8",.0,"8",.0,"8",.0,"8",0,"8",0,"8",0,"8","","",0,"8",0,"8"
"352190360","P£OCK","2006","01","30","23","2","",0,"8",0,"8","","","",5,"",0,"8",0,"8",8,"",270,"",7,"",0,"",-2.7,"",.0,"8","U","",4.6,"",91,"",-4.0,"",1006.6,"",1020.5,"",7,-1.9,"",.0,"8",0,"8","10","2","8","","6","","","/","","","/","","",0,"8",.0,"8",.0,"8","","8",0,"8","","",.0,"8",.0,"8",.0,"8",.0,"8",.0,"8",.0,"8",.0,"8",.0,"8",.0,"8",0,"8",0,"8",0,"8","","",0,"8",0,"8"
"352190360","P£OCK","2006","01","31","00","2","",0,"8",0,"8","","","",5,"",0,"8",0,"8",8,"",280,"",7,"",0,"",-2.7,"",.0,"8","U","",4.6,"",92,"",-3.8,"",1007.2,"",1021.1,"",5,-.6,"",.0,"9",0,"9","10","2","8","","6","","","/","","","/","","",18,"",.0,"8",.0,"8","","8",0,"8","","",.0,"8",.0,"8",.0,"8",.0,"8",.0,"8",.0,"8",.0,"8",.0,"8",.0,"8",0,"8",0,"8",0,"8","","",0,"8",0,"8"
"352190360","P£OCK","2006","01","31","01","2","",0,"8",0,"8","","","",5,"",0,"8",0,"8",8,"",270,"",5,"",0,"",-2.9,"",.0,"8","U","",4.6,"",94,"",-3.7,"",1006.8,"",1020.7,"",7,-.8,"",.0,"8",0,"8","10","2","8","","6","","","/","","","/","","",0,"8",.0,"8",.0,"8","","8",0,"8","","",.0,"8",.0,"8",.0,"8",.0,"8",.0,"8",.0,"8",.0,"8",.0,"8",.0,"8",0,"8",0,"8",0,"8","","",0,"8",0,"8"
"352190360","P£OCK","2006","01","31","02","2","",0,"8",0,"8","","","",4,"",0,"8",0,"8",8,"",270,"",5,"",0,"",-2.4,"",.0,"8","U","",4.9,"",96,"",-3.0,"",1006.1,"",1020.0,"",8,-.5,"",.0,"8",0,"8","10","2","8","","6","","","/","","","/","","",0,"8",.0,"8",.0,"8","","8",0,"8","","",.0,"8",.0,"8",.0,"8",.0,"8",.0,"8",.0,"8",.0,"8",.0,"8",.0,"8",0,"8",0,"8",0,"8","","",0,"8",0,"8"
"352190360","P£OCK","2006","01","31","03","1","",0,"8",0,"8","","","",5,"",0,"8",0,"8",8,"",280,"",5,"",0,"",-2.0,"",.0,"8","U","",5.1,"",96,"",-2.6,"",1005.8,"",1019.7,"",7,-1.4,"",.0,"8",0,"8","10","2","8","","6","","","/","","","/","","",0,"8",.0,"8",.0,"8","","8",0,"8","","",.0,"8",.0,"8",.0,"8",.0,"8",.0,"8",.0,"8",.0,"8",.0,"8",.0,"8",0,"8",0,"8",0,"8","","",0,"8",0,"8"
"352190360","P£OCK","2006","01","31","04","1","",0,"8",0,"8","","","",5,"",0,"8",0,"8",8,"",270,"",5,"",0,"",-1.7,"",.0,"8","U","",5.2,"",96,"",-2.3,"",1005.3,"",1019.2,"",7,-1.5,"",.0,"8",0,"8","10","2","8","","6","","","/","","","/","","",0,"8",.0,"8",.0,"8","","8",0,"8","","",.0,"8",.0,"8",.0,"8",.0,"8",.0,"8",.0,"8",.0,"8",.0,"8",.0,"8",0,"8",0,"8",0,"8","","",0,"8",0,"8"
"352190360","P£OCK","2006","01","31","05","1","",0,"8",0,"8","","","",4,"",0,"8",0,"8",8,"",280,"",5,"",0,"",-1.5,"",.0,"8","U","",5.3,"",96,"",-2.1,"",1004.9,"",1018.7,"",7,-1.2,"",.0,"8",0,"8","10","2","8","","6","","","/","","","/","","",0,"8",.0,"8",.0,"8","","8",0,"8","","",.0,"8",.0,"8",.0,"8",.0,"8",.0,"8",.0,"8",.0,"8",.0,"8",.0,"8",0,"8",0,"8",0,"8","","",0,"8",0,"8"
"352190360","P£OCK","2006","01","31","06","1","",0,"8",0,"8","","","",4,"",0,"8",0,"8",8,"",280,"",5,"",0,"",-1.4,"",.0,"8","U","",5.3,"",96,"",-2.0,"",1004.9,"",1018.7,"",6,-.9,"",.0,"9",0,"9","10","2","8","","6","","","/","","","/","","",18,"",.0,"8",.0,"8","","8",0,"8","","",.0,"8",.0,"8",.0,"8",.0,"8",.0,"8",.0,"8",.0,"8",.0,"8",.0,"8",0,"8",0,"8",0,"8","","",0,"8",0,"8"
"352190360","P£OCK","2006","01","31","07","1","",0,"8",0,"8","","","",5,"",0,"8",0,"8",8,"",270,"",6,"",0,"",-1.2,"",.0,"8","U","",5.4,"",96,"",-1.8,"",1005.0,"",1018.8,"",5,-.3,"",.0,"8",0,"8","10","2","8","","6","","","/","","","/","","",0,"8",.0,"8",.0,"8","","8",0,"8","","",.0,"8",.0,"8",.0,"8",.0,"8",.0,"8",.0,"8",.0,"8",.0,"8",.0,"8",0,"8",0,"8",0,"8","","",0,"8",0,"8"
"352190360","P£OCK","2006","01","31","08","1","",0,"8",0,"8","","","",4,"",0,"8",0,"8",8,"",270,"",5,"",0,"",-1.0,"",.0,"8","U","",5.5,"",96,"",-1.6,"",1005.4,"",1019.2,"",3,.5,"",.0,"8",0,"8","10","2","8","","6","","","/","","","/","","",0,"8",.0,"8",.0,"8","","8",0,"8","","",.0,"8",.0,"8",.0,"8",.0,"8",.0,"8",.0,"8",.0,"8",.0,"8",.0,"8",0,"8",0,"8",0,"8","","",0,"8",0,"8"
"352190360","P£OCK","2006","01","31","09","1","",0,"8",0,"8","","","",5,"",0,"8",0,"8",8,"",270,"",7,"",0,"",-1.0,"",.0,"8","U","",5.5,"",96,"",-1.6,"",1005.5,"",1019.3,"",2,.6,"",.0,"8",0,"8","10","2","8","","6","","","/","","","/","","",0,"8",.0,"8",.0,"8","","8",0,"8","","",.0,"8",.0,"8",.0,"8",.0,"8",.0,"8",.0,"8",.0,"8",.0,"8",.0,"8",0,"8",0,"8",0,"8","","",0,"8",0,"8"
"352190360","P£OCK","2006","01","31","10","2","",0,"8",0,"8","","","",6,"",0,"8",0,"8",8,"",270,"",6,"",0,"",-.9,"",.0,"8","U","",5.3,"",93,"",-1.9,"",1005.8,"",1019.6,"",2,.8,"",.0,"8",0,"8","10","2","8","","6","","","/","","","/","","",0,"8",.0,"8",.0,"8","","8",0,"8","","",.0,"8",.0,"8",.0,"8",.0,"8",.0,"8",.0,"8",.0,"8",.0,"8",.0,"8",0,"8",0,"8",0,"8","","",0,"8",0,"8"
"352190360","P£OCK","2006","01","31","11","2","",0,"8",0,"8","","","",6,"",0,"8",0,"8",8,"",280,"",5,"",0,"",-.1,"",.0,"8","U","",5.5,"",90,"",-1.5,"",1005.8,"",1019.6,"",1,.4,"",.0,"8",0,"8","10","2","8","","6","","","/","","","/","","",0,"8",.0,"8",.0,"8","","8",0,"8","","",.0,"8",.0,"8",.0,"8",.0,"8",.0,"8",.0,"8",.0,"8",.0,"8",.0,"8",0,"8",0,"8",0,"8","","",0,"8",0,"8"
"352190360","P£OCK","2006","01","31","12","3","",0,"8",0,"8","","","",7,"",0,"8",0,"8",8,"",270,"",6,"",0,"",.3,"",.0,"8","U","",5.4,"",86,"",-1.8,"",1005.4,"",1019.2,"",8,-.1,"",.0,"9",0,"9","02","2","8","","6","","","/","","","/","","",14,"",.0,"8",.0,"8","","8",0,"8","","",.0,"8",.0,"8",.0,"8",.0,"8",.0,"8",.0,"8",.0,"8",.0,"8",.0,"8",0,"8",0,"8",0,"8","","",0,"8",0,"8"
"352190360","P£OCK","2006","01","31","13","4","",0,"8",0,"8","","","",7,"",0,"8",0,"8",8,"",280,"",6,"",0,"",.6,"",.0,"8","U","",5.4,"",84,"",-1.8,"",1005.3,"",1019.0,"",8,-.5,"",.0,"8",0,"8","02","2","8","","5","","","/","","","/","","",0,"8",.0,"8",.0,"8","","8",0,"8","","",.0,"8",.0,"8",.0,"8",.0,"8",.0,"8",.0,"8",.0,"8",.0,"8",.0,"8",0,"8",0,"8",0,"8","","",0,"8",0,"8"
"352190360","P£OCK","2006","01","31","14","4","",0,"8",0,"8","","","",7,"",0,"8",0,"8",8,"",270,"",5,"",0,"",.7,"",.0,"8","U","",5.4,"",84,"",-1.7,"",1005.5,"",1019.2,"",5,-.3,"",.0,"8",0,"8","02","2","8","","5","","","/","","","/","","",0,"8",.0,"8",.0,"8","","8",0,"8","","",.0,"8",.0,"8",.0,"8",.0,"8",.0,"8",.0,"8",.0,"8",.0,"8",.0,"8",0,"8",0,"8",0,"8","","",0,"8",0,"8"
"352190360","P£OCK","2006","01","31","15","4","",0,"8",0,"8","","","",7,"",0,"8",0,"8",8,"",270,"",6,"",0,"",.6,"",.0,"8","U","",5.4,"",85,"",-1.6,"",1005.4,"",1019.1,"",4,.0,"",.0,"8",0,"8","02","2","8","","5","","","/","","","/","","",0,"8",.0,"8",.0,"8","","8",0,"8","","",.0,"8",.0,"8",.0,"8",.0,"8",.0,"8",.0,"8",.0,"8",.0,"8",.0,"8",0,"8",0,"8",0,"8","","",0,"8",0,"8"
"352190360","P£OCK","2006","01","31","16","4","",0,"8",0,"8","","","",7,"",0,"8",0,"8",8,"",270,"",5,"",0,"",.5,"",.0,"8","U","",5.4,"",86,"",-1.6,"",1005.6,"",1019.3,"",2,.3,"",.0,"8",0,"8","02","2","8","","5","","","/","","","/","","",0,"8",.0,"8",.0,"8","","8",0,"8","","",.0,"8",.0,"8",.0,"8",.0,"8",.0,"8",.0,"8",.0,"8",.0,"8",.0,"8",0,"8",0,"8",0,"8","","",0,"8",0,"8"
"352190360","P£OCK","2006","01","31","17","4","",0,"8",0,"8","","","",6,"",0,"8",0,"8",7,"",280,"",6,"",0,"",.5,"",.0,"8","U","",5.4,"",85,"",-1.7,"",1006.0,"",1019.8,"",3,.5,"",.0,"8",0,"8","10","2","7","","5","","","/","","","/","","",0,"8",.0,"8",.0,"8","","8",0,"8","","",.0,"8",.0,"8",.0,"8",.0,"8",.0,"8",.0,"8",.0,"8",.0,"8",.0,"8",0,"8",0,"8",0,"8","","",0,"8",0,"8"
"352190360","P£OCK","2006","01","31","18","4","",0,"8",0,"8","","","",6,"",0,"8",0,"8",7,"",270,"",5,"",0,"",.4,"",.0,"8","U","",5.4,"",86,"",-1.7,"",1006.2,"",1020.0,"",2,.8,"",.0,"9",0,"9","10","2","7","","5","","","/","","","/","","",14,"",.0,"8",.0,"8","","8",0,"8","","",.0,"8",.0,"8",.0,"8",.0,"8",.0,"8",.0,"8",.0,"8",.0,"8",.0,"8",0,"8",0,"8",0,"8","","",0,"8",0,"8"
"352190360","P£OCK","2006","01","31","19","4","",0,"8",0,"8","","","",6,"",0,"8",0,"8",6,"",270,"",5,"",0,"",-.2,"",.0,"8","U","",5.3,"",88,"",-1.9,"",1006.0,"",1019.8,"",0,.4,"",.0,"8",0,"8","10","2","3","","5","","","3","","","8","","",0,"8",.0,"8",.0,"8","","8",0,"8","","",.0,"8",.0,"8",.0,"8",.0,"8",.0,"8",.0,"8",.0,"8",.0,"8",.0,"8",0,"8",0,"8",0,"8","","",0,"8",0,"8"
"352190360","P£OCK","2006","01","31","20","3","",0,"8",0,"8","","","",6,"",0,"8",0,"8",7,"",270,"",6,"",0,"",-.4,"",.0,"8","U","",5.3,"",89,"",-2.0,"",1006.4,"",1020.2,"",2,.4,"",.0,"8",0,"8","10","2","7","","6","","","/","","","/","","",0,"8",.0,"8",.0,"8","","8",0,"8","","",.0,"8",.0,"8",.0,"8",.0,"8",.0,"8",.0,"8",.0,"8",.0,"8",.0,"8",0,"8",0,"8",0,"8","","",0,"8",0,"8"
"352190360","P£OCK","2006","01","31","21","3","",0,"8",0,"8","","","",6,"",0,"8",0,"8",8,"",270,"",5,"",0,"",-.5,"",.0,"8","U","",5.2,"",89,"",-2.1,"",1006.4,"",1020.2,"",1,.2,"",.0,"8",0,"8","10","2","8","","6","","","/","","","/","","",0,"8",.0,"8",.0,"8","","8",0,"8","","",.0,"8",.0,"8",.0,"8",.0,"8",.0,"8",.0,"8",.0,"8",.0,"8",.0,"8",0,"8",0,"8",0,"8","","",0,"8",0,"8"
"352190360","P£OCK","2006","01","31","22","3","",0,"8",0,"8","","","",6,"",0,"8",0,"8",8,"",270,"",6,"",0,"",-.5,"",.0,"8","U","",5.2,"",89,"",-2.1,"",1006.5,"",1020.3,"",2,.5,"",.0,"8",0,"8","10","2","8","","6","","","/","","","/","","",0,"8",.0,"8",.0,"8","","8",0,"8","","",.0,"8",.0,"8",.0,"8",.0,"8",.0,"8",.0,"8",.0,"8",.0,"8",.0,"8",0,"8",0,"8",0,"8","","",0,"8",0,"8"
"352190360","P£OCK","2006","01","31","23","3","",0,"8",0,"8","","","",5,"",0,"8",0,"8",8,"",270,"",7,"",0,"",-.3,"",.0,"8","U","",5.3,"",89,"",-1.9,"",1006.4,"",1020.2,"",0,.0,"",.0,"8",0,"8","10","2","8","","6","","","/","","","/","","",0,"8",.0,"8",.0,"8","","8",0,"8","","",.0,"8",.0,"8",.0,"8",.0,"8",.0,"8",.0,"8",.0,"8",.0,"8",.0,"8",0,"8",0,"8",0,"8","","",0,"8",0,"8"
"352190360","P£OCK","2006","02","01","00","3","",0,"8",0,"8","","","",5,"",0,"8",0,"8",8,"",270,"",6,"",0,"",-.1,"",.0,"8","U","",5.5,"",90,"",-1.5,"",1006.1,"",1019.9,"",8,-.3,"",.0,"9",0,"9","10","2","8","","6","","","/","","","/","","",14,"",.0,"8",.0,"8","","8",0,"8","","",.0,"8",.0,"8",.0,"8",.0,"8",.0,"8",.0,"8",.0,"8",.0,"8",.0,"8",0,"8",0,"8",0,"8","","",0,"8",0,"8"
"352190360","P£OCK","2006","02","01","01","3","",0,"8",0,"8","","","",6,"",0,"8",0,"8",8,"",260,"",6,"",11,"",.1,"",.0,"8","U","",5.5,"",89,"",-1.5,"",1005.9,"",1019.7,"",7,-.6,"",.0,"8",0,"8","10","2","8","","6","","","/","","","/","","",0,"8",.0,"8",.0,"8","","8",0,"8","","",.0,"8",.0,"8",.0,"8",.0,"8",.0,"8",.0,"8",.0,"8",.0,"8",.0,"8",0,"8",0,"8",0,"8","","",0,"8",0,"8"
"352190360","P£OCK","2006","02","01","02","2","",0,"8",0,"8","","","",6,"",0,"8",0,"8",8,"",260,"",6,"",0,"",-.3,"",.0,"8","U","",5.4,"",90,"",-1.7,"",1005.9,"",1019.7,"",6,-.5,"",.0,"8",0,"8","10","2","8","","6","","","/","","","/","","",0,"8",.0,"8",.0,"8","","8",0,"8","","",.0,"8",.0,"8",.0,"8",.0,"8",.0,"8",.0,"8",.0,"8",.0,"8",.0,"8",0,"8",0,"8",0,"8","","",0,"8",0,"8"
"352190360","P£OCK","2006","02","01","03","2","",0,"8",0,"8","","","",6,"",0,"8",0,"8",8,"",270,"",6,"",0,"",-.4,"",.0,"8","U","",5.4,"",91,"",-1.7,"",1005.7,"",1019.5,"",7,-.4,"",.0,"8",0,"8","10","2","8","","6","","","/","","","/","","",0,"8",.0,"8",.0,"8","","8",0,"8","","",.0,"8",.0,"8",.0,"8",.0,"8",.0,"8",.0,"8",.0,"8",.0,"8",.0,"8",0,"8",0,"8",0,"8","","",0,"8",0,"8"
"352190360","P£OCK","2006","02","01","04","2","",0,"8",0,"8","","","",6,"",0,"8",0,"8",8,"",250,"",7,"",12,"",-.2,"",.0,"8","U","",5.4,"",90,"",-1.6,"",1005.4,"",1019.2,"",8,-.5,"",.0,"8",0,"8","10","2","8","","6","","","/","","","/","","",0,"8",.0,"8",.0,"8","","8",0,"8","","",.0,"8",.0,"8",.0,"8",.0,"8",.0,"8",.0,"8",.0,"8",.0,"8",.0,"8",0,"8",0,"8",0,"8","","",0,"8",0,"8"
"352190360","P£OCK","2006","02","01","05","2","",0,"8",0,"8","","","",6,"",0,"8",0,"8",8,"",260,"",6,"",11,"",-.3,"",.0,"8","U","",5.4,"",91,"",-1.6,"",1005.5,"",1019.3,"",5,-.4,"",.0,"8",0,"8","10","2","8","","6","","","/","","","/","","",0,"8",.0,"8",.0,"8","","8",0,"8","","",.0,"8",.0,"8",.0,"8",.0,"8",.0,"8",.0,"8",.0,"8",.0,"8",.0,"8",0,"8",0,"8",0,"8","","",0,"8",0,"8"
"352190360","P£OCK","2006","02","01","06","2","",0,"8",0,"8","","","",6,"",0,"8",0,"8",8,"",280,"",7,"",0,"",-.4,"",.0,"8","U","",5.4,"",91,"",-1.7,"",1005.9,"",1019.7,"",3,.2,"",.0,"9",0,"9","10","2","8","","6","","","/","","","/","","",14,"",.0,"8",.0,"8","","8",0,"8","","",.0,"8",.0,"8",.0,"8",.0,"8",.0,"8",.0,"8",.0,"8",.0,"8",.0,"8",0,"8",0,"8",0,"8","","",0,"8",0,"8"
"352190360","P£OCK","2006","02","01","07","2","",0,"8",0,"8","","","",6,"",0,"8",0,"8",8,"",270,"",6,"",0,"",-.4,"",.0,"8","U","",5.5,"",92,"",-1.5,"",1006.0,"",1019.8,"",2,.6,"",.0,"8",0,"8","10","2","8","","6","","","/","","","/","","",0,"8",.0,"8",.0,"8","","8",0,"8","","",.0,"8",.0,"8",.0,"8",.0,"8",.0,"8",.0,"8",.0,"8",.0,"8",.0,"8",0,"8",0,"8",0,"8","","",0,"8",0,"8"
"352190360","P£OCK","2006","02","01","08","2","",0,"8",0,"8","","","",6,"",0,"8",0,"8",8,"",250,"",6,"",0,"",-.3,"",.0,"8","U","",5.5,"",92,"",-1.4,"",1005.8,"",1019.6,"",0,.3,"",.0,"8",0,"8","10","2","8","","6","","","/","","","/","","",0,"8",.0,"8",.0,"8","","8",0,"8","","",.0,"8",.0,"8",.0,"8",.0,"8",.0,"8",.0,"8",.0,"8",.0,"8",.0,"8",0,"8",0,"8",0,"8","","",0,"8",0,"8"
"352190360","P£OCK","2006","02","01","09","2","",0,"8",0,"8","","","",6,"",0,"8",0,"8",8,"",260,"",6,"",0,"",-.5,"",.0,"8","U","",5.5,"",93,"",-1.5,"",1005.8,"",1019.6,"",6,-.1,"",.0,"8",0,"8","10","2","8","","6","","","/","","","/","","",0,"8",.0,"8",.0,"8","","8",0,"8","","",.0,"8",.0,"8",.0,"8",.0,"8",.0,"8",.0,"8",.0,"8",.0,"8",.0,"8",0,"8",0,"8",0,"8","","",0,"8",0,"8"
"352190360","P£OCK","2006","02","01","10","2","",0,"8",0,"8","","","",6,"",0,"8",0,"8",8,"",270,"",6,"",0,"",-.5,"",.0,"8","U","",5.4,"",92,"",-1.6,"",1005.8,"",1019.6,"",6,-.2,"",.0,"8",0,"8","10","2","8","","6","","","/","","","/","","",0,"8",.0,"8",.0,"8","","8",0,"8","","",.0,"8",.0,"8",.0,"8",.0,"8",.0,"8",.0,"8",.0,"8",.0,"8",.0,"8",0,"8",0,"8",0,"8","","",0,"8",0,"8"
"352190360","P£OCK","2006","02","01","11","2","",0,"8",0,"8","","","",6,"",0,"8",0,"8",8,"",270,"",6,"",0,"",-.7,"",.0,"8","U","",5.5,"",94,"",-1.5,"",1005.7,"",1019.5,"",8,-.1,"",.0,"8",0,"8","10","2","8","","6","","","/","","","/","","",0,"8",.0,"8",.0,"8","","8",0,"8","","",.0,"8",.0,"8",.0,"8",.0,"8",.0,"8",.0,"8",.0,"8",.0,"8",.0,"8",0,"8",0,"8",0,"8","","",0,"8",0,"8"
"352190360","P£OCK","2006","02","01","12","2","",0,"8",0,"8","","","",6,"",0,"8",0,"8",8,"",270,"",7,"",0,"",-1.0,"",.0,"8","U","",5.3,"",94,"",-1.8,"",1005.6,"",1019.4,"",8,-.2,"",.0,"9",0,"9","10","2","8","","6","","","/","","","/","","",14,"",.0,"8",.0,"8","","8",0,"8","","",.0,"8",.0,"8",.0,"8",.0,"8",.0,"8",.0,"8",.0,"8",.0,"8",.0,"8",0,"8",0,"8",0,"8","","",0,"8",0,"8"
"352190360","P£OCK","2006","02","01","13","2","",0,"8",0,"8","","","",5,"",0,"8",0,"8",8,"",280,"",5,"",0,"",-1.1,"",.0,"8","U","",5.3,"",94,"",-1.9,"",1005.0,"",1018.8,"",8,-.8,"",.0,"8",0,"8","10","2","8","","6","","","/","","","/","","",0,"8",.0,"8",.0,"8","","8",0,"8","","",.0,"8",.0,"8",.0,"8",.0,"8",.0,"8",.0,"8",.0,"8",.0,"8",.0,"8",0,"8",0,"8",0,"8","","",0,"8",0,"8"
"352190360","P£OCK","2006","02","01","14","2","",0,"8",0,"8","","","",5,"",0,"8",0,"8",8,"",270,"",5,"",0,"",-1.1,"",.0,"8","U","",5.2,"",93,"",-2.1,"",1004.6,"",1018.4,"",7,-1.1,"",.0,"8",0,"8","10","2","8","","6","","","/","","","/","","",0,"8",.0,"8",.0,"8","","8",0,"8","","",.0,"8",.0,"8",.0,"8",.0,"8",.0,"8",.0,"8",.0,"8",.0,"8",.0,"8",0,"8",0,"8",0,"8","","",0,"8",0,"8"
"352190360","P£OCK","2006","02","01","15","2","",0,"8",0,"8","","","",5,"",0,"8",0,"8",8,"",280,"",5,"",0,"",-1.2,"",.0,"8","U","",5.2,"",93,"",-2.2,"",1004.3,"",1018.1,"",6,-1.3,"",.0,"8",0,"8","10","2","8","","6","","","/","","","/","","",0,"8",.0,"8",.0,"8","","8",0,"8","","",.0,"8",.0,"8",.0,"8",.0,"8",.0,"8",.0,"8",.0,"8",.0,"8",.0,"8",0,"8",0,"8",0,"8","","",0,"8",0,"8"
"352190360","P£OCK","2006","02","01","16","2","",0,"8",0,"8","","","",5,"",0,"8",0,"8",8,"",270,"",5,"",0,"",-1.4,"",.0,"8","U","",5.2,"",94,"",-2.2,"",1004.1,"",1017.9,"",6,-.9,"",.0,"8",0,"8","10","2","8","","6","","","/","","","/","","",0,"8",.0,"8",.0,"8","","8",0,"8","","",.0,"8",.0,"8",.0,"8",.0,"8",.0,"8",.0,"8",.0,"8",.0,"8",.0,"8",0,"8",0,"8",0,"8","","",0,"8",0,"8"
"352190360","P£OCK","2006","02","01","17","2","",0,"8",0,"8","","","",5,"",0,"8",0,"8",8,"",270,"",5,"",0,"",-1.5,"",.0,"8","U","",5.0,"",92,"",-2.6,"",1004.1,"",1017.9,"",6,-.5,"",.0,"8",0,"8","10","2","8","","6","","","/","","","/","","",0,"8",.0,"8",.0,"8","","8",0,"8","","",.0,"8",.0,"8",.0,"8",.0,"8",.0,"8",.0,"8",.0,"8",.0,"8",.0,"8",0,"8",0,"8",0,"8","","",0,"8",0,"8"
"352190360","P£OCK","2006","02","01","18","2","",0,"8",0,"8","","","",5,"",0,"8",0,"8",8,"",270,"",6,"",0,"",-1.5,"",.0,"8","U","",5.0,"",91,"",-2.8,"",1003.9,"",1017.7,"",7,-.4,"",.0,"9",0,"9","10","2","8","","6","","","/","","","/","","",14,"",.0,"8",.0,"8","","8",0,"8","","",.0,"8",.0,"8",.0,"8",.0,"8",.0,"8",.0,"8",.0,"8",.0,"8",.0,"8",0,"8",0,"8",0,"8","","",0,"8",0,"8"
"352190360","P£OCK","2006","02","01","19","2","",0,"8",0,"8","","","",5,"",0,"8",0,"8",8,"",270,"",5,"",0,"",-1.4,"",.0,"8","U","",5.0,"",90,"",-2.8,"",1003.9,"",1017.7,"",6,-.2,"",.0,"8",0,"8","10","2","8","","6","","","/","","","/","","",0,"8",.0,"8",.0,"8","","8",0,"8","","",.0,"8",.0,"8",.0,"8",.0,"8",.0,"8",.0,"8",.0,"8",.0,"8",.0,"8",0,"8",0,"8",0,"8","","",0,"8",0,"8"
"352190360","P£OCK","2006","02","01","20","2","",0,"8",0,"8","","","",5,"",0,"8",0,"8",8,"",280,"",6,"",0,"",-1.4,"",.0,"8","U","",4.9,"",89,"",-3.0,"",1003.8,"",1017.6,"",7,-.3,"",.0,"8",0,"8","10","2","8","","6","","","/","","","/","","",0,"8",.0,"8",.0,"8","","8",0,"8","","",.0,"8",.0,"8",.0,"8",.0,"8",.0,"8",.0,"8",.0,"8",.0,"8",.0,"8",0,"8",0,"8",0,"8","","",0,"8",0,"8"
"352190360","P£OCK","2006","02","01","21","3","",0,"8",0,"8","","","",5,"",0,"8",0,"8",8,"",280,"",5,"",0,"",-1.4,"",.0,"8","U","",5.0,"",90,"",-2.8,"",1003.6,"",1017.4,"",8,-.3,"",.0,"8",0,"8","10","2","8","","6","","","/","","","/","","",0,"8",.0,"8",.0,"8","","8",0,"8","","",.0,"8",.0,"8",.0,"8",.0,"8",.0,"8",.0,"8",.0,"8",.0,"8",.0,"8",0,"8",0,"8",0,"8","","",0,"8",0,"8"
"352190360","P£OCK","2006","02","01","22","2","",0,"8",0,"8","","","",6,"",0,"8",0,"8",8,"",280,"",5,"",0,"",-1.7,"",.0,"8","U","",4.9,"",90,"",-3.1,"",1003.2,"",1017.0,"",8,-.7,"",.0,"8",0,"8","10","2","8","","6","","","/","","","/","","",0,"8",.0,"8",.0,"8","","8",0,"8","","",.0,"8",.0,"8",.0,"8",.0,"8",.0,"8",.0,"8",.0,"8",.0,"8",.0,"8",0,"8",0,"8",0,"8","","",0,"8",0,"8"
"352190360","P£OCK","2006","02","01","23","2","",0,"8",0,"8","","","",5,"",0,"8",0,"8",8,"",290,"",4,"",0,"",-1.7,"",.0,"8","U","",4.9,"",91,"",-3.0,"",1003.1,"",1016.9,"",7,-.7,"",.0,"8",0,"8","10","2","8","","6","","","/","","","/","","",0,"8",.0,"8",.0,"8","","8",0,"8","","",.0,"8",.0,"8",.0,"8",.0,"8",.0,"8",.0,"8",.0,"8",.0,"8",.0,"8",0,"8",0,"8",0,"8","","",0,"8",0,"8"
"352190360","P£OCK","2006","02","02","00","2","",0,"8",0,"8","","","",6,"",0,"8",0,"8",8,"",280,"",5,"",0,"",-2.1,"",.0,"8","U","",4.7,"",89,"",-3.7,"",1002.7,"",1016.5,"",7,-.9,"",.0,"9",0,"9","10","2","8","","6","","","/","","","/","","",14,"",.0,"8",.0,"8","","8",0,"8","","",.0,"8",.0,"8",.0,"8",.0,"8",.0,"8",.0,"8",.0,"8",.0,"8",.0,"8",0,"8",0,"8",0,"8","","",0,"8",0,"8"
"352190360","P£OCK","2006","02","02","01","2","",0,"8",0,"8","","","",6,"",0,"8",0,"8",8,"",280,"",5,"",0,"",-2.2,"",.0,"8","U","",4.7,"",90,"",-3.6,"",1002.5,"",1016.3,"",7,-.7,"",.0,"8",0,"8","10","2","8","","6","","","/","","","/","","",0,"8",.0,"8",.0,"8","","8",0,"8","","",.0,"8",.0,"8",.0,"8",.0,"8",.0,"8",.0,"8",.0,"8",.0,"8",.0,"8",0,"8",0,"8",0,"8","","",0,"8",0,"8"
"352190360","P£OCK","2006","02","02","02","2","",0,"8",0,"8","","","",6,"",0,"8",0,"8",8,"",270,"",6,"",0,"",-2.3,"",.0,"8","U","",4.6,"",90,"",-3.7,"",1001.8,"",1015.6,"",7,-1.3,"",.0,"8",0,"8","10","2","8","","6","","","/","","","/","","",0,"8",.0,"8",.0,"8","","8",0,"8","","",.0,"8",.0,"8",.0,"8",.0,"8",.0,"8",.0,"8",.0,"8",.0,"8",.0,"8",0,"8",0,"8",0,"8","","",0,"8",0,"8"
"352190360","P£OCK","2006","02","02","03","2","",0,"8",0,"8","","","",6,"",0,"8",0,"8",8,"",280,"",6,"",0,"",-2.4,"",.0,"8","U","",4.6,"",89,"",-4.0,"",1001.5,"",1015.3,"",7,-1.2,"",.0,"8",0,"8","10","2","8","","6","","","/","","","/","","",0,"8",.0,"8",.0,"8","","8",0,"8","","",.0,"8",.0,"8",.0,"8",.0,"8",.0,"8",.0,"8",.0,"8",.0,"8",.0,"8",0,"8",0,"8",0,"8","","",0,"8",0,"8"
"352190360","P£OCK","2006","02","02","04","2","",0,"8",0,"8","","","",6,"",0,"8",0,"8",8,"",280,"",5,"",0,"",-2.4,"",.0,"8","U","",4.6,"",90,"",-3.8,"",1001.2,"",1015.0,"",6,-1.3,"",.0,"8",0,"8","10","2","8","","6","","","/","","","/","","",0,"8",.0,"8",.0,"8","","8",0,"8","","",.0,"8",.0,"8",.0,"8",.0,"8",.0,"8",.0,"8",.0,"8",.0,"8",.0,"8",0,"8",0,"8",0,"8","","",0,"8",0,"8"
"352190360","P£OCK","2006","02","02","05","3","",0,"8",0,"8","","","",6,"",0,"8",0,"8",8,"",290,"",4,"",0,"",-2.2,"",.0,"8","U","",4.7,"",90,"",-3.6,"",1001.2,"",1015.0,"",6,-.6,"",.0,"8",0,"8","10","2","8","","6","","","/","","","/","","",0,"8",.0,"8",.0,"8","","8",0,"8","","",.0,"8",.0,"8",.0,"8",.0,"8",.0,"8",.0,"8",.0,"8",.0,"8",.0,"8",0,"8",0,"8",0,"8","","",0,"8",0,"8"
"352190360","P£OCK","2006","02","02","06","3","",0,"8",0,"8","","","",6,"",0,"8",0,"8",8,"",280,"",4,"",0,"",-1.8,"",.0,"8","U","",4.8,"",90,"",-3.2,"",1001.2,"",1015.0,"",6,-.3,"",.0,"9",0,"9","10","2","8","","6","","","/","","","/","","",14,"",.0,"8",.0,"8","","8",0,"8","","",.0,"8",.0,"8",.0,"8",.0,"8",.0,"8",.0,"8",.0,"8",.0,"8",.0,"8",0,"8",0,"8",0,"8","","",0,"8",0,"8"
"352190360","P£OCK","2006","02","02","07","2","",0,"8",0,"8","","","",6,"",0,"8",0,"8",8,"",270,"",4,"",0,"",-1.5,"",.0,"8","U","",5.0,"",91,"",-2.8,"",1001.1,"",1014.9,"",8,-.1,"",.0,"8",0,"8","10","2","8","","6","","","/","","","/","","",0,"8",.0,"8",.0,"8","","8",0,"8","","",.0,"8",.0,"8",.0,"8",.0,"8",.0,"8",.0,"8",.0,"8",.0,"8",.0,"8",0,"8",0,"8",0,"8","","",0,"8",0,"8"
"352190360","P£OCK","2006","02","02","08","3","",0,"8",0,"8","","","",6,"",0,"8",0,"8",8,"",280,"",4,"",0,"",-1.1,"",.0,"8","U","",5.1,"",90,"",-2.5,"",1001.4,"",1015.2,"",3,.2,"",.0,"8",0,"8","10","2","8","","6","","","/","","","/","","",0,"8",.0,"8",.0,"8","","8",0,"8","","",.0,"8",.0,"8",.0,"8",.0,"8",.0,"8",.0,"8",.0,"8",.0,"8",.0,"8",0,"8",0,"8",0,"8","","",0,"8",0,"8"
"352190360","P£OCK","2006","02","02","09","3","",0,"8",0,"8","","","",6,"",0,"8",0,"8",8,"",280,"",4,"",0,"",-.8,"",.0,"8","U","",5.1,"",89,"",-2.4,"",1001.2,"",1015.0,"",4,.0,"",.0,"8",0,"8","10","2","8","","6","","","/","","","/","","",0,"8",.0,"8",.0,"8","","8",0,"8","","",.0,"8",.0,"8",.0,"8",.0,"8",.0,"8",.0,"8",.0,"8",.0,"8",.0,"8",0,"8",0,"8",0,"8","","",0,"8",0,"8"
"352190360","P£OCK","2006","02","02","10","3","",0,"8",0,"8","","","",6,"",0,"8",0,"8",8,"",290,"",4,"",0,"",-.5,"",.0,"8","U","",5.2,"",89,"",-2.1,"",1001.6,"",1015.3,"",2,.5,"",.0,"8",0,"8","10","2","8","","6","","","/","","","/","","",0,"8",.0,"8",.0,"8","","8",0,"8","","",.0,"8",.0,"8",.0,"8",.0,"8",.0,"8",.0,"8",.0,"8",.0,"8",.0,"8",0,"8",0,"8",0,"8","","",0,"8",0,"8"
"352190360","P£OCK","2006","02","02","11","3","",0,"8",0,"8","","","",6,"",0,"8",0,"8",8,"",300,"",4,"",0,"",-.4,"",.0,"8","U","",5.2,"",88,"",-2.1,"",1001.4,"",1015.1,"",4,.0,"",.0,"8",0,"8","10","2","8","","6","","","/","","","/","","",0,"8",.0,"8",.0,"8","","8",0,"8","","",.0,"8",.0,"8",.0,"8",.0,"8",.0,"8",.0,"8",.0,"8",.0,"8",.0,"8",0,"8",0,"8",0,"8","","",0,"8",0,"8"
"352190360","P£OCK","2006","02","02","12","3","",0,"8",0,"8","","","",6,"",0,"8",0,"8",8,"",290,"",5,"",0,"",-.4,"",.0,"8","U","",5.2,"",87,"",-2.3,"",1001.3,"",1015.0,"",0,.1,"",.0,"9",0,"9","10","2","8","","6","","","/","","","/","","",14,"",.0,"8",.0,"8","","8",0,"8","","",.0,"8",.0,"8",.0,"8",.0,"8",.0,"8",.0,"8",.0,"8",.0,"8",.0,"8",0,"8",0,"8",0,"8","","",0,"8",0,"8"
"352190360","P£OCK","2006","02","02","13","3","",0,"8",0,"8","","","",6,"",0,"8",0,"8",8,"",280,"",5,"",0,"",-.3,"",.0,"8","U","",5.2,"",87,"",-2.2,"",1001.3,"",1015.0,"",6,-.3,"",.0,"8",0,"8","10","2","8","","6","","","/","","","/","","",0,"8",.0,"8",.0,"8","","8",0,"8","","",.0,"8",.0,"8",.0,"8",.0,"8",.0,"8",.0,"8",.0,"8",.0,"8",.0,"8",0,"8",0,"8",0,"8","","",0,"8",0,"8"
"352190360","P£OCK","2006","02","02","14","3","",0,"8",0,"8","","","",7,"",0,"8",0,"8",8,"",290,"",4,"",0,"",-.3,"",.0,"8","U","",5.1,"",86,"",-2.4,"",1001.3,"",1015.0,"",6,-.1,"",.0,"8",0,"8","02","2","8","","6","","","/","","","/","","",0,"8",.0,"8",.0,"8","","8",0,"8","","",.0,"8",.0,"8",.0,"8",.0,"8",.0,"8",.0,"8",.0,"8",.0,"8",.0,"8",0,"8",0,"8",0,"8","","",0,"8",0,"8"
"352190360","P£OCK","2006","02","02","15","3","",0,"8",0,"8","","","",7,"",0,"8",0,"8",8,"",290,"",4,"",0,"",-.2,"",.0,"8","U","",5.2,"",86,"",-2.3,"",1001.6,"",1015.3,"",3,.3,"",.0,"8",0,"8","02","2","8","","6","","","/","","","/","","",0,"8",.0,"8",.0,"8","","8",0,"8","","",.0,"8",.0,"8",.0,"8",.0,"8",.0,"8",.0,"8",.0,"8",.0,"8",.0,"8",0,"8",0,"8",0,"8","","",0,"8",0,"8"
"352190360","P£OCK","2006","02","02","16","4","",0,"8",0,"8","","","",7,"",0,"8",0,"8",8,"",290,"",3,"",0,"",-.2,"",.0,"8","U","",5.1,"",85,"",-2.4,"",1001.8,"",1015.5,"",3,.5,"",.0,"8",0,"8","02","2","8","","5","","","/","","","/","","",0,"8",.0,"8",.0,"8","","8",0,"8","","",.0,"8",.0,"8",.0,"8",.0,"8",.0,"8",.0,"8",.0,"8",.0,"8",.0,"8",0,"8",0,"8",0,"8","","",0,"8",0,"8"
"352190360","P£OCK","2006","02","02","17","4","",0,"8",0,"8","","","",7,"",0,"8",0,"8",8,"",290,"",5,"",0,"",-.3,"",.0,"8","U","",5.1,"",85,"",-2.5,"",1001.8,"",1015.5,"",1,.5,"",.0,"8",0,"8","02","2","8","","5","","","/","","","/","","",0,"8",.0,"8",.0,"8","","8",0,"8","","",.0,"8",.0,"8",.0,"8",.0,"8",.0,"8",.0,"8",.0,"8",.0,"8",.0,"8",0,"8",0,"8",0,"8","","",0,"8",0,"8"
"352190360","P£OCK","2006","02","02","18","3","",0,"8",0,"8","","","",6,"",0,"8",0,"8",8,"",270,"",5,"",0,"",-.4,"",.0,"8","U","",5.1,"",86,"",-2.5,"",1001.8,"",1015.5,"",1,.2,"",.0,"9",0,"9","10","2","8","","5","","","/","","","/","","",14,"",.0,"8",.0,"8","","8",0,"8","","",.0,"8",.0,"8",.0,"8",.0,"8",.0,"8",.0,"8",.0,"8",.0,"8",.0,"8",0,"8",0,"8",0,"8","","",0,"8",0,"8"
"352190360","P£OCK","2006","02","02","19","3","",0,"8",0,"8","","","",6,"",0,"8",0,"8",8,"",280,"",5,"",0,"",-.6,"",.0,"8","U","",5.1,"",87,"",-2.5,"",1001.6,"",1015.3,"",8,-.2,"",.0,"8",0,"8","10","2","8","","6","","","/","","","/","","",0,"8",.0,"8",.0,"8","","8",0,"8","","",.0,"8",.0,"8",.0,"8",.0,"8",.0,"8",.0,"8",.0,"8",.0,"8",.0,"8",0,"8",0,"8",0,"8","","",0,"8",0,"8"
"352190360","P£OCK","2006","02","02","20","3","",0,"8",0,"8","","","",6,"",0,"8",0,"8",8,"",280,"",5,"",0,"",-.7,"",.0,"8","U","",5.2,"",89,"",-2.3,"",1001.4,"",1015.2,"",8,-.4,"",.0,"8",0,"8","10","2","8","","6","","","/","","","/","","",0,"8",.0,"8",.0,"8","","8",0,"8","","",.0,"8",.0,"8",.0,"8",.0,"8",.0,"8",.0,"8",.0,"8",.0,"8",.0,"8",0,"8",0,"8",0,"8","","",0,"8",0,"8"
"352190360","P£OCK","2006","02","02","21","3","",0,"8",0,"8","","","",6,"",0,"8",0,"8",8,"",270,"",6,"",0,"",-1.0,"",.0,"8","U","",5.1,"",90,"",-2.4,"",1001.2,"",1015.0,"",7,-.6,"",.0,"8",0,"8","10","2","8","","6","","","/","","","/","","",0,"8",.0,"8",.0,"8","","8",0,"8","","",.0,"8",.0,"8",.0,"8",.0,"8",.0,"8",.0,"8",.0,"8",.0,"8",.0,"8",0,"8",0,"8",0,"8","","",0,"8",0,"8"
"352190360","P£OCK","2006","02","02","22","2","",0,"8",0,"8","","","",6,"",0,"8",0,"8",8,"",270,"",5,"",0,"",-1.1,"",.0,"8","U","",5.1,"",91,"",-2.4,"",1000.9,"",1014.7,"",7,-.7,"",.0,"8",0,"8","10","2","8","","6","","","/","","","/","","",0,"8",.0,"8",.0,"8","","8",0,"8","","",.0,"8",.0,"8",.0,"8",.0,"8",.0,"8",.0,"8",.0,"8",.0,"8",.0,"8",0,"8",0,"8",0,"8","","",0,"8",0,"8"
"352190360","P£OCK","2006","02","02","23","2","",0,"8",0,"8","","","",5,"",0,"8",0,"8",8,"",270,"",7,"",0,"",-1.4,"",.0,"8","U","",5.1,"",92,"",-2.5,"",1000.9,"",1014.7,"",6,-.5,"",.0,"8",0,"8","10","2","8","","6","","","/","","","/","","",0,"8",.0,"8",.0,"8","","8",0,"8","","",.0,"8",.0,"8",.0,"8",.0,"8",.0,"8",.0,"8",.0,"8",.0,"8",.0,"8",0,"8",0,"8",0,"8","","",0,"8",0,"8"
"352190360","P£OCK","2006","02","03","00","2","",0,"8",0,"8","","","",5,"",0,"8",0,"8",8,"",260,"",6,"",0,"",-1.5,"",.0,"8","U","",5.1,"",93,"",-2.5,"",1000.5,"",1014.3,"",7,-.7,"",.0,"9",0,"9","10","2","8","","6","","","/","","","/","","",14,"",.0,"8",.0,"8","","8",0,"8","","",.0,"8",.0,"8",.0,"8",.0,"8",.0,"8",.0,"8",.0,"8",.0,"8",.0,"8",0,"8",0,"8",0,"8","","",0,"8",0,"8"
"352190360","P£OCK","2006","02","03","01","2","",0,"8",0,"8","","","",5,"",0,"8",0,"8",8,"",270,"",7,"",0,"",-1.7,"",.0,"8","U","",5.0,"",93,"",-2.7,"",1000.5,"",1014.3,"",6,-.4,"",.0,"8",0,"8","10","2","8","","6","","","/","","","/","","",0,"8",.0,"8",.0,"8","","8",0,"8","","",.0,"8",.0,"8",.0,"8",.0,"8",.0,"8",.0,"8",.0,"8",.0,"8",.0,"8",0,"8",0,"8",0,"8","","",0,"8",0,"8"
"352190360","P£OCK","2006","02","03","02","2","",0,"8",0,"8","","","",5,"",0,"8",0,"8",8,"",270,"",7,"",0,"",-1.7,"",.0,"8","U","",5.1,"",94,"",-2.5,"",999.9,"",1013.7,"",7,-1.0,"",.0,"8",0,"8","10","2","8","","6","","","/","","","/","","",0,"8",.0,"8",.0,"8","","8",0,"8","","",.0,"8",.0,"8",.0,"8",.0,"8",.0,"8",.0,"8",.0,"8",.0,"8",.0,"8",0,"8",0,"8",0,"8","","",0,"8",0,"8"
"352190360","P£OCK","2006","02","03","03","2","",0,"8",0,"8","","","",5,"",0,"8",0,"8",8,"",270,"",6,"",0,"",-1.8,"",.0,"8","U","",5.0,"",93,"",-2.8,"",999.7,"",1013.5,"",8,-.8,"",.0,"8",0,"8","10","2","8","","6","","","/","","","/","","",0,"8",.0,"8",.0,"8","","8",0,"8","","",.0,"8",.0,"8",.0,"8",.0,"8",.0,"8",.0,"8",.0,"8",.0,"8",.0,"8",0,"8",0,"8",0,"8","","",0,"8",0,"8"
"352190360","P£OCK","2006","02","03","04","2","",0,"8",0,"8","","","",5,"",0,"8",0,"8",8,"",280,"",7,"",0,"",-1.7,"",.0,"8","U","",5.0,"",93,"",-2.7,"",999.6,"",1013.4,"",6,-.9,"",.0,"8",0,"8","10","2","8","","6","","","/","","","/","","",0,"8",.0,"8",.0,"8","","8",0,"8","","",.0,"8",.0,"8",.0,"8",.0,"8",.0,"8",.0,"8",.0,"8",.0,"8",.0,"8",0,"8",0,"8",0,"8","","",0,"8",0,"8"
"352190360","P£OCK","2006","02","03","05","2","",0,"8",0,"8","","","",5,"",0,"8",0,"8",8,"",280,"",5,"",0,"",-1.7,"",.0,"8","U","",5.1,"",94,"",-2.5,"",999.7,"",1013.5,"",5,-.2,"",.0,"8",0,"8","10","2","8","","6","","","/","","","/","","",0,"8",.0,"8",.0,"8","","8",0,"8","","",.0,"8",.0,"8",.0,"8",.0,"8",.0,"8",.0,"8",.0,"8",.0,"8",.0,"8",0,"8",0,"8",0,"8","","",0,"8",0,"8"
"352190360","P£OCK","2006","02","03","06","2","",0,"8",0,"8","","","",4,"",0,"8",0,"8",8,"",280,"",5,"",0,"",-1.7,"",.0,"8","U","",5.1,"",95,"",-2.4,"",999.8,"",1013.6,"",3,.1,"",.0,"",6,"","56","2","8","","6","","","/","","","/","","",14,"",.0,"8",.0,"8","","8",0,"8","","",.0,"8",.0,"8",.0,"8",.0,"8",.0,"8",.0,"8",.0,"8",.0,"8",.0,"8",0,"8",0,"8",0,"8","","",0,"8",0,"8"
"352190360","P£OCK","2006","02","03","07","2","",0,"8",0,"8","","","",5,"",0,"8",0,"8",8,"",280,"",4,"",0,"",-1.6,"",.0,"8","U","",5.2,"",95,"",-2.3,"",1000.0,"",1013.8,"",2,.4,"",.0,"8",0,"8","56","5","8","","6","","","/","","","/","","",0,"8",.0,"8",.0,"8","","8",0,"8","","",.0,"8",.0,"8",.0,"8",.0,"8",.0,"8",.0,"8",.0,"8",.0,"8",.0,"8",0,"8",0,"8",0,"8","","",0,"8",0,"8"
"352190360","P£OCK","2006","02","03","08","2","",0,"8",0,"8","","","",4,"",0,"8",0,"8",8,"",280,"",5,"",0,"",-1.4,"",.0,"8","U","",5.2,"",95,"",-2.1,"",1000.2,"",1014.0,"",2,.5,"",.0,"8",0,"8","71","5","6","","7","","","2","","","/","","",0,"8",.0,"8",.0,"8","","8",0,"8","","",.0,"8",.0,"8",.0,"8",.0,"8",.0,"8",.0,"8",.0,"8",.0,"8",.0,"8",0,"8",0,"8",0,"8","","",0,"8",0,"8"
"352190360","P£OCK","2006","02","03","09","2","",0,"8",0,"8","","","",5,"",0,"8",0,"8",8,"",280,"",4,"",0,"",-1.0,"",.0,"8","U","",5.3,"",93,"",-2.0,"",1000.2,"",1013.9,"",1,.4,"",.0,"8",0,"8","71","5","5","","7","","","2","","","/","","",0,"8",.0,"8",.0,"8","","8",0,"8","","",.0,"8",.0,"8",.0,"8",.0,"8",.0,"8",.0,"8",.0,"8",.0,"8",.0,"8",0,"8",0,"8",0,"8","","",0,"8",0,"8"
"352190360","P£OCK","2006","02","03","10","3","",0,"8",0,"8","","","",6,"",0,"8",0,"8",8,"",280,"",5,"",0,"",-.7,"",.0,"8","U","",5.2,"",90,"",-2.1,"",1000.3,"",1014.0,"",2,.3,"",.0,"8",0,"8","22","2","8","","6","","","/","","","/","","",0,"8",.0,"8",.0,"8","","8",0,"8","","",.0,"8",.0,"8",.0,"8",.0,"8",.0,"8",.0,"8",.0,"8",.0,"8",.0,"8",0,"8",0,"8",0,"8","","",0,"8",0,"8"
"352190360","P£OCK","2006","02","03","11","2","",0,"8",0,"8","","","",6,"",0,"8",0,"8",8,"",280,"",4,"",0,"",-.5,"",.0,"8","U","",5.4,"",92,"",-1.6,"",1000.4,"",1014.1,"",3,.2,"",.0,"8",0,"8","22","7","8","","6","","","/","","","/","","",0,"8",.0,"8",.0,"8","","8",0,"8","","",.0,"8",.0,"8",.0,"8",.0,"8",.0,"8",.0,"8",.0,"8",.0,"8",.0,"8",0,"8",0,"8",0,"8","","",0,"8",0,"8"
"352190360","P£OCK","2006","02","03","12","2","",0,"8",0,"8","","","",5,"",0,"8",0,"8",8,"",300,"",5,"",0,"",-.2,"",.0,"8","U","",5.6,"",93,"",-1.2,"",1000.7,"",1014.4,"",3,.5,"",.0,"",7,"","77","5","8","","6","","","/","","","/","","",14,"",.0,"8",.0,"8","","8",0,"8","","",.0,"8",.0,"8",.0,"8",.0,"8",.0,"8",.0,"8",.0,"8",.0,"8",.0,"8",0,"8",0,"8",0,"8","","",0,"8",0,"8"
"352190360","P£OCK","2006","02","03","13","6","",0,"8",0,"8","","","",6,"",0,"8",0,"8",7,"",290,"",4,"",0,"",.3,"",.0,"8","U","",5.4,"",87,"",-1.6,"",1000.7,"",1014.4,"",1,.4,"",.0,"8",0,"8","22","7","7","","5","","","/","","","/","","",0,"8",.0,"8",.0,"8","","8",0,"8","","",.0,"8",.0,"8",.0,"8",.0,"8",.0,"8",.0,"8",.0,"8",.0,"8",.0,"8",0,"8",0,"8",0,"8","","",0,"8",0,"8"
"352190360","P£OCK","2006","02","03","14","6","",0,"8",0,"8","","","",6,"",0,"8",0,"8",6,"",280,"",4,"",0,"",.6,"",.0,"8","U","",5.1,"",80,"",-2.5,"",1000.9,"",1014.6,"",2,.5,"",.0,"8",0,"8","10","2","4","","5","","","3","","","1","","",0,"8",.0,"8",.0,"8","","8",0,"8","","",.0,"8",.0,"8",.0,"8",.0,"8",.0,"8",.0,"8",.0,"8",.0,"8",.0,"8",0,"8",0,"8",0,"8","","",0,"8",0,"8"
"352190360","P£OCK","2006","02","03","15","6","",0,"8",0,"8","","","",6,"",0,"8",0,"8",5,"",280,"",4,"",0,"",.2,"",.0,"8","U","",5.0,"",80,"",-2.8,"",1001.2,"",1014.9,"",3,.5,"",.0,"8",0,"8","10","7","3","","5","","","3","","","1","","",0,"8",.0,"8",.0,"8","","8",0,"8","","",.0,"8",.0,"8",.0,"8",.0,"8",.0,"8",.0,"8",.0,"8",.0,"8",.0,"8",0,"8",0,"8",0,"8","","",0,"8",0,"8"
"352190360","P£OCK","2006","02","03","16","6","",0,"8",0,"8","","","",7,"",0,"8",0,"8",7,"",290,"",4,"",0,"",-.1,"",.0,"8","U","",4.8,"",79,"",-3.3,"",1001.8,"",1015.5,"",3,1.1,"",.0,"8",0,"8","03","2","7","","5","","","/","","","/","","",0,"8",.0,"8",.0,"8","","8",0,"8","","",.0,"8",.0,"8",.0,"8",.0,"8",.0,"8",.0,"8",.0,"8",.0,"8",.0,"8",0,"8",0,"8",0,"8","","",0,"8",0,"8"
"352190360","P£OCK","2006","02","03","17","6","",0,"8",0,"8","","","",7,"",0,"8",0,"8",7,"",290,"",4,"",0,"",-.3,"",.0,"8","U","",4.7,"",78,"",-3.7,"",1002.3,"",1016.0,"",2,1.4,"",.0,"8",0,"8","02","2","7","","5","","","/","","","/","","",0,"8",.0,"8",.0,"8","","8",0,"8","","",.0,"8",.0,"8",.0,"8",.0,"8",.0,"8",.0,"8",.0,"8",.0,"8",.0,"8",0,"8",0,"8",0,"8","","",0,"8",0,"8"
"352190360","P£OCK","2006","02","03","18","6","",0,"8",0,"8","","","",7,"",0,"8",0,"8",5,"",290,"",3,"",0,"",-1.4,"",.0,"8","U","",4.2,"",77,"",-4.9,"",1002.5,"",1016.3,"",1,1.3,"",.0,"",7,"","01","7","3","","5","","","3","","","0","","",14,"",.0,"8",.0,"8","","8",0,"8","","",.0,"8",.0,"8",.0,"8",.0,"8",.0,"8",.0,"8",.0,"8",.0,"8",.0,"8",0,"8",0,"8",0,"8","","",0,"8",0,"8"
"352190360","P£OCK","2006","02","03","19","6","",0,"8",0,"8","","","",7,"",0,"8",0,"8",7,"",290,"",3,"",0,"",-.7,"",.0,"8","U","",4.4,"",75,"",-4.6,"",1002.9,"",1016.7,"",2,1.1,"",.0,"8",0,"8","03","2","7","","5","","","/","","","/","","",0,"8",.0,"8",.0,"8","","8",0,"8","","",.0,"8",.0,"8",.0,"8",.0,"8",.0,"8",.0,"8",.0,"8",.0,"8",.0,"8",0,"8",0,"8",0,"8","","",0,"8",0,"8"
"352190360","P£OCK","2006","02","03","20","6","",0,"8",0,"8","","","",8,"",0,"8",0,"8",7,"",300,"",3,"",0,"",-.7,"",.0,"8","U","",4.0,"",69,"",-5.7,"",1003.2,"",1017.0,"",2,.9,"",.0,"8",0,"8","02","2","7","","5","","","/","","","/","","",0,"8",.0,"8",.0,"8","","8",0,"8","","",.0,"8",.0,"8",.0,"8",.0,"8",.0,"8",.0,"8",.0,"8",.0,"8",.0,"8",0,"8",0,"8",0,"8","","",0,"8",0,"8"
"352190360","P£OCK","2006","02","03","21","6","",0,"8",0,"8","","","",8,"",0,"8",0,"8",7,"",290,"",4,"",0,"",-.7,"",.0,"8","U","",3.9,"",68,"",-5.9,"",1003.3,"",1017.1,"",1,.8,"",.0,"8",0,"8","02","2","7","","5","","","/","","","/","","",0,"8",.0,"8",.0,"8","","8",0,"8","","",.0,"8",.0,"8",.0,"8",.0,"8",.0,"8",.0,"8",.0,"8",.0,"8",.0,"8",0,"8",0,"8",0,"8","","",0,"8",0,"8"
"352190360","P£OCK","2006","02","03","22","6","",0,"8",0,"8","","","",7,"",0,"8",0,"8",7,"",290,"",3,"",0,"",-.9,"",.0,"8","U","",4.1,"",72,"",-5.3,"",1003.2,"",1017.0,"",0,.3,"",.0,"8",0,"8","02","2","7","","5","","","/","","","/","","",0,"8",.0,"8",.0,"8","","8",0,"8","","",.0,"8",.0,"8",.0,"8",.0,"8",.0,"8",.0,"8",.0,"8",.0,"8",.0,"8",0,"8",0,"8",0,"8","","",0,"8",0,"8"
"352190360","P£OCK","2006","02","03","23","6","",0,"8",0,"8","","","",7,"",0,"8",0,"8",6,"",290,"",3,"",0,"",-1.4,"",.0,"8","U","",4.2,"",76,"",-5.1,"",1003.4,"",1017.2,"",2,.2,"",.0,"8",0,"8","01","2","6","","5","","","0","","","0","","",0,"8",.0,"8",.0,"8","","8",0,"8","","",.0,"8",.0,"8",.0,"8",.0,"8",.0,"8",.0,"8",.0,"8",.0,"8",.0,"8",0,"8",0,"8",0,"8","","",0,"8",0,"8"
"352190360","P£OCK","2006","02","04","00","6","",0,"8",0,"8","","","",7,"",0,"8",0,"8",7,"",290,"",3,"",0,"",-2.2,"",.0,"8","U","",4.0,"",77,"",-5.7,"",1003.5,"",1017.4,"",3,.2,"",.0,"9",0,"9","03","2","7","","5","","","/","","","/","","",14,"",.0,"8",.0,"8","","8",0,"8","","",.0,"8",.0,"8",.0,"8",.0,"8",.0,"8",.0,"8",.0,"8",.0,"8",.0,"8",0,"8",0,"8",0,"8","","",0,"8",0,"8"
"352190360","P£OCK","2006","02","04","01","6","",0,"8",0,"8","","","",7,"",0,"8",0,"8",7,"",290,"",3,"",0,"",-2.9,"",.0,"8","U","",3.9,"",78,"",-6.2,"",1003.7,"",1017.6,"",2,.5,"",.0,"8",0,"8","02","2","7","","5","","","/","","","/","","",0,"8",.0,"8",.0,"8","","8",0,"8","","",.0,"8",.0,"8",.0,"8",.0,"8",.0,"8",.0,"8",.0,"8",.0,"8",.0,"8",0,"8",0,"8",0,"8","","",0,"8",0,"8"
"352190360","P£OCK","2006","02","04","02","5","",0,"8",0,"8","","","",8,"",0,"8",0,"8",7,"",280,"",5,"",0,"",-2.5,"",.0,"8","U","",3.8,"",75,"",-6.3,"",1003.4,"",1017.3,"",0,.0,"",.0,"8",0,"8","02","2","7","","5","","","/","","","/","","",0,"8",.0,"8",.0,"8","","8",0,"8","","",.0,"8",.0,"8",.0,"8",.0,"8",.0,"8",.0,"8",.0,"8",.0,"8",.0,"8",0,"8",0,"8",0,"8","","",0,"8",0,"8"
"352190360","P£OCK","2006","02","04","03","5","",0,"8",0,"8","","","",7,"",0,"8",0,"8",7,"",280,"",5,"",0,"",-2.5,"",.0,"8","U","",3.9,"",77,"",-6.0,"",1003.3,"",1017.2,"",8,-.2,"",.0,"8",0,"8","02","2","7","","5","","","/","","","/","","",0,"8",.0,"8",.0,"8","","8",0,"8","","",.0,"8",.0,"8",.0,"8",.0,"8",.0,"8",.0,"8",.0,"8",.0,"8",.0,"8",0,"8",0,"8",0,"8","","",0,"8",0,"8"
"352190360","P£OCK","2006","02","04","04","5","",0,"8",0,"8","","","",7,"",0,"8",0,"8",8,"",270,"",5,"",0,"",-2.3,"",.0,"8","U","",4.0,"",78,"",-5.6,"",1002.9,"",1016.8,"",7,-.8,"",.0,"8",0,"8","03","2","8","","5","","","/","","","/","","",0,"8",.0,"8",.0,"8","","8",0,"8","","",.0,"8",.0,"8",.0,"8",.0,"8",.0,"8",.0,"8",.0,"8",.0,"8",.0,"8",0,"8",0,"8",0,"8","","",0,"8",0,"8"
"352190360","P£OCK","2006","02","04","05","5","",0,"8",0,"8","","","",8,"",0,"8",0,"8",7,"",280,"",4,"",0,"",-2.2,"",.0,"8","U","",4.1,"",79,"",-5.4,"",1002.7,"",1016.5,"",7,-.7,"",.0,"8",0,"8","01","2","7","","5","","","/","","","/","","",0,"8",.0,"8",.0,"8","","8",0,"8","","",.0,"8",.0,"8",.0,"8",.0,"8",.0,"8",.0,"8",.0,"8",.0,"8",.0,"8",0,"8",0,"8",0,"8","","",0,"8",0,"8"
"352190360","P£OCK","2006","02","04","06","5","",0,"8",0,"8","","","",6,"",0,"8",0,"8",8,"",270,"",6,"",0,"",-2.2,"",.0,"8","U","",4.2,"",81,"",-5.0,"",1002.5,"",1016.3,"",6,-.8,"",.0,"",7,"","85","2","8","","9","","","/","","","/","","",14,"",.0,"8",.0,"8","","8",0,"8","","",.0,"8",.0,"8",.0,"8",.0,"8",.0,"8",.0,"8",.0,"8",.0,"8",.0,"8",0,"8",0,"8",0,"8","","",0,"8",0,"8"
"352190360","P£OCK","2006","02","04","07","4","",0,"8",0,"8","","","",6,"",0,"8",0,"8",8,"",270,"",6,"",0,"",-2.5,"",.0,"8","U","",4.5,"",89,"",-4.1,"",1002.6,"",1016.5,"",5,-.3,"",.0,"8",0,"8","85","8","8","","9","","","/","","","/","","",0,"8",.0,"8",.0,"8","","8",0,"8","","",.0,"8",.0,"8",.0,"8",.0,"8",.0,"8",.0,"8",.0,"8",.0,"8",.0,"8",0,"8",0,"8",0,"8","","",0,"8",0,"8"
"352190360","P£OCK","2006","02","04","08","4","",0,"8",0,"8","","","",7,"",0,"8",0,"8",7,"",280,"",5,"",0,"",-2.1,"",.0,"8","U","",4.7,"",89,"",-3.7,"",1002.9,"",1016.7,"",3,.2,"",.0,"8",0,"8","26","2","7","","9","","","/","","","/","","",0,"8",.0,"8",.0,"8","","8",0,"8","","",.0,"8",.0,"8",.0,"8",.0,"8",.0,"8",.0,"8",.0,"8",.0,"8",.0,"8",0,"8",0,"8",0,"8","","",0,"8",0,"8"
"352190360","P£OCK","2006","02","04","09","4","",0,"8",0,"8","","","",7,"",0,"8",0,"8",7,"",350,"",8,"",0,"",-2.9,"",.0,"8","U","",4.0,"",81,"",-5.7,"",1004.0,"",1017.9,"",3,1.5,"",.0,"8",0,"8","36","8","7","","5","","","/","","","/","","",0,"8",.0,"8",.0,"8","","8",0,"8","","",.0,"8",.0,"8",.0,"8",.0,"8",.0,"8",.0,"8",.0,"8",.0,"8",.0,"8",0,"8",0,"8",0,"8","","",0,"8",0,"8"
"352190360","P£OCK","2006","02","04","10","5","",0,"8",0,"8","","","",7,"",0,"8",0,"8",7,"",10,"",8,"",0,"",-4.0,"",.0,"8","U","",3.6,"",78,"",-7.3,"",1005.6,"",1019.6,"",3,3.0,"",.0,"8",0,"8","36","3","5","","9","","","3","","","/","","",0,"8",.0,"8",.0,"8","","8",0,"8","","",.0,"8",.0,"8",.0,"8",.0,"8",.0,"8",.0,"8",.0,"8",.0,"8",.0,"8",0,"8",0,"8",0,"8","","",0,"8",0,"8"
"352190360","P£OCK","2006","02","04","11","4","",0,"8",0,"8","","","",7,"",0,"8",0,"8",4,"",360,"",8,"",0,"",-5.6,"",.0,"8","U","",3.1,"",76,"",-9.2,"",1006.8,"",1020.9,"",2,3.9,"",.0,"8",0,"8","36","3","2","","9","","","3","","","0","","",0,"8",.0,"8",.0,"8","","8",0,"8","","",.0,"8",.0,"8",.0,"8",.0,"8",.0,"8",.0,"8",.0,"8",.0,"8",.0,"8",0,"8",0,"8",0,"8","","",0,"8",0,"8"
"352190360","P£OCK","2006","02","04","12","5","",0,"8",0,"8","","","",7,"",0,"8",0,"8",1,"",360,"",6,"",0,"",-6.5,"",.0,"8","U","",2.8,"",75,"",-10.2,"",1008.1,"",1022.2,"",2,4.1,"",.0,"",7,"","01","8","1","","5","","","0","","","0","","",18,"",.0,"8",.0,"8","","8",0,"8","","",.0,"8",.0,"8",.0,"8",.0,"8",.0,"8",.0,"8",.0,"8",.0,"8",.0,"8",0,"8",0,"8",0,"8","","",0,"8",0,"8"
"352190360","P£OCK","2006","02","04","13","5","",0,"8",0,"8","","","",7,"",0,"8",0,"8",1,"",360,"",6,"",0,"",-6.9,"",.0,"8","U","",2.5,"",69,"",-11.6,"",1009.1,"",1023.3,"",2,3.5,"",.0,"8",0,"8","02","0","1","","5","","","0","","","0","","",0,"8",.0,"8",.0,"8","","8",0,"8","","",.0,"8",.0,"8",.0,"8",.0,"8",.0,"8",.0,"8",.0,"8",.0,"8",.0,"8",0,"8",0,"8",0,"8","","",0,"8",0,"8"
"352190360","P£OCK","2006","02","04","14","5","",0,"8",0,"8","","","",7,"",0,"8",0,"8",1,"",360,"",4,"",0,"",-7.3,"",.0,"8","U","",2.4,"",68,"",-12.2,"",1010.3,"",1024.5,"",2,3.5,"",.0,"8",0,"8","02","0","1","","5","","","0","","","0","","",0,"8",.0,"8",.0,"8","","8",0,"8","","",.0,"8",.0,"8",.0,"8",.0,"8",.0,"8",.0,"8",.0,"8",.0,"8",.0,"8",0,"8",0,"8",0,"8","","",0,"8",0,"8"
"352190360","P£OCK","2006","02","04","15","6","",0,"8",0,"8","","","",7,"",0,"8",0,"8",1,"",360,"",4,"",0,"",-8.3,"",.0,"8","U","",2.3,"",69,"",-13.0,"",1011.2,"",1025.5,"",2,3.1,"",.0,"8",0,"8","02","0","1","","5","","","0","","","0","","",0,"8",.0,"8",.0,"8","","8",0,"8","","",.0,"8",.0,"8",.0,"8",.0,"8",.0,"8",.0,"8",.0,"8",.0,"8",.0,"8",0,"8",0,"8",0,"8","","",0,"8",0,"8"
"352190360","P£OCK","2006","02","04","16","6","",0,"8",0,"8","","","",7,"",0,"8",0,"8",1,"",360,"",3,"",0,"",-9.8,"",.0,"8","U","",2.0,"",69,"",-14.4,"",1012.0,"",1026.4,"",1,2.9,"",.0,"8",0,"8","02","0","1","","5","","","0","","","0","","",0,"8",.0,"8",.0,"8","","8",0,"8","","",.0,"8",.0,"8",.0,"8",.0,"8",.0,"8",.0,"8",.0,"8",.0,"8",.0,"8",0,"8",0,"8",0,"8","","",0,"8",0,"8"
"352190360","P£OCK","2006","02","04","17","9","",0,"8",0,"8","","","",7,"",0,"8",0,"8",0,"",320,"",1,"",0,"",-11.1,"",.0,"8","U","",1.9,"",71,"",-15.3,"",1013.1,"",1027.6,"",2,2.8,"",.0,"8",0,"8","01","0","0","","0","","","0","","","0","","",0,"8",.0,"8",.0,"8","","8",0,"8","","",.0,"8",.0,"8",.0,"8",.0,"8",.0,"8",.0,"8",.0,"8",.0,"8",.0,"8",0,"8",0,"8",0,"8","","",0,"8",0,"8"
"352190360","P£OCK","2006","02","04","18","9","",0,"8",0,"8","","","",7,"",0,"8",0,"8",0,"",320,"",2,"",0,"",-12.5,"",.0,"8","U","",1.7,"",74,"",-16.2,"",1014.1,"",1028.7,"",2,2.9,"",.0,"9",0,"9","02","0","0","","0","","","0","","","0","","",18,"",.0,"8",.0,"8","","8",0,"8","","",.0,"8",.0,"8",.0,"8",.0,"8",.0,"8",.0,"8",.0,"8",.0,"8",.0,"8",0,"8",0,"8",0,"8","","",0,"8",0,"8"
"352190360","P£OCK","2006","02","04","19","9","",0,"8",0,"8","","","",6,"",0,"8",0,"8",0,"",0,"",0,"",0,"",-14.1,"",.0,"8","U","",1.6,"",76,"",-17.4,"",1014.7,"",1029.4,"",1,2.7,"",.0,"8",0,"8","10","0","0","","0","","","0","","","0","","",0,"8",.0,"8",.0,"8","","8",0,"8","","",.0,"8",.0,"8",.0,"8",.0,"8",.0,"8",.0,"8",.0,"8",.0,"8",.0,"8",0,"8",0,"8",0,"8","","",0,"8",0,"8"
"352190360","P£OCK","2006","02","04","20","9","",0,"8",0,"8","","","",6,"",0,"8",0,"8",0,"",310,"",2,"",0,"",-15.5,"",.0,"8","U","",1.5,"",82,"",-17.9,"",1015.2,"",1029.9,"",1,2.1,"",.0,"8",0,"8","10","0","0","","0","","","0","","","0","","",0,"8",.0,"8",.0,"8","","8",0,"8","","",.0,"8",.0,"8",.0,"8",.0,"8",.0,"8",.0,"8",.0,"8",.0,"8",.0,"8",0,"8",0,"8",0,"8","","",0,"8",0,"8"
"352190360","P£OCK","2006","02","04","21","9","",0,"8",0,"8","","","",6,"",0,"8",0,"8",0,"",300,"",2,"",0,"",-15.2,"",.0,"8","U","",1.7,"",88,"",-16.7,"",1015.7,"",1030.4,"",2,1.6,"",.0,"8",0,"8","10","0","0","","0","","","0","","","0","","",0,"8",.0,"8",.0,"8","","8",0,"8","","",.0,"8",.0,"8",.0,"8",.0,"8",.0,"8",.0,"8",.0,"8",.0,"8",.0,"8",0,"8",0,"8",0,"8","","",0,"8",0,"8"
"352190360","P£OCK","2006","02","04","22","9","",0,"8",0,"8","","","",6,"",0,"8",0,"8",0,"",300,"",3,"",0,"",-14.4,"",.0,"8","U","",1.8,"",88,"",-16.0,"",1015.8,"",1030.5,"",1,1.1,"",.0,"8",0,"8","10","0","0","","0","","","0","","","0","","",0,"8",.0,"8",.0,"8","","8",0,"8","","",.0,"8",.0,"8",.0,"8",.0,"8",.0,"8",.0,"8",.0,"8",.0,"8",.0,"8",0,"8",0,"8",0,"8","","",0,"8",0,"8"
"352190360","P£OCK","2006","02","04","23","5","",0,"8",0,"8","","","",5,"",0,"8",0,"8",7,"",310,"",3,"",0,"",-14.2,"",.0,"8","U","",1.8,"",89,"",-15.6,"",1016.2,"",1030.9,"",2,1.0,"",.0,"8",0,"8","10","1","7","","5","","","/","","","/","","",0,"8",.0,"8",.0,"8","","8",0,"8","","",.0,"8",.0,"8",.0,"8",.0,"8",.0,"8",.0,"8",.0,"8",.0,"8",.0,"8",0,"8",0,"8",0,"8","","",0,"8",0,"8"
"352190360","P£OCK","2006","02","05","00","5","",0,"8",0,"8","","","",5,"",0,"8",0,"8",7,"",320,"",2,"",0,"",-14.1,"",.0,"8","U","",1.8,"",88,"",-15.7,"",1016.5,"",1031.2,"",2,.8,"",.0,"",7,"","85","1","7","","9","","","/","","","/","","",18,"",.0,"8",.0,"8","","8",0,"8","","",.0,"8",.0,"8",.0,"8",.0,"8",.0,"8",.0,"8",.0,"8",.0,"8",.0,"8",0,"8",0,"8",0,"8","","",0,"8",0,"8"
"352190360","P£OCK","2006","02","05","01","6","",0,"8",0,"8","","","",5,"",0,"8",0,"8",8,"",300,"",3,"",0,"",-12.1,"",.0,"8","U","",2.2,"",89,"",-13.5,"",1016.6,"",1031.2,"",1,.8,"",.0,"8",0,"8","85","8","8","","9","","","/","","","/","","",0,"8",.0,"8",.0,"8","","8",0,"8","","",.0,"8",.0,"8",.0,"8",.0,"8",.0,"8",.0,"8",.0,"8",.0,"8",.0,"8",0,"8",0,"8",0,"8","","",0,"8",0,"8"
"352190360","P£OCK","2006","02","05","02","4","",0,"8",0,"8","","","",5,"",0,"8",0,"8",8,"",280,"",3,"",0,"",-9.9,"",.0,"8","U","",2.6,"",91,"",-11.1,"",1016.1,"",1030.5,"",8,-.1,"",.0,"8",0,"8","85","8","8","","9","","","/","","","/","","",0,"8",.0,"8",.0,"8","","8",0,"8","","",.0,"8",.0,"8",.0,"8",.0,"8",.0,"8",.0,"8",.0,"8",.0,"8",.0,"8",0,"8",0,"8",0,"8","","",0,"8",0,"8"
"352190360","P£OCK","2006","02","05","03","6","",0,"8",0,"8","","","",6,"",0,"8",0,"8",7,"",270,"",4,"",0,"",-10.1,"",.0,"8","U","",2.5,"",88,"",-11.7,"",1015.7,"",1030.1,"",8,-.8,"",.0,"8",0,"8","85","8","4","","9","","","0","","","8","","",0,"8",.0,"8",.0,"8","","8",0,"8","","",.0,"8",.0,"8",.0,"8",.0,"8",.0,"8",.0,"8",.0,"8",.0,"8",.0,"8",0,"8",0,"8",0,"8","","",0,"8",0,"8"
"352190360","P£OCK","2006","02","05","04","3","",0,"8",0,"8","","","",5,"",0,"8",0,"8",7,"",280,"",4,"",0,"",-10.3,"",.0,"8","U","",2.5,"",88,"",-11.9,"",1015.7,"",1030.2,"",6,-.9,"",.0,"8",0,"8","85","8","7","","9","","","/","","","/","","",0,"8",.0,"8",.0,"8","","8",0,"8","","",.0,"8",.0,"8",.0,"8",.0,"8",.0,"8",.0,"8",.0,"8",.0,"8",.0,"8",0,"8",0,"8",0,"8","","",0,"8",0,"8"
"352190360","P£OCK","2006","02","05","05","3","",0,"8",0,"8","","","",5,"",0,"8",0,"8",8,"",280,"",4,"",0,"",-9.8,"",.0,"8","U","",2.6,"",89,"",-11.3,"",1015.7,"",1030.1,"",6,-.4,"",.0,"8",0,"8","71","8","6","","7","","","2","","","/","","",0,"8",.0,"8",.0,"8","","8",0,"8","","",.0,"8",.0,"8",.0,"8",.0,"8",.0,"8",.0,"8",.0,"8",.0,"8",.0,"8",0,"8",0,"8",0,"8","","",0,"8",0,"8"
"352190360","P£OCK","2006","02","05","06","4","",0,"8",0,"8","","","",5,"",0,"8",0,"8",8,"",280,"",3,"",0,"",-9.2,"",.0,"8","U","",2.8,"",90,"",-10.5,"",1016.0,"",1030.4,"",3,.3,"",.2,"",7,"","71","8","5","","5","","","2","","","/","","",18,"",.0,"8",.0,"8","","8",0,"8","","",.0,"8",.0,"8",.0,"8",.0,"8",.0,"8",.0,"8",.0,"8",.0,"8",.0,"8",0,"8",0,"8",0,"8","","",0,"8",0,"8"
"352190360","P£OCK","2006","02","05","07","4","",0,"8",0,"8","","","",6,"",0,"8",0,"8",8,"",290,"",4,"",0,"",-9.4,"",.0,"8","U","",2.6,"",88,"",-11.0,"",1016.1,"",1030.5,"",3,.4,"",.0,"8",0,"8","22","7","1","","5","","","7","","","/","","",0,"8",.0,"8",.0,"8","","8",0,"8","","",.0,"8",.0,"8",.0,"8",.0,"8",.0,"8",.0,"8",.0,"8",.0,"8",.0,"8",0,"8",0,"8",0,"8","","",0,"8",0,"8"
"352190360","P£OCK","2006","02","05","08","4","",0,"8",0,"8","","","",6,"",0,"8",0,"8",8,"",280,"",3,"",0,"",-9.3,"",.0,"8","U","",2.7,"",89,"",-10.8,"",1016.1,"",1030.5,"",1,.4,"",.0,"8",0,"8","85","8","7","","9","","","/","","","/","","",0,"8",.0,"8",.0,"8","","8",0,"8","","",.0,"8",.0,"8",.0,"8",.0,"8",.0,"8",.0,"8",.0,"8",.0,"8",.0,"8",0,"8",0,"8",0,"8","","",0,"8",0,"8"
"352190360","P£OCK","2006","02","05","09","4","",0,"8",0,"8","","","",6,"",0,"8",0,"8",7,"",280,"",3,"",0,"",-9.1,"",.0,"8","U","",2.6,"",86,"",-11.0,"",1016.2,"",1030.6,"",2,.2,"",.0,"8",0,"8","26","7","3","","5","","","0","","","8","","",0,"8",.0,"8",.0,"8","","8",0,"8","","",.0,"8",.0,"8",.0,"8",.0,"8",.0,"8",.0,"8",.0,"8",.0,"8",.0,"8",0,"8",0,"8",0,"8","","",0,"8",0,"8"
"352190360","P£OCK","2006","02","05","10","4","",0,"8",0,"8","","","",6,"",0,"8",0,"8",3,"",280,"",2,"",0,"",-8.4,"",.0,"8","U","",2.7,"",83,"",-10.8,"",1016.1,"",1030.5,"",0,.0,"",.0,"8",0,"8","26","1","1","","5","","","0","","","1","","",0,"8",.0,"8",.0,"8","","8",0,"8","","",.0,"8",.0,"8",.0,"8",.0,"8",.0,"8",.0,"8",.0,"8",.0,"8",.0,"8",0,"8",0,"8",0,"8","","",0,"8",0,"8"
"352190360","P£OCK","2006","02","05","11","9","",0,"8",0,"8","","","",6,"",0,"8",0,"8",3,"",280,"",3,"",0,"",-7.1,"",.0,"8","U","",2.9,"",80,"",-10.0,"",1015.5,"",1029.8,"",8,-.6,"",.0,"8",0,"8","10","0","1","","0","","","3","","","1","","",0,"8",.0,"8",.0,"8","","8",0,"8","","",.0,"8",.0,"8",.0,"8",.0,"8",.0,"8",.0,"8",.0,"8",.0,"8",.0,"8",0,"8",0,"8",0,"8","","",0,"8",0,"8"
"352190360","P£OCK","2006","02","05","12","9","",0,"8",0,"8","","","",6,"",0,"8",0,"8",1,"",260,"",3,"",0,"",-6.8,"",.0,"8","U","",2.9,"",78,"",-10.0,"",1015.2,"",1029.5,"",7,-1.0,"",.0,"",7,"","10","8","0","","0","","","0","","","1","","",18,"",.0,"8",.0,"8","","8",0,"8","","",.0,"8",.0,"8",.0,"8",.0,"8",.0,"8",.0,"8",.0,"8",.0,"8",.0,"8",0,"8",0,"8",0,"8","","",0,"8",0,"8"
"352190360","P£OCK","2006","02","05","13","9","",0,"8",0,"8","","","",6,"",0,"8",0,"8",0,"",280,"",3,"",0,"",-5.7,"",.0,"8","U","",3.0,"",76,"",-9.3,"",1014.7,"",1028.9,"",7,-1.4,"",.0,"8",0,"8","10","0","0","","0","","","0","","","0","","",0,"8",.0,"8",.0,"8","","8",0,"8","","",.0,"8",.0,"8",.0,"8",.0,"8",.0,"8",.0,"8",.0,"8",.0,"8",.0,"8",0,"8",0,"8",0,"8","","",0,"8",0,"8"
"352190360","P£OCK","2006","02","05","14","9","",0,"8",0,"8","","","",6,"",0,"8",0,"8",0,"",270,"",3,"",0,"",-5.9,"",.0,"8","U","",3.0,"",76,"",-9.5,"",1014.4,"",1028.6,"",7,-1.1,"",.0,"8",0,"8","10","0","0","","0","","","0","","","0","","",0,"8",.0,"8",.0,"8","","8",0,"8","","",.0,"8",.0,"8",.0,"8",.0,"8",.0,"8",.0,"8",.0,"8",.0,"8",.0,"8",0,"8",0,"8",0,"8","","",0,"8",0,"8"
"352190360","P£OCK","2006","02","05","15","9","",0,"8",0,"8","","","",6,"",0,"8",0,"8",0,"",280,"",2,"",0,"",-6.5,"",.0,"8","U","",2.8,"",75,"",-10.2,"",1014.4,"",1028.6,"",6,-.8,"",.0,"8",0,"8","10","0","0","","0","","","0","","","0","","",0,"8",.0,"8",.0,"8","","8",0,"8","","",.0,"8",.0,"8",.0,"8",.0,"8",.0,"8",.0,"8",.0,"8",.0,"8",.0,"8",0,"8",0,"8",0,"8","","",0,"8",0,"8"
"352190360","P£OCK","2006","02","05","16","6","",0,"8",0,"8","","","",6,"",0,"8",0,"8",1,"",280,"",3,"",0,"",-7.7,"",.0,"8","U","",2.8,"",82,"",-10.2,"",1014.3,"",1028.6,"",7,-.4,"",.0,"8",0,"8","10","0","1","","5","","","0","","","0","","",0,"8",.0,"8",.0,"8","","8",0,"8","","",.0,"8",.0,"8",.0,"8",.0,"8",.0,"8",.0,"8",.0,"8",.0,"8",.0,"8",0,"8",0,"8",0,"8","","",0,"8",0,"8"
"352190360","P£OCK","2006","02","05","17","6","",0,"8",0,"8","","","",6,"",0,"8",0,"8",6,"",290,"",3,"",0,"",-7.4,"",.0,"8","U","",2.9,"",83,"",-9.8,"",1014.3,"",1028.6,"",6,-.1,"",.0,"8",0,"8","10","1","6","","5","","","0","","","0","","",0,"8",.0,"8",.0,"8","","8",0,"8","","",.0,"8",.0,"8",.0,"8",.0,"8",.0,"8",.0,"8",.0,"8",.0,"8",.0,"8",0,"8",0,"8",0,"8","","",0,"8",0,"8"
"352190360","P£OCK","2006","02","05","18","5","",0,"8",0,"8","","","",6,"",0,"8",0,"8",7,"",280,"",3,"",0,"",-6.8,"",.0,"8","U","",3.1,"",85,"",-8.9,"",1014.2,"",1028.4,"",7,-.2,"",.0,"",7,"","85","1","7","","9","","","/","","","/","","",18,"",.0,"8",.0,"8","","8",0,"8","","",.0,"8",.0,"8",.0,"8",.0,"8",.0,"8",.0,"8",.0,"8",.0,"8",.0,"8",0,"8",0,"8",0,"8","","",0,"8",0,"8"
"352190360","P£OCK","2006","02","05","19","5","",0,"8",0,"8","","","",6,"",0,"8",0,"8",7,"",290,"",3,"",0,"",-7.5,"",.0,"8","U","",3.1,"",88,"",-9.1,"",1014.1,"",1028.4,"",8,-.2,"",.0,"8",0,"8","26","8","7","","9","","","/","","","/","","",0,"8",.0,"8",.0,"8","","8",0,"8","","",.0,"8",.0,"8",.0,"8",.0,"8",.0,"8",.0,"8",.0,"8",.0,"8",.0,"8",0,"8",0,"8",0,"8","","",0,"8",0,"8"
"352190360","P£OCK","2006","02","05","20","6","",0,"8",0,"8","","","",5,"",0,"8",0,"8",7,"",290,"",3,"",0,"",-8.8,"",.0,"8","U","",2.8,"",90,"",-10.1,"",1014.2,"",1028.6,"",5,-.1,"",.0,"8",0,"8","85","8","7","","9","","","/","","","/","","",0,"8",.0,"8",.0,"8","","8",0,"8","","",.0,"8",.0,"8",.0,"8",.0,"8",.0,"8",.0,"8",.0,"8",.0,"8",.0,"8",0,"8",0,"8",0,"8","","",0,"8",0,"8"
"352190360","P£OCK","2006","02","05","21","6","",0,"8",0,"8","","","",5,"",0,"8",0,"8",4,"",300,"",2,"",0,"",-10.4,"",.0,"8","U","",2.5,"",90,"",-11.7,"",1014.0,"",1028.4,"",7,-.2,"",.0,"8",0,"8","26","8","4","","5","","","0","","","0","","",0,"8",.0,"8",.0,"8","","8",0,"8","","",.0,"8",.0,"8",.0,"8",.0,"8",.0,"8",.0,"8",.0,"8",.0,"8",.0,"8",0,"8",0,"8",0,"8","","",0,"8",0,"8"
"352190360","P£OCK","2006","02","05","22","7","",0,"8",0,"8","","","",4,"",0,"8",0,"8",2,"",340,"",1,"",0,"",-15.4,"",.0,"8","U","",1.5,"",82,"",-17.8,"",1014.1,"",1028.8,"",4,.0,"",.0,"8",0,"8","10","1","2","","5","","","0","","","0","","",0,"8",.0,"8",.0,"8","","8",0,"8","","",.0,"8",.0,"8",.0,"8",.0,"8",.0,"8",.0,"8",.0,"8",.0,"8",.0,"8",0,"8",0,"8",0,"8","","",0,"8",0,"8"
"352190360","P£OCK","2006","02","05","23","/","",0,"8",0,"8","","","",1,"",0,"8",0,"8",9,"",310,"",1,"",0,"",-13.6,"",.0,"8","U","",1.9,"",88,"",-15.2,"",1014.1,"",1028.7,"",6,-.1,"",.0,"8",0,"8","49","4","9","","/","","","/","","","/","","",0,"8",.0,"8",.0,"8","","8",0,"8","","",.0,"8",.0,"8",.0,"8",.0,"8",.0,"8",.0,"8",.0,"8",.0,"8",.0,"8",0,"8",0,"8",0,"8","","",0,"8",0,"8"
"352190360","P£OCK","2006","02","06","00","9","",0,"8",0,"8","","","",3,"",0,"8",0,"8",0,"",300,"",1,"",0,"",-12.9,"",.0,"8","U","",2.0,"",88,"",-14.5,"",1013.9,"",1028.5,"",8,-.1,"",.0,"",7,"","48","8","0","","0","","","0","","","0","","",18,"",.0,"8",.0,"8","","8",0,"8","","",.0,"8",.0,"8",.0,"8",.0,"8",.0,"8",.0,"8",.0,"8",.0,"8",.0,"8",0,"8",0,"8",0,"8","","",0,"8",0,"8"
"352190360","P£OCK","2006","02","06","01","9","",0,"8",0,"8","","","",2,"",0,"8",0,"8",0,"",350,"",1,"",0,"",-14.5,"",.0,"8","U","",1.7,"",85,"",-16.5,"",1014.0,"",1028.7,"",5,-.1,"",.0,"8",0,"8","48","4","0","","0","","","0","","","0","","",0,"8",.0,"8",.0,"8","","8",0,"8","","",.0,"8",.0,"8",.0,"8",.0,"8",.0,"8",.0,"8",.0,"8",.0,"8",.0,"8",0,"8",0,"8",0,"8","","",0,"8",0,"8"
"352190360","P£OCK","2006","02","06","02","1","",0,"8",0,"8","","","",2,"",0,"8",0,"8",8,"",310,"",1,"",0,"",-15.2,"",.0,"8","U","",1.6,"",86,"",-17.0,"",1013.8,"",1028.5,"",7,-.3,"",.0,"8",0,"8","48","4","8","","6","","","/","","","/","","",0,"8",.0,"8",.0,"8","","8",0,"8","","",.0,"8",.0,"8",.0,"8",.0,"8",.0,"8",.0,"8",.0,"8",.0,"8",.0,"8",0,"8",0,"8",0,"8","","",0,"8",0,"8"
"352190360","P£OCK","2006","02","06","03","4","",0,"8",0,"8","","","",5,"",0,"8",0,"8",7,"",300,"",1,"",0,"",-13.4,"",.0,"8","U","",1.9,"",87,"",-15.1,"",1013.7,"",1028.3,"",8,-.2,"",.0,"8",0,"8","85","4","7","","9","","","/","","","/","","",0,"8",.0,"8",.0,"8","","8",0,"8","","",.0,"8",.0,"8",.0,"8",.0,"8",.0,"8",.0,"8",.0,"8",.0,"8",.0,"8",0,"8",0,"8",0,"8","","",0,"8",0,"8"
"352190360","P£OCK","2006","02","06","04","1","",0,"8",0,"8","","","",3,"",0,"8",0,"8",8,"",310,"",1,"",0,"",-12.9,"",.0,"8","U","",2.0,"",87,"",-14.6,"",1013.8,"",1028.4,"",5,-.2,"",.0,"8",0,"8","46","8","8","","6","","","/","","","/","","",0,"8",.0,"8",.0,"8","","8",0,"8","","",.0,"8",.0,"8",.0,"8",.0,"8",.0,"8",.0,"8",.0,"8",.0,"8",.0,"8",0,"8",0,"8",0,"8","","",0,"8",0,"8"
"352190360","P£OCK","2006","02","06","05","2","",0,"8",0,"8","","","",3,"",0,"8",0,"8",8,"",300,"",1,"",0,"",-12.4,"",.0,"8","U","",2.1,"",88,"",-14.0,"",1013.8,"",1028.4,"",4,.0,"",.0,"8",0,"8","42","4","8","","6","","","/","","","/","","",0,"8",.0,"8",.0,"8","","8",0,"8","","",.0,"8",.0,"8",.0,"8",.0,"8",.0,"8",.0,"8",.0,"8",.0,"8",.0,"8",0,"8",0,"8",0,"8","","",0,"8",0,"8"
"352190360","P£OCK","2006","02","06","06","2","",0,"8",0,"8","","","",2,"",0,"8",0,"8",8,"",20,"",1,"",0,"",-11.7,"",.0,"8","U","",2.2,"",89,"",-13.1,"",1014.0,"",1028.5,"",2,.3,"",.0,"",7,"","46","8","8","","6","","","/","","","/","","",18,"",.0,"8",.0,"8","","8",0,"8","","",.0,"8",.0,"8",.0,"8",.0,"8",.0,"8",.0,"8",.0,"8",.0,"8",.0,"8",0,"8",0,"8",0,"8","","",0,"8",0,"8"
"352190360","P£OCK","2006","02","06","07","2","",0,"8",0,"8","","","",2,"",0,"8",0,"8",8,"",0,"",0,"",0,"",-11.3,"",.0,"8","U","",2.3,"",89,"",-12.8,"",1014.4,"",1028.9,"",3,.6,"",.0,"8",0,"8","48","4","8","","6","","","/","","","/","","",0,"8",.0,"8",.0,"8","","8",0,"8","","",.0,"8",.0,"8",.0,"8",.0,"8",.0,"8",.0,"8",.0,"8",.0,"8",.0,"8",0,"8",0,"8",0,"8","","",0,"8",0,"8"
"352190360","P£OCK","2006","02","06","08","2","",0,"8",0,"8","","","",3,"",0,"8",0,"8",8,"",310,"",1,"",0,"",-10.9,"",.0,"8","U","",2.4,"",89,"",-12.4,"",1014.7,"",1029.2,"",2,.9,"",.0,"8",0,"8","77","4","8","","6","","","/","","","/","","",0,"8",.0,"8",.0,"8","","8",0,"8","","",.0,"8",.0,"8",.0,"8",.0,"8",.0,"8",.0,"8",.0,"8",.0,"8",.0,"8",0,"8",0,"8",0,"8","","",0,"8",0,"8"
"352190360","P£OCK","2006","02","06","09","2","",0,"8",0,"8","","","",3,"",0,"8",0,"8",5,"",300,"",1,"",0,"",-11.4,"",.0,"8","U","",2.3,"",88,"",-13.0,"",1014.7,"",1029.2,"",1,.7,"",.0,"8",0,"8","85","7","4","","9","","","0","","","1","","",0,"8",.0,"8",.0,"8","","8",0,"8","","",.0,"8",.0,"8",.0,"8",.0,"8",.0,"8",.0,"8",.0,"8",.0,"8",.0,"8",0,"8",0,"8",0,"8","","",0,"8",0,"8"
"352190360","P£OCK","2006","02","06","10","2","",0,"8",0,"8","","","",4,"",0,"8",0,"8",7,"",260,"",1,"",0,"",-10.5,"",.0,"8","U","",2.5,"",89,"",-12.0,"",1014.8,"",1029.3,"",2,.4,"",.0,"8",0,"8","85","8","7","","9","","","/","","","/","","",0,"8",.0,"8",.0,"8","","8",0,"8","","",.0,"8",.0,"8",.0,"8",.0,"8",.0,"8",.0,"8",.0,"8",.0,"8",.0,"8",0,"8",0,"8",0,"8","","",0,"8",0,"8"
"352190360","P£OCK","2006","02","06","11","2","",0,"8",0,"8","","","",5,"",0,"8",0,"8",8,"",220,"",1,"",0,"",-10.2,"",.0,"8","U","",2.5,"",90,"",-11.5,"",1014.4,"",1028.8,"",8,-.3,"",.0,"8",0,"8","26","8","8","","7","","","/","","","/","","",0,"8",.0,"8",.0,"8","","8",0,"8","","",.0,"8",.0,"8",.0,"8",.0,"8",.0,"8",.0,"8",.0,"8",.0,"8",.0,"8",0,"8",0,"8",0,"8","","",0,"8",0,"8"
"352190360","P£OCK","2006","02","06","12","2","",0,"8",0,"8","","","",5,"",0,"8",0,"8",8,"",210,"",2,"",0,"",-9.7,"",.0,"8","U","",2.7,"",91,"",-10.9,"",1014.0,"",1028.4,"",8,-.7,"",.1,"",7,"","85","7","8","","9","","","/","","","/","","",18,"",.0,"8",.0,"8","","8",0,"8","","",.0,"8",.0,"8",.0,"8",.0,"8",.0,"8",.0,"8",.0,"8",.0,"8",.0,"8",0,"8",0,"8",0,"8","","",0,"8",0,"8"
"352190360","P£OCK","2006","02","06","13","2","",0,"8",0,"8","","","",5,"",0,"8",0,"8",8,"",210,"",3,"",0,"",-9.9,"",.0,"8","U","",2.6,"",90,"",-11.2,"",1013.8,"",1028.2,"",6,-1.0,"",.0,"8",0,"8","85","8","8","","9","","","/","","","/","","",0,"8",.0,"8",.0,"8","","8",0,"8","","",.0,"8",.0,"8",.0,"8",.0,"8",.0,"8",.0,"8",.0,"8",.0,"8",.0,"8",0,"8",0,"8",0,"8","","",0,"8",0,"8"
"352190360","P£OCK","2006","02","06","14","1","",0,"8",0,"8","","","",5,"",0,"8",0,"8",8,"",210,"",3,"",0,"",-9.6,"",.0,"8","U","",2.7,"",91,"",-10.8,"",1013.4,"",1027.8,"",7,-1.0,"",.0,"8",0,"8","26","2","8","","6","","","/","","","/","","",0,"8",.0,"8",.0,"8","","8",0,"8","","",.0,"8",.0,"8",.0,"8",.0,"8",.0,"8",.0,"8",.0,"8",.0,"8",.0,"8",0,"8",0,"8",0,"8","","",0,"8",0,"8"
"352190360","P£OCK","2006","02","06","15","2","",0,"8",0,"8","","","",5,"",0,"8",0,"8",8,"",210,"",4,"",0,"",-9.0,"",.0,"8","U","",2.8,"",91,"",-10.2,"",1012.7,"",1027.0,"",8,-1.3,"",.0,"8",0,"8","10","8","8","","6","","","/","","","/","","",0,"8",.0,"8",.0,"8","","8",0,"8","","",.0,"8",.0,"8",.0,"8",.0,"8",.0,"8",.0,"8",.0,"8",.0,"8",.0,"8",0,"8",0,"8",0,"8","","",0,"8",0,"8"
"352190360","P£OCK","2006","02","06","16","2","",0,"8",0,"8","","","",5,"",0,"8",0,"8",8,"",210,"",3,"",0,"",-8.7,"",.0,"8","U","",2.9,"",91,"",-9.9,"",1012.2,"",1026.5,"",7,-1.6,"",.0,"8",0,"8","10","2","8","","6","","","/","","","/","","",0,"8",.0,"8",.0,"8","","8",0,"8","","",.0,"8",.0,"8",.0,"8",.0,"8",.0,"8",.0,"8",.0,"8",.0,"8",.0,"8",0,"8",0,"8",0,"8","","",0,"8",0,"8"
"352190360","P£OCK","2006","02","06","17","4","",0,"8",0,"8","","","",5,"",0,"8",0,"8",8,"",190,"",2,"",0,"",-8.7,"",.0,"8","U","",2.9,"",91,"",-9.9,"",1011.8,"",1026.1,"",6,-1.6,"",.0,"8",0,"8","10","2","8","","5","","","/","","","/","","",0,"8",.0,"8",.0,"8","","8",0,"8","","",.0,"8",.0,"8",.0,"8",.0,"8",.0,"8",.0,"8",.0,"8",.0,"8",.0,"8",0,"8",0,"8",0,"8","","",0,"8",0,"8"
"352190360","P£OCK","2006","02","06","18","2","",0,"8",0,"8","","","",5,"",0,"8",0,"8",7,"",220,"",4,"",0,"",-8.9,"",.0,"8","U","",2.8,"",91,"",-10.1,"",1011.1,"",1025.4,"",7,-1.6,"",.0,"",7,"","10","8","7","","6","","","/","","","/","","",18,"",.0,"8",.0,"8","","8",0,"8","","",.0,"8",.0,"8",.0,"8",.0,"8",.0,"8",.0,"8",.0,"8",.0,"8",.0,"8",0,"8",0,"8",0,"8","","",0,"8",0,"8"
"352190360","P£OCK","2006","02","06","19","2","",0,"8",0,"8","","","",6,"",0,"8",0,"8",8,"",200,"",3,"",0,"",-8.9,"",.0,"8","U","",2.8,"",91,"",-10.1,"",1010.2,"",1024.5,"",8,-2.0,"",.0,"8",0,"8","10","2","8","","6","","","/","","","/","","",0,"8",.0,"8",.0,"8","","8",0,"8","","",.0,"8",.0,"8",.0,"8",.0,"8",.0,"8",.0,"8",.0,"8",.0,"8",.0,"8",0,"8",0,"8",0,"8","","",0,"8",0,"8"
"352190360","P£OCK","2006","02","06","20","2","",0,"8",0,"8","","","",6,"",0,"8",0,"8",8,"",190,"",3,"",0,"",-9.7,"",.0,"8","U","",2.6,"",90,"",-11.0,"",1009.4,"",1023.7,"",7,-2.4,"",.0,"8",0,"8","10","2","8","","6","","","/","","","/","","",0,"8",.0,"8",.0,"8","","8",0,"8","","",.0,"8",.0,"8",.0,"8",.0,"8",.0,"8",.0,"8",.0,"8",.0,"8",.0,"8",0,"8",0,"8",0,"8","","",0,"8",0,"8"
"352190360","P£OCK","2006","02","06","21","2","",0,"8",0,"8","","","",6,"",0,"8",0,"8",8,"",180,"",2,"",0,"",-10.2,"",.0,"8","U","",2.5,"",90,"",-11.5,"",1008.2,"",1022.5,"",7,-2.9,"",.0,"8",0,"8","10","2","8","","6","","","/","","","/","","",0,"8",.0,"8",.0,"8","","8",0,"8","","",.0,"8",.0,"8",.0,"8",.0,"8",.0,"8",.0,"8",.0,"8",.0,"8",.0,"8",0,"8",0,"8",0,"8","","",0,"8",0,"8"
"352190360","P£OCK","2006","02","06","22","2","",0,"8",0,"8","","","",6,"",0,"8",0,"8",6,"",180,"",3,"",0,"",-10.2,"",.0,"8","U","",2.5,"",89,"",-11.7,"",1007.0,"",1021.3,"",8,-3.2,"",.0,"8",0,"8","10","2","6","","6","","","0","","","0","","",0,"8",.0,"8",.0,"8","","8",0,"8","","",.0,"8",.0,"8",.0,"8",.0,"8",.0,"8",.0,"8",.0,"8",.0,"8",.0,"8",0,"8",0,"8",0,"8","","",0,"8",0,"8"
"352190360","P£OCK","2006","02","06","23","9","",0,"8",0,"8","","","",6,"",0,"8",0,"8",0,"",180,"",4,"",0,"",-10.0,"",.0,"8","U","",2.6,"",89,"",-11.5,"",1005.4,"",1019.7,"",8,-4.0,"",.0,"8",0,"8","10","1","0","","0","","","0","","","0","","",0,"8",.0,"8",.0,"8","","8",0,"8","","",.0,"8",.0,"8",.0,"8",.0,"8",.0,"8",.0,"8",.0,"8",.0,"8",.0,"8",0,"8",0,"8",0,"8","","",0,"8",0,"8"
"352190360","P£OCK","2006","02","07","00","6","",0,"8",0,"8","","","",6,"",0,"8",0,"8",7,"",180,"",4,"",0,"",-9.4,"",.0,"8","U","",2.6,"",88,"",-11.0,"",1003.4,"",1017.6,"",8,-4.8,"",.0,"9",0,"9","10","1","7","","5","","","/","","","/","","",18,"",.0,"8",.0,"8","","8",0,"8","","",.0,"8",.0,"8",.0,"8",.0,"8",.0,"8",.0,"8",.0,"8",.0,"8",.0,"8",0,"8",0,"8",0,"8","","",0,"8",0,"8"
"352190360","P£OCK","2006","02","07","01","5","",0,"8",0,"8","","","",6,"",0,"8",0,"8",8,"",190,"",4,"",0,"",-8.7,"",.0,"8","U","",2.7,"",86,"",-10.6,"",1001.6,"",1015.8,"",7,-5.4,"",.0,"8",0,"8","71","2","8","","5","","","/","","","/","","",0,"8",.0,"8",.0,"8","","8",0,"8","","",.0,"8",.0,"8",.0,"8",.0,"8",.0,"8",.0,"8",.0,"8",.0,"8",.0,"8",0,"8",0,"8",0,"8","","",0,"8",0,"8"
"352190360","P£OCK","2006","02","07","02","4","",0,"8",0,"8","","","",5,"",0,"8",0,"8",8,"",180,"",5,"",0,"",-8.0,"",.0,"8","U","",3.0,"",89,"",-9.5,"",999.4,"",1013.5,"",7,-6.0,"",.0,"8",0,"8","71","7","8","","5","","","/","","","/","","",0,"8",.0,"8",.0,"8","","8",0,"8","","",.0,"8",.0,"8",.0,"8",.0,"8",.0,"8",.0,"8",.0,"8",.0,"8",.0,"8",0,"8",0,"8",0,"8","","",0,"8",0,"8"
"352190360","P£OCK","2006","02","07","03","4","",0,"8",0,"8","","","",4,"",0,"8",0,"8",8,"",190,"",6,"",0,"",-7.4,"",.0,"8","U","",3.1,"",89,"",-8.9,"",997.2,"",1011.2,"",8,-6.2,"",.0,"8",0,"8","73","7","6","","5","","","2","","","/","","",0,"8",.0,"8",.0,"8","","8",0,"8","","",.0,"8",.0,"8",.0,"8",.0,"8",.0,"8",.0,"8",.0,"8",.0,"8",.0,"8",0,"8",0,"8",0,"8","","",0,"8",0,"8"
"352190360","P£OCK","2006","02","07","04","4","",0,"8",0,"8","","","",4,"",0,"8",0,"8",8,"",190,"",6,"",0,"",-6.9,"",.0,"8","U","",3.3,"",90,"",-8.3,"",995.5,"",1009.5,"",6,-6.1,"",.0,"8",0,"8","73","7","6","","5","","","2","","","/","","",0,"8",.0,"8",.0,"8","","8",0,"8","","",.0,"8",.0,"8",.0,"8",.0,"8",.0,"8",.0,"8",.0,"8",.0,"8",.0,"8",0,"8",0,"8",0,"8","","",0,"8",0,"8"
"352190360","P£OCK","2006","02","07","05","4","",0,"8",0,"8","","","",4,"",0,"8",0,"8",8,"",200,"",8,"",0,"",-6.1,"",.0,"8","U","",3.4,"",88,"",-7.8,"",993.7,"",1007.6,"",7,-5.7,"",.0,"8",0,"8","73","7","6","","5","","","2","","","/","","",0,"8",.0,"8",.0,"8","","8",0,"8","","",.0,"8",.0,"8",.0,"8",.0,"8",.0,"8",.0,"8",.0,"8",.0,"8",.0,"8",0,"8",0,"8",0,"8","","",0,"8",0,"8"
"352190360","P£OCK","2006","02","07","06","4","",0,"8",0,"8","","","",4,"",0,"8",0,"8",8,"",200,"",6,"",0,"",-5.4,"",.0,"8","U","",3.8,"",92,"",-6.5,"",992.1,"",1006.0,"",7,-5.1,"",3.1,"",7,"","73","7","6","","5","","","2","","","/","","",18,"",.0,"8",.0,"8","","8",0,"8","","",.0,"8",.0,"8",.0,"8",.0,"8",.0,"8",.0,"8",.0,"8",.0,"8",.0,"8",0,"8",0,"8",0,"8","","",0,"8",0,"8"
"352190360","P£OCK","2006","02","07","07","4","",0,"8",0,"8","","","",4,"",0,"8",0,"8",8,"",210,"",6,"",0,"",-4.1,"",.0,"8","U","",4.2,"",93,"",-5.1,"",990.8,"",1004.6,"",6,-4.7,"",.0,"8",0,"8","73","7","6","","5","","","2","","","/","","",0,"8",.0,"8",.0,"8","","8",0,"8","","",.0,"8",.0,"8",.0,"8",.0,"8",.0,"8",.0,"8",.0,"8",.0,"8",.0,"8",0,"8",0,"8",0,"8","","",0,"8",0,"8"
"352190360","P£OCK","2006","02","07","08","3","",0,"8",0,"8","","","",5,"",0,"8",0,"8",8,"",220,"",7,"",0,"",-2.8,"",.0,"8","U","",4.6,"",93,"",-3.8,"",989.9,"",1003.6,"",6,-3.8,"",.0,"8",0,"8","71","7","6","","7","","","2","","","/","","",0,"8",.0,"8",.0,"8","","8",0,"8","","",.0,"8",.0,"8",.0,"8",.0,"8",.0,"8",.0,"8",.0,"8",.0,"8",.0,"8",0,"8",0,"8",0,"8","","",0,"8",0,"8"
"352190360","P£OCK","2006","02","07","09","2","",0,"8",0,"8","","","",5,"",0,"8",0,"8",8,"",220,"",6,"",0,"",-1.6,"",.0,"8","U","",5.1,"",94,"",-2.4,"",989.5,"",1003.1,"",6,-2.6,"",.0,"8",0,"8","77","7","8","","6","","","/","","","/","","",0,"8",.0,"8",.0,"8","","8",0,"8","","",.0,"8",.0,"8",.0,"8",.0,"8",.0,"8",.0,"8",.0,"8",.0,"8",.0,"8",0,"8",0,"8",0,"8","","",0,"8",0,"8"
"352190360","P£OCK","2006","02","07","10","2","",0,"8",0,"8","","","",5,"",0,"8",0,"8",8,"",220,"",6,"",0,"",-.8,"",.0,"8","U","",5.4,"",94,"",-1.6,"",988.9,"",1002.5,"",7,-1.9,"",.0,"8",0,"8","77","7","8","","6","","","/","","","/","","",0,"8",.0,"8",.0,"8","","8",0,"8","","",.0,"8",.0,"8",.0,"8",.0,"8",.0,"8",.0,"8",.0,"8",.0,"8",.0,"8",0,"8",0,"8",0,"8","","",0,"8",0,"8"
"352190360","P£OCK","2006","02","07","11","2","",0,"8",0,"8","","","",5,"",0,"8",0,"8",8,"",230,"",6,"",0,"",.7,"",.0,"8","U","",6.1,"",95,"",.0,"",988.4,"",1001.9,"",7,-1.5,"",.0,"8",0,"8","77","7","8","","6","","","/","","","/","","",0,"8",.0,"8",.0,"8","","8",0,"8","","",.0,"8",.0,"8",.0,"8",.0,"8",.0,"8",.0,"8",.0,"8",.0,"8",.0,"8",0,"8",0,"8",0,"8","","",0,"8",0,"8"
"352190360","P£OCK","2006","02","07","12","2","",0,"8",0,"8","","","",6,"",0,"8",0,"8",8,"",230,"",7,"",0,"",1.4,"",.0,"8","U","",6.4,"",94,"",.5,"",987.9,"",1001.4,"",7,-1.6,"",.9,"",7,"","10","7","8","","6","","","/","","","/","","",14,"",.0,"8",.0,"8","","8",0,"8","","",.0,"8",.0,"8",.0,"8",.0,"8",.0,"8",.0,"8",.0,"8",.0,"8",.0,"8",0,"8",0,"8",0,"8","","",0,"8",0,"8"
"352190360","P£OCK","2006","02","07","13","2","",0,"8",0,"8","","","",6,"",0,"8",0,"8",8,"",240,"",6,"",0,"",1.8,"",.0,"8","U","",6.5,"",94,"",.9,"",987.5,"",1000.9,"",7,-1.4,"",.0,"8",0,"8","61","6","6","","7","","","2","","","/","","",0,"8",.0,"8",.0,"8","","8",0,"8","","",.0,"8",.0,"8",.0,"8",.0,"8",.0,"8",.0,"8",.0,"8",.0,"8",.0,"8",0,"8",0,"8",0,"8","","",0,"8",0,"8"
"352190360","P£OCK","2006","02","07","14","2","",0,"8",0,"8","","","",6,"",0,"8",0,"8",8,"",250,"",8,"",0,"",2.3,"",.0,"8","U","",6.7,"",93,"",1.3,"",987.6,"",1001.0,"",5,-.8,"",.0,"8",0,"8","61","6","6","","7","","","2","","","/","","",0,"8",.0,"8",.0,"8","","8",0,"8","","",.0,"8",.0,"8",.0,"8",.0,"8",.0,"8",.0,"8",.0,"8",.0,"8",.0,"8",0,"8",0,"8",0,"8","","",0,"8",0,"8"
"352190360","P£OCK","2006","02","07","15","2","",0,"8",0,"8","","","",5,"",0,"8",0,"8",8,"",240,"",6,"",0,"",1.8,"",.0,"8","U","",6.5,"",93,"",.8,"",987.7,"",1001.1,"",5,-.2,"",.0,"8",0,"8","21","6","8","","6","","","/","","","/","","",0,"8",.0,"8",.0,"8","","8",0,"8","","",.0,"8",.0,"8",.0,"8",.0,"8",.0,"8",.0,"8",.0,"8",.0,"8",.0,"8",0,"8",0,"8",0,"8","","",0,"8",0,"8"
"352190360","P£OCK","2006","02","07","16","2","",0,"8",0,"8","","","",5,"",0,"8",0,"8",8,"",260,"",4,"",0,"",2.0,"",.0,"8","U","",6.6,"",94,"",1.1,"",988.1,"",1001.5,"",3,.6,"",.0,"8",0,"8","51","5","8","","6","","","/","","","/","","",0,"8",.0,"8",.0,"8","","8",0,"8","","",.0,"8",.0,"8",.0,"8",.0,"8",.0,"8",.0,"8",.0,"8",.0,"8",.0,"8",0,"8",0,"8",0,"8","","",0,"8",0,"8"
"352190360","P£OCK","2006","02","07","17","2","",0,"8",0,"8","","","",6,"",0,"8",0,"8",8,"",260,"",4,"",0,"",2.3,"",.0,"8","U","",6.7,"",93,"",1.3,"",988.2,"",1001.6,"",2,.6,"",.0,"8",0,"8","61","6","6","","7","","","2","","","/","","",0,"8",.0,"8",.0,"8","","8",0,"8","","",.0,"8",.0,"8",.0,"8",.0,"8",.0,"8",.0,"8",.0,"8",.0,"8",.0,"8",0,"8",0,"8",0,"8","","",0,"8",0,"8"
"352190360","P£OCK","2006","02","07","18","2","",0,"8",0,"8","","","",6,"",0,"8",0,"8",8,"",260,"",4,"",0,"",2.2,"",.0,"8","U","",6.7,"",94,"",1.3,"",988.4,"",1001.8,"",2,.7,"",.2,"",6,"","61","6","6","","7","","","2","","","/","","",14,"",.0,"8",.0,"8","","8",0,"8","","",.0,"8",.0,"8",.0,"8",.0,"8",.0,"8",.0,"8",.0,"8",.0,"8",.0,"8",0,"8",0,"8",0,"8","","",0,"8",0,"8"
"352190360","P£OCK","2006","02","07","19","2","",0,"8",0,"8","","","",5,"",0,"8",0,"8",8,"",270,"",6,"",0,"",2.4,"",.0,"8","U","",6.7,"",92,"",1.2,"",988.5,"",1001.9,"",2,.4,"",.0,"8",0,"8","61","6","6","","7","","","2","","","/","","",0,"8",.0,"8",.0,"8","","8",0,"8","","",.0,"8",.0,"8",.0,"8",.0,"8",.0,"8",.0,"8",.0,"8",.0,"8",.0,"8",0,"8",0,"8",0,"8","","",0,"8",0,"8"
"352190360","P£OCK","2006","02","07","20","2","",0,"8",0,"8","","","",5,"",0,"8",0,"8",8,"",280,"",4,"",0,"",1.8,"",.0,"8","U","",6.5,"",94,"",.9,"",988.9,"",1002.4,"",2,.7,"",.0,"8",0,"8","61","6","7","","7","","","/","","","/","","",0,"8",.0,"8",.0,"8","","8",0,"8","","",.0,"8",.0,"8",.0,"8",.0,"8",.0,"8",.0,"8",.0,"8",.0,"8",.0,"8",0,"8",0,"8",0,"8","","",0,"8",0,"8"
"352190360","P£OCK","2006","02","07","21","3","",0,"8",0,"8","","","",5,"",0,"8",0,"8",8,"",280,"",4,"",0,"",1.6,"",.0,"8","U","",6.5,"",95,"",.9,"",989.2,"",1002.7,"",2,.8,"",.0,"8",0,"8","21","6","8","","5","","","/","","","/","","",0,"8",.0,"8",.0,"8","","8",0,"8","","",.0,"8",.0,"8",.0,"8",.0,"8",.0,"8",.0,"8",.0,"8",.0,"8",.0,"8",0,"8",0,"8",0,"8","","",0,"8",0,"8"
"352190360","P£OCK","2006","02","07","22","3","",0,"8",0,"8","","","",5,"",0,"8",0,"8",8,"",280,"",4,"",0,"",1.3,"",.0,"8","U","",6.4,"",95,"",.6,"",989.4,"",1002.9,"",1,.9,"",.0,"8",0,"8","61","6","8","","7","","","/","","","/","","",0,"8",.0,"8",.0,"8","","8",0,"8","","",.0,"8",.0,"8",.0,"8",.0,"8",.0,"8",.0,"8",.0,"8",.0,"8",.0,"8",0,"8",0,"8",0,"8","","",0,"8",0,"8"
"352190360","P£OCK","2006","02","07","23","3","",0,"8",0,"8","","","",6,"",0,"8",0,"8",8,"",290,"",3,"",0,"",1.1,"",.0,"8","U","",6.3,"",95,"",.4,"",989.5,"",1003.0,"",1,.6,"",.0,"8",0,"8","21","6","8","","6","","","/","","","/","","",0,"8",.0,"8",.0,"8","","8",0,"8","","",.0,"8",.0,"8",.0,"8",.0,"8",.0,"8",.0,"8",.0,"8",.0,"8",.0,"8",0,"8",0,"8",0,"8","","",0,"8",0,"8"
"352190360","P£OCK","2006","02","08","00","3","",0,"8",0,"8","","","",6,"",0,"8",0,"8",8,"",280,"",3,"",0,"",1.0,"",.0,"8","U","",6.2,"",94,"",.1,"",989.7,"",1003.2,"",2,.5,"",.4,"",6,"","10","6","8","","6","","","/","","","/","","",14,"",.0,"8",.0,"8","","8",0,"8","","",.0,"8",.0,"8",.0,"8",.0,"8",.0,"8",.0,"8",.0,"8",.0,"8",.0,"8",0,"8",0,"8",0,"8","","",0,"8",0,"8"
"352190360","P£OCK","2006","02","08","01","4","",0,"8",0,"8","","","",6,"",0,"8",0,"8",8,"",280,"",3,"",0,"",.9,"",.0,"8","U","",6.1,"",94,"",.0,"",989.8,"",1003.3,"",2,.4,"",.0,"8",0,"8","25","2","8","","5","","","/","","","/","","",0,"8",.0,"8",.0,"8","","8",0,"8","","",.0,"8",.0,"8",.0,"8",.0,"8",.0,"8",.0,"8",.0,"8",.0,"8",.0,"8",0,"8",0,"8",0,"8","","",0,"8",0,"8"
"352190360","P£OCK","2006","02","08","02","5","",0,"8",0,"8","","","",6,"",0,"8",0,"8",8,"",270,"",4,"",0,"",.7,"",.0,"8","U","",6.0,"",93,"",-.3,"",989.6,"",1003.1,"",0,.1,"",.0,"8",0,"8","10","2","8","","5","","","/","","","/","","",0,"8",.0,"8",.0,"8","","8",0,"8","","",.0,"8",.0,"8",.0,"8",.0,"8",.0,"8",.0,"8",.0,"8",.0,"8",.0,"8",0,"8",0,"8",0,"8","","",0,"8",0,"8"
"352190360","P£OCK","2006","02","08","03","4","",0,"8",0,"8","","","",6,"",0,"8",0,"8",8,"",280,"",3,"",0,"",.5,"",.0,"8","U","",5.8,"",91,"",-.8,"",989.6,"",1003.1,"",6,-.1,"",.0,"8",0,"8","10","8","8","","5","","","/","","","/","","",0,"8",.0,"8",.0,"8","","8",0,"8","","",.0,"8",.0,"8",.0,"8",.0,"8",.0,"8",.0,"8",.0,"8",.0,"8",.0,"8",0,"8",0,"8",0,"8","","",0,"8",0,"8"
"352190360","P£OCK","2006","02","08","04","4","",0,"8",0,"8","","","",6,"",0,"8",0,"8",8,"",280,"",4,"",0,"",.6,"",.0,"8","U","",5.9,"",92,"",-.6,"",989.4,"",1002.9,"",7,-.4,"",.0,"8",0,"8","83","2","8","","9","","","/","","","/","","",0,"8",.0,"8",.0,"8","","8",0,"8","","",.0,"8",.0,"8",.0,"8",.0,"8",.0,"8",.0,"8",.0,"8",.0,"8",.0,"8",0,"8",0,"8",0,"8","","",0,"8",0,"8"
"352190360","P£OCK","2006","02","08","05","4","",0,"8",0,"8","","","",6,"",0,"8",0,"8",8,"",280,"",3,"",0,"",.5,"",.0,"8","U","",5.9,"",93,"",-.5,"",989.1,"",1002.6,"",8,-.5,"",.0,"8",0,"8","26","8","8","","5","","","/","","","/","","",0,"8",.0,"8",.0,"8","","8",0,"8","","",.0,"8",.0,"8",.0,"8",.0,"8",.0,"8",.0,"8",.0,"8",.0,"8",.0,"8",0,"8",0,"8",0,"8","","",0,"8",0,"8"
"352190360","P£OCK","2006","02","08","06","4","",0,"8",0,"8","","","",6,"",0,"8",0,"8",8,"",280,"",4,"",0,"",.5,"",.0,"8","U","",6.0,"",94,"",-.4,"",989.0,"",1002.5,"",7,-.6,"",.1,"",7,"","85","2","8","","9","","","/","","","/","","",14,"",.0,"8",.0,"8","","8",0,"8","","",.0,"8",.0,"8",.0,"8",.0,"8",.0,"8",.0,"8",.0,"8",.0,"8",.0,"8",0,"8",0,"8",0,"8","","",0,"8",0,"8"
"352190360","P£OCK","2006","02","08","07","3","",0,"8",0,"8","","","",5,"",0,"8",0,"8",8,"",210,"",2,"",0,"",.3,"",.0,"8","U","",5.9,"",94,"",-.6,"",988.9,"",1002.4,"",6,-.5,"",.0,"8",0,"8","80","8","8","","9","","","/","","","/","","",0,"8",.0,"8",.0,"8","","8",0,"8","","",.0,"8",.0,"8",.0,"8",.0,"8",.0,"8",.0,"8",.0,"8",.0,"8",.0,"8",0,"8",0,"8",0,"8","","",0,"8",0,"8"
"352190360","P£OCK","2006","02","08","08","1","",0,"8",0,"8","","","",5,"",0,"8",0,"8",8,"",190,"",2,"",0,"",.5,"",.0,"8","U","",6.0,"",95,"",-.2,"",988.7,"",1002.2,"",7,-.4,"",.0,"8",0,"8","51","8","8","","6","","","/","","","/","","",0,"8",.0,"8",.0,"8","","8",0,"8","","",.0,"8",.0,"8",.0,"8",.0,"8",.0,"8",.0,"8",.0,"8",.0,"8",.0,"8",0,"8",0,"8",0,"8","","",0,"8",0,"8"
"352190360","P£OCK","2006","02","08","09","1","",0,"8",0,"8","","","",5,"",0,"8",0,"8",8,"",180,"",3,"",0,"",.8,"",.0,"8","U","",6.2,"",95,"",.1,"",988.4,"",1001.9,"",8,-.6,"",.0,"8",0,"8","51","8","8","","6","","","/","","","/","","",0,"8",.0,"8",.0,"8","","8",0,"8","","",.0,"8",.0,"8",.0,"8",.0,"8",.0,"8",.0,"8",.0,"8",.0,"8",.0,"8",0,"8",0,"8",0,"8","","",0,"8",0,"8"
"352190360","P£OCK","2006","02","08","10","1","",0,"8",0,"8","","","",4,"",0,"8",0,"8",8,"",160,"",3,"",0,"",.9,"",.0,"8","U","",6.3,"",96,"",.3,"",987.9,"",1001.4,"",8,-1.0,"",.0,"8",0,"8","51","5","8","","6","","","/","","","/","","",0,"8",.0,"8",.0,"8","","8",0,"8","","",.0,"8",.0,"8",.0,"8",.0,"8",.0,"8",.0,"8",.0,"8",.0,"8",.0,"8",0,"8",0,"8",0,"8","","",0,"8",0,"8"
"352190360","P£OCK","2006","02","08","11","2","",0,"8",0,"8","","","",3,"",0,"8",0,"8",8,"",150,"",3,"",0,"",1.2,"",.0,"8","U","",6.4,"",96,"",.6,"",987.1,"",1000.6,"",8,-1.6,"",.0,"8",0,"8","51","5","8","","6","","","/","","","/","","",0,"8",.0,"8",.0,"8","","8",0,"8","","",.0,"8",.0,"8",.0,"8",.0,"8",.0,"8",.0,"8",.0,"8",.0,"8",.0,"8",0,"8",0,"8",0,"8","","",0,"8",0,"8"
"352190360","P£OCK","2006","02","08","12","2","",0,"8",0,"8","","","",4,"",0,"8",0,"8",8,"",180,"",3,"",0,"",1.7,"",.0,"8","U","",6.6,"",96,"",1.1,"",986.5,"",999.9,"",7,-1.9,"",.1,"",7,"","61","8","8","","7","","","/","","","/","","",14,"",.0,"8",.0,"8","","8",0,"8","","",.0,"8",.0,"8",.0,"8",.0,"8",.0,"8",.0,"8",.0,"8",.0,"8",.0,"8",0,"8",0,"8",0,"8","","",0,"8",0,"8"
"352190360","P£OCK","2006","02","08","13","2","",0,"8",0,"8","","","",6,"",0,"8",0,"8",8,"",220,"",4,"",0,"",1.3,"",.0,"8","U","",6.4,"",96,"",.7,"",986.0,"",999.4,"",6,-1.9,"",.0,"8",0,"8","61","6","6","","7","","","2","","","/","","",0,"8",.0,"8",.0,"8","","8",0,"8","","",.0,"8",.0,"8",.0,"8",.0,"8",.0,"8",.0,"8",.0,"8",.0,"8",.0,"8",0,"8",0,"8",0,"8","","",0,"8",0,"8"
"352190360","P£OCK","2006","02","08","14","2","",0,"8",0,"8","","","",6,"",0,"8",0,"8",8,"",190,"",3,"",0,"",1.1,"",.0,"8","U","",6.2,"",94,"",.2,"",985.7,"",999.1,"",6,-1.4,"",.0,"8",0,"8","68","6","6","","7","","","2","","","/","","",0,"8",.0,"8",.0,"8","","8",0,"8","","",.0,"8",.0,"8",.0,"8",.0,"8",.0,"8",.0,"8",.0,"8",.0,"8",.0,"8",0,"8",0,"8",0,"8","","",0,"8",0,"8"
"352190360","P£OCK","2006","02","08","15","2","",0,"8",0,"8","","","",5,"",0,"8",0,"8",8,"",190,"",3,"",0,"",.8,"",.0,"8","U","",6.2,"",95,"",.1,"",985.3,"",998.8,"",7,-1.2,"",.0,"8",0,"8","68","6","6","","7","","","2","","","/","","",0,"8",.0,"8",.0,"8","","8",0,"8","","",.0,"8",.0,"8",.0,"8",.0,"8",.0,"8",.0,"8",.0,"8",.0,"8",.0,"8",0,"8",0,"8",0,"8","","",0,"8",0,"8"
"352190360","P£OCK","2006","02","08","16","2","",0,"8",0,"8","","","",5,"",0,"8",0,"8",8,"",180,"",3,"",0,"",1.2,"",.0,"8","U","",6.3,"",95,"",.5,"",985.1,"",998.5,"",7,-.9,"",.0,"8",0,"8","51","7","8","","6","","","/","","","/","","",0,"8",.0,"8",.0,"8","","8",0,"8","","",.0,"8",.0,"8",.0,"8",.0,"8",.0,"8",.0,"8",.0,"8",.0,"8",.0,"8",0,"8",0,"8",0,"8","","",0,"8",0,"8"
"352190360","P£OCK","2006","02","08","17","2","",0,"8",0,"8","","","",5,"",0,"8",0,"8",8,"",180,"",3,"",0,"",1.4,"",.0,"8","U","",6.4,"",95,"",.7,"",985.0,"",998.4,"",6,-.7,"",.0,"8",0,"8","20","2","8","","6","","","/","","","/","","",0,"8",.0,"8",.0,"8","","8",0,"8","","",.0,"8",.0,"8",.0,"8",.0,"8",.0,"8",.0,"8",.0,"8",.0,"8",.0,"8",0,"8",0,"8",0,"8","","",0,"8",0,"8"
"352190360","P£OCK","2006","02","08","18","2","",0,"8",0,"8","","","",6,"",0,"8",0,"8",8,"",180,"",4,"",0,"",1.6,"",.0,"8","U","",6.4,"",93,"",.6,"",984.7,"",998.1,"",7,-.6,"",1.5,"",7,"","80","7","8","","9","","","/","","","/","","",14,"",.0,"8",.0,"8","","8",0,"8","","",.0,"8",.0,"8",.0,"8",.0,"8",.0,"8",.0,"8",.0,"8",.0,"8",.0,"8",0,"8",0,"8",0,"8","","",0,"8",0,"8"
"352190360","P£OCK","2006","02","08","19","2","",0,"8",0,"8","","","",6,"",0,"8",0,"8",8,"",170,"",3,"",0,"",1.6,"",.0,"8","U","",6.4,"",94,"",.7,"",984.3,"",997.7,"",8,-.8,"",.0,"8",0,"8","61","8","6","","7","","","2","","","/","","",0,"8",.0,"8",.0,"8","","8",0,"8","","",.0,"8",.0,"8",.0,"8",.0,"8",.0,"8",.0,"8",.0,"8",.0,"8",.0,"8",0,"8",0,"8",0,"8","","",0,"8",0,"8"
"352190360","P£OCK","2006","02","08","20","2","",0,"8",0,"8","","","",6,"",0,"8",0,"8",8,"",180,"",4,"",0,"",1.4,"",.0,"8","U","",6.4,"",94,"",.5,"",984.0,"",997.4,"",7,-1.0,"",.0,"8",0,"8","61","6","6","","7","","","2","","","/","","",0,"8",.0,"8",.0,"8","","8",0,"8","","",.0,"8",.0,"8",.0,"8",.0,"8",.0,"8",.0,"8",.0,"8",.0,"8",.0,"8",0,"8",0,"8",0,"8","","",0,"8",0,"8"
"352190360","P£OCK","2006","02","08","21","2","",0,"8",0,"8","","","",6,"",0,"8",0,"8",8,"",180,"",4,"",0,"",1.4,"",.0,"8","U","",6.4,"",94,"",.5,"",983.9,"",997.3,"",6,-.8,"",.0,"8",0,"8","61","8","6","","7","","","2","","","/","","",0,"8",.0,"8",.0,"8","","8",0,"8","","",.0,"8",.0,"8",.0,"8",.0,"8",.0,"8",.0,"8",.0,"8",.0,"8",.0,"8",0,"8",0,"8",0,"8","","",0,"8",0,"8"
"352190360","P£OCK","2006","02","08","22","2","",0,"8",0,"8","","","",5,"",0,"8",0,"8",8,"",190,"",3,"",0,"",1.3,"",.0,"8","U","",6.3,"",94,"",.4,"",983.6,"",997.0,"",7,-.7,"",.0,"8",0,"8","61","6","6","","7","","","2","","","/","","",0,"8",.0,"8",.0,"8","","8",0,"8","","",.0,"8",.0,"8",.0,"8",.0,"8",.0,"8",.0,"8",.0,"8",.0,"8",.0,"8",0,"8",0,"8",0,"8","","",0,"8",0,"8"
"352190360","P£OCK","2006","02","08","23","2","",0,"8",0,"8","","","",5,"",0,"8",0,"8",8,"",190,"",3,"",0,"",1.0,"",.0,"8","U","",6.2,"",94,"",.1,"",983.2,"",996.6,"",8,-.8,"",.0,"8",0,"8","61","6","6","","7","","","2","","","/","","",0,"8",.0,"8",.0,"8","","8",0,"8","","",.0,"8",.0,"8",.0,"8",.0,"8",.0,"8",.0,"8",.0,"8",.0,"8",.0,"8",0,"8",0,"8",0,"8","","",0,"8",0,"8"
"352190360","P£OCK","2006","02","09","00","2","",0,"8",0,"8","","","",5,"",0,"8",0,"8",8,"",200,"",4,"",0,"",.9,"",.0,"8","U","",6.2,"",95,"",.2,"",983.0,"",996.4,"",7,-.9,"",.9,"",6,"","61","8","6","","7","","","2","","","/","","",14,"",.0,"8",.0,"8","","8",0,"8","","",.0,"8",.0,"8",.0,"8",.0,"8",.0,"8",.0,"8",.0,"8",.0,"8",.0,"8",0,"8",0,"8",0,"8","","",0,"8",0,"8"
"352190360","P£OCK","2006","02","09","01","2","",0,"8",0,"8","","","",5,"",0,"8",0,"8",8,"",210,"",4,"",0,"",.8,"",.0,"8","U","",6.2,"",95,"",.1,"",983.0,"",996.4,"",6,-.6,"",.0,"8",0,"8","61","6","6","","7","","","2","","","/","","",0,"8",.0,"8",.0,"8","","8",0,"8","","",.0,"8",.0,"8",.0,"8",.0,"8",.0,"8",.0,"8",.0,"8",.0,"8",.0,"8",0,"8",0,"8",0,"8","","",0,"8",0,"8"
"352190360","P£OCK","2006","02","09","02","2","",0,"8",0,"8","","","",5,"",0,"8",0,"8",8,"",200,"",4,"",0,"",.9,"",.0,"8","U","",6.2,"",95,"",.2,"",983.2,"",996.6,"",5,.0,"",.0,"8",0,"8","21","6","8","","6","","","/","","","/","","",0,"8",.0,"8",.0,"8","","8",0,"8","","",.0,"8",.0,"8",.0,"8",.0,"8",.0,"8",.0,"8",.0,"8",.0,"8",.0,"8",0,"8",0,"8",0,"8","","",0,"8",0,"8"
"352190360","P£OCK","2006","02","09","03","2","",0,"8",0,"8","","","",6,"",0,"8",0,"8",8,"",210,"",4,"",0,"",1.1,"",.0,"8","U","",6.3,"",95,"",.4,"",983.2,"",996.6,"",1,.2,"",.0,"8",0,"8","10","6","8","","5","","","/","","","/","","",0,"8",.0,"8",.0,"8","","8",0,"8","","",.0,"8",.0,"8",.0,"8",.0,"8",.0,"8",.0,"8",.0,"8",.0,"8",.0,"8",0,"8",0,"8",0,"8","","",0,"8",0,"8"
"352190360","P£OCK","2006","02","09","04","2","",0,"8",0,"8","","","",6,"",0,"8",0,"8",8,"",200,"",4,"",0,"",1.3,"",.0,"8","U","",6.3,"",94,"",.4,"",983.2,"",996.6,"",1,.2,"",.0,"8",0,"8","10","2","8","","5","","","/","","","/","","",0,"8",.0,"8",.0,"8","","8",0,"8","","",.0,"8",.0,"8",.0,"8",.0,"8",.0,"8",.0,"8",.0,"8",.0,"8",.0,"8",0,"8",0,"8",0,"8","","",0,"8",0,"8"
"352190360","P£OCK","2006","02","09","05","2","",0,"8",0,"8","","","",6,"",0,"8",0,"8",8,"",200,"",4,"",0,"",1.3,"",.0,"8","U","",6.2,"",92,"",.1,"",983.3,"",996.7,"",3,.1,"",.0,"8",0,"8","10","2","8","","5","","","/","","","/","","",0,"8",.0,"8",.0,"8","","8",0,"8","","",.0,"8",.0,"8",.0,"8",.0,"8",.0,"8",.0,"8",.0,"8",.0,"8",.0,"8",0,"8",0,"8",0,"8","","",0,"8",0,"8"
"352190360","P£OCK","2006","02","09","06","4","",0,"8",0,"8","","","",6,"",0,"8",0,"8",7,"",190,"",5,"",0,"",1.6,"",.0,"8","U","",6.2,"",90,"",.1,"",983.6,"",997.0,"",3,.4,"",.4,"",6,"","10","6","7","","5","","","/","","","/","","",14,"",.0,"8",.0,"8","","8",0,"8","","",.0,"8",.0,"8",.0,"8",.0,"8",.0,"8",.0,"8",.0,"8",.0,"8",.0,"8",0,"8",0,"8",0,"8","","",0,"8",0,"8"
"352190360","P£OCK","2006","02","09","07","5","",0,"8",0,"8","","","",6,"",0,"8",0,"8",8,"",190,"",5,"",0,"",1.5,"",.0,"8","U","",6.1,"",90,"",.0,"",983.8,"",997.2,"",2,.6,"",.0,"8",0,"8","10","2","8","","5","","","/","","","/","","",0,"8",.0,"8",.0,"8","","8",0,"8","","",.0,"8",.0,"8",.0,"8",.0,"8",.0,"8",.0,"8",.0,"8",.0,"8",.0,"8",0,"8",0,"8",0,"8","","",0,"8",0,"8"
"352190360","P£OCK","2006","02","09","08","5","",0,"8",0,"8","","","",7,"",0,"8",0,"8",8,"",190,"",6,"",0,"",1.8,"",.0,"8","U","",6.1,"",87,"",-.1,"",984.0,"",997.4,"",2,.7,"",.0,"8",0,"8","02","2","8","","5","","","/","","","/","","",0,"8",.0,"8",.0,"8","","8",0,"8","","",.0,"8",.0,"8",.0,"8",.0,"8",.0,"8",.0,"8",.0,"8",.0,"8",.0,"8",0,"8",0,"8",0,"8","","",0,"8",0,"8"
"352190360","P£OCK","2006","02","09","09","4","",0,"8",0,"8","","","",7,"",0,"8",0,"8",8,"",190,"",5,"",0,"",1.9,"",.0,"8","U","",6.0,"",86,"",-.2,"",984.3,"",997.7,"",2,.7,"",.0,"8",0,"8","03","2","8","","5","","","/","","","/","","",0,"8",.0,"8",.0,"8","","8",0,"8","","",.0,"8",.0,"8",.0,"8",.0,"8",.0,"8",.0,"8",.0,"8",.0,"8",.0,"8",0,"8",0,"8",0,"8","","",0,"8",0,"8"
"352190360","P£OCK","2006","02","09","10","3","",0,"8",0,"8","","","",6,"",0,"8",0,"8",8,"",200,"",5,"",0,"",1.4,"",.0,"8","U","",6.1,"",90,"",-.1,"",984.7,"",998.1,"",3,.9,"",.0,"8",0,"8","61","6","6","","7","","","2","","","/","","",0,"8",.0,"8",.0,"8","","8",0,"8","","",.0,"8",.0,"8",.0,"8",.0,"8",.0,"8",.0,"8",.0,"8",.0,"8",.0,"8",0,"8",0,"8",0,"8","","",0,"8",0,"8"
"352190360","P£OCK","2006","02","09","11","3","",0,"8",0,"8","","","",6,"",0,"8",0,"8",8,"",210,"",5,"",0,"",1.4,"",.0,"8","U","",6.2,"",91,"",.1,"",984.9,"",998.3,"",2,.9,"",.0,"8",0,"8","61","7","6","","7","","","2","","","/","","",0,"8",.0,"8",.0,"8","","8",0,"8","","",.0,"8",.0,"8",.0,"8",.0,"8",.0,"8",.0,"8",.0,"8",.0,"8",.0,"8",0,"8",0,"8",0,"8","","",0,"8",0,"8"
"352190360","P£OCK","2006","02","09","12","4","",0,"8",0,"8","","","",6,"",0,"8",0,"8",8,"",210,"",5,"",0,"",1.5,"",.0,"8","U","",6.2,"",91,"",.2,"",985.2,"",998.6,"",2,.9,"",.5,"",7,"","61","7","6","","5","","","2","","","/","","",14,"",.0,"8",.0,"8","","8",0,"8","","",.0,"8",.0,"8",.0,"8",.0,"8",.0,"8",.0,"8",.0,"8",.0,"8",.0,"8",0,"8",0,"8",0,"8","","",0,"8",0,"8"
"352190360","P£OCK","2006","02","09","13","5","",0,"8",0,"8","","","",7,"",0,"8",0,"8",7,"",220,"",5,"",0,"",2.4,"",.0,"8","U","",6.0,"",83,"",-.2,"",985.5,"",998.9,"",2,.8,"",.0,"8",0,"8","21","2","7","","5","","","/","","","/","","",0,"8",.0,"8",.0,"8","","8",0,"8","","",.0,"8",.0,"8",.0,"8",.0,"8",.0,"8",.0,"8",.0,"8",.0,"8",.0,"8",0,"8",0,"8",0,"8","","",0,"8",0,"8"
"352190360","P£OCK","2006","02","09","14","6","",0,"8",0,"8","","","",8,"",0,"8",0,"8",7,"",210,"",4,"",0,"",2.2,"",.0,"8","U","",5.7,"",80,"",-.9,"",986.1,"",999.5,"",3,1.2,"",.0,"8",0,"8","02","2","7","","5","","","/","","","/","","",0,"8",.0,"8",.0,"8","","8",0,"8","","",.0,"8",.0,"8",.0,"8",.0,"8",.0,"8",.0,"8",.0,"8",.0,"8",.0,"8",0,"8",0,"8",0,"8","","",0,"8",0,"8"
"352190360","P£OCK","2006","02","09","15","6","",0,"8",0,"8","","","",7,"",0,"8",0,"8",7,"",190,"",3,"",0,"",2.1,"",.0,"8","U","",5.8,"",81,"",-.8,"",986.6,"",1000.0,"",2,1.4,"",.0,"8",0,"8","02","6","7","","5","","","/","","","/","","",0,"8",.0,"8",.0,"8","","8",0,"8","","",.0,"8",.0,"8",.0,"8",.0,"8",.0,"8",.0,"8",.0,"8",.0,"8",.0,"8",0,"8",0,"8",0,"8","","",0,"8",0,"8"
"352190360","P£OCK","2006","02","09","16","6","",0,"8",0,"8","","","",7,"",0,"8",0,"8",8,"",150,"",2,"",0,"",1.6,"",.0,"8","U","",5.8,"",84,"",-.8,"",987.2,"",1000.6,"",2,1.7,"",.0,"8",0,"8","03","2","8","","5","","","/","","","/","","",0,"8",.0,"8",.0,"8","","8",0,"8","","",.0,"8",.0,"8",.0,"8",.0,"8",.0,"8",.0,"8",.0,"8",.0,"8",.0,"8",0,"8",0,"8",0,"8","","",0,"8",0,"8"
"352190360","P£OCK","2006","02","09","17","6","",0,"8",0,"8","","","",6,"",0,"8",0,"8",8,"",160,"",2,"",0,"",1.5,"",.0,"8","U","",5.8,"",85,"",-.7,"",987.7,"",1001.2,"",2,1.6,"",.0,"8",0,"8","10","2","8","","5","","","/","","","/","","",0,"8",.0,"8",.0,"8","","8",0,"8","","",.0,"8",.0,"8",.0,"8",.0,"8",.0,"8",.0,"8",.0,"8",.0,"8",.0,"8",0,"8",0,"8",0,"8","","",0,"8",0,"8"
"352190360","P£OCK","2006","02","09","18","6","",0,"8",0,"8","","","",6,"",0,"8",0,"8",7,"",140,"",2,"",0,"",.8,"",.0,"8","U","",5.8,"",89,"",-.8,"",988.0,"",1001.5,"",1,1.4,"",.0,"",6,"","10","6","3","","5","","","0","","","8","","",14,"",.0,"8",.0,"8","","8",0,"8","","",.0,"8",.0,"8",.0,"8",.0,"8",.0,"8",.0,"8",.0,"8",.0,"8",.0,"8",0,"8",0,"8",0,"8","","",0,"8",0,"8"
"352190360","P£OCK","2006","02","09","19","6","",0,"8",0,"8","","","",6,"",0,"8",0,"8",7,"",150,"",2,"",0,"",.9,"",.0,"8","U","",5.7,"",88,"",-.9,"",988.4,"",1001.9,"",2,1.2,"",.0,"8",0,"8","10","2","7","","5","","","/","","","/","","",0,"8",.0,"8",.0,"8","","8",0,"8","","",.0,"8",.0,"8",.0,"8",.0,"8",.0,"8",.0,"8",.0,"8",.0,"8",.0,"8",0,"8",0,"8",0,"8","","",0,"8",0,"8"
"352190360","P£OCK","2006","02","09","20","6","",0,"8",0,"8","","","",6,"",0,"8",0,"8",7,"",130,"",3,"",0,"",.8,"",.0,"8","U","",5.8,"",89,"",-.8,"",989.1,"",1002.6,"",3,1.4,"",.0,"8",0,"8","10","2","7","","5","","","/","","","/","","",0,"8",.0,"8",.0,"8","","8",0,"8","","",.0,"8",.0,"8",.0,"8",.0,"8",.0,"8",.0,"8",.0,"8",.0,"8",.0,"8",0,"8",0,"8",0,"8","","",0,"8",0,"8"
"352190360","P£OCK","2006","02","09","21","6","",0,"8",0,"8","","","",6,"",0,"8",0,"8",7,"",130,"",3,"",0,"",.2,"",.0,"8","U","",5.6,"",91,"",-1.1,"",989.4,"",1002.9,"",2,1.4,"",.0,"8",0,"8","10","2","3","","5","","","0","","","8","","",0,"8",.0,"8",.0,"8","","8",0,"8","","",.0,"8",.0,"8",.0,"8",.0,"8",.0,"8",.0,"8",.0,"8",.0,"8",.0,"8",0,"8",0,"8",0,"8","","",0,"8",0,"8"
"352190360","P£OCK","2006","02","09","22","6","",0,"8",0,"8","","","",6,"",0,"8",0,"8",7,"",120,"",3,"",0,"",.2,"",.0,"8","U","",5.7,"",92,"",-.9,"",989.6,"",1003.1,"",1,1.2,"",.0,"8",0,"8","10","2","7","","5","","","/","","","/","","",0,"8",.0,"8",.0,"8","","8",0,"8","","",.0,"8",.0,"8",.0,"8",.0,"8",.0,"8",.0,"8",.0,"8",.0,"8",.0,"8",0,"8",0,"8",0,"8","","",0,"8",0,"8"
"352190360","P£OCK","2006","02","09","23","6","",0,"8",0,"8","","","",5,"",0,"8",0,"8",7,"",100,"",2,"",0,"",-.5,"",.0,"8","U","",5.5,"",93,"",-1.5,"",990.0,"",1003.6,"",2,.9,"",.0,"8",0,"8","10","2","1","","5","","","0","","","8","","",0,"8",.0,"8",.0,"8","","8",0,"8","","",.0,"8",.0,"8",.0,"8",.0,"8",.0,"8",.0,"8",.0,"8",.0,"8",.0,"8",0,"8",0,"8",0,"8","","",0,"8",0,"8"
"352190360","P£OCK","2006","02","10","00","2","",0,"8",0,"8","","","",5,"",0,"8",0,"8",8,"",110,"",3,"",0,"",-.1,"",.0,"8","U","",5.7,"",94,"",-1.0,"",990.0,"",1003.6,"",1,.6,"",.0,"",7,"","85","2","8","","9","","","/","","","/","","",14,"",.0,"8",.0,"8","","8",0,"8","","",.0,"8",.0,"8",.0,"8",.0,"8",.0,"8",.0,"8",.0,"8",.0,"8",.0,"8",0,"8",0,"8",0,"8","","",0,"8",0,"8"
"352190360","P£OCK","2006","02","10","01","2","",0,"8",0,"8","","","",2,"",0,"8",0,"8",8,"",140,"",1,"",0,"",.1,"",.0,"8","U","",5.8,"",95,"",-.6,"",990.3,"",1003.9,"",2,.7,"",.0,"8",0,"8","86","8","8","","9","","","/","","","/","","",0,"8",.0,"8",.0,"8","","8",0,"8","","",.0,"8",.0,"8",.0,"8",.0,"8",.0,"8",.0,"8",.0,"8",.0,"8",.0,"8",0,"8",0,"8",0,"8","","",0,"8",0,"8"
"352190360","P£OCK","2006","02","10","02","2","",0,"8",0,"8","","","",3,"",0,"8",0,"8",8,"",110,"",2,"",0,"",.2,"",.0,"8","U","",6.0,"",96,"",-.4,"",990.4,"",1004.0,"",3,.4,"",.0,"8",0,"8","86","8","8","","9","","","/","","","/","","",0,"8",.0,"8",.0,"8","","8",0,"8","","",.0,"8",.0,"8",.0,"8",.0,"8",.0,"8",.0,"8",.0,"8",.0,"8",.0,"8",0,"8",0,"8",0,"8","","",0,"8",0,"8"
"352190360","P£OCK","2006","02","10","03","2","",0,"8",0,"8","","","",5,"",0,"8",0,"8",8,"",120,"",2,"",0,"",.1,"",.0,"8","U","",5.9,"",96,"",-.5,"",990.6,"",1004.2,"",2,.6,"",.0,"8",0,"8","26","8","8","","9","","","/","","","/","","",0,"8",.0,"8",.0,"8","","8",0,"8","","",.0,"8",.0,"8",.0,"8",.0,"8",.0,"8",.0,"8",.0,"8",.0,"8",.0,"8",0,"8",0,"8",0,"8","","",0,"8",0,"8"
"352190360","P£OCK","2006","02","10","04","1","",0,"8",0,"8","","","",4,"",0,"8",0,"8",8,"",120,"",3,"",0,"",.0,"",.0,"8","U","",5.9,"",96,"",-.6,"",990.8,"",1004.4,"",2,.5,"",.0,"8",0,"8","10","2","8","","6","","","/","","","/","","",0,"8",.0,"8",.0,"8","","8",0,"8","","",.0,"8",.0,"8",.0,"8",.0,"8",.0,"8",.0,"8",.0,"8",.0,"8",.0,"8",0,"8",0,"8",0,"8","","",0,"8",0,"8"
"352190360","P£OCK","2006","02","10","05","1","",0,"8",0,"8","","","",4,"",0,"8",0,"8",8,"",110,"",3,"",0,"",-.2,"",.0,"8","U","",5.8,"",96,"",-.8,"",991.3,"",1004.9,"",3,.9,"",.0,"8",0,"8","10","2","8","","6","","","/","","","/","","",0,"8",.0,"8",.0,"8","","8",0,"8","","",.0,"8",.0,"8",.0,"8",.0,"8",.0,"8",.0,"8",.0,"8",.0,"8",.0,"8",0,"8",0,"8",0,"8","","",0,"8",0,"8"
"352190360","P£OCK","2006","02","10","06","1","",0,"8",0,"8","","","",3,"",0,"8",0,"8",8,"",110,"",3,"",0,"",-.2,"",.0,"8","U","",5.8,"",96,"",-.8,"",992.4,"",1006.0,"",3,1.8,"",5.4,"",7,"","46","8","8","","6","","","/","","","/","","",14,"",.0,"8",.0,"8","","8",0,"8","","",.0,"8",.0,"8",.0,"8",.0,"8",.0,"8",.0,"8",.0,"8",.0,"8",.0,"8",0,"8",0,"8",0,"8","","",0,"8",0,"8"
"352190360","P£OCK","2006","02","10","07","1","",0,"8",0,"8","","","",4,"",0,"8",0,"8",8,"",100,"",2,"",0,"",-.1,"",.0,"8","U","",5.8,"",96,"",-.7,"",993.2,"",1006.8,"",2,2.4,"",.0,"8",0,"8","71","4","8","","7","","","/","","","/","","",0,"8",.0,"8",.0,"8","","8",0,"8","","",.0,"8",.0,"8",.0,"8",.0,"8",.0,"8",.0,"8",.0,"8",.0,"8",.0,"8",0,"8",0,"8",0,"8","","",0,"8",0,"8"
"352190360","P£OCK","2006","02","10","08","1","",0,"8",0,"8","","","",4,"",0,"8",0,"8",8,"",100,"",3,"",0,"",.1,"",.0,"8","U","",5.9,"",96,"",-.5,"",993.8,"",1007.4,"",1,2.5,"",.0,"8",0,"8","71","7","7","","7","","","/","","","/","","",0,"8",.0,"8",.0,"8","","8",0,"8","","",.0,"8",.0,"8",.0,"8",.0,"8",.0,"8",.0,"8",.0,"8",.0,"8",.0,"8",0,"8",0,"8",0,"8","","",0,"8",0,"8"
"352190360","P£OCK","2006","02","10","09","2","",0,"8",0,"8","","","",5,"",0,"8",0,"8",8,"",100,"",3,"",0,"",-.3,"",.0,"8","U","",5.7,"",95,"",-1.0,"",994.5,"",1008.1,"",2,2.1,"",.0,"8",0,"8","22","7","8","","5","","","/","","","/","","",0,"8",.0,"8",.0,"8","","8",0,"8","","",.0,"8",.0,"8",.0,"8",.0,"8",.0,"8",.0,"8",.0,"8",.0,"8",.0,"8",0,"8",0,"8",0,"8","","",0,"8",0,"8"
"352190360","P£OCK","2006","02","10","10","2","",0,"8",0,"8","","","",5,"",0,"8",0,"8",8,"",90,"",3,"",0,"",.0,"",.0,"8","U","",5.6,"",92,"",-1.1,"",995.2,"",1008.8,"",2,2.0,"",.0,"8",0,"8","10","2","8","","5","","","/","","","/","","",0,"8",.0,"8",.0,"8","","8",0,"8","","",.0,"8",.0,"8",.0,"8",.0,"8",.0,"8",.0,"8",.0,"8",.0,"8",.0,"8",0,"8",0,"8",0,"8","","",0,"8",0,"8"
"352190360","P£OCK","2006","02","10","11","3","",0,"8",0,"8","","","",5,"",0,"8",0,"8",8,"",80,"",3,"",0,"",.4,"",.0,"8","U","",5.7,"",91,"",-.9,"",995.5,"",1009.1,"",1,1.7,"",.0,"8",0,"8","10","2","8","","5","","","/","","","/","","",0,"8",.0,"8",.0,"8","","8",0,"8","","",.0,"8",.0,"8",.0,"8",.0,"8",.0,"8",.0,"8",.0,"8",.0,"8",.0,"8",0,"8",0,"8",0,"8","","",0,"8",0,"8"
"352190360","P£OCK","2006","02","10","12","2","",0,"8",0,"8","","","",4,"",0,"8",0,"8",8,"",70,"",4,"",0,"",-.2,"",.0,"8","U","",5.5,"",91,"",-1.5,"",995.9,"",1009.5,"",2,1.4,"",.0,"",7,"","10","7","8","","6","","","/","","","/","","",14,"",.0,"8",.0,"8","","8",0,"8","","",.0,"8",.0,"8",.0,"8",.0,"8",.0,"8",.0,"8",.0,"8",.0,"8",.0,"8",0,"8",0,"8",0,"8","","",0,"8",0,"8"
"352190360","P£OCK","2006","02","10","13","2","",0,"8",0,"8","","","",4,"",0,"8",0,"8",8,"",70,"",4,"",0,"",-.7,"",.0,"8","U","",5.3,"",91,"",-2.0,"",996.4,"",1010.1,"",3,1.2,"",.0,"8",0,"8","10","2","8","","6","","","/","","","/","","",0,"8",.0,"8",.0,"8","","8",0,"8","","",.0,"8",.0,"8",.0,"8",.0,"8",.0,"8",.0,"8",.0,"8",.0,"8",.0,"8",0,"8",0,"8",0,"8","","",0,"8",0,"8"
"352190360","P£OCK","2006","02","10","14","2","",0,"8",0,"8","","","",5,"",0,"8",0,"8",8,"",60,"",4,"",0,"",-1.0,"",.0,"8","U","",5.1,"",89,"",-2.6,"",997.1,"",1010.8,"",3,1.6,"",.0,"8",0,"8","10","2","8","","6","","","/","","","/","","",0,"8",.0,"8",.0,"8","","8",0,"8","","",.0,"8",.0,"8",.0,"8",.0,"8",.0,"8",.0,"8",.0,"8",.0,"8",.0,"8",0,"8",0,"8",0,"8","","",0,"8",0,"8"
"352190360","P£OCK","2006","02","10","15","3","",0,"8",0,"8","","","",5,"",0,"8",0,"8",8,"",60,"",3,"",0,"",-1.3,"",.0,"8","U","",4.9,"",89,"",-2.9,"",998.1,"",1011.8,"",3,2.2,"",.0,"8",0,"8","10","2","8","","6","","","/","","","/","","",0,"8",.0,"8",.0,"8","","8",0,"8","","",.0,"8",.0,"8",.0,"8",.0,"8",.0,"8",.0,"8",.0,"8",.0,"8",.0,"8",0,"8",0,"8",0,"8","","",0,"8",0,"8"
"352190360","P£OCK","2006","02","10","16","3","",0,"8",0,"8","","","",5,"",0,"8",0,"8",8,"",50,"",3,"",0,"",-1.8,"",.0,"8","U","",4.8,"",89,"",-3.4,"",998.9,"",1012.7,"",2,2.5,"",.0,"8",0,"8","10","2","8","","6","","","/","","","/","","",0,"8",.0,"8",.0,"8","","8",0,"8","","",.0,"8",.0,"8",.0,"8",.0,"8",.0,"8",.0,"8",.0,"8",.0,"8",.0,"8",0,"8",0,"8",0,"8","","",0,"8",0,"8"
"352190360","P£OCK","2006","02","10","17","3","",0,"8",0,"8","","","",5,"",0,"8",0,"8",8,"",40,"",3,"",0,"",-2.2,"",.0,"8","U","",4.7,"",90,"",-3.6,"",999.6,"",1013.4,"",1,2.5,"",.0,"8",0,"8","10","2","8","","6","","","/","","","/","","",0,"8",.0,"8",.0,"8","","8",0,"8","","",.0,"8",.0,"8",.0,"8",.0,"8",.0,"8",.0,"8",.0,"8",.0,"8",.0,"8",0,"8",0,"8",0,"8","","",0,"8",0,"8"
"352190360","P£OCK","2006","02","10","18","4","",0,"8",0,"8","","","",5,"",0,"8",0,"8",8,"",30,"",4,"",0,"",-2.6,"",.0,"8","U","",4.4,"",88,"",-4.3,"",1000.2,"",1014.0,"",1,2.1,"",.0,"9",0,"9","10","2","8","","5","","","/","","","/","","",14,"",.0,"8",.0,"8","","8",0,"8","","",.0,"8",.0,"8",.0,"8",.0,"8",.0,"8",.0,"8",.0,"8",.0,"8",.0,"8",0,"8",0,"8",0,"8","","",0,"8",0,"8"
"352190360","P£OCK","2006","02","10","19","4","",0,"8",0,"8","","","",6,"",0,"8",0,"8",8,"",40,"",3,"",0,"",-3.2,"",.0,"8","U","",4.2,"",86,"",-5.2,"",1000.9,"",1014.8,"",2,2.0,"",.0,"8",0,"8","71","7","8","","5","","","/","","","/","","",0,"8",.0,"8",.0,"8","","8",0,"8","","",.0,"8",.0,"8",.0,"8",.0,"8",.0,"8",.0,"8",.0,"8",.0,"8",.0,"8",0,"8",0,"8",0,"8","","",0,"8",0,"8"
"352190360","P£OCK","2006","02","10","20","4","",0,"8",0,"8","","","",5,"",0,"8",0,"8",8,"",40,"",3,"",0,"",-3.8,"",.0,"8","U","",4.2,"",91,"",-5.1,"",1001.5,"",1015.4,"",2,1.9,"",.0,"8",0,"8","71","7","6","","5","","","2","","","/","","",0,"8",.0,"8",.0,"8","","8",0,"8","","",.0,"8",.0,"8",.0,"8",.0,"8",.0,"8",.0,"8",.0,"8",.0,"8",.0,"8",0,"8",0,"8",0,"8","","",0,"8",0,"8"
"352190360","P£OCK","2006","02","10","21","4","",0,"8",0,"8","","","",5,"",0,"8",0,"8",8,"",30,"",2,"",0,"",-4.1,"",.0,"8","U","",4.1,"",90,"",-5.5,"",1002.1,"",1016.0,"",2,1.9,"",.0,"8",0,"8","71","7","6","","5","","","2","","","/","","",0,"8",.0,"8",.0,"8","","8",0,"8","","",.0,"8",.0,"8",.0,"8",.0,"8",.0,"8",.0,"8",.0,"8",.0,"8",.0,"8",0,"8",0,"8",0,"8","","",0,"8",0,"8"
"352190360","P£OCK","2006","02","10","22","4","",0,"8",0,"8","","","",4,"",0,"8",0,"8",8,"",30,"",3,"",0,"",-4.5,"",.0,"8","U","",4.0,"",92,"",-5.6,"",1002.6,"",1016.6,"",2,1.7,"",.0,"8",0,"8","73","7","6","","5","","","2","","","/","","",0,"8",.0,"8",.0,"8","","8",0,"8","","",.0,"8",.0,"8",.0,"8",.0,"8",.0,"8",.0,"8",.0,"8",.0,"8",.0,"8",0,"8",0,"8",0,"8","","",0,"8",0,"8"
"352190360","P£OCK","2006","02","10","23","4","",0,"8",0,"8","","","",5,"",0,"8",0,"8",8,"",40,"",3,"",0,"",-5.0,"",.0,"8","U","",3.8,"",90,"",-6.4,"",1003.2,"",1017.2,"",2,1.7,"",.0,"8",0,"8","71","7","6","","5","","","2","","","/","","",0,"8",.0,"8",.0,"8","","8",0,"8","","",.0,"8",.0,"8",.0,"8",.0,"8",.0,"8",.0,"8",.0,"8",.0,"8",.0,"8",0,"8",0,"8",0,"8","","",0,"8",0,"8"
"352190360","P£OCK","2006","02","11","00","4","",0,"8",0,"8","","","",5,"",0,"8",0,"8",8,"",360,"",1,"",0,"",-5.2,"",.0,"8","U","",3.8,"",92,"",-6.3,"",1003.5,"",1017.5,"",2,1.4,"",1.0,"",7,"","71","7","5","","5","","","2","","","/","","",18,"",.0,"8",.0,"8","","8",0,"8","","",.0,"8",.0,"8",.0,"8",.0,"8",.0,"8",.0,"8",.0,"8",.0,"8",.0,"8",0,"8",0,"8",0,"8","","",0,"8",0,"8"
"352190360","P£OCK","2006","02","11","01","5","",0,"8",0,"8","","","",5,"",0,"8",0,"8",8,"",340,"",1,"",0,"",-5.3,"",.0,"8","U","",3.8,"",92,"",-6.4,"",1004.1,"",1018.1,"",2,1.5,"",.0,"8",0,"8","71","7","6","","5","","","2","","","/","","",0,"8",.0,"8",.0,"8","","8",0,"8","","",.0,"8",.0,"8",.0,"8",.0,"8",.0,"8",.0,"8",.0,"8",.0,"8",.0,"8",0,"8",0,"8",0,"8","","",0,"8",0,"8"
"352190360","P£OCK","2006","02","11","02","4","",0,"8",0,"8","","","",5,"",0,"8",0,"8",8,"",10,"",2,"",0,"",-5.2,"",.0,"8","U","",3.8,"",92,"",-6.3,"",1004.4,"",1018.4,"",2,1.2,"",.0,"8",0,"8","71","7","6","","5","","","2","","","/","","",0,"8",.0,"8",.0,"8","","8",0,"8","","",.0,"8",.0,"8",.0,"8",.0,"8",.0,"8",.0,"8",.0,"8",.0,"8",.0,"8",0,"8",0,"8",0,"8","","",0,"8",0,"8"
"352190360","P£OCK","2006","02","11","03","4","",0,"8",0,"8","","","",6,"",0,"8",0,"8",8,"",40,"",2,"",0,"",-5.3,"",.0,"8","U","",3.6,"",88,"",-7.0,"",1005.0,"",1019.0,"",2,1.5,"",.0,"8",0,"8","71","7","8","","5","","","/","","","/","","",0,"8",.0,"8",.0,"8","","8",0,"8","","",.0,"8",.0,"8",.0,"8",.0,"8",.0,"8",.0,"8",.0,"8",.0,"8",.0,"8",0,"8",0,"8",0,"8","","",0,"8",0,"8"
"352190360","P£OCK","2006","02","11","04","4","",0,"8",0,"8","","","",5,"",0,"8",0,"8",8,"",30,"",1,"",0,"",-5.6,"",.0,"8","U","",3.7,"",91,"",-6.8,"",1005.4,"",1019.5,"",2,1.3,"",.0,"8",0,"8","71","7","6","","5","","","2","","","/","","",0,"8",.0,"8",.0,"8","","8",0,"8","","",.0,"8",.0,"8",.0,"8",.0,"8",.0,"8",.0,"8",.0,"8",.0,"8",.0,"8",0,"8",0,"8",0,"8","","",0,"8",0,"8"
"352190360","P£OCK","2006","02","11","05","4","",0,"8",0,"8","","","",5,"",0,"8",0,"8",8,"",40,"",1,"",0,"",-5.6,"",.0,"8","U","",3.7,"",91,"",-6.8,"",1005.8,"",1019.9,"",1,1.4,"",.0,"8",0,"8","71","7","6","","5","","","2","","","/","","",0,"8",.0,"8",.0,"8","","8",0,"8","","",.0,"8",.0,"8",.0,"8",.0,"8",.0,"8",.0,"8",.0,"8",.0,"8",.0,"8",0,"8",0,"8",0,"8","","",0,"8",0,"8"
"352190360","P£OCK","2006","02","11","06","2","",0,"8",0,"8","","","",6,"",0,"8",0,"8",8,"",0,"",0,"",0,"",-5.4,"",.0,"8","U","",3.7,"",91,"",-6.6,"",1006.3,"",1020.4,"",2,1.3,"",.5,"",7,"","71","7","6","","7","","","2","","","/","","",18,"",.0,"8",.0,"8","","8",0,"8","","",.0,"8",.0,"8",.0,"8",.0,"8",.0,"8",.0,"8",.0,"8",.0,"8",.0,"8",0,"8",0,"8",0,"8","","",0,"8",0,"8"
"352190360","P£OCK","2006","02","11","07","2","",0,"8",0,"8","","","",5,"",0,"8",0,"8",8,"",0,"",0,"",0,"",-5.2,"",.0,"8","U","",3.8,"",91,"",-6.4,"",1007.0,"",1021.1,"",3,1.6,"",.0,"8",0,"8","71","7","6","","7","","","2","","","/","","",0,"8",.0,"8",.0,"8","","8",0,"8","","",.0,"8",.0,"8",.0,"8",.0,"8",.0,"8",.0,"8",.0,"8",.0,"8",.0,"8",0,"8",0,"8",0,"8","","",0,"8",0,"8"
"352190360","P£OCK","2006","02","11","08","2","",0,"8",0,"8","","","",5,"",0,"8",0,"8",8,"",210,"",1,"",0,"",-4.6,"",.0,"8","U","",4.0,"",91,"",-5.8,"",1007.5,"",1021.5,"",2,1.7,"",.0,"8",0,"8","71","7","6","","7","","","2","","","/","","",0,"8",.0,"8",.0,"8","","8",0,"8","","",.0,"8",.0,"8",.0,"8",.0,"8",.0,"8",.0,"8",.0,"8",.0,"8",.0,"8",0,"8",0,"8",0,"8","","",0,"8",0,"8"
"352190360","P£OCK","2006","02","11","09","2","",0,"8",0,"8","","","",5,"",0,"8",0,"8",8,"",210,"",1,"",0,"",-3.8,"",.0,"8","U","",4.2,"",90,"",-5.2,"",1007.7,"",1021.7,"",1,1.4,"",.0,"8",0,"8","71","7","6","","7","","","2","","","/","","",0,"8",.0,"8",.0,"8","","8",0,"8","","",.0,"8",.0,"8",.0,"8",.0,"8",.0,"8",.0,"8",.0,"8",.0,"8",.0,"8",0,"8",0,"8",0,"8","","",0,"8",0,"8"
"352190360","P£OCK","2006","02","11","10","4","",0,"8",0,"8","","","",5,"",0,"8",0,"8",7,"",240,"",2,"",0,"",-2.4,"",.0,"8","U","",4.5,"",88,"",-4.1,"",1007.9,"",1021.8,"",1,.9,"",.0,"8",0,"8","22","7","7","","5","","","/","","","/","","",0,"8",.0,"8",.0,"8","","8",0,"8","","",.0,"8",.0,"8",.0,"8",.0,"8",.0,"8",.0,"8",.0,"8",.0,"8",.0,"8",0,"8",0,"8",0,"8","","",0,"8",0,"8"
"352190360","P£OCK","2006","02","11","11","4","",0,"8",0,"8","","","",6,"",0,"8",0,"8",8,"",270,"",2,"",0,"",-1.3,"",.0,"8","U","",4.9,"",88,"",-3.0,"",1007.7,"",1021.6,"",0,.2,"",.0,"8",0,"8","10","2","8","","5","","","/","","","/","","",0,"8",.0,"8",.0,"8","","8",0,"8","","",.0,"8",.0,"8",.0,"8",.0,"8",.0,"8",.0,"8",.0,"8",.0,"8",.0,"8",0,"8",0,"8",0,"8","","",0,"8",0,"8"
"352190360","P£OCK","2006","02","11","12","3","",0,"8",0,"8","","","",6,"",0,"8",0,"8",8,"",270,"",3,"",0,"",-.8,"",.0,"8","U","",5.0,"",86,"",-2.8,"",1007.5,"",1021.3,"",8,-.2,"",.3,"",7,"","77","7","8","","6","","","/","","","/","","",18,"",.0,"8",.0,"8","","8",0,"8","","",.0,"8",.0,"8",.0,"8",.0,"8",.0,"8",.0,"8",.0,"8",.0,"8",.0,"8",0,"8",0,"8",0,"8","","",0,"8",0,"8"
"352190360","P£OCK","2006","02","11","13","4","",0,"8",0,"8","","","",5,"",0,"8",0,"8",8,"",310,"",2,"",0,"",-.3,"",.0,"8","U","",5.5,"",92,"",-1.4,"",1007.5,"",1021.3,"",6,-.4,"",.0,"8",0,"8","87","8","8","","9","","","/","","","/","","",0,"8",.0,"8",.0,"8","","8",0,"8","","",.0,"8",.0,"8",.0,"8",.0,"8",.0,"8",.0,"8",.0,"8",.0,"8",.0,"8",0,"8",0,"8",0,"8","","",0,"8",0,"8"
"352190360","P£OCK","2006","02","11","14","6","",0,"8",0,"8","","","",6,"",0,"8",0,"8",8,"",350,"",3,"",0,"",-1.2,"",.0,"8","U","",4.8,"",85,"",-3.4,"",1007.9,"",1021.8,"",3,.2,"",.0,"8",0,"8","26","8","6","","5","","","3","","","/","","",0,"8",.0,"8",.0,"8","","8",0,"8","","",.0,"8",.0,"8",.0,"8",.0,"8",.0,"8",.0,"8",.0,"8",.0,"8",.0,"8",0,"8",0,"8",0,"8","","",0,"8",0,"8"
"352190360","P£OCK","2006","02","11","15","6","",0,"8",0,"8","","","",7,"",0,"8",0,"8",7,"",330,"",2,"",0,"",-1.6,"",.0,"8","U","",4.2,"",77,"",-5.1,"",1008.3,"",1022.2,"",3,.8,"",.0,"8",0,"8","01","8","5","","5","","","3","","","/","","",0,"8",.0,"8",.0,"8","","8",0,"8","","",.0,"8",.0,"8",.0,"8",.0,"8",.0,"8",.0,"8",.0,"8",.0,"8",.0,"8",0,"8",0,"8",0,"8","","",0,"8",0,"8"
"352190360","P£OCK","2006","02","11","16","9","",0,"8",0,"8","","","",7,"",0,"8",0,"8",4,"",320,"",2,"",0,"",-3.3,"",.0,"8","U","",3.9,"",81,"",-6.1,"",1008.7,"",1022.7,"",2,1.2,"",.0,"8",0,"8","01","1","3","","0","","","3","","","1","","",0,"8",.0,"8",.0,"8","","8",0,"8","","",.0,"8",.0,"8",.0,"8",.0,"8",.0,"8",.0,"8",.0,"8",.0,"8",.0,"8",0,"8",0,"8",0,"8","","",0,"8",0,"8"
"352190360","P£OCK","2006","02","11","17","5","",0,"8",0,"8","","","",6,"",0,"8",0,"8",7,"",300,"",4,"",0,"",-2.7,"",.0,"8","U","",4.5,"",90,"",-4.1,"",1008.9,"",1022.9,"",1,1.0,"",.0,"8",0,"8","85","1","7","","9","","","/","","","/","","",0,"8",.0,"8",.0,"8","","8",0,"8","","",.0,"8",.0,"8",.0,"8",.0,"8",.0,"8",.0,"8",.0,"8",.0,"8",.0,"8",0,"8",0,"8",0,"8","","",0,"8",0,"8"
"352190360","P£OCK","2006","02","11","18","5","",0,"8",0,"8","","","",6,"",0,"8",0,"8",7,"",310,"",3,"",0,"",-2.4,"",.0,"8","U","",4.6,"",90,"",-3.8,"",1008.8,"",1022.7,"",0,.5,"",.2,"",7,"","85","8","7","","9","","","/","","","/","","",18,"",.0,"8",.0,"8","","8",0,"8","","",.0,"8",.0,"8",.0,"8",.0,"8",.0,"8",.0,"8",.0,"8",.0,"8",.0,"8",0,"8",0,"8",0,"8","","",0,"8",0,"8"
"352190360","P£OCK","2006","02","11","19","7","",0,"8",0,"8","","","",6,"",0,"8",0,"8",8,"",290,"",3,"",0,"",-2.5,"",.0,"8","U","",4.6,"",90,"",-3.9,"",1008.8,"",1022.7,"",1,.1,"",.0,"8",0,"8","26","2","8","","5","","","/","","","/","","",0,"8",.0,"8",.0,"8","","8",0,"8","","",.0,"8",.0,"8",.0,"8",.0,"8",.0,"8",.0,"8",.0,"8",.0,"8",.0,"8",0,"8",0,"8",0,"8","","",0,"8",0,"8"
"352190360","P£OCK","2006","02","11","20","5","",0,"8",0,"8","","","",6,"",0,"8",0,"8",7,"",320,"",3,"",0,"",-2.4,"",.0,"8","U","",4.6,"",90,"",-3.8,"",1008.9,"",1022.8,"",5,.0,"",.0,"8",0,"8","85","2","7","","9","","","/","","","/","","",0,"8",.0,"8",.0,"8","","8",0,"8","","",.0,"8",.0,"8",.0,"8",.0,"8",.0,"8",.0,"8",.0,"8",.0,"8",.0,"8",0,"8",0,"8",0,"8","","",0,"8",0,"8"
"352190360","P£OCK","2006","02","11","21","6","",0,"8",0,"8","","","",7,"",0,"8",0,"8",8,"",300,"",4,"",0,"",-2.3,"",.0,"8","U","",4.5,"",88,"",-4.0,"",1008.9,"",1022.8,"",1,.1,"",.0,"8",0,"8","26","8","8","","9","","","/","","","/","","",0,"8",.0,"8",.0,"8","","8",0,"8","","",.0,"8",.0,"8",.0,"8",.0,"8",.0,"8",.0,"8",.0,"8",.0,"8",.0,"8",0,"8",0,"8",0,"8","","",0,"8",0,"8"
"352190360","P£OCK","2006","02","11","22","7","",0,"8",0,"8","","","",7,"",0,"8",0,"8",7,"",290,"",4,"",0,"",-2.6,"",.0,"8","U","",4.4,"",88,"",-4.3,"",1008.6,"",1022.5,"",8,-.2,"",.0,"8",0,"8","01","2","7","","5","","","/","","","/","","",0,"8",.0,"8",.0,"8","","8",0,"8","","",.0,"8",.0,"8",.0,"8",.0,"8",.0,"8",.0,"8",.0,"8",.0,"8",.0,"8",0,"8",0,"8",0,"8","","",0,"8",0,"8"
"352190360","P£OCK","2006","02","11","23","7","",0,"8",0,"8","","","",7,"",0,"8",0,"8",8,"",300,"",4,"",0,"",-2.7,"",.0,"8","U","",4.5,"",89,"",-4.3,"",1008.7,"",1022.7,"",5,-.2,"",.0,"8",0,"8","03","2","8","","5","","","/","","","/","","",0,"8",.0,"8",.0,"8","","8",0,"8","","",.0,"8",.0,"8",.0,"8",.0,"8",.0,"8",.0,"8",.0,"8",.0,"8",.0,"8",0,"8",0,"8",0,"8","","",0,"8",0,"8"
"352190360","P£OCK","2006","02","12","00","7","",0,"8",0,"8","","","",7,"",0,"8",0,"8",8,"",300,"",4,"",0,"",-2.6,"",.0,"8","U","",4.4,"",87,"",-4.5,"",1008.6,"",1022.5,"",7,-.3,"",.1,"",7,"","03","8","8","","5","","","/","","","/","","",18,"",.0,"8",.0,"8","","8",0,"8","","",.0,"8",.0,"8",.0,"8",.0,"8",.0,"8",.0,"8",.0,"8",.0,"8",.0,"8",0,"8",0,"8",0,"8","","",0,"8",0,"8"
"352190360","P£OCK","2006","02","12","01","7","",0,"8",0,"8","","","",8,"",0,"8",0,"8",7,"",310,"",4,"",0,"",-2.8,"",.0,"8","U","",4.3,"",87,"",-4.7,"",1008.4,"",1022.4,"",8,-.2,"",.0,"8",0,"8","01","2","7","","5","","","/","","","/","","",0,"8",.0,"8",.0,"8","","8",0,"8","","",.0,"8",.0,"8",.0,"8",.0,"8",.0,"8",.0,"8",.0,"8",.0,"8",.0,"8",0,"8",0,"8",0,"8","","",0,"8",0,"8"
"352190360","P£OCK","2006","02","12","02","6","",0,"8",0,"8","","","",7,"",0,"8",0,"8",7,"",300,"",5,"",0,"",-3.0,"",.0,"8","U","",4.3,"",88,"",-4.7,"",1008.0,"",1022.0,"",8,-.7,"",.0,"8",0,"8","85","2","7","","9","","","/","","","/","","",0,"8",.0,"8",.0,"8","","8",0,"8","","",.0,"8",.0,"8",.0,"8",.0,"8",.0,"8",.0,"8",.0,"8",.0,"8",.0,"8",0,"8",0,"8",0,"8","","",0,"8",0,"8"
"352190360","P£OCK","2006","02","12","03","6","",0,"8",0,"8","","","",6,"",0,"8",0,"8",8,"",300,"",5,"",0,"",-2.8,"",.0,"8","U","",4.4,"",88,"",-4.5,"",1007.8,"",1021.7,"",7,-.8,"",.0,"8",0,"8","85","2","8","","9","","","/","","","/","","",0,"8",.0,"8",.0,"8","","8",0,"8","","",.0,"8",.0,"8",.0,"8",.0,"8",.0,"8",.0,"8",.0,"8",.0,"8",.0,"8",0,"8",0,"8",0,"8","","",0,"8",0,"8"
"352190360","P£OCK","2006","02","12","04","5","",0,"8",0,"8","","","",7,"",0,"8",0,"8",8,"",290,"",5,"",0,"",-2.9,"",.0,"8","U","",4.3,"",87,"",-4.8,"",1007.6,"",1021.5,"",6,-.8,"",.0,"8",0,"8","85","8","8","","9","","","/","","","/","","",0,"8",.0,"8",.0,"8","","8",0,"8","","",.0,"8",.0,"8",.0,"8",.0,"8",.0,"8",.0,"8",.0,"8",.0,"8",.0,"8",0,"8",0,"8",0,"8","","",0,"8",0,"8"
"352190360","P£OCK","2006","02","12","05","5","",0,"8",0,"8","","","",8,"",0,"8",0,"8",8,"",290,"",5,"",0,"",-2.7,"",.0,"8","U","",4.3,"",86,"",-4.7,"",1007.6,"",1021.5,"",6,-.4,"",.0,"8",0,"8","26","2","8","","5","","","/","","","/","","",0,"8",.0,"8",.0,"8","","8",0,"8","","",.0,"8",.0,"8",.0,"8",.0,"8",.0,"8",.0,"8",.0,"8",.0,"8",.0,"8",0,"8",0,"8",0,"8","","",0,"8",0,"8"
"352190360","P£OCK","2006","02","12","06","5","",0,"8",0,"8","","","",8,"",0,"8",0,"8",7,"",290,"",5,"",0,"",-2.9,"",.0,"8","U","",4.2,"",85,"",-5.1,"",1007.6,"",1021.5,"",6,-.2,"",.0,"",7,"","01","8","3","","5","","","3","","","/","","",18,"",.0,"8",.0,"8","","8",0,"8","","",.0,"8",.0,"8",.0,"8",.0,"8",.0,"8",.0,"8",.0,"8",.0,"8",.0,"8",0,"8",0,"8",0,"8","","",0,"8",0,"8"
"352190360","P£OCK","2006","02","12","07","5","",0,"8",0,"8","","","",8,"",0,"8",0,"8",7,"",290,"",5,"",0,"",-3.0,"",.0,"8","U","",4.2,"",85,"",-5.2,"",1007.9,"",1021.9,"",3,.3,"",.0,"8",0,"8","01","2","1","","5","","","3","","","/","","",0,"8",.0,"8",.0,"8","","8",0,"8","","",.0,"8",.0,"8",.0,"8",.0,"8",.0,"8",.0,"8",.0,"8",.0,"8",.0,"8",0,"8",0,"8",0,"8","","",0,"8",0,"8"
"352190360","P£OCK","2006","02","12","08","4","",0,"8",0,"8","","","",8,"",0,"8",0,"8",8,"",290,"",4,"",0,"",-2.7,"",.0,"8","U","",4.2,"",84,"",-5.0,"",1008.0,"",1021.9,"",3,.4,"",.0,"8",0,"8","03","2","6","","5","","","3","","","/","","",0,"8",.0,"8",.0,"8","","8",0,"8","","",.0,"8",.0,"8",.0,"8",.0,"8",.0,"8",.0,"8",.0,"8",.0,"8",.0,"8",0,"8",0,"8",0,"8","","",0,"8",0,"8"
"352190360","P£OCK","2006","02","12","09","4","",0,"8",0,"8","","","",7,"",0,"8",0,"8",7,"",280,"",4,"",0,"",-2.7,"",.0,"8","U","",4.2,"",84,"",-5.0,"",1008.0,"",1021.9,"",1,.4,"",.0,"8",0,"8","01","2","5","","5","","","3","","","/","","",0,"8",.0,"8",.0,"8","","8",0,"8","","",.0,"8",.0,"8",.0,"8",.0,"8",.0,"8",.0,"8",.0,"8",.0,"8",.0,"8",0,"8",0,"8",0,"8","","",0,"8",0,"8"
"352190360","P£OCK","2006","02","12","10","4","",0,"8",0,"8","","","",7,"",0,"8",0,"8",8,"",280,"",5,"",0,"",-2.4,"",.0,"8","U","",4.3,"",83,"",-4.9,"",1008.1,"",1022.0,"",2,.2,"",.0,"8",0,"8","03","2","8","","5","","","/","","","/","","",0,"8",.0,"8",.0,"8","","8",0,"8","","",.0,"8",.0,"8",.0,"8",.0,"8",.0,"8",.0,"8",.0,"8",.0,"8",.0,"8",0,"8",0,"8",0,"8","","",0,"8",0,"8"
"352190360","P£OCK","2006","02","12","11","4","",0,"8",0,"8","","","",7,"",0,"8",0,"8",8,"",300,"",4,"",0,"",-2.0,"",.0,"8","U","",4.4,"",84,"",-4.3,"",1007.7,"",1021.6,"",8,-.3,"",.0,"8",0,"8","02","2","8","","5","","","/","","","/","","",0,"8",.0,"8",.0,"8","","8",0,"8","","",.0,"8",.0,"8",.0,"8",.0,"8",.0,"8",.0,"8",.0,"8",.0,"8",.0,"8",0,"8",0,"8",0,"8","","",0,"8",0,"8"
"352190360","P£OCK","2006","02","12","12","4","",0,"8",0,"8","","","",7,"",0,"8",0,"8",8,"",300,"",5,"",0,"",-1.8,"",.0,"8","U","",4.4,"",83,"",-4.3,"",1007.3,"",1021.2,"",8,-.7,"",.0,"9",0,"9","02","2","8","","5","","","/","","","/","","",18,"",.0,"8",.0,"8","","8",0,"8","","",.0,"8",.0,"8",.0,"8",.0,"8",.0,"8",.0,"8",.0,"8",.0,"8",.0,"8",0,"8",0,"8",0,"8","","",0,"8",0,"8"
"352190360","P£OCK","2006","02","12","13","4","",0,"8",0,"8","","","",7,"",0,"8",0,"8",8,"",300,"",4,"",0,"",-1.4,"",.0,"8","U","",4.5,"",82,"",-4.1,"",1007.0,"",1020.9,"",7,-1.1,"",.0,"8",0,"8","02","2","8","","5","","","/","","","/","","",0,"8",.0,"8",.0,"8","","8",0,"8","","",.0,"8",.0,"8",.0,"8",.0,"8",.0,"8",.0,"8",.0,"8",.0,"8",.0,"8",0,"8",0,"8",0,"8","","",0,"8",0,"8"
"352190360","P£OCK","2006","02","12","14","4","",0,"8",0,"8","","","",7,"",0,"8",0,"8",8,"",290,"",4,"",0,"",-1.4,"",.0,"8","U","",4.5,"",82,"",-4.1,"",1006.8,"",1020.7,"",6,-.9,"",.0,"8",0,"8","26","8","8","","9","","","/","","","/","","",0,"8",.0,"8",.0,"8","","8",0,"8","","",.0,"8",.0,"8",.0,"8",.0,"8",.0,"8",.0,"8",.0,"8",.0,"8",.0,"8",0,"8",0,"8",0,"8","","",0,"8",0,"8"
"352190360","P£OCK","2006","02","12","15","5","",0,"8",0,"8","","","",6,"",0,"8",0,"8",8,"",290,"",3,"",0,"",-1.7,"",.0,"8","U","",4.6,"",86,"",-3.7,"",1006.7,"",1020.6,"",6,-.6,"",.0,"8",0,"8","71","8","8","","5","","","/","","","/","","",0,"8",.0,"8",.0,"8","","8",0,"8","","",.0,"8",.0,"8",.0,"8",.0,"8",.0,"8",.0,"8",.0,"8",.0,"8",.0,"8",0,"8",0,"8",0,"8","","",0,"8",0,"8"
"352190360","P£OCK","2006","02","12","16","3","",0,"8",0,"8","","","",5,"",0,"8",0,"8",8,"",280,"",5,"",0,"",-1.9,"",.0,"8","U","",4.8,"",91,"",-3.2,"",1006.6,"",1020.5,"",7,-.4,"",.0,"8",0,"8","71","7","6","","7","","","2","","","/","","",0,"8",.0,"8",.0,"8","","8",0,"8","","",.0,"8",.0,"8",.0,"8",.0,"8",.0,"8",.0,"8",.0,"8",.0,"8",.0,"8",0,"8",0,"8",0,"8","","",0,"8",0,"8"
"352190360","P£OCK","2006","02","12","17","4","",0,"8",0,"8","","","",5,"",0,"8",0,"8",8,"",270,"",6,"",0,"",-1.8,"",.0,"8","U","",4.8,"",90,"",-3.2,"",1006.4,"",1020.3,"",7,-.4,"",.0,"8",0,"8","71","7","6","","5","","","2","","","/","","",0,"8",.0,"8",.0,"8","","8",0,"8","","",.0,"8",.0,"8",.0,"8",.0,"8",.0,"8",.0,"8",.0,"8",.0,"8",.0,"8",0,"8",0,"8",0,"8","","",0,"8",0,"8"
"352190360","P£OCK","2006","02","12","18","4","",0,"8",0,"8","","","",6,"",0,"8",0,"8",8,"",270,"",5,"",0,"",-1.9,"",.0,"8","U","",4.8,"",91,"",-3.2,"",1006.3,"",1020.2,"",7,-.4,"",.2,"",7,"","71","8","6","","5","","","2","","","/","","",18,"",.0,"8",.0,"8","","8",0,"8","","",.0,"8",.0,"8",.0,"8",.0,"8",.0,"8",.0,"8",.0,"8",.0,"8",.0,"8",0,"8",0,"8",0,"8","","",0,"8",0,"8"
"352190360","P£OCK","2006","02","12","19","3","",0,"8",0,"8","","","",5,"",0,"8",0,"8",8,"",270,"",4,"",0,"",-1.9,"",.0,"8","U","",4.9,"",92,"",-3.0,"",1006.0,"",1019.9,"",7,-.6,"",.0,"8",0,"8","71","7","6","","7","","","2","","","/","","",0,"8",.0,"8",.0,"8","","8",0,"8","","",.0,"8",.0,"8",.0,"8",.0,"8",.0,"8",.0,"8",.0,"8",.0,"8",.0,"8",0,"8",0,"8",0,"8","","",0,"8",0,"8"
"352190360","P£OCK","2006","02","12","20","3","",0,"8",0,"8","","","",6,"",0,"8",0,"8",8,"",280,"",4,"",0,"",-1.8,"",.0,"8","U","",4.9,"",92,"",-2.9,"",1006.2,"",1020.1,"",5,-.2,"",.0,"8",0,"8","71","7","6","","7","","","2","","","/","","",0,"8",.0,"8",.0,"8","","8",0,"8","","",.0,"8",.0,"8",.0,"8",.0,"8",.0,"8",.0,"8",.0,"8",.0,"8",.0,"8",0,"8",0,"8",0,"8","","",0,"8",0,"8"
"352190360","P£OCK","2006","02","12","21","3","",0,"8",0,"8","","","",6,"",0,"8",0,"8",8,"",280,"",4,"",0,"",-1.8,"",.0,"8","U","",4.9,"",91,"",-3.1,"",1006.4,"",1020.3,"",3,.1,"",.0,"8",0,"8","22","7","8","","6","","","/","","","/","","",0,"8",.0,"8",.0,"8","","8",0,"8","","",.0,"8",.0,"8",.0,"8",.0,"8",.0,"8",.0,"8",.0,"8",.0,"8",.0,"8",0,"8",0,"8",0,"8","","",0,"8",0,"8"
"352190360","P£OCK","2006","02","12","22","3","",0,"8",0,"8","","","",6,"",0,"8",0,"8",8,"",290,"",3,"",0,"",-1.9,"",.0,"8","U","",4.9,"",92,"",-3.0,"",1006.5,"",1020.4,"",2,.5,"",.0,"8",0,"8","71","7","6","","7","","","2","","","/","","",0,"8",.0,"8",.0,"8","","8",0,"8","","",.0,"8",.0,"8",.0,"8",.0,"8",.0,"8",.0,"8",.0,"8",.0,"8",.0,"8",0,"8",0,"8",0,"8","","",0,"8",0,"8"
"352190360","P£OCK","2006","02","12","23","3","",0,"8",0,"8","","","",6,"",0,"8",0,"8",8,"",290,"",3,"",0,"",-1.9,"",.0,"8","U","",4.8,"",91,"",-3.2,"",1006.6,"",1020.5,"",2,.4,"",.0,"8",0,"8","71","7","6","","7","","","2","","","/","","",0,"8",.0,"8",.0,"8","","8",0,"8","","",.0,"8",.0,"8",.0,"8",.0,"8",.0,"8",.0,"8",.0,"8",.0,"8",.0,"8",0,"8",0,"8",0,"8","","",0,"8",0,"8"
"352190360","P£OCK","2006","02","13","00","2","",0,"8",0,"8","","","",6,"",0,"8",0,"8",8,"",300,"",3,"",0,"",-2.0,"",.0,"8","U","",4.8,"",91,"",-3.3,"",1006.4,"",1020.3,"",0,.0,"",.1,"",7,"","22","7","8","","6","","","/","","","/","","",18,"",.0,"8",.0,"8","","8",0,"8","","",.0,"8",.0,"8",.0,"8",.0,"8",.0,"8",.0,"8",.0,"8",.0,"8",.0,"8",0,"8",0,"8",0,"8","","",0,"8",0,"8"
"352190360","P£OCK","2006","02","13","01","2","",0,"8",0,"8","","","",6,"",0,"8",0,"8",8,"",300,"",3,"",0,"",-2.0,"",.0,"8","U","",4.9,"",92,"",-3.1,"",1006.4,"",1020.3,"",6,-.1,"",.0,"8",0,"8","71","2","7","","7","","","2","","","/","","",0,"8",.0,"8",.0,"8","","8",0,"8","","",.0,"8",.0,"8",.0,"8",.0,"8",.0,"8",.0,"8",.0,"8",.0,"8",.0,"8",0,"8",0,"8",0,"8","","",0,"8",0,"8"
"352190360","P£OCK","2006","02","13","02","2","",0,"8",0,"8","","","",5,"",0,"8",0,"8",8,"",290,"",3,"",0,"",-2.0,"",.0,"8","U","",5.0,"",94,"",-2.8,"",1006.5,"",1020.4,"",5,-.1,"",.0,"8",0,"8","71","7","6","","7","","","2","","","/","","",0,"8",.0,"8",.0,"8","","8",0,"8","","",.0,"8",.0,"8",.0,"8",.0,"8",.0,"8",.0,"8",.0,"8",.0,"8",.0,"8",0,"8",0,"8",0,"8","","",0,"8",0,"8"
"352190360","P£OCK","2006","02","13","03","2","",0,"8",0,"8","","","",4,"",0,"8",0,"8",8,"",290,"",3,"",0,"",-1.9,"",.0,"8","U","",5.1,"",95,"",-2.6,"",1006.5,"",1020.4,"",1,.1,"",.0,"8",0,"8","71","7","6","","7","","","2","","","/","","",0,"8",.0,"8",.0,"8","","8",0,"8","","",.0,"8",.0,"8",.0,"8",.0,"8",.0,"8",.0,"8",.0,"8",.0,"8",.0,"8",0,"8",0,"8",0,"8","","",0,"8",0,"8"
"352190360","P£OCK","2006","02","13","04","1","",0,"8",0,"8","","","",4,"",0,"8",0,"8",8,"",300,"",2,"",0,"",-2.0,"",.0,"8","U","",5.0,"",95,"",-2.7,"",1006.6,"",1020.5,"",2,.2,"",.0,"8",0,"8","71","7","6","","7","","","2","","","/","","",0,"8",.0,"8",.0,"8","","8",0,"8","","",.0,"8",.0,"8",.0,"8",.0,"8",.0,"8",.0,"8",.0,"8",.0,"8",.0,"8",0,"8",0,"8",0,"8","","",0,"8",0,"8"
"352190360","P£OCK","2006","02","13","05","1","",0,"8",0,"8","","","",3,"",0,"8",0,"8",8,"",290,"",2,"",0,"",-1.9,"",.0,"8","U","",5.1,"",96,"",-2.5,"",1006.8,"",1020.7,"",3,.3,"",.0,"8",0,"8","46","4","8","","6","","","/","","","/","","",0,"8",.0,"8",.0,"8","","8",0,"8","","",.0,"8",.0,"8",.0,"8",.0,"8",.0,"8",.0,"8",.0,"8",.0,"8",.0,"8",0,"8",0,"8",0,"8","","",0,"8",0,"8"
"352190360","P£OCK","2006","02","13","06","2","",0,"8",0,"8","","","",3,"",0,"8",0,"8",8,"",290,"",2,"",0,"",-1.9,"",.0,"8","U","",5.1,"",96,"",-2.5,"",1007.0,"",1020.9,"",2,.5,"",.0,"",7,"","71","7","6","","7","","","2","","","/","","",18,"",.0,"8",.0,"8","","8",0,"8","","",.0,"8",.0,"8",.0,"8",.0,"8",.0,"8",.0,"8",.0,"8",.0,"8",.0,"8",0,"8",0,"8",0,"8","","",0,"8",0,"8"
"352190360","P£OCK","2006","02","13","07","2","",0,"8",0,"8","","","",2,"",0,"8",0,"8",8,"",260,"",1,"",0,"",-1.7,"",.0,"8","U","",5.2,"",97,"",-2.1,"",1007.1,"",1021.0,"",2,.5,"",.0,"8",0,"8","68","7","8","","6","","","/","","","/","","",0,"8",.0,"8",.0,"8","","8",0,"8","","",.0,"8",.0,"8",.0,"8",.0,"8",.0,"8",.0,"8",.0,"8",.0,"8",.0,"8",0,"8",0,"8",0,"8","","",0,"8",0,"8"
"352190360","P£OCK","2006","02","13","08","2","",0,"8",0,"8","","","",3,"",0,"8",0,"8",8,"",290,"",2,"",0,"",-1.5,"",.0,"8","U","",5.3,"",97,"",-1.9,"",1007.3,"",1021.2,"",2,.5,"",.0,"8",0,"8","71","7","8","","7","","","/","","","/","","",0,"8",.0,"8",.0,"8","","8",0,"8","","",.0,"8",.0,"8",.0,"8",.0,"8",.0,"8",.0,"8",.0,"8",.0,"8",.0,"8",0,"8",0,"8",0,"8","","",0,"8",0,"8"
"352190360","P£OCK","2006","02","13","09","2","",0,"8",0,"8","","","",4,"",0,"8",0,"8",8,"",310,"",2,"",0,"",-1.2,"",.0,"8","U","",5.4,"",97,"",-1.6,"",1007.4,"",1021.3,"",2,.4,"",.0,"8",0,"8","71","7","6","","7","","","2","","","/","","",0,"8",.0,"8",.0,"8","","8",0,"8","","",.0,"8",.0,"8",.0,"8",.0,"8",.0,"8",.0,"8",.0,"8",.0,"8",.0,"8",0,"8",0,"8",0,"8","","",0,"8",0,"8"
"352190360","P£OCK","2006","02","13","10","3","",0,"8",0,"8","","","",5,"",0,"8",0,"8",8,"",310,"",1,"",0,"",-.8,"",.0,"8","U","",5.5,"",96,"",-1.4,"",1007.6,"",1021.4,"",2,.5,"",.0,"8",0,"8","71","7","5","","7","","","2","","","/","","",0,"8",.0,"8",.0,"8","","8",0,"8","","",.0,"8",.0,"8",.0,"8",.0,"8",.0,"8",.0,"8",.0,"8",.0,"8",.0,"8",0,"8",0,"8",0,"8","","",0,"8",0,"8"
"352190360","P£OCK","2006","02","13","11","3","",0,"8",0,"8","","","",5,"",0,"8",0,"8",8,"",310,"",2,"",0,"",-.4,"",.0,"8","U","",5.5,"",93,"",-1.4,"",1007.5,"",1021.3,"",0,.2,"",.0,"8",0,"8","71","7","6","","7","","","2","","","/","","",0,"8",.0,"8",.0,"8","","8",0,"8","","",.0,"8",.0,"8",.0,"8",.0,"8",.0,"8",.0,"8",.0,"8",.0,"8",.0,"8",0,"8",0,"8",0,"8","","",0,"8",0,"8"
"352190360","P£OCK","2006","02","13","12","3","",0,"8",0,"8","","","",5,"",0,"8",0,"8",8,"",310,"",2,"",0,"",-.3,"",.0,"8","U","",5.4,"",90,"",-1.7,"",1007.4,"",1021.2,"",0,.0,"",.2,"",7,"","71","7","4","","7","","","2","","","/","","",14,"",.0,"8",.0,"8","","8",0,"8","","",.0,"8",.0,"8",.0,"8",.0,"8",.0,"8",.0,"8",.0,"8",.0,"8",.0,"8",0,"8",0,"8",0,"8","","",0,"8",0,"8"
"352190360","P£OCK","2006","02","13","13","6","",0,"8",0,"8","","","",6,"",0,"8",0,"8",8,"",310,"",2,"",0,"",-.1,"",.0,"8","U","",5.3,"",88,"",-1.8,"",1007.0,"",1020.8,"",8,-.6,"",.0,"8",0,"8","71","7","8","","5","","","/","","","/","","",0,"8",.0,"8",.0,"8","","8",0,"8","","",.0,"8",.0,"8",.0,"8",.0,"8",.0,"8",.0,"8",.0,"8",.0,"8",.0,"8",0,"8",0,"8",0,"8","","",0,"8",0,"8"
"352190360","P£OCK","2006","02","13","14","4","",0,"8",0,"8","","","",5,"",0,"8",0,"8",8,"",310,"",2,"",0,"",-.1,"",.0,"8","U","",5.3,"",88,"",-1.8,"",1007.1,"",1020.9,"",5,-.4,"",.0,"8",0,"8","71","7","5","","5","","","2","","","/","","",0,"8",.0,"8",.0,"8","","8",0,"8","","",.0,"8",.0,"8",.0,"8",.0,"8",.0,"8",.0,"8",.0,"8",.0,"8",.0,"8",0,"8",0,"8",0,"8","","",0,"8",0,"8"
"352190360","P£OCK","2006","02","13","15","4","",0,"8",0,"8","","","",5,"",0,"8",0,"8",8,"",350,"",2,"",0,"",-.3,"",.0,"8","U","",5.4,"",91,"",-1.6,"",1007.2,"",1021.0,"",5,-.2,"",.0,"8",0,"8","71","7","5","","5","","","2","","","/","","",0,"8",.0,"8",.0,"8","","8",0,"8","","",.0,"8",.0,"8",.0,"8",.0,"8",.0,"8",.0,"8",.0,"8",.0,"8",.0,"8",0,"8",0,"8",0,"8","","",0,"8",0,"8"
"352190360","P£OCK","2006","02","13","16","4","",0,"8",0,"8","","","",5,"",0,"8",0,"8",8,"",330,"",2,"",0,"",-.6,"",.0,"8","U","",5.3,"",90,"",-2.0,"",1007.3,"",1021.1,"",2,.3,"",.0,"8",0,"8","22","2","8","","5","","","/","","","/","","",0,"8",.0,"8",.0,"8","","8",0,"8","","",.0,"8",.0,"8",.0,"8",.0,"8",.0,"8",.0,"8",.0,"8",.0,"8",.0,"8",0,"8",0,"8",0,"8","","",0,"8",0,"8"
"352190360","P£OCK","2006","02","13","17","6","",0,"8",0,"8","","","",6,"",0,"8",0,"8",8,"",300,"",2,"",0,"",-.6,"",.0,"8","U","",5.3,"",91,"",-1.9,"",1007.5,"",1021.3,"",2,.4,"",.0,"8",0,"8","10","2","8","","5","","","/","","","/","","",0,"8",.0,"8",.0,"8","","8",0,"8","","",.0,"8",.0,"8",.0,"8",.0,"8",.0,"8",.0,"8",.0,"8",.0,"8",.0,"8",0,"8",0,"8",0,"8","","",0,"8",0,"8"
"352190360","P£OCK","2006","02","13","18","5","",0,"8",0,"8","","","",6,"",0,"8",0,"8",8,"",300,"",2,"",0,"",-.7,"",.0,"8","U","",5.3,"",91,"",-2.0,"",1007.5,"",1021.3,"",1,.3,"",.2,"",7,"","85","7","8","","9","","","/","","","/","","",14,"",.0,"8",.0,"8","","8",0,"8","","",.0,"8",.0,"8",.0,"8",.0,"8",.0,"8",.0,"8",.0,"8",.0,"8",.0,"8",0,"8",0,"8",0,"8","","",0,"8",0,"8"
"352190360","P£OCK","2006","02","13","19","6","",0,"8",0,"8","","","",5,"",0,"8",0,"8",8,"",310,"",2,"",0,"",-.9,"",.0,"8","U","",5.2,"",91,"",-2.2,"",1007.5,"",1021.3,"",1,.2,"",.0,"8",0,"8","85","2","8","","9","","","/","","","/","","",0,"8",.0,"8",.0,"8","","8",0,"8","","",.0,"8",.0,"8",.0,"8",.0,"8",.0,"8",.0,"8",.0,"8",.0,"8",.0,"8",0,"8",0,"8",0,"8","","",0,"8",0,"8"
"352190360","P£OCK","2006","02","13","20","6","",0,"8",0,"8","","","",5,"",0,"8",0,"8",8,"",300,"",2,"",0,"",-1.0,"",.0,"8","U","",5.2,"",92,"",-2.1,"",1007.7,"",1021.6,"",3,.2,"",.0,"8",0,"8","85","2","8","","9","","","/","","","/","","",0,"8",.0,"8",.0,"8","","8",0,"8","","",.0,"8",.0,"8",.0,"8",.0,"8",.0,"8",.0,"8",.0,"8",.0,"8",.0,"8",0,"8",0,"8",0,"8","","",0,"8",0,"8"
"352190360","P£OCK","2006","02","13","21","6","",0,"8",0,"8","","","",5,"",0,"8",0,"8",7,"",290,"",3,"",0,"",-1.0,"",.0,"8","U","",5.3,"",94,"",-1.8,"",1007.8,"",1021.7,"",3,.3,"",.0,"8",0,"8","85","8","7","","9","","","/","","","/","","",0,"8",.0,"8",.0,"8","","8",0,"8","","",.0,"8",.0,"8",.0,"8",.0,"8",.0,"8",.0,"8",.0,"8",.0,"8",.0,"8",0,"8",0,"8",0,"8","","",0,"8",0,"8"
"352190360","P£OCK","2006","02","13","22","5","",0,"8",0,"8","","","",5,"",0,"8",0,"8",8,"",300,"",2,"",0,"",-.9,"",.0,"8","U","",5.4,"",94,"",-1.7,"",1007.8,"",1021.6,"",1,.3,"",.0,"8",0,"8","85","8","8","","9","","","/","","","/","","",0,"8",.0,"8",.0,"8","","8",0,"8","","",.0,"8",.0,"8",.0,"8",.0,"8",.0,"8",.0,"8",.0,"8",.0,"8",.0,"8",0,"8",0,"8",0,"8","","",0,"8",0,"8"
"352190360","P£OCK","2006","02","13","23","5","",0,"8",0,"8","","","",5,"",0,"8",0,"8",7,"",300,"",2,"",0,"",-1.0,"",.0,"8","U","",5.4,"",95,"",-1.7,"",1007.7,"",1021.6,"",0,.0,"",.0,"8",0,"8","85","8","7","","9","","","/","","","/","","",0,"8",.0,"8",.0,"8","","8",0,"8","","",.0,"8",.0,"8",.0,"8",.0,"8",.0,"8",.0,"8",.0,"8",.0,"8",.0,"8",0,"8",0,"8",0,"8","","",0,"8",0,"8"
"352190360","P£OCK","2006","02","14","00","3","",0,"8",0,"8","","","",5,"",0,"8",0,"8",7,"",300,"",2,"",0,"",-1.1,"",.0,"8","U","",5.4,"",95,"",-1.8,"",1007.8,"",1021.7,"",5,.0,"",.5,"",7,"","85","8","7","","9","","","/","","","/","","",18,"",.0,"8",.0,"8","","8",0,"8","","",.0,"8",.0,"8",.0,"8",.0,"8",.0,"8",.0,"8",.0,"8",.0,"8",.0,"8",0,"8",0,"8",0,"8","","",0,"8",0,"8"
"352190360","P£OCK","2006","02","14","01","3","",0,"8",0,"8","","","",5,"",0,"8",0,"8",8,"",320,"",2,"",0,"",-1.4,"",.0,"8","U","",5.2,"",95,"",-2.1,"",1007.8,"",1021.7,"",4,.0,"",.0,"8",0,"8","71","8","6","","7","","","2","","","/","","",0,"8",.0,"8",.0,"8","","8",0,"8","","",.0,"8",.0,"8",.0,"8",.0,"8",.0,"8",.0,"8",.0,"8",.0,"8",.0,"8",0,"8",0,"8",0,"8","","",0,"8",0,"8"
"352190360","P£OCK","2006","02","14","02","3","",0,"8",0,"8","","","",5,"",0,"8",0,"8",8,"",310,"",2,"",0,"",-1.8,"",.0,"8","U","",5.0,"",94,"",-2.6,"",1007.7,"",1021.6,"",0,.0,"",.0,"8",0,"8","71","7","3","","7","","","2","","","/","","",0,"8",.0,"8",.0,"8","","8",0,"8","","",.0,"8",.0,"8",.0,"8",.0,"8",.0,"8",.0,"8",.0,"8",.0,"8",.0,"8",0,"8",0,"8",0,"8","","",0,"8",0,"8"
"352190360","P£OCK","2006","02","14","03","4","",0,"8",0,"8","","","",5,"",0,"8",0,"8",8,"",290,"",1,"",0,"",-2.0,"",.0,"8","U","",5.0,"",95,"",-2.7,"",1007.5,"",1021.4,"",8,-.3,"",.0,"8",0,"8","71","8","6","","5","","","2","","","/","","",0,"8",.0,"8",.0,"8","","8",0,"8","","",.0,"8",.0,"8",.0,"8",.0,"8",.0,"8",.0,"8",.0,"8",.0,"8",.0,"8",0,"8",0,"8",0,"8","","",0,"8",0,"8"
"352190360","P£OCK","2006","02","14","04","6","",0,"8",0,"8","","","",6,"",0,"8",0,"8",8,"",250,"",2,"",0,"",-1.8,"",.0,"8","U","",5.0,"",94,"",-2.6,"",1007.3,"",1021.2,"",7,-.5,"",.0,"8",0,"8","22","7","8","","5","","","/","","","/","","",0,"8",.0,"8",.0,"8","","8",0,"8","","",.0,"8",.0,"8",.0,"8",.0,"8",.0,"8",.0,"8",.0,"8",.0,"8",.0,"8",0,"8",0,"8",0,"8","","",0,"8",0,"8"
"352190360","P£OCK","2006","02","14","05","6","",0,"8",0,"8","","","",5,"",0,"8",0,"8",7,"",220,"",3,"",0,"",-1.8,"",.0,"8","U","",5.1,"",95,"",-2.5,"",1006.9,"",1020.8,"",8,-.8,"",.0,"8",0,"8","10","2","7","","9","","","/","","","/","","",0,"8",.0,"8",.0,"8","","8",0,"8","","",.0,"8",.0,"8",.0,"8",.0,"8",.0,"8",.0,"8",.0,"8",.0,"8",.0,"8",0,"8",0,"8",0,"8","","",0,"8",0,"8"
"352190360","P£OCK","2006","02","14","06","5","",0,"8",0,"8","","","",5,"",0,"8",0,"8",8,"",220,"",3,"",0,"",-1.8,"",.0,"8","U","",5.1,"",95,"",-2.5,"",1007.0,"",1020.9,"",5,-.5,"",.1,"",7,"","10","8","8","","9","","","/","","","/","","",18,"",.0,"8",.0,"8","","8",0,"8","","",.0,"8",.0,"8",.0,"8",.0,"8",.0,"8",.0,"8",.0,"8",.0,"8",.0,"8",0,"8",0,"8",0,"8","","",0,"8",0,"8"
"352190360","P£OCK","2006","02","14","07","5","",0,"8",0,"8","","","",5,"",0,"8",0,"8",8,"",230,"",3,"",0,"",-1.6,"",.0,"8","U","",5.0,"",92,"",-2.7,"",1007.4,"",1021.3,"",3,.1,"",.0,"8",0,"8","85","8","8","","9","","","/","","","/","","",0,"8",.0,"8",.0,"8","","8",0,"8","","",.0,"8",.0,"8",.0,"8",.0,"8",.0,"8",.0,"8",.0,"8",.0,"8",.0,"8",0,"8",0,"8",0,"8","","",0,"8",0,"8"
"352190360","P£OCK","2006","02","14","08","4","",0,"8",0,"8","","","",5,"",0,"8",0,"8",8,"",230,"",4,"",0,"",-1.8,"",.0,"8","U","",4.9,"",91,"",-3.1,"",1007.2,"",1021.1,"",0,.3,"",.0,"8",0,"8","71","8","6","","5","","","2","","","/","","",0,"8",.0,"8",.0,"8","","8",0,"8","","",.0,"8",.0,"8",.0,"8",.0,"8",.0,"8",.0,"8",.0,"8",.0,"8",.0,"8",0,"8",0,"8",0,"8","","",0,"8",0,"8"
"352190360","P£OCK","2006","02","14","09","3","",0,"8",0,"8","","","",6,"",0,"8",0,"8",8,"",230,"",4,"",0,"",-1.4,"",.0,"8","U","",5.0,"",90,"",-2.8,"",1007.3,"",1021.2,"",2,.3,"",.0,"8",0,"8","71","8","6","","7","","","2","","","/","","",0,"8",.0,"8",.0,"8","","8",0,"8","","",.0,"8",.0,"8",.0,"8",.0,"8",.0,"8",.0,"8",.0,"8",.0,"8",.0,"8",0,"8",0,"8",0,"8","","",0,"8",0,"8"
"352190360","P£OCK","2006","02","14","10","3","",0,"8",0,"8","","","",5,"",0,"8",0,"8",8,"",280,"",4,"",0,"",-1.2,"",.0,"8","U","",5.1,"",91,"",-2.5,"",1007.6,"",1021.5,"",3,.2,"",.0,"8",0,"8","71","7","6","","7","","","2","","","/","","",0,"8",.0,"8",.0,"8","","8",0,"8","","",.0,"8",.0,"8",.0,"8",.0,"8",.0,"8",.0,"8",.0,"8",.0,"8",.0,"8",0,"8",0,"8",0,"8","","",0,"8",0,"8"
"352190360","P£OCK","2006","02","14","11","3","",0,"8",0,"8","","","",5,"",0,"8",0,"8",8,"",280,"",5,"",0,"",-.8,"",.0,"8","U","",5.2,"",91,"",-2.1,"",1007.4,"",1021.2,"",0,.2,"",.0,"8",0,"8","71","7","6","","7","","","2","","","/","","",0,"8",.0,"8",.0,"8","","8",0,"8","","",.0,"8",.0,"8",.0,"8",.0,"8",.0,"8",.0,"8",.0,"8",.0,"8",.0,"8",0,"8",0,"8",0,"8","","",0,"8",0,"8"
"352190360","P£OCK","2006","02","14","12","4","",0,"8",0,"8","","","",5,"",0,"8",0,"8",8,"",240,"",3,"",0,"",-.5,"",.0,"8","U","",5.4,"",92,"",-1.6,"",1007.2,"",1021.0,"",8,-.1,"",.9,"",7,"","71","8","6","","5","","","2","","","/","","",14,"",.0,"8",.0,"8","","8",0,"8","","",.0,"8",.0,"8",.0,"8",.0,"8",.0,"8",.0,"8",.0,"8",.0,"8",.0,"8",0,"8",0,"8",0,"8","","",0,"8",0,"8"
"352190360","P£OCK","2006","02","14","13","4","",0,"8",0,"8","","","",5,"",0,"8",0,"8",8,"",270,"",4,"",0,"",.1,"",.0,"8","U","",5.5,"",89,"",-1.5,"",1007.0,"",1020.8,"",7,-.6,"",.0,"8",0,"8","22","7","8","","5","","","/","","","/","","",0,"8",.0,"8",.0,"8","","8",0,"8","","",.0,"8",.0,"8",.0,"8",.0,"8",.0,"8",.0,"8",.0,"8",.0,"8",.0,"8",0,"8",0,"8",0,"8","","",0,"8",0,"8"
"352190360","P£OCK","2006","02","14","14","2","",0,"8",0,"8","","","",5,"",0,"8",0,"8",8,"",270,"",3,"",0,"",.2,"",.0,"8","U","",5.6,"",91,"",-1.1,"",1006.9,"",1020.7,"",7,-.5,"",.0,"8",0,"8","71","2","6","","7","","","2","","","/","","",0,"8",.0,"8",.0,"8","","8",0,"8","","",.0,"8",.0,"8",.0,"8",.0,"8",.0,"8",.0,"8",.0,"8",.0,"8",.0,"8",0,"8",0,"8",0,"8","","",0,"8",0,"8"
"352190360","P£OCK","2006","02","14","15","2","",0,"8",0,"8","","","",4,"",0,"8",0,"8",8,"",280,"",3,"",0,"",.2,"",.0,"8","U","",5.8,"",93,"",-.8,"",1007.0,"",1020.8,"",5,-.2,"",.0,"8",0,"8","51","7","8","","6","","","/","","","/","","",0,"8",.0,"8",.0,"8","","8",0,"8","","",.0,"8",.0,"8",.0,"8",.0,"8",.0,"8",.0,"8",.0,"8",.0,"8",.0,"8",0,"8",0,"8",0,"8","","",0,"8",0,"8"
"352190360","P£OCK","2006","02","14","16","2","",0,"8",0,"8","","","",5,"",0,"8",0,"8",8,"",270,"",4,"",0,"",.4,"",.0,"8","U","",5.7,"",90,"",-1.0,"",1007.1,"",1020.9,"",3,.1,"",.0,"8",0,"8","20","5","8","","5","","","/","","","/","","",0,"8",.0,"8",.0,"8","","8",0,"8","","",.0,"8",.0,"8",.0,"8",.0,"8",.0,"8",.0,"8",.0,"8",.0,"8",.0,"8",0,"8",0,"8",0,"8","","",0,"8",0,"8"
"352190360","P£OCK","2006","02","14","17","5","",0,"8",0,"8","","","",5,"",0,"8",0,"8",8,"",280,"",3,"",0,"",.2,"",.0,"8","U","",5.7,"",92,"",-.9,"",1007.1,"",1020.9,"",1,.2,"",.0,"8",0,"8","80","8","8","","9","","","/","","","/","","",0,"8",.0,"8",.0,"8","","8",0,"8","","",.0,"8",.0,"8",.0,"8",.0,"8",.0,"8",.0,"8",.0,"8",.0,"8",.0,"8",0,"8",0,"8",0,"8","","",0,"8",0,"8"
"352190360","P£OCK","2006","02","14","18","5","",0,"8",0,"8","","","",4,"",0,"8",0,"8",8,"",290,"",3,"",0,"",.1,"",.0,"8","U","",5.7,"",93,"",-.9,"",1007.0,"",1020.8,"",0,.0,"",.1,"",7,"","25","7","8","","5","","","/","","","/","","",14,"",.0,"8",.0,"8","","8",0,"8","","",.0,"8",.0,"8",.0,"8",.0,"8",.0,"8",.0,"8",.0,"8",.0,"8",.0,"8",0,"8",0,"8",0,"8","","",0,"8",0,"8"
"352190360","P£OCK","2006","02","14","19","4","",0,"8",0,"8","","","",4,"",0,"8",0,"8",8,"",290,"",3,"",0,"",.0,"",.0,"8","U","",5.7,"",94,"",-.9,"",1006.9,"",1020.7,"",8,-.2,"",.0,"8",0,"8","66","6","8","","5","","","/","","","/","","",0,"8",.0,"8",.0,"8","","8",0,"8","","",.0,"8",.0,"8",.0,"8",.0,"8",.0,"8",.0,"8",.0,"8",.0,"8",.0,"8",0,"8",0,"8",0,"8","","",0,"8",0,"8"
"352190360","P£OCK","2006","02","14","20","3","",0,"8",0,"8","","","",4,"",0,"8",0,"8",8,"",290,"",3,"",0,"",.0,"",.0,"8","U","",5.8,"",95,"",-.7,"",1006.9,"",1020.7,"",6,-.2,"",.0,"8",0,"8","66","6","8","","5","","","/","","","/","","",0,"8",.0,"8",.0,"8","","8",0,"8","","",.0,"8",.0,"8",.0,"8",.0,"8",.0,"8",.0,"8",.0,"8",.0,"8",.0,"8",0,"8",0,"8",0,"8","","",0,"8",0,"8"
"352190360","P£OCK","2006","02","14","21","3","",0,"8",0,"8","","","",5,"",0,"8",0,"8",8,"",300,"",2,"",0,"",.0,"",.0,"8","U","",5.8,"",95,"",-.7,"",1006.8,"",1020.6,"",7,-.2,"",.0,"8",0,"8","24","6","8","","5","","","/","","","/","","",0,"8",.0,"8",.0,"8","","8",0,"8","","",.0,"8",.0,"8",.0,"8",.0,"8",.0,"8",.0,"8",.0,"8",.0,"8",.0,"8",0,"8",0,"8",0,"8","","",0,"8",0,"8"
"352190360","P£OCK","2006","02","14","22","4","",0,"8",0,"8","","","",4,"",0,"8",0,"8",8,"",320,"",1,"",0,"",-.3,"",.0,"8","U","",5.6,"",94,"",-1.1,"",1006.8,"",1020.6,"",6,-.1,"",.0,"8",0,"8","10","2","8","","5","","","/","","","/","","",0,"8",.0,"8",.0,"8","","8",0,"8","","",.0,"8",.0,"8",.0,"8",.0,"8",.0,"8",.0,"8",.0,"8",.0,"8",.0,"8",0,"8",0,"8",0,"8","","",0,"8",0,"8"
"352190360","P£OCK","2006","02","14","23","2","",0,"8",0,"8","","","",5,"",0,"8",0,"8",8,"",130,"",1,"",0,"",-.3,"",.0,"8","U","",5.7,"",95,"",-1.0,"",1006.8,"",1020.6,"",6,-.1,"",.0,"8",0,"8","10","2","8","","6","","","/","","","/","","",0,"8",.0,"8",.0,"8","","8",0,"8","","",.0,"8",.0,"8",.0,"8",.0,"8",.0,"8",.0,"8",.0,"8",.0,"8",.0,"8",0,"8",0,"8",0,"8","","",0,"8",0,"8"
"352190360","P£OCK","2006","02","15","00","2","",0,"8",0,"8","","","",5,"",0,"8",0,"8",8,"",0,"",0,"",0,"",-.3,"",.0,"8","U","",5.6,"",94,"",-1.1,"",1006.6,"",1020.4,"",8,-.2,"",.1,"",7,"","22","6","8","","6","","","/","","","/","","",14,"",.0,"8",.0,"8","","8",0,"8","","",.0,"8",.0,"8",.0,"8",.0,"8",.0,"8",.0,"8",.0,"8",.0,"8",.0,"8",0,"8",0,"8",0,"8","","",0,"8",0,"8"
"352190360","P£OCK","2006","02","15","01","1","",0,"8",0,"8","","","",1,"",0,"8",0,"8",8,"",170,"",1,"",0,"",-.3,"",.0,"8","U","",5.7,"",95,"",-1.0,"",1006.2,"",1020.0,"",8,-.6,"",.0,"8",0,"8","46","2","8","","6","","","/","","","/","","",0,"8",.0,"8",.0,"8","","8",0,"8","","",.0,"8",.0,"8",.0,"8",.0,"8",.0,"8",.0,"8",.0,"8",.0,"8",.0,"8",0,"8",0,"8",0,"8","","",0,"8",0,"8"
"352190360","P£OCK","2006","02","15","02","1","",0,"8",0,"8","","","",3,"",0,"8",0,"8",8,"",190,"",1,"",0,"",-.3,"",.0,"8","U","",5.7,"",96,"",-.9,"",1005.8,"",1019.6,"",8,-1.0,"",.0,"8",0,"8","42","4","8","","6","","","/","","","/","","",0,"8",.0,"8",.0,"8","","8",0,"8","","",.0,"8",.0,"8",.0,"8",.0,"8",.0,"8",.0,"8",.0,"8",.0,"8",.0,"8",0,"8",0,"8",0,"8","","",0,"8",0,"8"
"352190360","P£OCK","2006","02","15","03","1","",0,"8",0,"8","","","",2,"",0,"8",0,"8",8,"",170,"",1,"",0,"",-.3,"",.0,"8","U","",5.7,"",96,"",-.9,"",1005.1,"",1018.9,"",8,-1.5,"",.0,"8",0,"8","46","4","8","","6","","","/","","","/","","",0,"8",.0,"8",.0,"8","","8",0,"8","","",.0,"8",.0,"8",.0,"8",.0,"8",.0,"8",.0,"8",.0,"8",.0,"8",.0,"8",0,"8",0,"8",0,"8","","",0,"8",0,"8"
"352190360","P£OCK","2006","02","15","04","1","",0,"8",0,"8","","","",4,"",0,"8",0,"8",8,"",200,"",2,"",0,"",-.4,"",.0,"8","U","",5.7,"",96,"",-1.0,"",1004.8,"",1018.6,"",7,-1.4,"",.0,"8",0,"8","28","4","8","","6","","","/","","","/","","",0,"8",.0,"8",.0,"8","","8",0,"8","","",.0,"8",.0,"8",.0,"8",.0,"8",.0,"8",.0,"8",.0,"8",.0,"8",.0,"8",0,"8",0,"8",0,"8","","",0,"8",0,"8"
"352190360","P£OCK","2006","02","15","05","1","",0,"8",0,"8","","","",4,"",0,"8",0,"8",8,"",210,"",2,"",0,"",-.5,"",.0,"8","U","",5.7,"",96,"",-1.1,"",1004.4,"",1018.2,"",7,-1.4,"",.0,"8",0,"8","10","2","8","","6","","","/","","","/","","",0,"8",.0,"8",.0,"8","","8",0,"8","","",.0,"8",.0,"8",.0,"8",.0,"8",.0,"8",.0,"8",.0,"8",.0,"8",.0,"8",0,"8",0,"8",0,"8","","",0,"8",0,"8"
"352190360","P£OCK","2006","02","15","06","2","",0,"8",0,"8","","","",4,"",0,"8",0,"8",8,"",190,"",2,"",0,"",-.5,"",.0,"8","U","",5.7,"",96,"",-1.1,"",1004.2,"",1018.0,"",7,-.9,"",.0,"9",0,"9","10","4","8","","5","","","/","","","/","","",14,"",.0,"8",.0,"8","","8",0,"8","","",.0,"8",.0,"8",.0,"8",.0,"8",.0,"8",.0,"8",.0,"8",.0,"8",.0,"8",0,"8",0,"8",0,"8","","",0,"8",0,"8"
"352190360","P£OCK","2006","02","15","07","2","",0,"8",0,"8","","","",5,"",0,"8",0,"8",8,"",180,"",2,"",0,"",-.6,"",.0,"8","U","",5.4,"",93,"",-1.6,"",1004.1,"",1017.9,"",6,-.7,"",.0,"8",0,"8","10","2","8","","5","","","/","","","/","","",0,"8",.0,"8",.0,"8","","8",0,"8","","",.0,"8",.0,"8",.0,"8",.0,"8",.0,"8",.0,"8",.0,"8",.0,"8",.0,"8",0,"8",0,"8",0,"8","","",0,"8",0,"8"
"352190360","P£OCK","2006","02","15","08","2","",0,"8",0,"8","","","",5,"",0,"8",0,"8",8,"",200,"",3,"",0,"",-.7,"",.0,"8","U","",5.2,"",90,"",-2.1,"",1003.7,"",1017.5,"",7,-.7,"",.0,"8",0,"8","77","7","8","","6","","","/","","","/","","",0,"8",.0,"8",.0,"8","","8",0,"8","","",.0,"8",.0,"8",.0,"8",.0,"8",.0,"8",.0,"8",.0,"8",.0,"8",.0,"8",0,"8",0,"8",0,"8","","",0,"8",0,"8"
"352190360","P£OCK","2006","02","15","09","2","",0,"8",0,"8","","","",5,"",0,"8",0,"8",8,"",140,"",2,"",0,"",-.5,"",.0,"8","U","",5.2,"",89,"",-2.1,"",1003.3,"",1017.1,"",8,-.9,"",.0,"8",0,"8","20","7","8","","5","","","/","","","/","","",0,"8",.0,"8",.0,"8","","8",0,"8","","",.0,"8",.0,"8",.0,"8",.0,"8",.0,"8",.0,"8",.0,"8",.0,"8",.0,"8",0,"8",0,"8",0,"8","","",0,"8",0,"8"
"352190360","P£OCK","2006","02","15","10","4","",0,"8",0,"8","","","",5,"",0,"8",0,"8",8,"",160,"",2,"",0,"",.0,"",.0,"8","U","",5.2,"",85,"",-2.2,"",1002.7,"",1016.4,"",8,-1.4,"",.0,"8",0,"8","10","2","8","","5","","","/","","","/","","",0,"8",.0,"8",.0,"8","","8",0,"8","","",.0,"8",.0,"8",.0,"8",.0,"8",.0,"8",.0,"8",.0,"8",.0,"8",.0,"8",0,"8",0,"8",0,"8","","",0,"8",0,"8"
"352190360","P£OCK","2006","02","15","11","6","",0,"8",0,"8","","","",6,"",0,"8",0,"8",7,"",140,"",3,"",0,"",.1,"",.0,"8","U","",5.0,"",81,"",-2.8,"",1001.8,"",1015.5,"",8,-1.9,"",.0,"8",0,"8","10","2","7","","5","","","/","","","/","","",0,"8",.0,"8",.0,"8","","8",0,"8","","",.0,"8",.0,"8",.0,"8",.0,"8",.0,"8",.0,"8",.0,"8",.0,"8",.0,"8",0,"8",0,"8",0,"8","","",0,"8",0,"8"
"352190360","P£OCK","2006","02","15","12","7","",0,"8",0,"8","","","",6,"",0,"8",0,"8",5,"",130,"",3,"",0,"",.9,"",.0,"8","U","",5.1,"",78,"",-2.5,"",1000.7,"",1014.4,"",8,-2.6,"",.0,"",7,"","10","7","5","","5","","","0","","","0","","",14,"",.0,"8",.0,"8","","8",0,"8","","",.0,"8",.0,"8",.0,"8",.0,"8",.0,"8",.0,"8",.0,"8",.0,"8",.0,"8",0,"8",0,"8",0,"8","","",0,"8",0,"8"
"352190360","P£OCK","2006","02","15","13","7","",0,"8",0,"8","","","",6,"",0,"8",0,"8",2,"",130,"",4,"",0,"",.7,"",.0,"8","U","",5.0,"",77,"",-2.9,"",999.5,"",1013.2,"",8,-3.2,"",.0,"8",0,"8","10","1","2","","5","","","0","","","0","","",0,"8",.0,"8",.0,"8","","8",0,"8","","",.0,"8",.0,"8",.0,"8",.0,"8",.0,"8",.0,"8",.0,"8",.0,"8",.0,"8",0,"8",0,"8",0,"8","","",0,"8",0,"8"
"352190360","P£OCK","2006","02","15","14","5","",0,"8",0,"8","","","",6,"",0,"8",0,"8",1,"",150,"",4,"",0,"",.7,"",.0,"8","U","",4.9,"",76,"",-3.0,"",998.6,"",1012.2,"",7,-3.2,"",.0,"8",0,"8","10","0","1","","5","","","0","","","0","","",0,"8",.0,"8",.0,"8","","8",0,"8","","",.0,"8",.0,"8",.0,"8",.0,"8",.0,"8",.0,"8",.0,"8",.0,"8",.0,"8",0,"8",0,"8",0,"8","","",0,"8",0,"8"
"352190360","P£OCK","2006","02","15","15","5","",0,"8",0,"8","","","",6,"",0,"8",0,"8",3,"",130,"",3,"",0,"",-.3,"",.0,"8","U","",4.7,"",79,"",-3.5,"",998.1,"",1011.8,"",6,-2.6,"",.0,"8",0,"8","10","1","3","","5","","","0","","","0","","",0,"8",.0,"8",.0,"8","","8",0,"8","","",.0,"8",.0,"8",.0,"8",.0,"8",.0,"8",.0,"8",.0,"8",.0,"8",.0,"8",0,"8",0,"8",0,"8","","",0,"8",0,"8"
"352190360","P£OCK","2006","02","15","16","5","",0,"8",0,"8","","","",6,"",0,"8",0,"8",8,"",130,"",3,"",0,"",-.5,"",.0,"8","U","",4.7,"",80,"",-3.5,"",997.2,"",1010.9,"",7,-2.3,"",.0,"8",0,"8","10","1","8","","5","","","/","","","/","","",0,"8",.0,"8",.0,"8","","8",0,"8","","",.0,"8",.0,"8",.0,"8",.0,"8",.0,"8",.0,"8",.0,"8",.0,"8",.0,"8",0,"8",0,"8",0,"8","","",0,"8",0,"8"
"352190360","P£OCK","2006","02","15","17","5","",0,"8",0,"8","","","",6,"",0,"8",0,"8",7,"",130,"",5,"",0,"",-.1,"",.0,"8","U","",4.4,"",73,"",-4.4,"",996.4,"",1010.1,"",7,-2.2,"",.0,"8",0,"8","10","2","7","","5","","","/","","","/","","",0,"8",.0,"8",.0,"8","","8",0,"8","","",.0,"8",.0,"8",.0,"8",.0,"8",.0,"8",.0,"8",.0,"8",.0,"8",.0,"8",0,"8",0,"8",0,"8","","",0,"8",0,"8"
"352190360","P£OCK","2006","02","15","18","6","",0,"8",0,"8","","","",7,"",0,"8",0,"8",7,"",130,"",5,"",0,"",-.5,"",.0,"8","U","",4.3,"",73,"",-4.7,"",995.6,"",1009.3,"",7,-2.5,"",.0,"9",0,"9","02","1","7","","5","","","/","","","/","","",14,"",.0,"8",.0,"8","","8",0,"8","","",.0,"8",.0,"8",.0,"8",.0,"8",.0,"8",.0,"8",.0,"8",.0,"8",.0,"8",0,"8",0,"8",0,"8","","",0,"8",0,"8"
"352190360","P£OCK","2006","02","15","19","6","",0,"8",0,"8","","","",7,"",0,"8",0,"8",7,"",120,"",6,"",0,"",-.3,"",.0,"8","U","",4.4,"",73,"",-4.6,"",994.7,"",1008.3,"",7,-2.5,"",.0,"8",0,"8","02","2","7","","5","","","/","","","/","","",0,"8",.0,"8",.0,"8","","8",0,"8","","",.0,"8",.0,"8",.0,"8",.0,"8",.0,"8",.0,"8",.0,"8",.0,"8",.0,"8",0,"8",0,"8",0,"8","","",0,"8",0,"8"
"352190360","P£OCK","2006","02","15","20","5","",0,"8",0,"8","","","",7,"",0,"8",0,"8",7,"",120,"",5,"",0,"",-.5,"",.0,"8","U","",4.5,"",76,"",-4.2,"",994.0,"",1007.6,"",7,-2.4,"",.0,"8",0,"8","02","2","7","","5","","","/","","","/","","",0,"8",.0,"8",.0,"8","","8",0,"8","","",.0,"8",.0,"8",.0,"8",.0,"8",.0,"8",.0,"8",.0,"8",.0,"8",.0,"8",0,"8",0,"8",0,"8","","",0,"8",0,"8"
"352190360","P£OCK","2006","02","15","21","6","",0,"8",0,"8","","","",6,"",0,"8",0,"8",8,"",120,"",6,"",0,"",-.6,"",.0,"8","U","",4.5,"",77,"",-4.1,"",993.2,"",1006.8,"",7,-2.4,"",.0,"8",0,"8","10","2","8","","5","","","/","","","/","","",0,"8",.0,"8",.0,"8","","8",0,"8","","",.0,"8",.0,"8",.0,"8",.0,"8",.0,"8",.0,"8",.0,"8",.0,"8",.0,"8",0,"8",0,"8",0,"8","","",0,"8",0,"8"
"352190360","P£OCK","2006","02","15","22","6","",0,"8",0,"8","","","",6,"",0,"8",0,"8",8,"",120,"",6,"",0,"",-.7,"",.0,"8","U","",4.6,"",79,"",-3.9,"",992.7,"",1006.3,"",7,-2.0,"",.0,"8",0,"8","10","2","8","","5","","","/","","","/","","",0,"8",.0,"8",.0,"8","","8",0,"8","","",.0,"8",.0,"8",.0,"8",.0,"8",.0,"8",.0,"8",.0,"8",.0,"8",.0,"8",0,"8",0,"8",0,"8","","",0,"8",0,"8"
"352190360","P£OCK","2006","02","15","23","6","",0,"8",0,"8","","","",6,"",0,"8",0,"8",8,"",110,"",6,"",0,"",-1.4,"",.0,"8","U","",4.5,"",81,"",-4.2,"",991.8,"",1005.5,"",7,-2.2,"",.0,"8",0,"8","10","2","8","","5","","","/","","","/","","",0,"8",.0,"8",.0,"8","","8",0,"8","","",.0,"8",.0,"8",.0,"8",.0,"8",.0,"8",.0,"8",.0,"8",.0,"8",.0,"8",0,"8",0,"8",0,"8","","",0,"8",0,"8"
"352190360","P£OCK","2006","02","16","00","5","",0,"8",0,"8","","","",6,"",0,"8",0,"8",8,"",110,"",7,"",0,"",-2.2,"",.0,"8","U","",4.2,"",81,"",-5.0,"",991.0,"",1004.7,"",7,-2.2,"",.0,"9",0,"9","10","2","8","","5","","","/","","","/","","",14,"",.0,"8",.0,"8","","8",0,"8","","",.0,"8",.0,"8",.0,"8",.0,"8",.0,"8",.0,"8",.0,"8",.0,"8",.0,"8",0,"8",0,"8",0,"8","","",0,"8",0,"8"
"352190360","P£OCK","2006","02","16","01","5","",0,"8",0,"8","","","",6,"",0,"8",0,"8",8,"",120,"",6,"",0,"",-2.6,"",.0,"8","U","",4.1,"",81,"",-5.4,"",990.2,"",1003.9,"",7,-2.5,"",.0,"8",0,"8","10","2","8","","5","","","/","","","/","","",0,"8",.0,"8",.0,"8","","8",0,"8","","",.0,"8",.0,"8",.0,"8",.0,"8",.0,"8",.0,"8",.0,"8",.0,"8",.0,"8",0,"8",0,"8",0,"8","","",0,"8",0,"8"
"352190360","P£OCK","2006","02","16","02","5","",0,"8",0,"8","","","",6,"",0,"8",0,"8",8,"",120,"",6,"",0,"",-3.0,"",.0,"8","U","",4.0,"",82,"",-5.6,"",989.2,"",1002.9,"",8,-2.6,"",.0,"8",0,"8","10","2","8","","5","","","/","","","/","","",0,"8",.0,"8",.0,"8","","8",0,"8","","",.0,"8",.0,"8",.0,"8",.0,"8",.0,"8",.0,"8",.0,"8",.0,"8",.0,"8",0,"8",0,"8",0,"8","","",0,"8",0,"8"
"352190360","P£OCK","2006","02","16","03","4","",0,"8",0,"8","","","",6,"",0,"8",0,"8",8,"",110,"",6,"",0,"",-3.4,"",.0,"8","U","",4.0,"",83,"",-5.9,"",988.4,"",1002.1,"",7,-2.6,"",.0,"8",0,"8","10","2","8","","5","","","/","","","/","","",0,"8",.0,"8",.0,"8","","8",0,"8","","",.0,"8",.0,"8",.0,"8",.0,"8",.0,"8",.0,"8",.0,"8",.0,"8",.0,"8",0,"8",0,"8",0,"8","","",0,"8",0,"8"
"352190360","P£OCK","2006","02","16","04","4","",0,"8",0,"8","","","",6,"",0,"8",0,"8",8,"",110,"",6,"",0,"",-3.6,"",.0,"8","U","",3.9,"",84,"",-5.9,"",987.8,"",1001.5,"",6,-2.4,"",.0,"8",0,"8","10","2","8","","5","","","/","","","/","","",0,"8",.0,"8",.0,"8","","8",0,"8","","",.0,"8",.0,"8",.0,"8",.0,"8",.0,"8",.0,"8",.0,"8",.0,"8",.0,"8",0,"8",0,"8",0,"8","","",0,"8",0,"8"
"352190360","P£OCK","2006","02","16","05","4","",0,"8",0,"8","","","",6,"",0,"8",0,"8",8,"",110,"",6,"",0,"",-4.0,"",.0,"8","U","",3.9,"",86,"",-6.0,"",987.0,"",1000.7,"",7,-2.2,"",.0,"8",0,"8","71","7","8","","5","","","/","","","/","","",0,"8",.0,"8",.0,"8","","8",0,"8","","",.0,"8",.0,"8",.0,"8",.0,"8",.0,"8",.0,"8",.0,"8",.0,"8",.0,"8",0,"8",0,"8",0,"8","","",0,"8",0,"8"
"352190360","P£OCK","2006","02","16","06","4","",0,"8",0,"8","","","",6,"",0,"8",0,"8",8,"",100,"",6,"",0,"",-4.2,"",.0,"8","U","",3.9,"",87,"",-6.0,"",986.5,"",1000.2,"",7,-1.9,"",.0,"",7,"","22","2","8","","5","","","/","","","/","","",14,"",.0,"8",.0,"8","","8",0,"8","","",.0,"8",.0,"8",.0,"8",.0,"8",.0,"8",.0,"8",.0,"8",.0,"8",.0,"8",0,"8",0,"8",0,"8","","",0,"8",0,"8"
"352190360","P£OCK","2006","02","16","07","4","",0,"8",0,"8","","","",6,"",0,"8",0,"8",8,"",110,"",6,"",0,"",-4.2,"",.0,"8","U","",3.9,"",87,"",-6.0,"",986.3,"",1000.0,"",6,-1.5,"",.0,"8",0,"8","10","2","8","","5","","","/","","","/","","",0,"8",.0,"8",.0,"8","","8",0,"8","","",.0,"8",.0,"8",.0,"8",.0,"8",.0,"8",.0,"8",.0,"8",.0,"8",.0,"8",0,"8",0,"8",0,"8","","",0,"8",0,"8"
"352190360","P£OCK","2006","02","16","08","4","",0,"8",0,"8","","","",6,"",0,"8",0,"8",8,"",110,"",6,"",0,"",-4.2,"",.0,"8","U","",3.9,"",88,"",-5.9,"",986.0,"",999.7,"",7,-1.0,"",.0,"8",0,"8","71","7","8","","5","","","/","","","/","","",0,"8",.0,"8",.0,"8","","8",0,"8","","",.0,"8",.0,"8",.0,"8",.0,"8",.0,"8",.0,"8",.0,"8",.0,"8",.0,"8",0,"8",0,"8",0,"8","","",0,"8",0,"8"
"352190360","P£OCK","2006","02","16","09","3","",0,"8",0,"8","","","",6,"",0,"8",0,"8",8,"",110,"",6,"",0,"",-3.8,"",.0,"8","U","",4.1,"",88,"",-5.5,"",985.7,"",999.4,"",7,-.8,"",.0,"8",0,"8","71","7","7","","7","","","/","","","/","","",0,"8",.0,"8",.0,"8","","8",0,"8","","",.0,"8",.0,"8",.0,"8",.0,"8",.0,"8",.0,"8",.0,"8",.0,"8",.0,"8",0,"8",0,"8",0,"8","","",0,"8",0,"8"
"352190360","P£OCK","2006","02","16","10","4","",0,"8",0,"8","","","",6,"",0,"8",0,"8",8,"",110,"",7,"",0,"",-3.3,"",.0,"8","U","",4.1,"",86,"",-5.3,"",985.6,"",999.3,"",6,-.7,"",.0,"8",0,"8","71","7","8","","5","","","/","","","/","","",0,"8",.0,"8",.0,"8","","8",0,"8","","",.0,"8",.0,"8",.0,"8",.0,"8",.0,"8",.0,"8",.0,"8",.0,"8",.0,"8",0,"8",0,"8",0,"8","","",0,"8",0,"8"
"352190360","P£OCK","2006","02","16","11","4","",0,"8",0,"8","","","",6,"",0,"8",0,"8",8,"",110,"",6,"",0,"",-2.8,"",.0,"8","U","",4.2,"",84,"",-5.1,"",985.0,"",998.6,"",7,-1.0,"",.0,"8",0,"8","78","7","8","","5","","","/","","","/","","",0,"8",.0,"8",.0,"8","","8",0,"8","","",.0,"8",.0,"8",.0,"8",.0,"8",.0,"8",.0,"8",.0,"8",.0,"8",.0,"8",0,"8",0,"8",0,"8","","",0,"8",0,"8"
"352190360","P£OCK","2006","02","16","12","4","",0,"8",0,"8","","","",6,"",0,"8",0,"8",8,"",110,"",6,"",0,"",-2.4,"",.0,"8","U","",4.3,"",84,"",-4.7,"",984.6,"",998.2,"",7,-1.1,"",.0,"",7,"","22","7","8","","5","","","/","","","/","","",14,"",.0,"8",.0,"8","","8",0,"8","","",.0,"8",.0,"8",.0,"8",.0,"8",.0,"8",.0,"8",.0,"8",.0,"8",.0,"8",0,"8",0,"8",0,"8","","",0,"8",0,"8"
"352190360","P£OCK","2006","02","16","13","4","",0,"8",0,"8","","","",6,"",0,"8",0,"8",8,"",110,"",7,"",0,"",-2.3,"",.0,"8","U","",4.3,"",84,"",-4.6,"",984.0,"",997.6,"",7,-1.6,"",.0,"8",0,"8","78","7","8","","5","","","/","","","/","","",0,"8",.0,"8",.0,"8","","8",0,"8","","",.0,"8",.0,"8",.0,"8",.0,"8",.0,"8",.0,"8",.0,"8",.0,"8",.0,"8",0,"8",0,"8",0,"8","","",0,"8",0,"8"
"352190360","P£OCK","2006","02","16","14","4","",0,"8",0,"8","","","",6,"",0,"8",0,"8",8,"",110,"",6,"",0,"",-2.3,"",.0,"8","U","",4.3,"",84,"",-4.6,"",983.8,"",997.4,"",7,-1.2,"",.0,"8",0,"8","71","7","8","","5","","","/","","","/","","",0,"8",.0,"8",.0,"8","","8",0,"8","","",.0,"8",.0,"8",.0,"8",.0,"8",.0,"8",.0,"8",.0,"8",.0,"8",.0,"8",0,"8",0,"8",0,"8","","",0,"8",0,"8"
"352190360","P£OCK","2006","02","16","15","4","",0,"8",0,"8","","","",6,"",0,"8",0,"8",8,"",110,"",6,"",0,"",-2.5,"",.0,"8","U","",4.4,"",87,"",-4.4,"",983.9,"",997.5,"",5,-.7,"",.0,"8",0,"8","71","7","8","","5","","","/","","","/","","",0,"8",.0,"8",.0,"8","","8",0,"8","","",.0,"8",.0,"8",.0,"8",.0,"8",.0,"8",.0,"8",.0,"8",.0,"8",.0,"8",0,"8",0,"8",0,"8","","",0,"8",0,"8"
"352190360","P£OCK","2006","02","16","16","5","",0,"8",0,"8","","","",6,"",0,"8",0,"8",8,"",110,"",6,"",0,"",-2.2,"",.0,"8","U","",4.4,"",84,"",-4.5,"",983.8,"",997.4,"",7,-.2,"",.0,"8",0,"8","22","7","8","","5","","","/","","","/","","",0,"8",.0,"8",.0,"8","","8",0,"8","","",.0,"8",.0,"8",.0,"8",.0,"8",.0,"8",.0,"8",.0,"8",.0,"8",.0,"8",0,"8",0,"8",0,"8","","",0,"8",0,"8"
"352190360","P£OCK","2006","02","16","17","5","",0,"8",0,"8","","","",6,"",0,"8",0,"8",8,"",100,"",6,"",0,"",-2.2,"",.0,"8","U","",4.4,"",84,"",-4.5,"",983.9,"",997.5,"",2,.1,"",.0,"8",0,"8","10","2","8","","5","","","/","","","/","","",0,"8",.0,"8",.0,"8","","8",0,"8","","",.0,"8",.0,"8",.0,"8",.0,"8",.0,"8",.0,"8",.0,"8",.0,"8",.0,"8",0,"8",0,"8",0,"8","","",0,"8",0,"8"
"352190360","P£OCK","2006","02","16","18","4","",0,"8",0,"8","","","",6,"",0,"8",0,"8",8,"",100,"",6,"",0,"",-2.5,"",.0,"8","U","",4.3,"",85,"",-4.7,"",983.6,"",997.2,"",7,-.3,"",.1,"",7,"","10","7","8","","5","","","/","","","/","","",18,"",.0,"8",.0,"8","","8",0,"8","","",.0,"8",.0,"8",.0,"8",.0,"8",.0,"8",.0,"8",.0,"8",.0,"8",.0,"8",0,"8",0,"8",0,"8","","",0,"8",0,"8"
"352190360","P£OCK","2006","02","16","19","4","",0,"8",0,"8","","","",6,"",0,"8",0,"8",8,"",100,"",6,"",0,"",-2.9,"",.0,"8","U","",4.2,"",85,"",-5.1,"",983.9,"",997.5,"",2,.1,"",.0,"8",0,"8","10","2","8","","5","","","/","","","/","","",0,"8",.0,"8",.0,"8","","8",0,"8","","",.0,"8",.0,"8",.0,"8",.0,"8",.0,"8",.0,"8",.0,"8",.0,"8",.0,"8",0,"8",0,"8",0,"8","","",0,"8",0,"8"
"352190360","P£OCK","2006","02","16","20","4","",0,"8",0,"8","","","",6,"",0,"8",0,"8",8,"",110,"",6,"",0,"",-3.2,"",.0,"8","U","",4.2,"",86,"",-5.2,"",983.7,"",997.3,"",7,-.2,"",.0,"8",0,"8","10","2","8","","5","","","/","","","/","","",0,"8",.0,"8",.0,"8","","8",0,"8","","",.0,"8",.0,"8",.0,"8",.0,"8",.0,"8",.0,"8",.0,"8",.0,"8",.0,"8",0,"8",0,"8",0,"8","","",0,"8",0,"8"
"352190360","P£OCK","2006","02","16","21","3","",0,"8",0,"8","","","",6,"",0,"8",0,"8",8,"",110,"",7,"",0,"",-4.1,"",.0,"8","U","",3.9,"",87,"",-5.9,"",983.8,"",997.5,"",2,.2,"",.0,"8",0,"8","10","2","8","","6","","","/","","","/","","",0,"8",.0,"8",.0,"8","","8",0,"8","","",.0,"8",.0,"8",.0,"8",.0,"8",.0,"8",.0,"8",.0,"8",.0,"8",.0,"8",0,"8",0,"8",0,"8","","",0,"8",0,"8"
"352190360","P£OCK","2006","02","16","22","3","",0,"8",0,"8","","","",6,"",0,"8",0,"8",8,"",110,"",6,"",0,"",-4.9,"",.0,"8","U","",3.7,"",87,"",-6.7,"",984.0,"",997.7,"",3,.1,"",.0,"8",0,"8","10","2","8","","6","","","/","","","/","","",0,"8",.0,"8",.0,"8","","8",0,"8","","",.0,"8",.0,"8",.0,"8",.0,"8",.0,"8",.0,"8",.0,"8",.0,"8",.0,"8",0,"8",0,"8",0,"8","","",0,"8",0,"8"
"352190360","P£OCK","2006","02","16","23","3","",0,"8",0,"8","","","",6,"",0,"8",0,"8",8,"",110,"",6,"",0,"",-5.2,"",.0,"8","U","",3.6,"",86,"",-7.2,"",984.0,"",997.7,"",1,.3,"",.0,"8",0,"8","10","2","8","","6","","","/","","","/","","",0,"8",.0,"8",.0,"8","","8",0,"8","","",.0,"8",.0,"8",.0,"8",.0,"8",.0,"8",.0,"8",.0,"8",.0,"8",.0,"8",0,"8",0,"8",0,"8","","",0,"8",0,"8"
"352190360","P£OCK","2006","02","17","00","4","",0,"8",0,"8","","","",6,"",0,"8",0,"8",8,"",110,"",6,"",0,"",-5.5,"",.0,"8","U","",3.5,"",85,"",-7.6,"",984.0,"",997.8,"",1,.2,"",.0,"9",0,"9","10","2","8","","5","","","/","","","/","","",18,"",.0,"8",.0,"8","","8",0,"8","","",.0,"8",.0,"8",.0,"8",.0,"8",.0,"8",.0,"8",.0,"8",.0,"8",.0,"8",0,"8",0,"8",0,"8","","",0,"8",0,"8"
"352190360","P£OCK","2006","02","17","01","4","",0,"8",0,"8","","","",6,"",0,"8",0,"8",8,"",110,"",6,"",0,"",-5.5,"",.0,"8","U","",3.5,"",85,"",-7.6,"",983.7,"",997.5,"",8,-.3,"",.0,"8",0,"8","10","2","8","","5","","","/","","","/","","",0,"8",.0,"8",.0,"8","","8",0,"8","","",.0,"8",.0,"8",.0,"8",.0,"8",.0,"8",.0,"8",.0,"8",.0,"8",.0,"8",0,"8",0,"8",0,"8","","",0,"8",0,"8"
"352190360","P£OCK","2006","02","17","02","4","",0,"8",0,"8","","","",6,"",0,"8",0,"8",8,"",110,"",7,"",0,"",-5.5,"",.0,"8","U","",3.5,"",85,"",-7.6,"",983.5,"",997.2,"",8,-.5,"",.0,"8",0,"8","10","2","8","","5","","","/","","","/","","",0,"8",.0,"8",.0,"8","","8",0,"8","","",.0,"8",.0,"8",.0,"8",.0,"8",.0,"8",.0,"8",.0,"8",.0,"8",.0,"8",0,"8",0,"8",0,"8","","",0,"8",0,"8"
"352190360","P£OCK","2006","02","17","03","4","",0,"8",0,"8","","","",6,"",0,"8",0,"8",8,"",110,"",6,"",0,"",-5.6,"",.0,"8","U","",3.4,"",85,"",-7.7,"",983.5,"",997.3,"",6,-.5,"",.0,"8",0,"8","10","2","8","","5","","","/","","","/","","",0,"8",.0,"8",.0,"8","","8",0,"8","","",.0,"8",.0,"8",.0,"8",.0,"8",.0,"8",.0,"8",.0,"8",.0,"8",.0,"8",0,"8",0,"8",0,"8","","",0,"8",0,"8"
"352190360","P£OCK","2006","02","17","04","4","",0,"8",0,"8","","","",6,"",0,"8",0,"8",8,"",100,"",6,"",0,"",-5.5,"",.0,"8","U","",3.5,"",85,"",-7.6,"",983.1,"",996.8,"",7,-.6,"",.0,"8",0,"8","10","2","8","","5","","","/","","","/","","",0,"8",.0,"8",.0,"8","","8",0,"8","","",.0,"8",.0,"8",.0,"8",.0,"8",.0,"8",.0,"8",.0,"8",.0,"8",.0,"8",0,"8",0,"8",0,"8","","",0,"8",0,"8"
"352190360","P£OCK","2006","02","17","05","4","",0,"8",0,"8","","","",6,"",0,"8",0,"8",8,"",110,"",6,"",0,"",-5.4,"",.0,"8","U","",3.5,"",85,"",-7.5,"",983.5,"",997.2,"",5,.0,"",.0,"8",0,"8","26","2","8","","9","","","/","","","/","","",0,"8",.0,"8",.0,"8","","8",0,"8","","",.0,"8",.0,"8",.0,"8",.0,"8",.0,"8",.0,"8",.0,"8",.0,"8",.0,"8",0,"8",0,"8",0,"8","","",0,"8",0,"8"
"352190360","P£OCK","2006","02","17","06","4","",0,"8",0,"8","","","",5,"",0,"8",0,"8",8,"",110,"",6,"",0,"",-5.3,"",.0,"8","U","",3.5,"",86,"",-7.3,"",983.6,"",997.3,"",3,.1,"",.0,"",7,"","85","2","8","","9","","","/","","","/","","",18,"",.0,"8",.0,"8","","8",0,"8","","",.0,"8",.0,"8",.0,"8",.0,"8",.0,"8",.0,"8",.0,"8",.0,"8",.0,"8",0,"8",0,"8",0,"8","","",0,"8",0,"8"
"352190360","P£OCK","2006","02","17","07","4","",0,"8",0,"8","","","",5,"",0,"8",0,"8",8,"",110,"",6,"",0,"",-5.1,"",.0,"8","U","",3.6,"",86,"",-7.1,"",983.5,"",997.2,"",0,.4,"",.0,"8",0,"8","71","8","8","","5","","","/","","","/","","",0,"8",.0,"8",.0,"8","","8",0,"8","","",.0,"8",.0,"8",.0,"8",.0,"8",.0,"8",.0,"8",.0,"8",.0,"8",.0,"8",0,"8",0,"8",0,"8","","",0,"8",0,"8"
"352190360","P£OCK","2006","02","17","08","4","",0,"8",0,"8","","","",5,"",0,"8",0,"8",8,"",120,"",6,"",0,"",-4.8,"",.0,"8","U","",3.7,"",86,"",-6.8,"",984.1,"",997.8,"",3,.6,"",.0,"8",0,"8","71","7","8","","5","","","/","","","/","","",0,"8",.0,"8",.0,"8","","8",0,"8","","",.0,"8",.0,"8",.0,"8",.0,"8",.0,"8",.0,"8",.0,"8",.0,"8",.0,"8",0,"8",0,"8",0,"8","","",0,"8",0,"8"
"352190360","P£OCK","2006","02","17","09","4","",0,"8",0,"8","","","",5,"",0,"8",0,"8",8,"",110,"",6,"",0,"",-4.4,"",.0,"8","U","",3.8,"",86,"",-6.4,"",983.7,"",997.4,"",0,.1,"",.0,"8",0,"8","71","8","8","","5","","","/","","","/","","",0,"8",.0,"8",.0,"8","","8",0,"8","","",.0,"8",.0,"8",.0,"8",.0,"8",.0,"8",.0,"8",.0,"8",.0,"8",.0,"8",0,"8",0,"8",0,"8","","",0,"8",0,"8"
"352190360","P£OCK","2006","02","17","10","3","",0,"8",0,"8","","","",5,"",0,"8",0,"8",8,"",120,"",6,"",0,"",-4.0,"",.0,"8","U","",3.9,"",85,"",-6.1,"",984.1,"",997.8,"",2,.6,"",.0,"8",0,"8","22","2","8","","5","","","/","","","/","","",0,"8",.0,"8",.0,"8","","8",0,"8","","",.0,"8",.0,"8",.0,"8",.0,"8",.0,"8",.0,"8",.0,"8",.0,"8",.0,"8",0,"8",0,"8",0,"8","","",0,"8",0,"8"
"352190360","P£OCK","2006","02","17","11","4","",0,"8",0,"8","","","",5,"",0,"8",0,"8",8,"",110,"",5,"",0,"",-3.5,"",.0,"8","U","",4.0,"",85,"",-5.7,"",983.8,"",997.5,"",7,-.3,"",.0,"8",0,"8","10","2","8","","5","","","/","","","/","","",0,"8",.0,"8",.0,"8","","8",0,"8","","",.0,"8",.0,"8",.0,"8",.0,"8",.0,"8",.0,"8",.0,"8",.0,"8",.0,"8",0,"8",0,"8",0,"8","","",0,"8",0,"8"
"352190360","P£OCK","2006","02","17","12","4","",0,"8",0,"8","","","",5,"",0,"8",0,"8",8,"",110,"",5,"",0,"",-2.6,"",.0,"8","U","",4.2,"",83,"",-5.1,"",983.3,"",996.9,"",8,-.4,"",.0,"",7,"","10","8","7","","5","","","/","","","/","","",18,"",.0,"8",.0,"8","","8",0,"8","","",.0,"8",.0,"8",.0,"8",.0,"8",.0,"8",.0,"8",.0,"8",.0,"8",.0,"8",0,"8",0,"8",0,"8","","",0,"8",0,"8"
"352190360","P£OCK","2006","02","17","13","4","",0,"8",0,"8","","","",5,"",0,"8",0,"8",8,"",100,"",5,"",0,"",-2.3,"",.0,"8","U","",4.3,"",83,"",-4.8,"",983.4,"",997.0,"",5,-.7,"",.0,"8",0,"8","10","2","6","","5","","","3","","","/","","",0,"8",.0,"8",.0,"8","","8",0,"8","","",.0,"8",.0,"8",.0,"8",.0,"8",.0,"8",.0,"8",.0,"8",.0,"8",.0,"8",0,"8",0,"8",0,"8","","",0,"8",0,"8"
"352190360","P£OCK","2006","02","17","14","4","",0,"8",0,"8","","","",5,"",0,"8",0,"8",8,"",100,"",5,"",0,"",-2.3,"",.0,"8","U","",4.3,"",83,"",-4.8,"",983.5,"",997.1,"",5,-.3,"",.0,"8",0,"8","10","2","6","","5","","","3","","","/","","",0,"8",.0,"8",.0,"8","","8",0,"8","","",.0,"8",.0,"8",.0,"8",.0,"8",.0,"8",.0,"8",.0,"8",.0,"8",.0,"8",0,"8",0,"8",0,"8","","",0,"8",0,"8"
"352190360","P£OCK","2006","02","17","15","6","",0,"8",0,"8","","","",5,"",0,"8",0,"8",8,"",100,"",5,"",0,"",-2.1,"",.0,"8","U","",4.3,"",82,"",-4.8,"",983.7,"",997.3,"",2,.4,"",.0,"8",0,"8","10","2","7","","5","","","/","","","/","","",0,"8",.0,"8",.0,"8","","8",0,"8","","",.0,"8",.0,"8",.0,"8",.0,"8",.0,"8",.0,"8",.0,"8",.0,"8",.0,"8",0,"8",0,"8",0,"8","","",0,"8",0,"8"
"352190360","P£OCK","2006","02","17","16","5","",0,"8",0,"8","","","",5,"",0,"8",0,"8",8,"",100,"",4,"",0,"",-1.9,"",.0,"8","U","",4.4,"",83,"",-4.4,"",984.0,"",997.6,"",3,.6,"",.0,"8",0,"8","10","2","8","","5","","","/","","","/","","",0,"8",.0,"8",.0,"8","","8",0,"8","","",.0,"8",.0,"8",.0,"8",.0,"8",.0,"8",.0,"8",.0,"8",.0,"8",.0,"8",0,"8",0,"8",0,"8","","",0,"8",0,"8"
"352190360","P£OCK","2006","02","17","17","5","",0,"8",0,"8","","","",5,"",0,"8",0,"8",8,"",90,"",3,"",0,"",-1.8,"",.0,"8","U","",4.6,"",85,"",-4.0,"",984.4,"",998.0,"",3,.9,"",.0,"8",0,"8","79","2","7","","5","","","2","","","/","","",0,"8",.0,"8",.0,"8","","8",0,"8","","",.0,"8",.0,"8",.0,"8",.0,"8",.0,"8",.0,"8",.0,"8",.0,"8",.0,"8",0,"8",0,"8",0,"8","","",0,"8",0,"8"
"352190360","P£OCK","2006","02","17","18","4","",0,"8",0,"8","","","",5,"",0,"8",0,"8",8,"",100,"",3,"",0,"",-1.5,"",.0,"8","U","",4.7,"",85,"",-3.7,"",984.7,"",998.3,"",2,1.0,"",.0,"",9,"","71","2","6","","5","","","2","","","/","","",18,"",.0,"8",.0,"8","","8",0,"8","","",.0,"8",.0,"8",.0,"8",.0,"8",.0,"8",.0,"8",.0,"8",.0,"8",.0,"8",0,"8",0,"8",0,"8","","",0,"8",0,"8"
"352190360","P£OCK","2006","02","17","19","4","",0,"8",0,"8","","","",5,"",0,"8",0,"8",8,"",110,"",4,"",0,"",-1.6,"",.0,"8","U","",4.9,"",91,"",-2.9,"",985.0,"",998.6,"",2,1.0,"",.0,"8",0,"8","71","7","6","","5","","","2","","","/","","",0,"8",.0,"8",.0,"8","","8",0,"8","","",.0,"8",.0,"8",.0,"8",.0,"8",.0,"8",.0,"8",.0,"8",.0,"8",.0,"8",0,"8",0,"8",0,"8","","",0,"8",0,"8"
"352190360","P£OCK","2006","02","17","20","3","",0,"8",0,"8","","","",4,"",0,"8",0,"8",8,"",110,"",4,"",0,"",-1.7,"",.0,"8","U","",5.0,"",93,"",-2.7,"",985.1,"",998.7,"",1,.7,"",.0,"8",0,"8","73","7","6","","7","","","2","","","/","","",0,"8",.0,"8",.0,"8","","8",0,"8","","",.0,"8",.0,"8",.0,"8",.0,"8",.0,"8",.0,"8",.0,"8",.0,"8",.0,"8",0,"8",0,"8",0,"8","","",0,"8",0,"8"
"352190360","P£OCK","2006","02","17","21","3","",0,"8",0,"8","","","",4,"",0,"8",0,"8",8,"",110,"",3,"",0,"",-1.5,"",.0,"8","U","",5.1,"",94,"",-2.3,"",985.5,"",999.1,"",2,.8,"",.0,"8",0,"8","73","7","6","","7","","","2","","","/","","",0,"8",.0,"8",.0,"8","","8",0,"8","","",.0,"8",.0,"8",.0,"8",.0,"8",.0,"8",.0,"8",.0,"8",.0,"8",.0,"8",0,"8",0,"8",0,"8","","",0,"8",0,"8"
"352190360","P£OCK","2006","02","17","22","3","",0,"8",0,"8","","","",4,"",0,"8",0,"8",8,"",110,"",3,"",0,"",-1.4,"",.0,"8","U","",5.2,"",95,"",-2.1,"",985.8,"",999.4,"",2,.8,"",.0,"8",0,"8","73","7","6","","7","","","2","","","/","","",0,"8",.0,"8",.0,"8","","8",0,"8","","",.0,"8",.0,"8",.0,"8",.0,"8",.0,"8",.0,"8",.0,"8",.0,"8",.0,"8",0,"8",0,"8",0,"8","","",0,"8",0,"8"
"352190360","P£OCK","2006","02","17","23","3","",0,"8",0,"8","","","",4,"",0,"8",0,"8",8,"",110,"",3,"",0,"",-1.3,"",.0,"8","U","",5.3,"",95,"",-2.0,"",986.4,"",1000.0,"",2,1.3,"",.0,"8",0,"8","73","7","6","","7","","","2","","","/","","",0,"8",.0,"8",.0,"8","","8",0,"8","","",.0,"8",.0,"8",.0,"8",.0,"8",.0,"8",.0,"8",.0,"8",.0,"8",.0,"8",0,"8",0,"8",0,"8","","",0,"8",0,"8"
"352190360","P£OCK","2006","02","18","00","3","",0,"8",0,"8","","","",4,"",0,"8",0,"8",8,"",150,"",1,"",0,"",-1.2,"",.0,"8","U","",5.3,"",95,"",-1.9,"",986.9,"",1000.5,"",2,1.4,"",4.4,"",7,"","71","7","6","","7","","","2","","","/","","",18,"",.0,"8",.0,"8","","8",0,"8","","",.0,"8",.0,"8",.0,"8",.0,"8",.0,"8",.0,"8",.0,"8",.0,"8",.0,"8",0,"8",0,"8",0,"8","","",0,"8",0,"8"
"352190360","P£OCK","2006","02","18","01","2","",0,"8",0,"8","","","",4,"",0,"8",0,"8",8,"",120,"",2,"",0,"",-1.1,"",.0,"8","U","",5.4,"",95,"",-1.8,"",987.3,"",1000.9,"",1,1.5,"",.0,"8",0,"8","22","7","8","","7","","","/","","","/","","",0,"8",.0,"8",.0,"8","","8",0,"8","","",.0,"8",.0,"8",.0,"8",.0,"8",.0,"8",.0,"8",.0,"8",.0,"8",.0,"8",0,"8",0,"8",0,"8","","",0,"8",0,"8"
"352190360","P£OCK","2006","02","18","02","1","",0,"8",0,"8","","","",2,"",0,"8",0,"8",8,"",160,"",1,"",0,"",-1.0,"",.0,"8","U","",5.4,"",95,"",-1.7,"",987.7,"",1001.3,"",2,1.3,"",.0,"8",0,"8","46","2","8","","6","","","/","","","/","","",0,"8",.0,"8",.0,"8","","8",0,"8","","",.0,"8",.0,"8",.0,"8",.0,"8",.0,"8",.0,"8",.0,"8",.0,"8",.0,"8",0,"8",0,"8",0,"8","","",0,"8",0,"8"
"352190360","P£OCK","2006","02","18","03","1","",0,"8",0,"8","","","",1,"",0,"8",0,"8",8,"",220,"",3,"",0,"",-.5,"",.0,"8","U","",5.7,"",96,"",-1.1,"",988.1,"",1001.7,"",2,1.2,"",.0,"8",0,"8","46","7","8","","6","","","/","","","/","","",0,"8",.0,"8",.0,"8","","8",0,"8","","",.0,"8",.0,"8",.0,"8",.0,"8",.0,"8",.0,"8",.0,"8",.0,"8",.0,"8",0,"8",0,"8",0,"8","","",0,"8",0,"8"
"352190360","P£OCK","2006","02","18","04","1","",0,"8",0,"8","","","",1,"",0,"8",0,"8",8,"",230,"",2,"",0,"",-.1,"",.0,"8","U","",5.8,"",96,"",-.7,"",988.6,"",1002.1,"",2,1.3,"",.0,"8",0,"8","46","4","8","","6","","","/","","","/","","",0,"8",.0,"8",.0,"8","","8",0,"8","","",.0,"8",.0,"8",.0,"8",.0,"8",.0,"8",.0,"8",.0,"8",.0,"8",.0,"8",0,"8",0,"8",0,"8","","",0,"8",0,"8"
"352190360","P£OCK","2006","02","18","05","1","",0,"8",0,"8","","","",1,"",0,"8",0,"8",8,"",200,"",2,"",0,"",-.3,"",.0,"8","U","",5.7,"",96,"",-.9,"",989.0,"",1002.6,"",2,1.3,"",.0,"8",0,"8","42","4","8","","6","","","/","","","/","","",0,"8",.0,"8",.0,"8","","8",0,"8","","",.0,"8",.0,"8",.0,"8",.0,"8",.0,"8",.0,"8",.0,"8",.0,"8",.0,"8",0,"8",0,"8",0,"8","","",0,"8",0,"8"
"352190360","P£OCK","2006","02","18","06","1","",0,"8",0,"8","","","",1,"",0,"8",0,"8",8,"",170,"",2,"",0,"",-.4,"",.0,"8","U","",5.8,"",97,"",-.8,"",989.5,"",1003.1,"",2,1.4,"",.1,"",7,"","42","7","8","","6","","","/","","","/","","",18,"",.0,"8",.0,"8","","8",0,"8","","",.0,"8",.0,"8",.0,"8",.0,"8",.0,"8",.0,"8",.0,"8",.0,"8",.0,"8",0,"8",0,"8",0,"8","","",0,"8",0,"8"
"352190360","P£OCK","2006","02","18","07","1","",0,"8",0,"8","","","",1,"",0,"8",0,"8",8,"",150,"",2,"",0,"",-.5,"",.0,"8","U","",5.7,"",97,"",-.9,"",989.9,"",1003.5,"",2,1.3,"",.0,"8",0,"8","44","4","8","","6","","","/","","","/","","",0,"8",.0,"8",.0,"8","","8",0,"8","","",.0,"8",.0,"8",.0,"8",.0,"8",.0,"8",.0,"8",.0,"8",.0,"8",.0,"8",0,"8",0,"8",0,"8","","",0,"8",0,"8"
"352190360","P£OCK","2006","02","18","08","1","",0,"8",0,"8","","","",1,"",0,"8",0,"8",8,"",150,"",2,"",0,"",-.2,"",.0,"8","U","",5.8,"",97,"",-.6,"",990.4,"",1004.0,"",2,1.4,"",.0,"8",0,"8","44","4","8","","6","","","/","","","/","","",0,"8",.0,"8",.0,"8","","8",0,"8","","",.0,"8",.0,"8",.0,"8",.0,"8",.0,"8",.0,"8",.0,"8",.0,"8",.0,"8",0,"8",0,"8",0,"8","","",0,"8",0,"8"
"352190360","P£OCK","2006","02","18","09","1","",0,"8",0,"8","","","",2,"",0,"8",0,"8",8,"",120,"",3,"",0,"",.1,"",.0,"8","U","",6.0,"",97,"",-.3,"",990.5,"",1004.1,"",2,1.0,"",.0,"8",0,"8","42","4","8","","6","","","/","","","/","","",0,"8",.0,"8",.0,"8","","8",0,"8","","",.0,"8",.0,"8",.0,"8",.0,"8",.0,"8",.0,"8",.0,"8",.0,"8",.0,"8",0,"8",0,"8",0,"8","","",0,"8",0,"8"
"352190360","P£OCK","2006","02","18","10","1","",0,"8",0,"8","","","",2,"",0,"8",0,"8",8,"",160,"",3,"",0,"",.2,"",.0,"8","U","",6.0,"",97,"",-.2,"",991.0,"",1004.6,"",2,1.1,"",.0,"8",0,"8","42","4","8","","6","","","/","","","/","","",0,"8",.0,"8",.0,"8","","8",0,"8","","",.0,"8",.0,"8",.0,"8",.0,"8",.0,"8",.0,"8",.0,"8",.0,"8",.0,"8",0,"8",0,"8",0,"8","","",0,"8",0,"8"
"352190360","P£OCK","2006","02","18","11","1","",0,"8",0,"8","","","",4,"",0,"8",0,"8",7,"",150,"",2,"",0,"",.9,"",.0,"8","U","",6.3,"",97,"",.5,"",991.3,"",1004.8,"",2,.9,"",.0,"8",0,"8","28","2","7","","5","","","/","","","/","","",0,"8",.0,"8",.0,"8","","8",0,"8","","",.0,"8",.0,"8",.0,"8",.0,"8",.0,"8",.0,"8",.0,"8",.0,"8",.0,"8",0,"8",0,"8",0,"8","","",0,"8",0,"8"
"352190360","P£OCK","2006","02","18","12","7","",0,"8",0,"8","","","",5,"",0,"8",0,"8",5,"",130,"",3,"",0,"",2.0,"",.0,"8","U","",6.8,"",97,"",1.6,"",991.0,"",1004.5,"",0,.5,"",.0,"9",0,"9","10","4","2","","5","","","3","","","0","","",14,"",.0,"8",.0,"8","","8",0,"8","","",.0,"8",.0,"8",.0,"8",.0,"8",.0,"8",.0,"8",.0,"8",.0,"8",.0,"8",0,"8",0,"8",0,"8","","",0,"8",0,"8"
"352190360","P£OCK","2006","02","18","13","9","",0,"8",0,"8","","","",6,"",0,"8",0,"8",2,"",160,"",2,"",0,"",3.9,"",.0,"8","U","",6.8,"",84,"",1.4,"",991.4,"",1004.8,"",2,.4,"",.0,"8",0,"8","10","1","1","","0","","","3","","","1","","",0,"8",.0,"8",.0,"8","","8",0,"8","","",.0,"8",.0,"8",.0,"8",.0,"8",.0,"8",.0,"8",.0,"8",.0,"8",.0,"8",0,"8",0,"8",0,"8","","",0,"8",0,"8"
"352190360","P£OCK","2006","02","18","14","6","",0,"8",0,"8","","","",6,"",0,"8",0,"8",4,"",150,"",2,"",0,"",4.0,"",.0,"8","U","",6.3,"",78,"",.5,"",991.8,"",1005.2,"",3,.5,"",.0,"8",0,"8","10","0","2","","5","","","3","","","1","","",0,"8",.0,"8",.0,"8","","8",0,"8","","",.0,"8",.0,"8",.0,"8",.0,"8",.0,"8",.0,"8",.0,"8",.0,"8",.0,"8",0,"8",0,"8",0,"8","","",0,"8",0,"8"
"352190360","P£OCK","2006","02","18","15","9","",0,"8",0,"8","","","",6,"",0,"8",0,"8",1,"",120,"",3,"",0,"",3.7,"",.0,"8","U","",6.1,"",77,"",.0,"",991.6,"",1005.0,"",0,.6,"",.0,"8",0,"8","10","1","1","","0","","","3","","","0","","",0,"8",.0,"8",.0,"8","","8",0,"8","","",.0,"8",.0,"8",.0,"8",.0,"8",.0,"8",.0,"8",.0,"8",.0,"8",.0,"8",0,"8",0,"8",0,"8","","",0,"8",0,"8"
"352190360","P£OCK","2006","02","18","16","9","",0,"8",0,"8","","","",6,"",0,"8",0,"8",1,"",120,"",3,"",0,"",2.4,"",.0,"8","U","",6.0,"",82,"",-.4,"",991.8,"",1005.3,"",2,.4,"",.0,"8",0,"8","10","0","0","","0","","","0","","","1","","",0,"8",.0,"8",.0,"8","","8",0,"8","","",.0,"8",.0,"8",.0,"8",.0,"8",.0,"8",.0,"8",.0,"8",.0,"8",.0,"8",0,"8",0,"8",0,"8","","",0,"8",0,"8"
"352190360","P£OCK","2006","02","18","17","9","",0,"8",0,"8","","","",6,"",0,"8",0,"8",1,"",100,"",2,"",0,"",1.1,"",.0,"8","U","",5.6,"",85,"",-1.1,"",991.7,"",1005.2,"",7,-.1,"",.0,"8",0,"8","10","0","0","","0","","","0","","","1","","",0,"8",.0,"8",.0,"8","","8",0,"8","","",.0,"8",.0,"8",.0,"8",.0,"8",.0,"8",.0,"8",.0,"8",.0,"8",.0,"8",0,"8",0,"8",0,"8","","",0,"8",0,"8"
"352190360","P£OCK","2006","02","18","18","9","",0,"8",0,"8","","","",6,"",0,"8",0,"8",0,"",120,"",2,"",0,"",.9,"",.0,"8","U","",5.7,"",87,"",-1.0,"",991.8,"",1005.3,"",2,.2,"",.0,"9",0,"9","10","1","0","","0","","","0","","","0","","",14,"",.0,"8",.0,"8","","8",0,"8","","",.0,"8",.0,"8",.0,"8",.0,"8",.0,"8",.0,"8",.0,"8",.0,"8",.0,"8",0,"8",0,"8",0,"8","","",0,"8",0,"8"
"352190360","P£OCK","2006","02","18","19","9","",0,"8",0,"8","","","",6,"",0,"8",0,"8",1,"",110,"",3,"",0,"",1.3,"",.0,"8","U","",5.8,"",86,"",-.8,"",991.7,"",1005.2,"",7,-.1,"",.0,"8",0,"8","10","0","0","","0","","","0","","","1","","",0,"8",.0,"8",.0,"8","","8",0,"8","","",.0,"8",.0,"8",.0,"8",.0,"8",.0,"8",.0,"8",.0,"8",.0,"8",.0,"8",0,"8",0,"8",0,"8","","",0,"8",0,"8"
"352190360","P£OCK","2006","02","18","20","7","",0,"8",0,"8","","","",6,"",0,"8",0,"8",7,"",140,"",3,"",0,"",2.1,"",.0,"8","U","",6.0,"",85,"",-.2,"",992.0,"",1005.5,"",2,.3,"",.0,"8",0,"8","10","1","7","","5","","","/","","","/","","",0,"8",.0,"8",.0,"8","","8",0,"8","","",.0,"8",.0,"8",.0,"8",.0,"8",.0,"8",.0,"8",.0,"8",.0,"8",.0,"8",0,"8",0,"8",0,"8","","",0,"8",0,"8"
"352190360","P£OCK","2006","02","18","21","5","",0,"8",0,"8","","","",6,"",0,"8",0,"8",7,"",110,"",4,"",0,"",2.7,"",.0,"8","U","",6.0,"",81,"",-.2,"",991.9,"",1005.4,"",0,.1,"",.0,"8",0,"8","25","1","7","","9","","","/","","","/","","",0,"8",.0,"8",.0,"8","","8",0,"8","","",.0,"8",.0,"8",.0,"8",.0,"8",.0,"8",.0,"8",.0,"8",.0,"8",.0,"8",0,"8",0,"8",0,"8","","",0,"8",0,"8"
"352190360","P£OCK","2006","02","18","22","7","",0,"8",0,"8","","","",6,"",0,"8",0,"8",7,"",130,"",3,"",0,"",2.3,"",.0,"8","U","",5.9,"",82,"",-.5,"",992.1,"",1005.6,"",2,.4,"",.0,"8",0,"8","10","2","7","","5","","","/","","","/","","",0,"8",.0,"8",.0,"8","","8",0,"8","","",.0,"8",.0,"8",.0,"8",.0,"8",.0,"8",.0,"8",.0,"8",.0,"8",.0,"8",0,"8",0,"8",0,"8","","",0,"8",0,"8"
"352190360","P£OCK","2006","02","18","23","6","",0,"8",0,"8","","","",6,"",0,"8",0,"8",7,"",140,"",3,"",0,"",2.4,"",.0,"8","U","",5.9,"",81,"",-.5,"",991.9,"",1005.4,"",7,-.1,"",.0,"8",0,"8","10","2","7","","5","","","/","","","/","","",0,"8",.0,"8",.0,"8","","8",0,"8","","",.0,"8",.0,"8",.0,"8",.0,"8",.0,"8",.0,"8",.0,"8",.0,"8",.0,"8",0,"8",0,"8",0,"8","","",0,"8",0,"8"
"352190360","P£OCK","2006","02","19","00","9","",0,"8",0,"8","","","",6,"",0,"8",0,"8",4,"",140,"",2,"",0,"",1.5,"",.0,"8","U","",5.7,"",83,"",-1.1,"",992.1,"",1005.6,"",2,.2,"",.0,"",6,"","10","8","0","","0","","","0","","","8","","",14,"",.0,"8",.0,"8","","8",0,"8","","",.0,"8",.0,"8",.0,"8",.0,"8",.0,"8",.0,"8",.0,"8",.0,"8",.0,"8",0,"8",0,"8",0,"8","","",0,"8",0,"8"
"352190360","P£OCK","2006","02","19","01","9","",0,"8",0,"8","","","",6,"",0,"8",0,"8",4,"",160,"",2,"",0,"",.8,"",.0,"8","U","",5.5,"",85,"",-1.4,"",992.1,"",1005.6,"",4,.0,"",.0,"8",0,"8","10","0","0","","0","","","0","","","8","","",0,"8",.0,"8",.0,"8","","8",0,"8","","",.0,"8",.0,"8",.0,"8",.0,"8",.0,"8",.0,"8",.0,"8",.0,"8",.0,"8",0,"8",0,"8",0,"8","","",0,"8",0,"8"
"352190360","P£OCK","2006","02","19","02","9","",0,"8",0,"8","","","",6,"",0,"8",0,"8",6,"",170,"",2,"",0,"",.3,"",.0,"8","U","",5.4,"",87,"",-1.6,"",991.8,"",1005.4,"",8,-.1,"",.0,"8",0,"8","10","1","2","","0","","","3","","","6","","",0,"8",.0,"8",.0,"8","","8",0,"8","","",.0,"8",.0,"8",.0,"8",.0,"8",.0,"8",.0,"8",.0,"8",.0,"8",.0,"8",0,"8",0,"8",0,"8","","",0,"8",0,"8"
"352190360","P£OCK","2006","02","19","03","9","",0,"8",0,"8","","","",6,"",0,"8",0,"8",8,"",100,"",2,"",0,"",-.7,"",.0,"8","U","",5.1,"",88,"",-2.4,"",991.6,"",1005.2,"",8,-.5,"",.0,"8",0,"8","10","1","2","","0","","","3","","","7","","",0,"8",.0,"8",.0,"8","","8",0,"8","","",.0,"8",.0,"8",.0,"8",.0,"8",.0,"8",.0,"8",.0,"8",.0,"8",.0,"8",0,"8",0,"8",0,"8","","",0,"8",0,"8"
"352190360","P£OCK","2006","02","19","04","9","",0,"8",0,"8","","","",6,"",0,"8",0,"8",8,"",130,"",3,"",0,"",-.6,"",.0,"8","U","",5.3,"",90,"",-2.0,"",991.6,"",1005.2,"",6,-.5,"",.0,"8",0,"8","10","2","4","","0","","","5","","","7","","",0,"8",.0,"8",.0,"8","","8",0,"8","","",.0,"8",.0,"8",.0,"8",.0,"8",.0,"8",.0,"8",.0,"8",.0,"8",.0,"8",0,"8",0,"8",0,"8","","",0,"8",0,"8"
"352190360","P£OCK","2006","02","19","05","7","",0,"8",0,"8","","","",6,"",0,"8",0,"8",8,"",130,"",3,"",0,"",.1,"",.0,"8","U","",5.5,"",90,"",-1.3,"",991.3,"",1004.9,"",7,-.5,"",.0,"8",0,"8","10","2","8","","5","","","/","","","/","","",0,"8",.0,"8",.0,"8","","8",0,"8","","",.0,"8",.0,"8",.0,"8",.0,"8",.0,"8",.0,"8",.0,"8",.0,"8",.0,"8",0,"8",0,"8",0,"8","","",0,"8",0,"8"
"352190360","P£OCK","2006","02","19","06","7","",0,"8",0,"8","","","",6,"",0,"8",0,"8",8,"",130,"",3,"",0,"",.3,"",.0,"8","U","",5.5,"",88,"",-1.5,"",991.5,"",1005.1,"",5,-.1,"",.0,"9",0,"9","10","1","5","","5","","","3","","","/","","",14,"",.0,"8",.0,"8","","8",0,"8","","",.0,"8",.0,"8",.0,"8",.0,"8",.0,"8",.0,"8",.0,"8",.0,"8",.0,"8",0,"8",0,"8",0,"8","","",0,"8",0,"8"
"352190360","P£OCK","2006","02","19","07","6","",0,"8",0,"8","","","",6,"",0,"8",0,"8",8,"",130,"",3,"",0,"",.8,"",.0,"8","U","",5.7,"",88,"",-1.0,"",991.7,"",1005.2,"",3,.1,"",.0,"8",0,"8","10","2","8","","5","","","/","","","/","","",0,"8",.0,"8",.0,"8","","8",0,"8","","",.0,"8",.0,"8",.0,"8",.0,"8",.0,"8",.0,"8",.0,"8",.0,"8",.0,"8",0,"8",0,"8",0,"8","","",0,"8",0,"8"
"352190360","P£OCK","2006","02","19","08","5","",0,"8",0,"8","","","",5,"",0,"8",0,"8",8,"",130,"",3,"",0,"",.9,"",.0,"8","U","",5.9,"",90,"",-.6,"",992.1,"",1005.6,"",3,.8,"",.0,"8",0,"8","80","8","8","","9","","","/","","","/","","",0,"8",.0,"8",.0,"8","","8",0,"8","","",.0,"8",.0,"8",.0,"8",.0,"8",.0,"8",.0,"8",.0,"8",.0,"8",.0,"8",0,"8",0,"8",0,"8","","",0,"8",0,"8"
"352190360","P£OCK","2006","02","19","09","5","",0,"8",0,"8","","","",4,"",0,"8",0,"8",8,"",150,"",2,"",0,"",1.5,"",.0,"8","U","",6.4,"",94,"",.6,"",992.4,"",1005.9,"",2,.9,"",.0,"8",0,"8","80","8","8","","9","","","/","","","/","","",0,"8",.0,"8",.0,"8","","8",0,"8","","",.0,"8",.0,"8",.0,"8",.0,"8",.0,"8",.0,"8",.0,"8",.0,"8",.0,"8",0,"8",0,"8",0,"8","","",0,"8",0,"8"
"352190360","P£OCK","2006","02","19","10","1","",0,"8",0,"8","","","",4,"",0,"8",0,"8",8,"",150,"",2,"",0,"",2.1,"",.0,"8","U","",6.7,"",94,"",1.2,"",992.3,"",1005.8,"",0,.6,"",.0,"8",0,"8","61","8","6","","7","","","2","","","/","","",0,"8",.0,"8",.0,"8","","8",0,"8","","",.0,"8",.0,"8",.0,"8",.0,"8",.0,"8",.0,"8",.0,"8",.0,"8",.0,"8",0,"8",0,"8",0,"8","","",0,"8",0,"8"
"352190360","P£OCK","2006","02","19","11","1","",0,"8",0,"8","","","",4,"",0,"8",0,"8",8,"",140,"",2,"",0,"",2.6,"",.0,"8","U","",6.9,"",94,"",1.7,"",992.1,"",1005.6,"",0,.0,"",.0,"8",0,"8","21","6","5","","7","","","2","","","/","","",0,"8",.0,"8",.0,"8","","8",0,"8","","",.0,"8",.0,"8",.0,"8",.0,"8",.0,"8",.0,"8",.0,"8",.0,"8",.0,"8",0,"8",0,"8",0,"8","","",0,"8",0,"8"
"352190360","P£OCK","2006","02","19","12","2","",0,"8",0,"8","","","",5,"",0,"8",0,"8",8,"",140,"",2,"",0,"",3.4,"",.0,"8","U","",7.2,"",92,"",2.2,"",992.2,"",1005.6,"",5,-.2,"",.6,"",6,"","10","8","2","","6","","","3","","","7","","",14,"",.0,"8",.0,"8","","8",0,"8","","",.0,"8",.0,"8",.0,"8",.0,"8",.0,"8",.0,"8",.0,"8",.0,"8",.0,"8",0,"8",0,"8",0,"8","","",0,"8",0,"8"
"352190360","P£OCK","2006","02","19","13","9","",0,"8",0,"8","","","",5,"",0,"8",0,"8",7,"",160,"",2,"",0,"",3.9,"",.0,"8","U","",7.1,"",88,"",2.1,"",992.3,"",1005.7,"",5,.0,"",.0,"8",0,"8","10","2","5","","0","","","3","","","8","","",0,"8",.0,"8",.0,"8","","8",0,"8","","",.0,"8",.0,"8",.0,"8",.0,"8",.0,"8",.0,"8",.0,"8",.0,"8",.0,"8",0,"8",0,"8",0,"8","","",0,"8",0,"8"
"352190360","P£OCK","2006","02","19","14","9","",0,"8",0,"8","","","",5,"",0,"8",0,"8",7,"",140,"",3,"",0,"",3.8,"",.0,"8","U","",7.0,"",87,"",1.8,"",992.5,"",1005.9,"",2,.4,"",.0,"8",0,"8","10","2","7","","0","","","5","","","/","","",0,"8",.0,"8",.0,"8","","8",0,"8","","",.0,"8",.0,"8",.0,"8",.0,"8",.0,"8",.0,"8",.0,"8",.0,"8",.0,"8",0,"8",0,"8",0,"8","","",0,"8",0,"8"
"352190360","P£OCK","2006","02","19","15","9","",0,"8",0,"8","","","",5,"",0,"8",0,"8",7,"",160,"",2,"",0,"",3.6,"",.0,"8","U","",7.0,"",88,"",1.8,"",992.7,"",1006.1,"",2,.5,"",.0,"8",0,"8","10","2","7","","0","","","7","","","/","","",0,"8",.0,"8",.0,"8","","8",0,"8","","",.0,"8",.0,"8",.0,"8",.0,"8",.0,"8",.0,"8",.0,"8",.0,"8",.0,"8",0,"8",0,"8",0,"8","","",0,"8",0,"8"
"352190360","P£OCK","2006","02","19","16","6","",0,"8",0,"8","","","",5,"",0,"8",0,"8",7,"",160,"",2,"",0,"",3.2,"",.0,"8","U","",6.9,"",90,"",1.7,"",993.2,"",1006.6,"",3,.9,"",.0,"8",0,"8","10","2","5","","5","","","3","","","/","","",0,"8",.0,"8",.0,"8","","8",0,"8","","",.0,"8",.0,"8",.0,"8",.0,"8",.0,"8",.0,"8",.0,"8",.0,"8",.0,"8",0,"8",0,"8",0,"8","","",0,"8",0,"8"
"352190360","P£OCK","2006","02","19","17","6","",0,"8",0,"8","","","",4,"",0,"8",0,"8",7,"",120,"",2,"",0,"",2.3,"",.0,"8","U","",6.6,"",91,"",1.0,"",993.7,"",1007.2,"",3,1.2,"",.0,"8",0,"8","10","2","6","","5","","","3","","","/","","",0,"8",.0,"8",.0,"8","","8",0,"8","","",.0,"8",.0,"8",.0,"8",.0,"8",.0,"8",.0,"8",.0,"8",.0,"8",.0,"8",0,"8",0,"8",0,"8","","",0,"8",0,"8"
"352190360","P£OCK","2006","02","19","18","7","",0,"8",0,"8","","","",6,"",0,"8",0,"8",7,"",210,"",3,"",0,"",3.1,"",.0,"8","U","",6.3,"",83,"",.5,"",994.0,"",1007.5,"",1,1.3,"",.0,"9",0,"9","10","2","7","","5","","","/","","","/","","",14,"",.0,"8",.0,"8","","8",0,"8","","",.0,"8",.0,"8",.0,"8",.0,"8",.0,"8",.0,"8",.0,"8",.0,"8",.0,"8",0,"8",0,"8",0,"8","","",0,"8",0,"8"
"352190360","P£OCK","2006","02","19","19","7","",0,"8",0,"8","","","",6,"",0,"8",0,"8",7,"",200,"",2,"",0,"",3.2,"",.0,"8","U","",6.2,"",81,"",.3,"",994.2,"",1007.7,"",1,1.0,"",.0,"8",0,"8","10","2","7","","5","","","/","","","/","","",0,"8",.0,"8",.0,"8","","8",0,"8","","",.0,"8",.0,"8",.0,"8",.0,"8",.0,"8",.0,"8",.0,"8",.0,"8",.0,"8",0,"8",0,"8",0,"8","","",0,"8",0,"8"
"352190360","P£OCK","2006","02","19","20","7","",0,"8",0,"8","","","",7,"",0,"8",0,"8",7,"",210,"",2,"",0,"",3.0,"",.0,"8","U","",6.3,"",83,"",.4,"",994.5,"",1008.0,"",2,.8,"",.0,"8",0,"8","02","2","7","","5","","","/","","","/","","",0,"8",.0,"8",.0,"8","","8",0,"8","","",.0,"8",.0,"8",.0,"8",.0,"8",.0,"8",.0,"8",.0,"8",.0,"8",.0,"8",0,"8",0,"8",0,"8","","",0,"8",0,"8"
"352190360","P£OCK","2006","02","19","21","7","",0,"8",0,"8","","","",7,"",0,"8",0,"8",2,"",270,"",1,"",0,"",3.1,"",.0,"8","U","",6.3,"",83,"",.5,"",994.6,"",1008.1,"",2,.6,"",.0,"8",0,"8","01","1","2","","5","","","0","","","0","","",0,"8",.0,"8",.0,"8","","8",0,"8","","",.0,"8",.0,"8",.0,"8",.0,"8",.0,"8",.0,"8",.0,"8",.0,"8",.0,"8",0,"8",0,"8",0,"8","","",0,"8",0,"8"
"352190360","P£OCK","2006","02","19","22","9","",0,"8",0,"8","","","",6,"",0,"8",0,"8",0,"",180,"",1,"",0,"",1.4,"",.0,"8","U","",5.7,"",85,"",-.8,"",995.1,"",1008.7,"",2,.9,"",.0,"8",0,"8","10","0","0","","0","","","0","","","0","","",0,"8",.0,"8",.0,"8","","8",0,"8","","",.0,"8",.0,"8",.0,"8",.0,"8",.0,"8",.0,"8",.0,"8",.0,"8",.0,"8",0,"8",0,"8",0,"8","","",0,"8",0,"8"
"352190360","P£OCK","2006","02","19","23","6","",0,"8",0,"8","","","",6,"",0,"8",0,"8",6,"",190,"",2,"",0,"",1.3,"",.0,"8","U","",5.8,"",87,"",-.6,"",995.6,"",1009.2,"",3,1.1,"",.0,"8",0,"8","10","1","6","","5","","","0","","","0","","",0,"8",.0,"8",.0,"8","","8",0,"8","","",.0,"8",.0,"8",.0,"8",.0,"8",.0,"8",.0,"8",.0,"8",.0,"8",.0,"8",0,"8",0,"8",0,"8","","",0,"8",0,"8"
"352190360","P£OCK","2006","02","20","00","7","",0,"8",0,"8","","","",6,"",0,"8",0,"8",7,"",190,"",2,"",0,"",.9,"",.0,"8","U","",5.8,"",89,"",-.7,"",995.8,"",1009.4,"",1,1.2,"",.0,"9",0,"9","10","1","7","","5","","","/","","","/","","",14,"",.0,"8",.0,"8","","8",0,"8","","",.0,"8",.0,"8",.0,"8",.0,"8",.0,"8",.0,"8",.0,"8",.0,"8",.0,"8",0,"8",0,"8",0,"8","","",0,"8",0,"8"
"352190360","P£OCK","2006","02","20","01","9","",0,"8",0,"8","","","",5,"",0,"8",0,"8",0,"",0,"",0,"",0,"",-1.0,"",.0,"8","U","",5.2,"",91,"",-2.3,"",995.6,"",1009.3,"",0,.5,"",.0,"8",0,"8","10","1","0","","0","","","0","","","0","","",0,"8",.0,"8",.0,"8","","8",0,"8","","",.0,"8",.0,"8",.0,"8",.0,"8",.0,"8",.0,"8",.0,"8",.0,"8",.0,"8",0,"8",0,"8",0,"8","","",0,"8",0,"8"
"352190360","P£OCK","2006","02","20","02","6","",0,"8",0,"8","","","",4,"",0,"8",0,"8",7,"",110,"",2,"",0,"",-1.0,"",.0,"8","U","",5.3,"",94,"",-1.8,"",995.5,"",1009.2,"",8,-.1,"",.0,"8",0,"8","10","1","7","","5","","","/","","","/","","",0,"8",.0,"8",.0,"8","","8",0,"8","","",.0,"8",.0,"8",.0,"8",.0,"8",.0,"8",.0,"8",.0,"8",.0,"8",.0,"8",0,"8",0,"8",0,"8","","",0,"8",0,"8"
"352190360","P£OCK","2006","02","20","03","6","",0,"8",0,"8","","","",4,"",0,"8",0,"8",7,"",130,"",2,"",0,"",-.5,"",.0,"8","U","",5.6,"",95,"",-1.2,"",995.6,"",1009.3,"",5,-.2,"",.0,"8",0,"8","10","1","7","","5","","","/","","","/","","",0,"8",.0,"8",.0,"8","","8",0,"8","","",.0,"8",.0,"8",.0,"8",.0,"8",.0,"8",.0,"8",.0,"8",.0,"8",.0,"8",0,"8",0,"8",0,"8","","",0,"8",0,"8"
"352190360","P£OCK","2006","02","20","04","6","",0,"8",0,"8","","","",4,"",0,"8",0,"8",7,"",100,"",1,"",0,"",-1.0,"",.0,"8","U","",5.3,"",94,"",-1.8,"",995.9,"",1009.6,"",3,.3,"",.0,"8",0,"8","10","2","7","","5","","","/","","","/","","",0,"8",.0,"8",.0,"8","","8",0,"8","","",.0,"8",.0,"8",.0,"8",.0,"8",.0,"8",.0,"8",.0,"8",.0,"8",.0,"8",0,"8",0,"8",0,"8","","",0,"8",0,"8"
"352190360","P£OCK","2006","02","20","05","6","",0,"8",0,"8","","","",4,"",0,"8",0,"8",7,"",110,"",1,"",0,"",-1.9,"",.0,"8","U","",5.0,"",94,"",-2.7,"",996.1,"",1009.8,"",2,.6,"",.0,"8",0,"8","10","2","7","","5","","","/","","","/","","",0,"8",.0,"8",.0,"8","","8",0,"8","","",.0,"8",.0,"8",.0,"8",.0,"8",.0,"8",.0,"8",.0,"8",.0,"8",.0,"8",0,"8",0,"8",0,"8","","",0,"8",0,"8"
"352190360","P£OCK","2006","02","20","06","6","",0,"8",0,"8","","","",1,"",0,"8",0,"8",5,"",140,"",2,"",0,"",-2.9,"",.0,"8","U","",4.6,"",94,"",-3.7,"",996.3,"",1010.1,"",2,.7,"",.0,"9",0,"9","46","1","4","","5","","","3","","","0","","",14,"",.0,"8",.0,"8","","8",0,"8","","",.0,"8",.0,"8",.0,"8",.0,"8",.0,"8",.0,"8",.0,"8",.0,"8",.0,"8",0,"8",0,"8",0,"8","","",0,"8",0,"8"
"352190360","P£OCK","2006","02","20","07","6","",0,"8",0,"8","","","",1,"",0,"8",0,"8",5,"",80,"",2,"",0,"",-4.2,"",.0,"8","U","",4.3,"",95,"",-4.9,"",996.6,"",1010.5,"",2,.7,"",.0,"8",0,"8","44","4","4","","5","","","3","","","0","","",0,"8",.0,"8",.0,"8","","8",0,"8","","",.0,"8",.0,"8",.0,"8",.0,"8",.0,"8",.0,"8",.0,"8",.0,"8",.0,"8",0,"8",0,"8",0,"8","","",0,"8",0,"8"
"352190360","P£OCK","2006","02","20","08","6","",0,"8",0,"8","","","",1,"",0,"8",0,"8",5,"",80,"",1,"",0,"",-3.3,"",.0,"8","U","",4.6,"",96,"",-3.8,"",996.8,"",1010.6,"",2,.7,"",.0,"8",0,"8","42","4","5","","5","","","0","","","0","","",0,"8",.0,"8",.0,"8","","8",0,"8","","",.0,"8",.0,"8",.0,"8",.0,"8",.0,"8",.0,"8",.0,"8",.0,"8",.0,"8",0,"8",0,"8",0,"8","","",0,"8",0,"8"
"352190360","P£OCK","2006","02","20","09","9","",0,"8",0,"8","","","",5,"",0,"8",0,"8",5,"",80,"",1,"",0,"",-.4,"",.0,"8","U","",5.7,"",96,"",-1.0,"",996.8,"",1010.5,"",1,.5,"",.0,"8",0,"8","28","4","0","","0","","","0","","","6","","",0,"8",.0,"8",.0,"8","","8",0,"8","","",.0,"8",.0,"8",.0,"8",.0,"8",.0,"8",.0,"8",.0,"8",.0,"8",.0,"8",0,"8",0,"8",0,"8","","",0,"8",0,"8"
"352190360","P£OCK","2006","02","20","10","9","",0,"8",0,"8","","","",5,"",0,"8",0,"8",6,"",60,"",2,"",0,"",2.7,"",.0,"8","U","",6.2,"",84,"",.3,"",997.2,"",1010.7,"",2,.6,"",.0,"8",0,"8","10","2","0","","0","","","0","","","6","","",0,"8",.0,"8",.0,"8","","8",0,"8","","",.0,"8",.0,"8",.0,"8",.0,"8",.0,"8",.0,"8",.0,"8",.0,"8",.0,"8",0,"8",0,"8",0,"8","","",0,"8",0,"8"
"352190360","P£OCK","2006","02","20","11","9","",0,"8",0,"8","","","",5,"",0,"8",0,"8",7,"",40,"",4,"",0,"",2.0,"",.0,"8","U","",5.8,"",82,"",-.8,"",996.6,"",1010.1,"",8,-.2,"",.0,"8",0,"8","10","2","0","","0","","","0","","","6","","",0,"8",.0,"8",.0,"8","","8",0,"8","","",.0,"8",.0,"8",.0,"8",.0,"8",.0,"8",.0,"8",.0,"8",.0,"8",.0,"8",0,"8",0,"8",0,"8","","",0,"8",0,"8"
"352190360","P£OCK","2006","02","20","12","9","",0,"8",0,"8","","","",6,"",0,"8",0,"8",7,"",40,"",4,"",0,"",1.1,"",.0,"8","U","",5.6,"",84,"",-1.3,"",996.3,"",1009.9,"",8,-.5,"",.0,"9",0,"9","10","4","0","","0","","","0","","","8","","",14,"",.0,"8",.0,"8","","8",0,"8","","",.0,"8",.0,"8",.0,"8",.0,"8",.0,"8",.0,"8",.0,"8",.0,"8",.0,"8",0,"8",0,"8",0,"8","","",0,"8",0,"8"
"352190360","P£OCK","2006","02","20","13","9","",0,"8",0,"8","","","",6,"",0,"8",0,"8",7,"",60,"",3,"",0,"",1.3,"",.0,"8","U","",5.6,"",83,"",-1.3,"",996.5,"",1010.1,"",5,-.7,"",.0,"8",0,"8","10","2","0","","0","","","0","","","8","","",0,"8",.0,"8",.0,"8","","8",0,"8","","",.0,"8",.0,"8",.0,"8",.0,"8",.0,"8",.0,"8",.0,"8",.0,"8",.0,"8",0,"8",0,"8",0,"8","","",0,"8",0,"8"
"352190360","P£OCK","2006","02","20","14","9","",0,"8",0,"8","","","",4,"",0,"8",0,"8",8,"",30,"",4,"",0,"",-.4,"",.0,"8","U","",5.4,"",91,"",-1.7,"",996.8,"",1010.5,"",3,.2,"",.0,"8",0,"8","10","2","0","","0","","","0","","","7","","",0,"8",.0,"8",.0,"8","","8",0,"8","","",.0,"8",.0,"8",.0,"8",.0,"8",.0,"8",.0,"8",.0,"8",.0,"8",.0,"8",0,"8",0,"8",0,"8","","",0,"8",0,"8"
"352190360","P£OCK","2006","02","20","15","1","",0,"8",0,"8","","","",2,"",0,"8",0,"8",8,"",20,"",4,"",0,"",-.3,"",.0,"8","U","",5.7,"",96,"",-.9,"",996.8,"",1010.5,"",1,.5,"",.0,"8",0,"8","46","2","8","","6","","","/","","","/","","",0,"8",.0,"8",.0,"8","","8",0,"8","","",.0,"8",.0,"8",.0,"8",.0,"8",.0,"8",.0,"8",.0,"8",.0,"8",.0,"8",0,"8",0,"8",0,"8","","",0,"8",0,"8"
"352190360","P£OCK","2006","02","20","16","1","",0,"8",0,"8","","","",2,"",0,"8",0,"8",8,"",30,"",5,"",0,"",-.1,"",.0,"8","U","",5.8,"",96,"",-.7,"",996.7,"",1010.4,"",0,.2,"",.0,"8",0,"8","42","4","8","","6","","","/","","","/","","",0,"8",.0,"8",.0,"8","","8",0,"8","","",.0,"8",.0,"8",.0,"8",.0,"8",.0,"8",.0,"8",.0,"8",.0,"8",.0,"8",0,"8",0,"8",0,"8","","",0,"8",0,"8"
"352190360","P£OCK","2006","02","20","17","1","",0,"8",0,"8","","","",2,"",0,"8",0,"8",8,"",40,"",5,"",0,"",-.4,"",.0,"8","U","",5.7,"",96,"",-1.0,"",996.8,"",1010.5,"",5,.0,"",.0,"8",0,"8","42","4","8","","6","","","/","","","/","","",0,"8",.0,"8",.0,"8","","8",0,"8","","",.0,"8",.0,"8",.0,"8",.0,"8",.0,"8",.0,"8",.0,"8",.0,"8",.0,"8",0,"8",0,"8",0,"8","","",0,"8",0,"8"
"352190360","P£OCK","2006","02","20","18","1","",0,"8",0,"8","","","",3,"",0,"8",0,"8",8,"",50,"",5,"",0,"",-.4,"",.0,"8","U","",5.8,"",97,"",-.8,"",997.0,"",1010.7,"",3,.2,"",.0,"9",0,"9","42","4","8","","6","","","/","","","/","","",14,"",.0,"8",.0,"8","","8",0,"8","","",.0,"8",.0,"8",.0,"8",.0,"8",.0,"8",.0,"8",.0,"8",.0,"8",.0,"8",0,"8",0,"8",0,"8","","",0,"8",0,"8"
"352190360","P£OCK","2006","02","20","19","1","",0,"8",0,"8","","","",3,"",0,"8",0,"8",8,"",50,"",5,"",0,"",-.4,"",.0,"8","U","",5.8,"",97,"",-.8,"",997.3,"",1011.0,"",3,.6,"",.0,"8",0,"8","44","4","8","","6","","","/","","","/","","",0,"8",.0,"8",.0,"8","","8",0,"8","","",.0,"8",.0,"8",.0,"8",.0,"8",.0,"8",.0,"8",.0,"8",.0,"8",.0,"8",0,"8",0,"8",0,"8","","",0,"8",0,"8"
"352190360","P£OCK","2006","02","20","20","1","",0,"8",0,"8","","","",4,"",0,"8",0,"8",8,"",50,"",4,"",0,"",-.2,"",.0,"8","U","",5.8,"",97,"",-.6,"",997.5,"",1011.2,"",2,.7,"",.0,"8",0,"8","28","2","8","","6","","","/","","","/","","",0,"8",.0,"8",.0,"8","","8",0,"8","","",.0,"8",.0,"8",.0,"8",.0,"8",.0,"8",.0,"8",.0,"8",.0,"8",.0,"8",0,"8",0,"8",0,"8","","",0,"8",0,"8"
"352190360","P£OCK","2006","02","20","21","2","",0,"8",0,"8","","","",4,"",0,"8",0,"8",8,"",50,"",4,"",0,"",.0,"",.0,"8","U","",5.9,"",97,"",-.4,"",997.4,"",1011.1,"",0,.4,"",.0,"8",0,"8","10","4","8","","6","","","/","","","/","","",0,"8",.0,"8",.0,"8","","8",0,"8","","",.0,"8",.0,"8",.0,"8",.0,"8",.0,"8",.0,"8",.0,"8",.0,"8",.0,"8",0,"8",0,"8",0,"8","","",0,"8",0,"8"
"352190360","P£OCK","2006","02","20","22","2","",0,"8",0,"8","","","",5,"",0,"8",0,"8",8,"",60,"",4,"",0,"",.3,"",.0,"8","U","",6.0,"",96,"",-.3,"",997.6,"",1011.2,"",2,.3,"",.0,"8",0,"8","10","2","8","","6","","","/","","","/","","",0,"8",.0,"8",.0,"8","","8",0,"8","","",.0,"8",.0,"8",.0,"8",.0,"8",.0,"8",.0,"8",.0,"8",.0,"8",.0,"8",0,"8",0,"8",0,"8","","",0,"8",0,"8"
"352190360","P£OCK","2006","02","20","23","2","",0,"8",0,"8","","","",5,"",0,"8",0,"8",8,"",60,"",4,"",0,"",.3,"",.0,"8","U","",5.9,"",95,"",-.4,"",997.5,"",1011.1,"",4,.0,"",.0,"8",0,"8","51","2","8","","6","","","/","","","/","","",0,"8",.0,"8",.0,"8","","8",0,"8","","",.0,"8",.0,"8",.0,"8",.0,"8",.0,"8",.0,"8",.0,"8",.0,"8",.0,"8",0,"8",0,"8",0,"8","","",0,"8",0,"8"
"352190360","P£OCK","2006","02","21","00","2","",0,"8",0,"8","","","",5,"",0,"8",0,"8",8,"",60,"",4,"",0,"",.4,"",.0,"8","U","",5.9,"",94,"",-.5,"",997.5,"",1011.1,"",1,.1,"",.0,"",6,"","20","4","8","","6","","","/","","","/","","",14,"",.0,"8",.0,"8","","8",0,"8","","",.0,"8",.0,"8",.0,"8",.0,"8",.0,"8",.0,"8",.0,"8",.0,"8",.0,"8",0,"8",0,"8",0,"8","","",0,"8",0,"8"
"352190360","P£OCK","2006","02","21","01","2","",0,"8",0,"8","","","",5,"",0,"8",0,"8",8,"",60,"",4,"",0,"",.3,"",.0,"8","U","",5.9,"",94,"",-.6,"",997.5,"",1011.1,"",6,-.1,"",.0,"8",0,"8","10","2","8","","6","","","/","","","/","","",0,"8",.0,"8",.0,"8","","8",0,"8","","",.0,"8",.0,"8",.0,"8",.0,"8",.0,"8",.0,"8",.0,"8",.0,"8",.0,"8",0,"8",0,"8",0,"8","","",0,"8",0,"8"
"352190360","P£OCK","2006","02","21","02","2","",0,"8",0,"8","","","",5,"",0,"8",0,"8",8,"",60,"",4,"",0,"",.4,"",.0,"8","U","",5.9,"",94,"",-.5,"",997.7,"",1011.3,"",3,.2,"",.0,"8",0,"8","10","2","8","","6","","","/","","","/","","",0,"8",.0,"8",.0,"8","","8",0,"8","","",.0,"8",.0,"8",.0,"8",.0,"8",.0,"8",.0,"8",.0,"8",.0,"8",.0,"8",0,"8",0,"8",0,"8","","",0,"8",0,"8"
"352190360","P£OCK","2006","02","21","03","2","",0,"8",0,"8","","","",5,"",0,"8",0,"8",8,"",50,"",4,"",0,"",.5,"",.0,"8","U","",6.0,"",94,"",-.4,"",997.4,"",1011.0,"",8,-.1,"",.0,"8",0,"8","61","2","6","","7","","","2","","","/","","",0,"8",.0,"8",.0,"8","","8",0,"8","","",.0,"8",.0,"8",.0,"8",.0,"8",.0,"8",.0,"8",.0,"8",.0,"8",.0,"8",0,"8",0,"8",0,"8","","",0,"8",0,"8"
"352190360","P£OCK","2006","02","21","04","2","",0,"8",0,"8","","","",5,"",0,"8",0,"8",8,"",50,"",5,"",0,"",.5,"",.0,"8","U","",6.0,"",94,"",-.4,"",997.4,"",1011.0,"",6,-.1,"",.0,"8",0,"8","61","6","6","","7","","","2","","","/","","",0,"8",.0,"8",.0,"8","","8",0,"8","","",.0,"8",.0,"8",.0,"8",.0,"8",.0,"8",.0,"8",.0,"8",.0,"8",.0,"8",0,"8",0,"8",0,"8","","",0,"8",0,"8"
"352190360","P£OCK","2006","02","21","05","2","",0,"8",0,"8","","","",5,"",0,"8",0,"8",8,"",40,"",6,"",0,"",.5,"",.0,"8","U","",6.0,"",94,"",-.4,"",996.8,"",1010.4,"",7,-.9,"",.0,"8",0,"8","21","6","8","","6","","","/","","","/","","",0,"8",.0,"8",.0,"8","","8",0,"8","","",.0,"8",.0,"8",.0,"8",.0,"8",.0,"8",.0,"8",.0,"8",.0,"8",.0,"8",0,"8",0,"8",0,"8","","",0,"8",0,"8"
"352190360","P£OCK","2006","02","21","06","2","",0,"8",0,"8","","","",5,"",0,"8",0,"8",8,"",50,"",4,"",0,"",.6,"",.0,"8","U","",5.9,"",93,"",-.4,"",997.4,"",1011.0,"",5,.0,"",.9,"",6,"","61","2","6","","7","","","2","","","/","","",14,"",.0,"8",.0,"8","","8",0,"8","","",.0,"8",.0,"8",.0,"8",.0,"8",.0,"8",.0,"8",.0,"8",.0,"8",.0,"8",0,"8",0,"8",0,"8","","",0,"8",0,"8"
"352190360","P£OCK","2006","02","21","07","2","",0,"8",0,"8","","","",6,"",0,"8",0,"8",8,"",40,"",5,"",0,"",.6,"",.0,"8","U","",5.9,"",93,"",-.4,"",997.5,"",1011.1,"",3,.1,"",.0,"8",0,"8","61","6","6","","7","","","2","","","/","","",0,"8",.0,"8",.0,"8","","8",0,"8","","",.0,"8",.0,"8",.0,"8",.0,"8",.0,"8",.0,"8",.0,"8",.0,"8",.0,"8",0,"8",0,"8",0,"8","","",0,"8",0,"8"
"352190360","P£OCK","2006","02","21","08","2","",0,"8",0,"8","","","",5,"",0,"8",0,"8",8,"",70,"",3,"",0,"",.6,"",.0,"8","U","",5.9,"",93,"",-.4,"",998.4,"",1012.0,"",2,1.6,"",.0,"8",0,"8","79","6","6","","7","","","2","","","/","","",0,"8",.0,"8",.0,"8","","8",0,"8","","",.0,"8",.0,"8",.0,"8",.0,"8",.0,"8",.0,"8",.0,"8",.0,"8",.0,"8",0,"8",0,"8",0,"8","","",0,"8",0,"8"
"352190360","P£OCK","2006","02","21","09","2","",0,"8",0,"8","","","",4,"",0,"8",0,"8",8,"",30,"",5,"",0,"",.3,"",.0,"8","U","",5.9,"",95,"",-.4,"",998.1,"",1011.8,"",0,.7,"",.0,"8",0,"8","73","6","6","","7","","","2","","","/","","",0,"8",.0,"8",.0,"8","","8",0,"8","","",.0,"8",.0,"8",.0,"8",.0,"8",.0,"8",.0,"8",.0,"8",.0,"8",.0,"8",0,"8",0,"8",0,"8","","",0,"8",0,"8"
"352190360","P£OCK","2006","02","21","10","2","",0,"8",0,"8","","","",5,"",0,"8",0,"8",8,"",40,"",6,"",0,"",.3,"",.0,"8","U","",6.0,"",96,"",-.3,"",997.8,"",1011.5,"",0,.3,"",.0,"8",0,"8","71","7","6","","7","","","2","","","/","","",0,"8",.0,"8",.0,"8","","8",0,"8","","",.0,"8",.0,"8",.0,"8",.0,"8",.0,"8",.0,"8",.0,"8",.0,"8",.0,"8",0,"8",0,"8",0,"8","","",0,"8",0,"8"
"352190360","P£OCK","2006","02","21","11","2","",0,"8",0,"8","","","",5,"",0,"8",0,"8",8,"",30,"",5,"",0,"",.4,"",.0,"8","U","",6.0,"",96,"",-.2,"",998.0,"",1011.6,"",5,-.4,"",.0,"8",0,"8","71","7","6","","7","","","2","","","/","","",0,"8",.0,"8",.0,"8","","8",0,"8","","",.0,"8",.0,"8",.0,"8",.0,"8",.0,"8",.0,"8",.0,"8",.0,"8",.0,"8",0,"8",0,"8",0,"8","","",0,"8",0,"8"
"352190360","P£OCK","2006","02","21","12","3","",0,"8",0,"8","","","",6,"",0,"8",0,"8",8,"",40,"",5,"",0,"",.5,"",.0,"8","U","",6.0,"",94,"",-.4,"",998.5,"",1012.1,"",3,.4,"",10.6,"",9,"","61","7","6","","7","","","2","","","/","","",14,"",.0,"8",.0,"8","","8",0,"8","","",.0,"8",.0,"8",.0,"8",.0,"8",.0,"8",.0,"8",.0,"8",.0,"8",.0,"8",0,"8",0,"8",0,"8","","",0,"8",0,"8"
"352190360","P£OCK","2006","02","21","13","3","",0,"8",0,"8","","","",6,"",0,"8",0,"8",8,"",30,"",5,"",0,"",.5,"",.0,"8","U","",6.0,"",94,"",-.4,"",998.8,"",1012.5,"",2,1.0,"",.0,"8",0,"8","68","7","6","","7","","","2","","","/","","",0,"8",.0,"8",.0,"8","","8",0,"8","","",.0,"8",.0,"8",.0,"8",.0,"8",.0,"8",.0,"8",.0,"8",.0,"8",.0,"8",0,"8",0,"8",0,"8","","",0,"8",0,"8"
"352190360","P£OCK","2006","02","21","14","3","",0,"8",0,"8","","","",6,"",0,"8",0,"8",8,"",20,"",5,"",0,"",.5,"",.0,"8","U","",6.0,"",95,"",-.2,"",999.2,"",1012.9,"",2,1.2,"",.0,"8",0,"8","61","7","6","","7","","","2","","","/","","",0,"8",.0,"8",.0,"8","","8",0,"8","","",.0,"8",.0,"8",.0,"8",.0,"8",.0,"8",.0,"8",.0,"8",.0,"8",.0,"8",0,"8",0,"8",0,"8","","",0,"8",0,"8"
"352190360","P£OCK","2006","02","21","15","3","",0,"8",0,"8","","","",6,"",0,"8",0,"8",8,"",20,"",5,"",0,"",.5,"",.0,"8","U","",6.0,"",95,"",-.2,"",999.6,"",1013.3,"",2,1.1,"",.0,"8",0,"8","68","7","6","","7","","","2","","","/","","",0,"8",.0,"8",.0,"8","","8",0,"8","","",.0,"8",.0,"8",.0,"8",.0,"8",.0,"8",.0,"8",.0,"8",.0,"8",.0,"8",0,"8",0,"8",0,"8","","",0,"8",0,"8"
"352190360","P£OCK","2006","02","21","16","2","",0,"8",0,"8","","","",6,"",0,"8",0,"8",8,"",10,"",5,"",0,"",.5,"",.0,"8","U","",6.0,"",95,"",-.2,"",1000.1,"",1013.8,"",2,1.3,"",.0,"8",0,"8","71","7","6","","7","","","2","","","/","","",0,"8",.0,"8",.0,"8","","8",0,"8","","",.0,"8",.0,"8",.0,"8",.0,"8",.0,"8",.0,"8",.0,"8",.0,"8",.0,"8",0,"8",0,"8",0,"8","","",0,"8",0,"8"
"352190360","P£OCK","2006","02","21","17","2","",0,"8",0,"8","","","",6,"",0,"8",0,"8",8,"",10,"",5,"",0,"",.5,"",.0,"8","U","",6.0,"",94,"",-.4,"",1000.7,"",1014.4,"",3,1.5,"",.0,"8",0,"8","71","7","6","","7","","","2","","","/","","",0,"8",.0,"8",.0,"8","","8",0,"8","","",.0,"8",.0,"8",.0,"8",.0,"8",.0,"8",.0,"8",.0,"8",.0,"8",.0,"8",0,"8",0,"8",0,"8","","",0,"8",0,"8"
"352190360","P£OCK","2006","02","21","18","2","",0,"8",0,"8","","","",6,"",0,"8",0,"8",8,"",360,"",5,"",0,"",.4,"",.0,"8","U","",5.9,"",93,"",-.6,"",1001.4,"",1015.1,"",3,1.8,"",1.0,"",7,"","71","7","6","","7","","","2","","","/","","",14,"",.0,"8",.0,"8","","8",0,"8","","",.0,"8",.0,"8",.0,"8",.0,"8",.0,"8",.0,"8",.0,"8",.0,"8",.0,"8",0,"8",0,"8",0,"8","","",0,"8",0,"8"
"352190360","P£OCK","2006","02","21","19","2","",0,"8",0,"8","","","",6,"",0,"8",0,"8",8,"",10,"",5,"",0,"",.3,"",.0,"8","U","",5.7,"",92,"",-.8,"",1001.8,"",1015.5,"",2,1.7,"",.0,"8",0,"8","71","7","6","","7","","","2","","","/","","",0,"8",.0,"8",.0,"8","","8",0,"8","","",.0,"8",.0,"8",.0,"8",.0,"8",.0,"8",.0,"8",.0,"8",.0,"8",.0,"8",0,"8",0,"8",0,"8","","",0,"8",0,"8"
"352190360","P£OCK","2006","02","21","20","2","",0,"8",0,"8","","","",6,"",0,"8",0,"8",8,"",360,"",4,"",0,"",.1,"",.0,"8","U","",5.7,"",93,"",-.9,"",1002.2,"",1015.9,"",1,1.5,"",.0,"8",0,"8","71","7","6","","7","","","2","","","/","","",0,"8",.0,"8",.0,"8","","8",0,"8","","",.0,"8",.0,"8",.0,"8",.0,"8",.0,"8",.0,"8",.0,"8",.0,"8",.0,"8",0,"8",0,"8",0,"8","","",0,"8",0,"8"
"352190360","P£OCK","2006","02","21","21","3","",0,"8",0,"8","","","",6,"",0,"8",0,"8",8,"",360,"",4,"",0,"",.0,"",.0,"8","U","",5.7,"",93,"",-1.0,"",1002.8,"",1016.5,"",3,1.4,"",.0,"8",0,"8","71","7","6","","7","","","2","","","/","","",0,"8",.0,"8",.0,"8","","8",0,"8","","",.0,"8",.0,"8",.0,"8",.0,"8",.0,"8",.0,"8",.0,"8",.0,"8",.0,"8",0,"8",0,"8",0,"8","","",0,"8",0,"8"
"352190360","P£OCK","2006","02","21","22","2","",0,"8",0,"8","","","",5,"",0,"8",0,"8",8,"",360,"",5,"",0,"",-.3,"",.0,"8","U","",5.6,"",93,"",-1.3,"",1003.3,"",1017.1,"",2,1.5,"",.0,"8",0,"8","71","7","6","","7","","","2","","","/","","",0,"8",.0,"8",.0,"8","","8",0,"8","","",.0,"8",.0,"8",.0,"8",.0,"8",.0,"8",.0,"8",.0,"8",.0,"8",.0,"8",0,"8",0,"8",0,"8","","",0,"8",0,"8"
"352190360","P£OCK","2006","02","21","23","2","",0,"8",0,"8","","","",6,"",0,"8",0,"8",8,"",360,"",6,"",0,"",-.3,"",.0,"8","U","",5.5,"",92,"",-1.4,"",1004.0,"",1017.8,"",2,1.8,"",.0,"8",0,"8","71","7","6","","7","","","2","","","/","","",0,"8",.0,"8",.0,"8","","8",0,"8","","",.0,"8",.0,"8",.0,"8",.0,"8",.0,"8",.0,"8",.0,"8",.0,"8",.0,"8",0,"8",0,"8",0,"8","","",0,"8",0,"8"
"352190360","P£OCK","2006","02","22","00","2","",0,"8",0,"8","","","",6,"",0,"8",0,"8",8,"",360,"",5,"",0,"",-.3,"",.0,"8","U","",5.4,"",91,"",-1.6,"",1004.6,"",1018.4,"",2,1.8,"",.1,"",7,"","71","7","6","","7","","","2","","","/","","",14,"",.0,"8",.0,"8","","8",0,"8","","",.0,"8",.0,"8",.0,"8",.0,"8",.0,"8",.0,"8",.0,"8",.0,"8",.0,"8",0,"8",0,"8",0,"8","","",0,"8",0,"8"
"352190360","P£OCK","2006","02","22","01","2","",0,"8",0,"8","","","",5,"",0,"8",0,"8",8,"",360,"",6,"",0,"",-.6,"",.0,"8","U","",5.4,"",92,"",-1.7,"",1005.0,"",1018.8,"",1,1.7,"",.0,"8",0,"8","71","7","4","","7","","","2","","","/","","",0,"8",.0,"8",.0,"8","","8",0,"8","","",.0,"8",.0,"8",.0,"8",.0,"8",.0,"8",.0,"8",.0,"8",.0,"8",.0,"8",0,"8",0,"8",0,"8","","",0,"8",0,"8"
"352190360","P£OCK","2006","02","22","02","2","",0,"8",0,"8","","","",5,"",0,"8",0,"8",8,"",350,"",6,"",0,"",-1.0,"",.0,"8","U","",5.3,"",94,"",-1.8,"",1005.1,"",1018.9,"",1,1.1,"",.0,"8",0,"8","71","7","6","","7","","","2","","","/","","",0,"8",.0,"8",.0,"8","","8",0,"8","","",.0,"8",.0,"8",.0,"8",.0,"8",.0,"8",.0,"8",.0,"8",.0,"8",.0,"8",0,"8",0,"8",0,"8","","",0,"8",0,"8"
"352190360","P£OCK","2006","02","22","03","2","",0,"8",0,"8","","","",6,"",0,"8",0,"8",8,"",360,"",5,"",0,"",-.9,"",.0,"8","U","",5.2,"",91,"",-2.2,"",1005.3,"",1019.1,"",2,.7,"",.0,"8",0,"8","71","7","6","","7","","","2","","","/","","",0,"8",.0,"8",.0,"8","","8",0,"8","","",.0,"8",.0,"8",.0,"8",.0,"8",.0,"8",.0,"8",.0,"8",.0,"8",.0,"8",0,"8",0,"8",0,"8","","",0,"8",0,"8"
"352190360","P£OCK","2006","02","22","04","2","",0,"8",0,"8","","","",6,"",0,"8",0,"8",8,"",360,"",5,"",0,"",-1.0,"",.0,"8","U","",5.2,"",91,"",-2.3,"",1005.8,"",1019.6,"",3,.8,"",.0,"8",0,"8","71","7","6","","7","","","2","","","/","","",0,"8",.0,"8",.0,"8","","8",0,"8","","",.0,"8",.0,"8",.0,"8",.0,"8",.0,"8",.0,"8",.0,"8",.0,"8",.0,"8",0,"8",0,"8",0,"8","","",0,"8",0,"8"
"352190360","P£OCK","2006","02","22","05","3","",0,"8",0,"8","","","",6,"",0,"8",0,"8",8,"",360,"",5,"",0,"",-1.1,"",.0,"8","U","",5.1,"",90,"",-2.5,"",1005.9,"",1019.7,"",2,.8,"",.0,"8",0,"8","71","7","6","","7","","","2","","","/","","",0,"8",.0,"8",.0,"8","","8",0,"8","","",.0,"8",.0,"8",.0,"8",.0,"8",.0,"8",.0,"8",.0,"8",.0,"8",.0,"8",0,"8",0,"8",0,"8","","",0,"8",0,"8"
"352190360","P£OCK","2006","02","22","06","3","",0,"8",0,"8","","","",6,"",0,"8",0,"8",8,"",360,"",6,"",0,"",-1.1,"",.0,"8","U","",5.0,"",89,"",-2.7,"",1006.4,"",1020.2,"",2,1.1,"",.1,"",7,"","22","7","8","","6","","","/","","","/","","",14,"",.0,"8",.0,"8","","8",0,"8","","",.0,"8",.0,"8",.0,"8",.0,"8",.0,"8",.0,"8",.0,"8",.0,"8",.0,"8",0,"8",0,"8",0,"8","","",0,"8",0,"8"
"352190360","P£OCK","2006","02","22","07","3","",0,"8",0,"8","","","",6,"",0,"8",0,"8",8,"",360,"",5,"",0,"",-1.1,"",.0,"8","U","",5.0,"",89,"",-2.7,"",1006.9,"",1020.7,"",3,1.1,"",.0,"8",0,"8","10","2","8","","6","","","/","","","/","","",0,"8",.0,"8",.0,"8","","8",0,"8","","",.0,"8",.0,"8",.0,"8",.0,"8",.0,"8",.0,"8",.0,"8",.0,"8",.0,"8",0,"8",0,"8",0,"8","","",0,"8",0,"8"
"352190360","P£OCK","2006","02","22","08","3","",0,"8",0,"8","","","",6,"",0,"8",0,"8",8,"",360,"",6,"",0,"",-1.0,"",.0,"8","U","",4.9,"",87,"",-2.9,"",1007.2,"",1021.0,"",1,1.3,"",.0,"8",0,"8","10","2","8","","6","","","/","","","/","","",0,"8",.0,"8",.0,"8","","8",0,"8","","",.0,"8",.0,"8",.0,"8",.0,"8",.0,"8",.0,"8",.0,"8",.0,"8",.0,"8",0,"8",0,"8",0,"8","","",0,"8",0,"8"
"352190360","P£OCK","2006","02","22","09","4","",0,"8",0,"8","","","",6,"",0,"8",0,"8",8,"",360,"",5,"",0,"",-.9,"",.0,"8","U","",4.9,"",86,"",-2.9,"",1007.5,"",1021.3,"",1,1.1,"",.0,"8",0,"8","10","2","8","","5","","","/","","","/","","",0,"8",.0,"8",.0,"8","","8",0,"8","","",.0,"8",.0,"8",.0,"8",.0,"8",.0,"8",.0,"8",.0,"8",.0,"8",.0,"8",0,"8",0,"8",0,"8","","",0,"8",0,"8"
"352190360","P£OCK","2006","02","22","10","4","",0,"8",0,"8","","","",6,"",0,"8",0,"8",8,"",350,"",6,"",0,"",-.7,"",.0,"8","U","",4.9,"",84,"",-3.1,"",1007.7,"",1021.5,"",2,.8,"",.0,"8",0,"8","10","2","8","","5","","","/","","","/","","",0,"8",.0,"8",.0,"8","","8",0,"8","","",.0,"8",.0,"8",.0,"8",.0,"8",.0,"8",.0,"8",.0,"8",.0,"8",.0,"8",0,"8",0,"8",0,"8","","",0,"8",0,"8"
"352190360","P£OCK","2006","02","22","11","4","",0,"8",0,"8","","","",6,"",0,"8",0,"8",8,"",360,"",5,"",0,"",-.8,"",.0,"8","U","",4.8,"",84,"",-3.2,"",1007.8,"",1021.6,"",1,.6,"",.0,"8",0,"8","10","2","8","","5","","","/","","","/","","",0,"8",.0,"8",.0,"8","","8",0,"8","","",.0,"8",.0,"8",.0,"8",.0,"8",.0,"8",.0,"8",.0,"8",.0,"8",.0,"8",0,"8",0,"8",0,"8","","",0,"8",0,"8"
"352190360","P£OCK","2006","02","22","12","4","",0,"8",0,"8","","","",6,"",0,"8",0,"8",8,"",340,"",4,"",0,"",-1.0,"",.0,"8","U","",4.8,"",84,"",-3.4,"",1007.8,"",1021.7,"",1,.3,"",.0,"9",0,"9","10","2","8","","5","","","/","","","/","","",14,"",.0,"8",.0,"8","","8",0,"8","","",.0,"8",.0,"8",.0,"8",.0,"8",.0,"8",.0,"8",.0,"8",.0,"8",.0,"8",0,"8",0,"8",0,"8","","",0,"8",0,"8"
"352190360","P£OCK","2006","02","22","13","4","",0,"8",0,"8","","","",6,"",0,"8",0,"8",8,"",340,"",4,"",0,"",-1.2,"",.0,"8","U","",4.6,"",83,"",-3.7,"",1008.0,"",1021.9,"",2,.3,"",.0,"8",0,"8","10","2","8","","5","","","/","","","/","","",0,"8",.0,"8",.0,"8","","8",0,"8","","",.0,"8",.0,"8",.0,"8",.0,"8",.0,"8",.0,"8",.0,"8",.0,"8",.0,"8",0,"8",0,"8",0,"8","","",0,"8",0,"8"
"352190360","P£OCK","2006","02","22","14","3","",0,"8",0,"8","","","",6,"",0,"8",0,"8",8,"",330,"",4,"",0,"",-1.8,"",.0,"8","U","",4.5,"",84,"",-4.1,"",1008.2,"",1022.1,"",3,.4,"",.0,"8",0,"8","10","2","8","","5","","","/","","","/","","",0,"8",.0,"8",.0,"8","","8",0,"8","","",.0,"8",.0,"8",.0,"8",.0,"8",.0,"8",.0,"8",.0,"8",.0,"8",.0,"8",0,"8",0,"8",0,"8","","",0,"8",0,"8"
"352190360","P£OCK","2006","02","22","15","3","",0,"8",0,"8","","","",7,"",0,"8",0,"8",8,"",350,"",4,"",0,"",-2.1,"",.0,"8","U","",4.4,"",84,"",-4.4,"",1008.3,"",1022.2,"",2,.5,"",.0,"8",0,"8","02","2","8","","5","","","/","","","/","","",0,"8",.0,"8",.0,"8","","8",0,"8","","",.0,"8",.0,"8",.0,"8",.0,"8",.0,"8",.0,"8",.0,"8",.0,"8",.0,"8",0,"8",0,"8",0,"8","","",0,"8",0,"8"
"352190360","P£OCK","2006","02","22","16","3","",0,"8",0,"8","","","",7,"",0,"8",0,"8",8,"",340,"",4,"",0,"",-3.0,"",.0,"8","U","",4.2,"",85,"",-5.2,"",1008.5,"",1022.5,"",2,.5,"",.0,"8",0,"8","02","2","8","","5","","","/","","","/","","",0,"8",.0,"8",.0,"8","","8",0,"8","","",.0,"8",.0,"8",.0,"8",.0,"8",.0,"8",.0,"8",.0,"8",.0,"8",.0,"8",0,"8",0,"8",0,"8","","",0,"8",0,"8"
"352190360","P£OCK","2006","02","22","17","3","",0,"8",0,"8","","","",7,"",0,"8",0,"8",8,"",360,"",5,"",0,"",-3.6,"",.0,"8","U","",4.0,"",86,"",-5.6,"",1008.8,"",1022.8,"",3,.6,"",.0,"8",0,"8","02","2","8","","5","","","/","","","/","","",0,"8",.0,"8",.0,"8","","8",0,"8","","",.0,"8",.0,"8",.0,"8",.0,"8",.0,"8",.0,"8",.0,"8",.0,"8",.0,"8",0,"8",0,"8",0,"8","","",0,"8",0,"8"
"352190360","P£OCK","2006","02","22","18","4","",0,"8",0,"8","","","",7,"",0,"8",0,"8",8,"",360,"",4,"",0,"",-3.9,"",.0,"8","U","",3.9,"",85,"",-6.1,"",1008.9,"",1022.9,"",2,.6,"",.0,"9",0,"9","02","2","8","","5","","","/","","","/","","",14,"",.0,"8",.0,"8","","8",0,"8","","",.0,"8",.0,"8",.0,"8",.0,"8",.0,"8",.0,"8",.0,"8",.0,"8",.0,"8",0,"8",0,"8",0,"8","","",0,"8",0,"8"
"352190360","P£OCK","2006","02","22","19","4","",0,"8",0,"8","","","",7,"",0,"8",0,"8",7,"",360,"",2,"",0,"",-4.0,"",.0,"8","U","",3.8,"",83,"",-6.5,"",1009.1,"",1023.1,"",2,.6,"",.0,"8",0,"8","01","2","7","","5","","","/","","","/","","",0,"8",.0,"8",.0,"8","","8",0,"8","","",.0,"8",.0,"8",.0,"8",.0,"8",.0,"8",.0,"8",.0,"8",.0,"8",.0,"8",0,"8",0,"8",0,"8","","",0,"8",0,"8"
"352190360","P£OCK","2006","02","22","20","4","",0,"8",0,"8","","","",7,"",0,"8",0,"8",2,"",320,"",2,"",0,"",-5.7,"",.0,"8","U","",3.5,"",87,"",-7.5,"",1009.1,"",1023.2,"",1,.3,"",.0,"8",0,"8","01","1","2","","5","","","0","","","0","","",0,"8",.0,"8",.0,"8","","8",0,"8","","",.0,"8",.0,"8",.0,"8",.0,"8",.0,"8",.0,"8",.0,"8",.0,"8",.0,"8",0,"8",0,"8",0,"8","","",0,"8",0,"8"
"352190360","P£OCK","2006","02","22","21","9","",0,"8",0,"8","","","",6,"",0,"8",0,"8",0,"",300,"",2,"",0,"",-7.3,"",.0,"8","U","",3.2,"",90,"",-8.7,"",1009.6,"",1023.8,"",2,.7,"",.0,"8",0,"8","10","1","0","","0","","","0","","","0","","",0,"8",.0,"8",.0,"8","","8",0,"8","","",.0,"8",.0,"8",.0,"8",.0,"8",.0,"8",.0,"8",.0,"8",.0,"8",.0,"8",0,"8",0,"8",0,"8","","",0,"8",0,"8"
"352190360","P£OCK","2006","02","22","22","9","",0,"8",0,"8","","","",6,"",0,"8",0,"8",0,"",320,"",2,"",0,"",-8.1,"",.0,"8","U","",3.1,"",92,"",-9.2,"",1009.4,"",1023.7,"",0,.3,"",.0,"8",0,"8","10","0","0","","0","","","0","","","0","","",0,"8",.0,"8",.0,"8","","8",0,"8","","",.0,"8",.0,"8",.0,"8",.0,"8",.0,"8",.0,"8",.0,"8",.0,"8",.0,"8",0,"8",0,"8",0,"8","","",0,"8",0,"8"
"352190360","P£OCK","2006","02","22","23","9","",0,"8",0,"8","","","",6,"",0,"8",0,"8",0,"",310,"",3,"",0,"",-8.4,"",.0,"8","U","",3.0,"",91,"",-9.6,"",1009.2,"",1023.5,"",0,.1,"",.0,"8",0,"8","10","0","0","","0","","","0","","","0","","",0,"8",.0,"8",.0,"8","","8",0,"8","","",.0,"8",.0,"8",.0,"8",.0,"8",.0,"8",.0,"8",.0,"8",.0,"8",.0,"8",0,"8",0,"8",0,"8","","",0,"8",0,"8"
"352190360","P£OCK","2006","02","23","00","1","",0,"8",0,"8","","","",2,"",0,"8",0,"8",8,"",300,"",1,"",0,"",-9.4,"",.0,"8","U","",2.7,"",90,"",-10.7,"",1009.3,"",1023.6,"",5,-.3,"",.0,"9",0,"9","48","1","8","","6","","","/","","","/","","",14,"",.0,"8",.0,"8","","8",0,"8","","",.0,"8",.0,"8",.0,"8",.0,"8",.0,"8",.0,"8",.0,"8",.0,"8",.0,"8",0,"8",0,"8",0,"8","","",0,"8",0,"8"
"352190360","P£OCK","2006","02","23","01","1","",0,"8",0,"8","","","",2,"",0,"8",0,"8",8,"",300,"",2,"",0,"",-7.6,"",.0,"8","U","",3.2,"",92,"",-8.7,"",1009.3,"",1023.5,"",6,-.1,"",.0,"8",0,"8","48","4","8","","6","","","/","","","/","","",0,"8",.0,"8",.0,"8","","8",0,"8","","",.0,"8",.0,"8",.0,"8",.0,"8",.0,"8",.0,"8",.0,"8",.0,"8",.0,"8",0,"8",0,"8",0,"8","","",0,"8",0,"8"
"352190360","P£OCK","2006","02","23","02","1","",0,"8",0,"8","","","",3,"",0,"8",0,"8",8,"",290,"",1,"",0,"",-6.9,"",.0,"8","U","",3.4,"",92,"",-8.0,"",1009.2,"",1023.4,"",0,.0,"",.0,"8",0,"8","48","4","8","","6","","","/","","","/","","",0,"8",.0,"8",.0,"8","","8",0,"8","","",.0,"8",.0,"8",.0,"8",.0,"8",.0,"8",.0,"8",.0,"8",.0,"8",.0,"8",0,"8",0,"8",0,"8","","",0,"8",0,"8"
"352190360","P£OCK","2006","02","23","03","1","",0,"8",0,"8","","","",3,"",0,"8",0,"8",8,"",290,"",2,"",0,"",-5.2,"",.0,"8","U","",3.9,"",94,"",-6.0,"",1009.0,"",1023.1,"",8,-.3,"",.0,"8",0,"8","48","4","8","","6","","","/","","","/","","",0,"8",.0,"8",.0,"8","","8",0,"8","","",.0,"8",.0,"8",.0,"8",.0,"8",.0,"8",.0,"8",.0,"8",.0,"8",.0,"8",0,"8",0,"8",0,"8","","",0,"8",0,"8"
"352190360","P£OCK","2006","02","23","04","1","",0,"8",0,"8","","","",3,"",0,"8",0,"8",8,"",320,"",1,"",0,"",-4.4,"",.0,"8","U","",4.2,"",94,"",-5.2,"",1008.9,"",1022.9,"",7,-.4,"",.0,"8",0,"8","48","4","8","","6","","","/","","","/","","",0,"8",.0,"8",.0,"8","","8",0,"8","","",.0,"8",.0,"8",.0,"8",.0,"8",.0,"8",.0,"8",.0,"8",.0,"8",.0,"8",0,"8",0,"8",0,"8","","",0,"8",0,"8"
"352190360","P£OCK","2006","02","23","05","2","",0,"8",0,"8","","","",3,"",0,"8",0,"8",8,"",290,"",2,"",0,"",-3.8,"",.0,"8","U","",4.4,"",95,"",-4.5,"",1009.1,"",1023.1,"",5,-.1,"",.0,"8",0,"8","48","4","8","","6","","","/","","","/","","",0,"8",.0,"8",.0,"8","","8",0,"8","","",.0,"8",.0,"8",.0,"8",.0,"8",.0,"8",.0,"8",.0,"8",.0,"8",.0,"8",0,"8",0,"8",0,"8","","",0,"8",0,"8"
"352190360","P£OCK","2006","02","23","06","3","",0,"8",0,"8","","","",4,"",0,"8",0,"8",8,"",300,"",2,"",0,"",-3.4,"",.0,"8","U","",4.5,"",95,"",-4.1,"",1009.6,"",1023.6,"",3,.6,"",.0,"",7,"","77","4","8","","6","","","/","","","/","","",14,"",.0,"8",.0,"8","","8",0,"8","","",.0,"8",.0,"8",.0,"8",.0,"8",.0,"8",.0,"8",.0,"8",.0,"8",.0,"8",0,"8",0,"8",0,"8","","",0,"8",0,"8"
"352190360","P£OCK","2006","02","23","07","3","",0,"8",0,"8","","","",5,"",0,"8",0,"8",8,"",320,"",2,"",0,"",-3.5,"",.0,"8","U","",4.5,"",95,"",-4.2,"",1009.6,"",1023.6,"",1,.7,"",.0,"8",0,"8","20","7","8","","6","","","/","","","/","","",0,"8",.0,"8",.0,"8","","8",0,"8","","",.0,"8",.0,"8",.0,"8",.0,"8",.0,"8",.0,"8",.0,"8",.0,"8",.0,"8",0,"8",0,"8",0,"8","","",0,"8",0,"8"
"352190360","P£OCK","2006","02","23","08","4","",0,"8",0,"8","","","",6,"",0,"8",0,"8",7,"",260,"",1,"",0,"",-3.1,"",.0,"8","U","",4.6,"",95,"",-3.8,"",1009.8,"",1023.8,"",2,.7,"",.0,"8",0,"8","10","2","7","","5","","","/","","","/","","",0,"8",.0,"8",.0,"8","","8",0,"8","","",.0,"8",.0,"8",.0,"8",.0,"8",.0,"8",.0,"8",.0,"8",.0,"8",.0,"8",0,"8",0,"8",0,"8","","",0,"8",0,"8"
"352190360","P£OCK","2006","02","23","09","4","",0,"8",0,"8","","","",6,"",0,"8",0,"8",7,"",250,"",1,"",0,"",-3.0,"",.0,"8","U","",4.7,"",95,"",-3.7,"",1010.1,"",1024.1,"",3,.5,"",.0,"8",0,"8","10","7","7","","5","","","/","","","/","","",0,"8",.0,"8",.0,"8","","8",0,"8","","",.0,"8",.0,"8",.0,"8",.0,"8",.0,"8",.0,"8",.0,"8",.0,"8",.0,"8",0,"8",0,"8",0,"8","","",0,"8",0,"8"
"352190360","P£OCK","2006","02","23","10","4","",0,"8",0,"8","","","",6,"",0,"8",0,"8",7,"",230,"",2,"",0,"",-2.5,"",.0,"8","U","",4.6,"",90,"",-3.9,"",1010.3,"",1024.3,"",2,.7,"",.0,"8",0,"8","10","2","7","","5","","","/","","","/","","",0,"8",.0,"8",.0,"8","","8",0,"8","","",.0,"8",.0,"8",.0,"8",.0,"8",.0,"8",.0,"8",.0,"8",.0,"8",.0,"8",0,"8",0,"8",0,"8","","",0,"8",0,"8"
"352190360","P£OCK","2006","02","23","11","4","",0,"8",0,"8","","","",7,"",0,"8",0,"8",8,"",260,"",2,"",0,"",-1.1,"",.0,"8","U","",4.5,"",80,"",-4.1,"",1010.6,"",1024.5,"",2,.8,"",.0,"8",0,"8","85","2","3","","9","","","3","","","7","","",0,"8",.0,"8",.0,"8","","8",0,"8","","",.0,"8",.0,"8",.0,"8",.0,"8",.0,"8",.0,"8",.0,"8",.0,"8",.0,"8",0,"8",0,"8",0,"8","","",0,"8",0,"8"
"352190360","P£OCK","2006","02","23","12","6","",0,"8",0,"8","","","",7,"",0,"8",0,"8",8,"",0,"",0,"",0,"",-.7,"",.0,"8","U","",4.5,"",77,"",-4.2,"",1010.8,"",1024.7,"",2,.7,"",.0,"",7,"","26","7","2","","5","","","3","","","7","","",14,"",.0,"8",.0,"8","","8",0,"8","","",.0,"8",.0,"8",.0,"8",.0,"8",.0,"8",.0,"8",.0,"8",.0,"8",.0,"8",0,"8",0,"8",0,"8","","",0,"8",0,"8"
"352190360","P£OCK","2006","02","23","13","9","",0,"8",0,"8","","","",7,"",0,"8",0,"8",8,"",140,"",2,"",0,"",-.1,"",.0,"8","U","",4.4,"",73,"",-4.4,"",1011.1,"",1025.0,"",2,.8,"",.0,"8",0,"8","01","2","4","","0","","","3","","","7","","",0,"8",.0,"8",.0,"8","","8",0,"8","","",.0,"8",.0,"8",.0,"8",.0,"8",.0,"8",.0,"8",.0,"8",.0,"8",.0,"8",0,"8",0,"8",0,"8","","",0,"8",0,"8"
"352190360","P£OCK","2006","02","23","14","9","",0,"8",0,"8","","","",7,"",0,"8",0,"8",7,"",140,"",2,"",0,"",-.1,"",.0,"8","U","",4.2,"",69,"",-5.1,"",1011.6,"",1025.5,"",3,1.0,"",.0,"8",0,"8","01","2","0","","0","","","0","","","8","","",0,"8",.0,"8",.0,"8","","8",0,"8","","",.0,"8",.0,"8",.0,"8",.0,"8",.0,"8",.0,"8",.0,"8",.0,"8",.0,"8",0,"8",0,"8",0,"8","","",0,"8",0,"8"
"352190360","P£OCK","2006","02","23","15","9","",0,"8",0,"8","","","",7,"",0,"8",0,"8",6,"",120,"",2,"",0,"",-1.0,"",.0,"8","U","",4.3,"",75,"",-4.9,"",1011.9,"",1025.8,"",2,1.1,"",.0,"8",0,"8","01","2","0","","0","","","0","","","8","","",0,"8",.0,"8",.0,"8","","8",0,"8","","",.0,"8",.0,"8",.0,"8",.0,"8",.0,"8",.0,"8",.0,"8",.0,"8",.0,"8",0,"8",0,"8",0,"8","","",0,"8",0,"8"
"352190360","P£OCK","2006","02","23","16","9","",0,"8",0,"8","","","",6,"",0,"8",0,"8",6,"",90,"",2,"",0,"",-2.8,"",.0,"8","U","",3.9,"",79,"",-5.9,"",1012.2,"",1026.2,"",1,1.1,"",.0,"8",0,"8","10","2","0","","0","","","0","","","8","","",0,"8",.0,"8",.0,"8","","8",0,"8","","",.0,"8",.0,"8",.0,"8",.0,"8",.0,"8",.0,"8",.0,"8",.0,"8",.0,"8",0,"8",0,"8",0,"8","","",0,"8",0,"8"
"352190360","P£OCK","2006","02","23","17","9","",0,"8",0,"8","","","",6,"",0,"8",0,"8",4,"",70,"",1,"",0,"",-5.6,"",.0,"8","U","",3.4,"",84,"",-7.9,"",1013.0,"",1027.2,"",3,1.4,"",.0,"8",0,"8","10","1","1","","0","","","3","","","8","","",0,"8",.0,"8",.0,"8","","8",0,"8","","",.0,"8",.0,"8",.0,"8",.0,"8",.0,"8",.0,"8",.0,"8",.0,"8",.0,"8",0,"8",0,"8",0,"8","","",0,"8",0,"8"
"352190360","P£OCK","2006","02","23","18","9","",0,"8",0,"8","","","",5,"",0,"8",0,"8",4,"",90,"",2,"",0,"",-7.1,"",.0,"8","U","",3.2,"",88,"",-8.8,"",1013.7,"",1028.0,"",2,1.8,"",.0,"9",0,"9","10","1","1","","0","","","3","","","8","","",14,"",.0,"8",.0,"8","","8",0,"8","","",.0,"8",.0,"8",.0,"8",.0,"8",.0,"8",.0,"8",.0,"8",.0,"8",.0,"8",0,"8",0,"8",0,"8","","",0,"8",0,"8"
"352190360","P£OCK","2006","02","23","19","9","",0,"8",0,"8","","","",5,"",0,"8",0,"8",0,"",50,"",2,"",0,"",-7.2,"",.0,"8","U","",3.2,"",91,"",-8.4,"",1014.6,"",1028.9,"",2,2.4,"",.0,"8",0,"8","10","0","0","","0","","","0","","","0","","",0,"8",.0,"8",.0,"8","","8",0,"8","","",.0,"8",.0,"8",.0,"8",.0,"8",.0,"8",.0,"8",.0,"8",.0,"8",.0,"8",0,"8",0,"8",0,"8","","",0,"8",0,"8"
"352190360","P£OCK","2006","02","23","20","9","",0,"8",0,"8","","","",4,"",0,"8",0,"8",0,"",60,"",1,"",0,"",-8.0,"",.0,"8","U","",3.1,"",92,"",-9.1,"",1015.4,"",1029.7,"",2,2.4,"",.0,"8",0,"8","10","0","0","","0","","","0","","","0","","",0,"8",.0,"8",.0,"8","","8",0,"8","","",.0,"8",.0,"8",.0,"8",.0,"8",.0,"8",.0,"8",.0,"8",.0,"8",.0,"8",0,"8",0,"8",0,"8","","",0,"8",0,"8"
"352190360","P£OCK","2006","02","23","21","9","",0,"8",0,"8","","","",4,"",0,"8",0,"8",0,"",100,"",2,"",0,"",-8.5,"",.0,"8","U","",2.9,"",91,"",-9.7,"",1015.8,"",1030.2,"",1,2.1,"",.0,"8",0,"8","10","0","0","","0","","","0","","","0","","",0,"8",.0,"8",.0,"8","","8",0,"8","","",.0,"8",.0,"8",.0,"8",.0,"8",.0,"8",.0,"8",.0,"8",.0,"8",.0,"8",0,"8",0,"8",0,"8","","",0,"8",0,"8"
"352190360","P£OCK","2006","02","23","22","9","",0,"8",0,"8","","","",4,"",0,"8",0,"8",0,"",90,"",1,"",0,"",-8.7,"",.0,"8","U","",2.9,"",91,"",-9.9,"",1015.9,"",1030.3,"",1,1.3,"",.0,"8",0,"8","10","0","0","","0","","","0","","","0","","",0,"8",.0,"8",.0,"8","","8",0,"8","","",.0,"8",.0,"8",.0,"8",.0,"8",.0,"8",.0,"8",.0,"8",.0,"8",.0,"8",0,"8",0,"8",0,"8","","",0,"8",0,"8"
"352190360","P£OCK","2006","02","23","23","/","",0,"8",0,"8","","","",1,"",0,"8",0,"8",9,"",40,"",2,"",0,"",-10.8,"",.0,"8","U","",2.4,"",88,"",-12.4,"",1016.6,"",1031.1,"",2,1.2,"",.0,"8",0,"8","49","0","9","","/","","","/","","","/","","",0,"8",.0,"8",.0,"8","","8",0,"8","","",.0,"8",.0,"8",.0,"8",.0,"8",.0,"8",.0,"8",.0,"8",.0,"8",.0,"8",0,"8",0,"8",0,"8","","",0,"8",0,"8"
"352190360","P£OCK","2006","02","24","00","/","",0,"8",0,"8","","","",1,"",0,"8",0,"8",9,"",40,"",3,"",0,"",-11.0,"",.0,"8","U","",2.4,"",89,"",-12.5,"",1017.4,"",1031.9,"",3,1.6,"",.0,"9",0,"9","49","0","9","","/","","","/","","","/","","",14,"",.0,"8",.0,"8","","8",0,"8","","",.0,"8",.0,"8",.0,"8",.0,"8",.0,"8",.0,"8",.0,"8",.0,"8",.0,"8",0,"8",0,"8",0,"8","","",0,"8",0,"8"
"352190360","P£OCK","2006","02","24","01","1","",0,"8",0,"8","","","",2,"",0,"8",0,"8",8,"",40,"",2,"",0,"",-11.3,"",.0,"8","U","",2.3,"",88,"",-12.9,"",1017.8,"",1032.3,"",2,1.9,"",.0,"8",0,"8","48","4","8","","6","","","/","","","/","","",0,"8",.0,"8",.0,"8","","8",0,"8","","",.0,"8",.0,"8",.0,"8",.0,"8",.0,"8",.0,"8",.0,"8",.0,"8",.0,"8",0,"8",0,"8",0,"8","","",0,"8",0,"8"
"352190360","P£OCK","2006","02","24","02","2","",0,"8",0,"8","","","",4,"",0,"8",0,"8",8,"",70,"",1,"",0,"",-12.0,"",.0,"8","U","",2.2,"",88,"",-13.6,"",1017.4,"",1032.0,"",0,.8,"",.0,"8",0,"8","28","4","8","","6","","","/","","","/","","",0,"8",.0,"8",.0,"8","","8",0,"8","","",.0,"8",.0,"8",.0,"8",.0,"8",.0,"8",.0,"8",.0,"8",.0,"8",.0,"8",0,"8",0,"8",0,"8","","",0,"8",0,"8"
"352190360","P£OCK","2006","02","24","03","0","",0,"8",0,"8","","","",3,"",0,"8",0,"8",8,"",40,"",3,"",0,"",-11.6,"",.0,"8","U","",2.2,"",88,"",-13.2,"",1017.8,"",1032.4,"",2,.4,"",.0,"8",0,"8","48","4","8","","6","","","/","","","/","","",0,"8",.0,"8",.0,"8","","8",0,"8","","",.0,"8",.0,"8",.0,"8",.0,"8",.0,"8",.0,"8",.0,"8",.0,"8",.0,"8",0,"8",0,"8",0,"8","","",0,"8",0,"8"
"352190360","P£OCK","2006","02","24","04","2","",0,"8",0,"8","","","",5,"",0,"8",0,"8",8,"",40,"",2,"",0,"",-12.3,"",.0,"8","U","",2.1,"",87,"",-14.0,"",1018.3,"",1032.9,"",3,.5,"",.0,"8",0,"8","28","2","8","","6","","","/","","","/","","",0,"8",.0,"8",.0,"8","","8",0,"8","","",.0,"8",.0,"8",.0,"8",.0,"8",.0,"8",.0,"8",.0,"8",.0,"8",.0,"8",0,"8",0,"8",0,"8","","",0,"8",0,"8"
"352190360","P£OCK","2006","02","24","05","1","",0,"8",0,"8","","","",2,"",0,"8",0,"8",8,"",70,"",1,"",0,"",-10.5,"",.0,"8","U","",2.5,"",89,"",-12.0,"",1018.1,"",1032.6,"",0,.7,"",.0,"8",0,"8","48","2","8","","6","","","/","","","/","","",0,"8",.0,"8",.0,"8","","8",0,"8","","",.0,"8",.0,"8",.0,"8",.0,"8",.0,"8",.0,"8",.0,"8",.0,"8",.0,"8",0,"8",0,"8",0,"8","","",0,"8",0,"8"
"352190360","P£OCK","2006","02","24","06","2","",0,"8",0,"8","","","",3,"",0,"8",0,"8",8,"",70,"",1,"",0,"",-9.6,"",.0,"8","U","",2.7,"",90,"",-10.9,"",1018.5,"",1033.0,"",2,.7,"",.0,"9",0,"9","48","4","8","","6","","","/","","","/","","",14,"",.0,"8",.0,"8","","8",0,"8","","",.0,"8",.0,"8",.0,"8",.0,"8",.0,"8",.0,"8",.0,"8",.0,"8",.0,"8",0,"8",0,"8",0,"8","","",0,"8",0,"8"
"352190360","P£OCK","2006","02","24","07","1","",0,"8",0,"8","","","",3,"",0,"8",0,"8",8,"",60,"",1,"",0,"",-8.3,"",.0,"8","U","",3.0,"",91,"",-9.5,"",1018.8,"",1033.2,"",3,.5,"",.0,"8",0,"8","48","4","8","","6","","","/","","","/","","",0,"8",.0,"8",.0,"8","","8",0,"8","","",.0,"8",.0,"8",.0,"8",.0,"8",.0,"8",.0,"8",.0,"8",.0,"8",.0,"8",0,"8",0,"8",0,"8","","",0,"8",0,"8"
"352190360","P£OCK","2006","02","24","08","1","",0,"8",0,"8","","","",3,"",0,"8",0,"8",8,"",80,"",1,"",0,"",-7.7,"",.0,"8","U","",3.1,"",91,"",-8.9,"",1019.2,"",1033.6,"",2,1.1,"",.0,"8",0,"8","48","4","8","","6","","","/","","","/","","",0,"8",.0,"8",.0,"8","","8",0,"8","","",.0,"8",.0,"8",.0,"8",.0,"8",.0,"8",.0,"8",.0,"8",.0,"8",.0,"8",0,"8",0,"8",0,"8","","",0,"8",0,"8"
"352190360","P£OCK","2006","02","24","09","1","",0,"8",0,"8","","","",5,"",0,"8",0,"8",8,"",50,"",1,"",0,"",-6.4,"",.0,"8","U","",3.5,"",93,"",-7.3,"",1019.0,"",1033.3,"",0,.5,"",.0,"8",0,"8","28","4","8","","6","","","/","","","/","","",0,"8",.0,"8",.0,"8","","8",0,"8","","",.0,"8",.0,"8",.0,"8",.0,"8",.0,"8",.0,"8",.0,"8",.0,"8",.0,"8",0,"8",0,"8",0,"8","","",0,"8",0,"8"
"352190360","P£OCK","2006","02","24","10","4","",0,"8",0,"8","","","",5,"",0,"8",0,"8",8,"",50,"",2,"",0,"",-5.0,"",.0,"8","U","",4.0,"",94,"",-5.8,"",1018.9,"",1033.1,"",0,.1,"",.0,"8",0,"8","10","2","8","","5","","","/","","","/","","",0,"8",.0,"8",.0,"8","","8",0,"8","","",.0,"8",.0,"8",.0,"8",.0,"8",.0,"8",.0,"8",.0,"8",.0,"8",.0,"8",0,"8",0,"8",0,"8","","",0,"8",0,"8"
"352190360","P£OCK","2006","02","24","11","4","",0,"8",0,"8","","","",6,"",0,"8",0,"8",8,"",40,"",3,"",0,"",-3.9,"",.0,"8","U","",4.4,"",95,"",-4.6,"",1018.6,"",1032.8,"",7,-.6,"",.0,"8",0,"8","10","2","8","","5","","","/","","","/","","",0,"8",.0,"8",.0,"8","","8",0,"8","","",.0,"8",.0,"8",.0,"8",.0,"8",.0,"8",.0,"8",.0,"8",.0,"8",.0,"8",0,"8",0,"8",0,"8","","",0,"8",0,"8"
"352190360","P£OCK","2006","02","24","12","4","",0,"8",0,"8","","","",6,"",0,"8",0,"8",8,"",40,"",3,"",0,"",-3.2,"",.0,"8","U","",4.6,"",95,"",-3.9,"",1017.8,"",1031.9,"",8,-1.2,"",.0,"9",0,"9","10","4","8","","5","","","/","","","/","","",14,"",.0,"8",.0,"8","","8",0,"8","","",.0,"8",.0,"8",.0,"8",.0,"8",.0,"8",.0,"8",.0,"8",.0,"8",.0,"8",0,"8",0,"8",0,"8","","",0,"8",0,"8"
"352190360","P£OCK","2006","02","24","13","4","",0,"8",0,"8","","","",6,"",0,"8",0,"8",8,"",40,"",3,"",0,"",-2.8,"",.0,"8","U","",4.7,"",95,"",-3.5,"",1017.2,"",1031.3,"",7,-1.7,"",.0,"8",0,"8","10","2","8","","5","","","/","","","/","","",0,"8",.0,"8",.0,"8","","8",0,"8","","",.0,"8",.0,"8",.0,"8",.0,"8",.0,"8",.0,"8",.0,"8",.0,"8",.0,"8",0,"8",0,"8",0,"8","","",0,"8",0,"8"
"352190360","P£OCK","2006","02","24","14","4","",0,"8",0,"8","","","",6,"",0,"8",0,"8",8,"",60,"",4,"",0,"",-2.8,"",.0,"8","U","",4.5,"",91,"",-4.1,"",1016.8,"",1030.9,"",6,-1.8,"",.0,"8",0,"8","10","2","8","","5","","","/","","","/","","",0,"8",.0,"8",.0,"8","","8",0,"8","","",.0,"8",.0,"8",.0,"8",.0,"8",.0,"8",.0,"8",.0,"8",.0,"8",.0,"8",0,"8",0,"8",0,"8","","",0,"8",0,"8"
"352190360","P£OCK","2006","02","24","15","4","",0,"8",0,"8","","","",7,"",0,"8",0,"8",8,"",50,"",5,"",0,"",-2.2,"",.0,"8","U","",4.3,"",82,"",-4.9,"",1016.5,"",1030.5,"",6,-1.3,"",.0,"8",0,"8","02","2","8","","5","","","/","","","/","","",0,"8",.0,"8",.0,"8","","8",0,"8","","",.0,"8",.0,"8",.0,"8",.0,"8",.0,"8",.0,"8",.0,"8",.0,"8",.0,"8",0,"8",0,"8",0,"8","","",0,"8",0,"8"
"352190360","P£OCK","2006","02","24","16","4","",0,"8",0,"8","","","",7,"",0,"8",0,"8",8,"",60,"",4,"",0,"",-2.1,"",.0,"8","U","",4.4,"",83,"",-4.6,"",1016.2,"",1030.2,"",7,-1.0,"",.0,"8",0,"8","02","2","8","","5","","","/","","","/","","",0,"8",.0,"8",.0,"8","","8",0,"8","","",.0,"8",.0,"8",.0,"8",.0,"8",.0,"8",.0,"8",.0,"8",.0,"8",.0,"8",0,"8",0,"8",0,"8","","",0,"8",0,"8"
"352190360","P£OCK","2006","02","24","17","4","",0,"8",0,"8","","","",7,"",0,"8",0,"8",8,"",60,"",4,"",0,"",-2.2,"",.0,"8","U","",4.4,"",84,"",-4.5,"",1016.1,"",1030.1,"",6,-.7,"",.0,"8",0,"8","02","2","8","","5","","","/","","","/","","",0,"8",.0,"8",.0,"8","","8",0,"8","","",.0,"8",.0,"8",.0,"8",.0,"8",.0,"8",.0,"8",.0,"8",.0,"8",.0,"8",0,"8",0,"8",0,"8","","",0,"8",0,"8"
"352190360","P£OCK","2006","02","24","18","4","",0,"8",0,"8","","","",7,"",0,"8",0,"8",8,"",60,"",3,"",0,"",-2.2,"",.0,"8","U","",4.4,"",84,"",-4.5,"",1015.6,"",1029.6,"",7,-.9,"",.0,"9",0,"9","02","2","8","","5","","","/","","","/","","",14,"",.0,"8",.0,"8","","8",0,"8","","",.0,"8",.0,"8",.0,"8",.0,"8",.0,"8",.0,"8",.0,"8",.0,"8",.0,"8",0,"8",0,"8",0,"8","","",0,"8",0,"8"
"352190360","P£OCK","2006","02","24","19","4","",0,"8",0,"8","","","",7,"",0,"8",0,"8",8,"",40,"",3,"",0,"",-2.2,"",.0,"8","U","",4.4,"",84,"",-4.5,"",1015.1,"",1029.1,"",8,-1.1,"",.0,"8",0,"8","01","2","8","","5","","","/","","","/","","",0,"8",.0,"8",.0,"8","","8",0,"8","","",.0,"8",.0,"8",.0,"8",.0,"8",.0,"8",.0,"8",.0,"8",.0,"8",.0,"8",0,"8",0,"8",0,"8","","",0,"8",0,"8"
"352190360","P£OCK","2006","02","24","20","4","",0,"8",0,"8","","","",7,"",0,"8",0,"8",8,"",40,"",3,"",0,"",-2.2,"",.0,"8","U","",4.3,"",83,"",-4.7,"",1014.8,"",1028.8,"",6,-1.3,"",.0,"8",0,"8","02","2","8","","5","","","/","","","/","","",0,"8",.0,"8",.0,"8","","8",0,"8","","",.0,"8",.0,"8",.0,"8",.0,"8",.0,"8",.0,"8",.0,"8",.0,"8",.0,"8",0,"8",0,"8",0,"8","","",0,"8",0,"8"
"352190360","P£OCK","2006","02","24","21","4","",0,"8",0,"8","","","",7,"",0,"8",0,"8",8,"",60,"",4,"",0,"",-2.0,"",.0,"8","U","",4.3,"",82,"",-4.7,"",1014.6,"",1028.6,"",6,-1.0,"",.0,"8",0,"8","02","2","8","","5","","","/","","","/","","",0,"8",.0,"8",.0,"8","","8",0,"8","","",.0,"8",.0,"8",.0,"8",.0,"8",.0,"8",.0,"8",.0,"8",.0,"8",.0,"8",0,"8",0,"8",0,"8","","",0,"8",0,"8"
"352190360","P£OCK","2006","02","24","22","4","",0,"8",0,"8","","","",7,"",0,"8",0,"8",8,"",60,"",4,"",0,"",-2.0,"",.0,"8","U","",4.3,"",81,"",-4.8,"",1014.1,"",1028.1,"",7,-1.0,"",.0,"8",0,"8","02","2","8","","5","","","/","","","/","","",0,"8",.0,"8",.0,"8","","8",0,"8","","",.0,"8",.0,"8",.0,"8",.0,"8",.0,"8",.0,"8",.0,"8",.0,"8",.0,"8",0,"8",0,"8",0,"8","","",0,"8",0,"8"
"352190360","P£OCK","2006","02","24","23","4","",0,"8",0,"8","","","",7,"",0,"8",0,"8",8,"",60,"",3,"",0,"",-2.1,"",.0,"8","U","",4.2,"",80,"",-5.1,"",1013.5,"",1027.5,"",8,-1.3,"",.0,"8",0,"8","02","2","8","","5","","","/","","","/","","",0,"8",.0,"8",.0,"8","","8",0,"8","","",.0,"8",.0,"8",.0,"8",.0,"8",.0,"8",.0,"8",.0,"8",.0,"8",.0,"8",0,"8",0,"8",0,"8","","",0,"8",0,"8"
"352190360","P£OCK","2006","02","25","00","4","",0,"8",0,"8","","","",7,"",0,"8",0,"8",8,"",60,"",3,"",0,"",-2.2,"",.0,"8","U","",4.2,"",81,"",-5.0,"",1012.8,"",1026.8,"",8,-1.8,"",.0,"9",0,"9","02","2","8","","5","","","/","","","/","","",14,"",.0,"8",.0,"8","","8",0,"8","","",.0,"8",.0,"8",.0,"8",.0,"8",.0,"8",.0,"8",.0,"8",.0,"8",.0,"8",0,"8",0,"8",0,"8","","",0,"8",0,"8"
"352190360","P£OCK","2006","02","25","01","4","",0,"8",0,"8","","","",7,"",0,"8",0,"8",8,"",60,"",2,"",0,"",-2.3,"",.0,"8","U","",4.2,"",81,"",-5.1,"",1012.1,"",1026.1,"",7,-2.0,"",.0,"8",0,"8","02","2","8","","5","","","/","","","/","","",0,"8",.0,"8",.0,"8","","8",0,"8","","",.0,"8",.0,"8",.0,"8",.0,"8",.0,"8",.0,"8",.0,"8",.0,"8",.0,"8",0,"8",0,"8",0,"8","","",0,"8",0,"8"
"352190360","P£OCK","2006","02","25","02","4","",0,"8",0,"8","","","",7,"",0,"8",0,"8",8,"",80,"",4,"",0,"",-2.3,"",.0,"8","U","",4.0,"",77,"",-5.8,"",1011.3,"",1025.3,"",7,-2.2,"",.0,"8",0,"8","02","2","8","","5","","","/","","","/","","",0,"8",.0,"8",.0,"8","","8",0,"8","","",.0,"8",.0,"8",.0,"8",.0,"8",.0,"8",.0,"8",.0,"8",.0,"8",.0,"8",0,"8",0,"8",0,"8","","",0,"8",0,"8"
"352190360","P£OCK","2006","02","25","03","4","",0,"8",0,"8","","","",7,"",0,"8",0,"8",8,"",90,"",3,"",0,"",-2.4,"",.0,"8","U","",4.1,"",79,"",-5.5,"",1010.8,"",1024.8,"",7,-2.0,"",.0,"8",0,"8","02","2","8","","5","","","/","","","/","","",0,"8",.0,"8",.0,"8","","8",0,"8","","",.0,"8",.0,"8",.0,"8",.0,"8",.0,"8",.0,"8",.0,"8",.0,"8",.0,"8",0,"8",0,"8",0,"8","","",0,"8",0,"8"
"352190360","P£OCK","2006","02","25","04","4","",0,"8",0,"8","","","",8,"",0,"8",0,"8",8,"",100,"",5,"",0,"",-2.5,"",.0,"8","U","",3.8,"",74,"",-6.5,"",1010.5,"",1024.5,"",6,-1.6,"",.0,"8",0,"8","02","2","8","","5","","","/","","","/","","",0,"8",.0,"8",.0,"8","","8",0,"8","","",.0,"8",.0,"8",.0,"8",.0,"8",.0,"8",.0,"8",.0,"8",.0,"8",.0,"8",0,"8",0,"8",0,"8","","",0,"8",0,"8"
"352190360","P£OCK","2006","02","25","05","4","",0,"8",0,"8","","","",8,"",0,"8",0,"8",8,"",100,"",4,"",0,"",-2.9,"",.0,"8","U","",3.8,"",76,"",-6.5,"",1010.2,"",1024.2,"",6,-1.1,"",.0,"8",0,"8","02","2","8","","5","","","/","","","/","","",0,"8",.0,"8",.0,"8","","8",0,"8","","",.0,"8",.0,"8",.0,"8",.0,"8",.0,"8",.0,"8",.0,"8",.0,"8",.0,"8",0,"8",0,"8",0,"8","","",0,"8",0,"8"
"352190360","P£OCK","2006","02","25","06","4","",0,"8",0,"8","","","",8,"",0,"8",0,"8",8,"",90,"",3,"",0,"",-3.2,"",.0,"8","U","",3.7,"",77,"",-6.7,"",1010.0,"",1024.0,"",7,-.8,"",.0,"9",0,"9","02","2","8","","5","","","/","","","/","","",14,"",.0,"8",.0,"8","","8",0,"8","","",.0,"8",.0,"8",.0,"8",.0,"8",.0,"8",.0,"8",.0,"8",.0,"8",.0,"8",0,"8",0,"8",0,"8","","",0,"8",0,"8"
"352190360","P£OCK","2006","02","25","07","4","",0,"8",0,"8","","","",8,"",0,"8",0,"8",8,"",80,"",3,"",0,"",-3.4,"",.0,"8","U","",3.7,"",78,"",-6.7,"",1009.9,"",1023.9,"",6,-.6,"",.0,"8",0,"8","02","2","8","","5","","","/","","","/","","",0,"8",.0,"8",.0,"8","","8",0,"8","","",.0,"8",.0,"8",.0,"8",.0,"8",.0,"8",.0,"8",.0,"8",.0,"8",.0,"8",0,"8",0,"8",0,"8","","",0,"8",0,"8"
"352190360","P£OCK","2006","02","25","08","4","",0,"8",0,"8","","","",8,"",0,"8",0,"8",8,"",90,"",3,"",0,"",-3.4,"",.0,"8","U","",3.7,"",77,"",-6.9,"",1009.5,"",1023.5,"",7,-.7,"",.0,"8",0,"8","02","2","8","","5","","","/","","","/","","",0,"8",.0,"8",.0,"8","","8",0,"8","","",.0,"8",.0,"8",.0,"8",.0,"8",.0,"8",.0,"8",.0,"8",.0,"8",.0,"8",0,"8",0,"8",0,"8","","",0,"8",0,"8"
"352190360","P£OCK","2006","02","25","09","4","",0,"8",0,"8","","","",8,"",0,"8",0,"8",8,"",120,"",3,"",0,"",-3.3,"",.0,"8","U","",3.7,"",78,"",-6.6,"",1009.4,"",1023.4,"",7,-.6,"",.0,"8",0,"8","02","2","8","","5","","","/","","","/","","",0,"8",.0,"8",.0,"8","","8",0,"8","","",.0,"8",.0,"8",.0,"8",.0,"8",.0,"8",.0,"8",.0,"8",.0,"8",.0,"8",0,"8",0,"8",0,"8","","",0,"8",0,"8"
"352190360","P£OCK","2006","02","25","10","4","",0,"8",0,"8","","","",8,"",0,"8",0,"8",8,"",110,"",2,"",0,"",-3.0,"",.0,"8","U","",3.8,"",77,"",-6.5,"",1009.3,"",1023.3,"",6,-.6,"",.0,"8",0,"8","02","2","8","","5","","","/","","","/","","",0,"8",.0,"8",.0,"8","","8",0,"8","","",.0,"8",.0,"8",.0,"8",.0,"8",.0,"8",.0,"8",.0,"8",.0,"8",.0,"8",0,"8",0,"8",0,"8","","",0,"8",0,"8"
"352190360","P£OCK","2006","02","25","11","4","",0,"8",0,"8","","","",8,"",0,"8",0,"8",8,"",80,"",3,"",0,"",-2.9,"",.0,"8","U","",3.8,"",77,"",-6.4,"",1008.7,"",1022.7,"",8,-.8,"",.0,"8",0,"8","02","2","8","","5","","","/","","","/","","",0,"8",.0,"8",.0,"8","","8",0,"8","","",.0,"8",.0,"8",.0,"8",.0,"8",.0,"8",.0,"8",.0,"8",.0,"8",.0,"8",0,"8",0,"8",0,"8","","",0,"8",0,"8"
"352190360","P£OCK","2006","02","25","12","4","",0,"8",0,"8","","","",8,"",0,"8",0,"8",7,"",70,"",2,"",0,"",-2.7,"",.0,"8","U","",3.6,"",72,"",-7.1,"",1007.9,"",1021.8,"",8,-1.5,"",.0,"9",0,"9","01","2","7","","5","","","/","","","/","","",14,"",.0,"8",.0,"8","","8",0,"8","","",.0,"8",.0,"8",.0,"8",.0,"8",.0,"8",.0,"8",.0,"8",.0,"8",.0,"8",0,"8",0,"8",0,"8","","",0,"8",0,"8"
"352190360","P£OCK","2006","02","25","13","4","",0,"8",0,"8","","","",8,"",0,"8",0,"8",1,"",60,"",3,"",0,"",-2.6,"",.0,"8","U","",3.6,"",71,"",-7.1,"",1007.0,"",1020.9,"",8,-2.3,"",.0,"8",0,"8","01","1","1","","5","","","0","","","0","","",0,"8",.0,"8",.0,"8","","8",0,"8","","",.0,"8",.0,"8",.0,"8",.0,"8",.0,"8",.0,"8",.0,"8",.0,"8",.0,"8",0,"8",0,"8",0,"8","","",0,"8",0,"8"
"352190360","P£OCK","2006","02","25","14","9","",0,"8",0,"8","","","",8,"",0,"8",0,"8",0,"",40,"",4,"",0,"",-2.8,"",.0,"8","U","",3.6,"",72,"",-7.1,"",1006.3,"",1020.2,"",7,-2.4,"",.0,"8",0,"8","01","0","0","","0","","","0","","","0","","",0,"8",.0,"8",.0,"8","","8",0,"8","","",.0,"8",.0,"8",.0,"8",.0,"8",.0,"8",.0,"8",.0,"8",.0,"8",.0,"8",0,"8",0,"8",0,"8","","",0,"8",0,"8"
"352190360","P£OCK","2006","02","25","15","9","",0,"8",0,"8","","","",8,"",0,"8",0,"8",0,"",30,"",3,"",0,"",-3.3,"",.0,"8","U","",3.5,"",73,"",-7.5,"",1005.4,"",1019.3,"",7,-2.5,"",.0,"8",0,"8","02","1","0","","0","","","0","","","0","","",0,"8",.0,"8",.0,"8","","8",0,"8","","",.0,"8",.0,"8",.0,"8",.0,"8",.0,"8",.0,"8",.0,"8",.0,"8",.0,"8",0,"8",0,"8",0,"8","","",0,"8",0,"8"
"352190360","P£OCK","2006","02","25","16","9","",0,"8",0,"8","","","",7,"",0,"8",0,"8",0,"",10,"",2,"",0,"",-4.9,"",.0,"8","U","",3.3,"",77,"",-8.3,"",1005.2,"",1019.2,"",7,-1.8,"",.0,"8",0,"8","02","0","0","","0","","","0","","","0","","",0,"8",.0,"8",.0,"8","","8",0,"8","","",.0,"8",.0,"8",.0,"8",.0,"8",.0,"8",.0,"8",.0,"8",.0,"8",.0,"8",0,"8",0,"8",0,"8","","",0,"8",0,"8"
"352190360","P£OCK","2006","02","25","17","9","",0,"8",0,"8","","","",6,"",0,"8",0,"8",0,"",10,"",3,"",0,"",-6.6,"",.0,"8","U","",3.1,"",82,"",-9.2,"",1005.1,"",1019.2,"",6,-1.2,"",.0,"8",0,"8","10","0","0","","0","","","0","","","0","","",0,"8",.0,"8",.0,"8","","8",0,"8","","",.0,"8",.0,"8",.0,"8",.0,"8",.0,"8",.0,"8",.0,"8",.0,"8",.0,"8",0,"8",0,"8",0,"8","","",0,"8",0,"8"
"352190360","P£OCK","2006","02","25","18","9","",0,"8",0,"8","","","",6,"",0,"8",0,"8",0,"",10,"",3,"",0,"",-7.6,"",.0,"8","U","",3.0,"",86,"",-9.5,"",1005.0,"",1019.2,"",7,-.4,"",.0,"9",0,"9","10","1","0","","0","","","0","","","0","","",14,"",.0,"8",.0,"8","","8",0,"8","","",.0,"8",.0,"8",.0,"8",.0,"8",.0,"8",.0,"8",.0,"8",.0,"8",.0,"8",0,"8",0,"8",0,"8","","",0,"8",0,"8"
"352190360","P£OCK","2006","02","25","19","9","",0,"8",0,"8","","","",5,"",0,"8",0,"8",0,"",20,"",3,"",0,"",-8.4,"",.0,"8","U","",2.9,"",90,"",-9.7,"",1004.7,"",1018.9,"",8,-.5,"",.0,"8",0,"8","10","0","0","","0","","","0","","","0","","",0,"8",.0,"8",.0,"8","","8",0,"8","","",.0,"8",.0,"8",.0,"8",.0,"8",.0,"8",.0,"8",.0,"8",.0,"8",.0,"8",0,"8",0,"8",0,"8","","",0,"8",0,"8"
"352190360","P£OCK","2006","02","25","20","9","",0,"8",0,"8","","","",5,"",0,"8",0,"8",0,"",30,"",2,"",0,"",-9.4,"",.0,"8","U","",2.7,"",91,"",-10.6,"",1004.2,"",1018.4,"",8,-.9,"",.0,"8",0,"8","10","0","0","","0","","","0","","","0","","",0,"8",.0,"8",.0,"8","","8",0,"8","","",.0,"8",.0,"8",.0,"8",.0,"8",.0,"8",.0,"8",.0,"8",.0,"8",.0,"8",0,"8",0,"8",0,"8","","",0,"8",0,"8"
"352190360","P£OCK","2006","02","25","21","9","",0,"8",0,"8","","","",5,"",0,"8",0,"8",0,"",20,"",4,"",0,"",-9.7,"",.0,"8","U","",2.7,"",91,"",-10.9,"",1004.0,"",1018.3,"",7,-1.0,"",.0,"8",0,"8","10","0","0","","0","","","0","","","0","","",0,"8",.0,"8",.0,"8","","8",0,"8","","",.0,"8",.0,"8",.0,"8",.0,"8",.0,"8",.0,"8",.0,"8",.0,"8",.0,"8",0,"8",0,"8",0,"8","","",0,"8",0,"8"
"352190360","P£OCK","2006","02","25","22","9","",0,"8",0,"8","","","",5,"",0,"8",0,"8",0,"",60,"",2,"",0,"",-10.3,"",.0,"8","U","",2.5,"",89,"",-11.8,"",1003.5,"",1017.8,"",7,-1.2,"",.0,"8",0,"8","10","0","0","","0","","","0","","","0","","",0,"8",.0,"8",.0,"8","","8",0,"8","","",.0,"8",.0,"8",.0,"8",.0,"8",.0,"8",.0,"8",.0,"8",.0,"8",.0,"8",0,"8",0,"8",0,"8","","",0,"8",0,"8"
"352190360","P£OCK","2006","02","25","23","1","",0,"8",0,"8","","","",3,"",0,"8",0,"8",8,"",60,"",3,"",0,"",-8.7,"",.0,"8","U","",2.9,"",91,"",-9.9,"",1003.5,"",1017.7,"",6,-.7,"",.0,"8",0,"8","48","4","8","","6","","","/","","","/","","",0,"8",.0,"8",.0,"8","","8",0,"8","","",.0,"8",.0,"8",.0,"8",.0,"8",.0,"8",.0,"8",.0,"8",.0,"8",.0,"8",0,"8",0,"8",0,"8","","",0,"8",0,"8"
"352190360","P£OCK","2006","02","26","00","1","",0,"8",0,"8","","","",4,"",0,"8",0,"8",8,"",30,"",2,"",0,"",-8.4,"",.0,"8","U","",2.9,"",90,"",-9.7,"",1003.2,"",1017.4,"",7,-.8,"",.0,"9",0,"9","28","1","8","","6","","","/","","","/","","",14,"",.0,"8",.0,"8","","8",0,"8","","",.0,"8",.0,"8",.0,"8",.0,"8",.0,"8",.0,"8",.0,"8",.0,"8",.0,"8",0,"8",0,"8",0,"8","","",0,"8",0,"8"
"352190360","P£OCK","2006","02","26","01","1","",0,"8",0,"8","","","",3,"",0,"8",0,"8",8,"",40,"",4,"",0,"",-7.6,"",.0,"8","U","",3.1,"",91,"",-8.8,"",1003.1,"",1017.2,"",8,-.4,"",.0,"8",0,"8","48","4","8","","6","","","/","","","/","","",0,"8",.0,"8",.0,"8","","8",0,"8","","",.0,"8",.0,"8",.0,"8",.0,"8",.0,"8",.0,"8",.0,"8",.0,"8",.0,"8",0,"8",0,"8",0,"8","","",0,"8",0,"8"
"352190360","P£OCK","2006","02","26","02","2","",0,"8",0,"8","","","",5,"",0,"8",0,"8",4,"",30,"",1,"",0,"",-7.6,"",.0,"8","U","",3.1,"",91,"",-8.8,"",1002.2,"",1016.3,"",7,-1.3,"",.0,"8",0,"8","28","1","4","","6","","","0","","","0","","",0,"8",.0,"8",.0,"8","","8",0,"8","","",.0,"8",.0,"8",.0,"8",.0,"8",.0,"8",.0,"8",.0,"8",.0,"8",.0,"8",0,"8",0,"8",0,"8","","",0,"8",0,"8"
"352190360","P£OCK","2006","02","26","03","5","",0,"8",0,"8","","","",5,"",0,"8",0,"8",5,"",350,"",1,"",0,"",-8.1,"",.0,"8","U","",3.0,"",91,"",-9.3,"",1001.6,"",1015.7,"",7,-1.6,"",.0,"8",0,"8","10","4","5","","5","","","0","","","0","","",0,"8",.0,"8",.0,"8","","8",0,"8","","",.0,"8",.0,"8",.0,"8",.0,"8",.0,"8",.0,"8",.0,"8",.0,"8",.0,"8",0,"8",0,"8",0,"8","","",0,"8",0,"8"
"352190360","P£OCK","2006","02","26","04","2","",0,"8",0,"8","","","",5,"",0,"8",0,"8",8,"",40,"",1,"",0,"",-7.7,"",.0,"8","U","",3.1,"",91,"",-8.9,"",1001.1,"",1015.2,"",6,-2.0,"",.0,"8",0,"8","10","2","8","","6","","","/","","","/","","",0,"8",.0,"8",.0,"8","","8",0,"8","","",.0,"8",.0,"8",.0,"8",.0,"8",.0,"8",.0,"8",.0,"8",.0,"8",.0,"8",0,"8",0,"8",0,"8","","",0,"8",0,"8"
"352190360","P£OCK","2006","02","26","05","2","",0,"8",0,"8","","","",5,"",0,"8",0,"8",8,"",310,"",1,"",0,"",-7.6,"",.0,"8","U","",3.1,"",91,"",-8.8,"",1000.9,"",1015.0,"",6,-1.3,"",.0,"8",0,"8","10","2","8","","6","","","/","","","/","","",0,"8",.0,"8",.0,"8","","8",0,"8","","",.0,"8",.0,"8",.0,"8",.0,"8",.0,"8",.0,"8",.0,"8",.0,"8",.0,"8",0,"8",0,"8",0,"8","","",0,"8",0,"8"
"352190360","P£OCK","2006","02","26","06","2","",0,"8",0,"8","","","",5,"",0,"8",0,"8",8,"",330,"",2,"",0,"",-7.6,"",.0,"8","U","",3.1,"",91,"",-8.8,"",1001.3,"",1015.4,"",5,-.3,"",.0,"9",0,"9","10","4","8","","6","","","/","","","/","","",14,"",.0,"8",.0,"8","","8",0,"8","","",.0,"8",.0,"8",.0,"8",.0,"8",.0,"8",.0,"8",.0,"8",.0,"8",.0,"8",0,"8",0,"8",0,"8","","",0,"8",0,"8"
"352190360","P£OCK","2006","02","26","07","4","",0,"8",0,"8","","","",5,"",0,"8",0,"8",8,"",310,"",1,"",0,"",-7.1,"",.0,"8","U","",3.3,"",92,"",-8.2,"",1000.9,"",1015.0,"",7,-.2,"",.0,"8",0,"8","85","8","8","","9","","","/","","","/","","",0,"8",.0,"8",.0,"8","","8",0,"8","","",.0,"8",.0,"8",.0,"8",.0,"8",.0,"8",.0,"8",.0,"8",.0,"8",.0,"8",0,"8",0,"8",0,"8","","",0,"8",0,"8"
"352190360","P£OCK","2006","02","26","08","4","",0,"8",0,"8","","","",5,"",0,"8",0,"8",8,"",310,"",1,"",0,"",-6.4,"",.0,"8","U","",3.5,"",93,"",-7.3,"",1001.0,"",1015.0,"",2,.1,"",.0,"8",0,"8","85","8","8","","9","","","/","","","/","","",0,"8",.0,"8",.0,"8","","8",0,"8","","",.0,"8",.0,"8",.0,"8",.0,"8",.0,"8",.0,"8",.0,"8",.0,"8",.0,"8",0,"8",0,"8",0,"8","","",0,"8",0,"8"
"352190360","P£OCK","2006","02","26","09","5","",0,"8",0,"8","","","",5,"",0,"8",0,"8",8,"",290,"",2,"",0,"",-5.9,"",.0,"8","U","",3.7,"",93,"",-6.8,"",1000.9,"",1014.9,"",7,-.4,"",.0,"8",0,"8","85","8","8","","9","","","/","","","/","","",0,"8",.0,"8",.0,"8","","8",0,"8","","",.0,"8",.0,"8",.0,"8",.0,"8",.0,"8",.0,"8",.0,"8",.0,"8",.0,"8",0,"8",0,"8",0,"8","","",0,"8",0,"8"
"352190360","P£OCK","2006","02","26","10","3","",0,"8",0,"8","","","",5,"",0,"8",0,"8",8,"",290,"",3,"",0,"",-5.1,"",.0,"8","U","",3.9,"",94,"",-5.9,"",1000.7,"",1014.7,"",8,-.2,"",.0,"8",0,"8","85","8","8","","9","","","/","","","/","","",0,"8",.0,"8",.0,"8","","8",0,"8","","",.0,"8",.0,"8",.0,"8",.0,"8",.0,"8",.0,"8",.0,"8",.0,"8",.0,"8",0,"8",0,"8",0,"8","","",0,"8",0,"8"
"352190360","P£OCK","2006","02","26","11","5","",0,"8",0,"8","","","",6,"",0,"8",0,"8",8,"",310,"",3,"",0,"",-4.2,"",.0,"8","U","",4.2,"",94,"",-5.0,"",1000.3,"",1014.2,"",8,-.7,"",.0,"8",0,"8","26","8","5","","5","","","7","","","/","","",0,"8",.0,"8",.0,"8","","8",0,"8","","",.0,"8",.0,"8",.0,"8",.0,"8",.0,"8",.0,"8",.0,"8",.0,"8",.0,"8",0,"8",0,"8",0,"8","","",0,"8",0,"8"
"352190360","P£OCK","2006","02","26","12","5","",0,"8",0,"8","","","",6,"",0,"8",0,"8",8,"",310,"",3,"",0,"",-3.3,"",.0,"8","U","",4.3,"",90,"",-4.7,"",999.8,"",1013.7,"",8,-1.1,"",.3,"",7,"","10","8","1","","5","","","3","","","/","","",18,"",.0,"8",.0,"8","","8",0,"8","","",.0,"8",.0,"8",.0,"8",.0,"8",.0,"8",.0,"8",.0,"8",.0,"8",.0,"8",0,"8",0,"8",0,"8","","",0,"8",0,"8"
"352190360","P£OCK","2006","02","26","13","5","",0,"8",0,"8","","","",7,"",0,"8",0,"8",5,"",330,"",3,"",0,"",-2.5,"",.0,"8","U","",3.8,"",75,"",-6.3,"",999.5,"",1013.3,"",7,-1.2,"",.0,"8",0,"8","01","2","1","","5","","","3","","","8","","",0,"8",.0,"8",.0,"8","","8",0,"8","","",.0,"8",.0,"8",.0,"8",.0,"8",.0,"8",.0,"8",.0,"8",.0,"8",.0,"8",0,"8",0,"8",0,"8","","",0,"8",0,"8"
"352190360","P£OCK","2006","02","26","14","5","",0,"8",0,"8","","","",7,"",0,"8",0,"8",3,"",350,"",2,"",0,"",-2.2,"",.0,"8","U","",3.7,"",72,"",-6.6,"",999.1,"",1012.9,"",7,-1.2,"",.0,"8",0,"8","01","1","1","","5","","","3","","","0","","",0,"8",.0,"8",.0,"8","","8",0,"8","","",.0,"8",.0,"8",.0,"8",.0,"8",.0,"8",.0,"8",.0,"8",.0,"8",.0,"8",0,"8",0,"8",0,"8","","",0,"8",0,"8"
"352190360","P£OCK","2006","02","26","15","5","",0,"8",0,"8","","","",7,"",0,"8",0,"8",3,"",310,"",2,"",0,"",-3.3,"",.0,"8","U","",3.7,"",78,"",-6.6,"",999.0,"",1012.9,"",7,-.8,"",.0,"8",0,"8","03","1","3","","5","","","0","","","0","","",0,"8",.0,"8",.0,"8","","8",0,"8","","",.0,"8",.0,"8",.0,"8",.0,"8",.0,"8",.0,"8",.0,"8",.0,"8",.0,"8",0,"8",0,"8",0,"8","","",0,"8",0,"8"
"352190360","P£OCK","2006","02","26","16","6","",0,"8",0,"8","","","",7,"",0,"8",0,"8",3,"",350,"",2,"",0,"",-3.4,"",.0,"8","U","",3.4,"",71,"",-7.9,"",999.1,"",1013.0,"",5,-.4,"",.0,"8",0,"8","02","0","3","","5","","","0","","","0","","",0,"8",.0,"8",.0,"8","","8",0,"8","","",.0,"8",.0,"8",.0,"8",.0,"8",.0,"8",.0,"8",.0,"8",.0,"8",.0,"8",0,"8",0,"8",0,"8","","",0,"8",0,"8"
"352190360","P£OCK","2006","02","26","17","6","",0,"8",0,"8","","","",7,"",0,"8",0,"8",2,"",340,"",2,"",0,"",-6.4,"",.0,"8","U","",2.8,"",73,"",-10.4,"",999.3,"",1013.3,"",3,.2,"",.0,"8",0,"8","01","0","2","","5","","","0","","","0","","",0,"8",.0,"8",.0,"8","","8",0,"8","","",.0,"8",.0,"8",.0,"8",.0,"8",.0,"8",.0,"8",.0,"8",.0,"8",.0,"8",0,"8",0,"8",0,"8","","",0,"8",0,"8"
"352190360","P£OCK","2006","02","26","18","6","",0,"8",0,"8","","","",6,"",0,"8",0,"8",1,"",330,"",2,"",0,"",-7.2,"",.0,"8","U","",3.0,"",84,"",-9.4,"",999.5,"",1013.6,"",2,.5,"",.0,"9",0,"9","10","1","1","","5","","","0","","","0","","",18,"",.0,"8",.0,"8","","8",0,"8","","",.0,"8",.0,"8",.0,"8",.0,"8",.0,"8",.0,"8",.0,"8",.0,"8",.0,"8",0,"8",0,"8",0,"8","","",0,"8",0,"8"
"352190360","P£OCK","2006","02","26","19","6","",0,"8",0,"8","","","",6,"",0,"8",0,"8",2,"",350,"",2,"",0,"",-6.5,"",.0,"8","U","",3.2,"",85,"",-8.6,"",999.8,"",1013.8,"",2,.7,"",.0,"8",0,"8","10","0","2","","5","","","0","","","0","","",0,"8",.0,"8",.0,"8","","8",0,"8","","",.0,"8",.0,"8",.0,"8",.0,"8",.0,"8",.0,"8",.0,"8",.0,"8",.0,"8",0,"8",0,"8",0,"8","","",0,"8",0,"8"
"352190360","P£OCK","2006","02","26","20","6","",0,"8",0,"8","","","",6,"",0,"8",0,"8",2,"",350,"",2,"",0,"",-7.1,"",.0,"8","U","",2.9,"",82,"",-9.7,"",1000.0,"",1014.1,"",2,.7,"",.0,"8",0,"8","10","0","2","","5","","","0","","","0","","",0,"8",.0,"8",.0,"8","","8",0,"8","","",.0,"8",.0,"8",.0,"8",.0,"8",.0,"8",.0,"8",.0,"8",.0,"8",.0,"8",0,"8",0,"8",0,"8","","",0,"8",0,"8"
"352190360","P£OCK","2006","02","26","21","6","",0,"8",0,"8","","","",6,"",0,"8",0,"8",1,"",350,"",2,"",0,"",-8.9,"",.0,"8","U","",2.7,"",85,"",-11.0,"",1000.0,"",1014.2,"",1,.5,"",.0,"8",0,"8","10","0","1","","5","","","0","","","0","","",0,"8",.0,"8",.0,"8","","8",0,"8","","",.0,"8",.0,"8",.0,"8",.0,"8",.0,"8",.0,"8",.0,"8",.0,"8",.0,"8",0,"8",0,"8",0,"8","","",0,"8",0,"8"
"352190360","P£OCK","2006","02","26","22","9","",0,"8",0,"8","","","",6,"",0,"8",0,"8",0,"",360,"",1,"",0,"",-12.2,"",.0,"8","U","",2.1,"",86,"",-14.1,"",1000.1,"",1014.4,"",2,.3,"",.0,"8",0,"8","10","0","0","","0","","","0","","","0","","",0,"8",.0,"8",.0,"8","","8",0,"8","","",.0,"8",.0,"8",.0,"8",.0,"8",.0,"8",.0,"8",.0,"8",.0,"8",.0,"8",0,"8",0,"8",0,"8","","",0,"8",0,"8"
"352190360","P£OCK","2006","02","26","23","9","",0,"8",0,"8","","","",6,"",0,"8",0,"8",0,"",340,"",2,"",0,"",-12.3,"",.0,"8","U","",2.1,"",89,"",-13.7,"",1000.1,"",1014.4,"",1,.1,"",.0,"8",0,"8","10","0","0","","0","","","0","","","0","","",0,"8",.0,"8",.0,"8","","8",0,"8","","",.0,"8",.0,"8",.0,"8",.0,"8",.0,"8",.0,"8",.0,"8",.0,"8",.0,"8",0,"8",0,"8",0,"8","","",0,"8",0,"8"
"352190360","P£OCK","2006","02","27","00","9","",0,"8",0,"8","","","",6,"",0,"8",0,"8",0,"",340,"",1,"",0,"",-14.4,"",.0,"8","U","",1.8,"",88,"",-16.0,"",1000.1,"",1014.6,"",1,.1,"",.0,"9",0,"9","10","0","0","","0","","","0","","","0","","",18,"",.0,"8",.0,"8","","8",0,"8","","",.0,"8",.0,"8",.0,"8",.0,"8",.0,"8",.0,"8",.0,"8",.0,"8",.0,"8",0,"8",0,"8",0,"8","","",0,"8",0,"8"
"352190360","P£OCK","2006","02","27","01","9","",0,"8",0,"8","","","",5,"",0,"8",0,"8",0,"",0,"",0,"",0,"",-15.7,"",.0,"8","U","",1.6,"",87,"",-17.4,"",999.9,"",1014.4,"",8,-.2,"",.0,"8",0,"8","10","0","0","","0","","","0","","","0","","",0,"8",.0,"8",.0,"8","","8",0,"8","","",.0,"8",.0,"8",.0,"8",.0,"8",.0,"8",.0,"8",.0,"8",.0,"8",.0,"8",0,"8",0,"8",0,"8","","",0,"8",0,"8"
"352190360","P£OCK","2006","02","27","02","9","",0,"8",0,"8","","","",5,"",0,"8",0,"8",0,"",320,"",1,"",0,"",-17.2,"",.0,"8","U","",1.4,"",86,"",-19.0,"",999.8,"",1014.4,"",8,-.3,"",.0,"8",0,"8","10","0","0","","0","","","0","","","0","","",0,"8",.0,"8",.0,"8","","8",0,"8","","",.0,"8",.0,"8",.0,"8",.0,"8",.0,"8",.0,"8",.0,"8",.0,"8",.0,"8",0,"8",0,"8",0,"8","","",0,"8",0,"8"
"352190360","P£OCK","2006","02","27","03","9","",0,"8",0,"8","","","",5,"",0,"8",0,"8",0,"",310,"",1,"",0,"",-17.5,"",.0,"8","U","",1.3,"",86,"",-19.3,"",999.7,"",1014.3,"",7,-.4,"",.0,"8",0,"8","10","0","0","","0","","","0","","","0","","",0,"8",.0,"8",.0,"8","","8",0,"8","","",.0,"8",.0,"8",.0,"8",.0,"8",.0,"8",.0,"8",.0,"8",.0,"8",.0,"8",0,"8",0,"8",0,"8","","",0,"8",0,"8"
"352190360","P£OCK","2006","02","27","04","9","",0,"8",0,"8","","","",5,"",0,"8",0,"8",0,"",300,"",1,"",0,"",-16.4,"",.0,"8","U","",1.5,"",87,"",-18.1,"",999.7,"",1014.3,"",6,-.2,"",.0,"8",0,"8","10","0","0","","0","","","0","","","0","","",0,"8",.0,"8",.0,"8","","8",0,"8","","",.0,"8",.0,"8",.0,"8",.0,"8",.0,"8",.0,"8",.0,"8",.0,"8",.0,"8",0,"8",0,"8",0,"8","","",0,"8",0,"8"
"352190360","P£OCK","2006","02","27","05","1","",0,"8",0,"8","","","",2,"",0,"8",0,"8",8,"",300,"",2,"",0,"",-15.3,"",.0,"8","U","",1.6,"",88,"",-16.8,"",999.7,"",1014.2,"",6,-.1,"",.0,"8",0,"8","48","4","8","","6","","","/","","","/","","",0,"8",.0,"8",.0,"8","","8",0,"8","","",.0,"8",.0,"8",.0,"8",.0,"8",.0,"8",.0,"8",.0,"8",.0,"8",.0,"8",0,"8",0,"8",0,"8","","",0,"8",0,"8"
"352190360","P£OCK","2006","02","27","06","1","",0,"8",0,"8","","","",2,"",0,"8",0,"8",8,"",290,"",1,"",0,"",-15.0,"",.0,"8","U","",1.6,"",85,"",-17.0,"",999.9,"",1014.4,"",3,.2,"",.0,"9",0,"9","48","1","8","","6","","","/","","","/","","",18,"",.0,"8",.0,"8","","8",0,"8","","",.0,"8",.0,"8",.0,"8",.0,"8",.0,"8",.0,"8",.0,"8",.0,"8",.0,"8",0,"8",0,"8",0,"8","","",0,"8",0,"8"
"352190360","P£OCK","2006","02","27","07","9","",0,"8",0,"8","","","",5,"",0,"8",0,"8",3,"",0,"",0,"",0,"",-14.8,"",.0,"8","U","",1.7,"",85,"",-16.8,"",1000.1,"",1014.6,"",3,.4,"",.0,"8",0,"8","28","7","0","","0","","","0","","","8","","",0,"8",.0,"8",.0,"8","","8",0,"8","","",.0,"8",.0,"8",.0,"8",.0,"8",.0,"8",.0,"8",.0,"8",.0,"8",.0,"8",0,"8",0,"8",0,"8","","",0,"8",0,"8"
"352190360","P£OCK","2006","02","27","08","9","",0,"8",0,"8","","","",5,"",0,"8",0,"8",3,"",0,"",0,"",0,"",-12.1,"",.0,"8","U","",2.2,"",89,"",-13.5,"",1000.0,"",1014.3,"",0,.3,"",.0,"8",0,"8","10","0","0","","0","","","0","","","8","","",0,"8",.0,"8",.0,"8","","8",0,"8","","",.0,"8",.0,"8",.0,"8",.0,"8",.0,"8",.0,"8",.0,"8",.0,"8",.0,"8",0,"8",0,"8",0,"8","","",0,"8",0,"8"
"352190360","P£OCK","2006","02","27","09","9","",0,"8",0,"8","","","",5,"",0,"8",0,"8",3,"",120,"",1,"",0,"",-10.3,"",.0,"8","U","",2.4,"",86,"",-12.2,"",1000.0,"",1014.2,"",1,.1,"",.0,"8",0,"8","10","7","1","","0","","","3","","","8","","",0,"8",.0,"8",.0,"8","","8",0,"8","","",.0,"8",.0,"8",.0,"8",.0,"8",.0,"8",.0,"8",.0,"8",.0,"8",.0,"8",0,"8",0,"8",0,"8","","",0,"8",0,"8"
"352190360","P£OCK","2006","02","27","10","9","",0,"8",0,"8","","","",6,"",0,"8",0,"8",2,"",200,"",2,"",0,"",-6.6,"",.0,"8","U","",3.0,"",79,"",-9.6,"",1000.2,"",1014.2,"",3,.1,"",.0,"8",0,"8","10","0","1","","0","","","3","","","1","","",0,"8",.0,"8",.0,"8","","8",0,"8","","",.0,"8",.0,"8",.0,"8",.0,"8",.0,"8",.0,"8",.0,"8",.0,"8",.0,"8",0,"8",0,"8",0,"8","","",0,"8",0,"8"
"352190360","P£OCK","2006","02","27","11","5","",0,"8",0,"8","","","",7,"",0,"8",0,"8",3,"",220,"",3,"",0,"",-4.1,"",.0,"8","U","",3.2,"",71,"",-8.6,"",1000.0,"",1013.9,"",0,.0,"",.0,"8",0,"8","03","0","1","","2","","","3","","","1","","",0,"8",.0,"8",.0,"8","","8",0,"8","","",.0,"8",.0,"8",.0,"8",.0,"8",.0,"8",.0,"8",.0,"8",.0,"8",.0,"8",0,"8",0,"8",0,"8","","",0,"8",0,"8"
"352190360","P£OCK","2006","02","27","12","5","",0,"8",0,"8","","","",7,"",0,"8",0,"8",2,"",220,"",4,"",0,"",-2.7,"",.0,"8","U","",3.1,"",62,"",-9.0,"",999.4,"",1013.2,"",8,-.6,"",.0,"",7,"","01","7","1","","2","","","0","","","1","","",18,"",.0,"8",.0,"8","","8",0,"8","","",.0,"8",.0,"8",.0,"8",.0,"8",.0,"8",.0,"8",.0,"8",.0,"8",.0,"8",0,"8",0,"8",0,"8","","",0,"8",0,"8"
"352190360","P£OCK","2006","02","27","13","6","",0,"8",0,"8","","","",8,"",0,"8",0,"8",2,"",240,"",5,"",0,"",-2.8,"",.0,"8","U","",3.1,"",62,"",-9.1,"",999.1,"",1012.9,"",7,-1.1,"",.0,"8",0,"8","01","0","1","","1","","","0","","","1","","",0,"8",.0,"8",.0,"8","","8",0,"8","","",.0,"8",.0,"8",.0,"8",.0,"8",.0,"8",.0,"8",.0,"8",.0,"8",.0,"8",0,"8",0,"8",0,"8","","",0,"8",0,"8"
"352190360","P£OCK","2006","02","27","14","5","",0,"8",0,"8","","","",7,"",0,"8",0,"8",2,"",230,"",6,"",0,"",-3.1,"",.0,"8","U","",3.0,"",61,"",-9.6,"",998.9,"",1012.7,"",6,-1.1,"",.0,"8",0,"8","02","0","1","","1","","","0","","","1","","",0,"8",.0,"8",.0,"8","","8",0,"8","","",.0,"8",.0,"8",.0,"8",.0,"8",.0,"8",.0,"8",.0,"8",.0,"8",.0,"8",0,"8",0,"8",0,"8","","",0,"8",0,"8"
"352190360","P£OCK","2006","02","27","15","5","",0,"8",0,"8","","","",7,"",0,"8",0,"8",1,"",230,"",6,"",0,"",-3.4,"",.0,"8","U","",3.0,"",63,"",-9.4,"",998.9,"",1012.8,"",6,-.5,"",.0,"8",0,"8","01","0","1","","1","","","0","","","0","","",0,"8",.0,"8",.0,"8","","8",0,"8","","",.0,"8",.0,"8",.0,"8",.0,"8",.0,"8",.0,"8",.0,"8",.0,"8",.0,"8",0,"8",0,"8",0,"8","","",0,"8",0,"8"
"352190360","P£OCK","2006","02","27","16","9","",0,"8",0,"8","","","",7,"",0,"8",0,"8",1,"",220,"",4,"",0,"",-4.4,"",.0,"8","U","",3.0,"",67,"",-9.6,"",998.9,"",1012.8,"",6,-.2,"",.0,"8",0,"8","01","0","0","","0","","","0","","","1","","",0,"8",.0,"8",.0,"8","","8",0,"8","","",.0,"8",.0,"8",.0,"8",.0,"8",.0,"8",.0,"8",.0,"8",.0,"8",.0,"8",0,"8",0,"8",0,"8","","",0,"8",0,"8"
"352190360","P£OCK","2006","02","27","17","9","",0,"8",0,"8","","","",7,"",0,"8",0,"8",4,"",210,"",3,"",0,"",-5.9,"",.0,"8","U","",2.8,"",71,"",-10.3,"",999.3,"",1013.3,"",3,.4,"",.0,"8",0,"8","03","0","1","","0","","","3","","","6","","",0,"8",.0,"8",.0,"8","","8",0,"8","","",.0,"8",.0,"8",.0,"8",.0,"8",.0,"8",.0,"8",.0,"8",.0,"8",.0,"8",0,"8",0,"8",0,"8","","",0,"8",0,"8"
"352190360","P£OCK","2006","02","27","18","9","",0,"8",0,"8","","","",7,"",0,"8",0,"8",4,"",220,"",4,"",0,"",-6.2,"",.0,"8","U","",2.8,"",73,"",-10.3,"",999.5,"",1013.5,"",3,.6,"",.0,"9",0,"9","02","0","1","","0","","","3","","","8","","",18,"",.0,"8",.0,"8","","8",0,"8","","",.0,"8",.0,"8",.0,"8",.0,"8",.0,"8",.0,"8",.0,"8",.0,"8",.0,"8",0,"8",0,"8",0,"8","","",0,"8",0,"8"
"352190360","P£OCK","2006","02","27","19","6","",0,"8",0,"8","","","",7,"",0,"8",0,"8",7,"",220,"",4,"",0,"",-5.9,"",.0,"8","U","",3.0,"",75,"",-9.6,"",999.5,"",1013.5,"",1,.6,"",.0,"8",0,"8","03","1","5","","5","","","3","","","8","","",0,"8",.0,"8",.0,"8","","8",0,"8","","",.0,"8",.0,"8",.0,"8",.0,"8",.0,"8",.0,"8",.0,"8",.0,"8",.0,"8",0,"8",0,"8",0,"8","","",0,"8",0,"8"
"352190360","P£OCK","2006","02","27","20","7","",0,"8",0,"8","","","",7,"",0,"8",0,"8",3,"",220,"",4,"",0,"",-6.6,"",.0,"8","U","",2.8,"",76,"",-10.1,"",999.5,"",1013.5,"",1,.2,"",.0,"8",0,"8","01","1","3","","5","","","0","","","0","","",0,"8",.0,"8",.0,"8","","8",0,"8","","",.0,"8",.0,"8",.0,"8",.0,"8",.0,"8",.0,"8",.0,"8",.0,"8",.0,"8",0,"8",0,"8",0,"8","","",0,"8",0,"8"
"352190360","P£OCK","2006","02","27","21","7","",0,"8",0,"8","","","",7,"",0,"8",0,"8",2,"",220,"",4,"",0,"",-6.2,"",.0,"8","U","",2.8,"",73,"",-10.3,"",999.6,"",1013.6,"",3,.1,"",.0,"8",0,"8","01","1","2","","5","","","0","","","0","","",0,"8",.0,"8",.0,"8","","8",0,"8","","",.0,"8",.0,"8",.0,"8",.0,"8",.0,"8",.0,"8",.0,"8",.0,"8",.0,"8",0,"8",0,"8",0,"8","","",0,"8",0,"8"
"352190360","P£OCK","2006","02","27","22","4","",0,"8",0,"8","","","",6,"",0,"8",0,"8",5,"",220,"",4,"",0,"",-6.5,"",.0,"8","U","",2.8,"",75,"",-10.2,"",999.6,"",1013.6,"",1,.1,"",.0,"8",0,"8","85","1","5","","9","","","0","","","0","","",0,"8",.0,"8",.0,"8","","8",0,"8","","",.0,"8",.0,"8",.0,"8",.0,"8",.0,"8",.0,"8",.0,"8",.0,"8",.0,"8",0,"8",0,"8",0,"8","","",0,"8",0,"8"
"352190360","P£OCK","2006","02","27","23","6","",0,"8",0,"8","","","",6,"",0,"8",0,"8",2,"",200,"",2,"",0,"",-7.9,"",.0,"8","U","",2.6,"",76,"",-11.4,"",999.6,"",1013.7,"",1,.1,"",.0,"8",0,"8","26","1","2","","5","","","0","","","0","","",0,"8",.0,"8",.0,"8","","8",0,"8","","",.0,"8",.0,"8",.0,"8",.0,"8",.0,"8",.0,"8",.0,"8",.0,"8",.0,"8",0,"8",0,"8",0,"8","","",0,"8",0,"8"
"352190360","P£OCK","2006","02","28","00","9","",0,"8",0,"8","","","",6,"",0,"8",0,"8",0,"",170,"",1,"",0,"",-9.4,"",.0,"8","U","",2.4,"",81,"",-12.1,"",999.2,"",1013.4,"",8,-.4,"",.0,"",7,"","10","8","0","","0","","","0","","","0","","",18,"",.0,"8",.0,"8","","8",0,"8","","",.0,"8",.0,"8",.0,"8",.0,"8",.0,"8",.0,"8",.0,"8",.0,"8",.0,"8",0,"8",0,"8",0,"8","","",0,"8",0,"8"
"352190360","P£OCK","2006","02","28","01","4","",0,"8",0,"8","","","",6,"",0,"8",0,"8",1,"",160,"",1,"",0,"",-11.4,"",.0,"8","U","",2.2,"",85,"",-13.4,"",998.8,"",1013.1,"",8,-.8,"",.0,"8",0,"8","10","0","1","","5","","","0","","","0","","",0,"8",.0,"8",.0,"8","","8",0,"8","","",.0,"8",.0,"8",.0,"8",.0,"8",.0,"8",.0,"8",.0,"8",.0,"8",.0,"8",0,"8",0,"8",0,"8","","",0,"8",0,"8"
"352190360","P£OCK","2006","02","28","02","4","",0,"8",0,"8","","","",6,"",0,"8",0,"8",7,"",140,"",2,"",0,"",-11.3,"",.0,"8","U","",2.3,"",88,"",-12.9,"",998.6,"",1012.9,"",6,-1.0,"",.0,"8",0,"8","10","1","7","","5","","","/","","","/","","",0,"8",.0,"8",.0,"8","","8",0,"8","","",.0,"8",.0,"8",.0,"8",.0,"8",.0,"8",.0,"8",.0,"8",.0,"8",.0,"8",0,"8",0,"8",0,"8","","",0,"8",0,"8"
"352190360","P£OCK","2006","02","28","03","5","",0,"8",0,"8","","","",6,"",0,"8",0,"8",7,"",150,"",2,"",0,"",-10.9,"",.0,"8","U","",2.4,"",89,"",-12.4,"",998.6,"",1012.9,"",6,-.6,"",.0,"8",0,"8","26","1","7","","9","","","/","","","/","","",0,"8",.0,"8",.0,"8","","8",0,"8","","",.0,"8",.0,"8",.0,"8",.0,"8",.0,"8",.0,"8",.0,"8",.0,"8",.0,"8",0,"8",0,"8",0,"8","","",0,"8",0,"8"
"352190360","P£OCK","2006","02","28","04","9","",0,"8",0,"8","","","",6,"",0,"8",0,"8",2,"",150,"",2,"",0,"",-10.9,"",.0,"8","U","",2.4,"",89,"",-12.4,"",998.4,"",1012.6,"",7,-.4,"",.0,"8",0,"8","26","1","2","","0","","","3","","","0","","",0,"8",.0,"8",.0,"8","","8",0,"8","","",.0,"8",.0,"8",.0,"8",.0,"8",.0,"8",.0,"8",.0,"8",.0,"8",.0,"8",0,"8",0,"8",0,"8","","",0,"8",0,"8"
"352190360","P£OCK","2006","02","28","05","9","",0,"8",0,"8","","","",6,"",0,"8",0,"8",6,"",150,"",1,"",0,"",-11.6,"",.0,"8","U","",2.2,"",88,"",-13.2,"",998.2,"",1012.5,"",8,-.4,"",.0,"8",0,"8","10","1","1","","0","","","3","","","6","","",0,"8",.0,"8",.0,"8","","8",0,"8","","",.0,"8",.0,"8",.0,"8",.0,"8",.0,"8",.0,"8",.0,"8",.0,"8",.0,"8",0,"8",0,"8",0,"8","","",0,"8",0,"8"
"352190360","P£OCK","2006","02","28","06","9","",0,"8",0,"8","","","",6,"",0,"8",0,"8",7,"",140,"",2,"",0,"",-11.2,"",.0,"8","U","",2.3,"",87,"",-12.9,"",998.0,"",1012.3,"",7,-.6,"",.0,"",7,"","10","8","2","","0","","","3","","","8","","",18,"",.0,"8",.0,"8","","8",0,"8","","",.0,"8",.0,"8",.0,"8",.0,"8",.0,"8",.0,"8",.0,"8",.0,"8",.0,"8",0,"8",0,"8",0,"8","","",0,"8",0,"8"
"352190360","P£OCK","2006","02","28","07","9","",0,"8",0,"8","","","",6,"",0,"8",0,"8",2,"",140,"",2,"",0,"",-10.7,"",.0,"8","U","",2.4,"",88,"",-12.3,"",997.9,"",1012.1,"",7,-.5,"",.0,"8",0,"8","10","1","1","","0","","","3","","","1","","",0,"8",.0,"8",.0,"8","","8",0,"8","","",.0,"8",.0,"8",.0,"8",.0,"8",.0,"8",.0,"8",.0,"8",.0,"8",.0,"8",0,"8",0,"8",0,"8","","",0,"8",0,"8"
"352190360","P£OCK","2006","02","28","08","9","",0,"8",0,"8","","","",6,"",0,"8",0,"8",1,"",140,"",2,"",0,"",-8.6,"",.0,"8","U","",2.5,"",78,"",-11.7,"",997.4,"",1011.5,"",7,-.8,"",.0,"8",0,"8","10","0","0","","0","","","0","","","1","","",0,"8",.0,"8",.0,"8","","8",0,"8","","",.0,"8",.0,"8",.0,"8",.0,"8",.0,"8",.0,"8",.0,"8",.0,"8",.0,"8",0,"8",0,"8",0,"8","","",0,"8",0,"8"
"352190360","P£OCK","2006","02","28","09","9","",0,"8",0,"8","","","",6,"",0,"8",0,"8",3,"",140,"",3,"",0,"",-6.7,"",.0,"8","U","",2.6,"",69,"",-11.4,"",997.2,"",1011.2,"",7,-.8,"",.0,"8",0,"8","10","1","0","","0","","","0","","","4","","",0,"8",.0,"8",.0,"8","","8",0,"8","","",.0,"8",.0,"8",.0,"8",.0,"8",.0,"8",.0,"8",.0,"8",.0,"8",.0,"8",0,"8",0,"8",0,"8","","",0,"8",0,"8"
"352190360","P£OCK","2006","02","28","10","9","",0,"8",0,"8","","","",6,"",0,"8",0,"8",3,"",130,"",3,"",0,"",-5.0,"",.0,"8","U","",2.6,"",61,"",-11.4,"",996.8,"",1010.7,"",7,-1.1,"",.0,"8",0,"8","05","0","2","","0","","","3","","","1","","",0,"8",.0,"8",.0,"8","","8",0,"8","","",.0,"8",.0,"8",.0,"8",.0,"8",.0,"8",.0,"8",.0,"8",.0,"8",.0,"8",0,"8",0,"8",0,"8","","",0,"8",0,"8"
"352190360","P£OCK","2006","02","28","11","6","",0,"8",0,"8","","","",6,"",0,"8",0,"8",7,"",130,"",4,"",0,"",-3.5,"",.0,"8","U","",2.7,"",58,"",-10.6,"",996.1,"",1009.9,"",8,-1.3,"",.0,"8",0,"8","05","1","5","","5","","","3","","","1","","",0,"8",.0,"8",.0,"8","","8",0,"8","","",.0,"8",.0,"8",.0,"8",.0,"8",.0,"8",.0,"8",.0,"8",.0,"8",.0,"8",0,"8",0,"8",0,"8","","",0,"8",0,"8"
"352190360","P£OCK","2006","02","28","12","6","",0,"8",0,"8","","","",6,"",0,"8",0,"8",7,"",140,"",4,"",0,"",-2.9,"",.0,"8","U","",2.7,"",54,"",-10.9,"",995.5,"",1009.3,"",7,-1.7,"",.0,"9",0,"9","05","1","7","","5","","","/","","","/","","",18,"",.0,"8",.0,"8","","8",0,"8","","",.0,"8",.0,"8",.0,"8",.0,"8",.0,"8",.0,"8",.0,"8",.0,"8",.0,"8",0,"8",0,"8",0,"8","","",0,"8",0,"8"
"352190360","P£OCK","2006","02","28","13","6","",0,"8",0,"8","","","",6,"",0,"8",0,"8",7,"",140,"",4,"",0,"",-2.2,"",.0,"8","U","",2.7,"",52,"",-10.7,"",994.8,"",1008.5,"",7,-2.0,"",.0,"8",0,"8","05","2","7","","5","","","/","","","/","","",0,"8",.0,"8",.0,"8","","8",0,"8","","",.0,"8",.0,"8",.0,"8",.0,"8",.0,"8",.0,"8",.0,"8",.0,"8",.0,"8",0,"8",0,"8",0,"8","","",0,"8",0,"8"
"352190360","P£OCK","2006","02","28","14","6","",0,"8",0,"8","","","",7,"",0,"8",0,"8",6,"",140,"",5,"",0,"",-2.3,"",.0,"8","U","",2.7,"",52,"",-10.8,"",994.3,"",1008.0,"",7,-1.8,"",.0,"8",0,"8","01","2","1","","5","","","3","","","1","","",0,"8",.0,"8",.0,"8","","8",0,"8","","",.0,"8",.0,"8",.0,"8",.0,"8",.0,"8",.0,"8",.0,"8",.0,"8",.0,"8",0,"8",0,"8",0,"8","","",0,"8",0,"8"
"352190360","P£OCK","2006","02","28","15","9","",0,"8",0,"8","","","",7,"",0,"8",0,"8",4,"",150,"",4,"",0,"",-2.0,"",.0,"8","U","",2.9,"",54,"",-10.1,"",993.9,"",1007.6,"",6,-1.6,"",.0,"8",0,"8","01","1","3","","0","","","3","","","1","","",0,"8",.0,"8",.0,"8","","8",0,"8","","",.0,"8",.0,"8",.0,"8",.0,"8",.0,"8",.0,"8",.0,"8",.0,"8",.0,"8",0,"8",0,"8",0,"8","","",0,"8",0,"8"
"352190360","P£OCK","2006","02","28","16","9","",0,"8",0,"8","","","",7,"",0,"8",0,"8",3,"",140,"",4,"",0,"",-2.8,"",.0,"8","U","",2.7,"",55,"",-10.6,"",993.6,"",1007.4,"",6,-1.2,"",.0,"8",0,"8","01","0","2","","0","","","3","","","1","","",0,"8",.0,"8",.0,"8","","8",0,"8","","",.0,"8",.0,"8",.0,"8",.0,"8",.0,"8",.0,"8",.0,"8",.0,"8",.0,"8",0,"8",0,"8",0,"8","","",0,"8",0,"8"
"352190360","P£OCK","2006","02","28","17","9","",0,"8",0,"8","","","",7,"",0,"8",0,"8",2,"",140,"",4,"",0,"",-3.8,"",.0,"8","U","",2.5,"",55,"",-11.5,"",993.5,"",1007.3,"",6,-.8,"",.0,"8",0,"8","01","0","1","","0","","","3","","","1","","",0,"8",.0,"8",.0,"8","","8",0,"8","","",.0,"8",.0,"8",.0,"8",.0,"8",.0,"8",.0,"8",.0,"8",.0,"8",.0,"8",0,"8",0,"8",0,"8","","",0,"8",0,"8"
"352190360","P£OCK","2006","02","28","18","9","",0,"8",0,"8","","","",7,"",0,"8",0,"8",1,"",130,"",4,"",0,"",-4.5,"",.0,"8","U","",2.3,"",52,"",-12.9,"",993.4,"",1007.2,"",6,-.5,"",.0,"9",0,"9","01","1","1","","0","","","3","","","0","","",18,"",.0,"8",.0,"8","","8",0,"8","","",.0,"8",.0,"8",.0,"8",.0,"8",.0,"8",.0,"8",.0,"8",.0,"8",.0,"8",0,"8",0,"8",0,"8","","",0,"8",0,"8"
"352190360","P£OCK","2006","02","28","19","9","",0,"8",0,"8","","","",7,"",0,"8",0,"8",2,"",130,"",4,"",0,"",-5.8,"",.0,"8","U","",2.3,"",57,"",-13.0,"",993.3,"",1007.2,"",7,-.3,"",.0,"8",0,"8","03","0","1","","0","","","3","","","1","","",0,"8",.0,"8",.0,"8","","8",0,"8","","",.0,"8",.0,"8",.0,"8",.0,"8",.0,"8",.0,"8",.0,"8",.0,"8",.0,"8",0,"8",0,"8",0,"8","","",0,"8",0,"8"
"352190360","P£OCK","2006","02","28","20","9","",0,"8",0,"8","","","",7,"",0,"8",0,"8",2,"",140,"",3,"",0,"",-5.9,"",.0,"8","U","",2.2,"",56,"",-13.3,"",993.1,"",1007.0,"",7,-.4,"",.0,"8",0,"8","02","0","1","","0","","","3","","","1","","",0,"8",.0,"8",.0,"8","","8",0,"8","","",.0,"8",.0,"8",.0,"8",.0,"8",.0,"8",.0,"8",.0,"8",.0,"8",.0,"8",0,"8",0,"8",0,"8","","",0,"8",0,"8"
"352190360","P£OCK","2006","02","28","21","9","",0,"8",0,"8","","","",7,"",0,"8",0,"8",1,"",130,"",3,"",0,"",-7.3,"",.0,"8","U","",2.1,"",59,"",-14.0,"",992.7,"",1006.7,"",8,-.7,"",.0,"8",0,"8","01","0","0","","0","","","0","","","1","","",0,"8",.0,"8",.0,"8","","8",0,"8","","",.0,"8",.0,"8",.0,"8",.0,"8",.0,"8",.0,"8",.0,"8",.0,"8",.0,"8",0,"8",0,"8",0,"8","","",0,"8",0,"8"
"352190360","P£OCK","2006","02","28","22","9","",0,"8",0,"8","","","",7,"",0,"8",0,"8",0,"",130,"",4,"",0,"",-7.7,"",.0,"8","U","",2.0,"",57,"",-14.8,"",992.5,"",1006.5,"",7,-.8,"",.0,"8",0,"8","01","0","0","","0","","","0","","","0","","",0,"8",.0,"8",.0,"8","","8",0,"8","","",.0,"8",.0,"8",.0,"8",.0,"8",.0,"8",.0,"8",.0,"8",.0,"8",.0,"8",0,"8",0,"8",0,"8","","",0,"8",0,"8"
"352190360","P£OCK","2006","02","28","23","9","",0,"8",0,"8","","","",7,"",0,"8",0,"8",0,"",110,"",3,"",0,"",-9.7,"",.0,"8","U","",1.9,"",63,"",-15.4,"",992.1,"",1006.2,"",7,-1.0,"",.0,"8",0,"8","02","0","0","","0","","","0","","","0","","",0,"8",.0,"8",.0,"8","","8",0,"8","","",.0,"8",.0,"8",.0,"8",.0,"8",.0,"8",.0,"8",.0,"8",.0,"8",.0,"8",0,"8",0,"8",0,"8","","",0,"8",0,"8"
"352190360","P£OCK","2006","03","01","00","9","",0,"8",0,"8","","","",7,"",0,"8",0,"8",4,"",110,"",4,"",0,"",-9.3,"",.0,"8","U","",2.0,"",67,"",-14.3,"",991.8,"",1005.9,"",7,-.9,"",.0,"9",0,"9","03","0","0","","0","","","0","","","6","","",18,"",.0,"8",.0,"8","","8",0,"8","","",.0,"8",.0,"8",.0,"8",.0,"8",.0,"8",.0,"8",.0,"8",.0,"8",.0,"8",0,"8",0,"8",0,"8","","",0,"8",0,"8"
"352190360","P£OCK","2006","03","01","01","9","",0,"8",0,"8","","","",7,"",0,"8",0,"8",6,"",110,"",4,"",0,"",-9.2,"",.0,"8","U","",2.1,"",69,"",-13.8,"",991.1,"",1005.2,"",7,-1.4,"",.0,"8",0,"8","03","1","0","","0","","","0","","","6","","",0,"8",.0,"8",.0,"8","","8",0,"8","","",.0,"8",.0,"8",.0,"8",.0,"8",.0,"8",.0,"8",.0,"8",.0,"8",.0,"8",0,"8",0,"8",0,"8","","",0,"8",0,"8"
"352190360","P£OCK","2006","03","01","02","9","",0,"8",0,"8","","","",7,"",0,"8",0,"8",6,"",110,"",4,"",0,"",-9.2,"",.0,"8","U","",2.1,"",69,"",-13.8,"",990.5,"",1004.5,"",7,-1.6,"",.0,"8",0,"8","02","2","0","","0","","","0","","","8","","",0,"8",.0,"8",.0,"8","","8",0,"8","","",.0,"8",.0,"8",.0,"8",.0,"8",.0,"8",.0,"8",.0,"8",.0,"8",.0,"8",0,"8",0,"8",0,"8","","",0,"8",0,"8"
"352190360","P£OCK","2006","03","01","03","9","",0,"8",0,"8","","","",7,"",0,"8",0,"8",6,"",110,"",4,"",0,"",-9.9,"",.0,"8","U","",2.1,"",72,"",-14.0,"",989.8,"",1003.9,"",7,-2.0,"",.0,"8",0,"8","02","1","0","","0","","","0","","","8","","",0,"8",.0,"8",.0,"8","","8",0,"8","","",.0,"8",.0,"8",.0,"8",.0,"8",.0,"8",.0,"8",.0,"8",.0,"8",.0,"8",0,"8",0,"8",0,"8","","",0,"8",0,"8"
"352190360","P£OCK","2006","03","01","04","9","",0,"8",0,"8","","","",7,"",0,"8",0,"8",8,"",110,"",4,"",0,"",-10.0,"",.0,"8","U","",2.2,"",75,"",-13.6,"",989.7,"",1003.8,"",7,-1.4,"",.0,"8",0,"8","03","2","0","","0","","","0","","","7","","",0,"8",.0,"8",.0,"8","","8",0,"8","","",.0,"8",.0,"8",.0,"8",.0,"8",.0,"8",.0,"8",.0,"8",.0,"8",.0,"8",0,"8",0,"8",0,"8","","",0,"8",0,"8"
"352190360","P£OCK","2006","03","01","05","9","",0,"8",0,"8","","","",6,"",0,"8",0,"8",8,"",110,"",4,"",0,"",-10.2,"",.0,"8","U","",2.2,"",77,"",-13.5,"",989.4,"",1003.5,"",7,-1.1,"",.0,"8",0,"8","10","2","0","","0","","","0","","","7","","",0,"8",.0,"8",.0,"8","","8",0,"8","","",.0,"8",.0,"8",.0,"8",.0,"8",.0,"8",.0,"8",.0,"8",.0,"8",.0,"8",0,"8",0,"8",0,"8","","",0,"8",0,"8"
"352190360","P£OCK","2006","03","01","06","9","",0,"8",0,"8","","","",6,"",0,"8",0,"8",8,"",110,"",4,"",0,"",-10.1,"",.0,"8","U","",2.2,"",78,"",-13.2,"",989.2,"",1003.3,"",7,-.6,"",.0,"9",0,"9","10","1","2","","0","","","3","","","7","","",14,"",.0,"8",.0,"8","","8",0,"8","","",.0,"8",.0,"8",.0,"8",.0,"8",.0,"8",.0,"8",.0,"8",.0,"8",.0,"8",0,"8",0,"8",0,"8","","",0,"8",0,"8"
"352190360","P£OCK","2006","03","01","07","9","",0,"8",0,"8","","","",6,"",0,"8",0,"8",8,"",110,"",4,"",0,"",-9.5,"",.0,"8","U","",2.3,"",78,"",-12.6,"",988.9,"",1002.9,"",7,-.8,"",.0,"8",0,"8","10","2","1","","0","","","3","","","7","","",0,"8",.0,"8",.0,"8","","8",0,"8","","",.0,"8",.0,"8",.0,"8",.0,"8",.0,"8",.0,"8",.0,"8",.0,"8",.0,"8",0,"8",0,"8",0,"8","","",0,"8",0,"8"
"352190360","P£OCK","2006","03","01","08","9","",0,"8",0,"8","","","",6,"",0,"8",0,"8",8,"",110,"",4,"",0,"",-8.7,"",.0,"8","U","",2.4,"",76,"",-12.2,"",988.7,"",1002.7,"",7,-.7,"",.0,"8",0,"8","10","2","0","","0","","","0","","","7","","",0,"8",.0,"8",.0,"8","","8",0,"8","","",.0,"8",.0,"8",.0,"8",.0,"8",.0,"8",.0,"8",.0,"8",.0,"8",.0,"8",0,"8",0,"8",0,"8","","",0,"8",0,"8"
"352190360","P£OCK","2006","03","01","09","9","",0,"8",0,"8","","","",6,"",0,"8",0,"8",8,"",110,"",5,"",0,"",-7.8,"",.0,"8","U","",2.6,"",76,"",-11.3,"",988.3,"",1002.2,"",7,-.9,"",.0,"8",0,"8","10","2","0","","0","","","0","","","7","","",0,"8",.0,"8",.0,"8","","8",0,"8","","",.0,"8",.0,"8",.0,"8",.0,"8",.0,"8",.0,"8",.0,"8",.0,"8",.0,"8",0,"8",0,"8",0,"8","","",0,"8",0,"8"
"352190360","P£OCK","2006","03","01","10","9","",0,"8",0,"8","","","",6,"",0,"8",0,"8",8,"",110,"",5,"",0,"",-6.5,"",.0,"8","U","",2.8,"",74,"",-10.4,"",988.0,"",1001.9,"",7,-.9,"",.0,"8",0,"8","10","2","0","","0","","","0","","","7","","",0,"8",.0,"8",.0,"8","","8",0,"8","","",.0,"8",.0,"8",.0,"8",.0,"8",.0,"8",.0,"8",.0,"8",.0,"8",.0,"8",0,"8",0,"8",0,"8","","",0,"8",0,"8"
"352190360","P£OCK","2006","03","01","11","9","",0,"8",0,"8","","","",6,"",0,"8",0,"8",8,"",110,"",5,"",0,"",-5.2,"",.0,"8","U","",2.9,"",70,"",-9.8,"",987.7,"",1001.5,"",7,-1.0,"",.0,"8",0,"8","10","2","0","","0","","","0","","","7","","",0,"8",.0,"8",.0,"8","","8",0,"8","","",.0,"8",.0,"8",.0,"8",.0,"8",.0,"8",.0,"8",.0,"8",.0,"8",.0,"8",0,"8",0,"8",0,"8","","",0,"8",0,"8"
"352190360","P£OCK","2006","03","01","12","9","",0,"8",0,"8","","","",7,"",0,"8",0,"8",8,"",110,"",5,"",0,"",-4.3,"",.0,"8","U","",3.0,"",67,"",-9.5,"",987.3,"",1001.0,"",7,-1.0,"",.0,"9",0,"9","02","2","0","","0","","","0","","","7","","",14,"",.0,"8",.0,"8","","8",0,"8","","",.0,"8",.0,"8",.0,"8",.0,"8",.0,"8",.0,"8",.0,"8",.0,"8",.0,"8",0,"8",0,"8",0,"8","","",0,"8",0,"8"
"352190360","P£OCK","2006","03","01","13","9","",0,"8",0,"8","","","",7,"",0,"8",0,"8",5,"",110,"",4,"",0,"",-3.6,"",.0,"8","U","",3.0,"",65,"",-9.2,"",987.0,"",1000.7,"",7,-1.0,"",.0,"8",0,"8","01","2","0","","0","","","0","","","8","","",0,"8",.0,"8",.0,"8","","8",0,"8","","",.0,"8",.0,"8",.0,"8",.0,"8",.0,"8",.0,"8",.0,"8",.0,"8",.0,"8",0,"8",0,"8",0,"8","","",0,"8",0,"8"
"352190360","P£OCK","2006","03","01","14","9","",0,"8",0,"8","","","",7,"",0,"8",0,"8",5,"",110,"",4,"",0,"",-3.6,"",.0,"8","U","",3.0,"",64,"",-9.4,"",986.7,"",1000.4,"",7,-1.0,"",.0,"8",0,"8","02","2","0","","0","","","0","","","8","","",0,"8",.0,"8",.0,"8","","8",0,"8","","",.0,"8",.0,"8",.0,"8",.0,"8",.0,"8",.0,"8",.0,"8",.0,"8",.0,"8",0,"8",0,"8",0,"8","","",0,"8",0,"8"
"352190360","P£OCK","2006","03","01","15","7","",0,"8",0,"8","","","",7,"",0,"8",0,"8",7,"",110,"",3,"",0,"",-3.7,"",.0,"8","U","",3.1,"",66,"",-9.1,"",986.8,"",1000.5,"",5,-.5,"",.0,"8",0,"8","03","2","5","","5","","","0","","","8","","",0,"8",.0,"8",.0,"8","","8",0,"8","","",.0,"8",.0,"8",.0,"8",.0,"8",.0,"8",.0,"8",.0,"8",.0,"8",.0,"8",0,"8",0,"8",0,"8","","",0,"8",0,"8"
"352190360","P£OCK","2006","03","01","16","7","",0,"8",0,"8","","","",7,"",0,"8",0,"8",7,"",110,"",3,"",0,"",-4.1,"",.0,"8","U","",3.1,"",68,"",-9.1,"",986.9,"",1000.6,"",5,-.1,"",.0,"8",0,"8","03","2","7","","5","","","/","","","/","","",0,"8",.0,"8",.0,"8","","8",0,"8","","",.0,"8",.0,"8",.0,"8",.0,"8",.0,"8",.0,"8",.0,"8",.0,"8",.0,"8",0,"8",0,"8",0,"8","","",0,"8",0,"8"
"352190360","P£OCK","2006","03","01","17","6","",0,"8",0,"8","","","",6,"",0,"8",0,"8",7,"",120,"",2,"",0,"",-4.2,"",.0,"8","U","",3.2,"",71,"",-8.7,"",987.3,"",1001.0,"",3,.6,"",.0,"8",0,"8","10","2","7","","5","","","/","","","/","","",0,"8",.0,"8",.0,"8","","8",0,"8","","",.0,"8",.0,"8",.0,"8",.0,"8",.0,"8",.0,"8",.0,"8",.0,"8",.0,"8",0,"8",0,"8",0,"8","","",0,"8",0,"8"
"352190360","P£OCK","2006","03","01","18","5","",0,"8",0,"8","","","",6,"",0,"8",0,"8",8,"",130,"",2,"",0,"",-4.2,"",.0,"8","U","",3.3,"",74,"",-8.1,"",987.4,"",1001.1,"",2,.6,"",.0,"9",0,"9","10","2","8","","5","","","/","","","/","","",14,"",.0,"8",.0,"8","","8",0,"8","","",.0,"8",.0,"8",.0,"8",.0,"8",.0,"8",.0,"8",.0,"8",.0,"8",.0,"8",0,"8",0,"8",0,"8","","",0,"8",0,"8"
"352190360","P£OCK","2006","03","01","19","4","",0,"8",0,"8","","","",6,"",0,"8",0,"8",8,"",140,"",2,"",0,"",-4.2,"",.0,"8","U","",3.6,"",80,"",-7.1,"",987.3,"",1001.0,"",0,.4,"",.0,"8",0,"8","71","7","6","","5","","","2","","","/","","",0,"8",.0,"8",.0,"8","","8",0,"8","","",.0,"8",.0,"8",.0,"8",.0,"8",.0,"8",.0,"8",.0,"8",.0,"8",.0,"8",0,"8",0,"8",0,"8","","",0,"8",0,"8"
"352190360","P£OCK","2006","03","01","20","4","",0,"8",0,"8","","","",5,"",0,"8",0,"8",8,"",120,"",1,"",0,"",-4.6,"",.0,"8","U","",3.8,"",87,"",-6.4,"",987.5,"",1001.3,"",2,.2,"",.0,"8",0,"8","71","7","6","","5","","","2","","","/","","",0,"8",.0,"8",.0,"8","","8",0,"8","","",.0,"8",.0,"8",.0,"8",.0,"8",.0,"8",.0,"8",.0,"8",.0,"8",.0,"8",0,"8",0,"8",0,"8","","",0,"8",0,"8"
"352190360","P£OCK","2006","03","01","21","3","",0,"8",0,"8","","","",6,"",0,"8",0,"8",8,"",190,"",2,"",0,"",-4.4,"",.0,"8","U","",4.0,"",90,"",-5.8,"",987.6,"",1001.3,"",3,.2,"",.0,"8",0,"8","71","7","6","","7","","","2","","","/","","",0,"8",.0,"8",.0,"8","","8",0,"8","","",.0,"8",.0,"8",.0,"8",.0,"8",.0,"8",.0,"8",.0,"8",.0,"8",.0,"8",0,"8",0,"8",0,"8","","",0,"8",0,"8"
"352190360","P£OCK","2006","03","01","22","3","",0,"8",0,"8","","","",5,"",0,"8",0,"8",8,"",250,"",3,"",0,"",-3.1,"",.0,"8","U","",4.4,"",91,"",-4.4,"",987.7,"",1001.4,"",2,.4,"",.0,"8",0,"8","22","2","8","","6","","","/","","","/","","",0,"8",.0,"8",.0,"8","","8",0,"8","","",.0,"8",.0,"8",.0,"8",.0,"8",.0,"8",.0,"8",.0,"8",.0,"8",.0,"8",0,"8",0,"8",0,"8","","",0,"8",0,"8"
"352190360","P£OCK","2006","03","01","23","2","",0,"8",0,"8","","","",5,"",0,"8",0,"8",8,"",250,"",2,"",0,"",-3.5,"",.0,"8","U","",4.3,"",92,"",-4.6,"",987.9,"",1001.6,"",2,.4,"",.0,"8",0,"8","10","2","8","","6","","","/","","","/","","",0,"8",.0,"8",.0,"8","","8",0,"8","","",.0,"8",.0,"8",.0,"8",.0,"8",.0,"8",.0,"8",.0,"8",.0,"8",.0,"8",0,"8",0,"8",0,"8","","",0,"8",0,"8"
"352190360","P£OCK","2006","03","02","00","2","",0,"8",0,"8","","","",5,"",0,"8",0,"8",8,"",230,"",4,"",0,"",-2.8,"",.0,"8","U","",4.6,"",93,"",-3.8,"",988.0,"",1001.7,"",2,.4,"",.1,"",7,"","85","7","8","","9","","","/","","","/","","",18,"",.0,"8",.0,"8","","8",0,"8","","",.0,"8",.0,"8",.0,"8",.0,"8",.0,"8",.0,"8",.0,"8",.0,"8",.0,"8",0,"8",0,"8",0,"8","","",0,"8",0,"8"
"352190360","P£OCK","2006","03","02","01","2","",0,"8",0,"8","","","",5,"",0,"8",0,"8",8,"",230,"",5,"",0,"",-2.8,"",.0,"8","U","",4.6,"",92,"",-3.9,"",988.2,"",1001.9,"",2,.5,"",.0,"8",0,"8","85","8","8","","9","","","/","","","/","","",0,"8",.0,"8",.0,"8","","8",0,"8","","",.0,"8",.0,"8",.0,"8",.0,"8",.0,"8",.0,"8",.0,"8",.0,"8",.0,"8",0,"8",0,"8",0,"8","","",0,"8",0,"8"
"352190360","P£OCK","2006","03","02","02","4","",0,"8",0,"8","","","",6,"",0,"8",0,"8",7,"",230,"",5,"",0,"",-2.4,"",.0,"8","U","",4.7,"",91,"",-3.7,"",988.2,"",1001.9,"",1,.3,"",.0,"8",0,"8","26","8","7","","9","","","/","","","/","","",0,"8",.0,"8",.0,"8","","8",0,"8","","",.0,"8",.0,"8",.0,"8",.0,"8",.0,"8",.0,"8",.0,"8",.0,"8",.0,"8",0,"8",0,"8",0,"8","","",0,"8",0,"8"
"352190360","P£OCK","2006","03","02","03","3","",0,"8",0,"8","","","",6,"",0,"8",0,"8",8,"",220,"",4,"",0,"",-2.8,"",.0,"8","U","",4.6,"",92,"",-3.9,"",988.4,"",1002.1,"",2,.4,"",.0,"8",0,"8","85","8","8","","9","","","/","","","/","","",0,"8",.0,"8",.0,"8","","8",0,"8","","",.0,"8",.0,"8",.0,"8",.0,"8",.0,"8",.0,"8",.0,"8",.0,"8",.0,"8",0,"8",0,"8",0,"8","","",0,"8",0,"8"
"352190360","P£OCK","2006","03","02","04","3","",0,"8",0,"8","","","",6,"",0,"8",0,"8",8,"",220,"",5,"",0,"",-3.1,"",.0,"8","U","",4.4,"",91,"",-4.4,"",988.5,"",1002.2,"",3,.3,"",.0,"8",0,"8","26","2","8","","9","","","/","","","/","","",0,"8",.0,"8",.0,"8","","8",0,"8","","",.0,"8",.0,"8",.0,"8",.0,"8",.0,"8",.0,"8",.0,"8",.0,"8",.0,"8",0,"8",0,"8",0,"8","","",0,"8",0,"8"
"352190360","P£OCK","2006","03","02","05","3","",0,"8",0,"8","","","",6,"",0,"8",0,"8",8,"",220,"",4,"",0,"",-3.7,"",.0,"8","U","",4.1,"",89,"",-5.2,"",988.7,"",1002.4,"",2,.5,"",.0,"8",0,"8","85","2","8","","9","","","/","","","/","","",0,"8",.0,"8",.0,"8","","8",0,"8","","",.0,"8",.0,"8",.0,"8",.0,"8",.0,"8",.0,"8",.0,"8",.0,"8",.0,"8",0,"8",0,"8",0,"8","","",0,"8",0,"8"
"352190360","P£OCK","2006","03","02","06","3","",0,"8",0,"8","","","",6,"",0,"8",0,"8",8,"",210,"",4,"",0,"",-3.9,"",.0,"8","U","",4.1,"",90,"",-5.3,"",988.9,"",1002.6,"",2,.5,"",.1,"",7,"","85","8","8","","9","","","/","","","/","","",18,"",.0,"8",.0,"8","","8",0,"8","","",.0,"8",.0,"8",.0,"8",.0,"8",.0,"8",.0,"8",.0,"8",.0,"8",.0,"8",0,"8",0,"8",0,"8","","",0,"8",0,"8"
"352190360","P£OCK","2006","03","02","07","4","",0,"8",0,"8","","","",6,"",0,"8",0,"8",8,"",220,"",5,"",0,"",-3.2,"",.0,"8","U","",4.3,"",90,"",-4.6,"",988.9,"",1002.6,"",1,.4,"",.0,"8",0,"8","85","8","8","","9","","","/","","","/","","",0,"8",.0,"8",.0,"8","","8",0,"8","","",.0,"8",.0,"8",.0,"8",.0,"8",.0,"8",.0,"8",.0,"8",.0,"8",.0,"8",0,"8",0,"8",0,"8","","",0,"8",0,"8"
"352190360","P£OCK","2006","03","02","08","4","",0,"8",0,"8","","","",5,"",0,"8",0,"8",7,"",220,"",5,"",0,"",-2.2,"",.0,"8","U","",4.5,"",87,"",-4.1,"",989.0,"",1002.7,"",2,.3,"",.0,"8",0,"8","85","2","7","","9","","","/","","","/","","",0,"8",.0,"8",.0,"8","","8",0,"8","","",.0,"8",.0,"8",.0,"8",.0,"8",.0,"8",.0,"8",.0,"8",.0,"8",.0,"8",0,"8",0,"8",0,"8","","",0,"8",0,"8"
"352190360","P£OCK","2006","03","02","09","4","",0,"8",0,"8","","","",7,"",0,"8",0,"8",7,"",230,"",7,"",0,"",-1.3,"",.0,"8","U","",4.2,"",76,"",-5.0,"",988.9,"",1002.5,"",0,.0,"",.0,"8",0,"8","26","8","7","","3","","","/","","","/","","",0,"8",.0,"8",.0,"8","","8",0,"8","","",.0,"8",.0,"8",.0,"8",.0,"8",.0,"8",.0,"8",.0,"8",.0,"8",.0,"8",0,"8",0,"8",0,"8","","",0,"8",0,"8"
"352190360","P£OCK","2006","03","02","10","5","",0,"8",0,"8","","","",7,"",0,"8",0,"8",4,"",230,"",6,"",0,"",-.9,"",.0,"8","U","",4.0,"",69,"",-5.9,"",989.1,"",1002.7,"",2,.2,"",.0,"8",0,"8","01","1","4","","3","","","0","","","0","","",0,"8",.0,"8",.0,"8","","8",0,"8","","",.0,"8",.0,"8",.0,"8",.0,"8",.0,"8",.0,"8",.0,"8",.0,"8",.0,"8",0,"8",0,"8",0,"8","","",0,"8",0,"8"
"352190360","P£OCK","2006","03","02","11","5","",0,"8",0,"8","","","",7,"",0,"8",0,"8",2,"",230,"",6,"",0,"",-.5,"",.0,"8","U","",3.8,"",64,"",-6.5,"",989.0,"",1002.6,"",4,.0,"",.0,"8",0,"8","01","0","2","","5","","","0","","","0","","",0,"8",.0,"8",.0,"8","","8",0,"8","","",.0,"8",.0,"8",.0,"8",.0,"8",.0,"8",.0,"8",.0,"8",.0,"8",.0,"8",0,"8",0,"8",0,"8","","",0,"8",0,"8"
"352190360","P£OCK","2006","03","02","12","5","",0,"8",0,"8","","","",8,"",0,"8",0,"8",2,"",230,"",6,"",0,"",-.5,"",.0,"8","U","",3.7,"",62,"",-6.9,"",988.8,"",1002.4,"",8,-.1,"",.0,"",7,"","02","8","2","","5","","","0","","","0","","",18,"",.0,"8",.0,"8","","8",0,"8","","",.0,"8",.0,"8",.0,"8",.0,"8",.0,"8",.0,"8",.0,"8",.0,"8",.0,"8",0,"8",0,"8",0,"8","","",0,"8",0,"8"
"352190360","P£OCK","2006","03","02","13","5","",0,"8",0,"8","","","",8,"",0,"8",0,"8",2,"",240,"",5,"",0,"",.1,"",.0,"8","U","",3.6,"",59,"",-7.0,"",988.6,"",1002.1,"",7,-.5,"",.0,"8",0,"8","01","0","1","","5","","","0","","","1","","",0,"8",.0,"8",.0,"8","","8",0,"8","","",.0,"8",.0,"8",.0,"8",.0,"8",.0,"8",.0,"8",.0,"8",.0,"8",.0,"8",0,"8",0,"8",0,"8","","",0,"8",0,"8"
"352190360","P£OCK","2006","03","02","14","6","",0,"8",0,"8","","","",8,"",0,"8",0,"8",3,"",230,"",6,"",0,"",.0,"",.0,"8","U","",3.5,"",57,"",-7.5,"",988.5,"",1002.0,"",7,-.5,"",.0,"8",0,"8","03","0","2","","5","","","0","","","1","","",0,"8",.0,"8",.0,"8","","8",0,"8","","",.0,"8",.0,"8",.0,"8",.0,"8",.0,"8",.0,"8",.0,"8",.0,"8",.0,"8",0,"8",0,"8",0,"8","","",0,"8",0,"8"
"352190360","P£OCK","2006","03","02","15","6","",0,"8",0,"8","","","",8,"",0,"8",0,"8",7,"",230,"",6,"",0,"",-.1,"",.0,"8","U","",3.6,"",59,"",-7.2,"",988.5,"",1002.0,"",6,-.3,"",.0,"8",0,"8","03","1","7","","5","","","/","","","/","","",0,"8",.0,"8",.0,"8","","8",0,"8","","",.0,"8",.0,"8",.0,"8",.0,"8",.0,"8",.0,"8",.0,"8",.0,"8",.0,"8",0,"8",0,"8",0,"8","","",0,"8",0,"8"
"352190360","P£OCK","2006","03","02","16","5","",0,"8",0,"8","","","",7,"",0,"8",0,"8",7,"",240,"",4,"",0,"",-1.0,"",.0,"8","U","",4.0,"",70,"",-5.8,"",988.7,"",1002.3,"",3,.1,"",.0,"8",0,"8","03","2","7","","9","","","/","","","/","","",0,"8",.0,"8",.0,"8","","8",0,"8","","",.0,"8",.0,"8",.0,"8",.0,"8",.0,"8",.0,"8",.0,"8",.0,"8",.0,"8",0,"8",0,"8",0,"8","","",0,"8",0,"8"
"352190360","P£OCK","2006","03","02","17","5","",0,"8",0,"8","","","",5,"",0,"8",0,"8",8,"",230,"",6,"",0,"",-1.7,"",.0,"8","U","",4.3,"",80,"",-4.7,"",989.1,"",1002.7,"",3,.6,"",.0,"8",0,"8","85","8","8","","9","","","/","","","/","","",0,"8",.0,"8",.0,"8","","8",0,"8","","",.0,"8",.0,"8",.0,"8",.0,"8",.0,"8",.0,"8",.0,"8",.0,"8",.0,"8",0,"8",0,"8",0,"8","","",0,"8",0,"8"
"352190360","P£OCK","2006","03","02","18","5","",0,"8",0,"8","","","",7,"",0,"8",0,"8",3,"",210,"",4,"",0,"",-2.7,"",.0,"8","U","",4.3,"",85,"",-4.9,"",989.4,"",1003.1,"",2,.9,"",.0,"",7,"","26","1","3","","5","","","0","","","0","","",18,"",.0,"8",.0,"8","","8",0,"8","","",.0,"8",.0,"8",.0,"8",.0,"8",.0,"8",.0,"8",.0,"8",.0,"8",.0,"8",0,"8",0,"8",0,"8","","",0,"8",0,"8"
"352190360","P£OCK","2006","03","02","19","5","",0,"8",0,"8","","","",6,"",0,"8",0,"8",1,"",210,"",3,"",0,"",-4.1,"",.0,"8","U","",4.0,"",88,"",-5.8,"",989.5,"",1003.3,"",1,.8,"",.0,"8",0,"8","10","0","1","","5","","","0","","","0","","",0,"8",.0,"8",.0,"8","","8",0,"8","","",.0,"8",.0,"8",.0,"8",.0,"8",.0,"8",.0,"8",.0,"8",.0,"8",.0,"8",0,"8",0,"8",0,"8","","",0,"8",0,"8"
"352190360","P£OCK","2006","03","02","20","5","",0,"8",0,"8","","","",6,"",0,"8",0,"8",3,"",200,"",3,"",0,"",-3.4,"",.0,"8","U","",4.1,"",87,"",-5.3,"",989.6,"",1003.3,"",1,.5,"",.0,"8",0,"8","10","0","3","","5","","","0","","","0","","",0,"8",.0,"8",.0,"8","","8",0,"8","","",.0,"8",.0,"8",.0,"8",.0,"8",.0,"8",.0,"8",.0,"8",.0,"8",.0,"8",0,"8",0,"8",0,"8","","",0,"8",0,"8"
"352190360","P£OCK","2006","03","02","21","6","",0,"8",0,"8","","","",6,"",0,"8",0,"8",7,"",210,"",3,"",0,"",-3.9,"",.0,"8","U","",4.0,"",88,"",-5.6,"",989.8,"",1003.6,"",2,.4,"",.0,"8",0,"8","10","1","7","","5","","","/","","","/","","",0,"8",.0,"8",.0,"8","","8",0,"8","","",.0,"8",.0,"8",.0,"8",.0,"8",.0,"8",.0,"8",.0,"8",.0,"8",.0,"8",0,"8",0,"8",0,"8","","",0,"8",0,"8"
"352190360","P£OCK","2006","03","02","22","6","",0,"8",0,"8","","","",6,"",0,"8",0,"8",3,"",220,"",3,"",0,"",-4.2,"",.0,"8","U","",4.0,"",89,"",-5.7,"",989.7,"",1003.5,"",0,.2,"",.0,"8",0,"8","26","1","3","","5","","","0","","","0","","",0,"8",.0,"8",.0,"8","","8",0,"8","","",.0,"8",.0,"8",.0,"8",.0,"8",.0,"8",.0,"8",.0,"8",.0,"8",.0,"8",0,"8",0,"8",0,"8","","",0,"8",0,"8"
"352190360","P£OCK","2006","03","02","23","5","",0,"8",0,"8","","","",6,"",0,"8",0,"8",5,"",210,"",3,"",0,"",-4.7,"",.0,"8","U","",3.8,"",88,"",-6.4,"",989.7,"",1003.5,"",1,.1,"",.0,"8",0,"8","26","1","5","","9","","","0","","","0","","",0,"8",.0,"8",.0,"8","","8",0,"8","","",.0,"8",.0,"8",.0,"8",.0,"8",.0,"8",.0,"8",.0,"8",.0,"8",.0,"8",0,"8",0,"8",0,"8","","",0,"8",0,"8"
"352190360","P£OCK","2006","03","03","00","5","",0,"8",0,"8","","","",6,"",0,"8",0,"8",5,"",210,"",3,"",0,"",-4.8,"",.0,"8","U","",3.8,"",89,"",-6.3,"",989.7,"",1003.5,"",6,-.1,"",.0,"",7,"","85","1","5","","9","","","0","","","0","","",18,"",.0,"8",.0,"8","","8",0,"8","","",.0,"8",.0,"8",.0,"8",.0,"8",.0,"8",.0,"8",.0,"8",.0,"8",.0,"8",0,"8",0,"8",0,"8","","",0,"8",0,"8"
"352190360","P£OCK","2006","03","03","01","5","",0,"8",0,"8","","","",6,"",0,"8",0,"8",7,"",220,"",3,"",0,"",-4.6,"",.0,"8","U","",3.9,"",90,"",-6.0,"",989.5,"",1003.3,"",8,-.2,"",.0,"8",0,"8","85","8","7","","9","","","/","","","/","","",0,"8",.0,"8",.0,"8","","8",0,"8","","",.0,"8",.0,"8",.0,"8",.0,"8",.0,"8",.0,"8",.0,"8",.0,"8",.0,"8",0,"8",0,"8",0,"8","","",0,"8",0,"8"
"352190360","P£OCK","2006","03","03","02","4","",0,"8",0,"8","","","",6,"",0,"8",0,"8",8,"",210,"",3,"",0,"",-5.0,"",.0,"8","U","",3.8,"",90,"",-6.4,"",989.2,"",1003.0,"",8,-.5,"",.0,"8",0,"8","85","8","8","","9","","","/","","","/","","",0,"8",.0,"8",.0,"8","","8",0,"8","","",.0,"8",.0,"8",.0,"8",.0,"8",.0,"8",.0,"8",.0,"8",.0,"8",.0,"8",0,"8",0,"8",0,"8","","",0,"8",0,"8"
"352190360","P£OCK","2006","03","03","03","5","",0,"8",0,"8","","","",6,"",0,"8",0,"8",8,"",210,"",3,"",0,"",-4.0,"",.0,"8","U","",4.2,"",92,"",-5.1,"",989.2,"",1003.0,"",6,-.5,"",.0,"8",0,"8","26","8","8","","9","","","/","","","/","","",0,"8",.0,"8",.0,"8","","8",0,"8","","",.0,"8",.0,"8",.0,"8",.0,"8",.0,"8",.0,"8",.0,"8",.0,"8",.0,"8",0,"8",0,"8",0,"8","","",0,"8",0,"8"
"352190360","P£OCK","2006","03","03","04","5","",0,"8",0,"8","","","",6,"",0,"8",0,"8",3,"",210,"",3,"",0,"",-5.1,"",.0,"8","U","",3.7,"",89,"",-6.6,"",989.2,"",1003.0,"",6,-.3,"",.0,"8",0,"8","10","1","3","","5","","","0","","","0","","",0,"8",.0,"8",.0,"8","","8",0,"8","","",.0,"8",.0,"8",.0,"8",.0,"8",.0,"8",.0,"8",.0,"8",.0,"8",.0,"8",0,"8",0,"8",0,"8","","",0,"8",0,"8"
"352190360","P£OCK","2006","03","03","05","6","",0,"8",0,"8","","","",6,"",0,"8",0,"8",2,"",210,"",2,"",0,"",-6.2,"",.0,"8","U","",3.4,"",89,"",-7.7,"",989.2,"",1003.1,"",4,.0,"",.0,"8",0,"8","10","0","1","","5","","","0","","","1","","",0,"8",.0,"8",.0,"8","","8",0,"8","","",.0,"8",.0,"8",.0,"8",.0,"8",.0,"8",.0,"8",.0,"8",.0,"8",.0,"8",0,"8",0,"8",0,"8","","",0,"8",0,"8"
"352190360","P£OCK","2006","03","03","06","6","",0,"8",0,"8","","","",6,"",0,"8",0,"8",6,"",210,"",2,"",0,"",-5.9,"",.0,"8","U","",3.4,"",86,"",-7.9,"",989.6,"",1003.5,"",3,.4,"",.0,"",7,"","10","8","5","","5","","","0","","","1","","",18,"",.0,"8",.0,"8","","8",0,"8","","",.0,"8",.0,"8",.0,"8",.0,"8",.0,"8",.0,"8",.0,"8",.0,"8",.0,"8",0,"8",0,"8",0,"8","","",0,"8",0,"8"
"352190360","P£OCK","2006","03","03","07","6","",0,"8",0,"8","","","",6,"",0,"8",0,"8",7,"",200,"",3,"",0,"",-5.3,"",.0,"8","U","",3.3,"",81,"",-8.0,"",989.8,"",1003.6,"",3,.6,"",.0,"8",0,"8","10","2","7","","5","","","/","","","/","","",0,"8",.0,"8",.0,"8","","8",0,"8","","",.0,"8",.0,"8",.0,"8",.0,"8",.0,"8",.0,"8",.0,"8",.0,"8",.0,"8",0,"8",0,"8",0,"8","","",0,"8",0,"8"
"352190360","P£OCK","2006","03","03","08","6","",0,"8",0,"8","","","",6,"",0,"8",0,"8",5,"",140,"",2,"",0,"",-4.4,"",.0,"8","U","",3.4,"",78,"",-7.7,"",989.5,"",1003.3,"",0,.3,"",.0,"8",0,"8","10","2","4","","5","","","0","","","1","","",0,"8",.0,"8",.0,"8","","8",0,"8","","",.0,"8",.0,"8",.0,"8",.0,"8",.0,"8",.0,"8",.0,"8",.0,"8",.0,"8",0,"8",0,"8",0,"8","","",0,"8",0,"8"
"352190360","P£OCK","2006","03","03","09","9","",0,"8",0,"8","","","",7,"",0,"8",0,"8",2,"",200,"",3,"",0,"",-2.5,"",.0,"8","U","",3.5,"",69,"",-7.4,"",989.6,"",1003.3,"",4,.0,"",.0,"8",0,"8","01","1","0","","0","","","0","","","1","","",0,"8",.0,"8",.0,"8","","8",0,"8","","",.0,"8",.0,"8",.0,"8",.0,"8",.0,"8",.0,"8",.0,"8",.0,"8",.0,"8",0,"8",0,"8",0,"8","","",0,"8",0,"8"
"352190360","P£OCK","2006","03","03","10","9","",0,"8",0,"8","","","",7,"",0,"8",0,"8",5,"",170,"",3,"",0,"",-1.1,"",.0,"8","U","",3.4,"",61,"",-7.7,"",989.6,"",1003.2,"",6,-.2,"",.0,"8",0,"8","03","1","0","","0","","","0","","","6","","",0,"8",.0,"8",.0,"8","","8",0,"8","","",.0,"8",.0,"8",.0,"8",.0,"8",.0,"8",.0,"8",.0,"8",.0,"8",.0,"8",0,"8",0,"8",0,"8","","",0,"8",0,"8"
"352190360","P£OCK","2006","03","03","11","5","",0,"8",0,"8","","","",7,"",0,"8",0,"8",6,"",200,"",5,"",0,"",-.1,"",.0,"8","U","",3.6,"",60,"",-6.9,"",989.5,"",1003.1,"",0,.0,"",.0,"8",0,"8","03","2","1","","1","","","0","","","6","","",0,"8",.0,"8",.0,"8","","8",0,"8","","",.0,"8",.0,"8",.0,"8",.0,"8",.0,"8",.0,"8",.0,"8",.0,"8",.0,"8",0,"8",0,"8",0,"8","","",0,"8",0,"8"
"352190360","P£OCK","2006","03","03","12","5","",0,"8",0,"8","","","",8,"",0,"8",0,"8",2,"",200,"",6,"",0,"",.2,"",.0,"8","U","",3.5,"",57,"",-7.3,"",989.2,"",1002.7,"",8,-.4,"",.0,"9",0,"9","03","1","1","","2","","","0","","","2","","",14,"",.0,"8",.0,"8","","8",0,"8","","",.0,"8",.0,"8",.0,"8",.0,"8",.0,"8",.0,"8",.0,"8",.0,"8",.0,"8",0,"8",0,"8",0,"8","","",0,"8",0,"8"
"352190360","P£OCK","2006","03","03","13","6","",0,"8",0,"8","","","",8,"",0,"8",0,"8",2,"",190,"",5,"",0,"",.7,"",.0,"8","U","",3.4,"",53,"",-7.8,"",988.8,"",1002.3,"",8,-.8,"",.0,"8",0,"8","01","0","1","","1","","","0","","","1","","",0,"8",.0,"8",.0,"8","","8",0,"8","","",.0,"8",.0,"8",.0,"8",.0,"8",.0,"8",.0,"8",.0,"8",.0,"8",.0,"8",0,"8",0,"8",0,"8","","",0,"8",0,"8"
"352190360","P£OCK","2006","03","03","14","9","",0,"8",0,"8","","","",8,"",0,"8",0,"8",1,"",190,"",4,"",0,"",.7,"",.0,"8","U","",3.3,"",51,"",-8.3,"",988.6,"",1002.1,"",7,-.9,"",.0,"8",0,"8","01","0","0","","0","","","0","","","1","","",0,"8",.0,"8",.0,"8","","8",0,"8","","",.0,"8",.0,"8",.0,"8",.0,"8",.0,"8",.0,"8",.0,"8",.0,"8",.0,"8",0,"8",0,"8",0,"8","","",0,"8",0,"8"
"352190360","P£OCK","2006","03","03","15","9","",0,"8",0,"8","","","",7,"",0,"8",0,"8",1,"",180,"",4,"",0,"",.3,"",.0,"8","U","",3.4,"",54,"",-7.9,"",988.3,"",1001.8,"",7,-.9,"",.0,"8",0,"8","02","0","0","","0","","","0","","","1","","",0,"8",.0,"8",.0,"8","","8",0,"8","","",.0,"8",.0,"8",.0,"8",.0,"8",.0,"8",.0,"8",.0,"8",.0,"8",.0,"8",0,"8",0,"8",0,"8","","",0,"8",0,"8"
"352190360","P£OCK","2006","03","03","16","9","",0,"8",0,"8","","","",7,"",0,"8",0,"8",2,"",160,"",3,"",0,"",-.9,"",.0,"8","U","",3.4,"",59,"",-7.9,"",987.7,"",1001.3,"",8,-1.1,"",.0,"8",0,"8","03","0","1","","0","","","3","","","1","","",0,"8",.0,"8",.0,"8","","8",0,"8","","",.0,"8",.0,"8",.0,"8",.0,"8",.0,"8",.0,"8",.0,"8",.0,"8",.0,"8",0,"8",0,"8",0,"8","","",0,"8",0,"8"
"352190360","P£OCK","2006","03","03","17","9","",0,"8",0,"8","","","",7,"",0,"8",0,"8",2,"",120,"",2,"",0,"",-2.9,"",.0,"8","U","",3.3,"",66,"",-8.4,"",987.4,"",1001.1,"",7,-1.2,"",.0,"8",0,"8","02","0","1","","0","","","3","","","1","","",0,"8",.0,"8",.0,"8","","8",0,"8","","",.0,"8",.0,"8",.0,"8",.0,"8",.0,"8",.0,"8",.0,"8",.0,"8",.0,"8",0,"8",0,"8",0,"8","","",0,"8",0,"8"
"352190360","P£OCK","2006","03","03","18","9","",0,"8",0,"8","","","",7,"",0,"8",0,"8",1,"",120,"",2,"",0,"",-3.8,"",.0,"8","U","",3.2,"",69,"",-8.7,"",987.0,"",1000.7,"",7,-1.3,"",.0,"9",0,"9","01","0","0","","0","","","0","","","1","","",14,"",.0,"8",.0,"8","","8",0,"8","","",.0,"8",.0,"8",.0,"8",.0,"8",.0,"8",.0,"8",.0,"8",.0,"8",.0,"8",0,"8",0,"8",0,"8","","",0,"8",0,"8"
"352190360","P£OCK","2006","03","03","19","9","",0,"8",0,"8","","","",6,"",0,"8",0,"8",5,"",110,"",2,"",0,"",-4.6,"",.0,"8","U","",3.0,"",70,"",-9.2,"",986.5,"",1000.2,"",8,-1.2,"",.0,"8",0,"8","10","1","0","","0","","","0","","","6","","",0,"8",.0,"8",.0,"8","","8",0,"8","","",.0,"8",.0,"8",.0,"8",.0,"8",.0,"8",.0,"8",.0,"8",.0,"8",.0,"8",0,"8",0,"8",0,"8","","",0,"8",0,"8"
"352190360","P£OCK","2006","03","03","20","9","",0,"8",0,"8","","","",5,"",0,"8",0,"8",7,"",110,"",2,"",0,"",-5.3,"",.0,"8","U","",3.0,"",73,"",-9.4,"",985.7,"",999.5,"",8,-1.7,"",.0,"8",0,"8","10","2","0","","0","","","0","","","6","","",0,"8",.0,"8",.0,"8","","8",0,"8","","",.0,"8",.0,"8",.0,"8",.0,"8",.0,"8",.0,"8",.0,"8",.0,"8",.0,"8",0,"8",0,"8",0,"8","","",0,"8",0,"8"
"352190360","P£OCK","2006","03","03","21","9","",0,"8",0,"8","","","",6,"",0,"8",0,"8",8,"",100,"",2,"",0,"",-5.4,"",.0,"8","U","",3.1,"",75,"",-9.1,"",984.8,"",998.6,"",8,-2.2,"",.0,"8",0,"8","10","1","0","","0","","","0","","","7","","",0,"8",.0,"8",.0,"8","","8",0,"8","","",.0,"8",.0,"8",.0,"8",.0,"8",.0,"8",.0,"8",.0,"8",.0,"8",.0,"8",0,"8",0,"8",0,"8","","",0,"8",0,"8"
"352190360","P£OCK","2006","03","03","22","9","",0,"8",0,"8","","","",6,"",0,"8",0,"8",8,"",100,"",2,"",0,"",-5.0,"",.0,"8","U","",3.2,"",75,"",-8.7,"",983.6,"",997.3,"",8,-2.9,"",.0,"8",0,"8","10","2","8","","0","","","3","","","/","","",0,"8",.0,"8",.0,"8","","8",0,"8","","",.0,"8",.0,"8",.0,"8",.0,"8",.0,"8",.0,"8",.0,"8",.0,"8",.0,"8",0,"8",0,"8",0,"8","","",0,"8",0,"8"
"352190360","P£OCK","2006","03","03","23","9","",0,"8",0,"8","","","",6,"",0,"8",0,"8",8,"",100,"",3,"",0,"",-4.3,"",.0,"8","U","",3.2,"",73,"",-8.4,"",982.5,"",996.2,"",7,-3.2,"",.0,"8",0,"8","10","2","8","","0","","","3","","","/","","",0,"8",.0,"8",.0,"8","","8",0,"8","","",.0,"8",.0,"8",.0,"8",.0,"8",.0,"8",.0,"8",.0,"8",.0,"8",.0,"8",0,"8",0,"8",0,"8","","",0,"8",0,"8"
"352190360","P£OCK","2006","03","04","00","7","",0,"8",0,"8","","","",6,"",0,"8",0,"8",8,"",100,"",3,"",0,"",-4.1,"",.0,"8","U","",3.3,"",73,"",-8.2,"",982.0,"",995.7,"",6,-2.8,"",.0,"9",0,"9","10","1","8","","5","","","/","","","/","","",14,"",.0,"8",.0,"8","","8",0,"8","","",.0,"8",.0,"8",.0,"8",.0,"8",.0,"8",.0,"8",.0,"8",.0,"8",.0,"8",0,"8",0,"8",0,"8","","",0,"8",0,"8"
"352190360","P£OCK","2006","03","04","01","6","",0,"8",0,"8","","","",6,"",0,"8",0,"8",8,"",130,"",3,"",0,"",-4.1,"",.0,"8","U","",3.4,"",75,"",-7.9,"",981.5,"",995.1,"",6,-2.1,"",.0,"8",0,"8","10","2","8","","5","","","/","","","/","","",0,"8",.0,"8",.0,"8","","8",0,"8","","",.0,"8",.0,"8",.0,"8",.0,"8",.0,"8",.0,"8",.0,"8",.0,"8",.0,"8",0,"8",0,"8",0,"8","","",0,"8",0,"8"
"352190360","P£OCK","2006","03","04","02","5","",0,"8",0,"8","","","",5,"",0,"8",0,"8",8,"",130,"",2,"",0,"",-4.1,"",.0,"8","U","",3.7,"",82,"",-6.7,"",980.7,"",994.3,"",8,-1.8,"",.0,"8",0,"8","71","2","8","","5","","","/","","","/","","",0,"8",.0,"8",.0,"8","","8",0,"8","","",.0,"8",.0,"8",.0,"8",.0,"8",.0,"8",.0,"8",.0,"8",.0,"8",.0,"8",0,"8",0,"8",0,"8","","",0,"8",0,"8"
"352190360","P£OCK","2006","03","04","03","4","",0,"8",0,"8","","","",5,"",0,"8",0,"8",8,"",60,"",1,"",0,"",-4.1,"",.0,"8","U","",4.1,"",90,"",-5.5,"",979.9,"",993.5,"",8,-2.1,"",.0,"8",0,"8","71","2","6","","5","","","2","","","/","","",0,"8",.0,"8",.0,"8","","8",0,"8","","",.0,"8",.0,"8",.0,"8",.0,"8",.0,"8",.0,"8",.0,"8",.0,"8",.0,"8",0,"8",0,"8",0,"8","","",0,"8",0,"8"
"352190360","P£OCK","2006","03","04","04","5","",0,"8",0,"8","","","",5,"",0,"8",0,"8",8,"",10,"",3,"",0,"",-4.8,"",.0,"8","U","",3.9,"",91,"",-6.0,"",979.6,"",993.3,"",6,-1.9,"",.0,"8",0,"8","71","7","6","","5","","","2","","","/","","",0,"8",.0,"8",.0,"8","","8",0,"8","","",.0,"8",.0,"8",.0,"8",.0,"8",.0,"8",.0,"8",.0,"8",.0,"8",.0,"8",0,"8",0,"8",0,"8","","",0,"8",0,"8"
"352190360","P£OCK","2006","03","04","05","6","",0,"8",0,"8","","","",5,"",0,"8",0,"8",8,"",20,"",3,"",0,"",-5.1,"",.0,"8","U","",3.8,"",91,"",-6.3,"",979.0,"",992.7,"",7,-1.7,"",.0,"8",0,"8","71","7","3","","5","","","7","","","/","","",0,"8",.0,"8",.0,"8","","8",0,"8","","",.0,"8",.0,"8",.0,"8",.0,"8",.0,"8",.0,"8",.0,"8",.0,"8",.0,"8",0,"8",0,"8",0,"8","","",0,"8",0,"8"
"352190360","P£OCK","2006","03","04","06","6","",0,"8",0,"8","","","",5,"",0,"8",0,"8",8,"",20,"",3,"",0,"",-5.0,"",.0,"8","U","",3.8,"",90,"",-6.4,"",979.4,"",993.1,"",5,-.5,"",.2,"",7,"","71","7","5","","5","","","7","","","/","","",18,"",.0,"8",.0,"8","","8",0,"8","","",.0,"8",.0,"8",.0,"8",.0,"8",.0,"8",.0,"8",.0,"8",.0,"8",.0,"8",0,"8",0,"8",0,"8","","",0,"8",0,"8"
"352190360","P£OCK","2006","03","04","07","4","",0,"8",0,"8","","","",5,"",0,"8",0,"8",8,"",10,"",3,"",0,"",-4.7,"",.0,"8","U","",3.9,"",90,"",-6.1,"",979.3,"",992.9,"",7,-.3,"",.0,"8",0,"8","85","8","8","","9","","","/","","","/","","",0,"8",.0,"8",.0,"8","","8",0,"8","","",.0,"8",.0,"8",.0,"8",.0,"8",.0,"8",.0,"8",.0,"8",.0,"8",.0,"8",0,"8",0,"8",0,"8","","",0,"8",0,"8"
"352190360","P£OCK","2006","03","04","08","4","",0,"8",0,"8","","","",5,"",0,"8",0,"8",8,"",320,"",2,"",0,"",-4.0,"",.0,"8","U","",4.1,"",89,"",-5.5,"",979.7,"",993.3,"",2,.7,"",.0,"8",0,"8","85","8","8","","9","","","/","","","/","","",0,"8",.0,"8",.0,"8","","8",0,"8","","",.0,"8",.0,"8",.0,"8",.0,"8",.0,"8",.0,"8",.0,"8",.0,"8",.0,"8",0,"8",0,"8",0,"8","","",0,"8",0,"8"
"352190360","P£OCK","2006","03","04","09","5","",0,"8",0,"8","","","",5,"",0,"8",0,"8",8,"",320,"",2,"",0,"",-3.2,"",.0,"8","U","",4.2,"",86,"",-5.2,"",980.4,"",994.0,"",3,1.0,"",.0,"8",0,"8","26","8","8","","9","","","/","","","/","","",0,"8",.0,"8",.0,"8","","8",0,"8","","",.0,"8",.0,"8",.0,"8",.0,"8",.0,"8",.0,"8",.0,"8",.0,"8",.0,"8",0,"8",0,"8",0,"8","","",0,"8",0,"8"
"352190360","P£OCK","2006","03","04","10","9","",0,"8",0,"8","","","",6,"",0,"8",0,"8",7,"",280,"",4,"",0,"",-1.4,"",.0,"8","U","",4.2,"",77,"",-4.9,"",981.3,"",994.8,"",3,2.0,"",.0,"8",0,"8","10","2","0","","0","","","0","","","8","","",0,"8",.0,"8",.0,"8","","8",0,"8","","",.0,"8",.0,"8",.0,"8",.0,"8",.0,"8",.0,"8",.0,"8",.0,"8",.0,"8",0,"8",0,"8",0,"8","","",0,"8",0,"8"
"352190360","P£OCK","2006","03","04","11","7","",0,"8",0,"8","","","",6,"",0,"8",0,"8",7,"",290,"",4,"",0,"",-.7,"",.0,"8","U","",3.8,"",66,"",-6.3,"",981.7,"",995.2,"",2,2.0,"",.0,"8",0,"8","05","2","2","","5","","","0","","","8","","",0,"8",.0,"8",.0,"8","","8",0,"8","","",.0,"8",.0,"8",.0,"8",.0,"8",.0,"8",.0,"8",.0,"8",.0,"8",.0,"8",0,"8",0,"8",0,"8","","",0,"8",0,"8"
"352190360","P£OCK","2006","03","04","12","7","",0,"8",0,"8","","","",7,"",0,"8",0,"8",5,"",280,"",4,"",0,"",.4,"",.0,"8","U","",3.5,"",56,"",-7.4,"",981.7,"",995.1,"",1,1.3,"",.2,"",7,"","03","8","3","","5","","","0","","","1","","",14,"",.0,"8",.0,"8","","8",0,"8","","",.0,"8",.0,"8",.0,"8",.0,"8",.0,"8",.0,"8",.0,"8",.0,"8",.0,"8",0,"8",0,"8",0,"8","","",0,"8",0,"8"
"352190360","P£OCK","2006","03","04","13","6","",0,"8",0,"8","","","",7,"",0,"8",0,"8",4,"",280,"",4,"",0,"",1.1,"",.0,"8","U","",3.5,"",53,"",-7.4,"",981.8,"",995.2,"",2,.5,"",.0,"8",0,"8","03","1","3","","2","","","0","","","1","","",0,"8",.0,"8",.0,"8","","8",0,"8","","",.0,"8",.0,"8",.0,"8",.0,"8",.0,"8",.0,"8",.0,"8",.0,"8",.0,"8",0,"8",0,"8",0,"8","","",0,"8",0,"8"
"352190360","P£OCK","2006","03","04","14","6","",0,"8",0,"8","","","",7,"",0,"8",0,"8",2,"",280,"",5,"",0,"",1.0,"",.0,"8","U","",3.6,"",55,"",-7.0,"",982.0,"",995.4,"",3,.3,"",.0,"8",0,"8","01","0","2","","2","","","0","","","0","","",0,"8",.0,"8",.0,"8","","8",0,"8","","",.0,"8",.0,"8",.0,"8",.0,"8",.0,"8",.0,"8",.0,"8",.0,"8",.0,"8",0,"8",0,"8",0,"8","","",0,"8",0,"8"
"352190360","P£OCK","2006","03","04","15","6","",0,"8",0,"8","","","",7,"",0,"8",0,"8",1,"",280,"",6,"",0,"",.5,"",.0,"8","U","",3.7,"",59,"",-6.6,"",982.5,"",995.9,"",3,.8,"",.0,"8",0,"8","01","1","1","","5","","","0","","","0","","",0,"8",.0,"8",.0,"8","","8",0,"8","","",.0,"8",.0,"8",.0,"8",.0,"8",.0,"8",.0,"8",.0,"8",.0,"8",.0,"8",0,"8",0,"8",0,"8","","",0,"8",0,"8"
"352190360","P£OCK","2006","03","04","16","6","",0,"8",0,"8","","","",7,"",0,"8",0,"8",3,"",280,"",5,"",0,"",.0,"",.0,"8","U","",3.8,"",62,"",-6.4,"",983.0,"",996.5,"",3,1.2,"",.0,"8",0,"8","03","0","3","","9","","","0","","","0","","",0,"8",.0,"8",.0,"8","","8",0,"8","","",.0,"8",.0,"8",.0,"8",.0,"8",.0,"8",.0,"8",.0,"8",.0,"8",.0,"8",0,"8",0,"8",0,"8","","",0,"8",0,"8"
"352190360","P£OCK","2006","03","04","17","6","",0,"8",0,"8","","","",7,"",0,"8",0,"8",1,"",290,"",4,"",0,"",-1.3,"",.0,"8","U","",3.8,"",68,"",-6.5,"",983.2,"",996.7,"",1,1.2,"",.0,"8",0,"8","01","0","1","","5","","","0","","","0","","",0,"8",.0,"8",.0,"8","","8",0,"8","","",.0,"8",.0,"8",.0,"8",.0,"8",.0,"8",.0,"8",.0,"8",.0,"8",.0,"8",0,"8",0,"8",0,"8","","",0,"8",0,"8"
"352190360","P£OCK","2006","03","04","18","9","",0,"8",0,"8","","","",7,"",0,"8",0,"8",0,"",260,"",1,"",0,"",-2.6,"",.0,"8","U","",3.7,"",74,"",-6.6,"",983.7,"",997.3,"",2,1.2,"",.0,"9",0,"9","01","1","0","","0","","","0","","","0","","",14,"",.0,"8",.0,"8","","8",0,"8","","",.0,"8",.0,"8",.0,"8",.0,"8",.0,"8",.0,"8",.0,"8",.0,"8",.0,"8",0,"8",0,"8",0,"8","","",0,"8",0,"8"
"352190360","P£OCK","2006","03","04","19","9","",0,"8",0,"8","","","",7,"",0,"8",0,"8",0,"",260,"",3,"",0,"",-2.7,"",.0,"8","U","",3.7,"",74,"",-6.7,"",983.9,"",997.5,"",2,.9,"",.0,"8",0,"8","02","0","0","","0","","","0","","","0","","",0,"8",.0,"8",.0,"8","","8",0,"8","","",.0,"8",.0,"8",.0,"8",.0,"8",.0,"8",.0,"8",.0,"8",.0,"8",.0,"8",0,"8",0,"8",0,"8","","",0,"8",0,"8"
"352190360","P£OCK","2006","03","04","20","9","",0,"8",0,"8","","","",6,"",0,"8",0,"8",0,"",310,"",2,"",0,"",-4.2,"",.0,"8","U","",3.6,"",81,"",-7.0,"",984.1,"",997.8,"",1,.9,"",.0,"8",0,"8","10","0","0","","0","","","0","","","0","","",0,"8",.0,"8",.0,"8","","8",0,"8","","",.0,"8",.0,"8",.0,"8",.0,"8",.0,"8",.0,"8",.0,"8",.0,"8",.0,"8",0,"8",0,"8",0,"8","","",0,"8",0,"8"
"352190360","P£OCK","2006","03","04","21","6","",0,"8",0,"8","","","",6,"",0,"8",0,"8",4,"",130,"",1,"",0,"",-6.6,"",.0,"8","U","",3.1,"",82,"",-9.2,"",984.5,"",998.3,"",3,.8,"",.0,"8",0,"8","10","0","4","","5","","","0","","","0","","",0,"8",.0,"8",.0,"8","","8",0,"8","","",.0,"8",.0,"8",.0,"8",.0,"8",.0,"8",.0,"8",.0,"8",.0,"8",.0,"8",0,"8",0,"8",0,"8","","",0,"8",0,"8"
"352190360","P£OCK","2006","03","04","22","9","",0,"8",0,"8","","","",5,"",0,"8",0,"8",0,"",110,"",1,"",0,"",-9.9,"",.0,"8","U","",2.5,"",85,"",-11.9,"",984.6,"",998.6,"",2,.7,"",.0,"8",0,"8","10","0","0","","0","","","0","","","0","","",0,"8",.0,"8",.0,"8","","8",0,"8","","",.0,"8",.0,"8",.0,"8",.0,"8",.0,"8",.0,"8",.0,"8",.0,"8",.0,"8",0,"8",0,"8",0,"8","","",0,"8",0,"8"
"352190360","P£OCK","2006","03","04","23","5","",0,"8",0,"8","","","",5,"",0,"8",0,"8",3,"",110,"",1,"",0,"",-10.0,"",.0,"8","U","",2.6,"",90,"",-11.3,"",985.0,"",999.0,"",2,.9,"",.0,"8",0,"8","10","0","2","","5","","","0","","","1","","",0,"8",.0,"8",.0,"8","","8",0,"8","","",.0,"8",.0,"8",.0,"8",.0,"8",.0,"8",.0,"8",.0,"8",.0,"8",.0,"8",0,"8",0,"8",0,"8","","",0,"8",0,"8"
"352190360","P£OCK","2006","03","05","00","5","",0,"8",0,"8","","","",4,"",0,"8",0,"8",4,"",120,"",1,"",0,"",-10.9,"",.0,"8","U","",2.4,"",90,"",-12.2,"",985.7,"",999.8,"",3,1.2,"",.0,"9",0,"9","10","0","3","","5","","","0","","","1","","",14,"",.0,"8",.0,"8","","8",0,"8","","",.0,"8",.0,"8",.0,"8",.0,"8",.0,"8",.0,"8",.0,"8",.0,"8",.0,"8",0,"8",0,"8",0,"8","","",0,"8",0,"8"
"352190360","P£OCK","2006","03","05","01","5","",0,"8",0,"8","","","",5,"",0,"8",0,"8",5,"",170,"",1,"",0,"",-7.8,"",.0,"8","U","",3.2,"",93,"",-8.7,"",985.7,"",999.6,"",1,1.1,"",.0,"8",0,"8","10","1","4","","5","","","0","","","1","","",0,"8",.0,"8",.0,"8","","8",0,"8","","",.0,"8",.0,"8",.0,"8",.0,"8",.0,"8",.0,"8",.0,"8",.0,"8",.0,"8",0,"8",0,"8",0,"8","","",0,"8",0,"8"
"352190360","P£OCK","2006","03","05","02","9","",0,"8",0,"8","","","",4,"",0,"8",0,"8",1,"",150,"",1,"",0,"",-11.7,"",.0,"8","U","",2.2,"",87,"",-13.4,"",985.5,"",999.6,"",0,.5,"",.0,"8",0,"8","10","1","0","","0","","","0","","","1","","",0,"8",.0,"8",.0,"8","","8",0,"8","","",.0,"8",.0,"8",.0,"8",.0,"8",.0,"8",.0,"8",.0,"8",.0,"8",.0,"8",0,"8",0,"8",0,"8","","",0,"8",0,"8"
"352190360","P£OCK","2006","03","05","03","5","",0,"8",0,"8","","","",4,"",0,"8",0,"8",4,"",130,"",1,"",0,"",-12.1,"",.0,"8","U","",2.1,"",88,"",-13.7,"",985.6,"",999.7,"",5,-.1,"",.0,"8",0,"8","10","1","3","","5","","","0","","","1","","",0,"8",.0,"8",.0,"8","","8",0,"8","","",.0,"8",.0,"8",.0,"8",.0,"8",.0,"8",.0,"8",.0,"8",.0,"8",.0,"8",0,"8",0,"8",0,"8","","",0,"8",0,"8"
"352190360","P£OCK","2006","03","05","04","1","",0,"8",0,"8","","","",3,"",0,"8",0,"8",8,"",120,"",1,"",0,"",-14.1,"",.0,"8","U","",1.8,"",87,"",-15.8,"",986.1,"",1000.3,"",3,.4,"",.0,"8",0,"8","48","1","8","","6","","","/","","","/","","",0,"8",.0,"8",.0,"8","","8",0,"8","","",.0,"8",.0,"8",.0,"8",.0,"8",.0,"8",.0,"8",.0,"8",.0,"8",.0,"8",0,"8",0,"8",0,"8","","",0,"8",0,"8"
"352190360","P£OCK","2006","03","05","05","1","",0,"8",0,"8","","","",3,"",0,"8",0,"8",8,"",100,"",2,"",0,"",-13.5,"",.0,"8","U","",1.9,"",89,"",-14.9,"",986.1,"",1000.3,"",1,.6,"",.0,"8",0,"8","48","4","8","","6","","","/","","","/","","",0,"8",.0,"8",.0,"8","","8",0,"8","","",.0,"8",.0,"8",.0,"8",.0,"8",.0,"8",.0,"8",.0,"8",.0,"8",.0,"8",0,"8",0,"8",0,"8","","",0,"8",0,"8"
"352190360","P£OCK","2006","03","05","06","9","",0,"8",0,"8","","","",3,"",0,"8",0,"8",7,"",120,"",2,"",0,"",-11.7,"",.0,"8","U","",2.3,"",90,"",-13.0,"",986.3,"",1000.4,"",2,.7,"",.0,"9",0,"9","48","1","0","","0","","","0","","","8","","",14,"",.0,"8",.0,"8","","8",0,"8","","",.0,"8",.0,"8",.0,"8",.0,"8",.0,"8",.0,"8",.0,"8",.0,"8",.0,"8",0,"8",0,"8",0,"8","","",0,"8",0,"8"
"352190360","P£OCK","2006","03","05","07","9","",0,"8",0,"8","","","",5,"",0,"8",0,"8",3,"",140,"",2,"",0,"",-9.9,"",.0,"8","U","",2.6,"",90,"",-11.2,"",986.9,"",1000.9,"",3,.8,"",.0,"8",0,"8","28","1","0","","0","","","0","","","8","","",0,"8",.0,"8",.0,"8","","8",0,"8","","",.0,"8",.0,"8",.0,"8",.0,"8",.0,"8",.0,"8",.0,"8",.0,"8",.0,"8",0,"8",0,"8",0,"8","","",0,"8",0,"8"
"352190360","P£OCK","2006","03","05","08","9","",0,"8",0,"8","","","",5,"",0,"8",0,"8",3,"",130,"",2,"",0,"",-8.5,"",.0,"8","U","",2.9,"",91,"",-9.7,"",987.1,"",1001.1,"",2,1.0,"",.0,"8",0,"8","10","0","0","","0","","","0","","","8","","",0,"8",.0,"8",.0,"8","","8",0,"8","","",.0,"8",.0,"8",.0,"8",.0,"8",.0,"8",.0,"8",.0,"8",.0,"8",.0,"8",0,"8",0,"8",0,"8","","",0,"8",0,"8"
"352190360","P£OCK","2006","03","05","09","9","",0,"8",0,"8","","","",5,"",0,"8",0,"8",3,"",150,"",2,"",0,"",-5.3,"",.0,"8","U","",3.6,"",87,"",-7.1,"",987.4,"",1001.2,"",2,1.1,"",.0,"8",0,"8","10","4","0","","0","","","0","","","8","","",0,"8",.0,"8",.0,"8","","8",0,"8","","",.0,"8",.0,"8",.0,"8",.0,"8",.0,"8",.0,"8",.0,"8",.0,"8",.0,"8",0,"8",0,"8",0,"8","","",0,"8",0,"8"
"352190360","P£OCK","2006","03","05","10","9","",0,"8",0,"8","","","",6,"",0,"8",0,"8",7,"",200,"",4,"",0,"",-.8,"",.0,"8","U","",3.9,"",68,"",-6.0,"",987.5,"",1001.1,"",2,.6,"",.0,"8",0,"8","10","1","0","","0","","","0","","","6","","",0,"8",.0,"8",.0,"8","","8",0,"8","","",.0,"8",.0,"8",.0,"8",.0,"8",.0,"8",.0,"8",.0,"8",.0,"8",.0,"8",0,"8",0,"8",0,"8","","",0,"8",0,"8"
"352190360","P£OCK","2006","03","05","11","9","",0,"8",0,"8","","","",8,"",0,"8",0,"8",7,"",230,"",6,"",0,"",.0,"",.0,"8","U","",3.6,"",59,"",-7.1,"",987.3,"",1000.8,"",0,.2,"",.0,"8",0,"8","02","2","0","","0","","","0","","","8","","",0,"8",.0,"8",.0,"8","","8",0,"8","","",.0,"8",.0,"8",.0,"8",.0,"8",.0,"8",.0,"8",.0,"8",.0,"8",.0,"8",0,"8",0,"8",0,"8","","",0,"8",0,"8"
"352190360","P£OCK","2006","03","05","12","6","",0,"8",0,"8","","","",8,"",0,"8",0,"8",7,"",230,"",7,"",0,"",.5,"",.0,"8","U","",3.6,"",57,"",-7.0,"",987.5,"",1001.0,"",2,.1,"",.0,"9",0,"9","03","4","1","","1","","","0","","","8","","",14,"",.0,"8",.0,"8","","8",0,"8","","",.0,"8",.0,"8",.0,"8",.0,"8",.0,"8",.0,"8",.0,"8",.0,"8",.0,"8",0,"8",0,"8",0,"8","","",0,"8",0,"8"
"352190360","P£OCK","2006","03","05","13","6","",0,"8",0,"8","","","",7,"",0,"8",0,"8",8,"",220,"",6,"",0,"",.4,"",.0,"8","U","",4.0,"",63,"",-5.8,"",987.6,"",1001.1,"",3,.1,"",.0,"8",0,"8","03","2","2","","2","","","0","","","7","","",0,"8",.0,"8",.0,"8","","8",0,"8","","",.0,"8",.0,"8",.0,"8",.0,"8",.0,"8",.0,"8",.0,"8",.0,"8",.0,"8",0,"8",0,"8",0,"8","","",0,"8",0,"8"
"352190360","P£OCK","2006","03","05","14","6","",0,"8",0,"8","","","",7,"",0,"8",0,"8",8,"",230,"",5,"",0,"",.5,"",.0,"8","U","",4.2,"",66,"",-5.1,"",987.8,"",1001.3,"",2,.5,"",.0,"8",0,"8","03","2","4","","2","","","0","","","7","","",0,"8",.0,"8",.0,"8","","8",0,"8","","",.0,"8",.0,"8",.0,"8",.0,"8",.0,"8",.0,"8",.0,"8",.0,"8",.0,"8",0,"8",0,"8",0,"8","","",0,"8",0,"8"
"352190360","P£OCK","2006","03","05","15","5","",0,"8",0,"8","","","",7,"",0,"8",0,"8",7,"",230,"",7,"",0,"",.3,"",.0,"8","U","",4.1,"",66,"",-5.3,"",988.3,"",1001.8,"",3,.8,"",.0,"8",0,"8","03","2","5","","2","","","0","","","8","","",0,"8",.0,"8",.0,"8","","8",0,"8","","",.0,"8",.0,"8",.0,"8",.0,"8",.0,"8",.0,"8",.0,"8",.0,"8",.0,"8",0,"8",0,"8",0,"8","","",0,"8",0,"8"
"352190360","P£OCK","2006","03","05","16","5","",0,"8",0,"8","","","",7,"",0,"8",0,"8",7,"",230,"",6,"",0,"",-.8,"",.0,"8","U","",3.9,"",68,"",-6.0,"",989.1,"",1002.7,"",3,1.5,"",.0,"8",0,"8","01","2","2","","1","","","0","","","8","","",0,"8",.0,"8",.0,"8","","8",0,"8","","",.0,"8",.0,"8",.0,"8",.0,"8",.0,"8",.0,"8",.0,"8",.0,"8",.0,"8",0,"8",0,"8",0,"8","","",0,"8",0,"8"
"352190360","P£OCK","2006","03","05","17","9","",0,"8",0,"8","","","",6,"",0,"8",0,"8",5,"",200,"",3,"",0,"",-2.4,"",.0,"8","U","",3.7,"",73,"",-6.6,"",989.7,"",1003.4,"",2,1.9,"",.0,"8",0,"8","10","2","0","","0","","","0","","","8","","",0,"8",.0,"8",.0,"8","","8",0,"8","","",.0,"8",.0,"8",.0,"8",.0,"8",.0,"8",.0,"8",.0,"8",.0,"8",.0,"8",0,"8",0,"8",0,"8","","",0,"8",0,"8"
"352190360","P£OCK","2006","03","05","18","9","",0,"8",0,"8","","","",6,"",0,"8",0,"8",2,"",200,"",3,"",0,"",-2.3,"",.0,"8","U","",3.8,"",73,"",-6.5,"",990.1,"",1003.8,"",1,1.8,"",.0,"9",0,"9","10","1","0","","0","","","0","","","1","","",14,"",.0,"8",.0,"8","","8",0,"8","","",.0,"8",.0,"8",.0,"8",.0,"8",.0,"8",.0,"8",.0,"8",.0,"8",.0,"8",0,"8",0,"8",0,"8","","",0,"8",0,"8"
"352190360","P£OCK","2006","03","05","19","9","",0,"8",0,"8","","","",6,"",0,"8",0,"8",0,"",200,"",2,"",0,"",-3.7,"",.0,"8","U","",3.6,"",77,"",-7.1,"",990.4,"",1004.2,"",1,1.3,"",.0,"8",0,"8","10","0","0","","0","","","0","","","0","","",0,"8",.0,"8",.0,"8","","8",0,"8","","",.0,"8",.0,"8",.0,"8",.0,"8",.0,"8",.0,"8",.0,"8",.0,"8",.0,"8",0,"8",0,"8",0,"8","","",0,"8",0,"8"
"352190360","P£OCK","2006","03","05","20","9","",0,"8",0,"8","","","",6,"",0,"8",0,"8",0,"",180,"",2,"",0,"",-5.0,"",.0,"8","U","",3.3,"",77,"",-8.4,"",990.3,"",1004.1,"",0,.6,"",.0,"8",0,"8","10","0","0","","0","","","0","","","0","","",0,"8",.0,"8",.0,"8","","8",0,"8","","",.0,"8",.0,"8",.0,"8",.0,"8",.0,"8",.0,"8",.0,"8",.0,"8",.0,"8",0,"8",0,"8",0,"8","","",0,"8",0,"8"
"352190360","P£OCK","2006","03","05","21","9","",0,"8",0,"8","","","",6,"",0,"8",0,"8",0,"",180,"",2,"",0,"",-4.5,"",.0,"8","U","",3.5,"",80,"",-7.4,"",990.7,"",1004.5,"",2,.6,"",.0,"8",0,"8","10","0","0","","0","","","0","","","0","","",0,"8",.0,"8",.0,"8","","8",0,"8","","",.0,"8",.0,"8",.0,"8",.0,"8",.0,"8",.0,"8",.0,"8",.0,"8",.0,"8",0,"8",0,"8",0,"8","","",0,"8",0,"8"
"352190360","P£OCK","2006","03","05","22","7","",0,"8",0,"8","","","",6,"",0,"8",0,"8",7,"",190,"",3,"",0,"",-3.6,"",.0,"8","U","",3.7,"",78,"",-6.9,"",990.6,"",1004.3,"",0,.2,"",.0,"8",0,"8","10","1","7","","5","","","/","","","/","","",0,"8",.0,"8",.0,"8","","8",0,"8","","",.0,"8",.0,"8",.0,"8",.0,"8",.0,"8",.0,"8",.0,"8",.0,"8",.0,"8",0,"8",0,"8",0,"8","","",0,"8",0,"8"
"352190360","P£OCK","2006","03","05","23","6","",0,"8",0,"8","","","",6,"",0,"8",0,"8",2,"",190,"",4,"",0,"",-3.7,"",.0,"8","U","",3.6,"",78,"",-7.0,"",990.8,"",1004.6,"",2,.5,"",.0,"8",0,"8","10","1","2","","5","","","0","","","0","","",0,"8",.0,"8",.0,"8","","8",0,"8","","",.0,"8",.0,"8",.0,"8",.0,"8",.0,"8",.0,"8",.0,"8",.0,"8",.0,"8",0,"8",0,"8",0,"8","","",0,"8",0,"8"
"352190360","P£OCK","2006","03","06","00","9","",0,"8",0,"8","","","",6,"",0,"8",0,"8",0,"",180,"",3,"",0,"",-4.4,"",.0,"8","U","",3.4,"",77,"",-7.8,"",990.9,"",1004.7,"",3,.2,"",.0,"9",0,"9","10","1","0","","0","","","0","","","0","","",14,"",.0,"8",.0,"8","","8",0,"8","","",.0,"8",.0,"8",.0,"8",.0,"8",.0,"8",.0,"8",.0,"8",.0,"8",.0,"8",0,"8",0,"8",0,"8","","",0,"8",0,"8"
"352190360","P£OCK","2006","03","06","01","9","",0,"8",0,"8","","","",7,"",0,"8",0,"8",0,"",210,"",3,"",0,"",-4.9,"",.0,"8","U","",3.2,"",76,"",-8.5,"",990.7,"",1004.5,"",0,.1,"",.0,"8",0,"8","02","0","0","","0","","","0","","","0","","",0,"8",.0,"8",.0,"8","","8",0,"8","","",.0,"8",.0,"8",.0,"8",.0,"8",.0,"8",.0,"8",.0,"8",.0,"8",.0,"8",0,"8",0,"8",0,"8","","",0,"8",0,"8"
"352190360","P£OCK","2006","03","06","02","4","",0,"8",0,"8","","","",6,"",0,"8",0,"8",7,"",230,"",4,"",0,"",-3.1,"",.0,"8","U","",3.7,"",75,"",-6.9,"",990.4,"",1004.1,"",8,-.4,"",.0,"8",0,"8","85","1","7","","9","","","/","","","/","","",0,"8",.0,"8",.0,"8","","8",0,"8","","",.0,"8",.0,"8",.0,"8",.0,"8",.0,"8",.0,"8",.0,"8",.0,"8",.0,"8",0,"8",0,"8",0,"8","","",0,"8",0,"8"
"352190360","P£OCK","2006","03","06","03","6","",0,"8",0,"8","","","",6,"",0,"8",0,"8",7,"",220,"",4,"",0,"",-2.9,"",.0,"8","U","",4.0,"",81,"",-5.7,"",990.3,"",1004.0,"",7,-.6,"",.0,"8",0,"8","85","1","7","","9","","","/","","","/","","",0,"8",.0,"8",.0,"8","","8",0,"8","","",.0,"8",.0,"8",.0,"8",.0,"8",.0,"8",.0,"8",.0,"8",.0,"8",.0,"8",0,"8",0,"8",0,"8","","",0,"8",0,"8"
"352190360","P£OCK","2006","03","06","04","5","",0,"8",0,"8","","","",6,"",0,"8",0,"8",7,"",220,"",4,"",0,"",-2.6,"",.0,"8","U","",4.1,"",82,"",-5.3,"",990.4,"",1004.1,"",5,-.3,"",.0,"8",0,"8","85","8","7","","9","","","/","","","/","","",0,"8",.0,"8",.0,"8","","8",0,"8","","",.0,"8",.0,"8",.0,"8",.0,"8",.0,"8",.0,"8",.0,"8",.0,"8",.0,"8",0,"8",0,"8",0,"8","","",0,"8",0,"8"
"352190360","P£OCK","2006","03","06","05","3","",0,"8",0,"8","","","",6,"",0,"8",0,"8",8,"",250,"",4,"",0,"",-2.4,"",.0,"8","U","",4.8,"",93,"",-3.4,"",990.9,"",1004.6,"",3,.5,"",.0,"8",0,"8","85","8","8","","9","","","/","","","/","","",0,"8",.0,"8",.0,"8","","8",0,"8","","",.0,"8",.0,"8",.0,"8",.0,"8",.0,"8",.0,"8",.0,"8",.0,"8",.0,"8",0,"8",0,"8",0,"8","","",0,"8",0,"8"
"352190360","P£OCK","2006","03","06","06","3","",0,"8",0,"8","","","",5,"",0,"8",0,"8",8,"",320,"",5,"",0,"",-3.1,"",.0,"8","U","",4.3,"",88,"",-4.8,"",992.0,"",1005.7,"",3,1.7,"",.4,"",7,"","71","8","4","","7","","","2","","","/","","",18,"",.0,"8",.0,"8","","8",0,"8","","",.0,"8",.0,"8",.0,"8",.0,"8",.0,"8",.0,"8",.0,"8",.0,"8",.0,"8",0,"8",0,"8",0,"8","","",0,"8",0,"8"
"352190360","P£OCK","2006","03","06","07","5","",0,"8",0,"8","","","",7,"",0,"8",0,"8",8,"",310,"",5,"",0,"",-3.8,"",.0,"8","U","",3.8,"",82,"",-6.4,"",993.5,"",1007.3,"",3,3.1,"",.0,"8",0,"8","22","7","8","","5","","","/","","","/","","",0,"8",.0,"8",.0,"8","","8",0,"8","","",.0,"8",.0,"8",.0,"8",.0,"8",.0,"8",.0,"8",.0,"8",.0,"8",.0,"8",0,"8",0,"8",0,"8","","",0,"8",0,"8"
"352190360","P£OCK","2006","03","06","08","5","",0,"8",0,"8","","","",8,"",0,"8",0,"8",2,"",300,"",4,"",0,"",-4.6,"",.0,"8","U","",3.3,"",76,"",-8.2,"",994.8,"",1008.7,"",2,3.9,"",.0,"8",0,"8","01","1","1","","5","","","3","","","0","","",0,"8",.0,"8",.0,"8","","8",0,"8","","",.0,"8",.0,"8",.0,"8",.0,"8",.0,"8",.0,"8",.0,"8",.0,"8",.0,"8",0,"8",0,"8",0,"8","","",0,"8",0,"8"
"352190360","P£OCK","2006","03","06","09","5","",0,"8",0,"8","","","",8,"",0,"8",0,"8",2,"",290,"",6,"",0,"",-4.0,"",.0,"8","U","",2.9,"",64,"",-9.8,"",995.4,"",1009.2,"",1,3.4,"",.0,"8",0,"8","02","7","1","","5","","","3","","","0","","",0,"8",.0,"8",.0,"8","","8",0,"8","","",.0,"8",.0,"8",.0,"8",.0,"8",.0,"8",.0,"8",.0,"8",.0,"8",.0,"8",0,"8",0,"8",0,"8","","",0,"8",0,"8"
"352190360","P£OCK","2006","03","06","10","5","",0,"8",0,"8","","","",7,"",0,"8",0,"8",7,"",270,"",6,"",0,"",-3.5,"",.0,"8","U","",3.2,"",67,"",-8.8,"",996.0,"",1009.8,"",1,2.5,"",.0,"8",0,"8","03","1","7","","5","","","/","","","/","","",0,"8",.0,"8",.0,"8","","8",0,"8","","",.0,"8",.0,"8",.0,"8",.0,"8",.0,"8",.0,"8",.0,"8",.0,"8",.0,"8",0,"8",0,"8",0,"8","","",0,"8",0,"8"
"352190360","P£OCK","2006","03","06","11","5","",0,"8",0,"8","","","",8,"",0,"8",0,"8",7,"",280,"",5,"",0,"",-2.9,"",.0,"8","U","",3.4,"",69,"",-7.8,"",996.5,"",1010.3,"",2,1.7,"",.0,"8",0,"8","02","2","7","","5","","","/","","","/","","",0,"8",.0,"8",.0,"8","","8",0,"8","","",.0,"8",.0,"8",.0,"8",.0,"8",.0,"8",.0,"8",.0,"8",.0,"8",.0,"8",0,"8",0,"8",0,"8","","",0,"8",0,"8"
"352190360","P£OCK","2006","03","06","12","5","",0,"8",0,"8","","","",8,"",0,"8",0,"8",8,"",270,"",5,"",0,"",-3.1,"",.0,"8","U","",3.3,"",68,"",-8.2,"",996.9,"",1010.7,"",1,1.5,"",.0,"",7,"","03","7","8","","5","","","/","","","/","","",18,"",.0,"8",.0,"8","","8",0,"8","","",.0,"8",.0,"8",.0,"8",.0,"8",.0,"8",.0,"8",.0,"8",.0,"8",.0,"8",0,"8",0,"8",0,"8","","",0,"8",0,"8"
"352190360","P£OCK","2006","03","06","13","5","",0,"8",0,"8","","","",8,"",0,"8",0,"8",7,"",290,"",4,"",0,"",-2.8,"",.0,"8","U","",3.3,"",66,"",-8.3,"",997.4,"",1011.2,"",2,1.4,"",.0,"8",0,"8","01","2","7","","5","","","/","","","/","","",0,"8",.0,"8",.0,"8","","8",0,"8","","",.0,"8",.0,"8",.0,"8",.0,"8",.0,"8",.0,"8",.0,"8",.0,"8",.0,"8",0,"8",0,"8",0,"8","","",0,"8",0,"8"
"352190360","P£OCK","2006","03","06","14","5","",0,"8",0,"8","","","",8,"",0,"8",0,"8",7,"",300,"",3,"",0,"",-2.4,"",.0,"8","U","",3.3,"",65,"",-8.1,"",997.5,"",1011.3,"",2,1.0,"",.0,"8",0,"8","02","2","7","","5","","","/","","","/","","",0,"8",.0,"8",.0,"8","","8",0,"8","","",.0,"8",.0,"8",.0,"8",.0,"8",.0,"8",.0,"8",.0,"8",.0,"8",.0,"8",0,"8",0,"8",0,"8","","",0,"8",0,"8"
"352190360","P£OCK","2006","03","06","15","5","",0,"8",0,"8","","","",7,"",0,"8",0,"8",2,"",300,"",2,"",0,"",-3.0,"",.0,"8","U","",3.2,"",65,"",-8.7,"",997.5,"",1011.3,"",1,.6,"",.0,"8",0,"8","01","1","2","","5","","","0","","","0","","",0,"8",.0,"8",.0,"8","","8",0,"8","","",.0,"8",.0,"8",.0,"8",.0,"8",.0,"8",.0,"8",.0,"8",.0,"8",.0,"8",0,"8",0,"8",0,"8","","",0,"8",0,"8"
"352190360","P£OCK","2006","03","06","16","5","",0,"8",0,"8","","","",7,"",0,"8",0,"8",2,"",310,"",2,"",0,"",-3.9,"",.0,"8","U","",2.9,"",63,"",-9.9,"",997.8,"",1011.7,"",2,.4,"",.0,"8",0,"8","02","0","2","","5","","","0","","","0","","",0,"8",.0,"8",.0,"8","","8",0,"8","","",.0,"8",.0,"8",.0,"8",.0,"8",.0,"8",.0,"8",.0,"8",.0,"8",.0,"8",0,"8",0,"8",0,"8","","",0,"8",0,"8"
"352190360","P£OCK","2006","03","06","17","5","",0,"8",0,"8","","","",7,"",0,"8",0,"8",2,"",50,"",1,"",0,"",-6.3,"",.0,"8","U","",3.0,"",78,"",-9.5,"",998.4,"",1012.4,"",3,.9,"",.0,"8",0,"8","01","0","1","","5","","","3","","","0","","",0,"8",.0,"8",.0,"8","","8",0,"8","","",.0,"8",.0,"8",.0,"8",.0,"8",.0,"8",.0,"8",.0,"8",.0,"8",.0,"8",0,"8",0,"8",0,"8","","",0,"8",0,"8"
"352190360","P£OCK","2006","03","06","18","9","",0,"8",0,"8","","","",6,"",0,"8",0,"8",0,"",90,"",1,"",0,"",-9.2,"",.0,"8","U","",2.5,"",81,"",-11.9,"",998.8,"",1013.0,"",2,1.3,"",.0,"9",0,"9","10","1","0","","0","","","0","","","0","","",18,"",.0,"8",.0,"8","","8",0,"8","","",.0,"8",.0,"8",.0,"8",.0,"8",.0,"8",.0,"8",.0,"8",.0,"8",.0,"8",0,"8",0,"8",0,"8","","",0,"8",0,"8"
"352190360","P£OCK","2006","03","06","19","9","",0,"8",0,"8","","","",6,"",0,"8",0,"8",0,"",120,"",1,"",0,"",-13.0,"",.0,"8","U","",1.8,"",81,"",-15.6,"",999.2,"",1013.6,"",1,1.4,"",.0,"8",0,"8","10","0","0","","0","","","0","","","0","","",0,"8",.0,"8",.0,"8","","8",0,"8","","",.0,"8",.0,"8",.0,"8",.0,"8",.0,"8",.0,"8",.0,"8",.0,"8",.0,"8",0,"8",0,"8",0,"8","","",0,"8",0,"8"
"352190360","P£OCK","2006","03","06","20","5","",0,"8",0,"8","","","",5,"",0,"8",0,"8",5,"",100,"",2,"",0,"",-13.2,"",.0,"8","U","",1.9,"",87,"",-14.9,"",999.4,"",1013.8,"",1,1.0,"",.0,"8",0,"8","10","1","5","","5","","","0","","","0","","",0,"8",.0,"8",.0,"8","","8",0,"8","","",.0,"8",.0,"8",.0,"8",.0,"8",.0,"8",.0,"8",.0,"8",.0,"8",.0,"8",0,"8",0,"8",0,"8","","",0,"8",0,"8"
"352190360","P£OCK","2006","03","06","21","5","",0,"8",0,"8","","","",5,"",0,"8",0,"8",2,"",80,"",1,"",0,"",-13.4,"",.0,"8","U","",1.9,"",87,"",-15.1,"",999.9,"",1014.3,"",2,1.1,"",.0,"8",0,"8","10","1","2","","5","","","0","","","0","","",0,"8",.0,"8",.0,"8","","8",0,"8","","",.0,"8",.0,"8",.0,"8",.0,"8",.0,"8",.0,"8",.0,"8",.0,"8",.0,"8",0,"8",0,"8",0,"8","","",0,"8",0,"8"
"352190360","P£OCK","2006","03","06","22","9","",0,"8",0,"8","","","",5,"",0,"8",0,"8",0,"",80,"",2,"",0,"",-15.0,"",.0,"8","U","",1.7,"",86,"",-16.8,"",1000.0,"",1014.5,"",2,.8,"",.0,"8",0,"8","10","0","0","","0","","","0","","","0","","",0,"8",.0,"8",.0,"8","","8",0,"8","","",.0,"8",.0,"8",.0,"8",.0,"8",.0,"8",.0,"8",.0,"8",.0,"8",.0,"8",0,"8",0,"8",0,"8","","",0,"8",0,"8"
"352190360","P£OCK","2006","03","06","23","9","",0,"8",0,"8","","","",5,"",0,"8",0,"8",0,"",110,"",2,"",0,"",-14.0,"",.0,"8","U","",1.8,"",88,"",-15.6,"",1000.1,"",1014.5,"",1,.7,"",.0,"8",0,"8","10","0","0","","0","","","0","","","0","","",0,"8",.0,"8",.0,"8","","8",0,"8","","",.0,"8",.0,"8",.0,"8",.0,"8",.0,"8",.0,"8",.0,"8",.0,"8",.0,"8",0,"8",0,"8",0,"8","","",0,"8",0,"8"
"352190360","P£OCK","2006","03","07","00","9","",0,"8",0,"8","","","",5,"",0,"8",0,"8",0,"",0,"",0,"",0,"",-14.8,"",.0,"8","U","",1.7,"",86,"",-16.6,"",1000.2,"",1014.7,"",2,.3,"",.0,"9",0,"9","10","1","0","","0","","","0","","","0","","",18,"",.0,"8",.0,"8","","8",0,"8","","",.0,"8",.0,"8",.0,"8",.0,"8",.0,"8",.0,"8",.0,"8",.0,"8",.0,"8",0,"8",0,"8",0,"8","","",0,"8",0,"8"
"352190360","P£OCK","2006","03","07","01","9","",0,"8",0,"8","","","",5,"",0,"8",0,"8",0,"",70,"",2,"",0,"",-16.5,"",.0,"8","U","",1.4,"",83,"",-18.7,"",1000.3,"",1014.9,"",2,.3,"",.0,"8",0,"8","10","0","0","","0","","","0","","","0","","",0,"8",.0,"8",.0,"8","","8",0,"8","","",.0,"8",.0,"8",.0,"8",.0,"8",.0,"8",.0,"8",.0,"8",.0,"8",.0,"8",0,"8",0,"8",0,"8","","",0,"8",0,"8"
"352190360","P£OCK","2006","03","07","02","9","",0,"8",0,"8","","","",5,"",0,"8",0,"8",0,"",140,"",1,"",0,"",-15.4,"",.0,"8","U","",1.6,"",85,"",-17.4,"",1000.4,"",1014.9,"",2,.3,"",.0,"8",0,"8","10","0","0","","0","","","0","","","0","","",0,"8",.0,"8",.0,"8","","8",0,"8","","",.0,"8",.0,"8",.0,"8",.0,"8",.0,"8",.0,"8",.0,"8",.0,"8",.0,"8",0,"8",0,"8",0,"8","","",0,"8",0,"8"
"352190360","P£OCK","2006","03","07","03","9","",0,"8",0,"8","","","",5,"",0,"8",0,"8",2,"",140,"",2,"",0,"",-14.5,"",.0,"8","U","",1.7,"",87,"",-16.2,"",1000.6,"",1015.1,"",2,.4,"",.0,"8",0,"8","10","0","2","","0","","","3","","","0","","",0,"8",.0,"8",.0,"8","","8",0,"8","","",.0,"8",.0,"8",.0,"8",.0,"8",.0,"8",.0,"8",.0,"8",.0,"8",.0,"8",0,"8",0,"8",0,"8","","",0,"8",0,"8"
"352190360","P£OCK","2006","03","07","04","9","",0,"8",0,"8","","","",5,"",0,"8",0,"8",1,"",70,"",1,"",0,"",-15.2,"",.0,"8","U","",1.6,"",86,"",-17.0,"",1001.1,"",1015.6,"",3,.8,"",.0,"8",0,"8","10","0","1","","0","","","3","","","0","","",0,"8",.0,"8",.0,"8","","8",0,"8","","",.0,"8",.0,"8",.0,"8",.0,"8",.0,"8",.0,"8",.0,"8",.0,"8",.0,"8",0,"8",0,"8",0,"8","","",0,"8",0,"8"
"352190360","P£OCK","2006","03","07","05","9","",0,"8",0,"8","","","",5,"",0,"8",0,"8",2,"",50,"",1,"",0,"",-15.7,"",.0,"8","U","",1.5,"",85,"",-17.6,"",1001.3,"",1015.9,"",2,.9,"",.0,"8",0,"8","10","0","1","","0","","","3","","","1","","",0,"8",.0,"8",.0,"8","","8",0,"8","","",.0,"8",.0,"8",.0,"8",.0,"8",.0,"8",.0,"8",.0,"8",.0,"8",.0,"8",0,"8",0,"8",0,"8","","",0,"8",0,"8"
"352190360","P£OCK","2006","03","07","06","9","",0,"8",0,"8","","","",6,"",0,"8",0,"8",2,"",50,"",2,"",0,"",-17.1,"",.0,"8","U","",1.3,"",83,"",-19.3,"",1001.6,"",1016.2,"",2,1.0,"",.0,"9",0,"9","10","0","1","","0","","","3","","","1","","",14,"",.0,"8",.0,"8","","8",0,"8","","",.0,"8",.0,"8",.0,"8",.0,"8",.0,"8",.0,"8",.0,"8",.0,"8",.0,"8",0,"8",0,"8",0,"8","","",0,"8",0,"8"
"352190360","P£OCK","2006","03","07","07","9","",0,"8",0,"8","","","",5,"",0,"8",0,"8",4,"",50,"",1,"",0,"",-14.7,"",.0,"8","U","",1.7,"",86,"",-16.5,"",1002.4,"",1016.9,"",3,1.3,"",.0,"8",0,"8","10","0","1","","0","","","3","","","6","","",0,"8",.0,"8",.0,"8","","8",0,"8","","",.0,"8",.0,"8",.0,"8",.0,"8",.0,"8",.0,"8",.0,"8",.0,"8",.0,"8",0,"8",0,"8",0,"8","","",0,"8",0,"8"
"352190360","P£OCK","2006","03","07","08","5","",0,"8",0,"8","","","",5,"",0,"8",0,"8",7,"",90,"",1,"",0,"",-10.1,"",.0,"8","U","",2.6,"",91,"",-11.3,"",1002.9,"",1017.2,"",2,1.6,"",.0,"8",0,"8","10","1","7","","5","","","/","","","/","","",0,"8",.0,"8",.0,"8","","8",0,"8","","",.0,"8",.0,"8",.0,"8",.0,"8",.0,"8",.0,"8",.0,"8",.0,"8",.0,"8",0,"8",0,"8",0,"8","","",0,"8",0,"8"
"352190360","P£OCK","2006","03","07","09","5","",0,"8",0,"8","","","",5,"",0,"8",0,"8",7,"",60,"",2,"",0,"",-7.7,"",.0,"8","U","",3.1,"",89,"",-9.2,"",1003.2,"",1017.3,"",1,1.6,"",.0,"8",0,"8","85","1","7","","9","","","/","","","/","","",0,"8",.0,"8",.0,"8","","8",0,"8","","",.0,"8",.0,"8",.0,"8",.0,"8",.0,"8",.0,"8",.0,"8",.0,"8",.0,"8",0,"8",0,"8",0,"8","","",0,"8",0,"8"
"352190360","P£OCK","2006","03","07","10","5","",0,"8",0,"8","","","",6,"",0,"8",0,"8",6,"",100,"",2,"",0,"",-5.3,"",.0,"8","U","",3.1,"",75,"",-9.0,"",1003.3,"",1017.3,"",1,.9,"",.0,"8",0,"8","10","2","1","","5","","","3","","","8","","",0,"8",.0,"8",.0,"8","","8",0,"8","","",.0,"8",.0,"8",.0,"8",.0,"8",.0,"8",.0,"8",.0,"8",.0,"8",.0,"8",0,"8",0,"8",0,"8","","",0,"8",0,"8"
"352190360","P£OCK","2006","03","07","11","5","",0,"8",0,"8","","","",7,"",0,"8",0,"8",2,"",80,"",2,"",0,"",-3.9,"",.0,"8","U","",3.0,"",66,"",-9.3,"",1003.4,"",1017.3,"",1,.5,"",.0,"8",0,"8","03","1","1","","1","","","0","","","1","","",0,"8",.0,"8",.0,"8","","8",0,"8","","",.0,"8",.0,"8",.0,"8",.0,"8",.0,"8",.0,"8",.0,"8",.0,"8",.0,"8",0,"8",0,"8",0,"8","","",0,"8",0,"8"
"352190360","P£OCK","2006","03","07","12","5","",0,"8",0,"8","","","",7,"",0,"8",0,"8",3,"",60,"",2,"",0,"",-3.3,"",.0,"8","U","",3.0,"",63,"",-9.3,"",1003.3,"",1017.2,"",0,.1,"",.0,"",7,"","03","8","2","","2","","","0","","","1","","",14,"",.0,"8",.0,"8","","8",0,"8","","",.0,"8",.0,"8",.0,"8",.0,"8",.0,"8",.0,"8",.0,"8",.0,"8",.0,"8",0,"8",0,"8",0,"8","","",0,"8",0,"8"
"352190360","P£OCK","2006","03","07","13","5","",0,"8",0,"8","","","",7,"",0,"8",0,"8",6,"",30,"",3,"",0,"",-3.9,"",.0,"8","U","",3.1,"",67,"",-9.1,"",1003.2,"",1017.1,"",8,-.1,"",.0,"8",0,"8","01","1","1","","2","","","0","","","6","","",0,"8",.0,"8",.0,"8","","8",0,"8","","",.0,"8",.0,"8",.0,"8",.0,"8",.0,"8",.0,"8",.0,"8",.0,"8",.0,"8",0,"8",0,"8",0,"8","","",0,"8",0,"8"
"352190360","P£OCK","2006","03","07","14","9","",0,"8",0,"8","","","",7,"",0,"8",0,"8",5,"",40,"",3,"",0,"",-3.9,"",.0,"8","U","",3.0,"",65,"",-9.5,"",1003.2,"",1017.1,"",6,-.2,"",.0,"8",0,"8","01","2","0","","0","","","0","","","8","","",0,"8",.0,"8",.0,"8","","8",0,"8","","",.0,"8",.0,"8",.0,"8",.0,"8",.0,"8",.0,"8",.0,"8",.0,"8",.0,"8",0,"8",0,"8",0,"8","","",0,"8",0,"8"
"352190360","P£OCK","2006","03","07","15","9","",0,"8",0,"8","","","",7,"",0,"8",0,"8",4,"",60,"",1,"",0,"",-4.5,"",.0,"8","U","",2.9,"",66,"",-9.9,"",1003.4,"",1017.4,"",3,.1,"",.0,"8",0,"8","01","1","0","","0","","","0","","","8","","",0,"8",.0,"8",.0,"8","","8",0,"8","","",.0,"8",.0,"8",.0,"8",.0,"8",.0,"8",.0,"8",.0,"8",.0,"8",.0,"8",0,"8",0,"8",0,"8","","",0,"8",0,"8"
"352190360","P£OCK","2006","03","07","16","9","",0,"8",0,"8","","","",7,"",0,"8",0,"8",4,"",60,"",2,"",0,"",-5.2,"",.0,"8","U","",2.8,"",68,"",-10.2,"",1003.4,"",1017.4,"",1,.2,"",.0,"8",0,"8","02","0","0","","0","","","0","","","8","","",0,"8",.0,"8",.0,"8","","8",0,"8","","",.0,"8",.0,"8",.0,"8",.0,"8",.0,"8",.0,"8",.0,"8",.0,"8",.0,"8",0,"8",0,"8",0,"8","","",0,"8",0,"8"
"352190360","P£OCK","2006","03","07","17","9","",0,"8",0,"8","","","",6,"",0,"8",0,"8",2,"",0,"",0,"",0,"",-7.8,"",.0,"8","U","",2.5,"",74,"",-11.6,"",1004.0,"",1018.2,"",2,.8,"",.0,"8",0,"8","10","0","1","","0","","","3","","","1","","",0,"8",.0,"8",.0,"8","","8",0,"8","","",.0,"8",.0,"8",.0,"8",.0,"8",.0,"8",.0,"8",.0,"8",.0,"8",.0,"8",0,"8",0,"8",0,"8","","",0,"8",0,"8"
"352190360","P£OCK","2006","03","07","18","9","",0,"8",0,"8","","","",6,"",0,"8",0,"8",2,"",90,"",1,"",0,"",-11.5,"",.0,"8","U","",2.1,"",81,"",-14.1,"",1004.4,"",1018.8,"",3,1.0,"",.0,"9",0,"9","10","1","1","","0","","","3","","","1","","",14,"",.0,"8",.0,"8","","8",0,"8","","",.0,"8",.0,"8",.0,"8",.0,"8",.0,"8",.0,"8",.0,"8",.0,"8",.0,"8",0,"8",0,"8",0,"8","","",0,"8",0,"8"
"352190360","P£OCK","2006","03","07","19","9","",0,"8",0,"8","","","",5,"",0,"8",0,"8",1,"",90,"",1,"",0,"",-12.7,"",.0,"8","U","",2.0,"",85,"",-14.7,"",1004.5,"",1018.9,"",1,1.1,"",.0,"8",0,"8","10","0","1","","0","","","3","","","0","","",0,"8",.0,"8",.0,"8","","8",0,"8","","",.0,"8",.0,"8",.0,"8",.0,"8",.0,"8",.0,"8",.0,"8",.0,"8",.0,"8",0,"8",0,"8",0,"8","","",0,"8",0,"8"
"352190360","P£OCK","2006","03","07","20","9","",0,"8",0,"8","","","",5,"",0,"8",0,"8",1,"",110,"",1,"",0,"",-14.6,"",.0,"8","U","",1.7,"",86,"",-16.4,"",1004.5,"",1019.0,"",1,.5,"",.0,"8",0,"8","10","0","1","","0","","","3","","","0","","",0,"8",.0,"8",.0,"8","","8",0,"8","","",.0,"8",.0,"8",.0,"8",.0,"8",.0,"8",.0,"8",.0,"8",.0,"8",.0,"8",0,"8",0,"8",0,"8","","",0,"8",0,"8"
"352190360","P£OCK","2006","03","07","21","9","",0,"8",0,"8","","","",5,"",0,"8",0,"8",0,"",140,"",1,"",0,"",-15.4,"",.0,"8","U","",1.6,"",86,"",-17.2,"",1004.8,"",1019.4,"",2,.4,"",.0,"8",0,"8","10","0","0","","0","","","0","","","0","","",0,"8",.0,"8",.0,"8","","8",0,"8","","",.0,"8",.0,"8",.0,"8",.0,"8",.0,"8",.0,"8",.0,"8",.0,"8",.0,"8",0,"8",0,"8",0,"8","","",0,"8",0,"8"
"352190360","P£OCK","2006","03","07","22","9","",0,"8",0,"8","","","",5,"",0,"8",0,"8",0,"",190,"",1,"",0,"",-15.2,"",.0,"8","U","",1.6,"",87,"",-16.9,"",1004.6,"",1019.2,"",0,.1,"",.0,"8",0,"8","10","0","0","","0","","","0","","","0","","",0,"8",.0,"8",.0,"8","","8",0,"8","","",.0,"8",.0,"8",.0,"8",.0,"8",.0,"8",.0,"8",.0,"8",.0,"8",.0,"8",0,"8",0,"8",0,"8","","",0,"8",0,"8"
"352190360","P£OCK","2006","03","07","23","9","",0,"8",0,"8","","","",4,"",0,"8",0,"8",0,"",0,"",0,"",0,"",-15.5,"",.0,"8","U","",1.6,"",87,"",-17.2,"",1004.6,"",1019.2,"",1,.1,"",.0,"8",0,"8","10","0","0","","0","","","0","","","0","","",0,"8",.0,"8",.0,"8","","8",0,"8","","",.0,"8",.0,"8",.0,"8",.0,"8",.0,"8",.0,"8",.0,"8",.0,"8",.0,"8",0,"8",0,"8",0,"8","","",0,"8",0,"8"
"352190360","P£OCK","2006","03","08","00","9","",0,"8",0,"8","","","",4,"",0,"8",0,"8",0,"",0,"",0,"",0,"",-17.4,"",.0,"8","U","",1.3,"",83,"",-19.6,"",1004.8,"",1019.5,"",5,.0,"",.0,"9",0,"9","10","0","0","","0","","","0","","","0","","",14,"",.0,"8",.0,"8","","8",0,"8","","",.0,"8",.0,"8",.0,"8",.0,"8",.0,"8",.0,"8",.0,"8",.0,"8",.0,"8",0,"8",0,"8",0,"8","","",0,"8",0,"8"
"352190360","P£OCK","2006","03","08","01","/","",0,"8",0,"8","","","",3,"",0,"8",0,"8",9,"",210,"",1,"",0,"",-18.3,"",.0,"8","U","",1.2,"",83,"",-20.5,"",1004.7,"",1019.5,"",0,.1,"",.0,"8",0,"8","49","4","9","","/","","","/","","","/","","",0,"8",.0,"8",.0,"8","","8",0,"8","","",.0,"8",.0,"8",.0,"8",.0,"8",.0,"8",.0,"8",.0,"8",.0,"8",.0,"8",0,"8",0,"8",0,"8","","",0,"8",0,"8"
"352190360","P£OCK","2006","03","08","02","/","",0,"8",0,"8","","","",3,"",0,"8",0,"8",9,"",0,"",0,"",0,"",-18.7,"",.0,"8","U","",1.2,"",82,"",-21.0,"",1004.4,"",1019.2,"",8,-.2,"",.0,"8",0,"8","49","4","9","","/","","","/","","","/","","",0,"8",.0,"8",.0,"8","","8",0,"8","","",.0,"8",.0,"8",.0,"8",.0,"8",.0,"8",.0,"8",.0,"8",.0,"8",.0,"8",0,"8",0,"8",0,"8","","",0,"8",0,"8"
"352190360","P£OCK","2006","03","08","03","/","",0,"8",0,"8","","","",2,"",0,"8",0,"8",9,"",230,"",1,"",0,"",-18.5,"",.0,"8","U","",1.2,"",83,"",-20.7,"",1004.4,"",1019.2,"",6,-.4,"",.0,"8",0,"8","49","4","9","","/","","","/","","","/","","",0,"8",.0,"8",.0,"8","","8",0,"8","","",.0,"8",.0,"8",.0,"8",.0,"8",.0,"8",.0,"8",.0,"8",.0,"8",.0,"8",0,"8",0,"8",0,"8","","",0,"8",0,"8"
"352190360","P£OCK","2006","03","08","04","/","",0,"8",0,"8","","","",3,"",0,"8",0,"8",9,"",0,"",0,"",0,"",-19.5,"",.0,"8","U","",1.1,"",81,"",-21.9,"",1004.3,"",1019.1,"",7,-.4,"",.0,"8",0,"8","49","4","9","","/","","","/","","","/","","",0,"8",.0,"8",.0,"8","","8",0,"8","","",.0,"8",.0,"8",.0,"8",.0,"8",.0,"8",.0,"8",.0,"8",.0,"8",.0,"8",0,"8",0,"8",0,"8","","",0,"8",0,"8"
"352190360","P£OCK","2006","03","08","05","9","",0,"8",0,"8","","","",3,"",0,"8",0,"8",5,"",0,"",0,"",0,"",-19.5,"",.0,"8","U","",1.1,"",81,"",-21.9,"",1004.4,"",1019.2,"",5,.0,"",.0,"8",0,"8","48","4","0","","0","","","0","","","8","","",0,"8",.0,"8",.0,"8","","8",0,"8","","",.0,"8",.0,"8",.0,"8",.0,"8",.0,"8",.0,"8",.0,"8",.0,"8",.0,"8",0,"8",0,"8",0,"8","","",0,"8",0,"8"
"352190360","P£OCK","2006","03","08","06","9","",0,"8",0,"8","","","",3,"",0,"8",0,"8",5,"",50,"",1,"",0,"",-19.4,"",.0,"8","U","",1.1,"",81,"",-21.8,"",1004.7,"",1019.5,"",3,.3,"",.0,"9",0,"9","48","4","0","","0","","","0","","","8","","",14,"",.0,"8",.0,"8","","8",0,"8","","",.0,"8",.0,"8",.0,"8",.0,"8",.0,"8",.0,"8",.0,"8",.0,"8",.0,"8",0,"8",0,"8",0,"8","","",0,"8",0,"8"
"352190360","P£OCK","2006","03","08","07","9","",0,"8",0,"8","","","",1,"",0,"8",0,"8",5,"",0,"",0,"",0,"",-16.8,"",.0,"8","U","",1.4,"",84,"",-18.9,"",1005.3,"",1020.0,"",3,1.0,"",.0,"8",0,"8","48","4","0","","0","","","0","","","8","","",0,"8",.0,"8",.0,"8","","8",0,"8","","",.0,"8",.0,"8",.0,"8",.0,"8",.0,"8",.0,"8",.0,"8",.0,"8",.0,"8",0,"8",0,"8",0,"8","","",0,"8",0,"8"
"352190360","P£OCK","2006","03","08","08","9","",0,"8",0,"8","","","",3,"",0,"8",0,"8",1,"",0,"",0,"",0,"",-14.8,"",.0,"8","U","",1.7,"",86,"",-16.6,"",1005.5,"",1020.1,"",2,1.1,"",.0,"8",0,"8","48","4","0","","0","","","0","","","1","","",0,"8",.0,"8",.0,"8","","8",0,"8","","",.0,"8",.0,"8",.0,"8",.0,"8",.0,"8",.0,"8",.0,"8",.0,"8",.0,"8",0,"8",0,"8",0,"8","","",0,"8",0,"8"
"352190360","P£OCK","2006","03","08","09","9","",0,"8",0,"8","","","",4,"",0,"8",0,"8",1,"",30,"",1,"",0,"",-10.8,"",.0,"8","U","",2.4,"",90,"",-12.1,"",1005.4,"",1019.7,"",0,.7,"",.0,"8",0,"8","28","4","0","","0","","","0","","","1","","",0,"8",.0,"8",.0,"8","","8",0,"8","","",.0,"8",.0,"8",.0,"8",.0,"8",.0,"8",.0,"8",.0,"8",.0,"8",.0,"8",0,"8",0,"8",0,"8","","",0,"8",0,"8"
"352190360","P£OCK","2006","03","08","10","9","",0,"8",0,"8","","","",5,"",0,"8",0,"8",1,"",30,"",1,"",0,"",-8.1,"",.0,"8","U","",3.0,"",91,"",-9.3,"",1005.4,"",1019.6,"",1,.1,"",.0,"8",0,"8","10","0","0","","0","","","0","","","1","","",0,"8",.0,"8",.0,"8","","8",0,"8","","",.0,"8",.0,"8",.0,"8",.0,"8",.0,"8",.0,"8",.0,"8",.0,"8",.0,"8",0,"8",0,"8",0,"8","","",0,"8",0,"8"
"352190360","P£OCK","2006","03","08","11","9","",0,"8",0,"8","","","",6,"",0,"8",0,"8",2,"",80,"",2,"",0,"",-5.6,"",.0,"8","U","",3.6,"",90,"",-7.0,"",1005.1,"",1019.2,"",7,-.4,"",.0,"8",0,"8","10","0","0","","0","","","0","","","1","","",0,"8",.0,"8",.0,"8","","8",0,"8","","",.0,"8",.0,"8",.0,"8",.0,"8",.0,"8",.0,"8",.0,"8",.0,"8",.0,"8",0,"8",0,"8",0,"8","","",0,"8",0,"8"
"352190360","P£OCK","2006","03","08","12","9","",0,"8",0,"8","","","",6,"",0,"8",0,"8",1,"",80,"",2,"",0,"",-3.2,"",.0,"8","U","",3.8,"",78,"",-6.5,"",1004.4,"",1018.3,"",8,-1.0,"",.0,"9",0,"9","10","4","0","","0","","","0","","","1","","",14,"",.0,"8",.0,"8","","8",0,"8","","",.0,"8",.0,"8",.0,"8",.0,"8",.0,"8",.0,"8",.0,"8",.0,"8",.0,"8",0,"8",0,"8",0,"8","","",0,"8",0,"8"
"352190360","P£OCK","2006","03","08","13","9","",0,"8",0,"8","","","",6,"",0,"8",0,"8",1,"",120,"",3,"",0,"",-2.6,"",.0,"8","U","",3.2,"",64,"",-8.5,"",1003.8,"",1017.7,"",7,-1.6,"",.0,"8",0,"8","10","0","0","","0","","","0","","","1","","",0,"8",.0,"8",.0,"8","","8",0,"8","","",.0,"8",.0,"8",.0,"8",.0,"8",.0,"8",.0,"8",.0,"8",.0,"8",.0,"8",0,"8",0,"8",0,"8","","",0,"8",0,"8"
"352190360","P£OCK","2006","03","08","14","9","",0,"8",0,"8","","","",6,"",0,"8",0,"8",1,"",120,"",3,"",0,"",-2.1,"",.0,"8","U","",3.3,"",62,"",-8.4,"",1003.2,"",1017.0,"",7,-1.9,"",.0,"8",0,"8","05","0","1","","0","","","3","","","0","","",0,"8",.0,"8",.0,"8","","8",0,"8","","",.0,"8",.0,"8",.0,"8",.0,"8",.0,"8",.0,"8",.0,"8",.0,"8",.0,"8",0,"8",0,"8",0,"8","","",0,"8",0,"8"
"352190360","P£OCK","2006","03","08","15","9","",0,"8",0,"8","","","",6,"",0,"8",0,"8",1,"",120,"",3,"",0,"",-2.6,"",.0,"8","U","",3.2,"",63,"",-8.7,"",1002.5,"",1016.4,"",7,-1.9,"",.0,"8",0,"8","05","0","0","","0","","","0","","","1","","",0,"8",.0,"8",.0,"8","","8",0,"8","","",.0,"8",.0,"8",.0,"8",.0,"8",.0,"8",.0,"8",.0,"8",.0,"8",.0,"8",0,"8",0,"8",0,"8","","",0,"8",0,"8"
"352190360","P£OCK","2006","03","08","16","9","",0,"8",0,"8","","","",6,"",0,"8",0,"8",2,"",100,"",2,"",0,"",-4.2,"",.0,"8","U","",3.0,"",67,"",-9.4,"",1002.2,"",1016.1,"",7,-1.6,"",.0,"8",0,"8","05","0","0","","0","","","0","","","1","","",0,"8",.0,"8",.0,"8","","8",0,"8","","",.0,"8",.0,"8",.0,"8",.0,"8",.0,"8",.0,"8",.0,"8",.0,"8",.0,"8",0,"8",0,"8",0,"8","","",0,"8",0,"8"
"352190360","P£OCK","2006","03","08","17","9","",0,"8",0,"8","","","",6,"",0,"8",0,"8",1,"",130,"",2,"",0,"",-6.1,"",.0,"8","U","",2.7,"",70,"",-10.7,"",1002.0,"",1016.0,"",6,-1.2,"",.0,"8",0,"8","05","0","0","","0","","","0","","","1","","",0,"8",.0,"8",.0,"8","","8",0,"8","","",.0,"8",.0,"8",.0,"8",.0,"8",.0,"8",.0,"8",.0,"8",.0,"8",.0,"8",0,"8",0,"8",0,"8","","",0,"8",0,"8"
"352190360","P£OCK","2006","03","08","18","9","",0,"8",0,"8","","","",6,"",0,"8",0,"8",1,"",110,"",2,"",0,"",-7.9,"",.0,"8","U","",2.5,"",75,"",-11.6,"",1001.4,"",1015.5,"",7,-1.1,"",.0,"9",0,"9","10","0","0","","0","","","0","","","1","","",14,"",.0,"8",.0,"8","","8",0,"8","","",.0,"8",.0,"8",.0,"8",.0,"8",.0,"8",.0,"8",.0,"8",.0,"8",.0,"8",0,"8",0,"8",0,"8","","",0,"8",0,"8"
"352190360","P£OCK","2006","03","08","19","9","",0,"8",0,"8","","","",6,"",0,"8",0,"8",0,"",110,"",2,"",0,"",-9.1,"",.0,"8","U","",2.4,"",79,"",-12.1,"",1000.7,"",1014.9,"",8,-1.5,"",.0,"8",0,"8","10","0","0","","0","","","0","","","0","","",0,"8",.0,"8",.0,"8","","8",0,"8","","",.0,"8",.0,"8",.0,"8",.0,"8",.0,"8",.0,"8",.0,"8",.0,"8",.0,"8",0,"8",0,"8",0,"8","","",0,"8",0,"8"
"352190360","P£OCK","2006","03","08","20","9","",0,"8",0,"8","","","",6,"",0,"8",0,"8",0,"",110,"",3,"",0,"",-8.8,"",.0,"8","U","",2.5,"",78,"",-11.9,"",1000.1,"",1014.3,"",7,-1.9,"",.0,"8",0,"8","10","0","0","","0","","","0","","","0","","",0,"8",.0,"8",.0,"8","","8",0,"8","","",.0,"8",.0,"8",.0,"8",.0,"8",.0,"8",.0,"8",.0,"8",.0,"8",.0,"8",0,"8",0,"8",0,"8","","",0,"8",0,"8"
"352190360","P£OCK","2006","03","08","21","9","",0,"8",0,"8","","","",6,"",0,"8",0,"8",0,"",110,"",3,"",0,"",-8.7,"",.0,"8","U","",2.4,"",77,"",-12.0,"",999.9,"",1014.0,"",6,-1.5,"",.0,"8",0,"8","10","0","0","","0","","","0","","","0","","",0,"8",.0,"8",.0,"8","","8",0,"8","","",.0,"8",.0,"8",.0,"8",.0,"8",.0,"8",.0,"8",.0,"8",.0,"8",.0,"8",0,"8",0,"8",0,"8","","",0,"8",0,"8"
"352190360","P£OCK","2006","03","08","22","9","",0,"8",0,"8","","","",6,"",0,"8",0,"8",0,"",110,"",4,"",0,"",-8.8,"",.0,"8","U","",2.4,"",77,"",-12.1,"",999.1,"",1013.2,"",7,-1.6,"",.0,"8",0,"8","10","0","0","","0","","","0","","","0","","",0,"8",.0,"8",.0,"8","","8",0,"8","","",.0,"8",.0,"8",.0,"8",.0,"8",.0,"8",.0,"8",.0,"8",.0,"8",.0,"8",0,"8",0,"8",0,"8","","",0,"8",0,"8"
"352190360","P£OCK","2006","03","08","23","9","",0,"8",0,"8","","","",6,"",0,"8",0,"8",0,"",110,"",2,"",0,"",-9.6,"",.0,"8","U","",2.3,"",76,"",-13.0,"",998.3,"",1012.5,"",8,-1.8,"",.0,"8",0,"8","10","0","0","","0","","","0","","","0","","",0,"8",.0,"8",.0,"8","","8",0,"8","","",.0,"8",.0,"8",.0,"8",.0,"8",.0,"8",.0,"8",.0,"8",.0,"8",.0,"8",0,"8",0,"8",0,"8","","",0,"8",0,"8"
"352190360","P£OCK","2006","03","09","00","9","",0,"8",0,"8","","","",6,"",0,"8",0,"8",0,"",110,"",3,"",0,"",-10.2,"",.0,"8","U","",2.1,"",74,"",-14.0,"",997.9,"",1012.1,"",6,-2.0,"",.0,"9",0,"9","10","0","0","","0","","","0","","","0","","",14,"",.0,"8",.0,"8","","8",0,"8","","",.0,"8",.0,"8",.0,"8",.0,"8",.0,"8",.0,"8",.0,"8",.0,"8",.0,"8",0,"8",0,"8",0,"8","","",0,"8",0,"8"
"352190360","P£OCK","2006","03","09","01","9","",0,"8",0,"8","","","",6,"",0,"8",0,"8",0,"",100,"",3,"",0,"",-10.3,"",.0,"8","U","",2.1,"",76,"",-13.7,"",997.1,"",1011.3,"",7,-2.0,"",.0,"8",0,"8","10","0","0","","0","","","0","","","0","","",0,"8",.0,"8",.0,"8","","8",0,"8","","",.0,"8",.0,"8",.0,"8",.0,"8",.0,"8",.0,"8",.0,"8",.0,"8",.0,"8",0,"8",0,"8",0,"8","","",0,"8",0,"8"
"352190360","P£OCK","2006","03","09","02","9","",0,"8",0,"8","","","",6,"",0,"8",0,"8",0,"",110,"",4,"",0,"",-10.3,"",.0,"8","U","",2.2,"",77,"",-13.6,"",996.1,"",1010.3,"",8,-2.2,"",.0,"8",0,"8","10","0","0","","0","","","0","","","0","","",0,"8",.0,"8",.0,"8","","8",0,"8","","",.0,"8",.0,"8",.0,"8",.0,"8",.0,"8",.0,"8",.0,"8",.0,"8",.0,"8",0,"8",0,"8",0,"8","","",0,"8",0,"8"
"352190360","P£OCK","2006","03","09","03","9","",0,"8",0,"8","","","",6,"",0,"8",0,"8",0,"",100,"",5,"",0,"",-9.8,"",.0,"8","U","",2.2,"",74,"",-13.6,"",995.2,"",1009.3,"",7,-2.7,"",.0,"8",0,"8","10","0","0","","0","","","0","","","0","","",0,"8",.0,"8",.0,"8","","8",0,"8","","",.0,"8",.0,"8",.0,"8",.0,"8",.0,"8",.0,"8",.0,"8",.0,"8",.0,"8",0,"8",0,"8",0,"8","","",0,"8",0,"8"
"352190360","P£OCK","2006","03","09","04","9","",0,"8",0,"8","","","",6,"",0,"8",0,"8",0,"",110,"",4,"",0,"",-9.9,"",.0,"8","U","",2.1,"",72,"",-14.0,"",994.7,"",1008.8,"",6,-2.4,"",.0,"8",0,"8","10","0","0","","0","","","0","","","0","","",0,"8",.0,"8",.0,"8","","8",0,"8","","",.0,"8",.0,"8",.0,"8",.0,"8",.0,"8",.0,"8",.0,"8",.0,"8",.0,"8",0,"8",0,"8",0,"8","","",0,"8",0,"8"
"352190360","P£OCK","2006","03","09","05","9","",0,"8",0,"8","","","",6,"",0,"8",0,"8",2,"",110,"",4,"",0,"",-10.0,"",.0,"8","U","",2.2,"",75,"",-13.6,"",994.2,"",1008.3,"",6,-1.9,"",.0,"8",0,"8","10","0","0","","0","","","0","","","1","","",0,"8",.0,"8",.0,"8","","8",0,"8","","",.0,"8",.0,"8",.0,"8",.0,"8",.0,"8",.0,"8",.0,"8",.0,"8",.0,"8",0,"8",0,"8",0,"8","","",0,"8",0,"8"
"352190360","P£OCK","2006","03","09","06","9","",0,"8",0,"8","","","",6,"",0,"8",0,"8",6,"",100,"",4,"",0,"",-9.6,"",.0,"8","U","",2.3,"",77,"",-12.9,"",993.6,"",1007.7,"",7,-1.6,"",.0,"9",0,"9","10","1","0","","0","","","0","","","6","","",14,"",.0,"8",.0,"8","","8",0,"8","","",.0,"8",.0,"8",.0,"8",.0,"8",.0,"8",.0,"8",.0,"8",.0,"8",.0,"8",0,"8",0,"8",0,"8","","",0,"8",0,"8"
"352190360","P£OCK","2006","03","09","07","9","",0,"8",0,"8","","","",6,"",0,"8",0,"8",7,"",110,"",5,"",0,"",-8.7,"",.0,"8","U","",2.4,"",75,"",-12.3,"",993.5,"",1007.6,"",7,-1.2,"",.0,"8",0,"8","10","2","0","","0","","","0","","","6","","",0,"8",.0,"8",.0,"8","","8",0,"8","","",.0,"8",.0,"8",.0,"8",.0,"8",.0,"8",.0,"8",.0,"8",.0,"8",.0,"8",0,"8",0,"8",0,"8","","",0,"8",0,"8"
"352190360","P£OCK","2006","03","09","08","9","",0,"8",0,"8","","","",6,"",0,"8",0,"8",7,"",110,"",5,"",0,"",-8.0,"",.0,"8","U","",2.4,"",73,"",-12.0,"",993.2,"",1007.2,"",7,-1.0,"",.0,"8",0,"8","10","2","0","","0","","","0","","","8","","",0,"8",.0,"8",.0,"8","","8",0,"8","","",.0,"8",.0,"8",.0,"8",.0,"8",.0,"8",.0,"8",.0,"8",.0,"8",.0,"8",0,"8",0,"8",0,"8","","",0,"8",0,"8"
"352190360","P£OCK","2006","03","09","09","9","",0,"8",0,"8","","","",6,"",0,"8",0,"8",7,"",110,"",5,"",0,"",-6.5,"",.0,"8","U","",2.6,"",70,"",-11.1,"",992.6,"",1006.5,"",8,-1.0,"",.0,"8",0,"8","10","2","0","","0","","","0","","","8","","",0,"8",.0,"8",.0,"8","","8",0,"8","","",.0,"8",.0,"8",.0,"8",.0,"8",.0,"8",.0,"8",.0,"8",.0,"8",.0,"8",0,"8",0,"8",0,"8","","",0,"8",0,"8"
"352190360","P£OCK","2006","03","09","10","9","",0,"8",0,"8","","","",6,"",0,"8",0,"8",7,"",110,"",4,"",0,"",-4.5,"",.0,"8","U","",2.8,"",65,"",-10.1,"",992.2,"",1006.0,"",7,-1.3,"",.0,"8",0,"8","05","2","0","","0","","","0","","","8","","",0,"8",.0,"8",.0,"8","","8",0,"8","","",.0,"8",.0,"8",.0,"8",.0,"8",.0,"8",.0,"8",.0,"8",.0,"8",.0,"8",0,"8",0,"8",0,"8","","",0,"8",0,"8"
"352190360","P£OCK","2006","03","09","11","9","",0,"8",0,"8","","","",6,"",0,"8",0,"8",7,"",110,"",5,"",0,"",-2.9,"",.0,"8","U","",3.0,"",61,"",-9.4,"",991.8,"",1005.5,"",6,-1.4,"",.0,"8",0,"8","05","2","0","","0","","","0","","","8","","",0,"8",.0,"8",.0,"8","","8",0,"8","","",.0,"8",.0,"8",.0,"8",.0,"8",.0,"8",.0,"8",.0,"8",.0,"8",.0,"8",0,"8",0,"8",0,"8","","",0,"8",0,"8"
"352190360","P£OCK","2006","03","09","12","9","",0,"8",0,"8","","","",6,"",0,"8",0,"8",7,"",100,"",5,"",0,"",-1.7,"",.0,"8","U","",3.1,"",58,"",-8.9,"",991.1,"",1004.8,"",8,-1.5,"",.0,"9",0,"9","05","2","0","","0","","","0","","","8","","",14,"",.0,"8",.0,"8","","8",0,"8","","",.0,"8",.0,"8",.0,"8",.0,"8",.0,"8",.0,"8",.0,"8",.0,"8",.0,"8",0,"8",0,"8",0,"8","","",0,"8",0,"8"
"352190360","P£OCK","2006","03","09","13","9","",0,"8",0,"8","","","",7,"",0,"8",0,"8",7,"",110,"",5,"",0,"",-1.3,"",.0,"8","U","",3.2,"",57,"",-8.7,"",990.8,"",1004.4,"",7,-1.4,"",.0,"8",0,"8","02","2","0","","0","","","0","","","8","","",0,"8",.0,"8",.0,"8","","8",0,"8","","",.0,"8",.0,"8",.0,"8",.0,"8",.0,"8",.0,"8",.0,"8",.0,"8",.0,"8",0,"8",0,"8",0,"8","","",0,"8",0,"8"
"352190360","P£OCK","2006","03","09","14","9","",0,"8",0,"8","","","",7,"",0,"8",0,"8",6,"",100,"",5,"",0,"",-1.3,"",.0,"8","U","",3.1,"",56,"",-9.0,"",990.1,"",1003.7,"",7,-1.7,"",.0,"8",0,"8","01","2","0","","0","","","0","","","8","","",0,"8",.0,"8",.0,"8","","8",0,"8","","",.0,"8",.0,"8",.0,"8",.0,"8",.0,"8",.0,"8",.0,"8",.0,"8",.0,"8",0,"8",0,"8",0,"8","","",0,"8",0,"8"
"352190360","P£OCK","2006","03","09","15","9","",0,"8",0,"8","","","",7,"",0,"8",0,"8",6,"",110,"",4,"",0,"",-1.7,"",.0,"8","U","",3.1,"",58,"",-8.9,"",989.8,"",1003.4,"",7,-1.3,"",.0,"8",0,"8","02","2","0","","0","","","0","","","8","","",0,"8",.0,"8",.0,"8","","8",0,"8","","",.0,"8",.0,"8",.0,"8",.0,"8",.0,"8",.0,"8",.0,"8",.0,"8",.0,"8",0,"8",0,"8",0,"8","","",0,"8",0,"8"
"352190360","P£OCK","2006","03","09","16","6","",0,"8",0,"8","","","",7,"",0,"8",0,"8",8,"",100,"",4,"",0,"",-2.0,"",.0,"8","U","",3.1,"",58,"",-9.2,"",989.4,"",1003.1,"",7,-1.4,"",.0,"8",0,"8","03","2","2","","5","","","0","","","7","","",0,"8",.0,"8",.0,"8","","8",0,"8","","",.0,"8",.0,"8",.0,"8",.0,"8",.0,"8",.0,"8",.0,"8",.0,"8",.0,"8",0,"8",0,"8",0,"8","","",0,"8",0,"8"
"352190360","P£OCK","2006","03","09","17","6","",0,"8",0,"8","","","",7,"",0,"8",0,"8",8,"",90,"",3,"",0,"",-3.1,"",.0,"8","U","",2.9,"",60,"",-9.8,"",989.3,"",1003.0,"",7,-.8,"",.0,"8",0,"8","02","2","2","","5","","","0","","","7","","",0,"8",.0,"8",.0,"8","","8",0,"8","","",.0,"8",.0,"8",.0,"8",.0,"8",.0,"8",.0,"8",.0,"8",.0,"8",.0,"8",0,"8",0,"8",0,"8","","",0,"8",0,"8"
"352190360","P£OCK","2006","03","09","18","6","",0,"8",0,"8","","","",7,"",0,"8",0,"8",8,"",90,"",4,"",0,"",-3.1,"",.0,"8","U","",3.0,"",61,"",-9.6,"",989.1,"",1002.8,"",7,-.7,"",.0,"9",0,"9","03","2","3","","5","","","0","","","7","","",14,"",.0,"8",.0,"8","","8",0,"8","","",.0,"8",.0,"8",.0,"8",.0,"8",.0,"8",.0,"8",.0,"8",.0,"8",.0,"8",0,"8",0,"8",0,"8","","",0,"8",0,"8"
"352190360","P£OCK","2006","03","09","19","9","",0,"8",0,"8","","","",7,"",0,"8",0,"8",8,"",90,"",4,"",0,"",-2.7,"",.0,"8","U","",3.1,"",61,"",-9.2,"",988.3,"",1002.0,"",8,-1.1,"",.0,"8",0,"8","01","2","6","","0","","","5","","","7","","",0,"8",.0,"8",.0,"8","","8",0,"8","","",.0,"8",.0,"8",.0,"8",.0,"8",.0,"8",.0,"8",.0,"8",.0,"8",.0,"8",0,"8",0,"8",0,"8","","",0,"8",0,"8"
"352190360","P£OCK","2006","03","09","20","9","",0,"8",0,"8","","","",7,"",0,"8",0,"8",8,"",90,"",4,"",0,"",-3.3,"",.0,"8","U","",3.1,"",64,"",-9.1,"",988.1,"",1001.8,"",7,-1.2,"",.0,"8",0,"8","02","2","6","","0","","","3","","","7","","",0,"8",.0,"8",.0,"8","","8",0,"8","","",.0,"8",.0,"8",.0,"8",.0,"8",.0,"8",.0,"8",.0,"8",.0,"8",.0,"8",0,"8",0,"8",0,"8","","",0,"8",0,"8"
"352190360","P£OCK","2006","03","09","21","6","",0,"8",0,"8","","","",7,"",0,"8",0,"8",8,"",90,"",4,"",0,"",-3.3,"",.0,"8","U","",3.1,"",65,"",-8.9,"",987.8,"",1001.5,"",6,-1.3,"",.0,"8",0,"8","03","2","3","","5","","","3","","","7","","",0,"8",.0,"8",.0,"8","","8",0,"8","","",.0,"8",.0,"8",.0,"8",.0,"8",.0,"8",.0,"8",.0,"8",.0,"8",.0,"8",0,"8",0,"8",0,"8","","",0,"8",0,"8"
"352190360","P£OCK","2006","03","09","22","6","",0,"8",0,"8","","","",7,"",0,"8",0,"8",8,"",100,"",3,"",0,"",-3.3,"",.0,"8","U","",3.2,"",67,"",-8.6,"",987.4,"",1001.1,"",8,-.9,"",.0,"8",0,"8","01","2","2","","5","","","3","","","7","","",0,"8",.0,"8",.0,"8","","8",0,"8","","",.0,"8",.0,"8",.0,"8",.0,"8",.0,"8",.0,"8",.0,"8",.0,"8",.0,"8",0,"8",0,"8",0,"8","","",0,"8",0,"8"
"352190360","P£OCK","2006","03","09","23","6","",0,"8",0,"8","","","",6,"",0,"8",0,"8",8,"",70,"",2,"",0,"",-3.8,"",.0,"8","U","",3.3,"",71,"",-8.3,"",987.1,"",1000.8,"",7,-1.0,"",.0,"8",0,"8","85","2","5","","9","","","3","","","7","","",0,"8",.0,"8",.0,"8","","8",0,"8","","",.0,"8",.0,"8",.0,"8",.0,"8",.0,"8",.0,"8",.0,"8",.0,"8",.0,"8",0,"8",0,"8",0,"8","","",0,"8",0,"8"
"352190360","P£OCK","2006","03","10","00","4","",0,"8",0,"8","","","",6,"",0,"8",0,"8",8,"",60,"",2,"",0,"",-4.2,"",.0,"8","U","",3.4,"",76,"",-7.8,"",987.2,"",1000.9,"",5,-.6,"",.0,"",7,"","85","2","8","","9","","","/","","","/","","",14,"",.0,"8",.0,"8","","8",0,"8","","",.0,"8",.0,"8",.0,"8",.0,"8",.0,"8",.0,"8",.0,"8",.0,"8",.0,"8",0,"8",0,"8",0,"8","","",0,"8",0,"8"
"352190360","P£OCK","2006","03","10","01","5","",0,"8",0,"8","","","",6,"",0,"8",0,"8",8,"",50,"",3,"",0,"",-4.6,"",.0,"8","U","",3.6,"",83,"",-7.0,"",986.9,"",1000.6,"",7,-.5,"",.0,"8",0,"8","85","8","4","","9","","","3","","","7","","",0,"8",.0,"8",.0,"8","","8",0,"8","","",.0,"8",.0,"8",.0,"8",.0,"8",.0,"8",.0,"8",.0,"8",.0,"8",.0,"8",0,"8",0,"8",0,"8","","",0,"8",0,"8"
"352190360","P£OCK","2006","03","10","02","3","",0,"8",0,"8","","","",6,"",0,"8",0,"8",8,"",60,"",2,"",0,"",-4.7,"",.0,"8","U","",3.7,"",85,"",-6.8,"",986.8,"",1000.6,"",8,-.3,"",.0,"8",0,"8","71","8","4","","7","","","2","","","/","","",0,"8",.0,"8",.0,"8","","8",0,"8","","",.0,"8",.0,"8",.0,"8",.0,"8",.0,"8",.0,"8",.0,"8",.0,"8",.0,"8",0,"8",0,"8",0,"8","","",0,"8",0,"8"
"352190360","P£OCK","2006","03","10","03","5","",0,"8",0,"8","","","",6,"",0,"8",0,"8",8,"",60,"",2,"",0,"",-5.0,"",.0,"8","U","",3.6,"",85,"",-7.1,"",987.0,"",1000.8,"",5,-.2,"",.0,"8",0,"8","71","8","6","","5","","","2","","","/","","",0,"8",.0,"8",.0,"8","","8",0,"8","","",.0,"8",.0,"8",.0,"8",.0,"8",.0,"8",.0,"8",.0,"8",.0,"8",.0,"8",0,"8",0,"8",0,"8","","",0,"8",0,"8"
"352190360","P£OCK","2006","03","10","04","3","",0,"8",0,"8","","","",6,"",0,"8",0,"8",8,"",350,"",3,"",0,"",-5.2,"",.0,"8","U","",3.5,"",84,"",-7.5,"",987.7,"",1001.5,"",3,.8,"",.0,"8",0,"8","71","7","6","","7","","","2","","","/","","",0,"8",.0,"8",.0,"8","","8",0,"8","","",.0,"8",.0,"8",.0,"8",.0,"8",.0,"8",.0,"8",.0,"8",.0,"8",.0,"8",0,"8",0,"8",0,"8","","",0,"8",0,"8"
"352190360","P£OCK","2006","03","10","05","3","",0,"8",0,"8","","","",6,"",0,"8",0,"8",8,"",30,"",3,"",0,"",-5.7,"",.0,"8","U","",3.2,"",80,"",-8.6,"",987.8,"",1001.6,"",2,1.0,"",.0,"8",0,"8","71","7","5","","7","","","2","","","/","","",0,"8",.0,"8",.0,"8","","8",0,"8","","",.0,"8",.0,"8",.0,"8",.0,"8",.0,"8",.0,"8",.0,"8",.0,"8",.0,"8",0,"8",0,"8",0,"8","","",0,"8",0,"8"
"352190360","P£OCK","2006","03","10","06","4","",0,"8",0,"8","","","",6,"",0,"8",0,"8",7,"",50,"",1,"",0,"",-6.0,"",.0,"8","U","",3.1,"",80,"",-8.9,"",988.0,"",1001.8,"",1,1.0,"",.0,"",7,"","85","8","5","","9","","","3","","","/","","",14,"",.0,"8",.0,"8","","8",0,"8","","",.0,"8",.0,"8",.0,"8",.0,"8",.0,"8",.0,"8",.0,"8",.0,"8",.0,"8",0,"8",0,"8",0,"8","","",0,"8",0,"8"
"352190360","P£OCK","2006","03","10","07","3","",0,"8",0,"8","","","",6,"",0,"8",0,"8",7,"",30,"",2,"",0,"",-6.2,"",.0,"8","U","",3.1,"",80,"",-9.1,"",988.7,"",1002.6,"",3,1.0,"",.0,"8",0,"8","26","2","2","","6","","","3","","","/","","",0,"8",.0,"8",.0,"8","","8",0,"8","","",.0,"8",.0,"8",.0,"8",.0,"8",.0,"8",.0,"8",.0,"8",.0,"8",.0,"8",0,"8",0,"8",0,"8","","",0,"8",0,"8"
"352190360","P£OCK","2006","03","10","08","9","",0,"8",0,"8","","","",6,"",0,"8",0,"8",7,"",40,"",1,"",0,"",-4.9,"",.0,"8","U","",3.2,"",75,"",-8.7,"",988.7,"",1002.5,"",1,.9,"",.0,"8",0,"8","10","2","7","","0","","","3","","","/","","",0,"8",.0,"8",.0,"8","","8",0,"8","","",.0,"8",.0,"8",.0,"8",.0,"8",.0,"8",.0,"8",.0,"8",.0,"8",.0,"8",0,"8",0,"8",0,"8","","",0,"8",0,"8"
"352190360","P£OCK","2006","03","10","09","3","",0,"8",0,"8","","","",6,"",0,"8",0,"8",8,"",40,"",1,"",0,"",-4.1,"",.0,"8","U","",3.3,"",74,"",-8.0,"",989.0,"",1002.8,"",2,1.0,"",.0,"8",0,"8","10","8","8","","6","","","/","","","/","","",0,"8",.0,"8",.0,"8","","8",0,"8","","",.0,"8",.0,"8",.0,"8",.0,"8",.0,"8",.0,"8",.0,"8",.0,"8",.0,"8",0,"8",0,"8",0,"8","","",0,"8",0,"8"
"352190360","P£OCK","2006","03","10","10","3","",0,"8",0,"8","","","",6,"",0,"8",0,"8",8,"",150,"",2,"",0,"",-2.7,"",.0,"8","U","",3.6,"",71,"",-7.2,"",989.3,"",1003.0,"",3,.6,"",.0,"8",0,"8","10","2","8","","6","","","/","","","/","","",0,"8",.0,"8",.0,"8","","8",0,"8","","",.0,"8",.0,"8",.0,"8",.0,"8",.0,"8",.0,"8",.0,"8",.0,"8",.0,"8",0,"8",0,"8",0,"8","","",0,"8",0,"8"
"352190360","P£OCK","2006","03","10","11","9","",0,"8",0,"8","","","",6,"",0,"8",0,"8",4,"",90,"",3,"",0,"",-.9,"",.0,"8","U","",4.1,"",71,"",-5.5,"",988.9,"",1002.5,"",0,.2,"",.0,"8",0,"8","10","1","0","","0","","","0","","","8","","",0,"8",.0,"8",.0,"8","","8",0,"8","","",.0,"8",.0,"8",.0,"8",.0,"8",.0,"8",.0,"8",.0,"8",.0,"8",.0,"8",0,"8",0,"8",0,"8","","",0,"8",0,"8"
"352190360","P£OCK","2006","03","10","12","9","",0,"8",0,"8","","","",6,"",0,"8",0,"8",7,"",40,"",2,"",0,"",-1.2,"",.0,"8","U","",4.1,"",74,"",-5.2,"",989.0,"",1002.6,"",4,.0,"",.0,"",7,"","10","8","0","","0","","","0","","","6","","",14,"",.0,"8",.0,"8","","8",0,"8","","",.0,"8",.0,"8",.0,"8",.0,"8",.0,"8",.0,"8",.0,"8",.0,"8",.0,"8",0,"8",0,"8",0,"8","","",0,"8",0,"8"
"352190360","P£OCK","2006","03","10","13","9","",0,"8",0,"8","","","",6,"",0,"8",0,"8",7,"",50,"",2,"",0,"",-.6,"",.0,"8","U","",4.3,"",74,"",-4.7,"",989.1,"",1002.7,"",5,-.2,"",.0,"8",0,"8","10","2","2","","0","","","3","","","8","","",0,"8",.0,"8",.0,"8","","8",0,"8","","",.0,"8",.0,"8",.0,"8",.0,"8",.0,"8",.0,"8",.0,"8",.0,"8",.0,"8",0,"8",0,"8",0,"8","","",0,"8",0,"8"
"352190360","P£OCK","2006","03","10","14","9","",0,"8",0,"8","","","",6,"",0,"8",0,"8",7,"",70,"",2,"",0,"",-.1,"",.0,"8","U","",4.3,"",71,"",-4.7,"",989.0,"",1002.5,"",0,.1,"",.0,"8",0,"8","10","2","7","","0","","","5","","","/","","",0,"8",.0,"8",.0,"8","","8",0,"8","","",.0,"8",.0,"8",.0,"8",.0,"8",.0,"8",.0,"8",.0,"8",.0,"8",.0,"8",0,"8",0,"8",0,"8","","",0,"8",0,"8"
"352190360","P£OCK","2006","03","10","15","9","",0,"8",0,"8","","","",6,"",0,"8",0,"8",7,"",40,"",2,"",0,"",-.6,"",.0,"8","U","",4.3,"",73,"",-4.8,"",989.1,"",1002.7,"",2,.1,"",.0,"8",0,"8","10","2","6","","0","","","3","","","1","","",0,"8",.0,"8",.0,"8","","8",0,"8","","",.0,"8",.0,"8",.0,"8",.0,"8",.0,"8",.0,"8",.0,"8",.0,"8",.0,"8",0,"8",0,"8",0,"8","","",0,"8",0,"8"
"352190360","P£OCK","2006","03","10","16","6","",0,"8",0,"8","","","",6,"",0,"8",0,"8",8,"",90,"",2,"",0,"",-.7,"",.0,"8","U","",4.4,"",76,"",-4.4,"",989.5,"",1003.1,"",3,.4,"",.0,"8",0,"8","10","2","8","","5","","","/","","","/","","",0,"8",.0,"8",.0,"8","","8",0,"8","","",.0,"8",.0,"8",.0,"8",.0,"8",.0,"8",.0,"8",.0,"8",.0,"8",.0,"8",0,"8",0,"8",0,"8","","",0,"8",0,"8"
"352190360","P£OCK","2006","03","10","17","6","",0,"8",0,"8","","","",5,"",0,"8",0,"8",8,"",90,"",1,"",0,"",-1.1,"",.0,"8","U","",4.3,"",77,"",-4.6,"",989.6,"",1003.2,"",2,.6,"",.0,"8",0,"8","10","2","6","","5","","","3","","","/","","",0,"8",.0,"8",.0,"8","","8",0,"8","","",.0,"8",.0,"8",.0,"8",.0,"8",.0,"8",.0,"8",.0,"8",.0,"8",.0,"8",0,"8",0,"8",0,"8","","",0,"8",0,"8"
"352190360","P£OCK","2006","03","10","18","5","",0,"8",0,"8","","","",5,"",0,"8",0,"8",7,"",90,"",1,"",0,"",-1.4,"",.0,"8","U","",4.5,"",81,"",-4.2,"",989.8,"",1003.4,"",2,.7,"",.0,"",7,"","85","2","7","","9","","","/","","","/","","",14,"",.0,"8",.0,"8","","8",0,"8","","",.0,"8",.0,"8",.0,"8",.0,"8",.0,"8",.0,"8",.0,"8",.0,"8",.0,"8",0,"8",0,"8",0,"8","","",0,"8",0,"8"
"352190360","P£OCK","2006","03","10","19","6","",0,"8",0,"8","","","",5,"",0,"8",0,"8",8,"",40,"",2,"",0,"",-1.8,"",.0,"8","U","",4.4,"",82,"",-4.5,"",989.8,"",1003.4,"",1,.3,"",.0,"8",0,"8","26","2","8","","5","","","/","","","/","","",0,"8",.0,"8",.0,"8","","8",0,"8","","",.0,"8",.0,"8",.0,"8",.0,"8",.0,"8",.0,"8",.0,"8",.0,"8",.0,"8",0,"8",0,"8",0,"8","","",0,"8",0,"8"
"352190360","P£OCK","2006","03","10","20","5","",0,"8",0,"8","","","",5,"",0,"8",0,"8",7,"",70,"",2,"",0,"",-1.8,"",.0,"8","U","",4.4,"",83,"",-4.3,"",989.7,"",1003.3,"",0,.1,"",.0,"8",0,"8","85","2","7","","9","","","/","","","/","","",0,"8",.0,"8",.0,"8","","8",0,"8","","",.0,"8",.0,"8",.0,"8",.0,"8",.0,"8",.0,"8",.0,"8",.0,"8",.0,"8",0,"8",0,"8",0,"8","","",0,"8",0,"8"
"352190360","P£OCK","2006","03","10","21","5","",0,"8",0,"8","","","",5,"",0,"8",0,"8",7,"",60,"",2,"",0,"",-1.9,"",.0,"8","U","",4.5,"",84,"",-4.2,"",989.6,"",1003.2,"",8,-.2,"",.0,"8",0,"8","26","2","7","","9","","","/","","","/","","",0,"8",.0,"8",.0,"8","","8",0,"8","","",.0,"8",.0,"8",.0,"8",.0,"8",.0,"8",.0,"8",.0,"8",.0,"8",.0,"8",0,"8",0,"8",0,"8","","",0,"8",0,"8"
"352190360","P£OCK","2006","03","10","22","5","",0,"8",0,"8","","","",5,"",0,"8",0,"8",7,"",60,"",2,"",0,"",-1.9,"",.0,"8","U","",4.5,"",84,"",-4.2,"",989.4,"",1003.0,"",7,-.4,"",.0,"8",0,"8","10","2","7","","9","","","/","","","/","","",0,"8",.0,"8",.0,"8","","8",0,"8","","",.0,"8",.0,"8",.0,"8",.0,"8",.0,"8",.0,"8",.0,"8",.0,"8",.0,"8",0,"8",0,"8",0,"8","","",0,"8",0,"8"
"352190360","P£OCK","2006","03","10","23","5","",0,"8",0,"8","","","",5,"",0,"8",0,"8",8,"",40,"",2,"",0,"",-2.1,"",.0,"8","U","",4.5,"",86,"",-4.1,"",989.6,"",1003.3,"",5,-.1,"",.0,"8",0,"8","10","2","8","","5","","","/","","","/","","",0,"8",.0,"8",.0,"8","","8",0,"8","","",.0,"8",.0,"8",.0,"8",.0,"8",.0,"8",.0,"8",.0,"8",.0,"8",.0,"8",0,"8",0,"8",0,"8","","",0,"8",0,"8"
"352190360","P£OCK","2006","03","11","00","4","",0,"8",0,"8","","","",5,"",0,"8",0,"8",8,"",40,"",3,"",0,"",-2.2,"",.0,"8","U","",4.5,"",86,"",-4.2,"",989.6,"",1003.3,"",4,.0,"",.0,"",7,"","10","8","8","","5","","","/","","","/","","",14,"",.0,"8",.0,"8","","8",0,"8","","",.0,"8",.0,"8",.0,"8",.0,"8",.0,"8",.0,"8",.0,"8",.0,"8",.0,"8",0,"8",0,"8",0,"8","","",0,"8",0,"8"
"352190360","P£OCK","2006","03","11","01","4","",0,"8",0,"8","","","",5,"",0,"8",0,"8",8,"",40,"",2,"",0,"",-2.4,"",.0,"8","U","",4.4,"",85,"",-4.6,"",989.4,"",1003.1,"",0,.0,"",.0,"8",0,"8","85","2","8","","9","","","/","","","/","","",0,"8",.0,"8",.0,"8","","8",0,"8","","",.0,"8",.0,"8",.0,"8",.0,"8",.0,"8",.0,"8",.0,"8",.0,"8",.0,"8",0,"8",0,"8",0,"8","","",0,"8",0,"8"
"352190360","P£OCK","2006","03","11","02","4","",0,"8",0,"8","","","",5,"",0,"8",0,"8",8,"",40,"",3,"",0,"",-2.6,"",.0,"8","U","",4.3,"",85,"",-4.8,"",989.1,"",1002.8,"",8,-.5,"",.0,"8",0,"8","26","8","8","","9","","","/","","","/","","",0,"8",.0,"8",.0,"8","","8",0,"8","","",.0,"8",.0,"8",.0,"8",.0,"8",.0,"8",.0,"8",.0,"8",.0,"8",.0,"8",0,"8",0,"8",0,"8","","",0,"8",0,"8"
"352190360","P£OCK","2006","03","11","03","5","",0,"8",0,"8","","","",5,"",0,"8",0,"8",8,"",20,"",3,"",0,"",-2.8,"",.0,"8","U","",4.3,"",86,"",-4.8,"",989.2,"",1002.9,"",5,-.4,"",.0,"8",0,"8","10","8","8","","5","","","/","","","/","","",0,"8",.0,"8",.0,"8","","8",0,"8","","",.0,"8",.0,"8",.0,"8",.0,"8",.0,"8",.0,"8",.0,"8",.0,"8",.0,"8",0,"8",0,"8",0,"8","","",0,"8",0,"8"
"352190360","P£OCK","2006","03","11","04","5","",0,"8",0,"8","","","",5,"",0,"8",0,"8",8,"",40,"",4,"",0,"",-3.0,"",.0,"8","U","",4.3,"",88,"",-4.7,"",989.4,"",1003.1,"",5,.0,"",.0,"8",0,"8","10","2","8","","5","","","/","","","/","","",0,"8",.0,"8",.0,"8","","8",0,"8","","",.0,"8",.0,"8",.0,"8",.0,"8",.0,"8",.0,"8",.0,"8",.0,"8",.0,"8",0,"8",0,"8",0,"8","","",0,"8",0,"8"
"352190360","P£OCK","2006","03","11","05","5","",0,"8",0,"8","","","",5,"",0,"8",0,"8",8,"",20,"",3,"",0,"",-3.1,"",.0,"8","U","",4.3,"",88,"",-4.8,"",989.9,"",1003.6,"",3,.8,"",.0,"8",0,"8","10","2","8","","5","","","/","","","/","","",0,"8",.0,"8",.0,"8","","8",0,"8","","",.0,"8",.0,"8",.0,"8",.0,"8",.0,"8",.0,"8",.0,"8",.0,"8",.0,"8",0,"8",0,"8",0,"8","","",0,"8",0,"8"
"352190360","P£OCK","2006","03","11","06","5","",0,"8",0,"8","","","",5,"",0,"8",0,"8",8,"",30,"",4,"",0,"",-3.5,"",.0,"8","U","",4.2,"",88,"",-5.2,"",990.3,"",1004.0,"",2,1.1,"",.0,"",7,"","85","2","8","","9","","","/","","","/","","",14,"",.0,"8",.0,"8","","8",0,"8","","",.0,"8",.0,"8",.0,"8",.0,"8",.0,"8",.0,"8",.0,"8",.0,"8",.0,"8",0,"8",0,"8",0,"8","","",0,"8",0,"8"
"352190360","P£OCK","2006","03","11","07","4","",0,"8",0,"8","","","",5,"",0,"8",0,"8",7,"",30,"",4,"",0,"",-3.4,"",.0,"8","U","",4.1,"",86,"",-5.4,"",990.7,"",1004.4,"",2,1.3,"",.0,"8",0,"8","85","8","7","","9","","","/","","","/","","",0,"8",.0,"8",.0,"8","","8",0,"8","","",.0,"8",.0,"8",.0,"8",.0,"8",.0,"8",.0,"8",.0,"8",.0,"8",.0,"8",0,"8",0,"8",0,"8","","",0,"8",0,"8"
"352190360","P£OCK","2006","03","11","08","4","",0,"8",0,"8","","","",5,"",0,"8",0,"8",6,"",20,"",4,"",0,"",-3.3,"",.0,"8","U","",4.0,"",83,"",-5.8,"",991.2,"",1004.9,"",2,1.3,"",.0,"8",0,"8","85","8","3","","9","","","3","","","1","","",0,"8",.0,"8",.0,"8","","8",0,"8","","",.0,"8",.0,"8",.0,"8",.0,"8",.0,"8",.0,"8",.0,"8",.0,"8",.0,"8",0,"8",0,"8",0,"8","","",0,"8",0,"8"
"352190360","P£OCK","2006","03","11","09","5","",0,"8",0,"8","","","",6,"",0,"8",0,"8",2,"",20,"",4,"",0,"",-3.2,"",.0,"8","U","",3.8,"",78,"",-6.5,"",991.6,"",1005.3,"",2,1.3,"",.0,"8",0,"8","26","8","1","","5","","","0","","","1","","",0,"8",.0,"8",.0,"8","","8",0,"8","","",.0,"8",.0,"8",.0,"8",.0,"8",.0,"8",.0,"8",.0,"8",.0,"8",.0,"8",0,"8",0,"8",0,"8","","",0,"8",0,"8"
"352190360","P£OCK","2006","03","11","10","7","",0,"8",0,"8","","","",6,"",0,"8",0,"8",4,"",10,"",4,"",0,"",-2.3,"",.0,"8","U","",3.8,"",73,"",-6.5,"",992.1,"",1005.8,"",2,1.4,"",.0,"8",0,"8","10","0","4","","5","","","0","","","0","","",0,"8",.0,"8",.0,"8","","8",0,"8","","",.0,"8",.0,"8",.0,"8",.0,"8",.0,"8",.0,"8",.0,"8",.0,"8",.0,"8",0,"8",0,"8",0,"8","","",0,"8",0,"8"
"352190360","P£OCK","2006","03","11","11","9","",0,"8",0,"8","","","",6,"",0,"8",0,"8",1,"",30,"",4,"",0,"",-1.8,"",.0,"8","U","",3.8,"",71,"",-6.4,"",992.4,"",1006.1,"",2,1.2,"",.0,"8",0,"8","10","0","0","","0","","","0","","","1","","",0,"8",.0,"8",.0,"8","","8",0,"8","","",.0,"8",.0,"8",.0,"8",.0,"8",.0,"8",.0,"8",.0,"8",.0,"8",.0,"8",0,"8",0,"8",0,"8","","",0,"8",0,"8"
"352190360","P£OCK","2006","03","11","12","9","",0,"8",0,"8","","","",6,"",0,"8",0,"8",1,"",20,"",5,"",0,"",-1.4,"",.0,"8","U","",3.7,"",67,"",-6.7,"",992.5,"",1006.2,"",1,.9,"",.0,"",7,"","05","8","0","","0","","","0","","","1","","",14,"",.0,"8",.0,"8","","8",0,"8","","",.0,"8",.0,"8",.0,"8",.0,"8",.0,"8",.0,"8",.0,"8",.0,"8",.0,"8",0,"8",0,"8",0,"8","","",0,"8",0,"8"
"352190360","P£OCK","2006","03","11","13","9","",0,"8",0,"8","","","",6,"",0,"8",0,"8",1,"",20,"",4,"",0,"",-1.1,"",.0,"8","U","",3.9,"",69,"",-6.1,"",992.7,"",1006.4,"",2,.6,"",.0,"8",0,"8","05","0","0","","0","","","0","","","1","","",0,"8",.0,"8",.0,"8","","8",0,"8","","",.0,"8",.0,"8",.0,"8",.0,"8",.0,"8",.0,"8",.0,"8",.0,"8",.0,"8",0,"8",0,"8",0,"8","","",0,"8",0,"8"
"352190360","P£OCK","2006","03","11","14","9","",0,"8",0,"8","","","",6,"",0,"8",0,"8",0,"",360,"",4,"",0,"",-1.0,"",.0,"8","U","",3.8,"",67,"",-6.4,"",993.1,"",1006.8,"",3,.7,"",.0,"8",0,"8","05","0","0","","0","","","0","","","0","","",0,"8",.0,"8",.0,"8","","8",0,"8","","",.0,"8",.0,"8",.0,"8",.0,"8",.0,"8",.0,"8",.0,"8",.0,"8",.0,"8",0,"8",0,"8",0,"8","","",0,"8",0,"8"
"352190360","P£OCK","2006","03","11","15","9","",0,"8",0,"8","","","",6,"",0,"8",0,"8",1,"",10,"",4,"",0,"",-1.7,"",.0,"8","U","",3.7,"",68,"",-6.8,"",993.4,"",1007.1,"",2,.9,"",.0,"8",0,"8","05","0","0","","0","","","0","","","1","","",0,"8",.0,"8",.0,"8","","8",0,"8","","",.0,"8",.0,"8",.0,"8",.0,"8",.0,"8",.0,"8",.0,"8",.0,"8",.0,"8",0,"8",0,"8",0,"8","","",0,"8",0,"8"
"352190360","P£OCK","2006","03","11","16","9","",0,"8",0,"8","","","",6,"",0,"8",0,"8",1,"",10,"",6,"",0,"",-3.3,"",.0,"8","U","",3.4,"",71,"",-7.8,"",994.3,"",1008.1,"",2,1.6,"",.0,"8",0,"8","10","0","0","","0","","","0","","","1","","",0,"8",.0,"8",.0,"8","","8",0,"8","","",.0,"8",.0,"8",.0,"8",.0,"8",.0,"8",.0,"8",.0,"8",.0,"8",.0,"8",0,"8",0,"8",0,"8","","",0,"8",0,"8"
"352190360","P£OCK","2006","03","11","17","5","",0,"8",0,"8","","","",6,"",0,"8",0,"8",3,"",10,"",6,"",0,"",-4.2,"",.0,"8","U","",3.3,"",74,"",-8.1,"",995.2,"",1009.0,"",3,2.1,"",.0,"8",0,"8","10","0","1","","5","","","3","","","1","","",0,"8",.0,"8",.0,"8","","8",0,"8","","",.0,"8",.0,"8",.0,"8",.0,"8",.0,"8",.0,"8",.0,"8",.0,"8",.0,"8",0,"8",0,"8",0,"8","","",0,"8",0,"8"
"352190360","P£OCK","2006","03","11","18","4","",0,"8",0,"8","","","",6,"",0,"8",0,"8",7,"",10,"",5,"",0,"",-4.3,"",.0,"8","U","",3.5,"",78,"",-7.6,"",995.9,"",1009.8,"",1,2.5,"",.0,"9",0,"9","10","1","7","","5","","","/","","","/","","",14,"",.0,"8",.0,"8","","8",0,"8","","",.0,"8",.0,"8",.0,"8",.0,"8",.0,"8",.0,"8",.0,"8",.0,"8",.0,"8",0,"8",0,"8",0,"8","","",0,"8",0,"8"
"352190360","P£OCK","2006","03","11","19","4","",0,"8",0,"8","","","",6,"",0,"8",0,"8",7,"",20,"",5,"",0,"",-4.5,"",.0,"8","U","",3.5,"",79,"",-7.6,"",996.4,"",1010.3,"",1,2.1,"",.0,"8",0,"8","10","2","7","","5","","","/","","","/","","",0,"8",.0,"8",.0,"8","","8",0,"8","","",.0,"8",.0,"8",.0,"8",.0,"8",.0,"8",.0,"8",.0,"8",.0,"8",.0,"8",0,"8",0,"8",0,"8","","",0,"8",0,"8"
"352190360","P£OCK","2006","03","11","20","4","",0,"8",0,"8","","","",6,"",0,"8",0,"8",8,"",30,"",4,"",0,"",-4.5,"",.0,"8","U","",3.5,"",79,"",-7.6,"",996.9,"",1010.8,"",1,1.7,"",.0,"8",0,"8","10","2","8","","5","","","/","","","/","","",0,"8",.0,"8",.0,"8","","8",0,"8","","",.0,"8",.0,"8",.0,"8",.0,"8",.0,"8",.0,"8",.0,"8",.0,"8",.0,"8",0,"8",0,"8",0,"8","","",0,"8",0,"8"
"352190360","P£OCK","2006","03","11","21","4","",0,"8",0,"8","","","",6,"",0,"8",0,"8",8,"",30,"",5,"",0,"",-4.4,"",.0,"8","U","",3.4,"",77,"",-7.8,"",997.1,"",1011.0,"",1,1.2,"",.0,"8",0,"8","10","2","8","","5","","","/","","","/","","",0,"8",.0,"8",.0,"8","","8",0,"8","","",.0,"8",.0,"8",.0,"8",.0,"8",.0,"8",.0,"8",.0,"8",.0,"8",.0,"8",0,"8",0,"8",0,"8","","",0,"8",0,"8"
"352190360","P£OCK","2006","03","11","22","4","",0,"8",0,"8","","","",6,"",0,"8",0,"8",8,"",10,"",5,"",0,"",-4.7,"",.0,"8","U","",3.4,"",78,"",-8.0,"",997.5,"",1011.4,"",2,1.1,"",.0,"8",0,"8","10","2","8","","5","","","/","","","/","","",0,"8",.0,"8",.0,"8","","8",0,"8","","",.0,"8",.0,"8",.0,"8",.0,"8",.0,"8",.0,"8",.0,"8",.0,"8",.0,"8",0,"8",0,"8",0,"8","","",0,"8",0,"8"
"352190360","P£OCK","2006","03","11","23","4","",0,"8",0,"8","","","",6,"",0,"8",0,"8",8,"",10,"",4,"",0,"",-5.0,"",.0,"8","U","",3.3,"",77,"",-8.4,"",997.7,"",1011.6,"",2,.8,"",.0,"8",0,"8","10","2","8","","5","","","/","","","/","","",0,"8",.0,"8",.0,"8","","8",0,"8","","",.0,"8",.0,"8",.0,"8",.0,"8",.0,"8",.0,"8",.0,"8",.0,"8",.0,"8",0,"8",0,"8",0,"8","","",0,"8",0,"8"
"352190360","P£OCK","2006","03","12","00","4","",0,"8",0,"8","","","",6,"",0,"8",0,"8",8,"",10,"",4,"",0,"",-5.1,"",.0,"8","U","",3.2,"",77,"",-8.5,"",998.1,"",1012.0,"",2,1.0,"",.0,"9",0,"9","10","2","8","","5","","","/","","","/","","",14,"",.0,"8",.0,"8","","8",0,"8","","",.0,"8",.0,"8",.0,"8",.0,"8",.0,"8",.0,"8",.0,"8",.0,"8",.0,"8",0,"8",0,"8",0,"8","","",0,"8",0,"8"
"352190360","P£OCK","2006","03","12","01","4","",0,"8",0,"8","","","",6,"",0,"8",0,"8",8,"",20,"",5,"",0,"",-5.3,"",.0,"8","U","",3.2,"",77,"",-8.7,"",998.5,"",1012.4,"",3,1.0,"",.0,"8",0,"8","10","2","8","","5","","","/","","","/","","",0,"8",.0,"8",.0,"8","","8",0,"8","","",.0,"8",.0,"8",.0,"8",.0,"8",.0,"8",.0,"8",.0,"8",.0,"8",.0,"8",0,"8",0,"8",0,"8","","",0,"8",0,"8"
"352190360","P£OCK","2006","03","12","02","5","",0,"8",0,"8","","","",6,"",0,"8",0,"8",8,"",350,"",3,"",0,"",-5.4,"",.0,"8","U","",3.2,"",79,"",-8.5,"",998.9,"",1012.9,"",2,1.2,"",.0,"8",0,"8","10","2","8","","5","","","/","","","/","","",0,"8",.0,"8",.0,"8","","8",0,"8","","",.0,"8",.0,"8",.0,"8",.0,"8",.0,"8",.0,"8",.0,"8",.0,"8",.0,"8",0,"8",0,"8",0,"8","","",0,"8",0,"8"
"352190360","P£OCK","2006","03","12","03","5","",0,"8",0,"8","","","",6,"",0,"8",0,"8",8,"",350,"",3,"",0,"",-5.3,"",.0,"8","U","",3.2,"",78,"",-8.5,"",999.6,"",1013.6,"",3,1.5,"",.0,"8",0,"8","10","2","8","","5","","","/","","","/","","",0,"8",.0,"8",.0,"8","","8",0,"8","","",.0,"8",.0,"8",.0,"8",.0,"8",.0,"8",.0,"8",.0,"8",.0,"8",.0,"8",0,"8",0,"8",0,"8","","",0,"8",0,"8"
"352190360","P£OCK","2006","03","12","04","5","",0,"8",0,"8","","","",6,"",0,"8",0,"8",8,"",360,"",4,"",0,"",-5.4,"",.0,"8","U","",3.2,"",78,"",-8.6,"",1000.3,"",1014.3,"",3,1.8,"",.0,"8",0,"8","10","2","8","","5","","","/","","","/","","",0,"8",.0,"8",.0,"8","","8",0,"8","","",.0,"8",.0,"8",.0,"8",.0,"8",.0,"8",.0,"8",.0,"8",.0,"8",.0,"8",0,"8",0,"8",0,"8","","",0,"8",0,"8"
"352190360","P£OCK","2006","03","12","05","4","",0,"8",0,"8","","","",7,"",0,"8",0,"8",8,"",360,"",5,"",0,"",-5.4,"",.0,"8","U","",3.1,"",75,"",-9.1,"",1001.4,"",1015.4,"",3,2.5,"",.0,"8",0,"8","02","2","8","","5","","","/","","","/","","",0,"8",.0,"8",.0,"8","","8",0,"8","","",.0,"8",.0,"8",.0,"8",.0,"8",.0,"8",.0,"8",.0,"8",.0,"8",.0,"8",0,"8",0,"8",0,"8","","",0,"8",0,"8"
"352190360","P£OCK","2006","03","12","06","5","",0,"8",0,"8","","","",7,"",0,"8",0,"8",3,"",330,"",2,"",0,"",-6.1,"",.0,"8","U","",2.9,"",74,"",-10.0,"",1002.2,"",1016.2,"",2,2.6,"",.0,"9",0,"9","01","1","1","","5","","","0","","","1","","",14,"",.0,"8",.0,"8","","8",0,"8","","",.0,"8",.0,"8",.0,"8",.0,"8",.0,"8",.0,"8",.0,"8",.0,"8",.0,"8",0,"8",0,"8",0,"8","","",0,"8",0,"8"
"352190360","P£OCK","2006","03","12","07","9","",0,"8",0,"8","","","",7,"",0,"8",0,"8",2,"",310,"",3,"",0,"",-6.3,"",.0,"8","U","",2.9,"",75,"",-10.0,"",1003.2,"",1017.3,"",2,2.9,"",.0,"8",0,"8","01","0","0","","0","","","0","","","1","","",0,"8",.0,"8",.0,"8","","8",0,"8","","",.0,"8",.0,"8",.0,"8",.0,"8",.0,"8",.0,"8",.0,"8",.0,"8",.0,"8",0,"8",0,"8",0,"8","","",0,"8",0,"8"
"352190360","P£OCK","2006","03","12","08","9","",0,"8",0,"8","","","",7,"",0,"8",0,"8",2,"",320,"",4,"",0,"",-5.8,"",.0,"8","U","",2.9,"",74,"",-9.7,"",1004.0,"",1018.1,"",2,2.6,"",.0,"8",0,"8","02","0","0","","0","","","0","","","1","","",0,"8",.0,"8",.0,"8","","8",0,"8","","",.0,"8",.0,"8",.0,"8",.0,"8",.0,"8",.0,"8",.0,"8",.0,"8",.0,"8",0,"8",0,"8",0,"8","","",0,"8",0,"8"
"352190360","P£OCK","2006","03","12","09","9","",0,"8",0,"8","","","",7,"",0,"8",0,"8",2,"",350,"",4,"",0,"",-4.8,"",.0,"8","U","",2.9,"",67,"",-10.0,"",1005.0,"",1019.0,"",2,2.8,"",.0,"8",0,"8","02","0","0","","0","","","0","","","1","","",0,"8",.0,"8",.0,"8","","8",0,"8","","",.0,"8",.0,"8",.0,"8",.0,"8",.0,"8",.0,"8",.0,"8",.0,"8",.0,"8",0,"8",0,"8",0,"8","","",0,"8",0,"8"
"352190360","P£OCK","2006","03","12","10","9","",0,"8",0,"8","","","",7,"",0,"8",0,"8",2,"",320,"",5,"",0,"",-4.0,"",.0,"8","U","",2.9,"",64,"",-9.8,"",1006.0,"",1020.0,"",3,2.8,"",.0,"8",0,"8","02","0","0","","0","","","0","","","1","","",0,"8",.0,"8",.0,"8","","8",0,"8","","",.0,"8",.0,"8",.0,"8",.0,"8",.0,"8",.0,"8",.0,"8",.0,"8",.0,"8",0,"8",0,"8",0,"8","","",0,"8",0,"8"
"352190360","P£OCK","2006","03","12","11","9","",0,"8",0,"8","","","",7,"",0,"8",0,"8",2,"",310,"",5,"",0,"",-3.6,"",.0,"8","U","",3.0,"",63,"",-9.6,"",1006.8,"",1020.8,"",1,2.8,"",.0,"8",0,"8","02","0","0","","0","","","0","","","1","","",0,"8",.0,"8",.0,"8","","8",0,"8","","",.0,"8",.0,"8",.0,"8",.0,"8",.0,"8",.0,"8",.0,"8",.0,"8",.0,"8",0,"8",0,"8",0,"8","","",0,"8",0,"8"
"352190360","P£OCK","2006","03","12","12","9","",0,"8",0,"8","","","",8,"",0,"8",0,"8",2,"",330,"",5,"",0,"",-2.0,"",.0,"8","U","",3.1,"",58,"",-9.2,"",1007.7,"",1021.6,"",2,2.7,"",.0,"9",0,"9","02","0","0","","0","","","0","","","1","","",14,"",.0,"8",.0,"8","","8",0,"8","","",.0,"8",.0,"8",.0,"8",.0,"8",.0,"8",.0,"8",.0,"8",.0,"8",.0,"8",0,"8",0,"8",0,"8","","",0,"8",0,"8"
"352190360","P£OCK","2006","03","12","13","9","",0,"8",0,"8","","","",8,"",0,"8",0,"8",2,"",310,"",6,"",0,"",-1.3,"",.0,"8","U","",3.2,"",58,"",-8.5,"",1008.5,"",1022.4,"",2,2.5,"",.0,"8",0,"8","02","0","0","","0","","","0","","","1","","",0,"8",.0,"8",.0,"8","","8",0,"8","","",.0,"8",.0,"8",.0,"8",.0,"8",.0,"8",.0,"8",.0,"8",.0,"8",.0,"8",0,"8",0,"8",0,"8","","",0,"8",0,"8"
"352190360","P£OCK","2006","03","12","14","9","",0,"8",0,"8","","","",8,"",0,"8",0,"8",2,"",320,"",5,"",0,"",-1.1,"",.0,"8","U","",3.2,"",57,"",-8.5,"",1008.9,"",1022.8,"",1,2.1,"",.0,"8",0,"8","02","0","0","","0","","","0","","","1","","",0,"8",.0,"8",.0,"8","","8",0,"8","","",.0,"8",.0,"8",.0,"8",.0,"8",.0,"8",.0,"8",.0,"8",.0,"8",.0,"8",0,"8",0,"8",0,"8","","",0,"8",0,"8"
"352190360","P£OCK","2006","03","12","15","9","",0,"8",0,"8","","","",8,"",0,"8",0,"8",1,"",320,"",5,"",0,"",-1.6,"",.0,"8","U","",3.3,"",61,"",-8.1,"",1009.5,"",1023.4,"",2,1.8,"",.0,"8",0,"8","01","0","0","","0","","","0","","","1","","",0,"8",.0,"8",.0,"8","","8",0,"8","","",.0,"8",.0,"8",.0,"8",.0,"8",.0,"8",.0,"8",.0,"8",.0,"8",.0,"8",0,"8",0,"8",0,"8","","",0,"8",0,"8"
"352190360","P£OCK","2006","03","12","16","9","",0,"8",0,"8","","","",8,"",0,"8",0,"8",2,"",330,"",4,"",0,"",-2.5,"",.0,"8","U","",3.1,"",60,"",-9.2,"",1010.4,"",1024.4,"",3,1.9,"",.0,"8",0,"8","03","0","1","","0","","","3","","","1","","",0,"8",.0,"8",.0,"8","","8",0,"8","","",.0,"8",.0,"8",.0,"8",.0,"8",.0,"8",.0,"8",.0,"8",.0,"8",.0,"8",0,"8",0,"8",0,"8","","",0,"8",0,"8"
"352190360","P£OCK","2006","03","12","17","9","",0,"8",0,"8","","","",7,"",0,"8",0,"8",2,"",330,"",4,"",0,"",-3.8,"",.0,"8","U","",2.9,"",63,"",-9.8,"",1011.5,"",1025.6,"",3,2.6,"",.0,"8",0,"8","02","0","1","","0","","","3","","","1","","",0,"8",.0,"8",.0,"8","","8",0,"8","","",.0,"8",.0,"8",.0,"8",.0,"8",.0,"8",.0,"8",.0,"8",.0,"8",.0,"8",0,"8",0,"8",0,"8","","",0,"8",0,"8"
"352190360","P£OCK","2006","03","12","18","9","",0,"8",0,"8","","","",7,"",0,"8",0,"8",1,"",330,"",3,"",0,"",-5.1,"",.0,"8","U","",2.9,"",69,"",-9.9,"",1012.7,"",1026.8,"",3,3.2,"",.0,"9",0,"9","01","0","0","","0","","","0","","","1","","",14,"",.0,"8",.0,"8","","8",0,"8","","",.0,"8",.0,"8",.0,"8",.0,"8",.0,"8",.0,"8",.0,"8",.0,"8",.0,"8",0,"8",0,"8",0,"8","","",0,"8",0,"8"
"352190360","P£OCK","2006","03","12","19","9","",0,"8",0,"8","","","",7,"",0,"8",0,"8",1,"",330,"",4,"",0,"",-5.6,"",.0,"8","U","",3.0,"",74,"",-9.5,"",1013.7,"",1027.9,"",2,3.3,"",.0,"8",0,"8","02","0","0","","0","","","0","","","1","","",0,"8",.0,"8",.0,"8","","8",0,"8","","",.0,"8",.0,"8",.0,"8",.0,"8",.0,"8",.0,"8",.0,"8",.0,"8",.0,"8",0,"8",0,"8",0,"8","","",0,"8",0,"8"
"352190360","P£OCK","2006","03","12","20","9","",0,"8",0,"8","","","",7,"",0,"8",0,"8",1,"",320,"",3,"",0,"",-6.8,"",.0,"8","U","",2.8,"",77,"",-10.2,"",1014.5,"",1028.8,"",1,3.0,"",.0,"8",0,"8","02","0","0","","0","","","0","","","1","","",0,"8",.0,"8",.0,"8","","8",0,"8","","",.0,"8",.0,"8",.0,"8",.0,"8",.0,"8",.0,"8",.0,"8",.0,"8",.0,"8",0,"8",0,"8",0,"8","","",0,"8",0,"8"
"352190360","P£OCK","2006","03","12","21","9","",0,"8",0,"8","","","",7,"",0,"8",0,"8",1,"",300,"",2,"",0,"",-8.8,"",.0,"8","U","",2.6,"",81,"",-11.5,"",1015.2,"",1029.6,"",1,2.5,"",.0,"8",0,"8","02","0","0","","0","","","0","","","1","","",0,"8",.0,"8",.0,"8","","8",0,"8","","",.0,"8",.0,"8",.0,"8",.0,"8",.0,"8",.0,"8",.0,"8",.0,"8",.0,"8",0,"8",0,"8",0,"8","","",0,"8",0,"8"
"352190360","P£OCK","2006","03","12","22","9","",0,"8",0,"8","","","",7,"",0,"8",0,"8",2,"",310,"",2,"",0,"",-8.7,"",.0,"8","U","",2.7,"",85,"",-10.8,"",1015.6,"",1030.0,"",1,1.9,"",.0,"8",0,"8","03","0","0","","0","","","0","","","1","","",0,"8",.0,"8",.0,"8","","8",0,"8","","",.0,"8",.0,"8",.0,"8",.0,"8",.0,"8",.0,"8",.0,"8",.0,"8",.0,"8",0,"8",0,"8",0,"8","","",0,"8",0,"8"
"352190360","P£OCK","2006","03","12","23","9","",0,"8",0,"8","","","",7,"",0,"8",0,"8",4,"",300,"",1,"",0,"",-9.8,"",.0,"8","U","",2.5,"",85,"",-11.8,"",1016.0,"",1030.4,"",1,1.5,"",.0,"8",0,"8","03","0","0","","0","","","0","","","6","","",0,"8",.0,"8",.0,"8","","8",0,"8","","",.0,"8",.0,"8",.0,"8",.0,"8",.0,"8",.0,"8",.0,"8",.0,"8",.0,"8",0,"8",0,"8",0,"8","","",0,"8",0,"8"
"352190360","P£OCK","2006","03","13","00","9","",0,"8",0,"8","","","",7,"",0,"8",0,"8",5,"",310,"",3,"",0,"",-9.8,"",.0,"8","U","",2.6,"",88,"",-11.4,"",1016.3,"",1030.7,"",2,1.1,"",.0,"9",0,"9","03","1","0","","0","","","0","","","6","","",14,"",.0,"8",.0,"8","","8",0,"8","","",.0,"8",.0,"8",.0,"8",.0,"8",.0,"8",.0,"8",.0,"8",.0,"8",.0,"8",0,"8",0,"8",0,"8","","",0,"8",0,"8"
"352190360","P£OCK","2006","03","13","01","9","",0,"8",0,"8","","","",6,"",0,"8",0,"8",3,"",300,"",2,"",0,"",-10.6,"",.0,"8","U","",2.4,"",89,"",-12.1,"",1016.8,"",1031.3,"",2,1.2,"",.0,"8",0,"8","10","1","0","","0","","","0","","","1","","",0,"8",.0,"8",.0,"8","","8",0,"8","","",.0,"8",.0,"8",.0,"8",.0,"8",.0,"8",.0,"8",.0,"8",.0,"8",.0,"8",0,"8",0,"8",0,"8","","",0,"8",0,"8"
"352190360","P£OCK","2006","03","13","02","9","",0,"8",0,"8","","","",6,"",0,"8",0,"8",3,"",300,"",3,"",0,"",-11.3,"",.0,"8","U","",2.3,"",90,"",-12.6,"",1017.0,"",1031.5,"",2,1.0,"",.0,"8",0,"8","10","0","0","","0","","","0","","","1","","",0,"8",.0,"8",.0,"8","","8",0,"8","","",.0,"8",.0,"8",.0,"8",.0,"8",.0,"8",.0,"8",.0,"8",.0,"8",.0,"8",0,"8",0,"8",0,"8","","",0,"8",0,"8"
"352190360","P£OCK","2006","03","13","03","9","",0,"8",0,"8","","","",6,"",0,"8",0,"8",3,"",320,"",2,"",0,"",-12.2,"",.0,"8","U","",2.1,"",89,"",-13.6,"",1017.0,"",1031.6,"",1,.7,"",.0,"8",0,"8","10","1","0","","0","","","0","","","1","","",0,"8",.0,"8",.0,"8","","8",0,"8","","",.0,"8",.0,"8",.0,"8",.0,"8",.0,"8",.0,"8",.0,"8",.0,"8",.0,"8",0,"8",0,"8",0,"8","","",0,"8",0,"8"
"352190360","P£OCK","2006","03","13","04","9","",0,"8",0,"8","","","",6,"",0,"8",0,"8",2,"",320,"",2,"",0,"",-12.5,"",.0,"8","U","",2.1,"",89,"",-13.9,"",1017.1,"",1031.7,"",2,.3,"",.0,"8",0,"8","10","0","0","","0","","","0","","","1","","",0,"8",.0,"8",.0,"8","","8",0,"8","","",.0,"8",.0,"8",.0,"8",.0,"8",.0,"8",.0,"8",.0,"8",.0,"8",.0,"8",0,"8",0,"8",0,"8","","",0,"8",0,"8"
"352190360","P£OCK","2006","03","13","05","9","",0,"8",0,"8","","","",6,"",0,"8",0,"8",1,"",300,"",1,"",0,"",-12.7,"",.0,"8","U","",2.1,"",89,"",-14.1,"",1017.6,"",1032.2,"",3,.6,"",.0,"8",0,"8","10","0","0","","0","","","0","","","1","","",0,"8",.0,"8",.0,"8","","8",0,"8","","",.0,"8",.0,"8",.0,"8",.0,"8",.0,"8",.0,"8",.0,"8",.0,"8",.0,"8",0,"8",0,"8",0,"8","","",0,"8",0,"8"
"352190360","P£OCK","2006","03","13","06","9","",0,"8",0,"8","","","",6,"",0,"8",0,"8",1,"",320,"",1,"",0,"",-13.4,"",.0,"8","U","",1.9,"",87,"",-15.1,"",1018.1,"",1032.8,"",3,1.1,"",.0,"9",0,"9","10","1","0","","0","","","0","","","1","","",14,"",.0,"8",.0,"8","","8",0,"8","","",.0,"8",.0,"8",.0,"8",.0,"8",.0,"8",.0,"8",.0,"8",.0,"8",.0,"8",0,"8",0,"8",0,"8","","",0,"8",0,"8"
"352190360","P£OCK","2006","03","13","07","9","",0,"8",0,"8","","","",6,"",0,"8",0,"8",5,"",310,"",2,"",0,"",-11.1,"",.0,"8","U","",2.3,"",89,"",-12.6,"",1018.5,"",1033.0,"",2,1.4,"",.0,"8",0,"8","10","1","0","","0","","","0","","","6","","",0,"8",.0,"8",.0,"8","","8",0,"8","","",.0,"8",.0,"8",.0,"8",.0,"8",.0,"8",.0,"8",.0,"8",.0,"8",.0,"8",0,"8",0,"8",0,"8","","",0,"8",0,"8"
"352190360","P£OCK","2006","03","13","08","9","",0,"8",0,"8","","","",6,"",0,"8",0,"8",8,"",310,"",2,"",0,"",-9.5,"",.0,"8","U","",2.6,"",88,"",-11.1,"",1018.5,"",1033.0,"",1,.9,"",.0,"8",0,"8","10","2","0","","0","","","0","","","7","","",0,"8",.0,"8",.0,"8","","8",0,"8","","",.0,"8",.0,"8",.0,"8",.0,"8",.0,"8",.0,"8",.0,"8",.0,"8",.0,"8",0,"8",0,"8",0,"8","","",0,"8",0,"8"
"352190360","P£OCK","2006","03","13","09","5","",0,"8",0,"8","","","",6,"",0,"8",0,"8",8,"",310,"",2,"",0,"",-7.1,"",.0,"8","U","",3.0,"",84,"",-9.3,"",1018.7,"",1033.0,"",2,.6,"",.0,"8",0,"8","10","1","3","","5","","","0","","","7","","",0,"8",.0,"8",.0,"8","","8",0,"8","","",.0,"8",.0,"8",.0,"8",.0,"8",.0,"8",.0,"8",.0,"8",.0,"8",.0,"8",0,"8",0,"8",0,"8","","",0,"8",0,"8"
"352190360","P£OCK","2006","03","13","10","5","",0,"8",0,"8","","","",6,"",0,"8",0,"8",5,"",310,"",3,"",0,"",-4.7,"",.0,"8","U","",3.2,"",75,"",-8.5,"",1018.6,"",1032.8,"",0,.1,"",.0,"8",0,"8","10","2","1","","5","","","0","","","8","","",0,"8",.0,"8",.0,"8","","8",0,"8","","",.0,"8",.0,"8",.0,"8",.0,"8",.0,"8",.0,"8",.0,"8",.0,"8",.0,"8",0,"8",0,"8",0,"8","","",0,"8",0,"8"
"352190360","P£OCK","2006","03","13","11","9","",0,"8",0,"8","","","",7,"",0,"8",0,"8",5,"",360,"",3,"",0,"",-3.7,"",.0,"8","U","",3.1,"",66,"",-9.1,"",1018.5,"",1032.6,"",0,.0,"",.0,"8",0,"8","01","2","0","","0","","","0","","","8","","",0,"8",.0,"8",.0,"8","","8",0,"8","","",.0,"8",.0,"8",.0,"8",.0,"8",.0,"8",.0,"8",.0,"8",.0,"8",.0,"8",0,"8",0,"8",0,"8","","",0,"8",0,"8"
"352190360","P£OCK","2006","03","13","12","9","",0,"8",0,"8","","","",8,"",0,"8",0,"8",7,"",360,"",3,"",0,"",-3.1,"",.0,"8","U","",3.2,"",66,"",-8.6,"",1018.2,"",1032.3,"",8,-.5,"",.0,"9",0,"9","03","1","0","","0","","","0","","","6","","",14,"",.0,"8",.0,"8","","8",0,"8","","",.0,"8",.0,"8",.0,"8",.0,"8",.0,"8",.0,"8",.0,"8",.0,"8",.0,"8",0,"8",0,"8",0,"8","","",0,"8",0,"8"
"352190360","P£OCK","2006","03","13","13","5","",0,"8",0,"8","","","",8,"",0,"8",0,"8",7,"",360,"",3,"",0,"",-2.2,"",.0,"8","U","",3.4,"",65,"",-7.9,"",1017.8,"",1031.9,"",8,-.8,"",.0,"8",0,"8","03","2","2","","5","","","0","","","8","","",0,"8",.0,"8",.0,"8","","8",0,"8","","",.0,"8",.0,"8",.0,"8",.0,"8",.0,"8",.0,"8",.0,"8",.0,"8",.0,"8",0,"8",0,"8",0,"8","","",0,"8",0,"8"
"352190360","P£OCK","2006","03","13","14","5","",0,"8",0,"8","","","",8,"",0,"8",0,"8",7,"",10,"",4,"",0,"",-2.1,"",.0,"8","U","",3.4,"",65,"",-7.8,"",1017.6,"",1031.6,"",7,-.9,"",.0,"8",0,"8","03","2","7","","5","","","/","","","/","","",0,"8",.0,"8",.0,"8","","8",0,"8","","",.0,"8",.0,"8",.0,"8",.0,"8",.0,"8",.0,"8",.0,"8",.0,"8",.0,"8",0,"8",0,"8",0,"8","","",0,"8",0,"8"
"352190360","P£OCK","2006","03","13","15","5","",0,"8",0,"8","","","",8,"",0,"8",0,"8",8,"",360,"",4,"",0,"",-1.9,"",.0,"8","U","",3.6,"",68,"",-7.0,"",1017.5,"",1031.5,"",6,-.7,"",.0,"8",0,"8","03","2","8","","5","","","/","","","/","","",0,"8",.0,"8",.0,"8","","8",0,"8","","",.0,"8",.0,"8",.0,"8",.0,"8",.0,"8",.0,"8",.0,"8",.0,"8",.0,"8",0,"8",0,"8",0,"8","","",0,"8",0,"8"
"352190360","P£OCK","2006","03","13","16","5","",0,"8",0,"8","","","",7,"",0,"8",0,"8",8,"",20,"",4,"",0,"",-2.2,"",.0,"8","U","",3.5,"",68,"",-7.3,"",1017.7,"",1031.8,"",5,-.1,"",.0,"8",0,"8","02","2","8","","5","","","/","","","/","","",0,"8",.0,"8",.0,"8","","8",0,"8","","",.0,"8",.0,"8",.0,"8",.0,"8",.0,"8",.0,"8",.0,"8",.0,"8",.0,"8",0,"8",0,"8",0,"8","","",0,"8",0,"8"
"352190360","P£OCK","2006","03","13","17","5","",0,"8",0,"8","","","",7,"",0,"8",0,"8",8,"",10,"",3,"",0,"",-2.7,"",.0,"8","U","",3.6,"",71,"",-7.2,"",1017.7,"",1031.8,"",1,.1,"",.0,"8",0,"8","02","2","8","","5","","","/","","","/","","",0,"8",.0,"8",.0,"8","","8",0,"8","","",.0,"8",.0,"8",.0,"8",.0,"8",.0,"8",.0,"8",.0,"8",.0,"8",.0,"8",0,"8",0,"8",0,"8","","",0,"8",0,"8"
"352190360","P£OCK","2006","03","13","18","5","",0,"8",0,"8","","","",7,"",0,"8",0,"8",4,"",360,"",2,"",0,"",-3.6,"",.0,"8","U","",3.4,"",73,"",-7.7,"",1017.9,"",1032.0,"",2,.4,"",.0,"9",0,"9","01","1","2","","5","","","0","","","1","","",14,"",.0,"8",.0,"8","","8",0,"8","","",.0,"8",.0,"8",.0,"8",.0,"8",.0,"8",.0,"8",.0,"8",.0,"8",.0,"8",0,"8",0,"8",0,"8","","",0,"8",0,"8"
"352190360","P£OCK","2006","03","13","19","9","",0,"8",0,"8","","","",7,"",0,"8",0,"8",5,"",10,"",2,"",0,"",-5.1,"",.0,"8","U","",3.2,"",76,"",-8.7,"",1018.0,"",1032.2,"",3,.3,"",.0,"8",0,"8","01","1","3","","0","","","3","","","6","","",0,"8",.0,"8",.0,"8","","8",0,"8","","",.0,"8",.0,"8",.0,"8",.0,"8",.0,"8",.0,"8",.0,"8",.0,"8",.0,"8",0,"8",0,"8",0,"8","","",0,"8",0,"8"
"352190360","P£OCK","2006","03","13","20","9","",0,"8",0,"8","","","",7,"",0,"8",0,"8",6,"",20,"",2,"",0,"",-5.6,"",.0,"8","U","",3.1,"",78,"",-8.8,"",1018.0,"",1032.2,"",1,.3,"",.0,"8",0,"8","03","2","3","","0","","","3","","","6","","",0,"8",.0,"8",.0,"8","","8",0,"8","","",.0,"8",.0,"8",.0,"8",.0,"8",.0,"8",.0,"8",.0,"8",.0,"8",.0,"8",0,"8",0,"8",0,"8","","",0,"8",0,"8"
"352190360","P£OCK","2006","03","13","21","9","",0,"8",0,"8","","","",7,"",0,"8",0,"8",6,"",30,"",3,"",0,"",-5.5,"",.0,"8","U","",3.2,"",78,"",-8.7,"",1018.4,"",1032.6,"",2,.5,"",.0,"8",0,"8","02","1","3","","0","","","3","","","8","","",0,"8",.0,"8",.0,"8","","8",0,"8","","",.0,"8",.0,"8",.0,"8",.0,"8",.0,"8",.0,"8",.0,"8",.0,"8",.0,"8",0,"8",0,"8",0,"8","","",0,"8",0,"8"
"352190360","P£OCK","2006","03","13","22","9","",0,"8",0,"8","","","",7,"",0,"8",0,"8",6,"",30,"",3,"",0,"",-6.1,"",.0,"8","U","",3.0,"",78,"",-9.3,"",1018.3,"",1032.6,"",0,.3,"",.0,"8",0,"8","02","2","3","","0","","","3","","","8","","",0,"8",.0,"8",.0,"8","","8",0,"8","","",.0,"8",.0,"8",.0,"8",.0,"8",.0,"8",.0,"8",.0,"8",.0,"8",.0,"8",0,"8",0,"8",0,"8","","",0,"8",0,"8"
"352190360","P£OCK","2006","03","13","23","9","",0,"8",0,"8","","","",7,"",0,"8",0,"8",8,"",40,"",2,"",0,"",-6.1,"",.0,"8","U","",3.0,"",78,"",-9.3,"",1018.3,"",1032.6,"",1,.3,"",.0,"8",0,"8","03","2","3","","0","","","3","","","7","","",0,"8",.0,"8",.0,"8","","8",0,"8","","",.0,"8",.0,"8",.0,"8",.0,"8",.0,"8",.0,"8",.0,"8",.0,"8",.0,"8",0,"8",0,"8",0,"8","","",0,"8",0,"8"
"352190360","P£OCK","2006","03","14","00","9","",0,"8",0,"8","","","",7,"",0,"8",0,"8",8,"",30,"",2,"",0,"",-6.6,"",.0,"8","U","",3.0,"",79,"",-9.6,"",1017.8,"",1032.1,"",7,-.6,"",.0,"9",0,"9","03","1","5","","0","","","5","","","7","","",14,"",.0,"8",.0,"8","","8",0,"8","","",.0,"8",.0,"8",.0,"8",.0,"8",.0,"8",.0,"8",.0,"8",.0,"8",.0,"8",0,"8",0,"8",0,"8","","",0,"8",0,"8"
"352190360","P£OCK","2006","03","14","01","9","",0,"8",0,"8","","","",6,"",0,"8",0,"8",7,"",20,"",2,"",0,"",-6.8,"",.0,"8","U","",2.9,"",79,"",-9.8,"",1017.5,"",1031.8,"",8,-.8,"",.0,"8",0,"8","10","2","0","","0","","","0","","","8","","",0,"8",.0,"8",.0,"8","","8",0,"8","","",.0,"8",.0,"8",.0,"8",.0,"8",.0,"8",.0,"8",.0,"8",.0,"8",.0,"8",0,"8",0,"8",0,"8","","",0,"8",0,"8"
"352190360","P£OCK","2006","03","14","02","9","",0,"8",0,"8","","","",6,"",0,"8",0,"8",7,"",20,"",3,"",0,"",-7.5,"",.0,"8","U","",2.8,"",81,"",-10.2,"",1017.1,"",1031.4,"",7,-1.2,"",.0,"8",0,"8","10","2","2","","0","","","3","","","8","","",0,"8",.0,"8",.0,"8","","8",0,"8","","",.0,"8",.0,"8",.0,"8",.0,"8",.0,"8",.0,"8",.0,"8",.0,"8",.0,"8",0,"8",0,"8",0,"8","","",0,"8",0,"8"
"352190360","P£OCK","2006","03","14","03","9","",0,"8",0,"8","","","",6,"",0,"8",0,"8",7,"",20,"",3,"",0,"",-7.6,"",.0,"8","U","",2.8,"",82,"",-10.1,"",1016.8,"",1031.1,"",7,-1.0,"",.0,"8",0,"8","10","2","5","","0","","","5","","","8","","",0,"8",.0,"8",.0,"8","","8",0,"8","","",.0,"8",.0,"8",.0,"8",.0,"8",.0,"8",.0,"8",.0,"8",.0,"8",.0,"8",0,"8",0,"8",0,"8","","",0,"8",0,"8"
"352190360","P£OCK","2006","03","14","04","9","",0,"8",0,"8","","","",6,"",0,"8",0,"8",8,"",10,"",3,"",0,"",-7.3,"",.0,"8","U","",2.9,"",81,"",-10.0,"",1016.8,"",1031.1,"",6,-.7,"",.0,"8",0,"8","10","2","8","","0","","","3","","","/","","",0,"8",.0,"8",.0,"8","","8",0,"8","","",.0,"8",.0,"8",.0,"8",.0,"8",.0,"8",.0,"8",.0,"8",.0,"8",.0,"8",0,"8",0,"8",0,"8","","",0,"8",0,"8"
"352190360","P£OCK","2006","03","14","05","9","",0,"8",0,"8","","","",6,"",0,"8",0,"8",8,"",20,"",4,"",0,"",-7.4,"",.0,"8","U","",2.9,"",82,"",-9.9,"",1016.5,"",1030.8,"",7,-.6,"",.0,"8",0,"8","10","2","8","","0","","","3","","","/","","",0,"8",.0,"8",.0,"8","","8",0,"8","","",.0,"8",.0,"8",.0,"8",.0,"8",.0,"8",.0,"8",.0,"8",.0,"8",.0,"8",0,"8",0,"8",0,"8","","",0,"8",0,"8"
"352190360","P£OCK","2006","03","14","06","9","",0,"8",0,"8","","","",6,"",0,"8",0,"8",6,"",20,"",4,"",0,"",-7.4,"",.0,"8","U","",2.9,"",82,"",-9.9,"",1016.6,"",1030.9,"",5,-.2,"",.0,"9",0,"9","10","2","3","","0","","","3","","","8","","",14,"",.0,"8",.0,"8","","8",0,"8","","",.0,"8",.0,"8",.0,"8",.0,"8",.0,"8",.0,"8",.0,"8",.0,"8",.0,"8",0,"8",0,"8",0,"8","","",0,"8",0,"8"
"352190360","P£OCK","2006","03","14","07","9","",0,"8",0,"8","","","",6,"",0,"8",0,"8",7,"",20,"",4,"",0,"",-6.9,"",.0,"8","U","",3.0,"",81,"",-9.6,"",1016.9,"",1031.2,"",3,.1,"",.0,"8",0,"8","10","2","3","","0","","","3","","","8","","",0,"8",.0,"8",.0,"8","","8",0,"8","","",.0,"8",.0,"8",.0,"8",.0,"8",.0,"8",.0,"8",.0,"8",.0,"8",.0,"8",0,"8",0,"8",0,"8","","",0,"8",0,"8"
"352190360","P£OCK","2006","03","14","08","9","",0,"8",0,"8","","","",6,"",0,"8",0,"8",8,"",10,"",3,"",0,"",-5.7,"",.0,"8","U","",3.1,"",78,"",-8.9,"",1016.9,"",1031.1,"",1,.4,"",.0,"8",0,"8","10","2","1","","0","","","3","","","7","","",0,"8",.0,"8",.0,"8","","8",0,"8","","",.0,"8",.0,"8",.0,"8",.0,"8",.0,"8",.0,"8",.0,"8",.0,"8",.0,"8",0,"8",0,"8",0,"8","","",0,"8",0,"8"
"352190360","P£OCK","2006","03","14","09","9","",0,"8",0,"8","","","",6,"",0,"8",0,"8",8,"",10,"",4,"",0,"",-4.3,"",.0,"8","U","",3.4,"",76,"",-7.9,"",1016.7,"",1030.8,"",0,.1,"",.0,"8",0,"8","10","2","0","","0","","","0","","","7","","",0,"8",.0,"8",.0,"8","","8",0,"8","","",.0,"8",.0,"8",.0,"8",.0,"8",.0,"8",.0,"8",.0,"8",.0,"8",.0,"8",0,"8",0,"8",0,"8","","",0,"8",0,"8"
"352190360","P£OCK","2006","03","14","10","6","",0,"8",0,"8","","","",6,"",0,"8",0,"8",8,"",20,"",5,"",0,"",-3.2,"",.0,"8","U","",3.6,"",74,"",-7.2,"",1016.1,"",1030.2,"",8,-.8,"",.0,"8",0,"8","10","2","2","","5","","","0","","","7","","",0,"8",.0,"8",.0,"8","","8",0,"8","","",.0,"8",.0,"8",.0,"8",.0,"8",.0,"8",.0,"8",.0,"8",.0,"8",.0,"8",0,"8",0,"8",0,"8","","",0,"8",0,"8"
"352190360","P£OCK","2006","03","14","11","5","",0,"8",0,"8","","","",6,"",0,"8",0,"8",8,"",20,"",4,"",0,"",-2.5,"",.0,"8","U","",3.9,"",77,"",-6.0,"",1015.5,"",1029.5,"",8,-1.4,"",.0,"8",0,"8","85","2","5","","9","","","0","","","7","","",0,"8",.0,"8",.0,"8","","8",0,"8","","",.0,"8",.0,"8",.0,"8",.0,"8",.0,"8",.0,"8",.0,"8",.0,"8",.0,"8",0,"8",0,"8",0,"8","","",0,"8",0,"8"
"352190360","P£OCK","2006","03","14","12","4","",0,"8",0,"8","","","",6,"",0,"8",0,"8",8,"",20,"",5,"",0,"",-1.7,"",.0,"8","U","",4.1,"",76,"",-5.4,"",1014.8,"",1028.8,"",7,-1.9,"",.0,"",7,"","85","2","8","","9","","","/","","","/","","",14,"",.0,"8",.0,"8","","8",0,"8","","",.0,"8",.0,"8",.0,"8",.0,"8",.0,"8",.0,"8",.0,"8",.0,"8",.0,"8",0,"8",0,"8",0,"8","","",0,"8",0,"8"
"352190360","P£OCK","2006","03","14","13","4","",0,"8",0,"8","","","",6,"",0,"8",0,"8",8,"",30,"",5,"",0,"",-1.6,"",.0,"8","U","",4.3,"",79,"",-4.8,"",1014.5,"",1028.5,"",7,-1.6,"",.0,"8",0,"8","85","8","8","","9","","","/","","","/","","",0,"8",.0,"8",.0,"8","","8",0,"8","","",.0,"8",.0,"8",.0,"8",.0,"8",.0,"8",.0,"8",.0,"8",.0,"8",.0,"8",0,"8",0,"8",0,"8","","",0,"8",0,"8"
"352190360","P£OCK","2006","03","14","14","4","",0,"8",0,"8","","","",5,"",0,"8",0,"8",8,"",20,"",5,"",0,"",-1.3,"",.0,"8","U","",4.3,"",77,"",-4.8,"",1014.4,"",1028.4,"",6,-1.1,"",.0,"8",0,"8","71","8","6","","5","","","2","","","/","","",0,"8",.0,"8",.0,"8","","8",0,"8","","",.0,"8",.0,"8",.0,"8",.0,"8",.0,"8",.0,"8",.0,"8",.0,"8",.0,"8",0,"8",0,"8",0,"8","","",0,"8",0,"8"
"352190360","P£OCK","2006","03","14","15","4","",0,"8",0,"8","","","",5,"",0,"8",0,"8",8,"",10,"",4,"",0,"",-1.6,"",.0,"8","U","",4.7,"",87,"",-3.5,"",1014.0,"",1028.0,"",7,-.8,"",.0,"8",0,"8","71","8","6","","5","","","2","","","/","","",0,"8",.0,"8",.0,"8","","8",0,"8","","",.0,"8",.0,"8",.0,"8",.0,"8",.0,"8",.0,"8",.0,"8",.0,"8",.0,"8",0,"8",0,"8",0,"8","","",0,"8",0,"8"
"352190360","P£OCK","2006","03","14","16","7","",0,"8",0,"8","","","",6,"",0,"8",0,"8",8,"",350,"",3,"",0,"",-1.0,"",.0,"8","U","",4.6,"",81,"",-3.8,"",1013.7,"",1027.6,"",7,-.8,"",.0,"8",0,"8","22","7","3","","5","","","7","","","/","","",0,"8",.0,"8",.0,"8","","8",0,"8","","",.0,"8",.0,"8",.0,"8",.0,"8",.0,"8",.0,"8",.0,"8",.0,"8",.0,"8",0,"8",0,"8",0,"8","","",0,"8",0,"8"
"352190360","P£OCK","2006","03","14","17","7","",0,"8",0,"8","","","",6,"",0,"8",0,"8",8,"",10,"",5,"",0,"",-.7,"",.0,"8","U","",4.4,"",75,"",-4.6,"",1013.9,"",1027.8,"",5,-.5,"",.0,"8",0,"8","10","2","2","","5","","","3","","","/","","",0,"8",.0,"8",.0,"8","","8",0,"8","","",.0,"8",.0,"8",.0,"8",.0,"8",.0,"8",.0,"8",.0,"8",.0,"8",.0,"8",0,"8",0,"8",0,"8","","",0,"8",0,"8"
"352190360","P£OCK","2006","03","14","18","6","",0,"8",0,"8","","","",6,"",0,"8",0,"8",7,"",20,"",4,"",0,"",-.9,"",.0,"8","U","",4.4,"",76,"",-4.6,"",1013.8,"",1027.7,"",7,-.2,"",.1,"",7,"","10","8","2","","5","","","3","","","/","","",14,"",.0,"8",.0,"8","","8",0,"8","","",.0,"8",.0,"8",.0,"8",.0,"8",.0,"8",.0,"8",.0,"8",.0,"8",.0,"8",0,"8",0,"8",0,"8","","",0,"8",0,"8"
"352190360","P£OCK","2006","03","14","19","4","",0,"8",0,"8","","","",6,"",0,"8",0,"8",7,"",20,"",4,"",0,"",-1.2,"",.0,"8","U","",4.3,"",76,"",-4.9,"",1013.9,"",1027.8,"",2,.2,"",.0,"8",0,"8","10","2","7","","5","","","/","","","/","","",0,"8",.0,"8",.0,"8","","8",0,"8","","",.0,"8",.0,"8",.0,"8",.0,"8",.0,"8",.0,"8",.0,"8",.0,"8",.0,"8",0,"8",0,"8",0,"8","","",0,"8",0,"8"
"352190360","P£OCK","2006","03","14","20","5","",0,"8",0,"8","","","",6,"",0,"8",0,"8",7,"",10,"",3,"",0,"",-1.4,"",.0,"8","U","",4.3,"",78,"",-4.7,"",1013.6,"",1027.6,"",7,-.3,"",.0,"8",0,"8","10","2","7","","5","","","/","","","/","","",0,"8",.0,"8",.0,"8","","8",0,"8","","",.0,"8",.0,"8",.0,"8",.0,"8",.0,"8",.0,"8",.0,"8",.0,"8",.0,"8",0,"8",0,"8",0,"8","","",0,"8",0,"8"
"352190360","P£OCK","2006","03","14","21","5","",0,"8",0,"8","","","",6,"",0,"8",0,"8",7,"",10,"",3,"",0,"",-1.9,"",.0,"8","U","",4.3,"",80,"",-4.9,"",1013.5,"",1027.5,"",8,-.3,"",.0,"8",0,"8","10","2","3","","5","","","3","","","/","","",0,"8",.0,"8",.0,"8","","8",0,"8","","",.0,"8",.0,"8",.0,"8",.0,"8",.0,"8",.0,"8",.0,"8",.0,"8",.0,"8",0,"8",0,"8",0,"8","","",0,"8",0,"8"
"352190360","P£OCK","2006","03","14","22","9","",0,"8",0,"8","","","",6,"",0,"8",0,"8",7,"",360,"",3,"",0,"",-2.5,"",.0,"8","U","",4.1,"",81,"",-5.3,"",1013.0,"",1027.0,"",7,-.9,"",.0,"8",0,"8","10","2","7","","0","","","3","","","/","","",0,"8",.0,"8",.0,"8","","8",0,"8","","",.0,"8",.0,"8",.0,"8",.0,"8",.0,"8",.0,"8",.0,"8",.0,"8",.0,"8",0,"8",0,"8",0,"8","","",0,"8",0,"8"
"352190360","P£OCK","2006","03","14","23","9","",0,"8",0,"8","","","",6,"",0,"8",0,"8",7,"",360,"",3,"",0,"",-2.5,"",.0,"8","U","",4.2,"",83,"",-5.0,"",1012.5,"",1026.5,"",8,-1.1,"",.0,"8",0,"8","10","2","7","","0","","","3","","","/","","",0,"8",.0,"8",.0,"8","","8",0,"8","","",.0,"8",.0,"8",.0,"8",.0,"8",.0,"8",.0,"8",.0,"8",.0,"8",.0,"8",0,"8",0,"8",0,"8","","",0,"8",0,"8"
"352190360","P£OCK","2006","03","15","00","9","",0,"8",0,"8","","","",6,"",0,"8",0,"8",7,"",10,"",3,"",0,"",-2.8,"",.0,"8","U","",4.2,"",84,"",-5.1,"",1012.2,"",1026.2,"",6,-1.3,"",.0,"9",0,"9","10","2","7","","0","","","3","","","/","","",14,"",.0,"8",.0,"8","","8",0,"8","","",.0,"8",.0,"8",.0,"8",.0,"8",.0,"8",.0,"8",.0,"8",.0,"8",.0,"8",0,"8",0,"8",0,"8","","",0,"8",0,"8"
"352190360","P£OCK","2006","03","15","01","9","",0,"8",0,"8","","","",6,"",0,"8",0,"8",7,"",360,"",3,"",0,"",-3.3,"",.0,"8","U","",4.1,"",86,"",-5.3,"",1011.6,"",1025.6,"",7,-1.4,"",.0,"8",0,"8","10","2","7","","0","","","3","","","/","","",0,"8",.0,"8",.0,"8","","8",0,"8","","",.0,"8",.0,"8",.0,"8",.0,"8",.0,"8",.0,"8",.0,"8",.0,"8",.0,"8",0,"8",0,"8",0,"8","","",0,"8",0,"8"
"352190360","P£OCK","2006","03","15","02","9","",0,"8",0,"8","","","",6,"",0,"8",0,"8",7,"",10,"",3,"",0,"",-4.1,"",.0,"8","U","",3.9,"",87,"",-5.9,"",1011.2,"",1025.3,"",7,-1.3,"",.0,"8",0,"8","10","2","7","","0","","","3","","","/","","",0,"8",.0,"8",.0,"8","","8",0,"8","","",.0,"8",.0,"8",.0,"8",.0,"8",.0,"8",.0,"8",.0,"8",.0,"8",.0,"8",0,"8",0,"8",0,"8","","",0,"8",0,"8"
"352190360","P£OCK","2006","03","15","03","9","",0,"8",0,"8","","","",6,"",0,"8",0,"8",3,"",360,"",3,"",0,"",-5.1,"",.0,"8","U","",3.8,"",90,"",-6.5,"",1010.9,"",1025.0,"",6,-1.3,"",.0,"8",0,"8","10","1","3","","0","","","3","","","0","","",0,"8",.0,"8",.0,"8","","8",0,"8","","",.0,"8",.0,"8",.0,"8",.0,"8",.0,"8",.0,"8",.0,"8",.0,"8",.0,"8",0,"8",0,"8",0,"8","","",0,"8",0,"8"
"352190360","P£OCK","2006","03","15","04","9","",0,"8",0,"8","","","",6,"",0,"8",0,"8",0,"",20,"",3,"",0,"",-5.6,"",.0,"8","U","",3.7,"",92,"",-6.7,"",1010.8,"",1024.9,"",6,-.8,"",.0,"8",0,"8","10","0","0","","0","","","0","","","0","","",0,"8",.0,"8",.0,"8","","8",0,"8","","",.0,"8",.0,"8",.0,"8",.0,"8",.0,"8",.0,"8",.0,"8",.0,"8",.0,"8",0,"8",0,"8",0,"8","","",0,"8",0,"8"
"352190360","P£OCK","2006","03","15","05","9","",0,"8",0,"8","","","",5,"",0,"8",0,"8",2,"",20,"",4,"",0,"",-5.3,"",.0,"8","U","",3.8,"",93,"",-6.3,"",1010.5,"",1024.6,"",7,-.7,"",.0,"8",0,"8","10","0","2","","0","","","3","","","0","","",0,"8",.0,"8",.0,"8","","8",0,"8","","",.0,"8",.0,"8",.0,"8",.0,"8",.0,"8",.0,"8",.0,"8",.0,"8",.0,"8",0,"8",0,"8",0,"8","","",0,"8",0,"8"
"352190360","P£OCK","2006","03","15","06","5","",0,"8",0,"8","","","",5,"",0,"8",0,"8",7,"",20,"",3,"",0,"",-4.6,"",.0,"8","U","",4.0,"",93,"",-5.6,"",1010.6,"",1024.7,"",5,-.3,"",.0,"9",0,"9","10","1","2","","5","","","5","","","6","","",14,"",.0,"8",.0,"8","","8",0,"8","","",.0,"8",.0,"8",.0,"8",.0,"8",.0,"8",.0,"8",.0,"8",.0,"8",.0,"8",0,"8",0,"8",0,"8","","",0,"8",0,"8"
"352190360","P£OCK","2006","03","15","07","9","",0,"8",0,"8","","","",5,"",0,"8",0,"8",7,"",20,"",3,"",0,"",-3.4,"",.0,"8","U","",4.3,"",91,"",-4.7,"",1010.6,"",1024.6,"",6,-.2,"",.0,"8",0,"8","10","2","3","","0","","","3","","","8","","",0,"8",.0,"8",.0,"8","","8",0,"8","","",.0,"8",.0,"8",.0,"8",.0,"8",.0,"8",.0,"8",.0,"8",.0,"8",.0,"8",0,"8",0,"8",0,"8","","",0,"8",0,"8"
"352190360","P£OCK","2006","03","15","08","9","",0,"8",0,"8","","","",6,"",0,"8",0,"8",7,"",20,"",3,"",0,"",-2.5,"",.0,"8","U","",4.4,"",87,"",-4.4,"",1010.7,"",1024.7,"",2,.2,"",.0,"8",0,"8","10","2","3","","0","","","3","","","8","","",0,"8",.0,"8",.0,"8","","8",0,"8","","",.0,"8",.0,"8",.0,"8",.0,"8",.0,"8",.0,"8",.0,"8",.0,"8",.0,"8",0,"8",0,"8",0,"8","","",0,"8",0,"8"
"352190360","P£OCK","2006","03","15","09","9","",0,"8",0,"8","","","",6,"",0,"8",0,"8",7,"",40,"",4,"",0,"",-1.4,"",.0,"8","U","",4.7,"",85,"",-3.6,"",1010.2,"",1024.1,"",8,-.4,"",.0,"8",0,"8","10","2","3","","0","","","3","","","8","","",0,"8",.0,"8",.0,"8","","8",0,"8","","",.0,"8",.0,"8",.0,"8",.0,"8",.0,"8",.0,"8",.0,"8",.0,"8",.0,"8",0,"8",0,"8",0,"8","","",0,"8",0,"8"
"352190360","P£OCK","2006","03","15","10","9","",0,"8",0,"8","","","",6,"",0,"8",0,"8",8,"",40,"",4,"",0,"",-.2,"",.0,"8","U","",4.7,"",78,"",-3.6,"",1010.3,"",1024.1,"",5,-.3,"",.0,"8",0,"8","10","2","3","","0","","","3","","","7","","",0,"8",.0,"8",.0,"8","","8",0,"8","","",.0,"8",.0,"8",.0,"8",.0,"8",.0,"8",.0,"8",.0,"8",.0,"8",.0,"8",0,"8",0,"8",0,"8","","",0,"8",0,"8"
"352190360","P£OCK","2006","03","15","11","9","",0,"8",0,"8","","","",6,"",0,"8",0,"8",8,"",40,"",4,"",0,"",.4,"",.0,"8","U","",4.8,"",76,"",-3.3,"",1010.3,"",1024.1,"",6,-.4,"",.0,"8",0,"8","10","2","2","","0","","","3","","","7","","",0,"8",.0,"8",.0,"8","","8",0,"8","","",.0,"8",.0,"8",.0,"8",.0,"8",.0,"8",.0,"8",.0,"8",.0,"8",.0,"8",0,"8",0,"8",0,"8","","",0,"8",0,"8"
"352190360","P£OCK","2006","03","15","12","9","",0,"8",0,"8","","","",6,"",0,"8",0,"8",7,"",10,"",4,"",0,"",1.1,"",.0,"8","U","",4.8,"",73,"",-3.2,"",1009.8,"",1023.6,"",8,-.4,"",.0,"9",0,"9","10","2","4","","0","","","3","","","8","","",14,"",.0,"8",.0,"8","","8",0,"8","","",.0,"8",.0,"8",.0,"8",.0,"8",.0,"8",.0,"8",.0,"8",.0,"8",.0,"8",0,"8",0,"8",0,"8","","",0,"8",0,"8"
"352190360","P£OCK","2006","03","15","13","9","",0,"8",0,"8","","","",6,"",0,"8",0,"8",7,"",20,"",4,"",0,"",1.5,"",.0,"8","U","",4.8,"",71,"",-3.2,"",1009.6,"",1023.4,"",8,-.7,"",.0,"8",0,"8","10","2","4","","0","","","3","","","8","","",0,"8",.0,"8",.0,"8","","8",0,"8","","",.0,"8",.0,"8",.0,"8",.0,"8",.0,"8",.0,"8",.0,"8",.0,"8",.0,"8",0,"8",0,"8",0,"8","","",0,"8",0,"8"
"352190360","P£OCK","2006","03","15","14","9","",0,"8",0,"8","","","",6,"",0,"8",0,"8",7,"",50,"",4,"",0,"",1.8,"",.0,"8","U","",4.9,"",70,"",-3.1,"",1009.8,"",1023.5,"",5,-.5,"",.0,"8",0,"8","10","2","7","","0","","","5","","","/","","",0,"8",.0,"8",.0,"8","","8",0,"8","","",.0,"8",.0,"8",.0,"8",.0,"8",.0,"8",.0,"8",.0,"8",.0,"8",.0,"8",0,"8",0,"8",0,"8","","",0,"8",0,"8"
"352190360","P£OCK","2006","03","15","15","9","",0,"8",0,"8","","","",7,"",0,"8",0,"8",8,"",70,"",3,"",0,"",1.4,"",.0,"8","U","",4.7,"",70,"",-3.5,"",1009.9,"",1023.7,"",3,.1,"",.0,"8",0,"8","03","2","8","","0","","","3","","","/","","",0,"8",.0,"8",.0,"8","","8",0,"8","","",.0,"8",.0,"8",.0,"8",.0,"8",.0,"8",.0,"8",.0,"8",.0,"8",.0,"8",0,"8",0,"8",0,"8","","",0,"8",0,"8"
"352190360","P£OCK","2006","03","15","16","7","",0,"8",0,"8","","","",7,"",0,"8",0,"8",7,"",70,"",3,"",0,"",1.3,"",.0,"8","U","",4.7,"",70,"",-3.6,"",1009.9,"",1023.7,"",1,.3,"",.0,"8",0,"8","03","2","3","","5","","","3","","","8","","",0,"8",.0,"8",.0,"8","","8",0,"8","","",.0,"8",.0,"8",.0,"8",.0,"8",.0,"8",.0,"8",.0,"8",.0,"8",.0,"8",0,"8",0,"8",0,"8","","",0,"8",0,"8"
"352190360","P£OCK","2006","03","15","17","7","",0,"8",0,"8","","","",7,"",0,"8",0,"8",6,"",50,"",3,"",0,"",.8,"",.0,"8","U","",4.6,"",71,"",-3.9,"",1010.2,"",1024.0,"",2,.4,"",.0,"8",0,"8","01","2","2","","5","","","3","","","8","","",0,"8",.0,"8",.0,"8","","8",0,"8","","",.0,"8",.0,"8",.0,"8",.0,"8",.0,"8",.0,"8",.0,"8",.0,"8",.0,"8",0,"8",0,"8",0,"8","","",0,"8",0,"8"
"352190360","P£OCK","2006","03","15","18","7","",0,"8",0,"8","","","",7,"",0,"8",0,"8",6,"",60,"",4,"",0,"",.2,"",.0,"8","U","",4.8,"",77,"",-3.4,"",1010.5,"",1024.3,"",3,.6,"",.0,"9",0,"9","03","2","4","","5","","","3","","","8","","",14,"",.0,"8",.0,"8","","8",0,"8","","",.0,"8",.0,"8",.0,"8",.0,"8",.0,"8",.0,"8",.0,"8",.0,"8",.0,"8",0,"8",0,"8",0,"8","","",0,"8",0,"8"
"352190360","P£OCK","2006","03","15","19","6","",0,"8",0,"8","","","",7,"",0,"8",0,"8",7,"",80,"",3,"",0,"",.2,"",.0,"8","U","",4.8,"",78,"",-3.2,"",1010.6,"",1024.4,"",1,.7,"",.0,"8",0,"8","03","2","7","","5","","","/","","","/","","",0,"8",.0,"8",.0,"8","","8",0,"8","","",.0,"8",.0,"8",.0,"8",.0,"8",.0,"8",.0,"8",.0,"8",.0,"8",.0,"8",0,"8",0,"8",0,"8","","",0,"8",0,"8"
"352190360","P£OCK","2006","03","15","20","6","",0,"8",0,"8","","","",7,"",0,"8",0,"8",8,"",80,"",3,"",0,"",.2,"",.0,"8","U","",4.9,"",79,"",-3.0,"",1010.9,"",1024.7,"",2,.7,"",.0,"8",0,"8","03","2","8","","5","","","/","","","/","","",0,"8",.0,"8",.0,"8","","8",0,"8","","",.0,"8",.0,"8",.0,"8",.0,"8",.0,"8",.0,"8",.0,"8",.0,"8",.0,"8",0,"8",0,"8",0,"8","","",0,"8",0,"8"
"352190360","P£OCK","2006","03","15","21","6","",0,"8",0,"8","","","",7,"",0,"8",0,"8",8,"",90,"",4,"",0,"",.2,"",.0,"8","U","",4.9,"",79,"",-3.0,"",1011.1,"",1024.9,"",2,.6,"",.0,"8",0,"8","02","2","8","","5","","","/","","","/","","",0,"8",.0,"8",.0,"8","","8",0,"8","","",.0,"8",.0,"8",.0,"8",.0,"8",.0,"8",.0,"8",.0,"8",.0,"8",.0,"8",0,"8",0,"8",0,"8","","",0,"8",0,"8"
"352190360","P£OCK","2006","03","15","22","6","",0,"8",0,"8","","","",7,"",0,"8",0,"8",8,"",90,"",3,"",0,"",.1,"",.0,"8","U","",5.0,"",81,"",-2.8,"",1011.2,"",1025.0,"",1,.6,"",.0,"8",0,"8","02","2","8","","5","","","/","","","/","","",0,"8",.0,"8",.0,"8","","8",0,"8","","",.0,"8",.0,"8",.0,"8",.0,"8",.0,"8",.0,"8",.0,"8",.0,"8",.0,"8",0,"8",0,"8",0,"8","","",0,"8",0,"8"
"352190360","P£OCK","2006","03","15","23","5","",0,"8",0,"8","","","",7,"",0,"8",0,"8",8,"",70,"",2,"",0,"",.0,"",.0,"8","U","",5.0,"",82,"",-2.7,"",1011.5,"",1025.4,"",2,.6,"",.0,"8",0,"8","02","2","8","","5","","","/","","","/","","",0,"8",.0,"8",.0,"8","","8",0,"8","","",.0,"8",.0,"8",.0,"8",.0,"8",.0,"8",.0,"8",.0,"8",.0,"8",.0,"8",0,"8",0,"8",0,"8","","",0,"8",0,"8"
"352190360","P£OCK","2006","03","16","00","6","",0,"8",0,"8","","","",7,"",0,"8",0,"8",7,"",70,"",2,"",0,"",-.2,"",.0,"8","U","",5.0,"",83,"",-2.7,"",1011.5,"",1025.4,"",1,.4,"",.0,"9",0,"9","01","2","7","","5","","","/","","","/","","",14,"",.0,"8",.0,"8","","8",0,"8","","",.0,"8",.0,"8",.0,"8",.0,"8",.0,"8",.0,"8",.0,"8",.0,"8",.0,"8",0,"8",0,"8",0,"8","","",0,"8",0,"8"
"352190360","P£OCK","2006","03","16","01","6","",0,"8",0,"8","","","",7,"",0,"8",0,"8",7,"",60,"",2,"",0,"",-.7,"",.0,"8","U","",4.9,"",84,"",-3.1,"",1011.3,"",1025.2,"",0,.1,"",.0,"8",0,"8","02","2","7","","5","","","/","","","/","","",0,"8",.0,"8",.0,"8","","8",0,"8","","",.0,"8",.0,"8",.0,"8",.0,"8",.0,"8",.0,"8",.0,"8",.0,"8",.0,"8",0,"8",0,"8",0,"8","","",0,"8",0,"8"
"352190360","P£OCK","2006","03","16","02","5","",0,"8",0,"8","","","",6,"",0,"8",0,"8",7,"",60,"",2,"",0,"",-1.5,"",.0,"8","U","",4.6,"",84,"",-3.9,"",1011.2,"",1025.1,"",8,-.3,"",.0,"8",0,"8","10","2","7","","5","","","/","","","/","","",0,"8",.0,"8",.0,"8","","8",0,"8","","",.0,"8",.0,"8",.0,"8",.0,"8",.0,"8",.0,"8",.0,"8",.0,"8",.0,"8",0,"8",0,"8",0,"8","","",0,"8",0,"8"
"352190360","P£OCK","2006","03","16","03","5","",0,"8",0,"8","","","",6,"",0,"8",0,"8",8,"",50,"",3,"",0,"",-.6,"",.0,"8","U","",5.0,"",85,"",-2.8,"",1011.4,"",1025.3,"",5,-.1,"",.0,"8",0,"8","10","2","8","","5","","","/","","","/","","",0,"8",.0,"8",.0,"8","","8",0,"8","","",.0,"8",.0,"8",.0,"8",.0,"8",.0,"8",.0,"8",.0,"8",.0,"8",.0,"8",0,"8",0,"8",0,"8","","",0,"8",0,"8"
"352190360","P£OCK","2006","03","16","04","6","",0,"8",0,"8","","","",6,"",0,"8",0,"8",8,"",50,"",3,"",0,"",-.4,"",.0,"8","U","",4.9,"",83,"",-2.9,"",1011.6,"",1025.5,"",3,.3,"",.0,"8",0,"8","10","2","8","","5","","","/","","","/","","",0,"8",.0,"8",.0,"8","","8",0,"8","","",.0,"8",.0,"8",.0,"8",.0,"8",.0,"8",.0,"8",.0,"8",.0,"8",.0,"8",0,"8",0,"8",0,"8","","",0,"8",0,"8"
"352190360","P£OCK","2006","03","16","05","6","",0,"8",0,"8","","","",6,"",0,"8",0,"8",8,"",50,"",3,"",0,"",-.5,"",.0,"8","U","",4.9,"",83,"",-3.0,"",1011.7,"",1025.6,"",2,.5,"",.0,"8",0,"8","10","2","8","","5","","","/","","","/","","",0,"8",.0,"8",.0,"8","","8",0,"8","","",.0,"8",.0,"8",.0,"8",.0,"8",.0,"8",.0,"8",.0,"8",.0,"8",.0,"8",0,"8",0,"8",0,"8","","",0,"8",0,"8"
"352190360","P£OCK","2006","03","16","06","5","",0,"8",0,"8","","","",6,"",0,"8",0,"8",8,"",40,"",3,"",0,"",-.6,"",.0,"8","U","",5.0,"",85,"",-2.8,"",1012.1,"",1026.0,"",2,.7,"",.0,"9",0,"9","10","2","8","","5","","","/","","","/","","",14,"",.0,"8",.0,"8","","8",0,"8","","",.0,"8",.0,"8",.0,"8",.0,"8",.0,"8",.0,"8",.0,"8",.0,"8",.0,"8",0,"8",0,"8",0,"8","","",0,"8",0,"8"
"352190360","P£OCK","2006","03","16","07","5","",0,"8",0,"8","","","",6,"",0,"8",0,"8",8,"",40,"",3,"",0,"",-.2,"",.0,"8","U","",4.9,"",82,"",-2.9,"",1012.5,"",1026.4,"",3,.9,"",.0,"8",0,"8","10","2","8","","5","","","/","","","/","","",0,"8",.0,"8",.0,"8","","8",0,"8","","",.0,"8",.0,"8",.0,"8",.0,"8",.0,"8",.0,"8",.0,"8",.0,"8",.0,"8",0,"8",0,"8",0,"8","","",0,"8",0,"8"
"352190360","P£OCK","2006","03","16","08","5","",0,"8",0,"8","","","",6,"",0,"8",0,"8",8,"",40,"",4,"",0,"",-.1,"",.0,"8","U","",5.0,"",82,"",-2.8,"",1012.5,"",1026.4,"",1,.8,"",.0,"8",0,"8","10","2","8","","5","","","/","","","/","","",0,"8",.0,"8",.0,"8","","8",0,"8","","",.0,"8",.0,"8",.0,"8",.0,"8",.0,"8",.0,"8",.0,"8",.0,"8",.0,"8",0,"8",0,"8",0,"8","","",0,"8",0,"8"
"352190360","P£OCK","2006","03","16","09","5","",0,"8",0,"8","","","",6,"",0,"8",0,"8",8,"",40,"",4,"",0,"",.1,"",.0,"8","U","",5.0,"",81,"",-2.8,"",1012.4,"",1026.3,"",0,.3,"",.0,"8",0,"8","10","2","8","","5","","","/","","","/","","",0,"8",.0,"8",.0,"8","","8",0,"8","","",.0,"8",.0,"8",.0,"8",.0,"8",.0,"8",.0,"8",.0,"8",.0,"8",.0,"8",0,"8",0,"8",0,"8","","",0,"8",0,"8"
"352190360","P£OCK","2006","03","16","10","5","",0,"8",0,"8","","","",6,"",0,"8",0,"8",8,"",30,"",4,"",0,"",.5,"",.0,"8","U","",5.1,"",80,"",-2.6,"",1012.3,"",1026.1,"",8,-.2,"",.0,"8",0,"8","10","2","8","","5","","","/","","","/","","",0,"8",.0,"8",.0,"8","","8",0,"8","","",.0,"8",.0,"8",.0,"8",.0,"8",.0,"8",.0,"8",.0,"8",.0,"8",.0,"8",0,"8",0,"8",0,"8","","",0,"8",0,"8"
"352190360","P£OCK","2006","03","16","11","4","",0,"8",0,"8","","","",6,"",0,"8",0,"8",8,"",30,"",3,"",0,"",.6,"",.0,"8","U","",5.0,"",79,"",-2.6,"",1012.5,"",1026.3,"",5,.0,"",.0,"8",0,"8","10","2","8","","5","","","/","","","/","","",0,"8",.0,"8",.0,"8","","8",0,"8","","",.0,"8",.0,"8",.0,"8",.0,"8",.0,"8",.0,"8",.0,"8",.0,"8",.0,"8",0,"8",0,"8",0,"8","","",0,"8",0,"8"
"352190360","P£OCK","2006","03","16","12","4","",0,"8",0,"8","","","",6,"",0,"8",0,"8",8,"",40,"",4,"",0,"",.8,"",.0,"8","U","",5.1,"",79,"",-2.4,"",1012.1,"",1025.9,"",7,-.3,"",.0,"9",0,"9","10","2","8","","5","","","/","","","/","","",14,"",.0,"8",.0,"8","","8",0,"8","","",.0,"8",.0,"8",.0,"8",.0,"8",.0,"8",.0,"8",.0,"8",.0,"8",.0,"8",0,"8",0,"8",0,"8","","",0,"8",0,"8"
"352190360","P£OCK","2006","03","16","13","4","",0,"8",0,"8","","","",6,"",0,"8",0,"8",8,"",40,"",4,"",0,"",.9,"",.0,"8","U","",5.2,"",80,"",-2.2,"",1011.9,"",1025.7,"",8,-.4,"",.0,"8",0,"8","10","2","8","","5","","","/","","","/","","",0,"8",.0,"8",.0,"8","","8",0,"8","","",.0,"8",.0,"8",.0,"8",.0,"8",.0,"8",.0,"8",.0,"8",.0,"8",.0,"8",0,"8",0,"8",0,"8","","",0,"8",0,"8"
"352190360","P£OCK","2006","03","16","14","4","",0,"8",0,"8","","","",6,"",0,"8",0,"8",8,"",50,"",3,"",0,"",.7,"",.0,"8","U","",5.3,"",82,"",-2.0,"",1011.8,"",1025.6,"",6,-.7,"",.0,"8",0,"8","10","2","8","","5","","","/","","","/","","",0,"8",.0,"8",.0,"8","","8",0,"8","","",.0,"8",.0,"8",.0,"8",.0,"8",.0,"8",.0,"8",.0,"8",.0,"8",.0,"8",0,"8",0,"8",0,"8","","",0,"8",0,"8"
"352190360","P£OCK","2006","03","16","15","4","",0,"8",0,"8","","","",6,"",0,"8",0,"8",8,"",20,"",4,"",0,"",.4,"",.0,"8","U","",5.4,"",86,"",-1.7,"",1011.7,"",1025.5,"",7,-.4,"",.0,"8",0,"8","10","2","8","","5","","","/","","","/","","",0,"8",.0,"8",.0,"8","","8",0,"8","","",.0,"8",.0,"8",.0,"8",.0,"8",.0,"8",.0,"8",.0,"8",.0,"8",.0,"8",0,"8",0,"8",0,"8","","",0,"8",0,"8"
"352190360","P£OCK","2006","03","16","16","4","",0,"8",0,"8","","","",6,"",0,"8",0,"8",8,"",40,"",3,"",0,"",.4,"",.0,"8","U","",5.3,"",85,"",-1.8,"",1011.7,"",1025.5,"",6,-.2,"",.0,"8",0,"8","10","2","8","","5","","","/","","","/","","",0,"8",.0,"8",.0,"8","","8",0,"8","","",.0,"8",.0,"8",.0,"8",.0,"8",.0,"8",.0,"8",.0,"8",.0,"8",.0,"8",0,"8",0,"8",0,"8","","",0,"8",0,"8"
"352190360","P£OCK","2006","03","16","17","5","",0,"8",0,"8","","","",6,"",0,"8",0,"8",8,"",30,"",3,"",0,"",.3,"",.0,"8","U","",5.2,"",84,"",-2.1,"",1011.7,"",1025.5,"",6,-.1,"",.0,"8",0,"8","10","2","8","","5","","","/","","","/","","",0,"8",.0,"8",.0,"8","","8",0,"8","","",.0,"8",.0,"8",.0,"8",.0,"8",.0,"8",.0,"8",.0,"8",.0,"8",.0,"8",0,"8",0,"8",0,"8","","",0,"8",0,"8"
"352190360","P£OCK","2006","03","16","18","6","",0,"8",0,"8","","","",6,"",0,"8",0,"8",8,"",40,"",3,"",0,"",.3,"",.0,"8","U","",5.3,"",85,"",-1.9,"",1011.9,"",1025.7,"",3,.2,"",.0,"9",0,"9","10","2","8","","5","","","/","","","/","","",14,"",.0,"8",.0,"8","","8",0,"8","","",.0,"8",.0,"8",.0,"8",.0,"8",.0,"8",.0,"8",.0,"8",.0,"8",.0,"8",0,"8",0,"8",0,"8","","",0,"8",0,"8"
"352190360","P£OCK","2006","03","16","19","6","",0,"8",0,"8","","","",6,"",0,"8",0,"8",8,"",30,"",3,"",0,"",.4,"",.0,"8","U","",5.2,"",83,"",-2.2,"",1012.0,"",1025.8,"",3,.3,"",.0,"8",0,"8","10","2","8","","5","","","/","","","/","","",0,"8",.0,"8",.0,"8","","8",0,"8","","",.0,"8",.0,"8",.0,"8",.0,"8",.0,"8",.0,"8",.0,"8",.0,"8",.0,"8",0,"8",0,"8",0,"8","","",0,"8",0,"8"
"352190360","P£OCK","2006","03","16","20","6","",0,"8",0,"8","","","",6,"",0,"8",0,"8",8,"",40,"",3,"",0,"",.4,"",.0,"8","U","",5.2,"",82,"",-2.3,"",1012.0,"",1025.8,"",1,.3,"",.0,"8",0,"8","10","2","8","","5","","","/","","","/","","",0,"8",.0,"8",.0,"8","","8",0,"8","","",.0,"8",.0,"8",.0,"8",.0,"8",.0,"8",.0,"8",.0,"8",.0,"8",.0,"8",0,"8",0,"8",0,"8","","",0,"8",0,"8"
"352190360","P£OCK","2006","03","16","21","6","",0,"8",0,"8","","","",6,"",0,"8",0,"8",8,"",40,"",3,"",0,"",.3,"",.0,"8","U","",5.1,"",81,"",-2.6,"",1011.9,"",1025.7,"",0,.0,"",.0,"8",0,"8","10","2","8","","5","","","/","","","/","","",0,"8",.0,"8",.0,"8","","8",0,"8","","",.0,"8",.0,"8",.0,"8",.0,"8",.0,"8",.0,"8",.0,"8",.0,"8",.0,"8",0,"8",0,"8",0,"8","","",0,"8",0,"8"
"352190360","P£OCK","2006","03","16","22","6","",0,"8",0,"8","","","",6,"",0,"8",0,"8",8,"",40,"",3,"",0,"",.2,"",.0,"8","U","",5.0,"",81,"",-2.7,"",1011.7,"",1025.5,"",8,-.3,"",.0,"8",0,"8","10","2","8","","5","","","/","","","/","","",0,"8",.0,"8",.0,"8","","8",0,"8","","",.0,"8",.0,"8",.0,"8",.0,"8",.0,"8",.0,"8",.0,"8",.0,"8",.0,"8",0,"8",0,"8",0,"8","","",0,"8",0,"8"
"352190360","P£OCK","2006","03","16","23","6","",0,"8",0,"8","","","",6,"",0,"8",0,"8",8,"",20,"",3,"",0,"",.1,"",.0,"8","U","",5.0,"",81,"",-2.8,"",1011.6,"",1025.4,"",7,-.4,"",.0,"8",0,"8","10","2","8","","5","","","/","","","/","","",0,"8",.0,"8",.0,"8","","8",0,"8","","",.0,"8",.0,"8",.0,"8",.0,"8",.0,"8",.0,"8",.0,"8",.0,"8",.0,"8",0,"8",0,"8",0,"8","","",0,"8",0,"8"
"352190360","P£OCK","2006","03","17","00","6","",0,"8",0,"8","","","",6,"",0,"8",0,"8",8,"",20,"",3,"",0,"",.1,"",.0,"8","U","",5.0,"",81,"",-2.8,"",1011.4,"",1025.2,"",7,-.5,"",.0,"9",0,"9","10","2","8","","5","","","/","","","/","","",14,"",.0,"8",.0,"8","","8",0,"8","","",.0,"8",.0,"8",.0,"8",.0,"8",.0,"8",.0,"8",.0,"8",.0,"8",.0,"8",0,"8",0,"8",0,"8","","",0,"8",0,"8"
"352190360","P£OCK","2006","03","17","01","5","",0,"8",0,"8","","","",7,"",0,"8",0,"8",8,"",20,"",4,"",0,"",-.1,"",.0,"8","U","",5.0,"",82,"",-2.8,"",1011.1,"",1025.0,"",8,-.6,"",.0,"8",0,"8","02","2","8","","5","","","/","","","/","","",0,"8",.0,"8",.0,"8","","8",0,"8","","",.0,"8",.0,"8",.0,"8",.0,"8",.0,"8",.0,"8",.0,"8",.0,"8",.0,"8",0,"8",0,"8",0,"8","","",0,"8",0,"8"
"352190360","P£OCK","2006","03","17","02","5","",0,"8",0,"8","","","",7,"",0,"8",0,"8",8,"",30,"",3,"",0,"",-.2,"",.0,"8","U","",5.0,"",83,"",-2.7,"",1010.7,"",1024.6,"",8,-.9,"",.0,"8",0,"8","85","8","8","","9","","","/","","","/","","",0,"8",.0,"8",.0,"8","","8",0,"8","","",.0,"8",.0,"8",.0,"8",.0,"8",.0,"8",.0,"8",.0,"8",.0,"8",.0,"8",0,"8",0,"8",0,"8","","",0,"8",0,"8"
"352190360","P£OCK","2006","03","17","03","5","",0,"8",0,"8","","","",7,"",0,"8",0,"8",8,"",20,"",3,"",0,"",-.3,"",.0,"8","U","",5.0,"",84,"",-2.7,"",1010.5,"",1024.4,"",7,-.9,"",.0,"8",0,"8","85","8","8","","9","","","/","","","/","","",0,"8",.0,"8",.0,"8","","8",0,"8","","",.0,"8",.0,"8",.0,"8",.0,"8",.0,"8",.0,"8",.0,"8",.0,"8",.0,"8",0,"8",0,"8",0,"8","","",0,"8",0,"8"
"352190360","P£OCK","2006","03","17","04","5","",0,"8",0,"8","","","",7,"",0,"8",0,"8",8,"",20,"",3,"",0,"",-.4,"",.0,"8","U","",5.0,"",85,"",-2.6,"",1010.4,"",1024.3,"",6,-.7,"",.0,"8",0,"8","26","2","8","","5","","","/","","","/","","",0,"8",.0,"8",.0,"8","","8",0,"8","","",.0,"8",.0,"8",.0,"8",.0,"8",.0,"8",.0,"8",.0,"8",.0,"8",.0,"8",0,"8",0,"8",0,"8","","",0,"8",0,"8"
"352190360","P£OCK","2006","03","17","05","6","",0,"8",0,"8","","","",7,"",0,"8",0,"8",8,"",20,"",4,"",0,"",-.3,"",.0,"8","U","",5.0,"",84,"",-2.7,"",1010.4,"",1024.3,"",6,-.3,"",.0,"8",0,"8","02","2","8","","5","","","/","","","/","","",0,"8",.0,"8",.0,"8","","8",0,"8","","",.0,"8",.0,"8",.0,"8",.0,"8",.0,"8",.0,"8",.0,"8",.0,"8",.0,"8",0,"8",0,"8",0,"8","","",0,"8",0,"8"
"352190360","P£OCK","2006","03","17","06","7","",0,"8",0,"8","","","",6,"",0,"8",0,"8",8,"",20,"",3,"",0,"",-.3,"",.0,"8","U","",5.0,"",83,"",-2.8,"",1010.5,"",1024.4,"",5,.0,"",.0,"",7,"","10","8","8","","5","","","/","","","/","","",14,"",.0,"8",.0,"8","","8",0,"8","","",.0,"8",.0,"8",.0,"8",.0,"8",.0,"8",.0,"8",.0,"8",.0,"8",.0,"8",0,"8",0,"8",0,"8","","",0,"8",0,"8"
"352190360","P£OCK","2006","03","17","07","7","",0,"8",0,"8","","","",6,"",0,"8",0,"8",8,"",30,"",4,"",0,"",-.2,"",.0,"8","U","",5.0,"",83,"",-2.7,"",1010.6,"",1024.5,"",3,.2,"",.0,"8",0,"8","10","2","5","","5","","","3","","","/","","",0,"8",.0,"8",.0,"8","","8",0,"8","","",.0,"8",.0,"8",.0,"8",.0,"8",.0,"8",.0,"8",.0,"8",.0,"8",.0,"8",0,"8",0,"8",0,"8","","",0,"8",0,"8"
"352190360","P£OCK","2006","03","17","08","7","",0,"8",0,"8","","","",6,"",0,"8",0,"8",8,"",30,"",4,"",0,"",.2,"",.0,"8","U","",5.1,"",82,"",-2.5,"",1010.6,"",1024.4,"",1,.2,"",.0,"8",0,"8","10","2","8","","5","","","/","","","/","","",0,"8",.0,"8",.0,"8","","8",0,"8","","",.0,"8",.0,"8",.0,"8",.0,"8",.0,"8",.0,"8",.0,"8",.0,"8",.0,"8",0,"8",0,"8",0,"8","","",0,"8",0,"8"
"352190360","P£OCK","2006","03","17","09","6","",0,"8",0,"8","","","",6,"",0,"8",0,"8",8,"",30,"",3,"",0,"",.8,"",.0,"8","U","",5.2,"",81,"",-2.1,"",1010.7,"",1024.5,"",2,.2,"",.0,"8",0,"8","26","2","6","","5","","","3","","","/","","",0,"8",.0,"8",.0,"8","","8",0,"8","","",.0,"8",.0,"8",.0,"8",.0,"8",.0,"8",.0,"8",.0,"8",.0,"8",.0,"8",0,"8",0,"8",0,"8","","",0,"8",0,"8"
"352190360","P£OCK","2006","03","17","10","5","",0,"8",0,"8","","","",5,"",0,"8",0,"8",8,"",20,"",4,"",0,"",.9,"",.0,"8","U","",5.3,"",82,"",-1.8,"",1010.8,"",1024.6,"",3,.2,"",.0,"8",0,"8","85","2","8","","9","","","/","","","/","","",0,"8",.0,"8",.0,"8","","8",0,"8","","",.0,"8",.0,"8",.0,"8",.0,"8",.0,"8",.0,"8",.0,"8",.0,"8",.0,"8",0,"8",0,"8",0,"8","","",0,"8",0,"8"
"352190360","P£OCK","2006","03","17","11","4","",0,"8",0,"8","","","",5,"",0,"8",0,"8",8,"",10,"",4,"",0,"",.6,"",.0,"8","U","",5.7,"",89,"",-1.0,"",1010.6,"",1024.4,"",0,.0,"",.0,"8",0,"8","85","8","8","","9","","","/","","","/","","",0,"8",.0,"8",.0,"8","","8",0,"8","","",.0,"8",.0,"8",.0,"8",.0,"8",.0,"8",.0,"8",.0,"8",.0,"8",.0,"8",0,"8",0,"8",0,"8","","",0,"8",0,"8"
"352190360","P£OCK","2006","03","17","12","2","",0,"8",0,"8","","","",5,"",0,"8",0,"8",8,"",10,"",3,"",0,"",.7,"",.0,"8","U","",5.8,"",90,"",-.8,"",1010.2,"",1024.0,"",8,-.5,"",.1,"",7,"","71","8","7","","7","","","/","","","/","","",14,"",.0,"8",.0,"8","","8",0,"8","","",.0,"8",.0,"8",.0,"8",.0,"8",.0,"8",.0,"8",.0,"8",.0,"8",.0,"8",0,"8",0,"8",0,"8","","",0,"8",0,"8"
"352190360","P£OCK","2006","03","17","13","2","",0,"8",0,"8","","","",5,"",0,"8",0,"8",8,"",10,"",3,"",0,"",.7,"",.0,"8","U","",5.9,"",92,"",-.5,"",1010.0,"",1023.8,"",7,-.8,"",.0,"8",0,"8","68","7","6","","7","","","2","","","/","","",0,"8",.0,"8",.0,"8","","8",0,"8","","",.0,"8",.0,"8",.0,"8",.0,"8",.0,"8",.0,"8",.0,"8",.0,"8",.0,"8",0,"8",0,"8",0,"8","","",0,"8",0,"8"
"352190360","P£OCK","2006","03","17","14","2","",0,"8",0,"8","","","",6,"",0,"8",0,"8",8,"",10,"",2,"",0,"",1.0,"",.0,"8","U","",6.0,"",91,"",-.3,"",1009.7,"",1023.5,"",7,-.9,"",.0,"8",0,"8","61","7","4","","7","","","2","","","/","","",0,"8",.0,"8",.0,"8","","8",0,"8","","",.0,"8",.0,"8",.0,"8",.0,"8",.0,"8",.0,"8",.0,"8",.0,"8",.0,"8",0,"8",0,"8",0,"8","","",0,"8",0,"8"
"352190360","P£OCK","2006","03","17","15","4","",0,"8",0,"8","","","",6,"",0,"8",0,"8",8,"",20,"",4,"",0,"",1.1,"",.0,"8","U","",6.0,"",90,"",-.4,"",1009.6,"",1023.4,"",7,-.6,"",.0,"8",0,"8","21","7","8","","5","","","/","","","/","","",0,"8",.0,"8",.0,"8","","8",0,"8","","",.0,"8",.0,"8",.0,"8",.0,"8",.0,"8",.0,"8",.0,"8",.0,"8",.0,"8",0,"8",0,"8",0,"8","","",0,"8",0,"8"
"352190360","P£OCK","2006","03","17","16","4","",0,"8",0,"8","","","",6,"",0,"8",0,"8",8,"",10,"",3,"",0,"",1.0,"",.0,"8","U","",5.9,"",90,"",-.5,"",1009.6,"",1023.4,"",6,-.4,"",.0,"8",0,"8","10","2","8","","5","","","/","","","/","","",0,"8",.0,"8",.0,"8","","8",0,"8","","",.0,"8",.0,"8",.0,"8",.0,"8",.0,"8",.0,"8",.0,"8",.0,"8",.0,"8",0,"8",0,"8",0,"8","","",0,"8",0,"8"
"352190360","P£OCK","2006","03","17","17","4","",0,"8",0,"8","","","",6,"",0,"8",0,"8",8,"",10,"",2,"",0,"",1.0,"",.0,"8","U","",5.9,"",90,"",-.5,"",1009.8,"",1023.6,"",3,.1,"",.0,"8",0,"8","10","2","8","","5","","","/","","","/","","",0,"8",.0,"8",.0,"8","","8",0,"8","","",.0,"8",.0,"8",.0,"8",.0,"8",.0,"8",.0,"8",.0,"8",.0,"8",.0,"8",0,"8",0,"8",0,"8","","",0,"8",0,"8"
"352190360","P£OCK","2006","03","17","18","6","",0,"8",0,"8","","","",6,"",0,"8",0,"8",8,"",10,"",3,"",0,"",.9,"",.0,"8","U","",5.9,"",91,"",-.4,"",1009.8,"",1023.6,"",1,.2,"",.2,"",7,"","61","7","8","","5","","","/","","","/","","",14,"",.0,"8",.0,"8","","8",0,"8","","",.0,"8",.0,"8",.0,"8",.0,"8",.0,"8",.0,"8",.0,"8",.0,"8",.0,"8",0,"8",0,"8",0,"8","","",0,"8",0,"8"
"352190360","P£OCK","2006","03","17","19","5","",0,"8",0,"8","","","",6,"",0,"8",0,"8",8,"",360,"",2,"",0,"",1.0,"",.0,"8","U","",6.0,"",92,"",-.2,"",1009.8,"",1023.6,"",1,.2,"",.0,"8",0,"8","10","2","8","","5","","","/","","","/","","",0,"8",.0,"8",.0,"8","","8",0,"8","","",.0,"8",.0,"8",.0,"8",.0,"8",.0,"8",.0,"8",.0,"8",.0,"8",.0,"8",0,"8",0,"8",0,"8","","",0,"8",0,"8"
"352190360","P£OCK","2006","03","17","20","4","",0,"8",0,"8","","","",6,"",0,"8",0,"8",8,"",10,"",1,"",0,"",.9,"",.0,"8","U","",5.9,"",91,"",-.4,"",1009.8,"",1023.6,"",4,.0,"",.0,"8",0,"8","61","2","8","","5","","","/","","","/","","",0,"8",.0,"8",.0,"8","","8",0,"8","","",.0,"8",.0,"8",.0,"8",.0,"8",.0,"8",.0,"8",.0,"8",.0,"8",.0,"8",0,"8",0,"8",0,"8","","",0,"8",0,"8"
"352190360","P£OCK","2006","03","17","21","4","",0,"8",0,"8","","","",5,"",0,"8",0,"8",8,"",20,"",2,"",0,"",.7,"",.0,"8","U","",5.9,"",92,"",-.5,"",1009.6,"",1023.4,"",8,-.2,"",.0,"8",0,"8","68","6","8","","5","","","/","","","/","","",0,"8",.0,"8",.0,"8","","8",0,"8","","",.0,"8",.0,"8",.0,"8",.0,"8",.0,"8",.0,"8",.0,"8",.0,"8",.0,"8",0,"8",0,"8",0,"8","","",0,"8",0,"8"
"352190360","P£OCK","2006","03","17","22","6","",0,"8",0,"8","","","",5,"",0,"8",0,"8",8,"",20,"",3,"",0,"",.6,"",.0,"8","U","",6.0,"",94,"",-.3,"",1009.3,"",1023.1,"",8,-.5,"",.0,"8",0,"8","23","7","8","","5","","","/","","","/","","",0,"8",.0,"8",.0,"8","","8",0,"8","","",.0,"8",.0,"8",.0,"8",.0,"8",.0,"8",.0,"8",.0,"8",.0,"8",.0,"8",0,"8",0,"8",0,"8","","",0,"8",0,"8"
"352190360","P£OCK","2006","03","17","23","4","",0,"8",0,"8","","","",6,"",0,"8",0,"8",8,"",10,"",2,"",0,"",.6,"",.0,"8","U","",6.0,"",94,"",-.3,"",1009.1,"",1022.9,"",7,-.7,"",.0,"8",0,"8","10","2","8","","5","","","/","","","/","","",0,"8",.0,"8",.0,"8","","8",0,"8","","",.0,"8",.0,"8",.0,"8",.0,"8",.0,"8",.0,"8",.0,"8",.0,"8",.0,"8",0,"8",0,"8",0,"8","","",0,"8",0,"8"
"352190360","P£OCK","2006","03","18","00","4","",0,"8",0,"8","","","",6,"",0,"8",0,"8",8,"",360,"",2,"",0,"",.6,"",.0,"8","U","",5.9,"",93,"",-.4,"",1008.7,"",1022.5,"",7,-.9,"",.0,"",7,"","10","7","8","","5","","","/","","","/","","",14,"",.0,"8",.0,"8","","8",0,"8","","",.0,"8",.0,"8",.0,"8",.0,"8",.0,"8",.0,"8",.0,"8",.0,"8",.0,"8",0,"8",0,"8",0,"8","","",0,"8",0,"8"
"352190360","P£OCK","2006","03","18","01","4","",0,"8",0,"8","","","",6,"",0,"8",0,"8",8,"",10,"",3,"",0,"",.7,"",.0,"8","U","",5.7,"",88,"",-1.1,"",1008.3,"",1022.1,"",8,-1.0,"",.0,"8",0,"8","10","2","8","","5","","","/","","","/","","",0,"8",.0,"8",.0,"8","","8",0,"8","","",.0,"8",.0,"8",.0,"8",.0,"8",.0,"8",.0,"8",.0,"8",.0,"8",.0,"8",0,"8",0,"8",0,"8","","",0,"8",0,"8"
"352190360","P£OCK","2006","03","18","02","6","",0,"8",0,"8","","","",6,"",0,"8",0,"8",8,"",10,"",3,"",0,"",.7,"",.0,"8","U","",5.6,"",87,"",-1.2,"",1007.9,"",1021.7,"",7,-1.2,"",.0,"8",0,"8","10","2","8","","5","","","/","","","/","","",0,"8",.0,"8",.0,"8","","8",0,"8","","",.0,"8",.0,"8",.0,"8",.0,"8",.0,"8",.0,"8",.0,"8",.0,"8",.0,"8",0,"8",0,"8",0,"8","","",0,"8",0,"8"
"352190360","P£OCK","2006","03","18","03","5","",0,"8",0,"8","","","",6,"",0,"8",0,"8",8,"",10,"",2,"",0,"",.7,"",.0,"8","U","",5.6,"",87,"",-1.2,"",1007.8,"",1021.6,"",6,-.9,"",.0,"8",0,"8","10","2","8","","5","","","/","","","/","","",0,"8",.0,"8",.0,"8","","8",0,"8","","",.0,"8",.0,"8",.0,"8",.0,"8",.0,"8",.0,"8",.0,"8",.0,"8",.0,"8",0,"8",0,"8",0,"8","","",0,"8",0,"8"
"352190360","P£OCK","2006","03","18","04","4","",0,"8",0,"8","","","",6,"",0,"8",0,"8",8,"",10,"",3,"",0,"",.7,"",.0,"8","U","",5.7,"",88,"",-1.1,"",1007.5,"",1021.3,"",7,-.8,"",.0,"8",0,"8","10","2","8","","5","","","/","","","/","","",0,"8",.0,"8",.0,"8","","8",0,"8","","",.0,"8",.0,"8",.0,"8",.0,"8",.0,"8",.0,"8",.0,"8",.0,"8",.0,"8",0,"8",0,"8",0,"8","","",0,"8",0,"8"
"352190360","P£OCK","2006","03","18","05","5","",0,"8",0,"8","","","",6,"",0,"8",0,"8",8,"",360,"",2,"",0,"",.6,"",.0,"8","U","",5.6,"",88,"",-1.2,"",1007.5,"",1021.3,"",6,-.4,"",.0,"8",0,"8","10","2","8","","5","","","/","","","/","","",0,"8",.0,"8",.0,"8","","8",0,"8","","",.0,"8",.0,"8",.0,"8",.0,"8",.0,"8",.0,"8",.0,"8",.0,"8",.0,"8",0,"8",0,"8",0,"8","","",0,"8",0,"8"
"352190360","P£OCK","2006","03","18","06","5","",0,"8",0,"8","","","",6,"",0,"8",0,"8",8,"",350,"",3,"",0,"",.7,"",.0,"8","U","",5.7,"",88,"",-1.1,"",1007.3,"",1021.1,"",7,-.5,"",.0,"9",0,"9","10","2","8","","5","","","/","","","/","","",14,"",.0,"8",.0,"8","","8",0,"8","","",.0,"8",.0,"8",.0,"8",.0,"8",.0,"8",.0,"8",.0,"8",.0,"8",.0,"8",0,"8",0,"8",0,"8","","",0,"8",0,"8"
"352190360","P£OCK","2006","03","18","07","4","",0,"8",0,"8","","","",6,"",0,"8",0,"8",7,"",340,"",2,"",0,"",1.0,"",.0,"8","U","",5.6,"",86,"",-1.1,"",1007.5,"",1021.2,"",5,.0,"",.0,"8",0,"8","10","2","7","","5","","","/","","","/","","",0,"8",.0,"8",.0,"8","","8",0,"8","","",.0,"8",.0,"8",.0,"8",.0,"8",.0,"8",.0,"8",.0,"8",.0,"8",.0,"8",0,"8",0,"8",0,"8","","",0,"8",0,"8"
"352190360","P£OCK","2006","03","18","08","5","",0,"8",0,"8","","","",6,"",0,"8",0,"8",7,"",360,"",3,"",0,"",1.1,"",.0,"8","U","",5.6,"",84,"",-1.3,"",1007.6,"",1021.3,"",3,.1,"",.0,"8",0,"8","10","2","7","","5","","","/","","","/","","",0,"8",.0,"8",.0,"8","","8",0,"8","","",.0,"8",.0,"8",.0,"8",.0,"8",.0,"8",.0,"8",.0,"8",.0,"8",.0,"8",0,"8",0,"8",0,"8","","",0,"8",0,"8"
"352190360","P£OCK","2006","03","18","09","7","",0,"8",0,"8","","","",6,"",0,"8",0,"8",7,"",20,"",3,"",0,"",1.7,"",.0,"8","U","",5.5,"",79,"",-1.6,"",1007.5,"",1021.2,"",0,.2,"",.0,"8",0,"8","10","2","7","","5","","","/","","","/","","",0,"8",.0,"8",.0,"8","","8",0,"8","","",.0,"8",.0,"8",.0,"8",.0,"8",.0,"8",.0,"8",.0,"8",.0,"8",.0,"8",0,"8",0,"8",0,"8","","",0,"8",0,"8"
"352190360","P£OCK","2006","03","18","10","7","",0,"8",0,"8","","","",6,"",0,"8",0,"8",8,"",360,"",3,"",0,"",1.9,"",.0,"8","U","",5.6,"",80,"",-1.2,"",1007.2,"",1020.9,"",8,-.3,"",.0,"8",0,"8","10","2","8","","5","","","/","","","/","","",0,"8",.0,"8",.0,"8","","8",0,"8","","",.0,"8",.0,"8",.0,"8",.0,"8",.0,"8",.0,"8",.0,"8",.0,"8",.0,"8",0,"8",0,"8",0,"8","","",0,"8",0,"8"
"352190360","P£OCK","2006","03","18","11","6","",0,"8",0,"8","","","",6,"",0,"8",0,"8",8,"",10,"",2,"",0,"",2.3,"",.0,"8","U","",5.6,"",77,"",-1.3,"",1006.8,"",1020.5,"",8,-.8,"",.0,"8",0,"8","10","2","8","","5","","","/","","","/","","",0,"8",.0,"8",.0,"8","","8",0,"8","","",.0,"8",.0,"8",.0,"8",.0,"8",.0,"8",.0,"8",.0,"8",.0,"8",.0,"8",0,"8",0,"8",0,"8","","",0,"8",0,"8"
"352190360","P£OCK","2006","03","18","12","6","",0,"8",0,"8","","","",6,"",0,"8",0,"8",8,"",310,"",2,"",0,"",2.8,"",.0,"8","U","",5.5,"",74,"",-1.4,"",1006.2,"",1019.8,"",8,-1.3,"",.0,"9",0,"9","10","2","8","","5","","","/","","","/","","",14,"",.0,"8",.0,"8","","8",0,"8","","",.0,"8",.0,"8",.0,"8",.0,"8",.0,"8",.0,"8",.0,"8",.0,"8",.0,"8",0,"8",0,"8",0,"8","","",0,"8",0,"8"
"352190360","P£OCK","2006","03","18","13","6","",0,"8",0,"8","","","",6,"",0,"8",0,"8",8,"",320,"",2,"",0,"",2.9,"",.0,"8","U","",5.4,"",72,"",-1.7,"",1005.8,"",1019.4,"",7,-1.4,"",.0,"8",0,"8","10","2","8","","5","","","/","","","/","","",0,"8",.0,"8",.0,"8","","8",0,"8","","",.0,"8",.0,"8",.0,"8",.0,"8",.0,"8",.0,"8",.0,"8",.0,"8",.0,"8",0,"8",0,"8",0,"8","","",0,"8",0,"8"
"352190360","P£OCK","2006","03","18","14","6","",0,"8",0,"8","","","",6,"",0,"8",0,"8",8,"",280,"",3,"",0,"",3.0,"",.0,"8","U","",5.7,"",75,"",-1.0,"",1005.2,"",1018.8,"",7,-1.6,"",.0,"8",0,"8","10","2","8","","5","","","/","","","/","","",0,"8",.0,"8",.0,"8","","8",0,"8","","",.0,"8",.0,"8",.0,"8",.0,"8",.0,"8",.0,"8",.0,"8",.0,"8",.0,"8",0,"8",0,"8",0,"8","","",0,"8",0,"8"
"352190360","P£OCK","2006","03","18","15","7","",0,"8",0,"8","","","",6,"",0,"8",0,"8",8,"",300,"",2,"",0,"",2.8,"",.0,"8","U","",5.6,"",75,"",-1.2,"",1005.0,"",1018.6,"",7,-1.2,"",.0,"8",0,"8","10","2","8","","5","","","/","","","/","","",0,"8",.0,"8",.0,"8","","8",0,"8","","",.0,"8",.0,"8",.0,"8",.0,"8",.0,"8",.0,"8",.0,"8",.0,"8",.0,"8",0,"8",0,"8",0,"8","","",0,"8",0,"8"
"352190360","P£OCK","2006","03","18","16","7","",0,"8",0,"8","","","",6,"",0,"8",0,"8",8,"",310,"",2,"",0,"",2.0,"",.0,"8","U","",5.6,"",80,"",-1.1,"",1004.6,"",1018.3,"",7,-1.2,"",.0,"8",0,"8","10","2","8","","5","","","/","","","/","","",0,"8",.0,"8",.0,"8","","8",0,"8","","",.0,"8",.0,"8",.0,"8",.0,"8",.0,"8",.0,"8",.0,"8",.0,"8",.0,"8",0,"8",0,"8",0,"8","","",0,"8",0,"8"
"352190360","P£OCK","2006","03","18","17","7","",0,"8",0,"8","","","",6,"",0,"8",0,"8",8,"",290,"",3,"",0,"",1.4,"",.0,"8","U","",5.6,"",83,"",-1.2,"",1004.3,"",1018.0,"",7,-.9,"",.0,"8",0,"8","10","2","8","","5","","","/","","","/","","",0,"8",.0,"8",.0,"8","","8",0,"8","","",.0,"8",.0,"8",.0,"8",.0,"8",.0,"8",.0,"8",.0,"8",.0,"8",.0,"8",0,"8",0,"8",0,"8","","",0,"8",0,"8"
"352190360","P£OCK","2006","03","18","18","7","",0,"8",0,"8","","","",6,"",0,"8",0,"8",7,"",290,"",3,"",0,"",.6,"",.0,"8","U","",5.2,"",82,"",-2.1,"",1004.2,"",1017.9,"",6,-.8,"",.0,"9",0,"9","10","2","7","","5","","","/","","","/","","",14,"",.0,"8",.0,"8","","8",0,"8","","",.0,"8",.0,"8",.0,"8",.0,"8",.0,"8",.0,"8",.0,"8",.0,"8",.0,"8",0,"8",0,"8",0,"8","","",0,"8",0,"8"
"352190360","P£OCK","2006","03","18","19","7","",0,"8",0,"8","","","",6,"",0,"8",0,"8",3,"",280,"",3,"",0,"",.0,"",.0,"8","U","",5.3,"",86,"",-2.1,"",1003.9,"",1017.6,"",7,-.7,"",.0,"8",0,"8","10","1","3","","5","","","0","","","0","","",0,"8",.0,"8",.0,"8","","8",0,"8","","",.0,"8",.0,"8",.0,"8",.0,"8",.0,"8",.0,"8",.0,"8",.0,"8",.0,"8",0,"8",0,"8",0,"8","","",0,"8",0,"8"
"352190360","P£OCK","2006","03","18","20","7","",0,"8",0,"8","","","",5,"",0,"8",0,"8",3,"",280,"",4,"",0,"",-.9,"",.0,"8","U","",5.1,"",89,"",-2.5,"",1003.7,"",1017.5,"",7,-.6,"",.0,"8",0,"8","10","0","3","","5","","","0","","","0","","",0,"8",.0,"8",.0,"8","","8",0,"8","","",.0,"8",.0,"8",.0,"8",.0,"8",.0,"8",.0,"8",.0,"8",.0,"8",.0,"8",0,"8",0,"8",0,"8","","",0,"8",0,"8"
"352190360","P£OCK","2006","03","18","21","4","",0,"8",0,"8","","","",5,"",0,"8",0,"8",7,"",220,"",3,"",0,"",-1.3,"",.0,"8","U","",5.1,"",91,"",-2.6,"",1002.9,"",1016.7,"",7,-1.3,"",.0,"8",0,"8","10","1","7","","5","","","/","","","/","","",0,"8",.0,"8",.0,"8","","8",0,"8","","",.0,"8",.0,"8",.0,"8",.0,"8",.0,"8",.0,"8",.0,"8",.0,"8",.0,"8",0,"8",0,"8",0,"8","","",0,"8",0,"8"
"352190360","P£OCK","2006","03","18","22","4","",0,"8",0,"8","","","",5,"",0,"8",0,"8",7,"",230,"",4,"",0,"",-.9,"",.0,"8","U","",5.3,"",92,"",-2.0,"",1002.4,"",1016.2,"",7,-1.5,"",.0,"8",0,"8","10","2","7","","5","","","/","","","/","","",0,"8",.0,"8",.0,"8","","8",0,"8","","",.0,"8",.0,"8",.0,"8",.0,"8",.0,"8",.0,"8",.0,"8",.0,"8",.0,"8",0,"8",0,"8",0,"8","","",0,"8",0,"8"
"352190360","P£OCK","2006","03","18","23","3","",0,"8",0,"8","","","",6,"",0,"8",0,"8",7,"",270,"",7,"",0,"",-.1,"",.0,"8","U","",5.3,"",88,"",-1.8,"",1001.7,"",1015.4,"",7,-2.0,"",.0,"8",0,"8","10","2","7","","6","","","/","","","/","","",0,"8",.0,"8",.0,"8","","8",0,"8","","",.0,"8",.0,"8",.0,"8",.0,"8",.0,"8",.0,"8",.0,"8",.0,"8",.0,"8",0,"8",0,"8",0,"8","","",0,"8",0,"8"
"352190360","P£OCK","2006","03","19","00","3","",0,"8",0,"8","","","",6,"",0,"8",0,"8",8,"",280,"",5,"",0,"",-.3,"",.0,"8","U","",5.3,"",88,"",-2.0,"",1001.5,"",1015.2,"",7,-1.4,"",.0,"9",0,"9","10","1","8","","6","","","/","","","/","","",14,"",.0,"8",.0,"8","","8",0,"8","","",.0,"8",.0,"8",.0,"8",.0,"8",.0,"8",.0,"8",.0,"8",.0,"8",.0,"8",0,"8",0,"8",0,"8","","",0,"8",0,"8"
"352190360","P£OCK","2006","03","19","01","3","",0,"8",0,"8","","","",5,"",0,"8",0,"8",8,"",270,"",6,"",0,"",-.7,"",.0,"8","U","",5.1,"",88,"",-2.4,"",1000.8,"",1014.5,"",7,-1.6,"",.0,"8",0,"8","10","2","8","","6","","","/","","","/","","",0,"8",.0,"8",.0,"8","","8",0,"8","","",.0,"8",.0,"8",.0,"8",.0,"8",.0,"8",.0,"8",.0,"8",.0,"8",.0,"8",0,"8",0,"8",0,"8","","",0,"8",0,"8"
"352190360","P£OCK","2006","03","19","02","2","",0,"8",0,"8","","","",5,"",0,"8",0,"8",8,"",280,"",6,"",0,"",-1.2,"",.0,"8","U","",5.1,"",91,"",-2.5,"",1000.5,"",1014.3,"",7,-1.2,"",.0,"8",0,"8","10","2","8","","6","","","/","","","/","","",0,"8",.0,"8",.0,"8","","8",0,"8","","",.0,"8",.0,"8",.0,"8",.0,"8",.0,"8",.0,"8",.0,"8",.0,"8",.0,"8",0,"8",0,"8",0,"8","","",0,"8",0,"8"
"352190360","P£OCK","2006","03","19","03","2","",0,"8",0,"8","","","",5,"",0,"8",0,"8",8,"",280,"",6,"",0,"",-1.6,"",.0,"8","U","",5.0,"",92,"",-2.7,"",1000.1,"",1013.9,"",7,-1.4,"",.0,"8",0,"8","10","2","8","","6","","","/","","","/","","",0,"8",.0,"8",.0,"8","","8",0,"8","","",.0,"8",.0,"8",.0,"8",.0,"8",.0,"8",.0,"8",.0,"8",.0,"8",.0,"8",0,"8",0,"8",0,"8","","",0,"8",0,"8"
"352190360","P£OCK","2006","03","19","04","3","",0,"8",0,"8","","","",6,"",0,"8",0,"8",8,"",270,"",6,"",0,"",-1.7,"",.0,"8","U","",4.6,"",86,"",-3.7,"",999.5,"",1013.3,"",8,-1.3,"",.0,"8",0,"8","10","2","8","","6","","","/","","","/","","",0,"8",.0,"8",.0,"8","","8",0,"8","","",.0,"8",.0,"8",.0,"8",.0,"8",.0,"8",.0,"8",.0,"8",.0,"8",.0,"8",0,"8",0,"8",0,"8","","",0,"8",0,"8"
"352190360","P£OCK","2006","03","19","05","4","",0,"8",0,"8","","","",6,"",0,"8",0,"8",8,"",280,"",6,"",0,"",-1.7,"",.0,"8","U","",4.3,"",80,"",-4.7,"",999.3,"",1013.1,"",7,-1.2,"",.0,"8",0,"8","10","2","8","","5","","","/","","","/","","",0,"8",.0,"8",.0,"8","","8",0,"8","","",.0,"8",.0,"8",.0,"8",.0,"8",.0,"8",.0,"8",.0,"8",.0,"8",.0,"8",0,"8",0,"8",0,"8","","",0,"8",0,"8"
"352190360","P£OCK","2006","03","19","06","4","",0,"8",0,"8","","","",6,"",0,"8",0,"8",8,"",250,"",6,"",0,"",-1.4,"",.0,"8","U","",4.4,"",79,"",-4.6,"",998.6,"",1012.3,"",7,-1.5,"",.0,"9",0,"9","10","2","8","","5","","","/","","","/","","",14,"",.0,"8",.0,"8","","8",0,"8","","",.0,"8",.0,"8",.0,"8",.0,"8",.0,"8",.0,"8",.0,"8",.0,"8",.0,"8",0,"8",0,"8",0,"8","","",0,"8",0,"8"
"352190360","P£OCK","2006","03","19","07","4","",0,"8",0,"8","","","",6,"",0,"8",0,"8",8,"",270,"",6,"",0,"",-1.5,"",.0,"8","U","",4.4,"",80,"",-4.5,"",998.6,"",1012.4,"",6,-.9,"",.0,"8",0,"8","10","2","8","","5","","","/","","","/","","",0,"8",.0,"8",.0,"8","","8",0,"8","","",.0,"8",.0,"8",.0,"8",.0,"8",.0,"8",.0,"8",.0,"8",.0,"8",.0,"8",0,"8",0,"8",0,"8","","",0,"8",0,"8"
"352190360","P£OCK","2006","03","19","08","4","",0,"8",0,"8","","","",6,"",0,"8",0,"8",8,"",250,"",6,"",0,"",-1.4,"",.0,"8","U","",4.4,"",80,"",-4.4,"",998.3,"",1012.0,"",7,-1.0,"",.0,"8",0,"8","10","2","8","","5","","","/","","","/","","",0,"8",.0,"8",.0,"8","","8",0,"8","","",.0,"8",.0,"8",.0,"8",.0,"8",.0,"8",.0,"8",.0,"8",.0,"8",.0,"8",0,"8",0,"8",0,"8","","",0,"8",0,"8"
"352190360","P£OCK","2006","03","19","09","4","",0,"8",0,"8","","","",6,"",0,"8",0,"8",8,"",240,"",5,"",0,"",-1.2,"",.0,"8","U","",4.4,"",79,"",-4.4,"",998.2,"",1011.9,"",8,-.4,"",.0,"8",0,"8","10","2","8","","5","","","/","","","/","","",0,"8",.0,"8",.0,"8","","8",0,"8","","",.0,"8",.0,"8",.0,"8",.0,"8",.0,"8",.0,"8",.0,"8",.0,"8",.0,"8",0,"8",0,"8",0,"8","","",0,"8",0,"8"
"352190360","P£OCK","2006","03","19","10","4","",0,"8",0,"8","","","",6,"",0,"8",0,"8",8,"",230,"",7,"",0,"",-.8,"",.0,"8","U","",4.5,"",78,"",-4.2,"",997.8,"",1011.5,"",7,-.8,"",.0,"8",0,"8","10","2","7","","5","","","/","","","/","","",0,"8",.0,"8",.0,"8","","8",0,"8","","",.0,"8",.0,"8",.0,"8",.0,"8",.0,"8",.0,"8",.0,"8",.0,"8",.0,"8",0,"8",0,"8",0,"8","","",0,"8",0,"8"
"352190360","P£OCK","2006","03","19","11","4","",0,"8",0,"8","","","",6,"",0,"8",0,"8",7,"",230,"",6,"",0,"",-.3,"",.0,"8","U","",4.5,"",76,"",-4.0,"",997.1,"",1010.8,"",8,-1.2,"",.0,"8",0,"8","10","2","7","","5","","","/","","","/","","",0,"8",.0,"8",.0,"8","","8",0,"8","","",.0,"8",.0,"8",.0,"8",.0,"8",.0,"8",.0,"8",.0,"8",.0,"8",.0,"8",0,"8",0,"8",0,"8","","",0,"8",0,"8"
"352190360","P£OCK","2006","03","19","12","4","",0,"8",0,"8","","","",6,"",0,"8",0,"8",7,"",230,"",7,"",0,"",.0,"",.0,"8","U","",4.6,"",76,"",-3.7,"",996.2,"",1009.8,"",8,-2.0,"",.0,"9",0,"9","10","2","5","","5","","","3","","","/","","",14,"",.0,"8",.0,"8","","8",0,"8","","",.0,"8",.0,"8",.0,"8",.0,"8",.0,"8",.0,"8",.0,"8",.0,"8",.0,"8",0,"8",0,"8",0,"8","","",0,"8",0,"8"
"352190360","P£OCK","2006","03","19","13","4","",0,"8",0,"8","","","",6,"",0,"8",0,"8",7,"",230,"",6,"",0,"",.3,"",.0,"8","U","",4.7,"",76,"",-3.4,"",995.5,"",1009.1,"",7,-2.3,"",.0,"8",0,"8","10","2","7","","5","","","/","","","/","","",0,"8",.0,"8",.0,"8","","8",0,"8","","",.0,"8",.0,"8",.0,"8",.0,"8",.0,"8",.0,"8",.0,"8",.0,"8",.0,"8",0,"8",0,"8",0,"8","","",0,"8",0,"8"
"352190360","P£OCK","2006","03","19","14","4","",0,"8",0,"8","","","",6,"",0,"8",0,"8",7,"",230,"",6,"",0,"",-.1,"",.0,"8","U","",4.6,"",76,"",-3.8,"",995.0,"",1008.6,"",6,-2.1,"",.0,"8",0,"8","10","2","7","","5","","","/","","","/","","",0,"8",.0,"8",.0,"8","","8",0,"8","","",.0,"8",.0,"8",.0,"8",.0,"8",.0,"8",.0,"8",.0,"8",.0,"8",.0,"8",0,"8",0,"8",0,"8","","",0,"8",0,"8"
"352190360","P£OCK","2006","03","19","15","4","",0,"8",0,"8","","","",6,"",0,"8",0,"8",7,"",230,"",6,"",0,"",-.1,"",.0,"8","U","",4.6,"",76,"",-3.8,"",994.2,"",1007.8,"",7,-2.0,"",.0,"8",0,"8","10","2","7","","5","","","/","","","/","","",0,"8",.0,"8",.0,"8","","8",0,"8","","",.0,"8",.0,"8",.0,"8",.0,"8",.0,"8",.0,"8",.0,"8",.0,"8",.0,"8",0,"8",0,"8",0,"8","","",0,"8",0,"8"
"352190360","P£OCK","2006","03","19","16","4","",0,"8",0,"8","","","",6,"",0,"8",0,"8",7,"",230,"",7,"",0,"",-.2,"",.0,"8","U","",4.6,"",76,"",-3.9,"",994.1,"",1007.7,"",7,-1.4,"",.0,"8",0,"8","10","2","7","","5","","","/","","","/","","",0,"8",.0,"8",.0,"8","","8",0,"8","","",.0,"8",.0,"8",.0,"8",.0,"8",.0,"8",.0,"8",.0,"8",.0,"8",.0,"8",0,"8",0,"8",0,"8","","",0,"8",0,"8"
"352190360","P£OCK","2006","03","19","17","5","",0,"8",0,"8","","","",6,"",0,"8",0,"8",7,"",230,"",6,"",0,"",-.7,"",.0,"8","U","",4.5,"",78,"",-4.1,"",994.1,"",1007.8,"",6,-.9,"",.0,"8",0,"8","10","2","5","","5","","","3","","","/","","",0,"8",.0,"8",.0,"8","","8",0,"8","","",.0,"8",.0,"8",.0,"8",.0,"8",.0,"8",.0,"8",.0,"8",.0,"8",.0,"8",0,"8",0,"8",0,"8","","",0,"8",0,"8"
"352190360","P£OCK","2006","03","19","18","5","",0,"8",0,"8","","","",6,"",0,"8",0,"8",7,"",230,"",5,"",0,"",-1.0,"",.0,"8","U","",4.5,"",80,"",-4.0,"",993.7,"",1007.4,"",7,-.5,"",.0,"9",0,"9","10","2","3","","5","","","3","","","/","","",14,"",.0,"8",.0,"8","","8",0,"8","","",.0,"8",.0,"8",.0,"8",.0,"8",.0,"8",.0,"8",.0,"8",.0,"8",.0,"8",0,"8",0,"8",0,"8","","",0,"8",0,"8"
"352190360","P£OCK","2006","03","19","19","5","",0,"8",0,"8","","","",6,"",0,"8",0,"8",8,"",250,"",4,"",0,"",-.4,"",.0,"8","U","",4.9,"",82,"",-3.1,"",993.5,"",1007.1,"",8,-.6,"",.0,"8",0,"8","10","2","8","","5","","","/","","","/","","",0,"8",.0,"8",.0,"8","","8",0,"8","","",.0,"8",.0,"8",.0,"8",.0,"8",.0,"8",.0,"8",.0,"8",.0,"8",.0,"8",0,"8",0,"8",0,"8","","",0,"8",0,"8"
"352190360","P£OCK","2006","03","19","20","5","",0,"8",0,"8","","","",6,"",0,"8",0,"8",8,"",270,"",4,"",0,"",-.3,"",.0,"8","U","",4.7,"",79,"",-3.5,"",993.5,"",1007.1,"",6,-.6,"",.0,"8",0,"8","10","2","8","","5","","","/","","","/","","",0,"8",.0,"8",.0,"8","","8",0,"8","","",.0,"8",.0,"8",.0,"8",.0,"8",.0,"8",.0,"8",.0,"8",.0,"8",.0,"8",0,"8",0,"8",0,"8","","",0,"8",0,"8"
"352190360","P£OCK","2006","03","19","21","4","",0,"8",0,"8","","","",6,"",0,"8",0,"8",8,"",280,"",4,"",0,"",-.3,"",.0,"8","U","",4.8,"",81,"",-3.2,"",993.8,"",1007.4,"",3,.1,"",.0,"8",0,"8","10","2","8","","5","","","/","","","/","","",0,"8",.0,"8",.0,"8","","8",0,"8","","",.0,"8",.0,"8",.0,"8",.0,"8",.0,"8",.0,"8",.0,"8",.0,"8",.0,"8",0,"8",0,"8",0,"8","","",0,"8",0,"8"
"352190360","P£OCK","2006","03","19","22","5","",0,"8",0,"8","","","",6,"",0,"8",0,"8",8,"",290,"",3,"",0,"",-.2,"",.0,"8","U","",4.9,"",82,"",-2.9,"",994.0,"",1007.6,"",3,.5,"",.0,"8",0,"8","10","2","8","","5","","","/","","","/","","",0,"8",.0,"8",.0,"8","","8",0,"8","","",.0,"8",.0,"8",.0,"8",.0,"8",.0,"8",.0,"8",.0,"8",.0,"8",.0,"8",0,"8",0,"8",0,"8","","",0,"8",0,"8"
"352190360","P£OCK","2006","03","19","23","5","",0,"8",0,"8","","","",6,"",0,"8",0,"8",8,"",290,"",3,"",0,"",-.3,"",.0,"8","U","",5.0,"",83,"",-2.8,"",994.2,"",1007.8,"",2,.7,"",.0,"8",0,"8","10","2","8","","5","","","/","","","/","","",0,"8",.0,"8",.0,"8","","8",0,"8","","",.0,"8",.0,"8",.0,"8",.0,"8",.0,"8",.0,"8",.0,"8",.0,"8",.0,"8",0,"8",0,"8",0,"8","","",0,"8",0,"8"
"352190360","P£OCK","2006","03","20","00","5","",0,"8",0,"8","","","",6,"",0,"8",0,"8",8,"",290,"",3,"",0,"",-.4,"",.0,"8","U","",4.9,"",82,"",-3.1,"",994.4,"",1008.0,"",2,.6,"",.0,"9",0,"9","10","2","8","","5","","","/","","","/","","",14,"",.0,"8",.0,"8","","8",0,"8","","",.0,"8",.0,"8",.0,"8",.0,"8",.0,"8",.0,"8",.0,"8",.0,"8",.0,"8",0,"8",0,"8",0,"8","","",0,"8",0,"8"
"352190360","P£OCK","2006","03","20","01","4","",0,"8",0,"8","","","",6,"",0,"8",0,"8",8,"",280,"",3,"",0,"",-.4,"",.0,"8","U","",4.9,"",82,"",-3.1,"",994.6,"",1008.2,"",2,.6,"",.0,"8",0,"8","10","2","8","","5","","","/","","","/","","",0,"8",.0,"8",.0,"8","","8",0,"8","","",.0,"8",.0,"8",.0,"8",.0,"8",.0,"8",.0,"8",.0,"8",.0,"8",.0,"8",0,"8",0,"8",0,"8","","",0,"8",0,"8"
"352190360","P£OCK","2006","03","20","02","4","",0,"8",0,"8","","","",6,"",0,"8",0,"8",8,"",280,"",3,"",0,"",-.4,"",.0,"8","U","",4.8,"",81,"",-3.3,"",994.6,"",1008.2,"",1,.4,"",.0,"8",0,"8","71","7","8","","5","","","/","","","/","","",0,"8",.0,"8",.0,"8","","8",0,"8","","",.0,"8",.0,"8",.0,"8",.0,"8",.0,"8",.0,"8",.0,"8",.0,"8",.0,"8",0,"8",0,"8",0,"8","","",0,"8",0,"8"
"352190360","P£OCK","2006","03","20","03","4","",0,"8",0,"8","","","",6,"",0,"8",0,"8",8,"",290,"",3,"",0,"",-.6,"",.0,"8","U","",4.9,"",83,"",-3.1,"",995.1,"",1008.8,"",2,.7,"",.0,"8",0,"8","22","2","8","","5","","","/","","","/","","",0,"8",.0,"8",.0,"8","","8",0,"8","","",.0,"8",.0,"8",.0,"8",.0,"8",.0,"8",.0,"8",.0,"8",.0,"8",.0,"8",0,"8",0,"8",0,"8","","",0,"8",0,"8"
"352190360","P£OCK","2006","03","20","04","5","",0,"8",0,"8","","","",6,"",0,"8",0,"8",8,"",270,"",4,"",0,"",-.2,"",.0,"8","U","",4.8,"",80,"",-3.2,"",995.2,"",1008.8,"",3,.6,"",.0,"8",0,"8","10","2","8","","5","","","/","","","/","","",0,"8",.0,"8",.0,"8","","8",0,"8","","",.0,"8",.0,"8",.0,"8",.0,"8",.0,"8",.0,"8",.0,"8",.0,"8",.0,"8",0,"8",0,"8",0,"8","","",0,"8",0,"8"
"352190360","P£OCK","2006","03","20","05","5","",0,"8",0,"8","","","",6,"",0,"8",0,"8",4,"",280,"",4,"",0,"",-.4,"",.0,"8","U","",4.7,"",80,"",-3.4,"",995.7,"",1009.4,"",2,1.1,"",.0,"8",0,"8","10","1","4","","5","","","0","","","0","","",0,"8",.0,"8",.0,"8","","8",0,"8","","",.0,"8",.0,"8",.0,"8",.0,"8",.0,"8",.0,"8",.0,"8",.0,"8",.0,"8",0,"8",0,"8",0,"8","","",0,"8",0,"8"
"352190360","P£OCK","2006","03","20","06","5","",0,"8",0,"8","","","",6,"",0,"8",0,"8",7,"",300,"",2,"",0,"",-.6,"",.0,"8","U","",4.9,"",84,"",-3.0,"",996.1,"",1009.8,"",3,1.0,"",.0,"",7,"","10","7","7","","5","","","/","","","/","","",14,"",.0,"8",.0,"8","","8",0,"8","","",.0,"8",.0,"8",.0,"8",.0,"8",.0,"8",.0,"8",.0,"8",.0,"8",.0,"8",0,"8",0,"8",0,"8","","",0,"8",0,"8"
"352190360","P£OCK","2006","03","20","07","5","",0,"8",0,"8","","","",6,"",0,"8",0,"8",6,"",280,"",4,"",0,"",.2,"",.0,"8","U","",5.0,"",81,"",-2.7,"",996.4,"",1010.0,"",1,1.2,"",.0,"8",0,"8","10","2","4","","5","","","0","","","8","","",0,"8",.0,"8",.0,"8","","8",0,"8","","",.0,"8",.0,"8",.0,"8",.0,"8",.0,"8",.0,"8",.0,"8",.0,"8",.0,"8",0,"8",0,"8",0,"8","","",0,"8",0,"8"
"352190360","P£OCK","2006","03","20","08","5","",0,"8",0,"8","","","",6,"",0,"8",0,"8",4,"",310,"",4,"",0,"",.8,"",.0,"8","U","",5.1,"",78,"",-2.6,"",996.7,"",1010.3,"",2,1.0,"",.0,"8",0,"8","10","1","3","","2","","","0","","","8","","",0,"8",.0,"8",.0,"8","","8",0,"8","","",.0,"8",.0,"8",.0,"8",.0,"8",.0,"8",.0,"8",.0,"8",.0,"8",.0,"8",0,"8",0,"8",0,"8","","",0,"8",0,"8"
"352190360","P£OCK","2006","03","20","09","5","",0,"8",0,"8","","","",6,"",0,"8",0,"8",4,"",310,"",4,"",0,"",1.0,"",.0,"8","U","",4.9,"",75,"",-2.9,"",996.8,"",1010.4,"",1,.7,"",.0,"8",0,"8","10","1","3","","2","","","0","","","8","","",0,"8",.0,"8",.0,"8","","8",0,"8","","",.0,"8",.0,"8",.0,"8",.0,"8",.0,"8",.0,"8",.0,"8",.0,"8",.0,"8",0,"8",0,"8",0,"8","","",0,"8",0,"8"
"352190360","P£OCK","2006","03","20","10","5","",0,"8",0,"8","","","",7,"",0,"8",0,"8",3,"",310,"",3,"",0,"",1.2,"",.0,"8","U","",4.7,"",70,"",-3.7,"",996.6,"",1010.2,"",0,.2,"",.0,"8",0,"8","01","0","3","","2","","","0","","","0","","",0,"8",.0,"8",.0,"8","","8",0,"8","","",.0,"8",.0,"8",.0,"8",.0,"8",.0,"8",.0,"8",.0,"8",.0,"8",.0,"8",0,"8",0,"8",0,"8","","",0,"8",0,"8"
"352190360","P£OCK","2006","03","20","11","5","",0,"8",0,"8","","","",7,"",0,"8",0,"8",3,"",40,"",1,"",0,"",1.5,"",.0,"8","U","",4.5,"",66,"",-4.2,"",996.2,"",1009.8,"",8,-.5,"",.0,"8",0,"8","02","0","3","","2","","","0","","","0","","",0,"8",.0,"8",.0,"8","","8",0,"8","","",.0,"8",.0,"8",.0,"8",.0,"8",.0,"8",.0,"8",.0,"8",.0,"8",.0,"8",0,"8",0,"8",0,"8","","",0,"8",0,"8"
"352190360","P£OCK","2006","03","20","12","5","",0,"8",0,"8","","","",7,"",0,"8",0,"8",3,"",220,"",2,"",0,"",3.0,"",.0,"8","U","",4.8,"",63,"",-3.4,"",995.6,"",1009.1,"",8,-1.2,"",.0,"9",0,"9","02","1","3","","2","","","0","","","0","","",14,"",.0,"8",.0,"8","","8",0,"8","","",.0,"8",.0,"8",.0,"8",.0,"8",.0,"8",.0,"8",.0,"8",.0,"8",.0,"8",0,"8",0,"8",0,"8","","",0,"8",0,"8"
"352190360","P£OCK","2006","03","20","13","6","",0,"8",0,"8","","","",7,"",0,"8",0,"8",5,"",240,"",4,"",0,"",2.4,"",.0,"8","U","",4.4,"",61,"",-4.4,"",995.3,"",1008.8,"",7,-1.3,"",.0,"8",0,"8","01","1","5","","5","","","0","","","0","","",0,"8",.0,"8",.0,"8","","8",0,"8","","",.0,"8",.0,"8",.0,"8",.0,"8",.0,"8",.0,"8",.0,"8",.0,"8",.0,"8",0,"8",0,"8",0,"8","","",0,"8",0,"8"
"352190360","P£OCK","2006","03","20","14","6","",0,"8",0,"8","","","",7,"",0,"8",0,"8",4,"",210,"",5,"",0,"",2.4,"",.0,"8","U","",4.5,"",62,"",-4.1,"",995.0,"",1008.5,"",6,-1.2,"",.0,"8",0,"8","01","1","3","","5","","","3","","","0","","",0,"8",.0,"8",.0,"8","","8",0,"8","","",.0,"8",.0,"8",.0,"8",.0,"8",.0,"8",.0,"8",.0,"8",.0,"8",.0,"8",0,"8",0,"8",0,"8","","",0,"8",0,"8"
"352190360","P£OCK","2006","03","20","15","5","",0,"8",0,"8","","","",7,"",0,"8",0,"8",5,"",220,"",5,"",0,"",1.5,"",.0,"8","U","",4.5,"",66,"",-4.2,"",994.8,"",1008.3,"",7,-.8,"",.0,"8",0,"8","03","1","3","","5","","","3","","","1","","",0,"8",.0,"8",.0,"8","","8",0,"8","","",.0,"8",.0,"8",.0,"8",.0,"8",.0,"8",.0,"8",.0,"8",.0,"8",.0,"8",0,"8",0,"8",0,"8","","",0,"8",0,"8"
"352190360","P£OCK","2006","03","20","16","5","",0,"8",0,"8","","","",7,"",0,"8",0,"8",7,"",220,"",3,"",0,"",1.4,"",.0,"8","U","",4.7,"",70,"",-3.5,"",994.3,"",1007.8,"",7,-1.0,"",.0,"8",0,"8","03","2","7","","5","","","/","","","/","","",0,"8",.0,"8",.0,"8","","8",0,"8","","",.0,"8",.0,"8",.0,"8",.0,"8",.0,"8",.0,"8",.0,"8",.0,"8",.0,"8",0,"8",0,"8",0,"8","","",0,"8",0,"8"
"352190360","P£OCK","2006","03","20","17","5","",0,"8",0,"8","","","",7,"",0,"8",0,"8",8,"",200,"",2,"",0,"",1.4,"",.0,"8","U","",4.9,"",73,"",-2.9,"",993.9,"",1007.4,"",7,-1.1,"",.0,"8",0,"8","03","2","8","","5","","","/","","","/","","",0,"8",.0,"8",.0,"8","","8",0,"8","","",.0,"8",.0,"8",.0,"8",.0,"8",.0,"8",.0,"8",.0,"8",.0,"8",.0,"8",0,"8",0,"8",0,"8","","",0,"8",0,"8"
"352190360","P£OCK","2006","03","20","18","5","",0,"8",0,"8","","","",6,"",0,"8",0,"8",8,"",160,"",2,"",0,"",1.3,"",.0,"8","U","",5.0,"",74,"",-2.8,"",993.5,"",1007.0,"",7,-1.3,"",.0,"9",0,"9","10","1","8","","5","","","/","","","/","","",14,"",.0,"8",.0,"8","","8",0,"8","","",.0,"8",.0,"8",.0,"8",.0,"8",.0,"8",.0,"8",.0,"8",.0,"8",.0,"8",0,"8",0,"8",0,"8","","",0,"8",0,"8"
"352190360","P£OCK","2006","03","20","19","5","",0,"8",0,"8","","","",6,"",0,"8",0,"8",8,"",160,"",2,"",0,"",1.1,"",.0,"8","U","",5.2,"",78,"",-2.3,"",993.0,"",1006.5,"",7,-1.3,"",.0,"8",0,"8","10","2","8","","5","","","/","","","/","","",0,"8",.0,"8",.0,"8","","8",0,"8","","",.0,"8",.0,"8",.0,"8",.0,"8",.0,"8",.0,"8",.0,"8",.0,"8",.0,"8",0,"8",0,"8",0,"8","","",0,"8",0,"8"
"352190360","P£OCK","2006","03","20","20","4","",0,"8",0,"8","","","",6,"",0,"8",0,"8",8,"",190,"",4,"",0,"",1.1,"",.0,"8","U","",5.2,"",79,"",-2.1,"",992.7,"",1006.2,"",7,-1.2,"",.0,"8",0,"8","71","2","8","","5","","","/","","","/","","",0,"8",.0,"8",.0,"8","","8",0,"8","","",.0,"8",.0,"8",.0,"8",.0,"8",.0,"8",.0,"8",.0,"8",.0,"8",.0,"8",0,"8",0,"8",0,"8","","",0,"8",0,"8"
"352190360","P£OCK","2006","03","20","21","3","",0,"8",0,"8","","","",6,"",0,"8",0,"8",8,"",200,"",4,"",0,"",.8,"",.0,"8","U","",5.7,"",88,"",-1.0,"",992.2,"",1005.7,"",7,-1.3,"",.0,"8",0,"8","22","2","8","","5","","","/","","","/","","",0,"8",.0,"8",.0,"8","","8",0,"8","","",.0,"8",.0,"8",.0,"8",.0,"8",.0,"8",.0,"8",.0,"8",.0,"8",.0,"8",0,"8",0,"8",0,"8","","",0,"8",0,"8"
"352190360","P£OCK","2006","03","20","22","3","",0,"8",0,"8","","","",6,"",0,"8",0,"8",8,"",210,"",4,"",0,"",.8,"",.0,"8","U","",5.8,"",90,"",-.7,"",991.7,"",1005.2,"",8,-1.3,"",.0,"8",0,"8","10","2","8","","5","","","/","","","/","","",0,"8",.0,"8",.0,"8","","8",0,"8","","",.0,"8",.0,"8",.0,"8",.0,"8",.0,"8",.0,"8",.0,"8",.0,"8",.0,"8",0,"8",0,"8",0,"8","","",0,"8",0,"8"
"352190360","P£OCK","2006","03","20","23","3","",0,"8",0,"8","","","",6,"",0,"8",0,"8",8,"",230,"",6,"",0,"",1.1,"",.0,"8","U","",5.9,"",89,"",-.5,"",991.5,"",1005.0,"",6,-1.2,"",.0,"8",0,"8","10","2","8","","5","","","/","","","/","","",0,"8",.0,"8",.0,"8","","8",0,"8","","",.0,"8",.0,"8",.0,"8",.0,"8",.0,"8",.0,"8",.0,"8",.0,"8",.0,"8",0,"8",0,"8",0,"8","","",0,"8",0,"8"
"352190360","P£OCK","2006","03","21","00","4","",0,"8",0,"8","","","",6,"",0,"8",0,"8",8,"",230,"",6,"",0,"",1.1,"",.0,"8","U","",5.8,"",87,"",-.8,"",991.1,"",1004.6,"",7,-1.1,"",.1,"",7,"","80","7","8","","9","","","/","","","/","","",14,"",.0,"8",.0,"8","","8",0,"8","","",.0,"8",.0,"8",.0,"8",.0,"8",.0,"8",.0,"8",.0,"8",.0,"8",.0,"8",0,"8",0,"8",0,"8","","",0,"8",0,"8"
"352190360","P£OCK","2006","03","21","01","4","",0,"8",0,"8","","","",6,"",0,"8",0,"8",8,"",260,"",5,"",0,"",1.3,"",.0,"8","U","",5.4,"",81,"",-1.6,"",991.0,"",1004.5,"",7,-.7,"",.0,"8",0,"8","25","2","8","","5","","","/","","","/","","",0,"8",.0,"8",.0,"8","","8",0,"8","","",.0,"8",.0,"8",.0,"8",.0,"8",.0,"8",.0,"8",.0,"8",.0,"8",.0,"8",0,"8",0,"8",0,"8","","",0,"8",0,"8"
"352190360","P£OCK","2006","03","21","02","6","",0,"8",0,"8","","","",6,"",0,"8",0,"8",8,"",270,"",7,"",12,"",1.1,"",.0,"8","U","",5.2,"",79,"",-2.1,"",991.0,"",1004.5,"",6,-.5,"",.0,"8",0,"8","10","2","8","","5","","","/","","","/","","",0,"8",.0,"8",.0,"8","","8",0,"8","","",.0,"8",.0,"8",.0,"8",.0,"8",.0,"8",.0,"8",.0,"8",.0,"8",.0,"8",0,"8",0,"8",0,"8","","",0,"8",0,"8"
"352190360","P£OCK","2006","03","21","03","6","",0,"8",0,"8","","","",7,"",0,"8",0,"8",7,"",270,"",7,"",12,"",.9,"",.0,"8","U","",4.6,"",70,"",-4.0,"",991.2,"",1004.7,"",3,.1,"",.0,"8",0,"8","01","8","7","","5","","","/","","","/","","",0,"8",.0,"8",.0,"8","","8",0,"8","","",.0,"8",.0,"8",.0,"8",.0,"8",.0,"8",.0,"8",.0,"8",.0,"8",.0,"8",0,"8",0,"8",0,"8","","",0,"8",0,"8"
"352190360","P£OCK","2006","03","21","04","6","",0,"8",0,"8","","","",7,"",0,"8",0,"8",8,"",270,"",7,"",0,"",.3,"",.0,"8","U","",4.6,"",73,"",-4.0,"",991.6,"",1005.2,"",3,.6,"",.0,"8",0,"8","03","2","8","","5","","","/","","","/","","",0,"8",.0,"8",.0,"8","","8",0,"8","","",.0,"8",.0,"8",.0,"8",.0,"8",.0,"8",.0,"8",.0,"8",.0,"8",.0,"8",0,"8",0,"8",0,"8","","",0,"8",0,"8"
"352190360","P£OCK","2006","03","21","05","5","",0,"8",0,"8","","","",7,"",0,"8",0,"8",8,"",270,"",7,"",0,"",-.1,"",.0,"8","U","",4.6,"",75,"",-4.0,"",991.9,"",1005.5,"",2,.9,"",.0,"8",0,"8","01","2","8","","5","","","/","","","/","","",0,"8",.0,"8",.0,"8","","8",0,"8","","",.0,"8",.0,"8",.0,"8",.0,"8",.0,"8",.0,"8",.0,"8",.0,"8",.0,"8",0,"8",0,"8",0,"8","","",0,"8",0,"8"
"352190360","P£OCK","2006","03","21","06","5","",0,"8",0,"8","","","",7,"",0,"8",0,"8",8,"",280,"",6,"",0,"",-.4,"",.0,"8","U","",4.7,"",79,"",-3.6,"",992.4,"",1006.0,"",2,1.2,"",.0,"",6,"","02","8","8","","5","","","/","","","/","","",14,"",.0,"8",.0,"8","","8",0,"8","","",.0,"8",.0,"8",.0,"8",.0,"8",.0,"8",.0,"8",.0,"8",.0,"8",.0,"8",0,"8",0,"8",0,"8","","",0,"8",0,"8"
"352190360","P£OCK","2006","03","21","07","5","",0,"8",0,"8","","","",8,"",0,"8",0,"8",8,"",320,"",6,"",0,"",-.3,"",.0,"8","U","",4.5,"",76,"",-4.0,"",993.5,"",1007.1,"",3,1.9,"",.0,"8",0,"8","02","2","8","","5","","","/","","","/","","",0,"8",.0,"8",.0,"8","","8",0,"8","","",.0,"8",.0,"8",.0,"8",.0,"8",.0,"8",.0,"8",.0,"8",.0,"8",.0,"8",0,"8",0,"8",0,"8","","",0,"8",0,"8"
"352190360","P£OCK","2006","03","21","08","5","",0,"8",0,"8","","","",8,"",0,"8",0,"8",7,"",310,"",4,"",0,"",.2,"",.0,"8","U","",4.4,"",71,"",-4.4,"",994.3,"",1007.9,"",2,2.4,"",.0,"8",0,"8","01","2","5","","5","","","3","","","1","","",0,"8",.0,"8",.0,"8","","8",0,"8","","",.0,"8",.0,"8",.0,"8",.0,"8",.0,"8",.0,"8",.0,"8",.0,"8",.0,"8",0,"8",0,"8",0,"8","","",0,"8",0,"8"
"352190360","P£OCK","2006","03","21","09","6","",0,"8",0,"8","","","",8,"",0,"8",0,"8",7,"",310,"",4,"",0,"",.5,"",.0,"8","U","",4.2,"",66,"",-5.1,"",995.1,"",1008.7,"",1,2.7,"",.0,"8",0,"8","03","2","7","","5","","","/","","","/","","",0,"8",.0,"8",.0,"8","","8",0,"8","","",.0,"8",.0,"8",.0,"8",.0,"8",.0,"8",.0,"8",.0,"8",.0,"8",.0,"8",0,"8",0,"8",0,"8","","",0,"8",0,"8"
"352190360","P£OCK","2006","03","21","10","6","",0,"8",0,"8","","","",8,"",0,"8",0,"8",7,"",310,"",3,"",0,"",.6,"",.0,"8","U","",4.3,"",68,"",-4.6,"",995.6,"",1009.2,"",1,2.1,"",.0,"8",0,"8","02","2","7","","5","","","/","","","/","","",0,"8",.0,"8",.0,"8","","8",0,"8","","",.0,"8",.0,"8",.0,"8",.0,"8",.0,"8",.0,"8",.0,"8",.0,"8",.0,"8",0,"8",0,"8",0,"8","","",0,"8",0,"8"
"352190360","P£OCK","2006","03","21","11","6","",0,"8",0,"8","","","",8,"",0,"8",0,"8",7,"",320,"",4,"",0,"",.8,"",.0,"8","U","",4.1,"",63,"",-5.5,"",995.9,"",1009.5,"",1,1.6,"",.0,"8",0,"8","01","2","6","","5","","","0","","","1","","",0,"8",.0,"8",.0,"8","","8",0,"8","","",.0,"8",.0,"8",.0,"8",.0,"8",.0,"8",.0,"8",.0,"8",.0,"8",.0,"8",0,"8",0,"8",0,"8","","",0,"8",0,"8"
"352190360","P£OCK","2006","03","21","12","6","",0,"8",0,"8","","","",8,"",0,"8",0,"8",6,"",320,"",3,"",0,"",1.0,"",.0,"8","U","",4.0,"",61,"",-5.7,"",996.1,"",1009.7,"",1,1.0,"",.0,"9",0,"9","03","2","4","","9","","","0","","","1","","",14,"",.0,"8",.0,"8","","8",0,"8","","",.0,"8",.0,"8",.0,"8",.0,"8",.0,"8",.0,"8",.0,"8",.0,"8",.0,"8",0,"8",0,"8",0,"8","","",0,"8",0,"8"
"352190360","P£OCK","2006","03","21","13","6","",0,"8",0,"8","","","",8,"",0,"8",0,"8",5,"",330,"",3,"",0,"",1.1,"",.0,"8","U","",4.2,"",63,"",-5.2,"",996.2,"",1009.8,"",1,.6,"",.0,"8",0,"8","01","2","3","","9","","","3","","","1","","",0,"8",.0,"8",.0,"8","","8",0,"8","","",.0,"8",.0,"8",.0,"8",.0,"8",.0,"8",.0,"8",.0,"8",.0,"8",.0,"8",0,"8",0,"8",0,"8","","",0,"8",0,"8"
"352190360","P£OCK","2006","03","21","14","6","",0,"8",0,"8","","","",9,"",0,"8",0,"8",5,"",320,"",2,"",0,"",.9,"",.0,"8","U","",3.7,"",56,"",-6.9,"",996.5,"",1010.1,"",2,.6,"",.0,"8",0,"8","01","2","3","","3","","","3","","","1","","",0,"8",.0,"8",.0,"8","","8",0,"8","","",.0,"8",.0,"8",.0,"8",.0,"8",.0,"8",.0,"8",.0,"8",.0,"8",.0,"8",0,"8",0,"8",0,"8","","",0,"8",0,"8"
"352190360","P£OCK","2006","03","21","15","6","",0,"8",0,"8","","","",9,"",0,"8",0,"8",4,"",330,"",1,"",0,"",.8,"",.0,"8","U","",3.9,"",60,"",-6.1,"",996.3,"",1009.9,"",0,.2,"",.0,"8",0,"8","01","1","2","","3","","","3","","","1","","",0,"8",.0,"8",.0,"8","","8",0,"8","","",.0,"8",.0,"8",.0,"8",.0,"8",.0,"8",.0,"8",.0,"8",.0,"8",.0,"8",0,"8",0,"8",0,"8","","",0,"8",0,"8"
"352190360","P£OCK","2006","03","21","16","7","",0,"8",0,"8","","","",8,"",0,"8",0,"8",4,"",40,"",1,"",0,"",.7,"",.0,"8","U","",4.1,"",63,"",-5.5,"",996.3,"",1009.9,"",1,.1,"",.0,"8",0,"8","01","0","2","","5","","","3","","","1","","",0,"8",.0,"8",.0,"8","","8",0,"8","","",.0,"8",.0,"8",.0,"8",.0,"8",.0,"8",.0,"8",.0,"8",.0,"8",.0,"8",0,"8",0,"8",0,"8","","",0,"8",0,"8"
"352190360","P£OCK","2006","03","21","17","7","",0,"8",0,"8","","","",8,"",0,"8",0,"8",4,"",60,"",1,"",0,"",-1.0,"",.0,"8","U","",4.1,"",73,"",-5.2,"",996.4,"",1010.1,"",5,-.1,"",.0,"8",0,"8","02","0","2","","5","","","3","","","1","","",0,"8",.0,"8",.0,"8","","8",0,"8","","",.0,"8",.0,"8",.0,"8",.0,"8",.0,"8",.0,"8",.0,"8",.0,"8",.0,"8",0,"8",0,"8",0,"8","","",0,"8",0,"8"
"352190360","P£OCK","2006","03","21","18","7","",0,"8",0,"8","","","",7,"",0,"8",0,"8",5,"",160,"",1,"",0,"",-1.2,"",.0,"8","U","",4.3,"",76,"",-4.9,"",996.7,"",1010.4,"",3,.4,"",.0,"9",0,"9","03","1","4","","5","","","0","","","1","","",14,"",.0,"8",.0,"8","","8",0,"8","","",.0,"8",.0,"8",.0,"8",.0,"8",.0,"8",.0,"8",.0,"8",.0,"8",.0,"8",0,"8",0,"8",0,"8","","",0,"8",0,"8"
"352190360","P£OCK","2006","03","21","19","7","",0,"8",0,"8","","","",7,"",0,"8",0,"8",7,"",90,"",2,"",0,"",-1.3,"",.0,"8","U","",4.2,"",76,"",-5.0,"",996.9,"",1010.6,"",2,.6,"",.0,"8",0,"8","03","2","7","","5","","","/","","","/","","",0,"8",.0,"8",.0,"8","","8",0,"8","","",.0,"8",.0,"8",.0,"8",.0,"8",.0,"8",.0,"8",.0,"8",.0,"8",.0,"8",0,"8",0,"8",0,"8","","",0,"8",0,"8"
"352190360","P£OCK","2006","03","21","20","7","",0,"8",0,"8","","","",6,"",0,"8",0,"8",7,"",110,"",2,"",0,"",-1.6,"",.0,"8","U","",4.2,"",77,"",-5.1,"",997.1,"",1010.8,"",2,.7,"",.0,"8",0,"8","10","2","7","","5","","","/","","","/","","",0,"8",.0,"8",.0,"8","","8",0,"8","","",.0,"8",.0,"8",.0,"8",.0,"8",.0,"8",.0,"8",.0,"8",.0,"8",.0,"8",0,"8",0,"8",0,"8","","",0,"8",0,"8"
"352190360","P£OCK","2006","03","21","21","7","",0,"8",0,"8","","","",6,"",0,"8",0,"8",5,"",90,"",2,"",0,"",-2.8,"",.0,"8","U","",3.9,"",79,"",-5.9,"",997.0,"",1010.8,"",0,.3,"",.0,"8",0,"8","10","2","5","","5","","","0","","","0","","",0,"8",.0,"8",.0,"8","","8",0,"8","","",.0,"8",.0,"8",.0,"8",.0,"8",.0,"8",.0,"8",.0,"8",.0,"8",.0,"8",0,"8",0,"8",0,"8","","",0,"8",0,"8"
"352190360","P£OCK","2006","03","21","22","7","",0,"8",0,"8","","","",6,"",0,"8",0,"8",3,"",110,"",1,"",0,"",-3.4,"",.0,"8","U","",3.8,"",79,"",-6.5,"",996.9,"",1010.7,"",0,.0,"",.0,"8",0,"8","10","1","3","","5","","","0","","","0","","",0,"8",.0,"8",.0,"8","","8",0,"8","","",.0,"8",.0,"8",.0,"8",.0,"8",.0,"8",.0,"8",.0,"8",.0,"8",.0,"8",0,"8",0,"8",0,"8","","",0,"8",0,"8"
"352190360","P£OCK","2006","03","21","23","9","",0,"8",0,"8","","","",6,"",0,"8",0,"8",2,"",110,"",2,"",0,"",-4.3,"",.0,"8","U","",3.7,"",83,"",-6.8,"",997.0,"",1010.9,"",5,-.1,"",.0,"8",0,"8","10","0","2","","0","","","3","","","0","","",0,"8",.0,"8",.0,"8","","8",0,"8","","",.0,"8",.0,"8",.0,"8",.0,"8",.0,"8",.0,"8",.0,"8",.0,"8",.0,"8",0,"8",0,"8",0,"8","","",0,"8",0,"8"
"352190360","P£OCK","2006","03","22","00","9","",0,"8",0,"8","","","",6,"",0,"8",0,"8",0,"",100,"",2,"",0,"",-5.1,"",.0,"8","U","",3.6,"",85,"",-7.2,"",997.0,"",1010.9,"",4,.0,"",.0,"9",0,"9","10","1","0","","0","","","0","","","0","","",14,"",.0,"8",.0,"8","","8",0,"8","","",.0,"8",.0,"8",.0,"8",.0,"8",.0,"8",.0,"8",.0,"8",.0,"8",.0,"8",0,"8",0,"8",0,"8","","",0,"8",0,"8"
"352190360","P£OCK","2006","03","22","01","9","",0,"8",0,"8","","","",6,"",0,"8",0,"8",0,"",90,"",2,"",0,"",-7.0,"",.0,"8","U","",3.1,"",86,"",-8.9,"",996.8,"",1010.8,"",8,-.1,"",.0,"8",0,"8","10","0","0","","0","","","0","","","0","","",0,"8",.0,"8",.0,"8","","8",0,"8","","",.0,"8",.0,"8",.0,"8",.0,"8",.0,"8",.0,"8",.0,"8",.0,"8",.0,"8",0,"8",0,"8",0,"8","","",0,"8",0,"8"
"352190360","P£OCK","2006","03","22","02","7","",0,"8",0,"8","","","",6,"",0,"8",0,"8",4,"",90,"",2,"",0,"",-6.7,"",.0,"8","U","",3.3,"",90,"",-8.1,"",996.6,"",1010.6,"",8,-.4,"",.0,"8",0,"8","10","0","4","","5","","","0","","","0","","",0,"8",.0,"8",.0,"8","","8",0,"8","","",.0,"8",.0,"8",.0,"8",.0,"8",.0,"8",.0,"8",.0,"8",.0,"8",.0,"8",0,"8",0,"8",0,"8","","",0,"8",0,"8"
"352190360","P£OCK","2006","03","22","03","7","",0,"8",0,"8","","","",6,"",0,"8",0,"8",5,"",100,"",2,"",0,"",-6.0,"",.0,"8","U","",3.5,"",89,"",-7.5,"",996.8,"",1010.8,"",5,-.2,"",.0,"8",0,"8","10","1","5","","5","","","0","","","0","","",0,"8",.0,"8",.0,"8","","8",0,"8","","",.0,"8",.0,"8",.0,"8",.0,"8",.0,"8",.0,"8",.0,"8",.0,"8",.0,"8",0,"8",0,"8",0,"8","","",0,"8",0,"8"
"352190360","P£OCK","2006","03","22","04","7","",0,"8",0,"8","","","",6,"",0,"8",0,"8",6,"",80,"",1,"",0,"",-5.9,"",.0,"8","U","",3.4,"",86,"",-7.9,"",996.6,"",1010.6,"",7,-.2,"",.0,"8",0,"8","10","2","4","","5","","","3","","","1","","",0,"8",.0,"8",.0,"8","","8",0,"8","","",.0,"8",.0,"8",.0,"8",.0,"8",.0,"8",.0,"8",.0,"8",.0,"8",.0,"8",0,"8",0,"8",0,"8","","",0,"8",0,"8"
"352190360","P£OCK","2006","03","22","05","7","",0,"8",0,"8","","","",6,"",0,"8",0,"8",6,"",90,"",2,"",0,"",-5.9,"",.0,"8","U","",3.5,"",89,"",-7.4,"",996.5,"",1010.5,"",8,-.1,"",.0,"8",0,"8","10","2","4","","5","","","3","","","1","","",0,"8",.0,"8",.0,"8","","8",0,"8","","",.0,"8",.0,"8",.0,"8",.0,"8",.0,"8",.0,"8",.0,"8",.0,"8",.0,"8",0,"8",0,"8",0,"8","","",0,"8",0,"8"
"352190360","P£OCK","2006","03","22","06","7","",0,"8",0,"8","","","",6,"",0,"8",0,"8",6,"",120,"",2,"",0,"",-4.2,"",.0,"8","U","",3.9,"",88,"",-5.9,"",996.8,"",1010.7,"",5,.0,"",.0,"9",0,"9","10","1","4","","5","","","3","","","1","","",14,"",.0,"8",.0,"8","","8",0,"8","","",.0,"8",.0,"8",.0,"8",.0,"8",.0,"8",.0,"8",.0,"8",.0,"8",.0,"8",0,"8",0,"8",0,"8","","",0,"8",0,"8"
"352190360","P£OCK","2006","03","22","07","7","",0,"8",0,"8","","","",6,"",0,"8",0,"8",7,"",120,"",3,"",0,"",-3.2,"",.0,"8","U","",4.0,"",82,"",-5.8,"",997.0,"",1010.8,"",3,.4,"",.0,"8",0,"8","10","2","7","","5","","","/","","","/","","",0,"8",.0,"8",.0,"8","","8",0,"8","","",.0,"8",.0,"8",.0,"8",.0,"8",.0,"8",.0,"8",.0,"8",.0,"8",.0,"8",0,"8",0,"8",0,"8","","",0,"8",0,"8"
"352190360","P£OCK","2006","03","22","08","7","",0,"8",0,"8","","","",6,"",0,"8",0,"8",7,"",110,"",2,"",0,"",-1.8,"",.0,"8","U","",4.1,"",77,"",-5.3,"",996.9,"",1010.6,"",0,.4,"",.0,"8",0,"8","10","2","7","","5","","","/","","","/","","",0,"8",.0,"8",.0,"8","","8",0,"8","","",.0,"8",.0,"8",.0,"8",.0,"8",.0,"8",.0,"8",.0,"8",.0,"8",.0,"8",0,"8",0,"8",0,"8","","",0,"8",0,"8"
"352190360","P£OCK","2006","03","22","09","7","",0,"8",0,"8","","","",6,"",0,"8",0,"8",5,"",110,"",2,"",0,"",-.2,"",.0,"8","U","",4.2,"",70,"",-5.0,"",996.8,"",1010.5,"",0,.0,"",.0,"8",0,"8","10","2","5","","5","","","0","","","0","","",0,"8",.0,"8",.0,"8","","8",0,"8","","",.0,"8",.0,"8",.0,"8",.0,"8",.0,"8",.0,"8",.0,"8",.0,"8",.0,"8",0,"8",0,"8",0,"8","","",0,"8",0,"8"
"352190360","P£OCK","2006","03","22","10","7","",0,"8",0,"8","","","",7,"",0,"8",0,"8",5,"",90,"",2,"",0,"",.7,"",.0,"8","U","",4.1,"",63,"",-5.5,"",996.7,"",1010.3,"",7,-.3,"",.0,"8",0,"8","01","2","3","","5","","","3","","","1","","",0,"8",.0,"8",.0,"8","","8",0,"8","","",.0,"8",.0,"8",.0,"8",.0,"8",.0,"8",.0,"8",.0,"8",.0,"8",.0,"8",0,"8",0,"8",0,"8","","",0,"8",0,"8"
"352190360","P£OCK","2006","03","22","11","7","",0,"8",0,"8","","","",7,"",0,"8",0,"8",3,"",50,"",2,"",0,"",1.1,"",.0,"8","U","",4.0,"",60,"",-5.8,"",996.7,"",1010.3,"",6,-.2,"",.0,"8",0,"8","01","1","1","","5","","","0","","","1","","",0,"8",.0,"8",.0,"8","","8",0,"8","","",.0,"8",.0,"8",.0,"8",.0,"8",.0,"8",.0,"8",.0,"8",.0,"8",.0,"8",0,"8",0,"8",0,"8","","",0,"8",0,"8"
"352190360","P£OCK","2006","03","22","12","7","",0,"8",0,"8","","","",7,"",0,"8",0,"8",5,"",90,"",3,"",0,"",1.4,"",.0,"8","U","",3.5,"",52,"",-7.4,"",996.4,"",1010.0,"",7,-.4,"",.0,"9",0,"9","03","1","1","","5","","","0","","","6","","",14,"",.0,"8",.0,"8","","8",0,"8","","",.0,"8",.0,"8",.0,"8",.0,"8",.0,"8",.0,"8",.0,"8",.0,"8",.0,"8",0,"8",0,"8",0,"8","","",0,"8",0,"8"
"352190360","P£OCK","2006","03","22","13","7","",0,"8",0,"8","","","",8,"",0,"8",0,"8",7,"",70,"",3,"",0,"",1.7,"",.0,"8","U","",3.6,"",52,"",-7.1,"",996.2,"",1009.8,"",8,-.5,"",.0,"8",0,"8","03","2","1","","5","","","0","","","6","","",0,"8",.0,"8",.0,"8","","8",0,"8","","",.0,"8",.0,"8",.0,"8",.0,"8",.0,"8",.0,"8",.0,"8",.0,"8",.0,"8",0,"8",0,"8",0,"8","","",0,"8",0,"8"
"352190360","P£OCK","2006","03","22","14","9","",0,"8",0,"8","","","",8,"",0,"8",0,"8",8,"",40,"",2,"",0,"",1.3,"",.0,"8","U","",3.4,"",50,"",-8.0,"",996.4,"",1010.0,"",5,-.3,"",.0,"8",0,"8","01","2","0","","0","","","0","","","7","","",0,"8",.0,"8",.0,"8","","8",0,"8","","",.0,"8",.0,"8",.0,"8",.0,"8",.0,"8",.0,"8",.0,"8",.0,"8",.0,"8",0,"8",0,"8",0,"8","","",0,"8",0,"8"
"352190360","P£OCK","2006","03","22","15","9","",0,"8",0,"8","","","",8,"",0,"8",0,"8",8,"",40,"",2,"",0,"",.9,"",.0,"8","U","",3.5,"",54,"",-7.4,"",996.5,"",1010.1,"",3,.1,"",.0,"8",0,"8","02","2","0","","0","","","0","","","7","","",0,"8",.0,"8",.0,"8","","8",0,"8","","",.0,"8",.0,"8",.0,"8",.0,"8",.0,"8",.0,"8",.0,"8",.0,"8",.0,"8",0,"8",0,"8",0,"8","","",0,"8",0,"8"
"352190360","P£OCK","2006","03","22","16","9","",0,"8",0,"8","","","",7,"",0,"8",0,"8",5,"",60,"",1,"",0,"",.4,"",.0,"8","U","",3.7,"",59,"",-6.7,"",996.6,"",1010.2,"",2,.4,"",.0,"8",0,"8","01","2","0","","0","","","0","","","8","","",0,"8",.0,"8",.0,"8","","8",0,"8","","",.0,"8",.0,"8",.0,"8",.0,"8",.0,"8",.0,"8",.0,"8",.0,"8",.0,"8",0,"8",0,"8",0,"8","","",0,"8",0,"8"
"352190360","P£OCK","2006","03","22","17","9","",0,"8",0,"8","","","",7,"",0,"8",0,"8",5,"",60,"",1,"",0,"",-1.2,"",.0,"8","U","",3.7,"",66,"",-6.7,"",997.0,"",1010.7,"",3,.6,"",.0,"8",0,"8","02","2","0","","0","","","0","","","8","","",0,"8",.0,"8",.0,"8","","8",0,"8","","",.0,"8",.0,"8",.0,"8",.0,"8",.0,"8",.0,"8",.0,"8",.0,"8",.0,"8",0,"8",0,"8",0,"8","","",0,"8",0,"8"
"352190360","P£OCK","2006","03","22","18","9","",0,"8",0,"8","","","",6,"",0,"8",0,"8",5,"",100,"",1,"",0,"",-3.4,"",.0,"8","U","",3.4,"",72,"",-7.7,"",997.1,"",1010.9,"",2,.6,"",.0,"9",0,"9","10","2","0","","0","","","0","","","8","","",14,"",.0,"8",.0,"8","","8",0,"8","","",.0,"8",.0,"8",.0,"8",.0,"8",.0,"8",.0,"8",.0,"8",.0,"8",.0,"8",0,"8",0,"8",0,"8","","",0,"8",0,"8"
"352190360","P£OCK","2006","03","22","19","9","",0,"8",0,"8","","","",6,"",0,"8",0,"8",5,"",140,"",1,"",0,"",-4.0,"",.0,"8","U","",3.5,"",76,"",-7.6,"",997.2,"",1011.1,"",1,.6,"",.0,"8",0,"8","10","2","0","","0","","","0","","","8","","",0,"8",.0,"8",.0,"8","","8",0,"8","","",.0,"8",.0,"8",.0,"8",.0,"8",.0,"8",.0,"8",.0,"8",.0,"8",.0,"8",0,"8",0,"8",0,"8","","",0,"8",0,"8"
"352190360","P£OCK","2006","03","22","20","9","",0,"8",0,"8","","","",6,"",0,"8",0,"8",2,"",130,"",2,"",0,"",-6.1,"",.0,"8","U","",3.1,"",81,"",-8.8,"",997.7,"",1011.7,"",3,.7,"",.0,"8",0,"8","10","1","0","","0","","","0","","","1","","",0,"8",.0,"8",.0,"8","","8",0,"8","","",.0,"8",.0,"8",.0,"8",.0,"8",.0,"8",.0,"8",.0,"8",.0,"8",.0,"8",0,"8",0,"8",0,"8","","",0,"8",0,"8"
"352190360","P£OCK","2006","03","22","21","9","",0,"8",0,"8","","","",6,"",0,"8",0,"8",0,"",140,"",2,"",0,"",-6.2,"",.0,"8","U","",3.3,"",85,"",-8.3,"",998.1,"",1012.1,"",2,1.0,"",.0,"8",0,"8","10","1","0","","0","","","0","","","0","","",0,"8",.0,"8",.0,"8","","8",0,"8","","",.0,"8",.0,"8",.0,"8",.0,"8",.0,"8",.0,"8",.0,"8",.0,"8",.0,"8",0,"8",0,"8",0,"8","","",0,"8",0,"8"
"352190360","P£OCK","2006","03","22","22","9","",0,"8",0,"8","","","",5,"",0,"8",0,"8",0,"",90,"",1,"",0,"",-6.9,"",.0,"8","U","",3.1,"",86,"",-8.8,"",998.3,"",1012.3,"",1,1.1,"",.0,"8",0,"8","10","0","0","","0","","","0","","","0","","",0,"8",.0,"8",.0,"8","","8",0,"8","","",.0,"8",.0,"8",.0,"8",.0,"8",.0,"8",.0,"8",.0,"8",.0,"8",.0,"8",0,"8",0,"8",0,"8","","",0,"8",0,"8"
"352190360","P£OCK","2006","03","22","23","9","",0,"8",0,"8","","","",5,"",0,"8",0,"8",0,"",130,"",2,"",0,"",-6.8,"",.0,"8","U","",3.2,"",88,"",-8.5,"",998.2,"",1012.2,"",0,.5,"",.0,"8",0,"8","10","0","0","","0","","","0","","","0","","",0,"8",.0,"8",.0,"8","","8",0,"8","","",.0,"8",.0,"8",.0,"8",.0,"8",.0,"8",.0,"8",.0,"8",.0,"8",.0,"8",0,"8",0,"8",0,"8","","",0,"8",0,"8"
"352190360","P£OCK","2006","03","23","00","9","",0,"8",0,"8","","","",5,"",0,"8",0,"8",0,"",290,"",1,"",0,"",-7.1,"",.0,"8","U","",3.1,"",87,"",-8.9,"",998.1,"",1012.1,"",0,.0,"",.0,"9",0,"9","10","1","0","","0","","","0","","","0","","",14,"",.0,"8",.0,"8","","8",0,"8","","",.0,"8",.0,"8",.0,"8",.0,"8",.0,"8",.0,"8",.0,"8",.0,"8",.0,"8",0,"8",0,"8",0,"8","","",0,"8",0,"8"
"352190360","P£OCK","2006","03","23","01","9","",0,"8",0,"8","","","",5,"",0,"8",0,"8",0,"",280,"",1,"",0,"",-8.4,"",.0,"8","U","",2.9,"",89,"",-9.9,"",998.1,"",1012.2,"",6,-.2,"",.0,"8",0,"8","10","0","0","","0","","","0","","","0","","",0,"8",.0,"8",.0,"8","","8",0,"8","","",.0,"8",.0,"8",.0,"8",.0,"8",.0,"8",.0,"8",.0,"8",.0,"8",.0,"8",0,"8",0,"8",0,"8","","",0,"8",0,"8"
"352190360","P£OCK","2006","03","23","02","9","",0,"8",0,"8","","","",5,"",0,"8",0,"8",0,"",350,"",1,"",0,"",-9.5,"",.0,"8","U","",2.5,"",85,"",-11.6,"",998.2,"",1012.4,"",5,.0,"",.0,"8",0,"8","10","0","0","","0","","","0","","","0","","",0,"8",.0,"8",.0,"8","","8",0,"8","","",.0,"8",.0,"8",.0,"8",.0,"8",.0,"8",.0,"8",.0,"8",.0,"8",.0,"8",0,"8",0,"8",0,"8","","",0,"8",0,"8"
"352190360","P£OCK","2006","03","23","03","9","",0,"8",0,"8","","","",5,"",0,"8",0,"8",0,"",330,"",2,"",0,"",-7.0,"",.0,"8","U","",3.2,"",87,"",-8.8,"",998.6,"",1012.6,"",3,.5,"",.0,"8",0,"8","10","0","0","","0","","","0","","","0","","",0,"8",.0,"8",.0,"8","","8",0,"8","","",.0,"8",.0,"8",.0,"8",.0,"8",.0,"8",.0,"8",.0,"8",.0,"8",.0,"8",0,"8",0,"8",0,"8","","",0,"8",0,"8"
"352190360","P£OCK","2006","03","23","04","9","",0,"8",0,"8","","","",5,"",0,"8",0,"8",0,"",10,"",1,"",0,"",-9.7,"",.0,"8","U","",2.6,"",89,"",-11.2,"",999.0,"",1013.2,"",3,.9,"",.0,"8",0,"8","10","0","0","","0","","","0","","","0","","",0,"8",.0,"8",.0,"8","","8",0,"8","","",.0,"8",.0,"8",.0,"8",.0,"8",.0,"8",.0,"8",.0,"8",.0,"8",.0,"8",0,"8",0,"8",0,"8","","",0,"8",0,"8"
"352190360","P£OCK","2006","03","23","05","9","",0,"8",0,"8","","","",5,"",0,"8",0,"8",0,"",0,"",0,"",0,"",-10.5,"",.0,"8","U","",2.5,"",89,"",-12.0,"",999.6,"",1013.8,"",3,1.4,"",.0,"8",0,"8","10","0","0","","0","","","0","","","0","","",0,"8",.0,"8",.0,"8","","8",0,"8","","",.0,"8",.0,"8",.0,"8",.0,"8",.0,"8",.0,"8",.0,"8",.0,"8",.0,"8",0,"8",0,"8",0,"8","","",0,"8",0,"8"
"352190360","P£OCK","2006","03","23","06","9","",0,"8",0,"8","","","",5,"",0,"8",0,"8",0,"",0,"",0,"",0,"",-8.1,"",.0,"8","U","",3.0,"",91,"",-9.3,"",1000.2,"",1014.3,"",3,1.6,"",.0,"9",0,"9","10","0","0","","0","","","0","","","0","","",14,"",.0,"8",.0,"8","","8",0,"8","","",.0,"8",.0,"8",.0,"8",.0,"8",.0,"8",.0,"8",.0,"8",.0,"8",.0,"8",0,"8",0,"8",0,"8","","",0,"8",0,"8"
"352190360","P£OCK","2006","03","23","07","9","",0,"8",0,"8","","","",5,"",0,"8",0,"8",0,"",320,"",2,"",0,"",-5.0,"",.0,"8","U","",3.7,"",88,"",-6.7,"",1000.8,"",1014.8,"",2,1.8,"",.0,"8",0,"8","10","0","0","","0","","","0","","","0","","",0,"8",.0,"8",.0,"8","","8",0,"8","","",.0,"8",.0,"8",.0,"8",.0,"8",.0,"8",.0,"8",.0,"8",.0,"8",.0,"8",0,"8",0,"8",0,"8","","",0,"8",0,"8"
"352190360","P£OCK","2006","03","23","08","9","",0,"8",0,"8","","","",6,"",0,"8",0,"8",0,"",320,"",2,"",0,"",-3.0,"",.0,"8","U","",4.0,"",82,"",-5.6,"",1001.5,"",1015.4,"",2,1.9,"",.0,"8",0,"8","10","0","0","","0","","","0","","","0","","",0,"8",.0,"8",.0,"8","","8",0,"8","","",.0,"8",.0,"8",.0,"8",.0,"8",.0,"8",.0,"8",.0,"8",.0,"8",.0,"8",0,"8",0,"8",0,"8","","",0,"8",0,"8"
"352190360","P£OCK","2006","03","23","09","9","",0,"8",0,"8","","","",6,"",0,"8",0,"8",0,"",320,"",2,"",0,"",-1.1,"",.0,"8","U","",4.3,"",76,"",-4.8,"",1001.9,"",1015.7,"",2,1.7,"",.0,"8",0,"8","10","0","0","","0","","","0","","","0","","",0,"8",.0,"8",.0,"8","","8",0,"8","","",.0,"8",.0,"8",.0,"8",.0,"8",.0,"8",.0,"8",.0,"8",.0,"8",.0,"8",0,"8",0,"8",0,"8","","",0,"8",0,"8"
"352190360","P£OCK","2006","03","23","10","9","",0,"8",0,"8","","","",7,"",0,"8",0,"8",0,"",320,"",2,"",0,"",.5,"",.0,"8","U","",3.8,"",60,"",-6.4,"",1002.1,"",1015.8,"",1,1.3,"",.0,"8",0,"8","02","0","0","","0","","","0","","","0","","",0,"8",.0,"8",.0,"8","","8",0,"8","","",.0,"8",.0,"8",.0,"8",.0,"8",.0,"8",.0,"8",.0,"8",.0,"8",.0,"8",0,"8",0,"8",0,"8","","",0,"8",0,"8"
"352190360","P£OCK","2006","03","23","11","9","",0,"8",0,"8","","","",8,"",0,"8",0,"8",0,"",310,"",3,"",0,"",1.3,"",.0,"8","U","",3.5,"",52,"",-7.5,"",1002.2,"",1015.9,"",1,.7,"",.0,"8",0,"8","02","0","0","","0","","","0","","","0","","",0,"8",.0,"8",.0,"8","","8",0,"8","","",.0,"8",.0,"8",.0,"8",.0,"8",.0,"8",.0,"8",.0,"8",.0,"8",.0,"8",0,"8",0,"8",0,"8","","",0,"8",0,"8"
"352190360","P£OCK","2006","03","23","12","6","",0,"8",0,"8","","","",8,"",0,"8",0,"8",1,"",310,"",3,"",0,"",1.6,"",.0,"8","U","",3.6,"",53,"",-7.0,"",1002.5,"",1016.1,"",2,.6,"",.0,"9",0,"9","03","0","1","","1","","","0","","","0","","",14,"",.0,"8",.0,"8","","8",0,"8","","",.0,"8",.0,"8",.0,"8",.0,"8",.0,"8",.0,"8",.0,"8",.0,"8",.0,"8",0,"8",0,"8",0,"8","","",0,"8",0,"8"
"352190360","P£OCK","2006","03","23","13","6","",0,"8",0,"8","","","",8,"",0,"8",0,"8",1,"",310,"",3,"",0,"",1.8,"",.0,"8","U","",3.3,"",48,"",-8.1,"",1002.6,"",1016.2,"",2,.5,"",.0,"8",0,"8","03","0","1","","1","","","0","","","0","","",0,"8",.0,"8",.0,"8","","8",0,"8","","",.0,"8",.0,"8",.0,"8",.0,"8",.0,"8",.0,"8",.0,"8",.0,"8",.0,"8",0,"8",0,"8",0,"8","","",0,"8",0,"8"
"352190360","P£OCK","2006","03","23","14","6","",0,"8",0,"8","","","",8,"",0,"8",0,"8",1,"",310,"",3,"",0,"",2.0,"",.0,"8","U","",3.2,"",46,"",-8.4,"",1002.9,"",1016.5,"",2,.7,"",.0,"8",0,"8","01","0","1","","5","","","0","","","0","","",0,"8",.0,"8",.0,"8","","8",0,"8","","",.0,"8",.0,"8",.0,"8",.0,"8",.0,"8",.0,"8",.0,"8",.0,"8",.0,"8",0,"8",0,"8",0,"8","","",0,"8",0,"8"
"352190360","P£OCK","2006","03","23","15","9","",0,"8",0,"8","","","",8,"",0,"8",0,"8",0,"",320,"",3,"",0,"",1.7,"",.0,"8","U","",2.8,"",40,"",-10.5,"",1002.9,"",1016.5,"",1,.4,"",.0,"8",0,"8","01","0","0","","0","","","0","","","0","","",0,"8",.0,"8",.0,"8","","8",0,"8","","",.0,"8",.0,"8",.0,"8",.0,"8",.0,"8",.0,"8",.0,"8",.0,"8",.0,"8",0,"8",0,"8",0,"8","","",0,"8",0,"8"
"352190360","P£OCK","2006","03","23","16","9","",0,"8",0,"8","","","",7,"",0,"8",0,"8",0,"",310,"",2,"",0,"",1.5,"",.0,"8","U","",2.9,"",43,"",-9.7,"",1003.2,"",1016.9,"",2,.6,"",.0,"8",0,"8","02","0","0","","0","","","0","","","0","","",0,"8",.0,"8",.0,"8","","8",0,"8","","",.0,"8",.0,"8",.0,"8",.0,"8",.0,"8",.0,"8",.0,"8",.0,"8",.0,"8",0,"8",0,"8",0,"8","","",0,"8",0,"8"
"352190360","P£OCK","2006","03","23","17","9","",0,"8",0,"8","","","",7,"",0,"8",0,"8",0,"",320,"",2,"",0,"",.4,"",.0,"8","U","",3.0,"",48,"",-9.4,"",1003.5,"",1017.2,"",3,.6,"",.0,"8",0,"8","02","0","0","","0","","","0","","","0","","",0,"8",.0,"8",.0,"8","","8",0,"8","","",.0,"8",.0,"8",.0,"8",.0,"8",.0,"8",.0,"8",.0,"8",.0,"8",.0,"8",0,"8",0,"8",0,"8","","",0,"8",0,"8"
"352190360","P£OCK","2006","03","23","18","9","",0,"8",0,"8","","","",7,"",0,"8",0,"8",0,"",330,"",1,"",0,"",-1.8,"",.0,"8","U","",3.1,"",58,"",-9.0,"",1004.0,"",1017.8,"",3,1.1,"",.0,"9",0,"9","02","0","0","","0","","","0","","","0","","",14,"",.0,"8",.0,"8","","8",0,"8","","",.0,"8",.0,"8",.0,"8",.0,"8",.0,"8",.0,"8",.0,"8",.0,"8",.0,"8",0,"8",0,"8",0,"8","","",0,"8",0,"8"
"352190360","P£OCK","2006","03","23","19","9","",0,"8",0,"8","","","",6,"",0,"8",0,"8",0,"",20,"",2,"",0,"",-4.9,"",.0,"8","U","",3.0,"",70,"",-9.5,"",1004.5,"",1018.5,"",3,1.3,"",.0,"8",0,"8","10","0","0","","0","","","0","","","0","","",0,"8",.0,"8",.0,"8","","8",0,"8","","",.0,"8",.0,"8",.0,"8",.0,"8",.0,"8",.0,"8",.0,"8",.0,"8",.0,"8",0,"8",0,"8",0,"8","","",0,"8",0,"8"
"352190360","P£OCK","2006","03","23","20","9","",0,"8",0,"8","","","",6,"",0,"8",0,"8",0,"",0,"",0,"",0,"",-6.5,"",.0,"8","U","",2.9,"",76,"",-10.0,"",1004.9,"",1019.0,"",2,1.4,"",.0,"8",0,"8","10","0","0","","0","","","0","","","0","","",0,"8",.0,"8",.0,"8","","8",0,"8","","",.0,"8",.0,"8",.0,"8",.0,"8",.0,"8",.0,"8",.0,"8",.0,"8",.0,"8",0,"8",0,"8",0,"8","","",0,"8",0,"8"
"352190360","P£OCK","2006","03","23","21","9","",0,"8",0,"8","","","",6,"",0,"8",0,"8",0,"",60,"",1,"",0,"",-7.9,"",.0,"8","U","",2.6,"",76,"",-11.4,"",1005.0,"",1019.2,"",1,1.0,"",.0,"8",0,"8","10","0","0","","0","","","0","","","0","","",0,"8",.0,"8",.0,"8","","8",0,"8","","",.0,"8",.0,"8",.0,"8",.0,"8",.0,"8",.0,"8",.0,"8",.0,"8",.0,"8",0,"8",0,"8",0,"8","","",0,"8",0,"8"
"352190360","P£OCK","2006","03","23","22","9","",0,"8",0,"8","","","",6,"",0,"8",0,"8",0,"",90,"",1,"",0,"",-8.0,"",.0,"8","U","",2.7,"",81,"",-10.7,"",1005.1,"",1019.3,"",1,.6,"",.0,"8",0,"8","10","0","0","","0","","","0","","","0","","",0,"8",.0,"8",.0,"8","","8",0,"8","","",.0,"8",.0,"8",.0,"8",.0,"8",.0,"8",.0,"8",.0,"8",.0,"8",.0,"8",0,"8",0,"8",0,"8","","",0,"8",0,"8"
"352190360","P£OCK","2006","03","23","23","9","",0,"8",0,"8","","","",6,"",0,"8",0,"8",0,"",90,"",1,"",0,"",-9.0,"",.0,"8","U","",2.5,"",81,"",-11.7,"",1005.1,"",1019.3,"",1,.2,"",.0,"8",0,"8","10","0","0","","0","","","0","","","0","","",0,"8",.0,"8",.0,"8","","8",0,"8","","",.0,"8",.0,"8",.0,"8",.0,"8",.0,"8",.0,"8",.0,"8",.0,"8",.0,"8",0,"8",0,"8",0,"8","","",0,"8",0,"8"
"352190360","P£OCK","2006","03","24","00","9","",0,"8",0,"8","","","",6,"",0,"8",0,"8",0,"",80,"",1,"",0,"",-9.8,"",.0,"8","U","",2.4,"",82,"",-12.3,"",1005.4,"",1019.7,"",2,.4,"",.0,"9",0,"9","10","0","0","","0","","","0","","","0","","",14,"",.0,"8",.0,"8","","8",0,"8","","",.0,"8",.0,"8",.0,"8",.0,"8",.0,"8",.0,"8",.0,"8",.0,"8",.0,"8",0,"8",0,"8",0,"8","","",0,"8",0,"8"
"352190360","P£OCK","2006","03","24","01","9","",0,"8",0,"8","","","",6,"",0,"8",0,"8",0,"",80,"",2,"",0,"",-10.1,"",.0,"8","U","",2.4,"",83,"",-12.4,"",1005.4,"",1019.7,"",1,.3,"",.0,"8",0,"8","10","0","0","","0","","","0","","","0","","",0,"8",.0,"8",.0,"8","","8",0,"8","","",.0,"8",.0,"8",.0,"8",.0,"8",.0,"8",.0,"8",.0,"8",.0,"8",.0,"8",0,"8",0,"8",0,"8","","",0,"8",0,"8"
"352190360","P£OCK","2006","03","24","02","9","",0,"8",0,"8","","","",6,"",0,"8",0,"8",0,"",100,"",2,"",0,"",-10.6,"",.0,"8","U","",2.2,"",82,"",-13.1,"",1005.1,"",1019.4,"",0,.0,"",.0,"8",0,"8","10","0","0","","0","","","0","","","0","","",0,"8",.0,"8",.0,"8","","8",0,"8","","",.0,"8",.0,"8",.0,"8",.0,"8",.0,"8",.0,"8",.0,"8",.0,"8",.0,"8",0,"8",0,"8",0,"8","","",0,"8",0,"8"
"352190360","P£OCK","2006","03","24","03","9","",0,"8",0,"8","","","",6,"",0,"8",0,"8",0,"",120,"",2,"",0,"",-10.0,"",.0,"8","U","",2.5,"",86,"",-11.9,"",1004.8,"",1019.1,"",8,-.6,"",.0,"8",0,"8","10","0","0","","0","","","0","","","0","","",0,"8",.0,"8",.0,"8","","8",0,"8","","",.0,"8",.0,"8",.0,"8",.0,"8",.0,"8",.0,"8",.0,"8",.0,"8",.0,"8",0,"8",0,"8",0,"8","","",0,"8",0,"8"
"352190360","P£OCK","2006","03","24","04","9","",0,"8",0,"8","","","",6,"",0,"8",0,"8",0,"",130,"",2,"",0,"",-10.1,"",.0,"8","U","",2.4,"",85,"",-12.1,"",1004.9,"",1019.2,"",5,-.5,"",.0,"8",0,"8","10","0","0","","0","","","0","","","0","","",0,"8",.0,"8",.0,"8","","8",0,"8","","",.0,"8",.0,"8",.0,"8",.0,"8",.0,"8",.0,"8",.0,"8",.0,"8",.0,"8",0,"8",0,"8",0,"8","","",0,"8",0,"8"
"352190360","P£OCK","2006","03","24","05","9","",0,"8",0,"8","","","",6,"",0,"8",0,"8",0,"",110,"",1,"",0,"",-10.8,"",.0,"8","U","",2.3,"",84,"",-13.0,"",1004.9,"",1019.2,"",6,-.2,"",.0,"8",0,"8","10","0","0","","0","","","0","","","0","","",0,"8",.0,"8",.0,"8","","8",0,"8","","",.0,"8",.0,"8",.0,"8",.0,"8",.0,"8",.0,"8",.0,"8",.0,"8",.0,"8",0,"8",0,"8",0,"8","","",0,"8",0,"8"
"352190360","P£OCK","2006","03","24","06","9","",0,"8",0,"8","","","",6,"",0,"8",0,"8",0,"",130,"",2,"",0,"",-6.9,"",.0,"8","U","",3.2,"",87,"",-8.7,"",1005.1,"",1019.2,"",2,.3,"",.0,"9",0,"9","10","0","0","","0","","","0","","","0","","",14,"",.0,"8",.0,"8","","8",0,"8","","",.0,"8",.0,"8",.0,"8",.0,"8",.0,"8",.0,"8",.0,"8",.0,"8",.0,"8",0,"8",0,"8",0,"8","","",0,"8",0,"8"
"352190360","P£OCK","2006","03","24","07","9","",0,"8",0,"8","","","",6,"",0,"8",0,"8",0,"",130,"",2,"",0,"",-4.2,"",.0,"8","U","",3.5,"",79,"",-7.3,"",1005.4,"",1019.4,"",3,.5,"",.0,"8",0,"8","10","0","0","","0","","","0","","","0","","",0,"8",.0,"8",.0,"8","","8",0,"8","","",.0,"8",.0,"8",.0,"8",.0,"8",.0,"8",.0,"8",.0,"8",.0,"8",.0,"8",0,"8",0,"8",0,"8","","",0,"8",0,"8"
"352190360","P£OCK","2006","03","24","08","9","",0,"8",0,"8","","","",6,"",0,"8",0,"8",0,"",130,"",3,"",0,"",-1.5,"",.0,"8","U","",3.6,"",65,"",-7.2,"",1005.2,"",1019.0,"",0,.3,"",.0,"8",0,"8","05","0","0","","0","","","0","","","0","","",0,"8",.0,"8",.0,"8","","8",0,"8","","",.0,"8",.0,"8",.0,"8",.0,"8",.0,"8",.0,"8",.0,"8",.0,"8",.0,"8",0,"8",0,"8",0,"8","","",0,"8",0,"8"
"352190360","P£OCK","2006","03","24","09","9","",0,"8",0,"8","","","",6,"",0,"8",0,"8",0,"",130,"",3,"",0,"",.4,"",.0,"8","U","",3.6,"",58,"",-6.9,"",1005.2,"",1018.9,"",0,.1,"",.0,"8",0,"8","05","0","0","","0","","","0","","","0","","",0,"8",.0,"8",.0,"8","","8",0,"8","","",.0,"8",.0,"8",.0,"8",.0,"8",.0,"8",.0,"8",.0,"8",.0,"8",.0,"8",0,"8",0,"8",0,"8","","",0,"8",0,"8"
"352190360","P£OCK","2006","03","24","10","9","",0,"8",0,"8","","","",7,"",0,"8",0,"8",0,"",130,"",3,"",0,"",1.7,"",.0,"8","U","",3.4,"",49,"",-7.9,"",1004.7,"",1018.4,"",7,-.7,"",.0,"8",0,"8","02","0","0","","0","","","0","","","0","","",0,"8",.0,"8",.0,"8","","8",0,"8","","",.0,"8",.0,"8",.0,"8",.0,"8",.0,"8",.0,"8",.0,"8",.0,"8",.0,"8",0,"8",0,"8",0,"8","","",0,"8",0,"8"
"352190360","P£OCK","2006","03","24","11","9","",0,"8",0,"8","","","",7,"",0,"8",0,"8",1,"",140,"",4,"",0,"",2.0,"",.0,"8","U","",3.3,"",47,"",-8.2,"",1004.1,"",1017.8,"",8,-1.1,"",.0,"8",0,"8","03","0","0","","0","","","0","","","1","","",0,"8",.0,"8",.0,"8","","8",0,"8","","",.0,"8",.0,"8",.0,"8",.0,"8",.0,"8",.0,"8",.0,"8",.0,"8",.0,"8",0,"8",0,"8",0,"8","","",0,"8",0,"8"
"352190360","P£OCK","2006","03","24","12","9","",0,"8",0,"8","","","",8,"",0,"8",0,"8",2,"",140,"",4,"",0,"",2.3,"",.0,"8","U","",2.9,"",40,"",-9.9,"",1003.5,"",1017.1,"",7,-1.7,"",.0,"9",0,"9","03","0","0","","0","","","0","","","1","","",14,"",.0,"8",.0,"8","","8",0,"8","","",.0,"8",.0,"8",.0,"8",.0,"8",.0,"8",.0,"8",.0,"8",.0,"8",.0,"8",0,"8",0,"8",0,"8","","",0,"8",0,"8"
"352190360","P£OCK","2006","03","24","13","9","",0,"8",0,"8","","","",8,"",0,"8",0,"8",4,"",130,"",5,"",0,"",2.6,"",.0,"8","U","",3.2,"",43,"",-8.7,"",1002.9,"",1016.5,"",7,-1.8,"",.0,"8",0,"8","03","0","0","","0","","","0","","","6","","",0,"8",.0,"8",.0,"8","","8",0,"8","","",.0,"8",.0,"8",.0,"8",.0,"8",.0,"8",.0,"8",.0,"8",.0,"8",.0,"8",0,"8",0,"8",0,"8","","",0,"8",0,"8"
"352190360","P£OCK","2006","03","24","14","9","",0,"8",0,"8","","","",8,"",0,"8",0,"8",6,"",130,"",4,"",0,"",2.8,"",.0,"8","U","",3.1,"",41,"",-9.2,"",1002.2,"",1015.8,"",7,-1.9,"",.0,"8",0,"8","03","1","0","","0","","","0","","","6","","",0,"8",.0,"8",.0,"8","","8",0,"8","","",.0,"8",.0,"8",.0,"8",.0,"8",.0,"8",.0,"8",.0,"8",.0,"8",.0,"8",0,"8",0,"8",0,"8","","",0,"8",0,"8"
"352190360","P£OCK","2006","03","24","15","9","",0,"8",0,"8","","","",8,"",0,"8",0,"8",8,"",110,"",4,"",0,"",1.6,"",.0,"8","U","",3.3,"",48,"",-8.2,"",1001.3,"",1014.9,"",8,-2.2,"",.0,"8",0,"8","03","1","0","","0","","","0","","","7","","",0,"8",.0,"8",.0,"8","","8",0,"8","","",.0,"8",.0,"8",.0,"8",.0,"8",.0,"8",.0,"8",.0,"8",.0,"8",.0,"8",0,"8",0,"8",0,"8","","",0,"8",0,"8"
"352190360","P£OCK","2006","03","24","16","9","",0,"8",0,"8","","","",8,"",0,"8",0,"8",8,"",110,"",4,"",0,"",.8,"",.0,"8","U","",3.1,"",48,"",-9.0,"",1000.7,"",1014.4,"",7,-2.2,"",.0,"8",0,"8","02","2","0","","0","","","0","","","7","","",0,"8",.0,"8",.0,"8","","8",0,"8","","",.0,"8",.0,"8",.0,"8",.0,"8",.0,"8",.0,"8",.0,"8",.0,"8",.0,"8",0,"8",0,"8",0,"8","","",0,"8",0,"8"
"352190360","P£OCK","2006","03","24","17","9","",0,"8",0,"8","","","",8,"",0,"8",0,"8",8,"",110,"",4,"",0,"",-.1,"",.0,"8","U","",3.2,"",52,"",-8.8,"",1000.3,"",1014.0,"",6,-1.9,"",.0,"8",0,"8","02","2","0","","0","","","0","","","7","","",0,"8",.0,"8",.0,"8","","8",0,"8","","",.0,"8",.0,"8",.0,"8",.0,"8",.0,"8",.0,"8",.0,"8",.0,"8",.0,"8",0,"8",0,"8",0,"8","","",0,"8",0,"8"
"352190360","P£OCK","2006","03","24","18","9","",0,"8",0,"8","","","",8,"",0,"8",0,"8",8,"",110,"",4,"",0,"",-.5,"",.0,"8","U","",3.1,"",53,"",-8.9,"",999.9,"",1013.6,"",6,-1.4,"",.0,"9",0,"9","02","1","0","","0","","","0","","","7","","",14,"",.0,"8",.0,"8","","8",0,"8","","",.0,"8",.0,"8",.0,"8",.0,"8",.0,"8",.0,"8",.0,"8",.0,"8",.0,"8",0,"8",0,"8",0,"8","","",0,"8",0,"8"
"352190360","P£OCK","2006","03","24","19","9","",0,"8",0,"8","","","",7,"",0,"8",0,"8",8,"",110,"",4,"",0,"",-.7,"",.0,"8","U","",3.3,"",57,"",-8.2,"",999.8,"",1013.5,"",6,-.9,"",.0,"8",0,"8","02","2","0","","0","","","0","","","7","","",0,"8",.0,"8",.0,"8","","8",0,"8","","",.0,"8",.0,"8",.0,"8",.0,"8",.0,"8",.0,"8",.0,"8",.0,"8",.0,"8",0,"8",0,"8",0,"8","","",0,"8",0,"8"
"352190360","P£OCK","2006","03","24","20","9","",0,"8",0,"8","","","",7,"",0,"8",0,"8",8,"",110,"",5,"",0,"",-1.2,"",.0,"8","U","",3.3,"",59,"",-8.2,"",999.4,"",1013.1,"",7,-.9,"",.0,"8",0,"8","02","2","0","","0","","","0","","","7","","",0,"8",.0,"8",.0,"8","","8",0,"8","","",.0,"8",.0,"8",.0,"8",.0,"8",.0,"8",.0,"8",.0,"8",.0,"8",.0,"8",0,"8",0,"8",0,"8","","",0,"8",0,"8"
"352190360","P£OCK","2006","03","24","21","9","",0,"8",0,"8","","","",7,"",0,"8",0,"8",7,"",120,"",4,"",0,"",-1.7,"",.0,"8","U","",3.3,"",62,"",-8.0,"",999.0,"",1012.8,"",8,-.9,"",.0,"8",0,"8","01","2","0","","0","","","0","","","8","","",0,"8",.0,"8",.0,"8","","8",0,"8","","",.0,"8",.0,"8",.0,"8",.0,"8",.0,"8",.0,"8",.0,"8",.0,"8",.0,"8",0,"8",0,"8",0,"8","","",0,"8",0,"8"
"352190360","P£OCK","2006","03","24","22","9","",0,"8",0,"8","","","",7,"",0,"8",0,"8",6,"",110,"",4,"",0,"",-2.8,"",.0,"8","U","",3.2,"",65,"",-8.5,"",998.5,"",1012.3,"",7,-1.3,"",.0,"8",0,"8","01","2","0","","0","","","0","","","8","","",0,"8",.0,"8",.0,"8","","8",0,"8","","",.0,"8",.0,"8",.0,"8",.0,"8",.0,"8",.0,"8",.0,"8",.0,"8",.0,"8",0,"8",0,"8",0,"8","","",0,"8",0,"8"
"352190360","P£OCK","2006","03","24","23","9","",0,"8",0,"8","","","",7,"",0,"8",0,"8",6,"",110,"",3,"",0,"",-3.9,"",.0,"8","U","",3.1,"",68,"",-8.9,"",998.1,"",1012.0,"",7,-1.3,"",.0,"8",0,"8","02","2","0","","0","","","0","","","8","","",0,"8",.0,"8",.0,"8","","8",0,"8","","",.0,"8",.0,"8",.0,"8",.0,"8",.0,"8",.0,"8",.0,"8",.0,"8",.0,"8",0,"8",0,"8",0,"8","","",0,"8",0,"8"
"352190360","P£OCK","2006","03","25","00","9","",0,"8",0,"8","","","",7,"",0,"8",0,"8",6,"",110,"",3,"",0,"",-4.7,"",.0,"8","U","",3.0,"",69,"",-9.5,"",997.7,"",1011.6,"",7,-1.3,"",.0,"9",0,"9","02","2","0","","0","","","0","","","8","","",14,"",.0,"8",.0,"8","","8",0,"8","","",.0,"8",.0,"8",.0,"8",.0,"8",.0,"8",.0,"8",.0,"8",.0,"8",.0,"8",0,"8",0,"8",0,"8","","",0,"8",0,"8"
"352190360","P£OCK","2006","03","25","01","9","",0,"8",0,"8","","","",7,"",0,"8",0,"8",6,"",120,"",3,"",0,"",-4.9,"",.0,"8","U","",3.0,"",70,"",-9.5,"",997.2,"",1011.1,"",7,-1.3,"",.0,"8",0,"8","02","2","0","","0","","","0","","","8","","",0,"8",.0,"8",.0,"8","","8",0,"8","","",.0,"8",.0,"8",.0,"8",.0,"8",.0,"8",.0,"8",.0,"8",.0,"8",.0,"8",0,"8",0,"8",0,"8","","",0,"8",0,"8"
"352190360","P£OCK","2006","03","25","02","9","",0,"8",0,"8","","","",7,"",0,"8",0,"8",8,"",120,"",3,"",0,"",-4.7,"",.0,"8","U","",3.1,"",72,"",-9.0,"",996.6,"",1010.5,"",8,-1.5,"",.0,"8",0,"8","03","2","0","","0","","","0","","","7","","",0,"8",.0,"8",.0,"8","","8",0,"8","","",.0,"8",.0,"8",.0,"8",.0,"8",.0,"8",.0,"8",.0,"8",.0,"8",.0,"8",0,"8",0,"8",0,"8","","",0,"8",0,"8"
"352190360","P£OCK","2006","03","25","03","9","",0,"8",0,"8","","","",7,"",0,"8",0,"8",8,"",120,"",2,"",0,"",-4.1,"",.0,"8","U","",3.3,"",72,"",-8.4,"",996.4,"",1010.3,"",7,-1.3,"",.0,"8",0,"8","02","2","0","","0","","","0","","","7","","",0,"8",.0,"8",.0,"8","","8",0,"8","","",.0,"8",.0,"8",.0,"8",.0,"8",.0,"8",.0,"8",.0,"8",.0,"8",.0,"8",0,"8",0,"8",0,"8","","",0,"8",0,"8"
"352190360","P£OCK","2006","03","25","04","9","",0,"8",0,"8","","","",7,"",0,"8",0,"8",8,"",130,"",3,"",0,"",-3.9,"",.0,"8","U","",3.3,"",73,"",-8.0,"",996.1,"",1009.9,"",7,-1.1,"",.0,"8",0,"8","03","2","7","","0","","","5","","","/","","",0,"8",.0,"8",.0,"8","","8",0,"8","","",.0,"8",.0,"8",.0,"8",.0,"8",.0,"8",.0,"8",.0,"8",.0,"8",.0,"8",0,"8",0,"8",0,"8","","",0,"8",0,"8"
"352190360","P£OCK","2006","03","25","05","9","",0,"8",0,"8","","","",7,"",0,"8",0,"8",7,"",140,"",2,"",0,"",-3.5,"",.0,"8","U","",3.4,"",71,"",-8.0,"",996.0,"",1009.8,"",7,-.6,"",.0,"8",0,"8","01","2","7","","0","","","3","","","/","","",0,"8",.0,"8",.0,"8","","8",0,"8","","",.0,"8",.0,"8",.0,"8",.0,"8",.0,"8",.0,"8",.0,"8",.0,"8",.0,"8",0,"8",0,"8",0,"8","","",0,"8",0,"8"
"352190360","P£OCK","2006","03","25","06","9","",0,"8",0,"8","","","",7,"",0,"8",0,"8",7,"",110,"",1,"",0,"",-2.9,"",.0,"8","U","",3.6,"",73,"",-7.1,"",996.1,"",1009.9,"",5,-.3,"",.0,"9",0,"9","02","2","7","","0","","","3","","","/","","",14,"",.0,"8",.0,"8","","8",0,"8","","",.0,"8",.0,"8",.0,"8",.0,"8",.0,"8",.0,"8",.0,"8",.0,"8",.0,"8",0,"8",0,"8",0,"8","","",0,"8",0,"8"
"352190360","P£OCK","2006","03","25","07","9","",0,"8",0,"8","","","",7,"",0,"8",0,"8",7,"",100,"",2,"",0,"",-1.9,"",.0,"8","U","",3.7,"",70,"",-6.6,"",996.1,"",1009.8,"",4,.0,"",.0,"8",0,"8","01","2","5","","0","","","3","","","8","","",0,"8",.0,"8",.0,"8","","8",0,"8","","",.0,"8",.0,"8",.0,"8",.0,"8",.0,"8",.0,"8",.0,"8",.0,"8",.0,"8",0,"8",0,"8",0,"8","","",0,"8",0,"8"
"352190360","P£OCK","2006","03","25","08","9","",0,"8",0,"8","","","",7,"",0,"8",0,"8",7,"",100,"",2,"",0,"",-.2,"",.0,"8","U","",3.9,"",64,"",-6.2,"",996.4,"",1010.1,"",2,.4,"",.0,"8",0,"8","01","2","1","","0","","","3","","","8","","",0,"8",.0,"8",.0,"8","","8",0,"8","","",.0,"8",.0,"8",.0,"8",.0,"8",.0,"8",.0,"8",.0,"8",.0,"8",.0,"8",0,"8",0,"8",0,"8","","",0,"8",0,"8"
"352190360","P£OCK","2006","03","25","09","9","",0,"8",0,"8","","","",7,"",0,"8",0,"8",8,"",110,"",2,"",0,"",1.4,"",.0,"8","U","",4.1,"",60,"",-5.5,"",996.6,"",1010.2,"",3,.5,"",.0,"8",0,"8","03","2","1","","0","","","3","","","7","","",0,"8",.0,"8",.0,"8","","8",0,"8","","",.0,"8",.0,"8",.0,"8",.0,"8",.0,"8",.0,"8",.0,"8",.0,"8",.0,"8",0,"8",0,"8",0,"8","","",0,"8",0,"8"
"352190360","P£OCK","2006","03","25","10","9","",0,"8",0,"8","","","",6,"",0,"8",0,"8",8,"",50,"",2,"",0,"",2.2,"",.0,"8","U","",4.4,"",62,"",-4.3,"",996.8,"",1010.3,"",2,.7,"",.0,"8",0,"8","05","2","0","","0","","","0","","","7","","",0,"8",.0,"8",.0,"8","","8",0,"8","","",.0,"8",.0,"8",.0,"8",.0,"8",.0,"8",.0,"8",.0,"8",.0,"8",.0,"8",0,"8",0,"8",0,"8","","",0,"8",0,"8"
"352190360","P£OCK","2006","03","25","11","9","",0,"8",0,"8","","","",6,"",0,"8",0,"8",8,"",40,"",3,"",0,"",2.0,"",.0,"8","U","",4.6,"",65,"",-3.9,"",996.8,"",1010.4,"",1,.4,"",.0,"8",0,"8","05","2","0","","0","","","0","","","7","","",0,"8",.0,"8",.0,"8","","8",0,"8","","",.0,"8",.0,"8",.0,"8",.0,"8",.0,"8",.0,"8",.0,"8",.0,"8",.0,"8",0,"8",0,"8",0,"8","","",0,"8",0,"8"
"352190360","P£OCK","2006","03","25","12","9","",0,"8",0,"8","","","",6,"",0,"8",0,"8",8,"",40,"",3,"",0,"",2.9,"",.0,"8","U","",4.7,"",62,"",-3.7,"",996.9,"",1010.4,"",2,.3,"",.0,"9",0,"9","05","2","0","","0","","","0","","","7","","",14,"",.0,"8",.0,"8","","8",0,"8","","",.0,"8",.0,"8",.0,"8",.0,"8",.0,"8",.0,"8",.0,"8",.0,"8",.0,"8",0,"8",0,"8",0,"8","","",0,"8",0,"8"
"352190360","P£OCK","2006","03","25","13","9","",0,"8",0,"8","","","",6,"",0,"8",0,"8",8,"",60,"",2,"",0,"",3.1,"",.0,"8","U","",4.7,"",61,"",-3.7,"",997.0,"",1010.5,"",3,.2,"",.0,"8",0,"8","05","2","6","","0","","","5","","","7","","",0,"8",.0,"8",.0,"8","","8",0,"8","","",.0,"8",.0,"8",.0,"8",.0,"8",.0,"8",.0,"8",.0,"8",.0,"8",.0,"8",0,"8",0,"8",0,"8","","",0,"8",0,"8"
"352190360","P£OCK","2006","03","25","14","9","",0,"8",0,"8","","","",6,"",0,"8",0,"8",8,"",40,"",3,"",0,"",2.5,"",.0,"8","U","",4.7,"",64,"",-3.6,"",997.1,"",1010.6,"",2,.3,"",.0,"8",0,"8","05","2","8","","0","","","3","","","/","","",0,"8",.0,"8",.0,"8","","8",0,"8","","",.0,"8",.0,"8",.0,"8",.0,"8",.0,"8",.0,"8",.0,"8",.0,"8",.0,"8",0,"8",0,"8",0,"8","","",0,"8",0,"8"
"352190360","P£OCK","2006","03","25","15","9","",0,"8",0,"8","","","",6,"",0,"8",0,"8",8,"",40,"",3,"",0,"",2.6,"",.0,"8","U","",4.6,"",63,"",-3.7,"",997.3,"",1010.8,"",2,.4,"",.0,"8",0,"8","05","2","8","","0","","","3","","","/","","",0,"8",.0,"8",.0,"8","","8",0,"8","","",.0,"8",.0,"8",.0,"8",.0,"8",.0,"8",.0,"8",.0,"8",.0,"8",.0,"8",0,"8",0,"8",0,"8","","",0,"8",0,"8"
"352190360","P£OCK","2006","03","25","16","9","",0,"8",0,"8","","","",6,"",0,"8",0,"8",8,"",50,"",2,"",0,"",2.4,"",.0,"8","U","",4.6,"",64,"",-3.7,"",997.7,"",1011.2,"",3,.7,"",.0,"8",0,"8","05","2","8","","0","","","3","","","/","","",0,"8",.0,"8",.0,"8","","8",0,"8","","",.0,"8",.0,"8",.0,"8",.0,"8",.0,"8",.0,"8",.0,"8",.0,"8",.0,"8",0,"8",0,"8",0,"8","","",0,"8",0,"8"
"352190360","P£OCK","2006","03","25","17","9","",0,"8",0,"8","","","",6,"",0,"8",0,"8",8,"",30,"",3,"",0,"",2.0,"",.0,"8","U","",4.8,"",68,"",-3.3,"",998.3,"",1011.9,"",3,1.2,"",.0,"8",0,"8","05","2","8","","0","","","7","","","/","","",0,"8",.0,"8",.0,"8","","8",0,"8","","",.0,"8",.0,"8",.0,"8",.0,"8",.0,"8",.0,"8",.0,"8",.0,"8",.0,"8",0,"8",0,"8",0,"8","","",0,"8",0,"8"
"352190360","P£OCK","2006","03","25","18","6","",0,"8",0,"8","","","",6,"",0,"8",0,"8",8,"",40,"",3,"",0,"",1.8,"",.0,"8","U","",5.0,"",72,"",-2.7,"",998.6,"",1012.2,"",2,1.3,"",.0,"9",0,"9","10","2","5","","5","","","7","","","/","","",14,"",.0,"8",.0,"8","","8",0,"8","","",.0,"8",.0,"8",.0,"8",.0,"8",.0,"8",.0,"8",.0,"8",.0,"8",.0,"8",0,"8",0,"8",0,"8","","",0,"8",0,"8"
"352190360","P£OCK","2006","03","25","19","6","",0,"8",0,"8","","","",7,"",0,"8",0,"8",8,"",50,"",3,"",0,"",2.4,"",.0,"8","U","",4.7,"",65,"",-3.5,"",998.7,"",1012.3,"",1,1.0,"",.0,"8",0,"8","80","8","8","","9","","","/","","","/","","",0,"8",.0,"8",.0,"8","","8",0,"8","","",.0,"8",.0,"8",.0,"8",.0,"8",.0,"8",.0,"8",.0,"8",.0,"8",.0,"8",0,"8",0,"8",0,"8","","",0,"8",0,"8"
"352190360","P£OCK","2006","03","25","20","5","",0,"8",0,"8","","","",6,"",0,"8",0,"8",8,"",40,"",3,"",0,"",1.8,"",.0,"8","U","",5.0,"",72,"",-2.7,"",999.1,"",1012.7,"",2,.8,"",.0,"8",0,"8","80","8","8","","9","","","/","","","/","","",0,"8",.0,"8",.0,"8","","8",0,"8","","",.0,"8",.0,"8",.0,"8",.0,"8",.0,"8",.0,"8",.0,"8",.0,"8",.0,"8",0,"8",0,"8",0,"8","","",0,"8",0,"8"
"352190360","P£OCK","2006","03","25","21","5","",0,"8",0,"8","","","",6,"",0,"8",0,"8",8,"",40,"",3,"",0,"",1.9,"",.0,"8","U","",5.5,"",79,"",-1.4,"",999.4,"",1013.0,"",2,.8,"",.0,"8",0,"8","68","8","5","","5","","","2","","","/","","",0,"8",.0,"8",.0,"8","","8",0,"8","","",.0,"8",.0,"8",.0,"8",.0,"8",.0,"8",.0,"8",.0,"8",.0,"8",.0,"8",0,"8",0,"8",0,"8","","",0,"8",0,"8"
"352190360","P£OCK","2006","03","25","22","6","",0,"8",0,"8","","","",6,"",0,"8",0,"8",8,"",50,"",3,"",0,"",1.6,"",.0,"8","U","",5.3,"",77,"",-2.0,"",999.6,"",1013.2,"",1,.9,"",.0,"8",0,"8","21","6","8","","5","","","/","","","/","","",0,"8",.0,"8",.0,"8","","8",0,"8","","",.0,"8",.0,"8",.0,"8",.0,"8",.0,"8",.0,"8",.0,"8",.0,"8",.0,"8",0,"8",0,"8",0,"8","","",0,"8",0,"8"
"352190360","P£OCK","2006","03","25","23","6","",0,"8",0,"8","","","",6,"",0,"8",0,"8",8,"",40,"",2,"",0,"",1.3,"",.0,"8","U","",5.4,"",80,"",-1.8,"",999.8,"",1013.4,"",2,.7,"",.0,"8",0,"8","10","2","8","","5","","","/","","","/","","",0,"8",.0,"8",.0,"8","","8",0,"8","","",.0,"8",.0,"8",.0,"8",.0,"8",.0,"8",.0,"8",.0,"8",.0,"8",.0,"8",0,"8",0,"8",0,"8","","",0,"8",0,"8"
"352190360","P£OCK","2006","03","26","00","5","",0,"8",0,"8","","","",6,"",0,"8",0,"8",8,"",50,"",2,"",0,"",1.3,"",.0,"8","U","",5.2,"",77,"",-2.3,"",999.7,"",1013.3,"",0,.3,"",.0,"",7,"","10","8","8","","5","","","/","","","/","","",14,"",.0,"8",.0,"8","","8",0,"8","","",.0,"8",.0,"8",.0,"8",.0,"8",.0,"8",.0,"8",.0,"8",.0,"8",.0,"8",0,"8",0,"8",0,"8","","",0,"8",0,"8"
"352190360","P£OCK","2006","03","26","01","5","",0,"8",0,"8","","","",6,"",0,"8",0,"8",8,"",60,"",2,"",0,"",1.2,"",.0,"8","U","",5.1,"",77,"",-2.4,"",999.7,"",1013.3,"",1,.1,"",.0,"8",0,"8","10","2","8","","5","","","/","","","/","","",0,"8",.0,"8",.0,"8","","8",0,"8","","",.0,"8",.0,"8",.0,"8",.0,"8",.0,"8",.0,"8",.0,"8",.0,"8",.0,"8",0,"8",0,"8",0,"8","","",0,"8",0,"8"
"352190360","P£OCK","2006","03","26","02","5","",0,"8",0,"8","","","",6,"",0,"8",0,"8",8,"",40,"",3,"",0,"",1.0,"",.0,"8","U","",5.1,"",78,"",-2.4,"",999.9,"",1013.5,"",3,.1,"",.0,"8",0,"8","61","2","8","","5","","","/","","","/","","",0,"8",.0,"8",.0,"8","","8",0,"8","","",.0,"8",.0,"8",.0,"8",.0,"8",.0,"8",.0,"8",.0,"8",.0,"8",.0,"8",0,"8",0,"8",0,"8","","",0,"8",0,"8"
"352190360","P£OCK","2006","03","26","03","4","",0,"8",0,"8","","","",6,"",0,"8",0,"8",8,"",50,"",2,"",0,"",.7,"",.0,"8","U","",5.2,"",81,"",-2.2,"",1000.1,"",1013.8,"",3,.4,"",.0,"8",0,"8","63","2","6","","5","","","2","","","/","","",0,"8",.0,"8",.0,"8","","8",0,"8","","",.0,"8",.0,"8",.0,"8",.0,"8",.0,"8",.0,"8",.0,"8",.0,"8",.0,"8",0,"8",0,"8",0,"8","","",0,"8",0,"8"
"352190360","P£OCK","2006","03","26","04","4","",0,"8",0,"8","","","",6,"",0,"8",0,"8",8,"",60,"",2,"",0,"",.4,"",.0,"8","U","",5.5,"",88,"",-1.4,"",1000.1,"",1013.8,"",1,.4,"",.0,"8",0,"8","68","7","6","","5","","","2","","","/","","",0,"8",.0,"8",.0,"8","","8",0,"8","","",.0,"8",.0,"8",.0,"8",.0,"8",.0,"8",.0,"8",.0,"8",.0,"8",.0,"8",0,"8",0,"8",0,"8","","",0,"8",0,"8"
"352190360","P£OCK","2006","03","26","05","4","",0,"8",0,"8","","","",5,"",0,"8",0,"8",8,"",60,"",2,"",0,"",.1,"",.0,"8","U","",5.5,"",90,"",-1.3,"",1000.1,"",1013.8,"",1,.2,"",.0,"8",0,"8","68","7","6","","5","","","2","","","/","","",0,"8",.0,"8",.0,"8","","8",0,"8","","",.0,"8",.0,"8",.0,"8",.0,"8",.0,"8",.0,"8",.0,"8",.0,"8",.0,"8",0,"8",0,"8",0,"8","","",0,"8",0,"8"
"352190360","P£OCK","2006","03","26","06","5","",0,"8",0,"8","","","",6,"",0,"8",0,"8",8,"",60,"",2,"",0,"",.0,"",.0,"8","U","",5.6,"",91,"",-1.3,"",1000.4,"",1014.1,"",3,.3,"",1.8,"",7,"","61","7","5","","5","","","2","","","/","","",14,"",.0,"8",.0,"8","","8",0,"8","","",.0,"8",.0,"8",.0,"8",.0,"8",.0,"8",.0,"8",.0,"8",.0,"8",.0,"8",0,"8",0,"8",0,"8","","",0,"8",0,"8"
"352190360","P£OCK","2006","03","26","07","6","",0,"8",0,"8","","","",6,"",0,"8",0,"8",8,"",60,"",2,"",0,"",.5,"",.0,"8","U","",5.7,"",90,"",-1.0,"",1000.7,"",1014.4,"",3,.6,"",.0,"8",0,"8","21","2","8","","5","","","/","","","/","","",0,"8",.0,"8",.0,"8","","8",0,"8","","",.0,"8",.0,"8",.0,"8",.0,"8",.0,"8",.0,"8",.0,"8",.0,"8",.0,"8",0,"8",0,"8",0,"8","","",0,"8",0,"8"
"352190360","P£OCK","2006","03","26","08","6","",0,"8",0,"8","","","",6,"",0,"8",0,"8",8,"",80,"",3,"",0,"",.9,"",.0,"8","U","",5.7,"",87,"",-1.0,"",1000.7,"",1014.4,"",1,.6,"",.0,"8",0,"8","10","2","8","","5","","","/","","","/","","",0,"8",.0,"8",.0,"8","","8",0,"8","","",.0,"8",.0,"8",.0,"8",.0,"8",.0,"8",.0,"8",.0,"8",.0,"8",.0,"8",0,"8",0,"8",0,"8","","",0,"8",0,"8"
"352190360","P£OCK","2006","03","26","09","6","",0,"8",0,"8","","","",6,"",0,"8",0,"8",8,"",90,"",3,"",0,"",1.8,"",.0,"8","U","",5.8,"",83,"",-.8,"",1000.7,"",1014.3,"",1,.3,"",.0,"8",0,"8","10","6","8","","5","","","/","","","/","","",0,"8",.0,"8",.0,"8","","8",0,"8","","",.0,"8",.0,"8",.0,"8",.0,"8",.0,"8",.0,"8",.0,"8",.0,"8",.0,"8",0,"8",0,"8",0,"8","","",0,"8",0,"8"
"352190360","P£OCK","2006","03","26","10","6","",0,"8",0,"8","","","",6,"",0,"8",0,"8",7,"",100,"",3,"",0,"",3.0,"",.0,"8","U","",5.8,"",77,"",-.6,"",1000.6,"",1014.2,"",8,-.1,"",.0,"8",0,"8","10","2","7","","5","","","/","","","/","","",0,"8",.0,"8",.0,"8","","8",0,"8","","",.0,"8",.0,"8",.0,"8",.0,"8",.0,"8",.0,"8",.0,"8",.0,"8",.0,"8",0,"8",0,"8",0,"8","","",0,"8",0,"8"
"352190360","P£OCK","2006","03","26","11","4","",0,"8",0,"8","","","",6,"",0,"8",0,"8",8,"",100,"",3,"",0,"",3.5,"",.0,"8","U","",6.0,"",76,"",-.3,"",1000.4,"",1013.9,"",8,-.3,"",.0,"8",0,"8","10","2","8","","5","","","/","","","/","","",0,"8",.0,"8",.0,"8","","8",0,"8","","",.0,"8",.0,"8",.0,"8",.0,"8",.0,"8",.0,"8",.0,"8",.0,"8",.0,"8",0,"8",0,"8",0,"8","","",0,"8",0,"8"
"352190360","P£OCK","2006","03","26","12","4","",0,"8",0,"8","","","",6,"",0,"8",0,"8",8,"",90,"",3,"",0,"",3.3,"",.0,"8","U","",6.0,"",77,"",-.3,"",999.7,"",1013.2,"",8,-1.0,"",.0,"",6,"","10","6","8","","5","","","/","","","/","","",14,"",.0,"8",.0,"8","","8",0,"8","","",.0,"8",.0,"8",.0,"8",.0,"8",.0,"8",.0,"8",.0,"8",.0,"8",.0,"8",0,"8",0,"8",0,"8","","",0,"8",0,"8"
"352190360","P£OCK","2006","03","26","13","4","",0,"8",0,"8","","","",6,"",0,"8",0,"8",8,"",110,"",3,"",0,"",3.3,"",.0,"8","U","",6.3,"",81,"",.3,"",999.2,"",1012.7,"",7,-1.4,"",.0,"8",0,"8","10","2","8","","5","","","/","","","/","","",0,"8",.0,"8",.0,"8","","8",0,"8","","",.0,"8",.0,"8",.0,"8",.0,"8",.0,"8",.0,"8",.0,"8",.0,"8",.0,"8",0,"8",0,"8",0,"8","","",0,"8",0,"8"
"352190360","P£OCK","2006","03","26","14","3","",0,"8",0,"8","","","",6,"",0,"8",0,"8",8,"",110,"",3,"",0,"",3.3,"",.0,"8","U","",6.4,"",83,"",.7,"",998.6,"",1012.1,"",7,-1.8,"",.0,"8",0,"8","10","2","8","","6","","","/","","","/","","",0,"8",.0,"8",.0,"8","","8",0,"8","","",.0,"8",.0,"8",.0,"8",.0,"8",.0,"8",.0,"8",.0,"8",.0,"8",.0,"8",0,"8",0,"8",0,"8","","",0,"8",0,"8"
"352190360","P£OCK","2006","03","26","15","3","",0,"8",0,"8","","","",5,"",0,"8",0,"8",8,"",100,"",3,"",0,"",3.2,"",.0,"8","U","",6.5,"",85,"",.9,"",998.2,"",1011.7,"",7,-1.5,"",.0,"8",0,"8","10","2","8","","6","","","/","","","/","","",0,"8",.0,"8",.0,"8","","8",0,"8","","",.0,"8",.0,"8",.0,"8",.0,"8",.0,"8",.0,"8",.0,"8",.0,"8",.0,"8",0,"8",0,"8",0,"8","","",0,"8",0,"8"
"352190360","P£OCK","2006","03","26","16","3","",0,"8",0,"8","","","",5,"",0,"8",0,"8",8,"",110,"",3,"",0,"",2.8,"",.0,"8","U","",6.6,"",89,"",1.2,"",997.9,"",1011.4,"",6,-1.3,"",.0,"8",0,"8","10","2","8","","6","","","/","","","/","","",0,"8",.0,"8",.0,"8","","8",0,"8","","",.0,"8",.0,"8",.0,"8",.0,"8",.0,"8",.0,"8",.0,"8",.0,"8",.0,"8",0,"8",0,"8",0,"8","","",0,"8",0,"8"
"352190360","P£OCK","2006","03","26","17","2","",0,"8",0,"8","","","",4,"",0,"8",0,"8",8,"",100,"",3,"",0,"",2.4,"",.0,"8","U","",6.7,"",92,"",1.2,"",997.4,"",1010.9,"",7,-1.2,"",.0,"8",0,"8","61","2","7","","7","","","/","","","/","","",0,"8",.0,"8",.0,"8","","8",0,"8","","",.0,"8",.0,"8",.0,"8",.0,"8",.0,"8",.0,"8",.0,"8",.0,"8",.0,"8",0,"8",0,"8",0,"8","","",0,"8",0,"8"
"352190360","P£OCK","2006","03","26","18","2","",0,"8",0,"8","","","",4,"",0,"8",0,"8",8,"",110,"",3,"",0,"",2.2,"",.0,"8","U","",6.7,"",94,"",1.3,"",997.3,"",1010.8,"",7,-.9,"",1.0,"",6,"","61","2","6","","7","","","2","","","/","","",14,"",.0,"8",.0,"8","","8",0,"8","","",.0,"8",.0,"8",.0,"8",.0,"8",.0,"8",.0,"8",.0,"8",.0,"8",.0,"8",0,"8",0,"8",0,"8","","",0,"8",0,"8"
"352190360","P£OCK","2006","03","26","19","2","",0,"8",0,"8","","","",3,"",0,"8",0,"8",8,"",110,"",4,"",0,"",2.1,"",.0,"8","U","",6.8,"",95,"",1.4,"",997.0,"",1010.5,"",7,-.9,"",.0,"8",0,"8","61","6","6","","7","","","2","","","/","","",0,"8",.0,"8",.0,"8","","8",0,"8","","",.0,"8",.0,"8",.0,"8",.0,"8",.0,"8",.0,"8",.0,"8",.0,"8",.0,"8",0,"8",0,"8",0,"8","","",0,"8",0,"8"
"352190360","P£OCK","2006","03","26","20","2","",0,"8",0,"8","","","",2,"",0,"8",0,"8",8,"",120,"",3,"",0,"",2.1,"",.0,"8","U","",6.8,"",95,"",1.4,"",997.0,"",1010.5,"",6,-.4,"",.0,"8",0,"8","61","6","6","","7","","","2","","","/","","",0,"8",.0,"8",.0,"8","","8",0,"8","","",.0,"8",.0,"8",.0,"8",.0,"8",.0,"8",.0,"8",.0,"8",.0,"8",.0,"8",0,"8",0,"8",0,"8","","",0,"8",0,"8"
"352190360","P£OCK","2006","03","26","21","2","",0,"8",0,"8","","","",2,"",0,"8",0,"8",8,"",120,"",3,"",0,"",2.0,"",.0,"8","U","",6.8,"",96,"",1.4,"",996.9,"",1010.5,"",7,-.4,"",.0,"8",0,"8","61","6","6","","7","","","2","","","/","","",0,"8",.0,"8",.0,"8","","8",0,"8","","",.0,"8",.0,"8",.0,"8",.0,"8",.0,"8",.0,"8",.0,"8",.0,"8",.0,"8",0,"8",0,"8",0,"8","","",0,"8",0,"8"
"352190360","P£OCK","2006","03","26","22","1","",0,"8",0,"8","","","",1,"",0,"8",0,"8",8,"",140,"",1,"",0,"",1.9,"",.0,"8","U","",6.7,"",96,"",1.3,"",996.8,"",1010.4,"",8,-.2,"",.0,"8",0,"8","61","6","8","","7","","","/","","","/","","",0,"8",.0,"8",.0,"8","","8",0,"8","","",.0,"8",.0,"8",.0,"8",.0,"8",.0,"8",.0,"8",.0,"8",.0,"8",.0,"8",0,"8",0,"8",0,"8","","",0,"8",0,"8"
"352190360","P£OCK","2006","03","26","23","/","",0,"8",0,"8","","","",1,"",0,"8",0,"8",9,"",130,"",1,"",0,"",1.9,"",.0,"8","U","",6.7,"",96,"",1.3,"",997.1,"",1010.7,"",3,.1,"",.0,"8",0,"8","47","6","9","","/","","","/","","","/","","",0,"8",.0,"8",.0,"8","","8",0,"8","","",.0,"8",.0,"8",.0,"8",.0,"8",.0,"8",.0,"8",.0,"8",.0,"8",.0,"8",0,"8",0,"8",0,"8","","",0,"8",0,"8"
"352190360","P£OCK","2006","03","27","00","1","",0,"8",0,"8","","","",1,"",0,"8",0,"8",8,"",270,"",3,"",0,"",4.0,"",.0,"8","U","",7.8,"",96,"",3.4,"",997.2,"",1010.7,"",3,.3,"",1.3,"",6,"","61","6","8","","7","","","/","","","/","","",12,"",.0,"8",.0,"8","","8",0,"8","","",.0,"8",.0,"8",.0,"8",.0,"8",.0,"8",.0,"8",.0,"8",.0,"8",.0,"8",0,"8",0,"8",0,"8","","",0,"8",0,"8"
"352190360","P£OCK","2006","03","27","01","/","",0,"8",0,"8","","","",1,"",0,"8",0,"8",9,"",240,"",3,"",0,"",3.1,"",.0,"8","U","",7.3,"",96,"",2.5,"",997.2,"",1010.7,"",1,.4,"",.0,"8",0,"8","47","6","9","","/","","","/","","","/","","",0,"8",.0,"8",.0,"8","","8",0,"8","","",.0,"8",.0,"8",.0,"8",.0,"8",.0,"8",.0,"8",.0,"8",.0,"8",.0,"8",0,"8",0,"8",0,"8","","",0,"8",0,"8"
"352190360","P£OCK","2006","03","27","02","1","",0,"8",0,"8","","","",1,"",0,"8",0,"8",8,"",230,"",3,"",0,"",3.3,"",.0,"8","U","",7.4,"",96,"",2.7,"",997.3,"",1010.8,"",2,.2,"",.0,"8",0,"8","42","4","8","","6","","","/","","","/","","",0,"8",.0,"8",.0,"8","","8",0,"8","","",.0,"8",.0,"8",.0,"8",.0,"8",.0,"8",.0,"8",.0,"8",.0,"8",.0,"8",0,"8",0,"8",0,"8","","",0,"8",0,"8"
"352190360","P£OCK","2006","03","27","03","1","",0,"8",0,"8","","","",1,"",0,"8",0,"8",8,"",290,"",3,"",0,"",4.7,"",.0,"8","U","",8.2,"",96,"",4.1,"",997.0,"",1010.4,"",8,-.2,"",.0,"8",0,"8","42","6","8","","6","","","/","","","/","","",0,"8",.0,"8",.0,"8","","8",0,"8","","",.0,"8",.0,"8",.0,"8",.0,"8",.0,"8",.0,"8",.0,"8",.0,"8",.0,"8",0,"8",0,"8",0,"8","","",0,"8",0,"8"
"352190360","P£OCK","2006","03","27","04","1","",0,"8",0,"8","","","",1,"",0,"8",0,"8",8,"",200,"",2,"",0,"",4.2,"",.0,"8","U","",7.9,"",96,"",3.6,"",997.1,"",1010.5,"",5,-.1,"",.0,"8",0,"8","46","4","8","","6","","","/","","","/","","",0,"8",.0,"8",.0,"8","","8",0,"8","","",.0,"8",.0,"8",.0,"8",.0,"8",.0,"8",.0,"8",.0,"8",.0,"8",.0,"8",0,"8",0,"8",0,"8","","",0,"8",0,"8"
"352190360","P£OCK","2006","03","27","05","1","",0,"8",0,"8","","","",1,"",0,"8",0,"8",8,"",110,"",1,"",0,"",3.8,"",.0,"8","U","",7.7,"",96,"",3.2,"",997.2,"",1010.7,"",5,-.1,"",.0,"8",0,"8","44","4","8","","6","","","/","","","/","","",0,"8",.0,"8",.0,"8","","8",0,"8","","",.0,"8",.0,"8",.0,"8",.0,"8",.0,"8",.0,"8",.0,"8",.0,"8",.0,"8",0,"8",0,"8",0,"8","","",0,"8",0,"8"
"352190360","P£OCK","2006","03","27","06","1","",0,"8",0,"8","","","",1,"",0,"8",0,"8",8,"",140,"",1,"",0,"",3.6,"",.0,"8","U","",7.6,"",96,"",3.0,"",997.3,"",1010.8,"",2,.3,"",.1,"",6,"","44","6","8","","6","","","/","","","/","","",12,"",.0,"8",.0,"8","","8",0,"8","","",.0,"8",.0,"8",.0,"8",.0,"8",.0,"8",.0,"8",.0,"8",.0,"8",.0,"8",0,"8",0,"8",0,"8","","",0,"8",0,"8"
"352190360","P£OCK","2006","03","27","07","1","",0,"8",0,"8","","","",1,"",0,"8",0,"8",8,"",160,"",2,"",0,"",4.3,"",.0,"8","U","",8.0,"",96,"",3.7,"",997.2,"",1010.6,"",0,.1,"",.0,"8",0,"8","44","4","8","","6","","","/","","","/","","",0,"8",.0,"8",.0,"8","","8",0,"8","","",.0,"8",.0,"8",.0,"8",.0,"8",.0,"8",.0,"8",.0,"8",.0,"8",.0,"8",0,"8",0,"8",0,"8","","",0,"8",0,"8"
"352190360","P£OCK","2006","03","27","08","1","",0,"8",0,"8","","","",1,"",0,"8",0,"8",8,"",160,"",2,"",0,"",5.0,"",.0,"8","U","",8.4,"",96,"",4.4,"",997.1,"",1010.5,"",8,-.1,"",.0,"8",0,"8","44","4","8","","6","","","/","","","/","","",0,"8",.0,"8",.0,"8","","8",0,"8","","",.0,"8",.0,"8",.0,"8",.0,"8",.0,"8",.0,"8",.0,"8",.0,"8",.0,"8",0,"8",0,"8",0,"8","","",0,"8",0,"8"
"352190360","P£OCK","2006","03","27","09","1","",0,"8",0,"8","","","",2,"",0,"8",0,"8",8,"",150,"",2,"",0,"",6.2,"",.0,"8","U","",9.1,"",96,"",5.6,"",996.8,"",1010.1,"",8,-.5,"",.0,"8",0,"8","42","4","8","","6","","","/","","","/","","",0,"8",.0,"8",.0,"8","","8",0,"8","","",.0,"8",.0,"8",.0,"8",.0,"8",.0,"8",.0,"8",.0,"8",.0,"8",.0,"8",0,"8",0,"8",0,"8","","",0,"8",0,"8"
"352190360","P£OCK","2006","03","27","10","1","",0,"8",0,"8","","","",2,"",0,"8",0,"8",8,"",140,"",2,"",0,"",5.9,"",.0,"8","U","",8.9,"",96,"",5.3,"",996.7,"",1010.1,"",7,-.5,"",.0,"8",0,"8","44","4","8","","6","","","/","","","/","","",0,"8",.0,"8",.0,"8","","8",0,"8","","",.0,"8",.0,"8",.0,"8",.0,"8",.0,"8",.0,"8",.0,"8",.0,"8",.0,"8",0,"8",0,"8",0,"8","","",0,"8",0,"8"
"352190360","P£OCK","2006","03","27","11","2","",0,"8",0,"8","","","",4,"",0,"8",0,"8",8,"",160,"",3,"",0,"",6.2,"",.0,"8","U","",9.1,"",96,"",5.6,"",996.3,"",1009.6,"",7,-.8,"",.0,"8",0,"8","28","4","8","","6","","","/","","","/","","",0,"8",.0,"8",.0,"8","","8",0,"8","","",.0,"8",.0,"8",.0,"8",.0,"8",.0,"8",.0,"8",.0,"8",.0,"8",.0,"8",0,"8",0,"8",0,"8","","",0,"8",0,"8"
"352190360","P£OCK","2006","03","27","12","2","",0,"8",0,"8","","","",1,"",0,"8",0,"8",8,"",150,"",3,"",0,"",6.7,"",.0,"8","U","",9.4,"",96,"",6.1,"",995.8,"",1009.1,"",8,-1.0,"",.0,"9",0,"9","46","4","8","","6","","","/","","","/","","",12,"",.0,"8",.0,"8","","8",0,"8","","",.0,"8",.0,"8",.0,"8",.0,"8",.0,"8",.0,"8",.0,"8",.0,"8",.0,"8",0,"8",0,"8",0,"8","","",0,"8",0,"8"
"352190360","P£OCK","2006","03","27","13","2","",0,"8",0,"8","","","",1,"",0,"8",0,"8",8,"",150,"",2,"",0,"",6.6,"",.0,"8","U","",9.3,"",96,"",6.0,"",995.2,"",1008.5,"",8,-1.5,"",.0,"8",0,"8","61","4","7","","7","","","/","","","/","","",0,"8",.0,"8",.0,"8","","8",0,"8","","",.0,"8",.0,"8",.0,"8",.0,"8",.0,"8",.0,"8",.0,"8",.0,"8",.0,"8",0,"8",0,"8",0,"8","","",0,"8",0,"8"
"352190360","P£OCK","2006","03","27","14","2","",0,"8",0,"8","","","",1,"",0,"8",0,"8",8,"",140,"",3,"",0,"",6.2,"",.0,"8","U","",9.1,"",96,"",5.6,"",994.8,"",1008.1,"",7,-1.5,"",.0,"8",0,"8","61","6","6","","7","","","2","","","/","","",0,"8",.0,"8",.0,"8","","8",0,"8","","",.0,"8",.0,"8",.0,"8",.0,"8",.0,"8",.0,"8",.0,"8",.0,"8",.0,"8",0,"8",0,"8",0,"8","","",0,"8",0,"8"
"352190360","P£OCK","2006","03","27","15","2","",0,"8",0,"8","","","",1,"",0,"8",0,"8",8,"",140,"",2,"",0,"",6.4,"",.0,"8","U","",9.2,"",96,"",5.8,"",994.1,"",1007.4,"",7,-1.7,"",.0,"8",0,"8","61","6","6","","7","","","2","","","/","","",0,"8",.0,"8",.0,"8","","8",0,"8","","",.0,"8",.0,"8",.0,"8",.0,"8",.0,"8",.0,"8",.0,"8",.0,"8",.0,"8",0,"8",0,"8",0,"8","","",0,"8",0,"8"
"352190360","P£OCK","2006","03","27","16","3","",0,"8",0,"8","","","",2,"",0,"8",0,"8",8,"",140,"",3,"",0,"",6.5,"",.0,"8","U","",9.3,"",96,"",5.9,"",993.1,"",1006.4,"",8,-2.1,"",.0,"8",0,"8","61","6","6","","7","","","2","","","/","","",0,"8",.0,"8",.0,"8","","8",0,"8","","",.0,"8",.0,"8",.0,"8",.0,"8",.0,"8",.0,"8",.0,"8",.0,"8",.0,"8",0,"8",0,"8",0,"8","","",0,"8",0,"8"
"352190360","P£OCK","2006","03","27","17","2","",0,"8",0,"8","","","",1,"",0,"8",0,"8",8,"",150,"",3,"",0,"",6.7,"",.0,"8","U","",9.5,"",97,"",6.3,"",992.7,"",1006.0,"",7,-2.1,"",.0,"8",0,"8","61","6","5","","7","","","2","","","/","","",0,"8",.0,"8",.0,"8","","8",0,"8","","",.0,"8",.0,"8",.0,"8",.0,"8",.0,"8",.0,"8",.0,"8",.0,"8",.0,"8",0,"8",0,"8",0,"8","","",0,"8",0,"8"
"352190360","P£OCK","2006","03","27","18","/","",0,"8",0,"8","","","",1,"",0,"8",0,"8",9,"",140,"",2,"",0,"",5.9,"",.0,"8","U","",8.9,"",96,"",5.3,"",992.7,"",1006.0,"",6,-1.4,"",2.9,"",6,"","47","6","9","","/","","","/","","","/","","",11,"",.0,"8",.0,"8","","8",0,"8","","",.0,"8",.0,"8",.0,"8",.0,"8",.0,"8",.0,"8",.0,"8",.0,"8",.0,"8",0,"8",0,"8",0,"8","","",0,"8",0,"8"
"352190360","P£OCK","2006","03","27","19","/","",0,"8",0,"8","","","",1,"",0,"8",0,"8",9,"",130,"",2,"",0,"",6.1,"",.0,"8","U","",9.0,"",96,"",5.5,"",992.5,"",1005.8,"",7,-.6,"",.0,"8",0,"8","43","4","9","","/","","","/","","","/","","",0,"8",.0,"8",.0,"8","","8",0,"8","","",.0,"8",.0,"8",.0,"8",.0,"8",.0,"8",.0,"8",.0,"8",.0,"8",.0,"8",0,"8",0,"8",0,"8","","",0,"8",0,"8"
"352190360","P£OCK","2006","03","27","20","2","",0,"8",0,"8","","","",1,"",0,"8",0,"8",8,"",160,"",2,"",0,"",6.2,"",.0,"8","U","",9.2,"",97,"",5.8,"",992.3,"",1005.6,"",8,-.4,"",.0,"8",0,"8","61","6","6","","7","","","2","","","/","","",0,"8",.0,"8",.0,"8","","8",0,"8","","",.0,"8",.0,"8",.0,"8",.0,"8",.0,"8",.0,"8",.0,"8",.0,"8",.0,"8",0,"8",0,"8",0,"8","","",0,"8",0,"8"
"352190360","P£OCK","2006","03","27","21","2","",0,"8",0,"8","","","",1,"",0,"8",0,"8",8,"",130,"",2,"",0,"",5.4,"",.0,"8","U","",8.6,"",96,"",4.8,"",991.7,"",1005.0,"",8,-1.0,"",.0,"8",0,"8","46","6","8","","6","","","/","","","/","","",0,"8",.0,"8",.0,"8","","8",0,"8","","",.0,"8",.0,"8",.0,"8",.0,"8",.0,"8",.0,"8",.0,"8",.0,"8",.0,"8",0,"8",0,"8",0,"8","","",0,"8",0,"8"
"352190360","P£OCK","2006","03","27","22","2","",0,"8",0,"8","","","",1,"",0,"8",0,"8",8,"",140,"",2,"",0,"",5.2,"",.0,"8","U","",8.6,"",97,"",4.8,"",991.3,"",1004.6,"",7,-1.2,"",.0,"8",0,"8","44","4","8","","6","","","/","","","/","","",0,"8",.0,"8",.0,"8","","8",0,"8","","",.0,"8",.0,"8",.0,"8",.0,"8",.0,"8",.0,"8",.0,"8",.0,"8",.0,"8",0,"8",0,"8",0,"8","","",0,"8",0,"8"
"352190360","P£OCK","2006","03","27","23","2","",0,"8",0,"8","","","",1,"",0,"8",0,"8",8,"",140,"",2,"",0,"",5.2,"",.0,"8","U","",8.6,"",97,"",4.8,"",991.1,"",1004.4,"",6,-1.2,"",.0,"8",0,"8","44","4","8","","6","","","/","","","/","","",0,"8",.0,"8",.0,"8","","8",0,"8","","",.0,"8",.0,"8",.0,"8",.0,"8",.0,"8",.0,"8",.0,"8",.0,"8",.0,"8",0,"8",0,"8",0,"8","","",0,"8",0,"8"
"352190360","P£OCK","2006","03","28","00","/","",0,"8",0,"8","","","",1,"",0,"8",0,"8",9,"",130,"",2,"",0,"",5.1,"",.0,"8","U","",8.5,"",97,"",4.7,"",990.7,"",1004.0,"",7,-1.0,"",.9,"",6,"","43","6","9","","/","","","/","","","/","","",11,"",.0,"8",.0,"8","","8",0,"8","","",.0,"8",.0,"8",.0,"8",.0,"8",.0,"8",.0,"8",.0,"8",.0,"8",.0,"8",0,"8",0,"8",0,"8","","",0,"8",0,"8"
"352190360","P£OCK","2006","03","28","01","/","",0,"8",0,"8","","","",1,"",0,"8",0,"8",9,"",150,"",2,"",0,"",4.3,"",.0,"8","U","",8.1,"",97,"",3.9,"",990.5,"",1003.9,"",7,-.8,"",.0,"8",0,"8","45","4","9","","/","","","/","","","/","","",0,"8",.0,"8",.0,"8","","8",0,"8","","",.0,"8",.0,"8",.0,"8",.0,"8",.0,"8",.0,"8",.0,"8",.0,"8",.0,"8",0,"8",0,"8",0,"8","","",0,"8",0,"8"
"352190360","P£OCK","2006","03","28","02","/","",0,"8",0,"8","","","",1,"",0,"8",0,"8",9,"",140,"",2,"",0,"",4.5,"",.0,"8","U","",8.2,"",97,"",4.1,"",990.1,"",1003.4,"",7,-1.0,"",.0,"8",0,"8","43","4","9","","/","","","/","","","/","","",0,"8",.0,"8",.0,"8","","8",0,"8","","",.0,"8",.0,"8",.0,"8",.0,"8",.0,"8",.0,"8",.0,"8",.0,"8",.0,"8",0,"8",0,"8",0,"8","","",0,"8",0,"8"
"352190360","P£OCK","2006","03","28","03","2","",0,"8",0,"8","","","",5,"",0,"8",0,"8",8,"",210,"",3,"",0,"",6.2,"",.0,"8","U","",9.2,"",97,"",5.8,"",990.1,"",1003.4,"",6,-.6,"",.0,"8",0,"8","28","4","4","","6","","","3","","","/","","",0,"8",.0,"8",.0,"8","","8",0,"8","","",.0,"8",.0,"8",.0,"8",.0,"8",.0,"8",.0,"8",.0,"8",.0,"8",.0,"8",0,"8",0,"8",0,"8","","",0,"8",0,"8"
"352190360","P£OCK","2006","03","28","04","9","",0,"8",0,"8","","","",5,"",0,"8",0,"8",7,"",220,"",4,"",0,"",6.2,"",.0,"8","U","",9.2,"",97,"",5.8,"",990.2,"",1003.5,"",5,-.3,"",.0,"8",0,"8","10","2","7","","0","","","3","","","/","","",0,"8",.0,"8",.0,"8","","8",0,"8","","",.0,"8",.0,"8",.0,"8",.0,"8",.0,"8",.0,"8",.0,"8",.0,"8",.0,"8",0,"8",0,"8",0,"8","","",0,"8",0,"8"
"352190360","P£OCK","2006","03","28","05","9","",0,"8",0,"8","","","",6,"",0,"8",0,"8",3,"",250,"",4,"",0,"",6.9,"",.0,"8","U","",9.6,"",97,"",6.5,"",990.4,"",1003.6,"",3,.3,"",.0,"8",0,"8","10","1","3","","0","","","3","","","0","","",0,"8",.0,"8",.0,"8","","8",0,"8","","",.0,"8",.0,"8",.0,"8",.0,"8",.0,"8",.0,"8",.0,"8",.0,"8",.0,"8",0,"8",0,"8",0,"8","","",0,"8",0,"8"
"352190360","P£OCK","2006","03","28","06","9","",0,"8",0,"8","","","",7,"",0,"8",0,"8",2,"",220,"",5,"",0,"",6.8,"",.0,"8","U","",9.6,"",97,"",6.4,"",991.2,"",1004.4,"",3,1.1,"",.0,"9",0,"9","01","4","1","","0","","","3","","","1","","",11,"",.0,"8",.0,"8","","8",0,"8","","",.0,"8",.0,"8",.0,"8",.0,"8",.0,"8",.0,"8",.0,"8",.0,"8",.0,"8",0,"8",0,"8",0,"8","","",0,"8",0,"8"
"352190360","P£OCK","2006","03","28","07","9","",0,"8",0,"8","","","",7,"",0,"8",0,"8",1,"",230,"",5,"",0,"",8.7,"",.0,"8","U","",10.8,"",96,"",8.1,"",991.8,"",1005.0,"",2,1.6,"",.0,"8",0,"8","01","0","0","","0","","","0","","","1","","",0,"8",.0,"8",.0,"8","","8",0,"8","","",.0,"8",.0,"8",.0,"8",.0,"8",.0,"8",.0,"8",.0,"8",.0,"8",.0,"8",0,"8",0,"8",0,"8","","",0,"8",0,"8"
"352190360","P£OCK","2006","03","28","08","9","",0,"8",0,"8","","","",8,"",0,"8",0,"8",5,"",220,"",4,"",0,"",10.1,"",.0,"8","U","",10.2,"",83,"",7.3,"",991.9,"",1005.0,"",1,1.5,"",.0,"8",0,"8","03","1","1","","0","","","3","","","6","","",0,"8",.0,"8",.0,"8","","8",0,"8","","",.0,"8",.0,"8",.0,"8",.0,"8",.0,"8",.0,"8",.0,"8",.0,"8",.0,"8",0,"8",0,"8",0,"8","","",0,"8",0,"8"
"352190360","P£OCK","2006","03","28","09","9","",0,"8",0,"8","","","",8,"",0,"8",0,"8",6,"",240,"",4,"",0,"",11.6,"",.0,"8","U","",10.2,"",75,"",7.3,"",991.8,"",1004.8,"",0,.6,"",.0,"8",0,"8","03","1","1","","0","","","3","","","6","","",0,"8",.0,"8",.0,"8","","8",0,"8","","",.0,"8",.0,"8",.0,"8",.0,"8",.0,"8",.0,"8",.0,"8",.0,"8",.0,"8",0,"8",0,"8",0,"8","","",0,"8",0,"8"
"352190360","P£OCK","2006","03","28","10","9","",0,"8",0,"8","","","",8,"",0,"8",0,"8",7,"",210,"",4,"",0,"",11.8,"",.0,"8","U","",9.8,"",71,"",6.7,"",991.5,"",1004.5,"",8,-.3,"",.0,"8",0,"8","01","2","0","","0","","","0","","","6","","",0,"8",.0,"8",.0,"8","","8",0,"8","","",.0,"8",.0,"8",.0,"8",.0,"8",.0,"8",.0,"8",.0,"8",.0,"8",.0,"8",0,"8",0,"8",0,"8","","",0,"8",0,"8"
"352190360","P£OCK","2006","03","28","11","9","",0,"8",0,"8","","","",8,"",0,"8",0,"8",7,"",240,"",6,"",0,"",13.5,"",.0,"8","U","",9.9,"",64,"",6.8,"",992.1,"",1005.0,"",3,.2,"",.0,"8",0,"8","03","2","1","","0","","","3","","","8","","",0,"8",.0,"8",.0,"8","","8",0,"8","","",.0,"8",.0,"8",.0,"8",.0,"8",.0,"8",.0,"8",.0,"8",.0,"8",.0,"8",0,"8",0,"8",0,"8","","",0,"8",0,"8"
"352190360","P£OCK","2006","03","28","12","9","",0,"8",0,"8","","","",8,"",0,"8",0,"8",7,"",290,"",4,"",0,"",14.3,"",.0,"8","U","",8.8,"",54,"",5.1,"",991.5,"",1004.4,"",7,-.3,"",.0,"9",0,"9","02","1","1","","0","","","3","","","8","","",11,"",.0,"8",.0,"8","","8",0,"8","","",.0,"8",.0,"8",.0,"8",.0,"8",.0,"8",.0,"8",.0,"8",.0,"8",.0,"8",0,"8",0,"8",0,"8","","",0,"8",0,"8"
"352190360","P£OCK","2006","03","28","13","9","",0,"8",0,"8","","","",8,"",0,"8",0,"8",7,"",280,"",4,"",0,"",14.4,"",.0,"8","U","",7.9,"",48,"",3.5,"",991.2,"",1004.1,"",8,-.3,"",.0,"8",0,"8","03","2","1","","0","","","3","","","8","","",0,"8",.0,"8",.0,"8","","8",0,"8","","",.0,"8",.0,"8",.0,"8",.0,"8",.0,"8",.0,"8",.0,"8",.0,"8",.0,"8",0,"8",0,"8",0,"8","","",0,"8",0,"8"
"352190360","P£OCK","2006","03","28","14","9","",0,"8",0,"8","","","",8,"",0,"8",0,"8",8,"",240,"",3,"",0,"",14.5,"",.0,"8","U","",8.7,"",53,"",5.0,"",990.7,"",1003.6,"",7,-1.4,"",.0,"8",0,"8","03","2","1","","0","","","3","","","7","","",0,"8",.0,"8",.0,"8","","8",0,"8","","",.0,"8",.0,"8",.0,"8",.0,"8",.0,"8",.0,"8",.0,"8",.0,"8",.0,"8",0,"8",0,"8",0,"8","","",0,"8",0,"8"
"352190360","P£OCK","2006","03","28","15","9","",0,"8",0,"8","","","",8,"",0,"8",0,"8",8,"",210,"",3,"",0,"",13.2,"",.0,"8","U","",8.3,"",55,"",4.3,"",990.6,"",1003.5,"",7,-.9,"",.0,"8",0,"8","03","2","3","","0","","","5","","","7","","",0,"8",.0,"8",.0,"8","","8",0,"8","","",.0,"8",.0,"8",.0,"8",.0,"8",.0,"8",.0,"8",.0,"8",.0,"8",.0,"8",0,"8",0,"8",0,"8","","",0,"8",0,"8"
"352190360","P£OCK","2006","03","28","16","7","",0,"8",0,"8","","","",8,"",0,"8",0,"8",8,"",200,"",2,"",0,"",12.7,"",.0,"8","U","",8.2,"",56,"",4.1,"",990.2,"",1003.2,"",7,-1.0,"",.0,"8",0,"8","03","2","4","","5","","","7","","","/","","",0,"8",.0,"8",.0,"8","","8",0,"8","","",.0,"8",.0,"8",.0,"8",.0,"8",.0,"8",.0,"8",.0,"8",.0,"8",.0,"8",0,"8",0,"8",0,"8","","",0,"8",0,"8"
"352190360","P£OCK","2006","03","28","17","7","",0,"8",0,"8","","","",7,"",0,"8",0,"8",8,"",70,"",2,"",0,"",10.1,"",.0,"8","U","",8.6,"",70,"",4.9,"",989.9,"",1003.0,"",7,-.8,"",.0,"8",0,"8","01","2","2","","5","","","2","","","/","","",0,"8",.0,"8",.0,"8","","8",0,"8","","",.0,"8",.0,"8",.0,"8",.0,"8",.0,"8",.0,"8",.0,"8",.0,"8",.0,"8",0,"8",0,"8",0,"8","","",0,"8",0,"8"
"352190360","P£OCK","2006","03","28","18","7","",0,"8",0,"8","","","",6,"",0,"8",0,"8",8,"",160,"",2,"",0,"",9.3,"",.0,"8","U","",8.7,"",74,"",4.9,"",990.3,"",1003.4,"",5,-.3,"",.0,"9",0,"9","10","2","1","","5","","","7","","","/","","",2,"",.0,"8",.0,"8","","8",0,"8","","",.0,"8",.0,"8",.0,"8",.0,"8",.0,"8",.0,"8",.0,"8",.0,"8",.0,"8",0,"8",0,"8",0,"8","","",0,"8",0,"8"
"352190360","P£OCK","2006","03","28","19","7","",0,"8",0,"8","","","",6,"",0,"8",0,"8",8,"",180,"",2,"",0,"",9.9,"",.0,"8","U","",8.8,"",72,"",5.1,"",990.4,"",1003.5,"",3,.2,"",.0,"8",0,"8","61","2","3","","5","","","7","","","/","","",0,"8",.0,"8",.0,"8","","8",0,"8","","",.0,"8",.0,"8",.0,"8",.0,"8",.0,"8",.0,"8",.0,"8",.0,"8",.0,"8",0,"8",0,"8",0,"8","","",0,"8",0,"8"
"352190360","P£OCK","2006","03","28","20","9","",0,"8",0,"8","","","",7,"",0,"8",0,"8",8,"",190,"",3,"",0,"",9.3,"",.0,"8","U","",9.1,"",78,"",5.7,"",990.2,"",1003.3,"",0,.3,"",.0,"8",0,"8","21","2","8","","0","","","7","","","/","","",0,"8",.0,"8",.0,"8","","8",0,"8","","",.0,"8",.0,"8",.0,"8",.0,"8",.0,"8",.0,"8",.0,"8",.0,"8",.0,"8",0,"8",0,"8",0,"8","","",0,"8",0,"8"
"352190360","P£OCK","2006","03","28","21","9","",0,"8",0,"8","","","",7,"",0,"8",0,"8",8,"",210,"",2,"",0,"",8.9,"",.0,"8","U","",9.1,"",80,"",5.6,"",989.9,"",1003.0,"",8,-.4,"",.0,"8",0,"8","01","6","8","","0","","","3","","","/","","",0,"8",.0,"8",.0,"8","","8",0,"8","","",.0,"8",.0,"8",.0,"8",.0,"8",.0,"8",.0,"8",.0,"8",.0,"8",.0,"8",0,"8",0,"8",0,"8","","",0,"8",0,"8"
"352190360","P£OCK","2006","03","28","22","5","",0,"8",0,"8","","","",7,"",0,"8",0,"8",8,"",320,"",2,"",0,"",8.6,"",.0,"8","U","",9.3,"",83,"",5.9,"",990.3,"",1003.4,"",5,-.1,"",.0,"8",0,"8","03","2","4","","5","","","3","","","/","","",0,"8",.0,"8",.0,"8","","8",0,"8","","",.0,"8",.0,"8",.0,"8",.0,"8",.0,"8",.0,"8",.0,"8",.0,"8",.0,"8",0,"8",0,"8",0,"8","","",0,"8",0,"8"
"352190360","P£OCK","2006","03","28","23","5","",0,"8",0,"8","","","",6,"",0,"8",0,"8",8,"",100,"",2,"",0,"",6.7,"",.0,"8","U","",8.4,"",86,"",4.5,"",990.3,"",1003.5,"",1,.1,"",.0,"8",0,"8","80","2","6","","9","","","7","","","/","","",0,"8",.0,"8",.0,"8","","8",0,"8","","",.0,"8",.0,"8",.0,"8",.0,"8",.0,"8",.0,"8",.0,"8",.0,"8",.0,"8",0,"8",0,"8",0,"8","","",0,"8",0,"8"
"352190360","P£OCK","2006","03","29","00","6","",0,"8",0,"8","","","",6,"",0,"8",0,"8",7,"",100,"",1,"",0,"",6.1,"",.0,"8","U","",8.4,"",89,"",4.4,"",989.8,"",1003.1,"",8,-.1,"",.1,"",6,"","25","6","7","","5","","","/","","","/","","",2,"",.0,"8",.0,"8","","8",0,"8","","",.0,"8",.0,"8",.0,"8",.0,"8",.0,"8",.0,"8",.0,"8",.0,"8",.0,"8",0,"8",0,"8",0,"8","","",0,"8",0,"8"
"352190360","P£OCK","2006","03","29","01","6","",0,"8",0,"8","","","",6,"",0,"8",0,"8",8,"",140,"",2,"",0,"",5.8,"",.0,"8","U","",8.4,"",91,"",4.4,"",989.6,"",1002.9,"",8,-.7,"",.0,"8",0,"8","10","2","8","","5","","","/","","","/","","",0,"8",.0,"8",.0,"8","","8",0,"8","","",.0,"8",.0,"8",.0,"8",.0,"8",.0,"8",.0,"8",.0,"8",.0,"8",.0,"8",0,"8",0,"8",0,"8","","",0,"8",0,"8"
"352190360","P£OCK","2006","03","29","02","5","",0,"8",0,"8","","","",5,"",0,"8",0,"8",8,"",220,"",1,"",0,"",6.2,"",.0,"8","U","",8.7,"",92,"",5.0,"",989.5,"",1002.7,"",6,-.8,"",.0,"8",0,"8","80","2","8","","9","","","/","","","/","","",0,"8",.0,"8",.0,"8","","8",0,"8","","",.0,"8",.0,"8",.0,"8",.0,"8",.0,"8",.0,"8",.0,"8",.0,"8",.0,"8",0,"8",0,"8",0,"8","","",0,"8",0,"8"
"352190360","P£OCK","2006","03","29","03","7","",0,"8",0,"8","","","",5,"",0,"8",0,"8",8,"",20,"",1,"",0,"",4.9,"",.0,"8","U","",8.1,"",93,"",3.9,"",989.1,"",1002.4,"",7,-.7,"",.0,"8",0,"8","25","2","8","","5","","","/","","","/","","",0,"8",.0,"8",.0,"8","","8",0,"8","","",.0,"8",.0,"8",.0,"8",.0,"8",.0,"8",.0,"8",.0,"8",.0,"8",.0,"8",0,"8",0,"8",0,"8","","",0,"8",0,"8"
"352190360","P£OCK","2006","03","29","04","7","",0,"8",0,"8","","","",5,"",0,"8",0,"8",7,"",0,"",0,"",0,"",5.1,"",.0,"8","U","",8.3,"",94,"",4.2,"",989.1,"",1002.4,"",6,-.5,"",.0,"8",0,"8","10","2","7","","5","","","/","","","/","","",0,"8",.0,"8",.0,"8","","8",0,"8","","",.0,"8",.0,"8",.0,"8",.0,"8",.0,"8",.0,"8",.0,"8",.0,"8",.0,"8",0,"8",0,"8",0,"8","","",0,"8",0,"8"
"352190360","P£OCK","2006","03","29","05","7","",0,"8",0,"8","","","",5,"",0,"8",0,"8",7,"",260,"",1,"",0,"",4.5,"",.0,"8","U","",7.8,"",93,"",3.5,"",989.5,"",1002.8,"",5,.0,"",.0,"8",0,"8","10","2","5","","5","","","3","","","1","","",0,"8",.0,"8",.0,"8","","8",0,"8","","",.0,"8",.0,"8",.0,"8",.0,"8",.0,"8",.0,"8",.0,"8",.0,"8",.0,"8",0,"8",0,"8",0,"8","","",0,"8",0,"8"
"352190360","P£OCK","2006","03","29","06","1","",0,"8",0,"8","","","",1,"",0,"8",0,"8",8,"",10,"",1,"",0,"",5.6,"",.0,"8","U","",8.6,"",95,"",4.9,"",989.7,"",1003.0,"",3,.6,"",.0,"",6,"","46","8","8","","6","","","/","","","/","","",2,"",.0,"8",.0,"8","","8",0,"8","","",.0,"8",.0,"8",.0,"8",.0,"8",.0,"8",.0,"8",.0,"8",.0,"8",.0,"8",0,"8",0,"8",0,"8","","",0,"8",0,"8"
"352190360","P£OCK","2006","03","29","07","1","",0,"8",0,"8","","","",1,"",0,"8",0,"8",8,"",320,"",2,"",0,"",6.1,"",.0,"8","U","",8.9,"",95,"",5.4,"",990.1,"",1003.4,"",2,1.0,"",.0,"8",0,"8","42","4","8","","6","","","/","","","/","","",0,"8",.0,"8",.0,"8","","8",0,"8","","",.0,"8",.0,"8",.0,"8",.0,"8",.0,"8",.0,"8",.0,"8",.0,"8",.0,"8",0,"8",0,"8",0,"8","","",0,"8",0,"8"
"352190360","P£OCK","2006","03","29","08","1","",0,"8",0,"8","","","",3,"",0,"8",0,"8",8,"",320,"",3,"",0,"",6.1,"",.0,"8","U","",9.0,"",96,"",5.5,"",990.5,"",1003.8,"",3,1.0,"",.0,"8",0,"8","42","4","8","","6","","","/","","","/","","",0,"8",.0,"8",.0,"8","","8",0,"8","","",.0,"8",.0,"8",.0,"8",.0,"8",.0,"8",.0,"8",.0,"8",.0,"8",.0,"8",0,"8",0,"8",0,"8","","",0,"8",0,"8"
"352190360","P£OCK","2006","03","29","09","9","",0,"8",0,"8","","","",6,"",0,"8",0,"8",7,"",330,"",1,"",0,"",8.5,"",.0,"8","U","",10.6,"",96,"",7.9,"",990.8,"",1004.0,"",2,1.1,"",.0,"8",0,"8","28","4","7","","0","","","3","","","/","","",0,"8",.0,"8",.0,"8","","8",0,"8","","",.0,"8",.0,"8",.0,"8",.0,"8",.0,"8",.0,"8",.0,"8",.0,"8",.0,"8",0,"8",0,"8",0,"8","","",0,"8",0,"8"
"352190360","P£OCK","2006","03","29","10","9","",0,"8",0,"8","","","",6,"",0,"8",0,"8",7,"",360,"",2,"",0,"",9.0,"",.0,"8","U","",9.7,"",85,"",6.6,"",990.9,"",1004.0,"",1,.8,"",.0,"8",0,"8","10","2","6","","0","","","3","","","8","","",0,"8",.0,"8",.0,"8","","8",0,"8","","",.0,"8",.0,"8",.0,"8",.0,"8",.0,"8",.0,"8",.0,"8",.0,"8",.0,"8",0,"8",0,"8",0,"8","","",0,"8",0,"8"
"352190360","P£OCK","2006","03","29","11","9","",0,"8",0,"8","","","",6,"",0,"8",0,"8",7,"",340,"",2,"",0,"",9.6,"",.0,"8","U","",9.8,"",82,"",6.7,"",990.9,"",1004.0,"",1,.4,"",.0,"8",0,"8","10","2","3","","0","","","3","","","8","","",0,"8",.0,"8",.0,"8","","8",0,"8","","",.0,"8",.0,"8",.0,"8",.0,"8",.0,"8",.0,"8",.0,"8",.0,"8",.0,"8",0,"8",0,"8",0,"8","","",0,"8",0,"8"
"352190360","P£OCK","2006","03","29","12","9","",0,"8",0,"8","","","",7,"",0,"8",0,"8",8,"",350,"",2,"",0,"",10.3,"",.0,"8","U","",9.4,"",75,"",6.1,"",990.9,"",1004.0,"",1,.1,"",.0,"9",0,"9","01","4","1","","0","","","3","","","7","","",2,"",.0,"8",.0,"8","","8",0,"8","","",.0,"8",.0,"8",.0,"8",.0,"8",.0,"8",.0,"8",.0,"8",.0,"8",.0,"8",0,"8",0,"8",0,"8","","",0,"8",0,"8"
"352190360","P£OCK","2006","03","29","13","7","",0,"8",0,"8","","","",7,"",0,"8",0,"8",8,"",310,"",2,"",0,"",10.9,"",.0,"8","U","",9.1,"",70,"",5.6,"",990.9,"",1003.9,"",4,.0,"",.0,"8",0,"8","03","2","1","","5","","","0","","","7","","",0,"8",.0,"8",.0,"8","","8",0,"8","","",.0,"8",.0,"8",.0,"8",.0,"8",.0,"8",.0,"8",.0,"8",.0,"8",.0,"8",0,"8",0,"8",0,"8","","",0,"8",0,"8"
"352190360","P£OCK","2006","03","29","14","7","",0,"8",0,"8","","","",7,"",0,"8",0,"8",8,"",310,"",3,"",0,"",10.9,"",.0,"8","U","",9.4,"",72,"",6.0,"",991.3,"",1004.4,"",3,.4,"",.0,"8",0,"8","03","2","1","","5","","","3","","","7","","",0,"8",.0,"8",.0,"8","","8",0,"8","","",.0,"8",.0,"8",.0,"8",.0,"8",.0,"8",.0,"8",.0,"8",.0,"8",.0,"8",0,"8",0,"8",0,"8","","",0,"8",0,"8"
"352190360","P£OCK","2006","03","29","15","5","",0,"8",0,"8","","","",7,"",0,"8",0,"8",6,"",320,"",3,"",0,"",11.5,"",.0,"8","U","",9.9,"",73,"",6.8,"",991.9,"",1004.9,"",3,1.0,"",.0,"8",0,"8","03","2","1","","2","","","3","","","8","","",0,"8",.0,"8",.0,"8","","8",0,"8","","",.0,"8",.0,"8",.0,"8",.0,"8",.0,"8",.0,"8",.0,"8",.0,"8",.0,"8",0,"8",0,"8",0,"8","","",0,"8",0,"8"
"352190360","P£OCK","2006","03","29","16","9","",0,"8",0,"8","","","",7,"",0,"8",0,"8",7,"",320,"",2,"",0,"",11.5,"",.0,"8","U","",9.9,"",73,"",6.8,"",992.5,"",1005.5,"",3,1.6,"",.0,"8",0,"8","01","2","6","","0","","","5","","","8","","",0,"8",.0,"8",.0,"8","","8",0,"8","","",.0,"8",.0,"8",.0,"8",.0,"8",.0,"8",.0,"8",.0,"8",.0,"8",.0,"8",0,"8",0,"8",0,"8","","",0,"8",0,"8"
"352190360","P£OCK","2006","03","29","17","9","",0,"8",0,"8","","","",6,"",0,"8",0,"8",8,"",290,"",2,"",0,"",10.8,"",.0,"8","U","",9.6,"",74,"",6.3,"",992.9,"",1006.0,"",1,1.6,"",.0,"8",0,"8","10","2","1","","0","","","3","","","7","","",0,"8",.0,"8",.0,"8","","8",0,"8","","",.0,"8",.0,"8",.0,"8",.0,"8",.0,"8",.0,"8",.0,"8",.0,"8",.0,"8",0,"8",0,"8",0,"8","","",0,"8",0,"8"
"352190360","P£OCK","2006","03","29","18","9","",0,"8",0,"8","","","",6,"",0,"8",0,"8",8,"",290,"",4,"",0,"",9.4,"",.0,"8","U","",8.5,"",72,"",4.6,"",993.6,"",1006.8,"",2,1.7,"",.0,"9",0,"9","10","2","0","","0","","","0","","","7","","",2,"",.0,"8",.0,"8","","8",0,"8","","",.0,"8",.0,"8",.0,"8",.0,"8",.0,"8",.0,"8",.0,"8",.0,"8",.0,"8",0,"8",0,"8",0,"8","","",0,"8",0,"8"
"352190360","P£OCK","2006","03","29","19","6","",0,"8",0,"8","","","",7,"",0,"8",0,"8",5,"",300,"",3,"",0,"",8.0,"",.0,"8","U","",8.1,"",76,"",4.0,"",994.4,"",1007.6,"",3,1.9,"",.0,"8",0,"8","03","2","1","","5","","","3","","","8","","",0,"8",.0,"8",.0,"8","","8",0,"8","","",.0,"8",.0,"8",.0,"8",.0,"8",.0,"8",.0,"8",.0,"8",.0,"8",.0,"8",0,"8",0,"8",0,"8","","",0,"8",0,"8"
"352190360","P£OCK","2006","03","29","20","9","",0,"8",0,"8","","","",7,"",0,"8",0,"8",2,"",290,"",3,"",0,"",7.1,"",.0,"8","U","",8.1,"",80,"",3.9,"",994.6,"",1007.9,"",1,1.7,"",.0,"8",0,"8","01","1","0","","0","","","0","","","1","","",0,"8",.0,"8",.0,"8","","8",0,"8","","",.0,"8",.0,"8",.0,"8",.0,"8",.0,"8",.0,"8",.0,"8",.0,"8",.0,"8",0,"8",0,"8",0,"8","","",0,"8",0,"8"
"352190360","P£OCK","2006","03","29","21","9","",0,"8",0,"8","","","",7,"",0,"8",0,"8",1,"",280,"",3,"",0,"",7.1,"",.0,"8","U","",8.1,"",80,"",3.9,"",995.0,"",1008.3,"",2,1.4,"",.0,"8",0,"8","01","1","0","","0","","","0","","","1","","",0,"8",.0,"8",.0,"8","","8",0,"8","","",.0,"8",.0,"8",.0,"8",.0,"8",.0,"8",.0,"8",.0,"8",.0,"8",.0,"8",0,"8",0,"8",0,"8","","",0,"8",0,"8"
"352190360","P£OCK","2006","03","29","22","9","",0,"8",0,"8","","","",7,"",0,"8",0,"8",0,"",220,"",1,"",0,"",5.6,"",.0,"8","U","",7.5,"",83,"",2.9,"",995.2,"",1008.6,"",2,.8,"",.0,"8",0,"8","01","0","0","","0","","","0","","","0","","",0,"8",.0,"8",.0,"8","","8",0,"8","","",.0,"8",.0,"8",.0,"8",.0,"8",.0,"8",.0,"8",.0,"8",.0,"8",.0,"8",0,"8",0,"8",0,"8","","",0,"8",0,"8"
"352190360","P£OCK","2006","03","29","23","9","",0,"8",0,"8","","","",7,"",0,"8",0,"8",0,"",190,"",2,"",0,"",4.9,"",.0,"8","U","",7.5,"",87,"",2.9,"",995.5,"",1008.9,"",2,.9,"",.0,"8",0,"8","02","0","0","","0","","","0","","","0","","",0,"8",.0,"8",.0,"8","","8",0,"8","","",.0,"8",.0,"8",.0,"8",.0,"8",.0,"8",.0,"8",.0,"8",.0,"8",.0,"8",0,"8",0,"8",0,"8","","",0,"8",0,"8"
"352190360","P£OCK","2006","03","30","00","9","",0,"8",0,"8","","","",7,"",0,"8",0,"8",0,"",280,"",5,"",0,"",5.9,"",.0,"8","U","",7.4,"",80,"",2.7,"",996.0,"",1009.4,"",3,1.0,"",.0,"9",0,"9","02","1","0","","0","","","0","","","0","","",2,"",.0,"8",.0,"8","","8",0,"8","","",.0,"8",.0,"8",.0,"8",.0,"8",.0,"8",.0,"8",.0,"8",.0,"8",.0,"8",0,"8",0,"8",0,"8","","",0,"8",0,"8"
"352190360","P£OCK","2006","03","30","01","9","",0,"8",0,"8","","","",7,"",0,"8",0,"8",0,"",280,"",4,"",0,"",4.6,"",.0,"8","U","",7.2,"",85,"",2.3,"",996.6,"",1010.0,"",3,1.4,"",.0,"8",0,"8","02","0","0","","0","","","0","","","0","","",0,"8",.0,"8",.0,"8","","8",0,"8","","",.0,"8",.0,"8",.0,"8",.0,"8",.0,"8",.0,"8",.0,"8",.0,"8",.0,"8",0,"8",0,"8",0,"8","","",0,"8",0,"8"
"352190360","P£OCK","2006","03","30","02","9","",0,"8",0,"8","","","",6,"",0,"8",0,"8",0,"",280,"",4,"",0,"",4.0,"",.0,"8","U","",7.1,"",87,"",2.0,"",996.8,"",1010.3,"",2,1.3,"",.0,"8",0,"8","10","0","0","","0","","","0","","","0","","",0,"8",.0,"8",.0,"8","","8",0,"8","","",.0,"8",.0,"8",.0,"8",.0,"8",.0,"8",.0,"8",.0,"8",.0,"8",.0,"8",0,"8",0,"8",0,"8","","",0,"8",0,"8"
"352190360","P£OCK","2006","03","30","03","9","",0,"8",0,"8","","","",6,"",0,"8",0,"8",5,"",280,"",4,"",0,"",3.6,"",.0,"8","U","",7.1,"",90,"",2.1,"",997.2,"",1010.7,"",2,1.2,"",.0,"8",0,"8","10","1","5","","0","","","5","","","0","","",0,"8",.0,"8",.0,"8","","8",0,"8","","",.0,"8",.0,"8",.0,"8",.0,"8",.0,"8",.0,"8",.0,"8",.0,"8",.0,"8",0,"8",0,"8",0,"8","","",0,"8",0,"8"
"352190360","P£OCK","2006","03","30","04","9","",0,"8",0,"8","","","",6,"",0,"8",0,"8",2,"",280,"",3,"",0,"",3.0,"",.0,"8","U","",6.9,"",91,"",1.7,"",997.5,"",1011.0,"",2,.9,"",.0,"8",0,"8","10","1","2","","0","","","3","","","0","","",0,"8",.0,"8",.0,"8","","8",0,"8","","",.0,"8",.0,"8",.0,"8",.0,"8",.0,"8",.0,"8",.0,"8",.0,"8",.0,"8",0,"8",0,"8",0,"8","","",0,"8",0,"8"
"352190360","P£OCK","2006","03","30","05","6","",0,"8",0,"8","","","",7,"",0,"8",0,"8",2,"",280,"",3,"",0,"",3.2,"",.0,"8","U","",6.8,"",89,"",1.6,"",998.2,"",1011.7,"",2,1.4,"",.0,"8",0,"8","03","0","1","","5","","","3","","","0","","",0,"8",.0,"8",.0,"8","","8",0,"8","","",.0,"8",.0,"8",.0,"8",.0,"8",.0,"8",.0,"8",.0,"8",.0,"8",.0,"8",0,"8",0,"8",0,"8","","",0,"8",0,"8"
"352190360","P£OCK","2006","03","30","06","5","",0,"8",0,"8","","","",7,"",0,"8",0,"8",7,"",290,"",5,"",0,"",4.6,"",.0,"8","U","",7.1,"",84,"",2.1,"",998.6,"",1012.0,"",2,1.4,"",.0,"9",0,"9","03","1","7","","5","","","/","","","/","","",2,"",.0,"8",.0,"8","","8",0,"8","","",.0,"8",.0,"8",.0,"8",.0,"8",.0,"8",.0,"8",.0,"8",.0,"8",.0,"8",0,"8",0,"8",0,"8","","",0,"8",0,"8"
"352190360","P£OCK","2006","03","30","07","5","",0,"8",0,"8","","","",7,"",0,"8",0,"8",7,"",250,"",3,"",0,"",5.3,"",.0,"8","U","",7.4,"",83,"",2.6,"",998.8,"",1012.2,"",1,1.3,"",.0,"8",0,"8","02","2","7","","5","","","/","","","/","","",0,"8",.0,"8",.0,"8","","8",0,"8","","",.0,"8",.0,"8",.0,"8",.0,"8",.0,"8",.0,"8",.0,"8",.0,"8",.0,"8",0,"8",0,"8",0,"8","","",0,"8",0,"8"
"352190360","P£OCK","2006","03","30","08","6","",0,"8",0,"8","","","",7,"",0,"8",0,"8",7,"",270,"",3,"",0,"",6.1,"",.0,"8","U","",7.5,"",80,"",2.9,"",998.7,"",1012.1,"",0,.5,"",.0,"8",0,"8","02","2","7","","5","","","/","","","/","","",0,"8",.0,"8",.0,"8","","8",0,"8","","",.0,"8",.0,"8",.0,"8",.0,"8",.0,"8",.0,"8",.0,"8",.0,"8",.0,"8",0,"8",0,"8",0,"8","","",0,"8",0,"8"
"352190360","P£OCK","2006","03","30","09","6","",0,"8",0,"8","","","",7,"",0,"8",0,"8",5,"",260,"",3,"",0,"",7.2,"",.0,"8","U","",7.7,"",76,"",3.2,"",998.6,"",1011.9,"",0,.0,"",.0,"8",0,"8","01","2","5","","5","","","0","","","0","","",0,"8",.0,"8",.0,"8","","8",0,"8","","",.0,"8",.0,"8",.0,"8",.0,"8",.0,"8",.0,"8",.0,"8",.0,"8",.0,"8",0,"8",0,"8",0,"8","","",0,"8",0,"8"
"352190360","P£OCK","2006","03","30","10","6","",0,"8",0,"8","","","",8,"",0,"8",0,"8",5,"",210,"",4,"",0,"",8.6,"",.0,"8","U","",7.3,"",65,"",2.4,"",997.8,"",1011.0,"",8,-1.0,"",.0,"8",0,"8","02","2","5","","5","","","0","","","0","","",0,"8",.0,"8",.0,"8","","8",0,"8","","",.0,"8",.0,"8",.0,"8",.0,"8",.0,"8",.0,"8",.0,"8",.0,"8",.0,"8",0,"8",0,"8",0,"8","","",0,"8",0,"8"
"352190360","P£OCK","2006","03","30","11","5","",0,"8",0,"8","","","",8,"",0,"8",0,"8",5,"",240,"",4,"",0,"",9.3,"",.0,"8","U","",7.3,"",62,"",2.4,"",997.5,"",1010.7,"",7,-1.2,"",.0,"8",0,"8","02","2","5","","5","","","0","","","0","","",0,"8",.0,"8",.0,"8","","8",0,"8","","",.0,"8",.0,"8",.0,"8",.0,"8",.0,"8",.0,"8",.0,"8",.0,"8",.0,"8",0,"8",0,"8",0,"8","","",0,"8",0,"8"
"352190360","P£OCK","2006","03","30","12","6","",0,"8",0,"8","","","",8,"",0,"8",0,"8",4,"",240,"",4,"",0,"",10.1,"",.0,"8","U","",6.8,"",55,"",1.5,"",996.8,"",1010.0,"",7,-1.8,"",.0,"9",0,"9","03","1","4","","2","","","0","","","0","","",2,"",.0,"8",.0,"8","","8",0,"8","","",.0,"8",.0,"8",.0,"8",.0,"8",.0,"8",.0,"8",.0,"8",.0,"8",.0,"8",0,"8",0,"8",0,"8","","",0,"8",0,"8"
"352190360","P£OCK","2006","03","30","13","6","",0,"8",0,"8","","","",8,"",0,"8",0,"8",4,"",220,"",5,"",0,"",10.4,"",.0,"8","U","",6.5,"",52,"",1.0,"",996.1,"",1009.2,"",8,-1.7,"",.0,"8",0,"8","01","0","3","","1","","","0","","","1","","",0,"8",.0,"8",.0,"8","","8",0,"8","","",.0,"8",.0,"8",.0,"8",.0,"8",.0,"8",.0,"8",.0,"8",.0,"8",.0,"8",0,"8",0,"8",0,"8","","",0,"8",0,"8"
"352190360","P£OCK","2006","03","30","14","6","",0,"8",0,"8","","","",8,"",0,"8",0,"8",5,"",220,"",5,"",0,"",11.1,"",.0,"8","U","",6.9,"",52,"",1.6,"",995.3,"",1008.4,"",7,-2.2,"",.0,"8",0,"8","01","1","1","","1","","","0","","","6","","",0,"8",.0,"8",.0,"8","","8",0,"8","","",.0,"8",.0,"8",.0,"8",.0,"8",.0,"8",.0,"8",.0,"8",.0,"8",.0,"8",0,"8",0,"8",0,"8","","",0,"8",0,"8"
"352190360","P£OCK","2006","03","30","15","9","",0,"8",0,"8","","","",8,"",0,"8",0,"8",7,"",220,"",5,"",0,"",11.2,"",.0,"8","U","",6.5,"",49,"",.9,"",994.8,"",1007.9,"",7,-2.0,"",.0,"8",0,"8","01","1","0","","0","","","0","","","6","","",0,"8",.0,"8",.0,"8","","8",0,"8","","",.0,"8",.0,"8",.0,"8",.0,"8",.0,"8",.0,"8",.0,"8",.0,"8",.0,"8",0,"8",0,"8",0,"8","","",0,"8",0,"8"
"352190360","P£OCK","2006","03","30","16","9","",0,"8",0,"8","","","",8,"",0,"8",0,"8",8,"",210,"",3,"",0,"",10.5,"",.0,"8","U","",7.0,"",55,"",1.8,"",994.4,"",1007.5,"",6,-1.7,"",.0,"8",0,"8","03","2","1","","0","","","3","","","7","","",0,"8",.0,"8",.0,"8","","8",0,"8","","",.0,"8",.0,"8",.0,"8",.0,"8",.0,"8",.0,"8",.0,"8",.0,"8",.0,"8",0,"8",0,"8",0,"8","","",0,"8",0,"8"
"352190360","P£OCK","2006","03","30","17","7","",0,"8",0,"8","","","",7,"",0,"8",0,"8",8,"",170,"",2,"",0,"",10.1,"",.0,"8","U","",6.9,"",56,"",1.7,"",994.0,"",1007.1,"",7,-1.3,"",.0,"8",0,"8","03","2","4","","5","","","0","","","7","","",0,"8",.0,"8",.0,"8","","8",0,"8","","",.0,"8",.0,"8",.0,"8",.0,"8",.0,"8",.0,"8",.0,"8",.0,"8",.0,"8",0,"8",0,"8",0,"8","","",0,"8",0,"8"
"352190360","P£OCK","2006","03","30","18","9","",0,"8",0,"8","","","",7,"",0,"8",0,"8",8,"",150,"",2,"",0,"",9.4,"",.0,"8","U","",7.3,"",62,"",2.5,"",993.6,"",1006.8,"",7,-1.2,"",.0,"9",0,"9","01","1","5","","0","","","5","","","7","","",2,"",.0,"8",.0,"8","","8",0,"8","","",.0,"8",.0,"8",.0,"8",.0,"8",.0,"8",.0,"8",.0,"8",.0,"8",.0,"8",0,"8",0,"8",0,"8","","",0,"8",0,"8"
"352190360","P£OCK","2006","03","30","19","9","",0,"8",0,"8","","","",7,"",0,"8",0,"8",8,"",160,"",3,"",0,"",8.9,"",.0,"8","U","",7.7,"",68,"",3.3,"",993.1,"",1006.3,"",7,-1.3,"",.0,"8",0,"8","03","2","7","","0","","","5","","","/","","",0,"8",.0,"8",.0,"8","","8",0,"8","","",.0,"8",.0,"8",.0,"8",.0,"8",.0,"8",.0,"8",.0,"8",.0,"8",.0,"8",0,"8",0,"8",0,"8","","",0,"8",0,"8"
"352190360","P£OCK","2006","03","30","20","7","",0,"8",0,"8","","","",7,"",0,"8",0,"8",8,"",170,"",3,"",0,"",8.6,"",.0,"8","U","",7.7,"",69,"",3.2,"",992.6,"",1005.8,"",7,-1.4,"",.0,"8",0,"8","61","2","8","","5","","","/","","","/","","",0,"8",.0,"8",.0,"8","","8",0,"8","","",.0,"8",.0,"8",.0,"8",.0,"8",.0,"8",.0,"8",.0,"8",.0,"8",.0,"8",0,"8",0,"8",0,"8","","",0,"8",0,"8"
"352190360","P£OCK","2006","03","30","21","7","",0,"8",0,"8","","","",7,"",0,"8",0,"8",8,"",170,"",3,"",0,"",8.6,"",.0,"8","U","",7.9,"",71,"",3.6,"",992.1,"",1005.3,"",7,-1.5,"",.0,"8",0,"8","60","2","8","","5","","","/","","","/","","",0,"8",.0,"8",.0,"8","","8",0,"8","","",.0,"8",.0,"8",.0,"8",.0,"8",.0,"8",.0,"8",.0,"8",.0,"8",.0,"8",0,"8",0,"8",0,"8","","",0,"8",0,"8"
"352190360","P£OCK","2006","03","30","22","5","",0,"8",0,"8","","","",7,"",0,"8",0,"8",8,"",200,"",4,"",0,"",8.9,"",.0,"8","U","",8.2,"",72,"",4.1,"",991.3,"",1004.4,"",8,-1.8,"",.0,"8",0,"8","80","6","7","","9","","","/","","","/","","",0,"8",.0,"8",.0,"8","","8",0,"8","","",.0,"8",.0,"8",.0,"8",.0,"8",.0,"8",.0,"8",.0,"8",.0,"8",.0,"8",0,"8",0,"8",0,"8","","",0,"8",0,"8"
"352190360","P£OCK","2006","03","30","23","5","",0,"8",0,"8","","","",7,"",0,"8",0,"8",8,"",210,"",4,"",0,"",8.2,"",.0,"8","U","",9.1,"",84,"",5.7,"",991.2,"",1004.4,"",6,-1.4,"",.0,"8",0,"8","25","2","8","","5","","","/","","","/","","",0,"8",.0,"8",.0,"8","","8",0,"8","","",.0,"8",.0,"8",.0,"8",.0,"8",.0,"8",.0,"8",.0,"8",.0,"8",.0,"8",0,"8",0,"8",0,"8","","",0,"8",0,"8"
"352190360","P£OCK","2006","03","31","00","5","",0,"8",0,"8","","","",7,"",0,"8",0,"8",8,"",200,"",4,"",0,"",8.1,"",.0,"8","U","",9.3,"",86,"",5.9,"",990.6,"",1003.8,"",7,-1.5,"",.1,"",6,"","80","6","7","","9","","","/","","","/","","",2,"",.0,"8",.0,"8","","8",0,"8","","",.0,"8",.0,"8",.0,"8",.0,"8",.0,"8",.0,"8",.0,"8",.0,"8",.0,"8",0,"8",0,"8",0,"8","","",0,"8",0,"8"
"352190360","P£OCK","2006","03","31","01","6","",0,"8",0,"8","","","",7,"",0,"8",0,"8",5,"",200,"",3,"",0,"",8.1,"",.0,"8","U","",9.1,"",84,"",5.6,"",990.2,"",1003.4,"",7,-1.1,"",.0,"8",0,"8","25","2","5","","5","","","0","","","0","","",0,"8",.0,"8",.0,"8","","8",0,"8","","",.0,"8",.0,"8",.0,"8",.0,"8",.0,"8",.0,"8",.0,"8",.0,"8",.0,"8",0,"8",0,"8",0,"8","","",0,"8",0,"8"
"352190360","P£OCK","2006","03","31","02","6","",0,"8",0,"8","","","",7,"",0,"8",0,"8",7,"",210,"",3,"",0,"",7.6,"",.0,"8","U","",8.9,"",85,"",5.2,"",989.7,"",1002.9,"",7,-1.5,"",.0,"8",0,"8","01","2","3","","5","","","5","","","/","","",0,"8",.0,"8",.0,"8","","8",0,"8","","",.0,"8",.0,"8",.0,"8",.0,"8",.0,"8",.0,"8",.0,"8",.0,"8",.0,"8",0,"8",0,"8",0,"8","","",0,"8",0,"8"
"352190360","P£OCK","2006","03","31","03","7","",0,"8",0,"8","","","",7,"",0,"8",0,"8",8,"",190,"",2,"",0,"",7.9,"",.0,"8","U","",8.9,"",84,"",5.4,"",989.7,"",1002.9,"",6,-.9,"",.0,"8",0,"8","03","8","7","","5","","","/","","","/","","",0,"8",.0,"8",.0,"8","","8",0,"8","","",.0,"8",.0,"8",.0,"8",.0,"8",.0,"8",.0,"8",.0,"8",.0,"8",.0,"8",0,"8",0,"8",0,"8","","",0,"8",0,"8"
"352190360","P£OCK","2006","03","31","04","6","",0,"8",0,"8","","","",7,"",0,"8",0,"8",8,"",170,"",2,"",0,"",7.7,"",.0,"8","U","",8.8,"",84,"",5.2,"",989.4,"",1002.6,"",7,-.8,"",.0,"8",0,"8","25","2","7","","5","","","/","","","/","","",0,"8",.0,"8",.0,"8","","8",0,"8","","",.0,"8",.0,"8",.0,"8",.0,"8",.0,"8",.0,"8",.0,"8",.0,"8",.0,"8",0,"8",0,"8",0,"8","","",0,"8",0,"8"
"352190360","P£OCK","2006","03","31","05","6","",0,"8",0,"8","","","",7,"",0,"8",0,"8",8,"",180,"",2,"",0,"",7.7,"",.0,"8","U","",8.9,"",85,"",5.3,"",989.3,"",1002.5,"",8,-.4,"",.0,"8",0,"8","01","2","3","","5","","","3","","","/","","",0,"8",.0,"8",.0,"8","","8",0,"8","","",.0,"8",.0,"8",.0,"8",.0,"8",.0,"8",.0,"8",.0,"8",.0,"8",.0,"8",0,"8",0,"8",0,"8","","",0,"8",0,"8"
"352190360","P£OCK","2006","03","31","06","9","",0,"8",0,"8","","","",7,"",0,"8",0,"8",7,"",160,"",2,"",0,"",8.2,"",.0,"8","U","",9.1,"",84,"",5.7,"",988.8,"",1001.9,"",7,-.9,"",.0,"",6,"","01","8","5","","0","","","3","","","8","","",2,"",.0,"8",.0,"8","","8",0,"8","","",.0,"8",.0,"8",.0,"8",.0,"8",.0,"8",.0,"8",.0,"8",.0,"8",.0,"8",0,"8",0,"8",0,"8","","",0,"8",0,"8"
"352190360","P£OCK","2006","03","31","07","9","",0,"8",0,"8","","","",7,"",0,"8",0,"8",7,"",180,"",3,"",0,"",9.0,"",.0,"8","U","",9.4,"",82,"",6.1,"",988.6,"",1001.7,"",7,-.8,"",.0,"8",0,"8","03","2","7","","0","","","5","","","/","","",0,"8",.0,"8",.0,"8","","8",0,"8","","",.0,"8",.0,"8",.0,"8",.0,"8",.0,"8",.0,"8",.0,"8",.0,"8",.0,"8",0,"8",0,"8",0,"8","","",0,"8",0,"8"
"352190360","P£OCK","2006","03","31","08","4","",0,"8",0,"8","","","",7,"",0,"8",0,"8",8,"",210,"",4,"",0,"",9.9,"",.0,"8","U","",9.9,"",81,"",6.8,"",988.6,"",1001.7,"",6,-.7,"",.0,"8",0,"8","80","2","6","","9","","","3","","","/","","",0,"8",.0,"8",.0,"8","","8",0,"8","","",.0,"8",.0,"8",.0,"8",.0,"8",.0,"8",.0,"8",.0,"8",.0,"8",.0,"8",0,"8",0,"8",0,"8","","",0,"8",0,"8"
"352190360","P£OCK","2006","03","31","09","4","",0,"8",0,"8","","","",7,"",0,"8",0,"8",8,"",210,"",4,"",0,"",10.2,"",.0,"8","U","",10.3,"",83,"",7.4,"",988.7,"",1001.7,"",5,-.1,"",.0,"8",0,"8","80","2","8","","9","","","/","","","/","","",0,"8",.0,"8",.0,"8","","8",0,"8","","",.0,"8",.0,"8",.0,"8",.0,"8",.0,"8",.0,"8",.0,"8",.0,"8",.0,"8",0,"8",0,"8",0,"8","","",0,"8",0,"8"
"352190360","P£OCK","2006","03","31","10","4","",0,"8",0,"8","","","",6,"",0,"8",0,"8",8,"",210,"",4,"",0,"",10.3,"",.0,"8","U","",11.1,"",89,"",8.6,"",988.7,"",1001.7,"",1,.1,"",.0,"8",0,"8","25","8","6","","9","","","3","","","/","","",0,"8",.0,"8",.0,"8","","8",0,"8","","",.0,"8",.0,"8",.0,"8",.0,"8",.0,"8",.0,"8",.0,"8",.0,"8",.0,"8",0,"8",0,"8",0,"8","","",0,"8",0,"8"
"352190360","P£OCK","2006","03","31","11","4","",0,"8",0,"8","","","",6,"",0,"8",0,"8",8,"",220,"",4,"",0,"",9.9,"",.0,"8","U","",11.0,"",90,"",8.3,"",988.8,"",1001.9,"",2,.2,"",.0,"8",0,"8","81","2","8","","9","","","/","","","/","","",0,"8",.0,"8",.0,"8","","8",0,"8","","",.0,"8",.0,"8",.0,"8",.0,"8",.0,"8",.0,"8",.0,"8",.0,"8",.0,"8",0,"8",0,"8",0,"8","","",0,"8",0,"8"
"352190360","P£OCK","2006","03","31","12","3","",0,"8",0,"8","","","",6,"",0,"8",0,"8",8,"",220,"",4,"",0,"",10.3,"",.0,"8","U","",11.5,"",92,"",9.1,"",989.0,"",1002.0,"",3,.3,"",1.7,"",6,"","25","8","6","","9","","","3","","","/","","",2,"",.0,"8",.0,"8","","8",0,"8","","",.0,"8",.0,"8",.0,"8",.0,"8",.0,"8",.0,"8",.0,"8",.0,"8",.0,"8",0,"8",0,"8",0,"8","","",0,"8",0,"8"
"352190360","P£OCK","2006","03","31","13","3","",0,"8",0,"8","","","",6,"",0,"8",0,"8",8,"",210,"",4,"",0,"",10.5,"",.0,"8","U","",11.7,"",92,"",9.3,"",988.9,"",1001.9,"",0,.2,"",.0,"8",0,"8","80","8","8","","9","","","/","","","/","","",0,"8",.0,"8",.0,"8","","8",0,"8","","",.0,"8",.0,"8",.0,"8",.0,"8",.0,"8",.0,"8",.0,"8",.0,"8",.0,"8",0,"8",0,"8",0,"8","","",0,"8",0,"8"
"352190360","P£OCK","2006","03","31","14","4","",0,"8",0,"8","","","",6,"",0,"8",0,"8",7,"",210,"",4,"",0,"",11.4,"",.0,"8","U","",12.0,"",89,"",9.6,"",988.6,"",1001.6,"",8,-.2,"",.0,"8",0,"8","10","2","5","","3","","","3","","","/","","",0,"8",.0,"8",.0,"8","","8",0,"8","","",.0,"8",.0,"8",.0,"8",.0,"8",.0,"8",.0,"8",.0,"8",.0,"8",.0,"8",0,"8",0,"8",0,"8","","",0,"8",0,"8"
"352190360","P£OCK","2006","03","31","15","4","",0,"8",0,"8","","","",6,"",0,"8",0,"8",7,"",210,"",4,"",0,"",11.4,"",.0,"8","U","",11.8,"",88,"",9.5,"",988.6,"",1001.6,"",6,-.4,"",.0,"8",0,"8","25","2","6","","9","","","3","","","/","","",0,"8",.0,"8",.0,"8","","8",0,"8","","",.0,"8",.0,"8",.0,"8",.0,"8",.0,"8",.0,"8",.0,"8",.0,"8",.0,"8",0,"8",0,"8",0,"8","","",0,"8",0,"8"
"352190360","P£OCK","2006","03","31","16","7","",0,"8",0,"8","","","",8,"",0,"8",0,"8",7,"",230,"",5,"",0,"",11.1,"",.0,"8","U","",10.7,"",81,"",8.0,"",988.7,"",1001.7,"",5,-.2,"",.0,"8",0,"8","01","2","7","","5","","","/","","","/","","",0,"8",.0,"8",.0,"8","","8",0,"8","","",.0,"8",.0,"8",.0,"8",.0,"8",.0,"8",.0,"8",.0,"8",.0,"8",.0,"8",0,"8",0,"8",0,"8","","",0,"8",0,"8"
"352190360","P£OCK","2006","03","31","17","7","",0,"8",0,"8","","","",8,"",0,"8",0,"8",6,"",210,"",4,"",0,"",9.8,"",.0,"8","U","",10.5,"",87,"",7.7,"",989.1,"",1002.2,"",3,.5,"",.0,"8",0,"8","01","2","5","","5","","","3","","","0","","",0,"8",.0,"8",.0,"8","","8",0,"8","","",.0,"8",.0,"8",.0,"8",.0,"8",.0,"8",.0,"8",.0,"8",.0,"8",.0,"8",0,"8",0,"8",0,"8","","",0,"8",0,"8"
"352190360","P£OCK","2006","03","31","18","5","",0,"8",0,"8","","","",7,"",0,"8",0,"8",7,"",220,"",4,"",0,"",9.6,"",.0,"8","U","",10.6,"",89,"",7.9,"",989.8,"",1002.9,"",3,1.2,"",.6,"",6,"","03","8","7","","5","","","/","","","/","","",2,"",.0,"8",.0,"8","","8",0,"8","","",.0,"8",.0,"8",.0,"8",.0,"8",.0,"8",.0,"8",.0,"8",.0,"8",.0,"8",0,"8",0,"8",0,"8","","",0,"8",0,"8"
"352190360","P£OCK","2006","03","31","19","5","",0,"8",0,"8","","","",7,"",0,"8",0,"8",7,"",230,"",5,"",0,"",10.1,"",.0,"8","U","",10.6,"",86,"",7.9,"",990.5,"",1003.6,"",3,1.8,"",.0,"8",0,"8","02","2","7","","5","","","/","","","/","","",0,"8",.0,"8",.0,"8","","8",0,"8","","",.0,"8",.0,"8",.0,"8",.0,"8",.0,"8",.0,"8",.0,"8",.0,"8",.0,"8",0,"8",0,"8",0,"8","","",0,"8",0,"8"
"352190360","P£OCK","2006","03","31","20","5","",0,"8",0,"8","","","",7,"",0,"8",0,"8",8,"",230,"",5,"",0,"",9.5,"",.0,"8","U","",10.6,"",89,"",7.8,"",990.9,"",1004.0,"",1,1.8,"",.0,"8",0,"8","25","2","8","","9","","","/","","","/","","",0,"8",.0,"8",.0,"8","","8",0,"8","","",.0,"8",.0,"8",.0,"8",.0,"8",.0,"8",.0,"8",.0,"8",.0,"8",.0,"8",0,"8",0,"8",0,"8","","",0,"8",0,"8"
"352190360","P£OCK","2006","03","31","21","5","",0,"8",0,"8","","","",7,"",0,"8",0,"8",8,"",230,"",5,"",0,"",9.4,"",.0,"8","U","",10.2,"",87,"",7.3,"",991.2,"",1004.3,"",1,1.4,"",.0,"8",0,"8","80","2","8","","9","","","/","","","/","","",0,"8",.0,"8",.0,"8","","8",0,"8","","",.0,"8",.0,"8",.0,"8",.0,"8",.0,"8",.0,"8",.0,"8",.0,"8",.0,"8",0,"8",0,"8",0,"8","","",0,"8",0,"8"
"352190360","P£OCK","2006","03","31","22","6","",0,"8",0,"8","","","",7,"",0,"8",0,"8",8,"",230,"",6,"",0,"",9.5,"",.0,"8","U","",10.3,"",87,"",7.4,"",991.4,"",1004.5,"",1,.9,"",.0,"8",0,"8","25","2","6","","5","","","3","","","/","","",0,"8",.0,"8",.0,"8","","8",0,"8","","",.0,"8",.0,"8",.0,"8",.0,"8",.0,"8",.0,"8",.0,"8",.0,"8",.0,"8",0,"8",0,"8",0,"8","","",0,"8",0,"8"
"352190360","P£OCK","2006","03","31","23","4","",0,"8",0,"8","","","",7,"",0,"8",0,"8",8,"",230,"",6,"",0,"",9.3,"",.0,"8","U","",10.3,"",88,"",7.4,"",991.6,"",1004.7,"",2,.7,"",.0,"8",0,"8","03","2","8","","5","","","/","","","/","","",0,"8",.0,"8",.0,"8","","8",0,"8","","",.0,"8",.0,"8",.0,"8",.0,"8",.0,"8",.0,"8",.0,"8",.0,"8",.0,"8",0,"8",0,"8",0,"8","","",0,"8",0,"8"
"352190360","P£OCK","2006","04","01","00","4","",0,"8",0,"8","","","",7,"",0,"8",0,"8",8,"",230,"",6,"",0,"",9.4,"",.0,"8","U","",10.4,"",88,"",7.5,"",991.8,"",1004.9,"",2,.6,"",.1,"",6,"","80","2","8","","9","","","/","","","/","","",2,"",.0,"8",.0,"8","","8",0,"8","","",.0,"8",.0,"8",.0,"8",.0,"8",.0,"8",.0,"8",.0,"8",.0,"8",.0,"8",0,"8",0,"8",0,"8","","",0,"8",0,"8"
"352190360","P£OCK","2006","04","01","01","4","",0,"8",0,"8","","","",7,"",0,"8",0,"8",8,"",250,"",7,"",0,"",9.9,"",.0,"8","U","",10.5,"",86,"",7.7,"",992.2,"",1005.3,"",3,.8,"",.0,"8",0,"8","25","8","8","","9","","","/","","","/","","",0,"8",.0,"8",.0,"8","","8",0,"8","","",.0,"8",.0,"8",.0,"8",.0,"8",.0,"8",.0,"8",.0,"8",.0,"8",.0,"8",0,"8",0,"8",0,"8","","",0,"8",0,"8"
"352190360","P£OCK","2006","04","01","02","5","",0,"8",0,"8","","","",7,"",0,"8",0,"8",8,"",280,"",7,"",0,"",9.3,"",.0,"8","U","",9.8,"",84,"",6.7,"",992.8,"",1005.9,"",3,1.2,"",.0,"8",0,"8","25","8","8","","9","","","/","","","/","","",0,"8",.0,"8",.0,"8","","8",0,"8","","",.0,"8",.0,"8",.0,"8",.0,"8",.0,"8",.0,"8",.0,"8",.0,"8",.0,"8",0,"8",0,"8",0,"8","","",0,"8",0,"8"
"352190360","P£OCK","2006","04","01","03","5","",0,"8",0,"8","","","",7,"",0,"8",0,"8",8,"",290,"",7,"",0,"",8.1,"",.0,"8","U","",8.5,"",79,"",4.7,"",993.6,"",1006.8,"",3,1.8,"",.0,"8",0,"8","01","8","8","","5","","","/","","","/","","",0,"8",.0,"8",.0,"8","","8",0,"8","","",.0,"8",.0,"8",.0,"8",.0,"8",.0,"8",.0,"8",.0,"8",.0,"8",.0,"8",0,"8",0,"8",0,"8","","",0,"8",0,"8"
"352190360","P£OCK","2006","04","01","04","5","",0,"8",0,"8","","","",8,"",0,"8",0,"8",7,"",280,"",6,"",11,"",7.1,"",.0,"8","U","",7.8,"",77,"",3.3,"",994.3,"",1007.6,"",2,2.1,"",.0,"8",0,"8","01","2","6","","5","","","3","","","/","","",0,"8",.0,"8",.0,"8","","8",0,"8","","",.0,"8",.0,"8",.0,"8",.0,"8",.0,"8",.0,"8",.0,"8",.0,"8",.0,"8",0,"8",0,"8",0,"8","","",0,"8",0,"8"
"352190360","P£OCK","2006","04","01","05","4","",0,"8",0,"8","","","",8,"",0,"8",0,"8",7,"",280,"",6,"",0,"",6.8,"",.0,"8","U","",7.7,"",78,"",3.2,"",994.9,"",1008.2,"",1,2.1,"",.0,"8",0,"8","03","2","7","","5","","","/","","","/","","",0,"8",.0,"8",.0,"8","","8",0,"8","","",.0,"8",.0,"8",.0,"8",.0,"8",.0,"8",.0,"8",.0,"8",.0,"8",.0,"8",0,"8",0,"8",0,"8","","",0,"8",0,"8"
"352190360","P£OCK","2006","04","01","06","5","",0,"8",0,"8","","","",8,"",0,"8",0,"8",8,"",280,"",5,"",0,"",6.9,"",.0,"8","U","",8.1,"",81,"",3.9,"",995.7,"",1009.0,"",2,2.1,"",.5,"",6,"","01","8","6","","5","","","3","","","/","","",2,"",.0,"8",.0,"8","","8",0,"8","","",.0,"8",.0,"8",.0,"8",.0,"8",.0,"8",.0,"8",.0,"8",.0,"8",.0,"8",0,"8",0,"8",0,"8","","",0,"8",0,"8"
"352190360","P£OCK","2006","04","01","07","5","",0,"8",0,"8","","","",8,"",0,"8",0,"8",8,"",280,"",6,"",0,"",7.1,"",.0,"8","U","",7.9,"",78,"",3.5,"",996.3,"",1009.6,"",2,2.0,"",.0,"8",0,"8","02","2","6","","5","","","3","","","/","","",0,"8",.0,"8",.0,"8","","8",0,"8","","",.0,"8",.0,"8",.0,"8",.0,"8",.0,"8",.0,"8",.0,"8",.0,"8",.0,"8",0,"8",0,"8",0,"8","","",0,"8",0,"8"
"352190360","P£OCK","2006","04","01","08","5","",0,"8",0,"8","","","",8,"",0,"8",0,"8",8,"",290,"",6,"",0,"",7.4,"",.0,"8","U","",8.0,"",78,"",3.8,"",997.0,"",1010.3,"",2,2.1,"",.0,"8",0,"8","03","2","8","","5","","","/","","","/","","",0,"8",.0,"8",.0,"8","","8",0,"8","","",.0,"8",.0,"8",.0,"8",.0,"8",.0,"8",.0,"8",.0,"8",.0,"8",.0,"8",0,"8",0,"8",0,"8","","",0,"8",0,"8"
"352190360","P£OCK","2006","04","01","09","4","",0,"8",0,"8","","","",7,"",0,"8",0,"8",7,"",280,"",4,"",0,"",8.0,"",.0,"8","U","",8.3,"",77,"",4.2,"",997.5,"",1010.8,"",2,1.8,"",.0,"8",0,"8","03","2","7","","5","","","/","","","/","","",0,"8",.0,"8",.0,"8","","8",0,"8","","",.0,"8",.0,"8",.0,"8",.0,"8",.0,"8",.0,"8",.0,"8",.0,"8",.0,"8",0,"8",0,"8",0,"8","","",0,"8",0,"8"
"352190360","P£OCK","2006","04","01","10","5","",0,"8",0,"8","","","",7,"",0,"8",0,"8",7,"",280,"",6,"",0,"",8.6,"",.0,"8","U","",8.1,"",73,"",4.0,"",997.8,"",1011.0,"",1,1.5,"",.0,"8",0,"8","03","2","7","","8","","","/","","","/","","",0,"8",.0,"8",.0,"8","","8",0,"8","","",.0,"8",.0,"8",.0,"8",.0,"8",.0,"8",.0,"8",.0,"8",.0,"8",.0,"8",0,"8",0,"8",0,"8","","",0,"8",0,"8"
"352190360","P£OCK","2006","04","01","11","5","",0,"8",0,"8","","","",8,"",0,"8",0,"8",6,"",280,"",6,"",0,"",9.9,"",.0,"8","U","",8.0,"",66,"",3.8,"",998.1,"",1011.3,"",1,1.1,"",.0,"8",0,"8","03","2","6","","8","","","0","","","0","","",0,"8",.0,"8",.0,"8","","8",0,"8","","",.0,"8",.0,"8",.0,"8",.0,"8",.0,"8",.0,"8",.0,"8",.0,"8",.0,"8",0,"8",0,"8",0,"8","","",0,"8",0,"8"
"352190360","P£OCK","2006","04","01","12","6","",0,"8",0,"8","","","",8,"",0,"8",0,"8",3,"",280,"",6,"",0,"",11.4,"",.0,"8","U","",8.1,"",60,"",3.9,"",997.8,"",1010.9,"",0,.3,"",.0,"9",0,"9","03","1","3","","2","","","0","","","0","","",2,"",.0,"8",.0,"8","","8",0,"8","","",.0,"8",.0,"8",.0,"8",.0,"8",.0,"8",.0,"8",.0,"8",.0,"8",.0,"8",0,"8",0,"8",0,"8","","",0,"8",0,"8"
"352190360","P£OCK","2006","04","01","13","6","",0,"8",0,"8","","","",8,"",0,"8",0,"8",5,"",280,"",6,"",0,"",11.9,"",.0,"8","U","",8.1,"",58,"",3.9,"",997.7,"",1010.8,"",8,-.1,"",.0,"8",0,"8","03","1","5","","8","","","0","","","0","","",0,"8",.0,"8",.0,"8","","8",0,"8","","",.0,"8",.0,"8",.0,"8",.0,"8",.0,"8",.0,"8",.0,"8",.0,"8",.0,"8",0,"8",0,"8",0,"8","","",0,"8",0,"8"
"352190360","P£OCK","2006","04","01","14","6","",0,"8",0,"8","","","",7,"",0,"8",0,"8",5,"",280,"",4,"",0,"",12.3,"",.0,"8","U","",8.4,"",59,"",4.5,"",997.4,"",1010.5,"",7,-.7,"",.0,"8",0,"8","01","2","3","","8","","","3","","","0","","",0,"8",.0,"8",.0,"8","","8",0,"8","","",.0,"8",.0,"8",.0,"8",.0,"8",.0,"8",.0,"8",.0,"8",.0,"8",.0,"8",0,"8",0,"8",0,"8","","",0,"8",0,"8"
"352190360","P£OCK","2006","04","01","15","6","",0,"8",0,"8","","","",8,"",0,"8",0,"8",4,"",260,"",3,"",0,"",13.0,"",.0,"8","U","",8.8,"",59,"",5.2,"",997.1,"",1010.1,"",8,-.7,"",.0,"8",0,"8","01","1","1","","2","","","3","","","0","","",0,"8",.0,"8",.0,"8","","8",0,"8","","",.0,"8",.0,"8",.0,"8",.0,"8",.0,"8",.0,"8",.0,"8",.0,"8",.0,"8",0,"8",0,"8",0,"8","","",0,"8",0,"8"
"352190360","P£OCK","2006","04","01","16","5","",0,"8",0,"8","","","",7,"",0,"8",0,"8",7,"",220,"",5,"",0,"",12.0,"",.0,"8","U","",9.4,"",67,"",6.1,"",997.3,"",1010.4,"",5,-.4,"",.0,"8",0,"8","03","1","6","","9","","","3","","","/","","",0,"8",.0,"8",.0,"8","","8",0,"8","","",.0,"8",.0,"8",.0,"8",.0,"8",.0,"8",.0,"8",.0,"8",.0,"8",.0,"8",0,"8",0,"8",0,"8","","",0,"8",0,"8"
"352190360","P£OCK","2006","04","01","17","5","",0,"8",0,"8","","","",7,"",0,"8",0,"8",7,"",50,"",1,"",0,"",11.4,"",.0,"8","U","",9.6,"",71,"",6.3,"",997.3,"",1010.4,"",6,-.1,"",.0,"8",0,"8","80","2","4","","9","","","3","","","/","","",0,"8",.0,"8",.0,"8","","8",0,"8","","",.0,"8",.0,"8",.0,"8",.0,"8",.0,"8",.0,"8",.0,"8",.0,"8",.0,"8",0,"8",0,"8",0,"8","","",0,"8",0,"8"
"352190360","P£OCK","2006","04","01","18","5","",0,"8",0,"8","","","",7,"",0,"8",0,"8",7,"",160,"",2,"",0,"",10.4,"",.0,"8","U","",9.3,"",74,"",6.0,"",997.5,"",1010.7,"",2,.4,"",.0,"",6,"","01","8","3","","5","","","3","","","/","","",2,"",.0,"8",.0,"8","","8",0,"8","","",.0,"8",.0,"8",.0,"8",.0,"8",.0,"8",.0,"8",.0,"8",.0,"8",.0,"8",0,"8",0,"8",0,"8","","",0,"8",0,"8"
"352190360","P£OCK","2006","04","01","19","6","",0,"8",0,"8","","","",7,"",0,"8",0,"8",6,"",130,"",2,"",0,"",9.4,"",.0,"8","U","",9.2,"",78,"",5.8,"",997.6,"",1010.8,"",3,.3,"",.0,"8",0,"8","01","2","2","","5","","","3","","","0","","",0,"8",.0,"8",.0,"8","","8",0,"8","","",.0,"8",.0,"8",.0,"8",.0,"8",.0,"8",.0,"8",.0,"8",.0,"8",.0,"8",0,"8",0,"8",0,"8","","",0,"8",0,"8"
"352190360","P£OCK","2006","04","01","20","5","",0,"8",0,"8","","","",7,"",0,"8",0,"8",7,"",160,"",2,"",0,"",8.8,"",.0,"8","U","",9.2,"",81,"",5.7,"",997.7,"",1010.9,"",2,.4,"",.0,"8",0,"8","80","2","5","","9","","","3","","","/","","",0,"8",.0,"8",.0,"8","","8",0,"8","","",.0,"8",.0,"8",.0,"8",.0,"8",.0,"8",.0,"8",.0,"8",.0,"8",.0,"8",0,"8",0,"8",0,"8","","",0,"8",0,"8"
"352190360","P£OCK","2006","04","01","21","5","",0,"8",0,"8","","","",6,"",0,"8",0,"8",7,"",150,"",2,"",0,"",8.7,"",.0,"8","U","",9.3,"",83,"",6.0,"",997.3,"",1010.5,"",8,-.2,"",.0,"8",0,"8","25","2","4","","5","","","3","","","/","","",0,"8",.0,"8",.0,"8","","8",0,"8","","",.0,"8",.0,"8",.0,"8",.0,"8",.0,"8",.0,"8",.0,"8",.0,"8",.0,"8",0,"8",0,"8",0,"8","","",0,"8",0,"8"
"352190360","P£OCK","2006","04","01","22","6","",0,"8",0,"8","","","",6,"",0,"8",0,"8",7,"",170,"",2,"",0,"",8.1,"",.0,"8","U","",9.2,"",85,"",5.7,"",997.4,"",1010.7,"",5,-.2,"",.0,"8",0,"8","10","2","2","","5","","","3","","","/","","",0,"8",.0,"8",.0,"8","","8",0,"8","","",.0,"8",.0,"8",.0,"8",.0,"8",.0,"8",.0,"8",.0,"8",.0,"8",.0,"8",0,"8",0,"8",0,"8","","",0,"8",0,"8"
"352190360","P£OCK","2006","04","01","23","9","",0,"8",0,"8","","","",7,"",0,"8",0,"8",7,"",180,"",2,"",0,"",8.5,"",.0,"8","U","",9.3,"",84,"",5.9,"",997.4,"",1010.6,"",6,-.3,"",.0,"8",0,"8","01","2","7","","0","","","3","","","/","","",0,"8",.0,"8",.0,"8","","8",0,"8","","",.0,"8",.0,"8",.0,"8",.0,"8",.0,"8",.0,"8",.0,"8",.0,"8",.0,"8",0,"8",0,"8",0,"8","","",0,"8",0,"8"
"352190360","P£OCK","2006","04","02","00","9","",0,"8",0,"8","","","",7,"",0,"8",0,"8",7,"",160,"",2,"",0,"",8.0,"",.0,"8","U","",9.3,"",87,"",6.0,"",997.1,"",1010.4,"",8,-.2,"",.0,"",6,"","02","8","7","","0","","","3","","","/","","",2,"",.0,"8",.0,"8","","8",0,"8","","",.0,"8",.0,"8",.0,"8",.0,"8",.0,"8",.0,"8",.0,"8",.0,"8",.0,"8",0,"8",0,"8",0,"8","","",0,"8",0,"8"
"352190360","P£OCK","2006","04","02","01","7","",0,"8",0,"8","","","",7,"",0,"8",0,"8",7,"",150,"",2,"",0,"",7.7,"",.0,"8","U","",9.2,"",88,"",5.8,"",997.0,"",1010.3,"",8,-.4,"",.0,"8",0,"8","03","2","3","","5","","","3","","","/","","",0,"8",.0,"8",.0,"8","","8",0,"8","","",.0,"8",.0,"8",.0,"8",.0,"8",.0,"8",.0,"8",.0,"8",.0,"8",.0,"8",0,"8",0,"8",0,"8","","",0,"8",0,"8"
"352190360","P£OCK","2006","04","02","02","6","",0,"8",0,"8","","","",6,"",0,"8",0,"8",7,"",170,"",1,"",0,"",7.5,"",.0,"8","U","",9.4,"",91,"",6.1,"",996.8,"",1010.1,"",7,-.6,"",.0,"8",0,"8","25","2","4","","5","","","3","","","/","","",0,"8",.0,"8",.0,"8","","8",0,"8","","",.0,"8",.0,"8",.0,"8",.0,"8",.0,"8",.0,"8",.0,"8",.0,"8",.0,"8",0,"8",0,"8",0,"8","","",0,"8",0,"8"
"352190360","P£OCK","2006","04","02","03","6","",0,"8",0,"8","","","",6,"",0,"8",0,"8",7,"",180,"",2,"",0,"",7.5,"",.0,"8","U","",9.3,"",90,"",6.0,"",996.7,"",1010.0,"",7,-.4,"",.0,"8",0,"8","10","8","2","","5","","","3","","","/","","",0,"8",.0,"8",.0,"8","","8",0,"8","","",.0,"8",.0,"8",.0,"8",.0,"8",.0,"8",.0,"8",.0,"8",.0,"8",.0,"8",0,"8",0,"8",0,"8","","",0,"8",0,"8"
"352190360","P£OCK","2006","04","02","04","9","",0,"8",0,"8","","","",6,"",0,"8",0,"8",7,"",170,"",2,"",0,"",7.4,"",.0,"8","U","",9.4,"",91,"",6.0,"",996.9,"",1010.2,"",5,-.1,"",.0,"8",0,"8","10","2","7","","0","","","3","","","/","","",0,"8",.0,"8",.0,"8","","8",0,"8","","",.0,"8",.0,"8",.0,"8",.0,"8",.0,"8",.0,"8",.0,"8",.0,"8",.0,"8",0,"8",0,"8",0,"8","","",0,"8",0,"8"
"352190360","P£OCK","2006","04","02","05","9","",0,"8",0,"8","","","",6,"",0,"8",0,"8",7,"",210,"",3,"",0,"",7.9,"",.0,"8","U","",9.7,"",91,"",6.5,"",997.1,"",1010.4,"",3,.3,"",.0,"8",0,"8","10","2","7","","0","","","3","","","/","","",0,"8",.0,"8",.0,"8","","8",0,"8","","",.0,"8",.0,"8",.0,"8",.0,"8",.0,"8",.0,"8",.0,"8",.0,"8",.0,"8",0,"8",0,"8",0,"8","","",0,"8",0,"8"
"352190360","P£OCK","2006","04","02","06","6","",0,"8",0,"8","","","",6,"",0,"8",0,"8",5,"",220,"",4,"",0,"",8.4,"",.0,"8","U","",10.0,"",91,"",7.0,"",997.6,"",1010.9,"",3,.9,"",.0,"",6,"","10","8","2","","2","","","3","","","0","","",2,"",.0,"8",.0,"8","","8",0,"8","","",.0,"8",.0,"8",.0,"8",.0,"8",.0,"8",.0,"8",.0,"8",.0,"8",.0,"8",0,"8",0,"8",0,"8","","",0,"8",0,"8"
"352190360","P£OCK","2006","04","02","07","6","",0,"8",0,"8","","","",7,"",0,"8",0,"8",6,"",270,"",5,"",0,"",10.1,"",.0,"8","U","",10.0,"",81,"",7.0,"",997.8,"",1011.0,"",2,.9,"",.0,"8",0,"8","03","2","1","","3","","","5","","","0","","",0,"8",.0,"8",.0,"8","","8",0,"8","","",.0,"8",.0,"8",.0,"8",.0,"8",.0,"8",.0,"8",.0,"8",.0,"8",.0,"8",0,"8",0,"8",0,"8","","",0,"8",0,"8"
"352190360","P£OCK","2006","04","02","08","4","",0,"8",0,"8","","","",7,"",0,"8",0,"8",6,"",280,"",6,"",0,"",10.2,"",.0,"8","U","",9.9,"",80,"",6.9,"",998.3,"",1011.5,"",2,1.2,"",.0,"8",0,"8","01","2","4","","5","","","3","","","0","","",0,"8",.0,"8",.0,"8","","8",0,"8","","",.0,"8",.0,"8",.0,"8",.0,"8",.0,"8",.0,"8",.0,"8",.0,"8",.0,"8",0,"8",0,"8",0,"8","","",0,"8",0,"8"
"352190360","P£OCK","2006","04","02","09","4","",0,"8",0,"8","","","",7,"",0,"8",0,"8",6,"",290,"",5,"",0,"",10.5,"",.0,"8","U","",9.6,"",76,"",6.4,"",998.9,"",1012.1,"",3,1.3,"",.0,"8",0,"8","03","2","6","","5","","","0","","","0","","",0,"8",.0,"8",.0,"8","","8",0,"8","","",.0,"8",.0,"8",.0,"8",.0,"8",.0,"8",.0,"8",.0,"8",.0,"8",.0,"8",0,"8",0,"8",0,"8","","",0,"8",0,"8"
"352190360","P£OCK","2006","04","02","10","5","",0,"8",0,"8","","","",7,"",0,"8",0,"8",4,"",240,"",3,"",0,"",12.1,"",.0,"8","U","",10.0,"",71,"",7.0,"",998.9,"",1012.0,"",1,1.1,"",.0,"8",0,"8","03","1","3","","2","","","3","","","0","","",0,"8",.0,"8",.0,"8","","8",0,"8","","",.0,"8",.0,"8",.0,"8",.0,"8",.0,"8",.0,"8",.0,"8",.0,"8",.0,"8",0,"8",0,"8",0,"8","","",0,"8",0,"8"
"352190360","P£OCK","2006","04","02","11","5","",0,"8",0,"8","","","",7,"",0,"8",0,"8",3,"",280,"",6,"",0,"",12.8,"",.0,"8","U","",10.0,"",68,"",7.0,"",999.1,"",1012.2,"",2,.8,"",.0,"8",0,"8","03","0","3","","2","","","0","","","0","","",0,"8",.0,"8",.0,"8","","8",0,"8","","",.0,"8",.0,"8",.0,"8",.0,"8",.0,"8",.0,"8",.0,"8",.0,"8",.0,"8",0,"8",0,"8",0,"8","","",0,"8",0,"8"
"352190360","P£OCK","2006","04","02","12","6","",0,"8",0,"8","","","",8,"",0,"8",0,"8",3,"",270,"",4,"",0,"",12.7,"",.0,"8","U","",9.2,"",63,"",5.8,"",999.2,"",1012.3,"",3,.3,"",.0,"9",0,"9","02","1","3","","2","","","0","","","0","","",2,"",.0,"8",.0,"8","","8",0,"8","","",.0,"8",.0,"8",.0,"8",.0,"8",.0,"8",.0,"8",.0,"8",.0,"8",.0,"8",0,"8",0,"8",0,"8","","",0,"8",0,"8"
"352190360","P£OCK","2006","04","02","13","6","",0,"8",0,"8","","","",8,"",0,"8",0,"8",3,"",270,"",4,"",0,"",14.2,"",.0,"8","U","",9.1,"",56,"",5.5,"",999.1,"",1012.1,"",0,.2,"",.0,"8",0,"8","02","0","3","","2","","","0","","","0","","",0,"8",.0,"8",.0,"8","","8",0,"8","","",.0,"8",.0,"8",.0,"8",.0,"8",.0,"8",.0,"8",.0,"8",.0,"8",.0,"8",0,"8",0,"8",0,"8","","",0,"8",0,"8"
"352190360","P£OCK","2006","04","02","14","7","",0,"8",0,"8","","","",8,"",0,"8",0,"8",3,"",260,"",3,"",0,"",14.3,"",.0,"8","U","",8.0,"",49,"",3.7,"",998.9,"",1011.9,"",8,-.2,"",.0,"8",0,"8","01","0","3","","2","","","0","","","0","","",0,"8",.0,"8",.0,"8","","8",0,"8","","",.0,"8",.0,"8",.0,"8",.0,"8",.0,"8",.0,"8",.0,"8",.0,"8",.0,"8",0,"8",0,"8",0,"8","","",0,"8",0,"8"
"352190360","P£OCK","2006","04","02","15","6","",0,"8",0,"8","","","",8,"",0,"8",0,"8",3,"",260,"",3,"",0,"",13.5,"",.0,"8","U","",7.7,"",50,"",3.3,"",998.8,"",1011.8,"",7,-.4,"",.0,"8",0,"8","01","0","2","","2","","","0","","","1","","",0,"8",.0,"8",.0,"8","","8",0,"8","","",.0,"8",.0,"8",.0,"8",.0,"8",.0,"8",.0,"8",.0,"8",.0,"8",.0,"8",0,"8",0,"8",0,"8","","",0,"8",0,"8"
"352190360","P£OCK","2006","04","02","16","7","",0,"8",0,"8","","","",8,"",0,"8",0,"8",2,"",230,"",3,"",0,"",13.3,"",.0,"8","U","",7.6,"",50,"",3.1,"",998.4,"",1011.4,"",7,-.7,"",.0,"8",0,"8","01","0","1","","4","","","0","","","1","","",0,"8",.0,"8",.0,"8","","8",0,"8","","",.0,"8",.0,"8",.0,"8",.0,"8",.0,"8",.0,"8",.0,"8",.0,"8",.0,"8",0,"8",0,"8",0,"8","","",0,"8",0,"8"
"352190360","P£OCK","2006","04","02","17","7","",0,"8",0,"8","","","",8,"",0,"8",0,"8",2,"",270,"",2,"",0,"",12.1,"",.0,"8","U","",7.3,"",52,"",2.5,"",998.4,"",1011.5,"",6,-.5,"",.0,"8",0,"8","02","0","1","","5","","","0","","","1","","",0,"8",.0,"8",.0,"8","","8",0,"8","","",.0,"8",.0,"8",.0,"8",.0,"8",.0,"8",.0,"8",.0,"8",.0,"8",.0,"8",0,"8",0,"8",0,"8","","",0,"8",0,"8"
"352190360","P£OCK","2006","04","02","18","9","",0,"8",0,"8","","","",8,"",0,"8",0,"8",2,"",160,"",1,"",0,"",9.7,"",.0,"8","U","",7.3,"",61,"",2.5,"",998.4,"",1011.6,"",6,-.4,"",.0,"9",0,"9","01","0","0","","0","","","0","","","1","","",2,"",.0,"8",.0,"8","","8",0,"8","","",.0,"8",.0,"8",.0,"8",.0,"8",.0,"8",.0,"8",.0,"8",.0,"8",.0,"8",0,"8",0,"8",0,"8","","",0,"8",0,"8"
"352190360","P£OCK","2006","04","02","19","6","",0,"8",0,"8","","","",7,"",0,"8",0,"8",2,"",130,"",2,"",0,"",9.0,"",.0,"8","U","",7.9,"",69,"",3.6,"",998.5,"",1011.7,"",3,.1,"",.0,"8",0,"8","03","0","1","","5","","","0","","","1","","",0,"8",.0,"8",.0,"8","","8",0,"8","","",.0,"8",.0,"8",.0,"8",.0,"8",.0,"8",.0,"8",.0,"8",.0,"8",.0,"8",0,"8",0,"8",0,"8","","",0,"8",0,"8"
"352190360","P£OCK","2006","04","02","20","6","",0,"8",0,"8","","","",7,"",0,"8",0,"8",1,"",130,"",2,"",0,"",8.3,"",.0,"8","U","",7.8,"",71,"",3.3,"",998.3,"",1011.6,"",8,-.1,"",.0,"8",0,"8","01","0","1","","5","","","0","","","0","","",0,"8",.0,"8",.0,"8","","8",0,"8","","",.0,"8",.0,"8",.0,"8",.0,"8",.0,"8",.0,"8",.0,"8",.0,"8",.0,"8",0,"8",0,"8",0,"8","","",0,"8",0,"8"
"352190360","P£OCK","2006","04","02","21","9","",0,"8",0,"8","","","",7,"",0,"8",0,"8",0,"",130,"",3,"",0,"",7.5,"",.0,"8","U","",7.7,"",74,"",3.2,"",997.9,"",1011.2,"",8,-.5,"",.0,"8",0,"8","01","0","0","","0","","","0","","","0","","",0,"8",.0,"8",.0,"8","","8",0,"8","","",.0,"8",.0,"8",.0,"8",.0,"8",.0,"8",.0,"8",.0,"8",.0,"8",.0,"8",0,"8",0,"8",0,"8","","",0,"8",0,"8"
"352190360","P£OCK","2006","04","02","22","9","",0,"8",0,"8","","","",7,"",0,"8",0,"8",0,"",140,"",2,"",0,"",7.8,"",.0,"8","U","",7.8,"",74,"",3.5,"",997.8,"",1011.1,"",7,-.7,"",.0,"8",0,"8","02","0","0","","0","","","0","","","0","","",0,"8",.0,"8",.0,"8","","8",0,"8","","",.0,"8",.0,"8",.0,"8",.0,"8",.0,"8",.0,"8",.0,"8",.0,"8",.0,"8",0,"8",0,"8",0,"8","","",0,"8",0,"8"
"352190360","P£OCK","2006","04","02","23","9","",0,"8",0,"8","","","",7,"",0,"8",0,"8",0,"",130,"",3,"",0,"",7.1,"",.0,"8","U","",7.6,"",75,"",3.0,"",997.6,"",1010.9,"",7,-.7,"",.0,"8",0,"8","02","0","0","","0","","","0","","","0","","",0,"8",.0,"8",.0,"8","","8",0,"8","","",.0,"8",.0,"8",.0,"8",.0,"8",.0,"8",.0,"8",.0,"8",.0,"8",.0,"8",0,"8",0,"8",0,"8","","",0,"8",0,"8"
"352190360","P£OCK","2006","04","03","00","9","",0,"8",0,"8","","","",7,"",0,"8",0,"8",0,"",120,"",3,"",0,"",6.5,"",.0,"8","U","",7.3,"",76,"",2.6,"",997.0,"",1010.3,"",8,-.9,"",.0,"9",0,"9","02","0","0","","0","","","0","","","0","","",2,"",.0,"8",.0,"8","","8",0,"8","","",.0,"8",.0,"8",.0,"8",.0,"8",.0,"8",.0,"8",.0,"8",.0,"8",.0,"8",0,"8",0,"8",0,"8","","",0,"8",0,"8"
"352190360","P£OCK","2006","04","03","01","9","",0,"8",0,"8","","","",7,"",0,"8",0,"8",6,"",150,"",1,"",0,"",6.8,"",.0,"8","U","",7.5,"",76,"",2.9,"",996.6,"",1009.9,"",7,-1.2,"",.0,"8",0,"8","03","1","6","","0","","","5","","","0","","",0,"8",.0,"8",.0,"8","","8",0,"8","","",.0,"8",.0,"8",.0,"8",.0,"8",.0,"8",.0,"8",.0,"8",.0,"8",.0,"8",0,"8",0,"8",0,"8","","",0,"8",0,"8"
"352190360","P£OCK","2006","04","03","02","9","",0,"8",0,"8","","","",7,"",0,"8",0,"8",3,"",170,"",2,"",0,"",7.9,"",.0,"8","U","",7.7,"",72,"",3.2,"",996.5,"",1009.8,"",6,-1.1,"",.0,"8",0,"8","01","1","3","","0","","","3","","","0","","",0,"8",.0,"8",.0,"8","","8",0,"8","","",.0,"8",.0,"8",.0,"8",.0,"8",.0,"8",.0,"8",.0,"8",.0,"8",.0,"8",0,"8",0,"8",0,"8","","",0,"8",0,"8"
"352190360","P£OCK","2006","04","03","03","6","",0,"8",0,"8","","","",7,"",0,"8",0,"8",7,"",150,"",2,"",0,"",6.9,"",.0,"8","U","",7.8,"",78,"",3.3,"",996.2,"",1009.5,"",7,-.8,"",.0,"8",0,"8","03","1","4","","5","","","3","","","/","","",0,"8",.0,"8",.0,"8","","8",0,"8","","",.0,"8",.0,"8",.0,"8",.0,"8",.0,"8",.0,"8",.0,"8",.0,"8",.0,"8",0,"8",0,"8",0,"8","","",0,"8",0,"8"
"352190360","P£OCK","2006","04","03","04","6","",0,"8",0,"8","","","",7,"",0,"8",0,"8",7,"",190,"",2,"",0,"",7.1,"",.0,"8","U","",8.1,"",80,"",3.9,"",996.5,"",1009.8,"",5,-.1,"",.0,"8",0,"8","02","2","4","","5","","","3","","","/","","",0,"8",.0,"8",.0,"8","","8",0,"8","","",.0,"8",.0,"8",.0,"8",.0,"8",.0,"8",.0,"8",.0,"8",.0,"8",.0,"8",0,"8",0,"8",0,"8","","",0,"8",0,"8"
"352190360","P£OCK","2006","04","03","05","5","",0,"8",0,"8","","","",7,"",0,"8",0,"8",7,"",210,"",3,"",0,"",7.7,"",.0,"8","U","",8.7,"",83,"",5.0,"",996.8,"",1010.1,"",3,.3,"",.0,"8",0,"8","80","2","7","","9","","","/","","","/","","",0,"8",.0,"8",.0,"8","","8",0,"8","","",.0,"8",.0,"8",.0,"8",.0,"8",.0,"8",.0,"8",.0,"8",.0,"8",.0,"8",0,"8",0,"8",0,"8","","",0,"8",0,"8"
"352190360","P£OCK","2006","04","03","06","5","",0,"8",0,"8","","","",7,"",0,"8",0,"8",7,"",250,"",3,"",0,"",8.6,"",.0,"8","U","",9.3,"",83,"",5.9,"",997.1,"",1010.3,"",2,.9,"",.2,"",6,"","25","1","7","","9","","","/","","","/","","",2,"",.0,"8",.0,"8","","8",0,"8","","",.0,"8",.0,"8",.0,"8",.0,"8",.0,"8",.0,"8",.0,"8",.0,"8",.0,"8",0,"8",0,"8",0,"8","","",0,"8",0,"8"
"352190360","P£OCK","2006","04","03","07","5","",0,"8",0,"8","","","",8,"",0,"8",0,"8",7,"",270,"",6,"",0,"",9.2,"",.0,"8","U","",8.9,"",77,"",5.4,"",997.5,"",1010.7,"",2,1.0,"",.0,"8",0,"8","01","2","5","","5","","","3","","","/","","",0,"8",.0,"8",.0,"8","","8",0,"8","","",.0,"8",.0,"8",.0,"8",.0,"8",.0,"8",.0,"8",.0,"8",.0,"8",.0,"8",0,"8",0,"8",0,"8","","",0,"8",0,"8"
"352190360","P£OCK","2006","04","03","08","5","",0,"8",0,"8","","","",8,"",0,"8",0,"8",6,"",290,"",6,"",0,"",9.1,"",.0,"8","U","",8.5,"",74,"",4.7,"",998.1,"",1011.3,"",3,1.3,"",.0,"8",0,"8","01","2","4","","5","","","3","","","1","","",0,"8",.0,"8",.0,"8","","8",0,"8","","",.0,"8",.0,"8",.0,"8",.0,"8",.0,"8",.0,"8",.0,"8",.0,"8",.0,"8",0,"8",0,"8",0,"8","","",0,"8",0,"8"
"352190360","P£OCK","2006","04","03","09","5","",0,"8",0,"8","","","",8,"",0,"8",0,"8",4,"",270,"",6,"",0,"",10.6,"",.0,"8","U","",7.7,"",60,"",3.1,"",998.4,"",1011.6,"",2,1.3,"",.0,"8",0,"8","03","1","2","","2","","","3","","","1","","",0,"8",.0,"8",.0,"8","","8",0,"8","","",.0,"8",.0,"8",.0,"8",.0,"8",.0,"8",.0,"8",.0,"8",.0,"8",.0,"8",0,"8",0,"8",0,"8","","",0,"8",0,"8"
"352190360","P£OCK","2006","04","03","10","6","",0,"8",0,"8","","","",8,"",0,"8",0,"8",4,"",280,"",6,"",0,"",11.6,"",.0,"8","U","",7.1,"",52,"",2.1,"",998.6,"",1011.7,"",1,1.1,"",.0,"8",0,"8","01","0","2","","2","","","0","","","1","","",0,"8",.0,"8",.0,"8","","8",0,"8","","",.0,"8",.0,"8",.0,"8",.0,"8",.0,"8",.0,"8",.0,"8",.0,"8",.0,"8",0,"8",0,"8",0,"8","","",0,"8",0,"8"
"352190360","P£OCK","2006","04","03","11","6","",0,"8",0,"8","","","",8,"",0,"8",0,"8",4,"",280,"",7,"",0,"",12.2,"",.0,"8","U","",6.7,"",47,"",1.2,"",998.9,"",1012.0,"",2,.8,"",.0,"8",0,"8","02","0","2","","2","","","0","","","1","","",0,"8",.0,"8",.0,"8","","8",0,"8","","",.0,"8",.0,"8",.0,"8",.0,"8",.0,"8",.0,"8",.0,"8",.0,"8",.0,"8",0,"8",0,"8",0,"8","","",0,"8",0,"8"
"352190360","P£OCK","2006","04","03","12","6","",0,"8",0,"8","","","",8,"",0,"8",0,"8",4,"",280,"",5,"",0,"",13.2,"",.0,"8","U","",6.8,"",45,"",1.5,"",998.8,"",1011.8,"",0,.4,"",.0,"9",0,"9","03","1","3","","2","","","0","","","1","","",2,"",.0,"8",.0,"8","","8",0,"8","","",.0,"8",.0,"8",.0,"8",.0,"8",.0,"8",.0,"8",.0,"8",.0,"8",.0,"8",0,"8",0,"8",0,"8","","",0,"8",0,"8"
"352190360","P£OCK","2006","04","03","13","6","",0,"8",0,"8","","","",8,"",0,"8",0,"8",5,"",310,"",4,"",0,"",12.9,"",.0,"8","U","",7.1,"",48,"",2.1,"",998.4,"",1011.5,"",8,-.2,"",.0,"8",0,"8","03","1","3","","2","","","0","","","1","","",0,"8",.0,"8",.0,"8","","8",0,"8","","",.0,"8",.0,"8",.0,"8",.0,"8",.0,"8",.0,"8",.0,"8",.0,"8",.0,"8",0,"8",0,"8",0,"8","","",0,"8",0,"8"
"352190360","P£OCK","2006","04","03","14","6","",0,"8",0,"8","","","",9,"",0,"8",0,"8",7,"",240,"",4,"",0,"",12.5,"",.0,"8","U","",7.2,"",50,"",2.3,"",998.4,"",1011.5,"",6,-.5,"",.0,"8",0,"8","03","2","7","","3","","","/","","","/","","",0,"8",.0,"8",.0,"8","","8",0,"8","","",.0,"8",.0,"8",.0,"8",.0,"8",.0,"8",.0,"8",.0,"8",.0,"8",.0,"8",0,"8",0,"8",0,"8","","",0,"8",0,"8"
"352190360","P£OCK","2006","04","03","15","6","",0,"8",0,"8","","","",8,"",0,"8",0,"8",6,"",210,"",1,"",0,"",11.9,"",.0,"8","U","",8.2,"",59,"",4.1,"",998.2,"",1011.3,"",7,-.6,"",.0,"8",0,"8","25","1","5","","3","","","3","","","0","","",0,"8",.0,"8",.0,"8","","8",0,"8","","",.0,"8",.0,"8",.0,"8",.0,"8",.0,"8",.0,"8",.0,"8",.0,"8",.0,"8",0,"8",0,"8",0,"8","","",0,"8",0,"8"
"352190360","P£OCK","2006","04","03","16","6","",0,"8",0,"8","","","",8,"",0,"8",0,"8",5,"",190,"",3,"",0,"",11.8,"",.0,"8","U","",8.0,"",58,"",3.8,"",998.0,"",1011.1,"",8,-.4,"",.0,"8",0,"8","01","2","3","","3","","","3","","","0","","",0,"8",.0,"8",.0,"8","","8",0,"8","","",.0,"8",.0,"8",.0,"8",.0,"8",.0,"8",.0,"8",.0,"8",.0,"8",.0,"8",0,"8",0,"8",0,"8","","",0,"8",0,"8"
"352190360","P£OCK","2006","04","03","17","6","",0,"8",0,"8","","","",8,"",0,"8",0,"8",5,"",170,"",2,"",0,"",11.4,"",.0,"8","U","",7.9,"",59,"",3.7,"",997.9,"",1011.0,"",7,-.5,"",.0,"8",0,"8","01","2","3","","4","","","3","","","0","","",0,"8",.0,"8",.0,"8","","8",0,"8","","",.0,"8",.0,"8",.0,"8",.0,"8",.0,"8",.0,"8",.0,"8",.0,"8",.0,"8",0,"8",0,"8",0,"8","","",0,"8",0,"8"
"352190360","P£OCK","2006","04","03","18","6","",0,"8",0,"8","","","",8,"",0,"8",0,"8",2,"",190,"",2,"",0,"",9.6,"",.0,"8","U","",7.9,"",66,"",3.6,"",998.1,"",1011.3,"",5,-.1,"",.0,"",6,"","01","8","1","","5","","","3","","","0","","",2,"",.0,"8",.0,"8","","8",0,"8","","",.0,"8",.0,"8",.0,"8",.0,"8",.0,"8",.0,"8",.0,"8",.0,"8",.0,"8",0,"8",0,"8",0,"8","","",0,"8",0,"8"
"352190360","P£OCK","2006","04","03","19","9","",0,"8",0,"8","","","",7,"",0,"8",0,"8",1,"",170,"",2,"",0,"",7.9,"",.0,"8","U","",7.7,"",72,"",3.2,"",998.2,"",1011.5,"",3,.2,"",.0,"8",0,"8","01","0","1","","0","","","3","","","0","","",0,"8",.0,"8",.0,"8","","8",0,"8","","",.0,"8",.0,"8",.0,"8",.0,"8",.0,"8",.0,"8",.0,"8",.0,"8",.0,"8",0,"8",0,"8",0,"8","","",0,"8",0,"8"
"352190360","P£OCK","2006","04","03","20","9","",0,"8",0,"8","","","",7,"",0,"8",0,"8",1,"",160,"",2,"",0,"",7.5,"",.0,"8","U","",7.6,"",73,"",3.0,"",998.1,"",1011.4,"",0,.2,"",.0,"8",0,"8","02","0","1","","0","","","3","","","0","","",0,"8",.0,"8",.0,"8","","8",0,"8","","",.0,"8",.0,"8",.0,"8",.0,"8",.0,"8",.0,"8",.0,"8",.0,"8",.0,"8",0,"8",0,"8",0,"8","","",0,"8",0,"8"
"352190360","P£OCK","2006","04","03","21","9","",0,"8",0,"8","","","",8,"",0,"8",0,"8",5,"",160,"",2,"",0,"",7.0,"",.0,"8","U","",7.8,"",78,"",3.4,"",998.4,"",1011.7,"",2,.3,"",.0,"8",0,"8","03","1","5","","0","","","5","","","0","","",0,"8",.0,"8",.0,"8","","8",0,"8","","",.0,"8",.0,"8",.0,"8",.0,"8",.0,"8",.0,"8",.0,"8",.0,"8",.0,"8",0,"8",0,"8",0,"8","","",0,"8",0,"8"
"352190360","P£OCK","2006","04","03","22","7","",0,"8",0,"8","","","",7,"",0,"8",0,"8",7,"",200,"",3,"",0,"",7.3,"",.0,"8","U","",8.1,"",79,"",3.9,"",998.4,"",1011.7,"",1,.2,"",.0,"8",0,"8","80","2","3","","9","","","5","","","/","","",0,"8",.0,"8",.0,"8","","8",0,"8","","",.0,"8",.0,"8",.0,"8",.0,"8",.0,"8",.0,"8",.0,"8",.0,"8",.0,"8",0,"8",0,"8",0,"8","","",0,"8",0,"8"
"352190360","P£OCK","2006","04","03","23","7","",0,"8",0,"8","","","",8,"",0,"8",0,"8",5,"",210,"",3,"",0,"",6.8,"",.0,"8","U","",7.8,"",79,"",3.4,"",998.5,"",1011.8,"",2,.4,"",.0,"8",0,"8","25","2","2","","5","","","3","","","0","","",0,"8",.0,"8",.0,"8","","8",0,"8","","",.0,"8",.0,"8",.0,"8",.0,"8",.0,"8",.0,"8",.0,"8",.0,"8",.0,"8",0,"8",0,"8",0,"8","","",0,"8",0,"8"
"352190360","P£OCK","2006","04","04","00","9","",0,"8",0,"8","","","",8,"",0,"8",0,"8",1,"",220,"",4,"",0,"",6.0,"",.0,"8","U","",7.8,"",83,"",3.3,"",998.3,"",1011.7,"",8,-.1,"",.0,"",6,"","01","8","0","","0","","","0","","","1","","",2,"",.0,"8",.0,"8","","8",0,"8","","",.0,"8",.0,"8",.0,"8",.0,"8",.0,"8",.0,"8",.0,"8",.0,"8",.0,"8",0,"8",0,"8",0,"8","","",0,"8",0,"8"
"352190360","P£OCK","2006","04","04","01","6","",0,"8",0,"8","","","",7,"",0,"8",0,"8",7,"",210,"",3,"",0,"",6.3,"",.0,"8","U","",8.0,"",84,"",3.8,"",998.3,"",1011.7,"",6,-.1,"",.0,"8",0,"8","03","1","7","","5","","","/","","","/","","",0,"8",.0,"8",.0,"8","","8",0,"8","","",.0,"8",.0,"8",.0,"8",.0,"8",.0,"8",.0,"8",.0,"8",.0,"8",.0,"8",0,"8",0,"8",0,"8","","",0,"8",0,"8"
"352190360","P£OCK","2006","04","04","02","6","",0,"8",0,"8","","","",7,"",0,"8",0,"8",5,"",220,"",5,"",0,"",6.3,"",.0,"8","U","",8.4,"",88,"",4.5,"",998.0,"",1011.4,"",7,-.5,"",.0,"8",0,"8","25","2","5","","9","","","0","","","0","","",0,"8",.0,"8",.0,"8","","8",0,"8","","",.0,"8",.0,"8",.0,"8",.0,"8",.0,"8",.0,"8",.0,"8",.0,"8",.0,"8",0,"8",0,"8",0,"8","","",0,"8",0,"8"
"352190360","P£OCK","2006","04","04","03","5","",0,"8",0,"8","","","",7,"",0,"8",0,"8",7,"",230,"",6,"",11,"",6.3,"",.0,"8","U","",8.6,"",90,"",4.8,"",998.0,"",1011.4,"",6,-.3,"",.0,"8",0,"8","25","1","7","","9","","","/","","","/","","",0,"8",.0,"8",.0,"8","","8",0,"8","","",.0,"8",.0,"8",.0,"8",.0,"8",.0,"8",.0,"8",.0,"8",.0,"8",.0,"8",0,"8",0,"8",0,"8","","",0,"8",0,"8"
"352190360","P£OCK","2006","04","04","04","4","",0,"8",0,"8","","","",6,"",0,"8",0,"8",8,"",230,"",5,"",0,"",6.1,"",.0,"8","U","",8.6,"",91,"",4.7,"",998.2,"",1011.6,"",5,-.1,"",.0,"8",0,"8","80","8","8","","9","","","/","","","/","","",0,"8",.0,"8",.0,"8","","8",0,"8","","",.0,"8",.0,"8",.0,"8",.0,"8",.0,"8",.0,"8",.0,"8",.0,"8",.0,"8",0,"8",0,"8",0,"8","","",0,"8",0,"8"
"352190360","P£OCK","2006","04","04","05","4","",0,"8",0,"8","","","",7,"",0,"8",0,"8",8,"",280,"",7,"",0,"",5.5,"",.0,"8","U","",7.9,"",87,"",3.5,"",998.7,"",1012.1,"",3,.7,"",.0,"8",0,"8","25","2","8","","9","","","/","","","/","","",0,"8",.0,"8",.0,"8","","8",0,"8","","",.0,"8",.0,"8",.0,"8",.0,"8",.0,"8",.0,"8",.0,"8",.0,"8",.0,"8",0,"8",0,"8",0,"8","","",0,"8",0,"8"
"352190360","P£OCK","2006","04","04","06","5","",0,"8",0,"8","","","",8,"",0,"8",0,"8",7,"",290,"",6,"",0,"",5.1,"",.0,"8","U","",6.8,"",78,"",1.6,"",999.4,"",1012.8,"",3,1.4,"",.1,"",6,"","01","8","7","","9","","","/","","","/","","",2,"",.0,"8",.0,"8","","8",0,"8","","",.0,"8",.0,"8",.0,"8",.0,"8",.0,"8",.0,"8",.0,"8",.0,"8",.0,"8",0,"8",0,"8",0,"8","","",0,"8",0,"8"
"352190360","P£OCK","2006","04","04","07","5","",0,"8",0,"8","","","",8,"",0,"8",0,"8",7,"",270,"",5,"",0,"",5.0,"",.0,"8","U","",6.9,"",79,"",1.7,"",999.9,"",1013.3,"",2,1.7,"",.0,"8",0,"8","01","2","7","","5","","","/","","","/","","",0,"8",.0,"8",.0,"8","","8",0,"8","","",.0,"8",.0,"8",.0,"8",.0,"8",.0,"8",.0,"8",.0,"8",.0,"8",.0,"8",0,"8",0,"8",0,"8","","",0,"8",0,"8"
"352190360","P£OCK","2006","04","04","08","5","",0,"8",0,"8","","","",8,"",0,"8",0,"8",7,"",280,"",4,"",0,"",5.6,"",.0,"8","U","",6.8,"",75,"",1.5,"",1000.5,"",1013.9,"",2,1.8,"",.0,"8",0,"8","02","2","7","","5","","","/","","","/","","",0,"8",.0,"8",.0,"8","","8",0,"8","","",.0,"8",.0,"8",.0,"8",.0,"8",.0,"8",.0,"8",.0,"8",.0,"8",.0,"8",0,"8",0,"8",0,"8","","",0,"8",0,"8"
"352190360","P£OCK","2006","04","04","09","6","",0,"8",0,"8","","","",8,"",0,"8",0,"8",7,"",270,"",4,"",0,"",6.6,"",.0,"8","U","",6.6,"",68,"",1.1,"",1000.5,"",1013.9,"",1,1.1,"",.0,"8",0,"8","02","2","7","","5","","","/","","","/","","",0,"8",.0,"8",.0,"8","","8",0,"8","","",.0,"8",.0,"8",.0,"8",.0,"8",.0,"8",.0,"8",.0,"8",.0,"8",.0,"8",0,"8",0,"8",0,"8","","",0,"8",0,"8"
"352190360","P£OCK","2006","04","04","10","5","",0,"8",0,"8","","","",8,"",0,"8",0,"8",7,"",270,"",3,"",0,"",6.5,"",.0,"8","U","",6.1,"",63,"",.0,"",1000.6,"",1014.0,"",2,.7,"",.0,"8",0,"8","03","2","7","","9","","","/","","","/","","",0,"8",.0,"8",.0,"8","","8",0,"8","","",.0,"8",.0,"8",.0,"8",.0,"8",.0,"8",.0,"8",.0,"8",.0,"8",.0,"8",0,"8",0,"8",0,"8","","",0,"8",0,"8"
"352190360","P£OCK","2006","04","04","11","5","",0,"8",0,"8","","","",8,"",0,"8",0,"8",7,"",260,"",4,"",0,"",6.9,"",.0,"8","U","",5.7,"",57,"",-1.0,"",1000.6,"",1014.0,"",1,.1,"",.0,"8",0,"8","01","2","7","","5","","","/","","","/","","",0,"8",.0,"8",.0,"8","","8",0,"8","","",.0,"8",.0,"8",.0,"8",.0,"8",.0,"8",.0,"8",.0,"8",.0,"8",.0,"8",0,"8",0,"8",0,"8","","",0,"8",0,"8"
"352190360","P£OCK","2006","04","04","12","6","",0,"8",0,"8","","","",8,"",0,"8",0,"8",7,"",290,"",3,"",0,"",7.5,"",.0,"8","U","",5.6,"",54,"",-1.2,"",1000.3,"",1013.6,"",8,-.2,"",.0,"9",0,"9","02","2","7","","5","","","/","","","/","","",2,"",.0,"8",.0,"8","","8",0,"8","","",.0,"8",.0,"8",.0,"8",.0,"8",.0,"8",.0,"8",.0,"8",.0,"8",.0,"8",0,"8",0,"8",0,"8","","",0,"8",0,"8"
"352190360","P£OCK","2006","04","04","13","6","",0,"8",0,"8","","","",8,"",0,"8",0,"8",7,"",240,"",4,"",0,"",7.2,"",.0,"8","U","",5.9,"",58,"",-.5,"",1000.1,"",1013.4,"",8,-.5,"",.0,"8",0,"8","02","2","7","","5","","","/","","","/","","",0,"8",.0,"8",.0,"8","","8",0,"8","","",.0,"8",.0,"8",.0,"8",.0,"8",.0,"8",.0,"8",.0,"8",.0,"8",.0,"8",0,"8",0,"8",0,"8","","",0,"8",0,"8"
"352190360","P£OCK","2006","04","04","14","6","",0,"8",0,"8","","","",8,"",0,"8",0,"8",7,"",230,"",3,"",0,"",7.3,"",.0,"8","U","",5.6,"",55,"",-1.2,"",999.7,"",1013.0,"",7,-.9,"",.0,"8",0,"8","02","2","7","","5","","","/","","","/","","",0,"8",.0,"8",.0,"8","","8",0,"8","","",.0,"8",.0,"8",.0,"8",.0,"8",.0,"8",.0,"8",.0,"8",.0,"8",.0,"8",0,"8",0,"8",0,"8","","",0,"8",0,"8"
"352190360","P£OCK","2006","04","04","15","6","",0,"8",0,"8","","","",8,"",0,"8",0,"8",7,"",220,"",3,"",0,"",7.3,"",.0,"8","U","",5.9,"",58,"",-.4,"",999.6,"",1012.9,"",7,-.7,"",.0,"8",0,"8","02","2","7","","5","","","/","","","/","","",0,"8",.0,"8",.0,"8","","8",0,"8","","",.0,"8",.0,"8",.0,"8",.0,"8",.0,"8",.0,"8",.0,"8",.0,"8",.0,"8",0,"8",0,"8",0,"8","","",0,"8",0,"8"
"352190360","P£OCK","2006","04","04","16","7","",0,"8",0,"8","","","",8,"",0,"8",0,"8",7,"",160,"",2,"",0,"",7.3,"",.0,"8","U","",5.8,"",57,"",-.7,"",999.1,"",1012.4,"",7,-1.0,"",.0,"8",0,"8","02","2","7","","5","","","/","","","/","","",0,"8",.0,"8",.0,"8","","8",0,"8","","",.0,"8",.0,"8",.0,"8",.0,"8",.0,"8",.0,"8",.0,"8",.0,"8",.0,"8",0,"8",0,"8",0,"8","","",0,"8",0,"8"
"352190360","P£OCK","2006","04","04","17","7","",0,"8",0,"8","","","",7,"",0,"8",0,"8",3,"",140,"",2,"",0,"",6.3,"",.0,"8","U","",6.4,"",67,"",.6,"",998.7,"",1012.1,"",8,-1.0,"",.0,"8",0,"8","01","1","3","","5","","","0","","","0","","",0,"8",.0,"8",.0,"8","","8",0,"8","","",.0,"8",.0,"8",.0,"8",.0,"8",.0,"8",.0,"8",.0,"8",.0,"8",.0,"8",0,"8",0,"8",0,"8","","",0,"8",0,"8"
"352190360","P£OCK","2006","04","04","18","6","",0,"8",0,"8","","","",7,"",0,"8",0,"8",2,"",140,"",2,"",0,"",4.9,"",.0,"8","U","",6.1,"",71,"",.1,"",998.5,"",1011.9,"",6,-1.1,"",.0,"9",0,"9","01","1","2","","5","","","0","","","0","","",2,"",.0,"8",.0,"8","","8",0,"8","","",.0,"8",.0,"8",.0,"8",.0,"8",.0,"8",.0,"8",.0,"8",.0,"8",.0,"8",0,"8",0,"8",0,"8","","",0,"8",0,"8"
"352190360","P£OCK","2006","04","04","19","9","",0,"8",0,"8","","","",7,"",0,"8",0,"8",0,"",140,"",2,"",0,"",4.0,"",.0,"8","U","",6.2,"",76,"",.1,"",998.4,"",1011.9,"",6,-.7,"",.0,"8",0,"8","01","0","0","","0","","","0","","","0","","",0,"8",.0,"8",.0,"8","","8",0,"8","","",.0,"8",.0,"8",.0,"8",.0,"8",.0,"8",.0,"8",.0,"8",.0,"8",.0,"8",0,"8",0,"8",0,"8","","",0,"8",0,"8"
"352190360","P£OCK","2006","04","04","20","9","",0,"8",0,"8","","","",7,"",0,"8",0,"8",1,"",150,"",3,"",0,"",4.2,"",.0,"8","U","",6.4,"",78,"",.7,"",997.9,"",1011.4,"",7,-.8,"",.0,"8",0,"8","03","0","1","","0","","","3","","","0","","",0,"8",.0,"8",.0,"8","","8",0,"8","","",.0,"8",.0,"8",.0,"8",.0,"8",.0,"8",.0,"8",.0,"8",.0,"8",.0,"8",0,"8",0,"8",0,"8","","",0,"8",0,"8"
"352190360","P£OCK","2006","04","04","21","9","",0,"8",0,"8","","","",6,"",0,"8",0,"8",1,"",140,"",3,"",0,"",3.6,"",.0,"8","U","",6.4,"",81,"",.6,"",997.1,"",1010.6,"",8,-1.4,"",.0,"8",0,"8","10","0","1","","0","","","3","","","0","","",0,"8",.0,"8",.0,"8","","8",0,"8","","",.0,"8",.0,"8",.0,"8",.0,"8",.0,"8",.0,"8",.0,"8",.0,"8",.0,"8",0,"8",0,"8",0,"8","","",0,"8",0,"8"
"352190360","P£OCK","2006","04","04","22","7","",0,"8",0,"8","","","",6,"",0,"8",0,"8",7,"",270,"",4,"",0,"",4.1,"",.0,"8","U","",6.5,"",80,"",1.0,"",997.6,"",1011.1,"",5,-.8,"",.0,"8",0,"8","10","1","7","","5","","","/","","","/","","",0,"8",.0,"8",.0,"8","","8",0,"8","","",.0,"8",.0,"8",.0,"8",.0,"8",.0,"8",.0,"8",.0,"8",.0,"8",.0,"8",0,"8",0,"8",0,"8","","",0,"8",0,"8"
"352190360","P£OCK","2006","04","04","23","4","",0,"8",0,"8","","","",6,"",0,"8",0,"8",8,"",290,"",5,"",0,"",2.2,"",.0,"8","U","",6.2,"",87,"",.3,"",997.7,"",1011.3,"",5,-.2,"",.0,"8",0,"8","80","2","8","","9","","","/","","","/","","",0,"8",.0,"8",.0,"8","","8",0,"8","","",.0,"8",.0,"8",.0,"8",.0,"8",.0,"8",.0,"8",.0,"8",.0,"8",.0,"8",0,"8",0,"8",0,"8","","",0,"8",0,"8"
"352190360","P£OCK","2006","04","05","00","4","",0,"8",0,"8","","","",6,"",0,"8",0,"8",8,"",20,"",1,"",0,"",.8,"",.0,"8","U","",6.0,"",92,"",-.4,"",997.4,"",1011.0,"",0,.3,"",1.6,"",7,"","83","1","8","","9","","","/","","","/","","",2,"",.0,"8",.0,"8","","8",0,"8","","",.0,"8",.0,"8",.0,"8",.0,"8",.0,"8",.0,"8",.0,"8",.0,"8",.0,"8",0,"8",0,"8",0,"8","","",0,"8",0,"8"
"352190360","P£OCK","2006","04","05","01","4","",0,"8",0,"8","","","",6,"",0,"8",0,"8",8,"",200,"",2,"",0,"",1.2,"",.0,"8","U","",6.3,"",94,"",.3,"",997.3,"",1010.9,"",8,-.3,"",.0,"8",0,"8","26","2","8","","9","","","/","","","/","","",0,"8",.0,"8",.0,"8","","8",0,"8","","",.0,"8",.0,"8",.0,"8",.0,"8",.0,"8",.0,"8",.0,"8",.0,"8",.0,"8",0,"8",0,"8",0,"8","","",0,"8",0,"8"
"352190360","P£OCK","2006","04","05","02","5","",0,"8",0,"8","","","",6,"",0,"8",0,"8",8,"",220,"",3,"",0,"",1.4,"",.0,"8","U","",6.4,"",94,"",.5,"",997.0,"",1010.6,"",7,-.7,"",.0,"8",0,"8","10","2","8","","9","","","/","","","/","","",0,"8",.0,"8",.0,"8","","8",0,"8","","",.0,"8",.0,"8",.0,"8",.0,"8",.0,"8",.0,"8",.0,"8",.0,"8",.0,"8",0,"8",0,"8",0,"8","","",0,"8",0,"8"
"352190360","P£OCK","2006","04","05","03","5","",0,"8",0,"8","","","",6,"",0,"8",0,"8",7,"",220,"",4,"",0,"",1.6,"",.0,"8","U","",6.2,"",91,"",.3,"",997.1,"",1010.7,"",5,-.3,"",.0,"8",0,"8","10","8","7","","5","","","/","","","/","","",0,"8",.0,"8",.0,"8","","8",0,"8","","",.0,"8",.0,"8",.0,"8",.0,"8",.0,"8",.0,"8",.0,"8",.0,"8",.0,"8",0,"8",0,"8",0,"8","","",0,"8",0,"8"
"352190360","P£OCK","2006","04","05","04","3","",0,"8",0,"8","","","",6,"",0,"8",0,"8",8,"",210,"",4,"",0,"",2.0,"",.0,"8","U","",6.4,"",90,"",.5,"",997.1,"",1010.7,"",5,-.2,"",.0,"8",0,"8","10","2","8","","5","","","/","","","/","","",0,"8",.0,"8",.0,"8","","8",0,"8","","",.0,"8",.0,"8",.0,"8",.0,"8",.0,"8",.0,"8",.0,"8",.0,"8",.0,"8",0,"8",0,"8",0,"8","","",0,"8",0,"8"
"352190360","P£OCK","2006","04","05","05","5","",0,"8",0,"8","","","",6,"",0,"8",0,"8",7,"",210,"",4,"",0,"",2.2,"",.0,"8","U","",6.6,"",92,"",1.0,"",997.3,"",1010.8,"",2,.3,"",.0,"8",0,"8","10","2","7","","5","","","/","","","/","","",0,"8",.0,"8",.0,"8","","8",0,"8","","",.0,"8",.0,"8",.0,"8",.0,"8",.0,"8",.0,"8",.0,"8",.0,"8",.0,"8",0,"8",0,"8",0,"8","","",0,"8",0,"8"
"352190360","P£OCK","2006","04","05","06","4","",0,"8",0,"8","","","",6,"",0,"8",0,"8",4,"",230,"",5,"",0,"",2.4,"",.0,"8","U","",6.2,"",86,"",.3,"",997.2,"",1010.7,"",0,.1,"",.1,"",7,"","10","8","4","","8","","","0","","","0","","",2,"",.0,"8",.0,"8","","8",0,"8","","",.0,"8",.0,"8",.0,"8",.0,"8",.0,"8",.0,"8",.0,"8",.0,"8",.0,"8",0,"8",0,"8",0,"8","","",0,"8",0,"8"
"352190360","P£OCK","2006","04","05","07","4","",0,"8",0,"8","","","",7,"",0,"8",0,"8",6,"",240,"",3,"",0,"",3.1,"",.0,"8","U","",6.4,"",84,"",.7,"",997.2,"",1010.7,"",0,.1,"",.0,"8",0,"8","03","1","6","","3","","","0","","","0","","",0,"8",.0,"8",.0,"8","","8",0,"8","","",.0,"8",.0,"8",.0,"8",.0,"8",.0,"8",.0,"8",.0,"8",.0,"8",.0,"8",0,"8",0,"8",0,"8","","",0,"8",0,"8"
"352190360","P£OCK","2006","04","05","08","4","",0,"8",0,"8","","","",7,"",0,"8",0,"8",4,"",220,"",4,"",0,"",4.3,"",.0,"8","U","",6.5,"",78,"",.8,"",997.3,"",1010.7,"",5,.0,"",.0,"8",0,"8","01","1","4","","2","","","0","","","0","","",0,"8",.0,"8",.0,"8","","8",0,"8","","",.0,"8",.0,"8",.0,"8",.0,"8",.0,"8",.0,"8",.0,"8",.0,"8",.0,"8",0,"8",0,"8",0,"8","","",0,"8",0,"8"
"352190360","P£OCK","2006","04","05","09","5","",0,"8",0,"8","","","",8,"",0,"8",0,"8",3,"",210,"",5,"",0,"",5.9,"",.0,"8","U","",5.8,"",62,"",-.8,"",996.7,"",1010.1,"",8,-.5,"",.0,"8",0,"8","01","1","3","","2","","","0","","","0","","",0,"8",.0,"8",.0,"8","","8",0,"8","","",.0,"8",.0,"8",.0,"8",.0,"8",.0,"8",.0,"8",.0,"8",.0,"8",.0,"8",0,"8",0,"8",0,"8","","",0,"8",0,"8"
"352190360","P£OCK","2006","04","05","10","6","",0,"8",0,"8","","","",8,"",0,"8",0,"8",3,"",210,"",5,"",0,"",6.7,"",.0,"8","U","",5.2,"",53,"",-2.2,"",996.3,"",1009.6,"",8,-.9,"",.0,"8",0,"8","02","0","3","","2","","","0","","","0","","",0,"8",.0,"8",.0,"8","","8",0,"8","","",.0,"8",.0,"8",.0,"8",.0,"8",.0,"8",.0,"8",.0,"8",.0,"8",.0,"8",0,"8",0,"8",0,"8","","",0,"8",0,"8"
"352190360","P£OCK","2006","04","05","11","6","",0,"8",0,"8","","","",8,"",0,"8",0,"8",4,"",220,"",4,"",0,"",8.5,"",.0,"8","U","",5.9,"",53,"",-.5,"",995.9,"",1009.1,"",6,-1.4,"",.0,"8",0,"8","03","0","3","","2","","","0","","","1","","",0,"8",.0,"8",.0,"8","","8",0,"8","","",.0,"8",.0,"8",.0,"8",.0,"8",.0,"8",.0,"8",.0,"8",.0,"8",.0,"8",0,"8",0,"8",0,"8","","",0,"8",0,"8"
"352190360","P£OCK","2006","04","05","12","6","",0,"8",0,"8","","","",9,"",0,"8",0,"8",5,"",210,"",4,"",0,"",8.0,"",.0,"8","U","",4.9,"",46,"",-2.9,"",995.4,"",1008.6,"",7,-1.3,"",.0,"9",0,"9","03","1","4","","2","","","0","","","1","","",2,"",.0,"8",.0,"8","","8",0,"8","","",.0,"8",.0,"8",.0,"8",.0,"8",.0,"8",.0,"8",.0,"8",.0,"8",.0,"8",0,"8",0,"8",0,"8","","",0,"8",0,"8"
"352190360","P£OCK","2006","04","05","13","6","",0,"8",0,"8","","","",9,"",0,"8",0,"8",7,"",220,"",3,"",0,"",7.8,"",.0,"8","U","",4.2,"",40,"",-5.0,"",994.8,"",1008.0,"",8,-1.5,"",.0,"8",0,"8","03","2","7","","9","","","/","","","/","","",0,"8",.0,"8",.0,"8","","8",0,"8","","",.0,"8",.0,"8",.0,"8",.0,"8",.0,"8",.0,"8",.0,"8",.0,"8",.0,"8",0,"8",0,"8",0,"8","","",0,"8",0,"8"
"352190360","P£OCK","2006","04","05","14","6","",0,"8",0,"8","","","",8,"",0,"8",0,"8",7,"",180,"",2,"",0,"",7.7,"",.0,"8","U","",4.7,"",45,"",-3.5,"",994.4,"",1007.6,"",7,-1.5,"",.0,"8",0,"8","01","2","5","","9","","","0","","","8","","",0,"8",.0,"8",.0,"8","","8",0,"8","","",.0,"8",.0,"8",.0,"8",.0,"8",.0,"8",.0,"8",.0,"8",.0,"8",.0,"8",0,"8",0,"8",0,"8","","",0,"8",0,"8"
"352190360","P£OCK","2006","04","05","15","5","",0,"8",0,"8","","","",7,"",0,"8",0,"8",7,"",280,"",5,"",10,"",4.9,"",.0,"8","U","",6.1,"",71,"",.1,"",994.3,"",1007.7,"",6,-1.1,"",.0,"8",0,"8","80","2","7","","9","","","/","","","/","","",0,"8",.0,"8",.0,"8","","8",0,"8","","",.0,"8",.0,"8",.0,"8",.0,"8",.0,"8",.0,"8",.0,"8",.0,"8",.0,"8",0,"8",0,"8",0,"8","","",0,"8",0,"8"
"352190360","P£OCK","2006","04","05","16","5","",0,"8",0,"8","","","",7,"",0,"8",0,"8",7,"",100,"",1,"",0,"",5.2,"",.0,"8","U","",6.5,"",73,"",.8,"",994.2,"",1007.6,"",6,-.6,"",.0,"8",0,"8","25","2","5","","9","","","0","","","8","","",0,"8",.0,"8",.0,"8","","8",0,"8","","",.0,"8",.0,"8",.0,"8",.0,"8",.0,"8",.0,"8",.0,"8",.0,"8",.0,"8",0,"8",0,"8",0,"8","","",0,"8",0,"8"
"352190360","P£OCK","2006","04","05","17","6","",0,"8",0,"8","","","",7,"",0,"8",0,"8",7,"",180,"",1,"",0,"",5.3,"",.0,"8","U","",6.1,"",68,"",-.1,"",994.0,"",1007.4,"",7,-.4,"",.0,"8",0,"8","01","2","5","","5","","","3","","","8","","",0,"8",.0,"8",.0,"8","","8",0,"8","","",.0,"8",.0,"8",.0,"8",.0,"8",.0,"8",.0,"8",.0,"8",.0,"8",.0,"8",0,"8",0,"8",0,"8","","",0,"8",0,"8"
"352190360","P£OCK","2006","04","05","18","5","",0,"8",0,"8","","","",7,"",0,"8",0,"8",7,"",170,"",3,"",0,"",5.3,"",.0,"8","U","",6.0,"",67,"",-.3,"",994.2,"",1007.6,"",5,-.1,"",.5,"",6,"","80","2","7","","9","","","/","","","/","","",2,"",.0,"8",.0,"8","","8",0,"8","","",.0,"8",.0,"8",.0,"8",.0,"8",.0,"8",.0,"8",.0,"8",.0,"8",.0,"8",0,"8",0,"8",0,"8","","",0,"8",0,"8"
"352190360","P£OCK","2006","04","05","19","5","",0,"8",0,"8","","","",8,"",0,"8",0,"8",7,"",170,"",2,"",0,"",4.3,"",.0,"8","U","",6.0,"",72,"",-.3,"",994.2,"",1007.6,"",4,.0,"",.0,"8",0,"8","25","2","7","","9","","","/","","","/","","",0,"8",.0,"8",.0,"8","","8",0,"8","","",.0,"8",.0,"8",.0,"8",.0,"8",.0,"8",.0,"8",.0,"8",.0,"8",.0,"8",0,"8",0,"8",0,"8","","",0,"8",0,"8"
"352190360","P£OCK","2006","04","05","20","6","",0,"8",0,"8","","","",7,"",0,"8",0,"8",7,"",190,"",2,"",0,"",4.0,"",.0,"8","U","",5.8,"",71,"",-.8,"",994.0,"",1007.4,"",0,.0,"",.0,"8",0,"8","01","2","4","","5","","","3","","","/","","",0,"8",.0,"8",.0,"8","","8",0,"8","","",.0,"8",.0,"8",.0,"8",.0,"8",.0,"8",.0,"8",.0,"8",.0,"8",.0,"8",0,"8",0,"8",0,"8","","",0,"8",0,"8"
"352190360","P£OCK","2006","04","05","21","7","",0,"8",0,"8","","","",7,"",0,"8",0,"8",7,"",200,"",2,"",0,"",3.3,"",.0,"8","U","",6.2,"",80,"",.2,"",994.2,"",1007.7,"",5,.0,"",.0,"8",0,"8","02","8","4","","5","","","3","","","/","","",0,"8",.0,"8",.0,"8","","8",0,"8","","",.0,"8",.0,"8",.0,"8",.0,"8",.0,"8",.0,"8",.0,"8",.0,"8",.0,"8",0,"8",0,"8",0,"8","","",0,"8",0,"8"
"352190360","P£OCK","2006","04","05","22","7","",0,"8",0,"8","","","",7,"",0,"8",0,"8",7,"",220,"",3,"",0,"",3.2,"",.0,"8","U","",6.6,"",86,"",1.1,"",994.3,"",1007.8,"",3,.1,"",.0,"8",0,"8","02","2","4","","5","","","3","","","/","","",0,"8",.0,"8",.0,"8","","8",0,"8","","",.0,"8",.0,"8",.0,"8",.0,"8",.0,"8",.0,"8",.0,"8",.0,"8",.0,"8",0,"8",0,"8",0,"8","","",0,"8",0,"8"
"352190360","P£OCK","2006","04","05","23","9","",0,"8",0,"8","","","",7,"",0,"8",0,"8",3,"",280,"",4,"",0,"",3.1,"",.0,"8","U","",6.2,"",81,"",.2,"",994.5,"",1008.0,"",2,.5,"",.0,"8",0,"8","01","1","3","","0","","","3","","","0","","",0,"8",.0,"8",.0,"8","","8",0,"8","","",.0,"8",.0,"8",.0,"8",.0,"8",.0,"8",.0,"8",.0,"8",.0,"8",.0,"8",0,"8",0,"8",0,"8","","",0,"8",0,"8"
"352190360","P£OCK","2006","04","06","00","9","",0,"8",0,"8","","","",7,"",0,"8",0,"8",2,"",290,"",3,"",0,"",2.8,"",.0,"8","U","",5.6,"",75,"",-1.2,"",994.7,"",1008.2,"",2,.5,"",.0,"",6,"","01","8","2","","0","","","3","","","0","","",2,"",.0,"8",.0,"8","","8",0,"8","","",.0,"8",.0,"8",.0,"8",.0,"8",.0,"8",.0,"8",.0,"8",.0,"8",.0,"8",0,"8",0,"8",0,"8","","",0,"8",0,"8"
"352190360","P£OCK","2006","04","06","01","9","",0,"8",0,"8","","","",7,"",0,"8",0,"8",1,"",300,"",2,"",0,"",1.5,"",.0,"8","U","",5.3,"",78,"",-1.9,"",995.1,"",1008.7,"",3,.8,"",.0,"8",0,"8","01","0","1","","0","","","3","","","0","","",0,"8",.0,"8",.0,"8","","8",0,"8","","",.0,"8",.0,"8",.0,"8",.0,"8",.0,"8",.0,"8",.0,"8",.0,"8",.0,"8",0,"8",0,"8",0,"8","","",0,"8",0,"8"
"352190360","P£OCK","2006","04","06","02","9","",0,"8",0,"8","","","",7,"",0,"8",0,"8",1,"",290,"",3,"",0,"",.7,"",.0,"8","U","",5.0,"",77,"",-2.9,"",995.4,"",1009.0,"",2,.9,"",.0,"8",0,"8","02","0","1","","0","","","3","","","0","","",0,"8",.0,"8",.0,"8","","8",0,"8","","",.0,"8",.0,"8",.0,"8",.0,"8",.0,"8",.0,"8",.0,"8",.0,"8",.0,"8",0,"8",0,"8",0,"8","","",0,"8",0,"8"
"352190360","P£OCK","2006","04","06","03","9","",0,"8",0,"8","","","",7,"",0,"8",0,"8",0,"",290,"",2,"",0,"",.1,"",.0,"8","U","",5.0,"",81,"",-2.8,"",995.9,"",1009.5,"",2,1.2,"",.0,"8",0,"8","01","0","0","","0","","","0","","","0","","",0,"8",.0,"8",.0,"8","","8",0,"8","","",.0,"8",.0,"8",.0,"8",.0,"8",.0,"8",.0,"8",.0,"8",.0,"8",.0,"8",0,"8",0,"8",0,"8","","",0,"8",0,"8"
"352190360","P£OCK","2006","04","06","04","9","",0,"8",0,"8","","","",7,"",0,"8",0,"8",1,"",280,"",3,"",0,"",-.1,"",.0,"8","U","",5.2,"",85,"",-2.3,"",996.4,"",1010.1,"",3,1.3,"",.0,"8",0,"8","03","0","1","","0","","","3","","","0","","",0,"8",.0,"8",.0,"8","","8",0,"8","","",.0,"8",.0,"8",.0,"8",.0,"8",.0,"8",.0,"8",.0,"8",.0,"8",.0,"8",0,"8",0,"8",0,"8","","",0,"8",0,"8"
"352190360","P£OCK","2006","04","06","05","9","",0,"8",0,"8","","","",7,"",0,"8",0,"8",0,"",280,"",3,"",0,"",.2,"",.0,"8","U","",5.5,"",88,"",-1.6,"",997.1,"",1010.7,"",3,1.7,"",.0,"8",0,"8","01","0","0","","0","","","0","","","0","","",0,"8",.0,"8",.0,"8","","8",0,"8","","",.0,"8",.0,"8",.0,"8",.0,"8",.0,"8",.0,"8",.0,"8",.0,"8",.0,"8",0,"8",0,"8",0,"8","","",0,"8",0,"8"
"352190360","P£OCK","2006","04","06","06","4","",0,"8",0,"8","","","",7,"",0,"8",0,"8",1,"",270,"",4,"",0,"",1.1,"",.0,"8","U","",5.6,"",85,"",-1.1,"",997.7,"",1011.3,"",2,1.8,"",.0,"9",0,"9","03","0","1","","5","","","0","","","0","","",2,"",.0,"8",.0,"8","","8",0,"8","","",.0,"8",.0,"8",.0,"8",.0,"8",.0,"8",.0,"8",.0,"8",.0,"8",.0,"8",0,"8",0,"8",0,"8","","",0,"8",0,"8"
"352190360","P£OCK","2006","04","06","07","4","",0,"8",0,"8","","","",8,"",0,"8",0,"8",1,"",290,"",5,"",0,"",2.5,"",.0,"8","U","",5.7,"",78,"",-.9,"",998.2,"",1011.7,"",1,1.8,"",.0,"8",0,"8","03","0","1","","1","","","0","","","0","","",0,"8",.0,"8",.0,"8","","8",0,"8","","",.0,"8",.0,"8",.0,"8",.0,"8",.0,"8",.0,"8",.0,"8",.0,"8",.0,"8",0,"8",0,"8",0,"8","","",0,"8",0,"8"
"352190360","P£OCK","2006","04","06","08","5","",0,"8",0,"8","","","",8,"",0,"8",0,"8",6,"",290,"",5,"",0,"",3.2,"",.0,"8","U","",5.7,"",74,"",-1.0,"",998.9,"",1012.4,"",2,1.8,"",.0,"8",0,"8","03","1","6","","2","","","0","","","0","","",0,"8",.0,"8",.0,"8","","8",0,"8","","",.0,"8",.0,"8",.0,"8",.0,"8",.0,"8",.0,"8",.0,"8",.0,"8",.0,"8",0,"8",0,"8",0,"8","","",0,"8",0,"8"
"352190360","P£OCK","2006","04","06","09","5","",0,"8",0,"8","","","",8,"",0,"8",0,"8",7,"",270,"",5,"",0,"",3.6,"",.0,"8","U","",5.4,"",68,"",-1.8,"",999.5,"",1013.0,"",2,1.8,"",.0,"8",0,"8","03","1","7","","2","","","/","","","/","","",0,"8",.0,"8",.0,"8","","8",0,"8","","",.0,"8",.0,"8",.0,"8",.0,"8",.0,"8",.0,"8",.0,"8",.0,"8",.0,"8",0,"8",0,"8",0,"8","","",0,"8",0,"8"
"352190360","P£OCK","2006","04","06","10","5","",0,"8",0,"8","","","",8,"",0,"8",0,"8",7,"",280,"",6,"",0,"",3.7,"",.0,"8","U","",5.0,"",63,"",-2.7,"",999.7,"",1013.2,"",1,1.5,"",.0,"8",0,"8","03","2","7","","3","","","/","","","/","","",0,"8",.0,"8",.0,"8","","8",0,"8","","",.0,"8",.0,"8",.0,"8",.0,"8",.0,"8",.0,"8",.0,"8",.0,"8",.0,"8",0,"8",0,"8",0,"8","","",0,"8",0,"8"
"352190360","P£OCK","2006","04","06","11","5","",0,"8",0,"8","","","",8,"",0,"8",0,"8",7,"",270,"",6,"",0,"",4.4,"",.0,"8","U","",4.8,"",58,"",-3.2,"",1000.2,"",1013.7,"",2,1.3,"",.0,"8",0,"8","01","2","7","","2","","","/","","","/","","",0,"8",.0,"8",.0,"8","","8",0,"8","","",.0,"8",.0,"8",.0,"8",.0,"8",.0,"8",.0,"8",.0,"8",.0,"8",.0,"8",0,"8",0,"8",0,"8","","",0,"8",0,"8"
"352190360","P£OCK","2006","04","06","12","6","",0,"8",0,"8","","","",8,"",0,"8",0,"8",7,"",280,"",6,"",0,"",3.9,"",.0,"8","U","",4.8,"",60,"",-3.2,"",1000.8,"",1014.3,"",3,1.3,"",.0,"9",0,"9","02","1","7","","2","","","/","","","/","","",2,"",.0,"8",.0,"8","","8",0,"8","","",.0,"8",.0,"8",.0,"8",.0,"8",.0,"8",.0,"8",.0,"8",.0,"8",.0,"8",0,"8",0,"8",0,"8","","",0,"8",0,"8"
"352190360","P£OCK","2006","04","06","13","5","",0,"8",0,"8","","","",8,"",0,"8",0,"8",8,"",280,"",5,"",0,"",3.9,"",.0,"8","U","",4.8,"",60,"",-3.2,"",1001.2,"",1014.7,"",2,1.5,"",.0,"8",0,"8","01","2","8","","5","","","/","","","/","","",0,"8",.0,"8",.0,"8","","8",0,"8","","",.0,"8",.0,"8",.0,"8",.0,"8",.0,"8",.0,"8",.0,"8",.0,"8",.0,"8",0,"8",0,"8",0,"8","","",0,"8",0,"8"
"352190360","P£OCK","2006","04","06","14","6","",0,"8",0,"8","","","",8,"",0,"8",0,"8",8,"",280,"",5,"",0,"",4.0,"",.0,"8","U","",5.0,"",61,"",-2.9,"",1001.5,"",1015.0,"",1,1.3,"",.0,"8",0,"8","01","2","8","","5","","","/","","","/","","",0,"8",.0,"8",.0,"8","","8",0,"8","","",.0,"8",.0,"8",.0,"8",.0,"8",.0,"8",.0,"8",.0,"8",.0,"8",.0,"8",0,"8",0,"8",0,"8","","",0,"8",0,"8"
"352190360","P£OCK","2006","04","06","15","6","",0,"8",0,"8","","","",8,"",0,"8",0,"8",7,"",280,"",3,"",0,"",4.2,"",.0,"8","U","",4.9,"",60,"",-2.9,"",1001.6,"",1015.1,"",1,.8,"",.0,"8",0,"8","01","2","7","","5","","","/","","","/","","",0,"8",.0,"8",.0,"8","","8",0,"8","","",.0,"8",.0,"8",.0,"8",.0,"8",.0,"8",.0,"8",.0,"8",.0,"8",.0,"8",0,"8",0,"8",0,"8","","",0,"8",0,"8"
"352190360","P£OCK","2006","04","06","16","6","",0,"8",0,"8","","","",7,"",0,"8",0,"8",7,"",290,"",3,"",0,"",4.2,"",.0,"8","U","",4.9,"",59,"",-3.1,"",1001.8,"",1015.3,"",2,.6,"",.0,"8",0,"8","02","2","7","","5","","","/","","","/","","",0,"8",.0,"8",.0,"8","","8",0,"8","","",.0,"8",.0,"8",.0,"8",.0,"8",.0,"8",.0,"8",.0,"8",.0,"8",.0,"8",0,"8",0,"8",0,"8","","",0,"8",0,"8"
"352190360","P£OCK","2006","04","06","17","6","",0,"8",0,"8","","","",7,"",0,"8",0,"8",7,"",260,"",1,"",0,"",4.1,"",.0,"8","U","",5.0,"",61,"",-2.8,"",1001.8,"",1015.3,"",1,.3,"",.0,"8",0,"8","02","2","7","","5","","","/","","","/","","",0,"8",.0,"8",.0,"8","","8",0,"8","","",.0,"8",.0,"8",.0,"8",.0,"8",.0,"8",.0,"8",.0,"8",.0,"8",.0,"8",0,"8",0,"8",0,"8","","",0,"8",0,"8"
"352190360","P£OCK","2006","04","06","18","5","",0,"8",0,"8","","","",7,"",0,"8",0,"8",7,"",280,"",2,"",0,"",3.8,"",.0,"8","U","",5.0,"",62,"",-2.8,"",1002.3,"",1015.8,"",2,.7,"",.0,"9",0,"9","02","2","7","","5","","","/","","","/","","",2,"",.0,"8",.0,"8","","8",0,"8","","",.0,"8",.0,"8",.0,"8",.0,"8",.0,"8",.0,"8",.0,"8",.0,"8",.0,"8",0,"8",0,"8",0,"8","","",0,"8",0,"8"
"352190360","P£OCK","2006","04","06","19","6","",0,"8",0,"8","","","",7,"",0,"8",0,"8",7,"",220,"",3,"",0,"",3.3,"",.0,"8","U","",5.1,"",66,"",-2.5,"",1002.6,"",1016.2,"",3,.8,"",.0,"8",0,"8","02","2","7","","5","","","/","","","/","","",0,"8",.0,"8",.0,"8","","8",0,"8","","",.0,"8",.0,"8",.0,"8",.0,"8",.0,"8",.0,"8",.0,"8",.0,"8",.0,"8",0,"8",0,"8",0,"8","","",0,"8",0,"8"
"352190360","P£OCK","2006","04","06","20","6","",0,"8",0,"8","","","",7,"",0,"8",0,"8",1,"",300,"",1,"",0,"",1.9,"",.0,"8","U","",5.0,"",72,"",-2.6,"",1002.9,"",1016.5,"",1,1.1,"",.0,"8",0,"8","01","1","1","","5","","","0","","","0","","",0,"8",.0,"8",.0,"8","","8",0,"8","","",.0,"8",.0,"8",.0,"8",.0,"8",.0,"8",.0,"8",.0,"8",.0,"8",.0,"8",0,"8",0,"8",0,"8","","",0,"8",0,"8"
"352190360","P£OCK","2006","04","06","21","9","",0,"8",0,"8","","","",7,"",0,"8",0,"8",0,"",190,"",2,"",0,"",1.4,"",.0,"8","U","",5.2,"",77,"",-2.2,"",1003.0,"",1016.7,"",1,.7,"",.0,"8",0,"8","01","1","0","","0","","","0","","","0","","",0,"8",.0,"8",.0,"8","","8",0,"8","","",.0,"8",.0,"8",.0,"8",.0,"8",.0,"8",.0,"8",.0,"8",.0,"8",.0,"8",0,"8",0,"8",0,"8","","",0,"8",0,"8"
"352190360","P£OCK","2006","04","06","22","9","",0,"8",0,"8","","","",6,"",0,"8",0,"8",0,"",200,"",2,"",0,"",.9,"",.0,"8","U","",5.3,"",81,"",-2.0,"",1003.1,"",1016.8,"",1,.5,"",.0,"8",0,"8","10","0","0","","0","","","0","","","0","","",0,"8",.0,"8",.0,"8","","8",0,"8","","",.0,"8",.0,"8",.0,"8",.0,"8",.0,"8",.0,"8",.0,"8",.0,"8",.0,"8",0,"8",0,"8",0,"8","","",0,"8",0,"8"
"352190360","P£OCK","2006","04","06","23","9","",0,"8",0,"8","","","",6,"",0,"8",0,"8",0,"",190,"",2,"",0,"",.0,"",.0,"8","U","",5.1,"",83,"",-2.5,"",1003.2,"",1016.9,"",2,.3,"",.0,"8",0,"8","10","0","0","","0","","","0","","","0","","",0,"8",.0,"8",.0,"8","","8",0,"8","","",.0,"8",.0,"8",.0,"8",.0,"8",.0,"8",.0,"8",.0,"8",.0,"8",.0,"8",0,"8",0,"8",0,"8","","",0,"8",0,"8"
"352190360","P£OCK","2006","04","07","00","9","",0,"8",0,"8","","","",6,"",0,"8",0,"8",0,"",190,"",1,"",0,"",-.6,"",.0,"8","U","",5.0,"",86,"",-2.7,"",1003.1,"",1016.9,"",0,.1,"",.0,"9",0,"9","10","1","0","","0","","","0","","","0","","",4,"",.0,"8",.0,"8","","8",0,"8","","",.0,"8",.0,"8",.0,"8",.0,"8",.0,"8",.0,"8",.0,"8",.0,"8",.0,"8",0,"8",0,"8",0,"8","","",0,"8",0,"8"
"352190360","P£OCK","2006","04","07","01","9","",0,"8",0,"8","","","",6,"",0,"8",0,"8",0,"",170,"",2,"",0,"",-.3,"",.0,"8","U","",5.1,"",85,"",-2.5,"",1003.0,"",1016.8,"",8,-.1,"",.0,"8",0,"8","10","0","0","","0","","","0","","","0","","",0,"8",.0,"8",.0,"8","","8",0,"8","","",.0,"8",.0,"8",.0,"8",.0,"8",.0,"8",.0,"8",.0,"8",.0,"8",.0,"8",0,"8",0,"8",0,"8","","",0,"8",0,"8"
"352190360","P£OCK","2006","04","07","02","9","",0,"8",0,"8","","","",6,"",0,"8",0,"8",0,"",180,"",2,"",0,"",-.2,"",.0,"8","U","",4.9,"",81,"",-3.1,"",1003.0,"",1016.7,"",6,-.2,"",.0,"8",0,"8","10","0","0","","0","","","0","","","0","","",0,"8",.0,"8",.0,"8","","8",0,"8","","",.0,"8",.0,"8",.0,"8",.0,"8",.0,"8",.0,"8",.0,"8",.0,"8",.0,"8",0,"8",0,"8",0,"8","","",0,"8",0,"8"
"352190360","P£OCK","2006","04","07","03","9","",0,"8",0,"8","","","",6,"",0,"8",0,"8",1,"",190,"",3,"",0,"",-.1,"",.0,"8","U","",4.8,"",79,"",-3.3,"",1003.0,"",1016.7,"",6,-.1,"",.0,"8",0,"8","10","0","0","","0","","","0","","","1","","",0,"8",.0,"8",.0,"8","","8",0,"8","","",.0,"8",.0,"8",.0,"8",.0,"8",.0,"8",.0,"8",.0,"8",.0,"8",.0,"8",0,"8",0,"8",0,"8","","",0,"8",0,"8"
"352190360","P£OCK","2006","04","07","04","9","",0,"8",0,"8","","","",6,"",0,"8",0,"8",1,"",180,"",2,"",0,"",-.3,"",.0,"8","U","",4.7,"",79,"",-3.5,"",1003.1,"",1016.9,"",3,.1,"",.0,"8",0,"8","10","0","0","","0","","","0","","","1","","",0,"8",.0,"8",.0,"8","","8",0,"8","","",.0,"8",.0,"8",.0,"8",.0,"8",.0,"8",.0,"8",.0,"8",.0,"8",.0,"8",0,"8",0,"8",0,"8","","",0,"8",0,"8"
"352190360","P£OCK","2006","04","07","05","9","",0,"8",0,"8","","","",6,"",0,"8",0,"8",5,"",150,"",2,"",0,"",.3,"",.0,"8","U","",4.9,"",78,"",-3.1,"",1003.4,"",1017.1,"",3,.4,"",.0,"8",0,"8","10","1","0","","0","","","0","","","6","","",0,"8",.0,"8",.0,"8","","8",0,"8","","",.0,"8",.0,"8",.0,"8",.0,"8",.0,"8",.0,"8",.0,"8",.0,"8",.0,"8",0,"8",0,"8",0,"8","","",0,"8",0,"8"
"352190360","P£OCK","2006","04","07","06","9","",0,"8",0,"8","","","",6,"",0,"8",0,"8",6,"",150,"",3,"",0,"",1.0,"",.0,"8","U","",5.1,"",77,"",-2.6,"",1003.5,"",1017.2,"",2,.5,"",.0,"9",0,"9","10","1","0","","0","","","0","","","6","","",2,"",.0,"8",.0,"8","","8",0,"8","","",.0,"8",.0,"8",.0,"8",.0,"8",.0,"8",.0,"8",.0,"8",.0,"8",.0,"8",0,"8",0,"8",0,"8","","",0,"8",0,"8"
"352190360","P£OCK","2006","04","07","07","9","",0,"8",0,"8","","","",7,"",0,"8",0,"8",7,"",180,"",3,"",0,"",3.2,"",.0,"8","U","",5.1,"",67,"",-2.3,"",1003.5,"",1017.1,"",1,.4,"",.0,"8",0,"8","03","2","0","","0","","","0","","","6","","",0,"8",.0,"8",.0,"8","","8",0,"8","","",.0,"8",.0,"8",.0,"8",.0,"8",.0,"8",.0,"8",.0,"8",.0,"8",.0,"8",0,"8",0,"8",0,"8","","",0,"8",0,"8"
"352190360","P£OCK","2006","04","07","08","9","",0,"8",0,"8","","","",7,"",0,"8",0,"8",8,"",190,"",4,"",0,"",4.7,"",.0,"8","U","",5.3,"",62,"",-2.0,"",1003.3,"",1016.8,"",8,-.1,"",.0,"8",0,"8","03","2","0","","0","","","0","","","7","","",0,"8",.0,"8",.0,"8","","8",0,"8","","",.0,"8",.0,"8",.0,"8",.0,"8",.0,"8",.0,"8",.0,"8",.0,"8",.0,"8",0,"8",0,"8",0,"8","","",0,"8",0,"8"
"352190360","P£OCK","2006","04","07","09","9","",0,"8",0,"8","","","",7,"",0,"8",0,"8",8,"",210,"",4,"",0,"",6.5,"",.0,"8","U","",5.6,"",58,"",-1.2,"",1003.4,"",1016.8,"",5,-.1,"",.0,"8",0,"8","02","2","0","","0","","","0","","","7","","",0,"8",.0,"8",.0,"8","","8",0,"8","","",.0,"8",.0,"8",.0,"8",.0,"8",.0,"8",.0,"8",.0,"8",.0,"8",.0,"8",0,"8",0,"8",0,"8","","",0,"8",0,"8"
"352190360","P£OCK","2006","04","07","10","5","",0,"8",0,"8","","","",7,"",0,"8",0,"8",7,"",190,"",6,"",0,"",8.0,"",.0,"8","U","",5.5,"",51,"",-1.5,"",1003.2,"",1016.5,"",7,-.3,"",.0,"8",0,"8","03","2","2","","2","","","0","","","8","","",0,"8",.0,"8",.0,"8","","8",0,"8","","",.0,"8",.0,"8",.0,"8",.0,"8",.0,"8",.0,"8",.0,"8",.0,"8",.0,"8",0,"8",0,"8",0,"8","","",0,"8",0,"8"
"352190360","P£OCK","2006","04","07","11","6","",0,"8",0,"8","","","",8,"",0,"8",0,"8",7,"",230,"",4,"",0,"",8.7,"",.0,"8","U","",5.7,"",51,"",-.9,"",1002.9,"",1016.2,"",8,-.4,"",.0,"8",0,"8","02","2","2","","2","","","0","","","8","","",0,"8",.0,"8",.0,"8","","8",0,"8","","",.0,"8",.0,"8",.0,"8",.0,"8",.0,"8",.0,"8",.0,"8",.0,"8",.0,"8",0,"8",0,"8",0,"8","","",0,"8",0,"8"
"352190360","P£OCK","2006","04","07","12","6","",0,"8",0,"8","","","",7,"",0,"8",0,"8",6,"",230,"",4,"",0,"",9.3,"",.0,"8","U","",5.4,"",46,"",-1.7,"",1002.7,"",1016.0,"",7,-.7,"",.0,"9",0,"9","01","2","2","","2","","","0","","","8","","",2,"",.0,"8",.0,"8","","8",0,"8","","",.0,"8",.0,"8",.0,"8",.0,"8",.0,"8",.0,"8",.0,"8",.0,"8",.0,"8",0,"8",0,"8",0,"8","","",0,"8",0,"8"
"352190360","P£OCK","2006","04","07","13","7","",0,"8",0,"8","","","",8,"",0,"8",0,"8",5,"",230,"",3,"",0,"",10.4,"",.0,"8","U","",5.8,"",46,"",-.7,"",1002.2,"",1015.4,"",7,-1.0,"",.0,"8",0,"8","03","2","4","","2","","","0","","","1","","",0,"8",.0,"8",.0,"8","","8",0,"8","","",.0,"8",.0,"8",.0,"8",.0,"8",.0,"8",.0,"8",.0,"8",.0,"8",.0,"8",0,"8",0,"8",0,"8","","",0,"8",0,"8"
"352190360","P£OCK","2006","04","07","14","7","",0,"8",0,"8","","","",8,"",0,"8",0,"8",5,"",210,"",4,"",0,"",10.3,"",.0,"8","U","",5.8,"",46,"",-.8,"",1002.0,"",1015.2,"",7,-.9,"",.0,"8",0,"8","02","2","4","","2","","","0","","","1","","",0,"8",.0,"8",.0,"8","","8",0,"8","","",.0,"8",.0,"8",.0,"8",.0,"8",.0,"8",.0,"8",.0,"8",.0,"8",.0,"8",0,"8",0,"8",0,"8","","",0,"8",0,"8"
"352190360","P£OCK","2006","04","07","15","7","",0,"8",0,"8","","","",8,"",0,"8",0,"8",4,"",230,"",3,"",0,"",10.3,"",.0,"8","U","",5.1,"",41,"",-2.4,"",1001.8,"",1015.0,"",6,-.9,"",.0,"8",0,"8","01","1","3","","2","","","0","","","1","","",0,"8",.0,"8",.0,"8","","8",0,"8","","",.0,"8",.0,"8",.0,"8",.0,"8",.0,"8",.0,"8",.0,"8",.0,"8",.0,"8",0,"8",0,"8",0,"8","","",0,"8",0,"8"
"352190360","P£OCK","2006","04","07","16","7","",0,"8",0,"8","","","",8,"",0,"8",0,"8",3,"",210,"",4,"",0,"",9.7,"",.0,"8","U","",5.3,"",44,"",-2.0,"",1001.9,"",1015.1,"",5,-.3,"",.0,"8",0,"8","01","0","2","","2","","","0","","","1","","",0,"8",.0,"8",.0,"8","","8",0,"8","","",.0,"8",.0,"8",.0,"8",.0,"8",.0,"8",.0,"8",.0,"8",.0,"8",.0,"8",0,"8",0,"8",0,"8","","",0,"8",0,"8"
"352190360","P£OCK","2006","04","07","17","6","",0,"8",0,"8","","","",7,"",0,"8",0,"8",4,"",200,"",2,"",0,"",8.8,"",.0,"8","U","",5.4,"",48,"",-1.6,"",1002.2,"",1015.5,"",3,.2,"",.0,"8",0,"8","01","0","3","","5","","","0","","","1","","",0,"8",.0,"8",.0,"8","","8",0,"8","","",.0,"8",.0,"8",.0,"8",.0,"8",.0,"8",.0,"8",.0,"8",.0,"8",.0,"8",0,"8",0,"8",0,"8","","",0,"8",0,"8"
"352190360","P£OCK","2006","04","07","18","6","",0,"8",0,"8","","","",7,"",0,"8",0,"8",5,"",160,"",2,"",0,"",8.0,"",.0,"8","U","",5.6,"",52,"",-1.3,"",1002.6,"",1015.9,"",3,.8,"",.0,"9",0,"9","01","1","1","","5","","","3","","","1","","",2,"",.0,"8",.0,"8","","8",0,"8","","",.0,"8",.0,"8",.0,"8",.0,"8",.0,"8",.0,"8",.0,"8",.0,"8",.0,"8",0,"8",0,"8",0,"8","","",0,"8",0,"8"
"352190360","P£OCK","2006","04","07","19","6","",0,"8",0,"8","","","",7,"",0,"8",0,"8",4,"",170,"",2,"",0,"",7.2,"",.0,"8","U","",5.7,"",56,"",-1.0,"",1002.9,"",1016.3,"",2,1.0,"",.0,"8",0,"8","01","1","1","","5","","","3","","","0","","",0,"8",.0,"8",.0,"8","","8",0,"8","","",.0,"8",.0,"8",.0,"8",.0,"8",.0,"8",.0,"8",.0,"8",.0,"8",.0,"8",0,"8",0,"8",0,"8","","",0,"8",0,"8"
"352190360","P£OCK","2006","04","07","20","9","",0,"8",0,"8","","","",7,"",0,"8",0,"8",4,"",160,"",2,"",0,"",6.2,"",.0,"8","U","",5.7,"",60,"",-1.0,"",1003.0,"",1016.4,"",1,.8,"",.0,"8",0,"8","01","0","4","","0","","","3","","","0","","",0,"8",.0,"8",.0,"8","","8",0,"8","","",.0,"8",.0,"8",.0,"8",.0,"8",.0,"8",.0,"8",.0,"8",.0,"8",.0,"8",0,"8",0,"8",0,"8","","",0,"8",0,"8"
"352190360","P£OCK","2006","04","07","21","9","",0,"8",0,"8","","","",6,"",0,"8",0,"8",4,"",160,"",2,"",0,"",5.7,"",.0,"8","U","",5.8,"",63,"",-.8,"",1003.1,"",1016.6,"",1,.5,"",.0,"8",0,"8","05","1","4","","0","","","3","","","0","","",0,"8",.0,"8",.0,"8","","8",0,"8","","",.0,"8",.0,"8",.0,"8",.0,"8",.0,"8",.0,"8",.0,"8",.0,"8",.0,"8",0,"8",0,"8",0,"8","","",0,"8",0,"8"
"352190360","P£OCK","2006","04","07","22","9","",0,"8",0,"8","","","",6,"",0,"8",0,"8",3,"",140,"",2,"",0,"",5.2,"",.0,"8","U","",5.9,"",67,"",-.4,"",1003.1,"",1016.6,"",1,.2,"",.0,"8",0,"8","05","0","2","","0","","","3","","","1","","",0,"8",.0,"8",.0,"8","","8",0,"8","","",.0,"8",.0,"8",.0,"8",.0,"8",.0,"8",.0,"8",.0,"8",.0,"8",.0,"8",0,"8",0,"8",0,"8","","",0,"8",0,"8"
"352190360","P£OCK","2006","04","07","23","9","",0,"8",0,"8","","","",6,"",0,"8",0,"8",3,"",140,"",2,"",0,"",5.0,"",.0,"8","U","",5.9,"",68,"",-.4,"",1003.0,"",1016.5,"",0,.0,"",.0,"8",0,"8","05","0","2","","0","","","3","","","1","","",0,"8",.0,"8",.0,"8","","8",0,"8","","",.0,"8",.0,"8",.0,"8",.0,"8",.0,"8",.0,"8",.0,"8",.0,"8",.0,"8",0,"8",0,"8",0,"8","","",0,"8",0,"8"
"352190360","P£OCK","2006","04","08","00","9","",0,"8",0,"8","","","",6,"",0,"8",0,"8",3,"",140,"",2,"",0,"",4.2,"",.0,"8","U","",5.8,"",70,"",-.8,"",1002.7,"",1016.2,"",8,-.4,"",.0,"9",0,"9","05","1","2","","0","","","3","","","1","","",2,"",.0,"8",.0,"8","","8",0,"8","","",.0,"8",.0,"8",.0,"8",.0,"8",.0,"8",.0,"8",.0,"8",.0,"8",.0,"8",0,"8",0,"8",0,"8","","",0,"8",0,"8"
"352190360","P£OCK","2006","04","08","01","9","",0,"8",0,"8","","","",6,"",0,"8",0,"8",2,"",130,"",2,"",0,"",3.1,"",.0,"8","U","",5.4,"",71,"",-1.7,"",1002.6,"",1016.2,"",7,-.5,"",.0,"8",0,"8","10","0","1","","0","","","3","","","1","","",0,"8",.0,"8",.0,"8","","8",0,"8","","",.0,"8",.0,"8",.0,"8",.0,"8",.0,"8",.0,"8",.0,"8",.0,"8",.0,"8",0,"8",0,"8",0,"8","","",0,"8",0,"8"
"352190360","P£OCK","2006","04","08","02","9","",0,"8",0,"8","","","",6,"",0,"8",0,"8",2,"",120,"",2,"",0,"",1.8,"",.0,"8","U","",5.2,"",75,"",-2.2,"",1002.5,"",1016.1,"",6,-.5,"",.0,"8",0,"8","10","0","1","","0","","","3","","","1","","",0,"8",.0,"8",.0,"8","","8",0,"8","","",.0,"8",.0,"8",.0,"8",.0,"8",.0,"8",.0,"8",.0,"8",.0,"8",.0,"8",0,"8",0,"8",0,"8","","",0,"8",0,"8"
"352190360","P£OCK","2006","04","08","03","9","",0,"8",0,"8","","","",6,"",0,"8",0,"8",2,"",140,"",2,"",0,"",2.2,"",.0,"8","U","",5.2,"",72,"",-2.3,"",1002.5,"",1016.1,"",6,-.2,"",.0,"8",0,"8","10","0","1","","0","","","3","","","1","","",0,"8",.0,"8",.0,"8","","8",0,"8","","",.0,"8",.0,"8",.0,"8",.0,"8",.0,"8",.0,"8",.0,"8",.0,"8",.0,"8",0,"8",0,"8",0,"8","","",0,"8",0,"8"
"352190360","P£OCK","2006","04","08","04","9","",0,"8",0,"8","","","",6,"",0,"8",0,"8",2,"",160,"",2,"",0,"",1.8,"",.0,"8","U","",5.1,"",73,"",-2.5,"",1002.5,"",1016.1,"",6,-.1,"",.0,"8",0,"8","10","0","1","","0","","","3","","","1","","",0,"8",.0,"8",.0,"8","","8",0,"8","","",.0,"8",.0,"8",.0,"8",.0,"8",.0,"8",.0,"8",.0,"8",.0,"8",.0,"8",0,"8",0,"8",0,"8","","",0,"8",0,"8"
"352190360","P£OCK","2006","04","08","05","9","",0,"8",0,"8","","","",6,"",0,"8",0,"8",5,"",130,"",2,"",0,"",1.8,"",.0,"8","U","",5.2,"",75,"",-2.2,"",1002.7,"",1016.3,"",3,.2,"",.0,"8",0,"8","10","1","1","","0","","","8","","","6","","",0,"8",.0,"8",.0,"8","","8",0,"8","","",.0,"8",.0,"8",.0,"8",.0,"8",.0,"8",.0,"8",.0,"8",.0,"8",.0,"8",0,"8",0,"8",0,"8","","",0,"8",0,"8"
"352190360","P£OCK","2006","04","08","06","9","",0,"8",0,"8","","","",6,"",0,"8",0,"8",5,"",150,"",3,"",0,"",3.6,"",.0,"8","U","",5.5,"",69,"",-1.6,"",1002.9,"",1016.5,"",3,.4,"",.0,"9",0,"9","10","1","1","","0","","","3","","","6","","",2,"",.0,"8",.0,"8","","8",0,"8","","",.0,"8",.0,"8",.0,"8",.0,"8",.0,"8",.0,"8",.0,"8",.0,"8",.0,"8",0,"8",0,"8",0,"8","","",0,"8",0,"8"
"352190360","P£OCK","2006","04","08","07","9","",0,"8",0,"8","","","",6,"",0,"8",0,"8",7,"",160,"",3,"",0,"",5.8,"",.0,"8","U","",5.6,"",61,"",-1.1,"",1002.8,"",1016.2,"",0,.3,"",.0,"8",0,"8","05","2","0","","0","","","0","","","6","","",0,"8",.0,"8",.0,"8","","8",0,"8","","",.0,"8",.0,"8",.0,"8",.0,"8",.0,"8",.0,"8",.0,"8",.0,"8",.0,"8",0,"8",0,"8",0,"8","","",0,"8",0,"8"
"352190360","P£OCK","2006","04","08","08","9","",0,"8",0,"8","","","",6,"",0,"8",0,"8",7,"",160,"",3,"",0,"",8.1,"",.0,"8","U","",5.4,"",50,"",-1.7,"",1002.9,"",1016.2,"",2,.2,"",.0,"8",0,"8","05","2","0","","0","","","0","","","8","","",0,"8",.0,"8",.0,"8","","8",0,"8","","",.0,"8",.0,"8",.0,"8",.0,"8",.0,"8",.0,"8",.0,"8",.0,"8",.0,"8",0,"8",0,"8",0,"8","","",0,"8",0,"8"
"352190360","P£OCK","2006","04","08","09","9","",0,"8",0,"8","","","",7,"",0,"8",0,"8",7,"",170,"",4,"",0,"",10.3,"",.0,"8","U","",5.5,"",44,"",-1.4,"",1002.6,"",1015.8,"",7,-.3,"",.0,"8",0,"8","02","2","0","","0","","","0","","","8","","",0,"8",.0,"8",.0,"8","","8",0,"8","","",.0,"8",.0,"8",.0,"8",.0,"8",.0,"8",.0,"8",.0,"8",.0,"8",.0,"8",0,"8",0,"8",0,"8","","",0,"8",0,"8"
"352190360","P£OCK","2006","04","08","10","9","",0,"8",0,"8","","","",7,"",0,"8",0,"8",7,"",160,"",5,"",0,"",11.3,"",.0,"8","U","",4.8,"",36,"",-3.3,"",1002.0,"",1015.2,"",8,-.8,"",.0,"8",0,"8","02","2","0","","0","","","0","","","8","","",0,"8",.0,"8",.0,"8","","8",0,"8","","",.0,"8",.0,"8",.0,"8",.0,"8",.0,"8",.0,"8",.0,"8",.0,"8",.0,"8",0,"8",0,"8",0,"8","","",0,"8",0,"8"
"352190360","P£OCK","2006","04","08","11","7","",0,"8",0,"8","","","",7,"",0,"8",0,"8",7,"",160,"",5,"",0,"",12.1,"",.0,"8","U","",5.2,"",37,"",-2.2,"",1001.6,"",1014.7,"",7,-1.3,"",.0,"8",0,"8","03","2","1","","1","","","0","","","8","","",0,"8",.0,"8",.0,"8","","8",0,"8","","",.0,"8",.0,"8",.0,"8",.0,"8",.0,"8",.0,"8",.0,"8",.0,"8",.0,"8",0,"8",0,"8",0,"8","","",0,"8",0,"8"
"352190360","P£OCK","2006","04","08","12","7","",0,"8",0,"8","","","",8,"",0,"8",0,"8",5,"",180,"",5,"",0,"",12.3,"",.0,"8","U","",4.6,"",32,"",-3.9,"",1001.1,"",1014.2,"",7,-1.5,"",.0,"9",0,"9","03","2","1","","1","","","0","","","8","","",2,"",.0,"8",.0,"8","","8",0,"8","","",.0,"8",.0,"8",.0,"8",.0,"8",.0,"8",.0,"8",.0,"8",.0,"8",.0,"8",0,"8",0,"8",0,"8","","",0,"8",0,"8"
"352190360","P£OCK","2006","04","08","13","7","",0,"8",0,"8","","","",8,"",0,"8",0,"8",5,"",160,"",5,"",0,"",12.4,"",.0,"8","U","",4.9,"",34,"",-3.0,"",1000.4,"",1013.5,"",8,-1.6,"",.0,"8",0,"8","02","2","1","","1","","","0","","","8","","",0,"8",.0,"8",.0,"8","","8",0,"8","","",.0,"8",.0,"8",.0,"8",.0,"8",.0,"8",.0,"8",.0,"8",.0,"8",.0,"8",0,"8",0,"8",0,"8","","",0,"8",0,"8"
"352190360","P£OCK","2006","04","08","14","7","",0,"8",0,"8","","","",8,"",0,"8",0,"8",7,"",150,"",5,"",0,"",12.8,"",.0,"8","U","",5.0,"",34,"",-2.7,"",999.8,"",1012.9,"",7,-1.8,"",.0,"8",0,"8","03","2","2","","2","","","0","","","6","","",0,"8",.0,"8",.0,"8","","8",0,"8","","",.0,"8",.0,"8",.0,"8",.0,"8",.0,"8",.0,"8",.0,"8",.0,"8",.0,"8",0,"8",0,"8",0,"8","","",0,"8",0,"8"
"352190360","P£OCK","2006","04","08","15","7","",0,"8",0,"8","","","",8,"",0,"8",0,"8",7,"",150,"",5,"",0,"",12.6,"",.0,"8","U","",4.7,"",32,"",-3.7,"",999.4,"",1012.5,"",6,-1.7,"",.0,"8",0,"8","01","2","1","","1","","","0","","","8","","",0,"8",.0,"8",.0,"8","","8",0,"8","","",.0,"8",.0,"8",.0,"8",.0,"8",.0,"8",.0,"8",.0,"8",.0,"8",.0,"8",0,"8",0,"8",0,"8","","",0,"8",0,"8"
"352190360","P£OCK","2006","04","08","16","9","",0,"8",0,"8","","","",8,"",0,"8",0,"8",7,"",160,"",4,"",0,"",12.2,"",.0,"8","U","",4.7,"",33,"",-3.6,"",999.0,"",1012.1,"",6,-1.4,"",.0,"8",0,"8","01","2","0","","0","","","0","","","8","","",0,"8",.0,"8",.0,"8","","8",0,"8","","",.0,"8",.0,"8",.0,"8",.0,"8",.0,"8",.0,"8",.0,"8",.0,"8",.0,"8",0,"8",0,"8",0,"8","","",0,"8",0,"8"
"352190360","P£OCK","2006","04","08","17","9","",0,"8",0,"8","","","",8,"",0,"8",0,"8",7,"",150,"",2,"",0,"",11.1,"",.0,"8","U","",4.7,"",36,"",-3.4,"",998.8,"",1011.9,"",6,-1.0,"",.0,"8",0,"8","02","2","0","","0","","","0","","","8","","",0,"8",.0,"8",.0,"8","","8",0,"8","","",.0,"8",.0,"8",.0,"8",.0,"8",.0,"8",.0,"8",.0,"8",.0,"8",.0,"8",0,"8",0,"8",0,"8","","",0,"8",0,"8"
"352190360","P£OCK","2006","04","08","18","9","",0,"8",0,"8","","","",6,"",0,"8",0,"8",5,"",120,"",3,"",0,"",8.5,"",.0,"8","U","",5.3,"",48,"",-1.9,"",999.0,"",1012.3,"",5,-.4,"",.0,"9",0,"9","05","2","0","","0","","","0","","","8","","",2,"",.0,"8",.0,"8","","8",0,"8","","",.0,"8",.0,"8",.0,"8",.0,"8",.0,"8",.0,"8",.0,"8",.0,"8",.0,"8",0,"8",0,"8",0,"8","","",0,"8",0,"8"
"352190360","P£OCK","2006","04","08","19","9","",0,"8",0,"8","","","",6,"",0,"8",0,"8",2,"",120,"",3,"",0,"",7.1,"",.0,"8","U","",5.4,"",54,"",-1.6,"",999.0,"",1012.3,"",4,.0,"",.0,"8",0,"8","05","1","0","","0","","","0","","","1","","",0,"8",.0,"8",.0,"8","","8",0,"8","","",.0,"8",.0,"8",.0,"8",.0,"8",.0,"8",.0,"8",.0,"8",.0,"8",.0,"8",0,"8",0,"8",0,"8","","",0,"8",0,"8"
"352190360","P£OCK","2006","04","08","20","9","",0,"8",0,"8","","","",7,"",0,"8",0,"8",0,"",120,"",3,"",0,"",6.2,"",.0,"8","U","",5.2,"",55,"",-2.2,"",998.6,"",1012.0,"",8,-.2,"",.0,"8",0,"8","01","0","0","","0","","","0","","","0","","",0,"8",.0,"8",.0,"8","","8",0,"8","","",.0,"8",.0,"8",.0,"8",.0,"8",.0,"8",.0,"8",.0,"8",.0,"8",.0,"8",0,"8",0,"8",0,"8","","",0,"8",0,"8"
"352190360","P£OCK","2006","04","08","21","9","",0,"8",0,"8","","","",7,"",0,"8",0,"8",0,"",130,"",3,"",0,"",5.6,"",.0,"8","U","",5.2,"",57,"",-2.3,"",998.3,"",1011.7,"",8,-.7,"",.0,"8",0,"8","02","1","0","","0","","","0","","","0","","",0,"8",.0,"8",.0,"8","","8",0,"8","","",.0,"8",.0,"8",.0,"8",.0,"8",.0,"8",.0,"8",.0,"8",.0,"8",.0,"8",0,"8",0,"8",0,"8","","",0,"8",0,"8"
"352190360","P£OCK","2006","04","08","22","9","",0,"8",0,"8","","","",7,"",0,"8",0,"8",0,"",140,"",3,"",0,"",6.1,"",.0,"8","U","",5.2,"",55,"",-2.3,"",998.2,"",1011.6,"",6,-.8,"",.0,"8",0,"8","02","0","0","","0","","","0","","","0","","",0,"8",.0,"8",.0,"8","","8",0,"8","","",.0,"8",.0,"8",.0,"8",.0,"8",.0,"8",.0,"8",.0,"8",.0,"8",.0,"8",0,"8",0,"8",0,"8","","",0,"8",0,"8"
"352190360","P£OCK","2006","04","08","23","9","",0,"8",0,"8","","","",7,"",0,"8",0,"8",0,"",140,"",3,"",0,"",5.2,"",.0,"8","U","",5.2,"",59,"",-2.2,"",997.8,"",1011.2,"",7,-.8,"",.0,"8",0,"8","02","0","0","","0","","","0","","","0","","",0,"8",.0,"8",.0,"8","","8",0,"8","","",.0,"8",.0,"8",.0,"8",.0,"8",.0,"8",.0,"8",.0,"8",.0,"8",.0,"8",0,"8",0,"8",0,"8","","",0,"8",0,"8"
"352190360","P£OCK","2006","04","09","00","9","",0,"8",0,"8","","","",7,"",0,"8",0,"8",0,"",150,"",2,"",0,"",5.1,"",.0,"8","U","",5.1,"",58,"",-2.5,"",997.3,"",1010.7,"",8,-1.0,"",.0,"9",0,"9","02","1","0","","0","","","0","","","0","","",2,"",.0,"8",.0,"8","","8",0,"8","","",.0,"8",.0,"8",.0,"8",.0,"8",.0,"8",.0,"8",.0,"8",.0,"8",.0,"8",0,"8",0,"8",0,"8","","",0,"8",0,"8"
"352190360","P£OCK","2006","04","09","01","9","",0,"8",0,"8","","","",7,"",0,"8",0,"8",0,"",170,"",2,"",0,"",5.3,"",.0,"8","U","",5.0,"",56,"",-2.8,"",997.0,"",1010.4,"",7,-1.2,"",.0,"8",0,"8","02","0","0","","0","","","0","","","0","","",0,"8",.0,"8",.0,"8","","8",0,"8","","",.0,"8",.0,"8",.0,"8",.0,"8",.0,"8",.0,"8",.0,"8",.0,"8",.0,"8",0,"8",0,"8",0,"8","","",0,"8",0,"8"
"352190360","P£OCK","2006","04","09","02","9","",0,"8",0,"8","","","",7,"",0,"8",0,"8",0,"",140,"",2,"",0,"",3.8,"",.0,"8","U","",5.0,"",63,"",-2.6,"",996.6,"",1010.1,"",7,-1.2,"",.0,"8",0,"8","02","0","0","","0","","","0","","","0","","",0,"8",.0,"8",.0,"8","","8",0,"8","","",.0,"8",.0,"8",.0,"8",.0,"8",.0,"8",.0,"8",.0,"8",.0,"8",.0,"8",0,"8",0,"8",0,"8","","",0,"8",0,"8"
"352190360","P£OCK","2006","04","09","03","9","",0,"8",0,"8","","","",7,"",0,"8",0,"8",0,"",130,"",3,"",0,"",3.1,"",.0,"8","U","",5.0,"",66,"",-2.6,"",996.3,"",1009.8,"",7,-1.0,"",.0,"8",0,"8","02","0","0","","0","","","0","","","0","","",0,"8",.0,"8",.0,"8","","8",0,"8","","",.0,"8",.0,"8",.0,"8",.0,"8",.0,"8",.0,"8",.0,"8",.0,"8",.0,"8",0,"8",0,"8",0,"8","","",0,"8",0,"8"
"352190360","P£OCK","2006","04","09","04","9","",0,"8",0,"8","","","",7,"",0,"8",0,"8",3,"",140,"",3,"",0,"",3.5,"",.0,"8","U","",5.2,"",66,"",-2.3,"",996.0,"",1009.5,"",7,-1.0,"",.0,"8",0,"8","03","0","1","","0","","","3","","","1","","",0,"8",.0,"8",.0,"8","","8",0,"8","","",.0,"8",.0,"8",.0,"8",.0,"8",.0,"8",.0,"8",.0,"8",.0,"8",.0,"8",0,"8",0,"8",0,"8","","",0,"8",0,"8"
"352190360","P£OCK","2006","04","09","05","9","",0,"8",0,"8","","","",7,"",0,"8",0,"8",5,"",150,"",2,"",0,"",3.7,"",.0,"8","U","",5.3,"",67,"",-1.9,"",996.1,"",1009.6,"",5,-.5,"",.0,"8",0,"8","01","1","0","","0","","","0","","","6","","",0,"8",.0,"8",.0,"8","","8",0,"8","","",.0,"8",.0,"8",.0,"8",.0,"8",.0,"8",.0,"8",.0,"8",.0,"8",.0,"8",0,"8",0,"8",0,"8","","",0,"8",0,"8"
"352190360","P£OCK","2006","04","09","06","9","",0,"8",0,"8","","","",7,"",0,"8",0,"8",5,"",160,"",2,"",0,"",5.0,"",.0,"8","U","",5.8,"",66,"",-.8,"",996.1,"",1009.5,"",6,-.2,"",.0,"9",0,"9","02","1","0","","0","","","0","","","8","","",1,"",.0,"8",.0,"8","","8",0,"8","","",.0,"8",.0,"8",.0,"8",.0,"8",.0,"8",.0,"8",.0,"8",.0,"8",.0,"8",0,"8",0,"8",0,"8","","",0,"8",0,"8"
"352190360","P£OCK","2006","04","09","07","9","",0,"8",0,"8","","","",7,"",0,"8",0,"8",5,"",170,"",3,"",0,"",8.2,"",.0,"8","U","",6.0,"",55,"",-.3,"",995.8,"",1009.0,"",8,-.2,"",.0,"8",0,"8","02","2","0","","0","","","0","","","8","","",0,"8",.0,"8",.0,"8","","8",0,"8","","",.0,"8",.0,"8",.0,"8",.0,"8",.0,"8",.0,"8",.0,"8",.0,"8",.0,"8",0,"8",0,"8",0,"8","","",0,"8",0,"8"
"352190360","P£OCK","2006","04","09","08","9","",0,"8",0,"8","","","",7,"",0,"8",0,"8",5,"",180,"",4,"",0,"",10.9,"",.0,"8","U","",6.1,"",47,"",.0,"",995.5,"",1008.6,"",8,-.6,"",.0,"8",0,"8","02","2","0","","0","","","0","","","8","","",0,"8",.0,"8",.0,"8","","8",0,"8","","",.0,"8",.0,"8",.0,"8",.0,"8",.0,"8",.0,"8",.0,"8",.0,"8",.0,"8",0,"8",0,"8",0,"8","","",0,"8",0,"8"
"352190360","P£OCK","2006","04","09","09","9","",0,"8",0,"8","","","",7,"",0,"8",0,"8",3,"",200,"",5,"",0,"",13.6,"",.0,"8","U","",6.8,"",44,"",1.6,"",995.5,"",1008.5,"",6,-.6,"",.0,"8",0,"8","01","1","0","","0","","","0","","","8","","",0,"8",.0,"8",.0,"8","","8",0,"8","","",.0,"8",.0,"8",.0,"8",.0,"8",.0,"8",.0,"8",.0,"8",.0,"8",.0,"8",0,"8",0,"8",0,"8","","",0,"8",0,"8"
"352190360","P£OCK","2006","04","09","10","6","",0,"8",0,"8","","","",7,"",0,"8",0,"8",7,"",230,"",6,"",0,"",12.9,"",.0,"8","U","",6.5,"",44,"",.9,"",995.6,"",1008.6,"",5,-.2,"",.0,"8",0,"8","03","1","1","","5","","","5","","","6","","",0,"8",.0,"8",.0,"8","","8",0,"8","","",.0,"8",.0,"8",.0,"8",.0,"8",.0,"8",.0,"8",.0,"8",.0,"8",.0,"8",0,"8",0,"8",0,"8","","",0,"8",0,"8"
"352190360","P£OCK","2006","04","09","11","7","",0,"8",0,"8","","","",7,"",0,"8",0,"8",7,"",220,"",7,"",0,"",13.2,"",.0,"8","U","",6.4,"",42,"",.6,"",995.7,"",1008.7,"",3,.2,"",.0,"8",0,"8","03","2","5","","5","","","3","","","/","","",0,"8",.0,"8",.0,"8","","8",0,"8","","",.0,"8",.0,"8",.0,"8",.0,"8",.0,"8",.0,"8",.0,"8",.0,"8",.0,"8",0,"8",0,"8",0,"8","","",0,"8",0,"8"
"352190360","P£OCK","2006","04","09","12","7","",0,"8",0,"8","","","",7,"",0,"8",0,"8",8,"",200,"",5,"",0,"",13.4,"",.0,"8","U","",7.2,"",47,"",2.3,"",996.0,"",1009.0,"",3,.5,"",.0,"9",0,"9","03","1","5","","5","","","3","","","/","","",1,"",.0,"8",.0,"8","","8",0,"8","","",.0,"8",.0,"8",.0,"8",.0,"8",.0,"8",.0,"8",.0,"8",.0,"8",.0,"8",0,"8",0,"8",0,"8","","",0,"8",0,"8"
"352190360","P£OCK","2006","04","09","13","6","",0,"8",0,"8","","","",7,"",0,"8",0,"8",8,"",240,"",8,"",0,"",12.3,"",.0,"8","U","",7.0,"",49,"",1.9,"",996.2,"",1009.3,"",2,.6,"",.0,"8",0,"8","80","2","5","","9","","","7","","","/","","",0,"8",.0,"8",.0,"8","","8",0,"8","","",.0,"8",.0,"8",.0,"8",.0,"8",.0,"8",.0,"8",.0,"8",.0,"8",.0,"8",0,"8",0,"8",0,"8","","",0,"8",0,"8"
"352190360","P£OCK","2006","04","09","14","7","",0,"8",0,"8","","","",7,"",0,"8",0,"8",8,"",210,"",5,"",0,"",11.0,"",.0,"8","U","",7.3,"",56,"",2.6,"",996.4,"",1009.5,"",2,.7,"",.0,"8",0,"8","25","2","8","","5","","","/","","","/","","",0,"8",.0,"8",.0,"8","","8",0,"8","","",.0,"8",.0,"8",.0,"8",.0,"8",.0,"8",.0,"8",.0,"8",.0,"8",.0,"8",0,"8",0,"8",0,"8","","",0,"8",0,"8"
"352190360","P£OCK","2006","04","09","15","9","",0,"8",0,"8","","","",7,"",0,"8",0,"8",8,"",210,"",6,"",0,"",11.3,"",.0,"8","U","",6.8,"",51,"",1.5,"",996.6,"",1009.7,"",2,.6,"",.0,"8",0,"8","01","8","8","","0","","","7","","","/","","",0,"8",.0,"8",.0,"8","","8",0,"8","","",.0,"8",.0,"8",.0,"8",.0,"8",.0,"8",.0,"8",.0,"8",.0,"8",.0,"8",0,"8",0,"8",0,"8","","",0,"8",0,"8"
"352190360","P£OCK","2006","04","09","16","6","",0,"8",0,"8","","","",7,"",0,"8",0,"8",8,"",200,"",6,"",0,"",9.5,"",.0,"8","U","",7.2,"",61,"",2.3,"",997.0,"",1010.2,"",3,.8,"",.0,"8",0,"8","03","2","2","","5","","","7","","","/","","",0,"8",.0,"8",.0,"8","","8",0,"8","","",.0,"8",.0,"8",.0,"8",.0,"8",.0,"8",.0,"8",.0,"8",.0,"8",.0,"8",0,"8",0,"8",0,"8","","",0,"8",0,"8"
"352190360","P£OCK","2006","04","09","17","6","",0,"8",0,"8","","","",7,"",0,"8",0,"8",8,"",210,"",4,"",0,"",8.7,"",.0,"8","U","",7.8,"",69,"",3.3,"",997.4,"",1010.6,"",3,1.0,"",.0,"8",0,"8","80","2","6","","9","","","7","","","/","","",0,"8",.0,"8",.0,"8","","8",0,"8","","",.0,"8",.0,"8",.0,"8",.0,"8",.0,"8",.0,"8",.0,"8",.0,"8",.0,"8",0,"8",0,"8",0,"8","","",0,"8",0,"8"
"352190360","P£OCK","2006","04","09","18","6","",0,"8",0,"8","","","",6,"",0,"8",0,"8",8,"",210,"",6,"",11,"",7.5,"",.0,"8","U","",8.6,"",83,"",4.8,"",998.2,"",1011.5,"",3,1.6,"",.2,"",6,"","80","8","6","","9","","","7","","","/","","",2,"",.0,"8",.0,"8","","8",0,"8","","",.0,"8",.0,"8",.0,"8",.0,"8",.0,"8",.0,"8",.0,"8",.0,"8",.0,"8",0,"8",0,"8",0,"8","","",0,"8",0,"8"
"352190360","P£OCK","2006","04","09","19","6","",0,"8",0,"8","","","",7,"",0,"8",0,"8",7,"",200,"",3,"",0,"",6.6,"",.0,"8","U","",7.6,"",78,"",3.0,"",998.1,"",1011.4,"",0,1.1,"",.0,"8",0,"8","25","2","2","","9","","","3","","","/","","",0,"8",.0,"8",.0,"8","","8",0,"8","","",.0,"8",.0,"8",.0,"8",.0,"8",.0,"8",.0,"8",.0,"8",.0,"8",.0,"8",0,"8",0,"8",0,"8","","",0,"8",0,"8"
"352190360","P£OCK","2006","04","09","20","9","",0,"8",0,"8","","","",7,"",0,"8",0,"8",5,"",230,"",4,"",0,"",6.5,"",.0,"8","U","",7.8,"",81,"",3.5,"",998.8,"",1012.2,"",2,1.4,"",.0,"8",0,"8","01","2","5","","0","","","3","","","0","","",0,"8",.0,"8",.0,"8","","8",0,"8","","",.0,"8",.0,"8",.0,"8",.0,"8",.0,"8",.0,"8",.0,"8",.0,"8",.0,"8",0,"8",0,"8",0,"8","","",0,"8",0,"8"
"352190360","P£OCK","2006","04","09","21","9","",0,"8",0,"8","","","",7,"",0,"8",0,"8",3,"",290,"",2,"",0,"",5.7,"",.0,"8","U","",7.4,"",81,"",2.7,"",999.1,"",1012.5,"",3,.9,"",.0,"8",0,"8","01","8","3","","0","","","3","","","0","","",0,"8",.0,"8",.0,"8","","8",0,"8","","",.0,"8",.0,"8",.0,"8",.0,"8",.0,"8",.0,"8",.0,"8",.0,"8",.0,"8",0,"8",0,"8",0,"8","","",0,"8",0,"8"
"352190360","P£OCK","2006","04","09","22","9","",0,"8",0,"8","","","",7,"",0,"8",0,"8",7,"",170,"",1,"",0,"",4.6,"",.0,"8","U","",7.4,"",87,"",2.6,"",999.7,"",1013.2,"",2,1.6,"",.0,"8",0,"8","03","1","7","","0","","","5","","","/","","",0,"8",.0,"8",.0,"8","","8",0,"8","","",.0,"8",.0,"8",.0,"8",.0,"8",.0,"8",.0,"8",.0,"8",.0,"8",.0,"8",0,"8",0,"8",0,"8","","",0,"8",0,"8"
"352190360","P£OCK","2006","04","09","23","9","",0,"8",0,"8","","","",6,"",0,"8",0,"8",8,"",180,"",1,"",0,"",4.5,"",.0,"8","U","",7.5,"",89,"",2.8,"",999.9,"",1013.4,"",2,1.1,"",.0,"8",0,"8","10","2","8","","0","","","3","","","/","","",0,"8",.0,"8",.0,"8","","8",0,"8","","",.0,"8",.0,"8",.0,"8",.0,"8",.0,"8",.0,"8",.0,"8",.0,"8",.0,"8",0,"8",0,"8",0,"8","","",0,"8",0,"8"
"352190360","P£OCK","2006","04","10","00","9","",0,"8",0,"8","","","",6,"",0,"8",0,"8",8,"",140,"",1,"",0,"",4.4,"",.0,"8","U","",7.5,"",90,"",2.9,"",1000.1,"",1013.6,"",1,1.0,"",.0,"",6,"","10","8","8","","0","","","3","","","/","","",2,"",.0,"8",.0,"8","","8",0,"8","","",.0,"8",.0,"8",.0,"8",.0,"8",.0,"8",.0,"8",.0,"8",.0,"8",.0,"8",0,"8",0,"8",0,"8","","",0,"8",0,"8"
"352190360","P£OCK","2006","04","10","01","9","",0,"8",0,"8","","","",6,"",0,"8",0,"8",8,"",160,"",2,"",0,"",4.6,"",.0,"8","U","",7.8,"",92,"",3.4,"",1000.1,"",1013.6,"",1,.4,"",.0,"8",0,"8","10","2","8","","0","","","3","","","/","","",0,"8",.0,"8",.0,"8","","8",0,"8","","",.0,"8",.0,"8",.0,"8",.0,"8",.0,"8",.0,"8",.0,"8",.0,"8",.0,"8",0,"8",0,"8",0,"8","","",0,"8",0,"8"
"352190360","P£OCK","2006","04","10","02","9","",0,"8",0,"8","","","",6,"",0,"8",0,"8",8,"",160,"",2,"",0,"",4.4,"",.0,"8","U","",7.5,"",90,"",2.9,"",1000.2,"",1013.7,"",2,.3,"",.0,"8",0,"8","10","2","8","","0","","","3","","","/","","",0,"8",.0,"8",.0,"8","","8",0,"8","","",.0,"8",.0,"8",.0,"8",.0,"8",.0,"8",.0,"8",.0,"8",.0,"8",.0,"8",0,"8",0,"8",0,"8","","",0,"8",0,"8"
"352190360","P£OCK","2006","04","10","03","9","",0,"8",0,"8","","","",6,"",0,"8",0,"8",8,"",150,"",2,"",0,"",4.7,"",.0,"8","U","",7.7,"",90,"",3.2,"",1000.1,"",1013.6,"",0,.0,"",.0,"8",0,"8","10","2","8","","0","","","3","","","/","","",0,"8",.0,"8",.0,"8","","8",0,"8","","",.0,"8",.0,"8",.0,"8",.0,"8",.0,"8",.0,"8",.0,"8",.0,"8",.0,"8",0,"8",0,"8",0,"8","","",0,"8",0,"8"
"352190360","P£OCK","2006","04","10","04","9","",0,"8",0,"8","","","",5,"",0,"8",0,"8",8,"",160,"",2,"",0,"",4.8,"",.0,"8","U","",7.9,"",92,"",3.6,"",1000.2,"",1013.7,"",2,.1,"",.0,"8",0,"8","10","2","8","","0","","","3","","","/","","",0,"8",.0,"8",.0,"8","","8",0,"8","","",.0,"8",.0,"8",.0,"8",.0,"8",.0,"8",.0,"8",.0,"8",.0,"8",.0,"8",0,"8",0,"8",0,"8","","",0,"8",0,"8"
"352190360","P£OCK","2006","04","10","05","9","",0,"8",0,"8","","","",4,"",0,"8",0,"8",8,"",140,"",2,"",0,"",5.0,"",.0,"8","U","",8.2,"",94,"",4.1,"",1000.5,"",1014.0,"",3,.3,"",.0,"8",0,"8","10","2","8","","0","","","3","","","/","","",0,"8",.0,"8",.0,"8","","8",0,"8","","",.0,"8",.0,"8",.0,"8",.0,"8",.0,"8",.0,"8",.0,"8",.0,"8",.0,"8",0,"8",0,"8",0,"8","","",0,"8",0,"8"
"352190360","P£OCK","2006","04","10","06","9","",0,"8",0,"8","","","",6,"",0,"8",0,"8",7,"",320,"",1,"",0,"",5.6,"",.0,"8","U","",8.5,"",93,"",4.6,"",1000.9,"",1014.3,"",3,.8,"",.0,"9",0,"9","10","2","7","","0","","","3","","","/","","",2,"",.0,"8",.0,"8","","8",0,"8","","",.0,"8",.0,"8",.0,"8",.0,"8",.0,"8",.0,"8",.0,"8",.0,"8",.0,"8",0,"8",0,"8",0,"8","","",0,"8",0,"8"
"352190360","P£OCK","2006","04","10","07","9","",0,"8",0,"8","","","",6,"",0,"8",0,"8",8,"",130,"",2,"",0,"",6.4,"",.0,"8","U","",8.8,"",92,"",5.2,"",1000.9,"",1014.3,"",1,.7,"",.0,"8",0,"8","10","2","8","","0","","","7","","","/","","",0,"8",.0,"8",.0,"8","","8",0,"8","","",.0,"8",.0,"8",.0,"8",.0,"8",.0,"8",.0,"8",.0,"8",.0,"8",.0,"8",0,"8",0,"8",0,"8","","",0,"8",0,"8"
"352190360","P£OCK","2006","04","10","08","9","",0,"8",0,"8","","","",6,"",0,"8",0,"8",8,"",170,"",2,"",0,"",7.5,"",.0,"8","U","",9.1,"",88,"",5.6,"",1001.1,"",1014.4,"",2,.6,"",.0,"8",0,"8","10","2","8","","0","","","7","","","/","","",0,"8",.0,"8",.0,"8","","8",0,"8","","",.0,"8",.0,"8",.0,"8",.0,"8",.0,"8",.0,"8",.0,"8",.0,"8",.0,"8",0,"8",0,"8",0,"8","","",0,"8",0,"8"
"352190360","P£OCK","2006","04","10","09","7","",0,"8",0,"8","","","",6,"",0,"8",0,"8",8,"",220,"",3,"",0,"",7.9,"",.0,"8","U","",8.3,"",78,"",4.3,"",1001.2,"",1014.5,"",3,.3,"",.0,"8",0,"8","10","2","3","","5","","","7","","","/","","",0,"8",.0,"8",.0,"8","","8",0,"8","","",.0,"8",.0,"8",.0,"8",.0,"8",.0,"8",.0,"8",.0,"8",.0,"8",.0,"8",0,"8",0,"8",0,"8","","",0,"8",0,"8"
"352190360","P£OCK","2006","04","10","10","7","",0,"8",0,"8","","","",7,"",0,"8",0,"8",8,"",220,"",4,"",0,"",8.1,"",.0,"8","U","",7.7,"",71,"",3.2,"",1001.4,"",1014.7,"",2,.5,"",.0,"8",0,"8","03","2","8","","5","","","/","","","/","","",0,"8",.0,"8",.0,"8","","8",0,"8","","",.0,"8",.0,"8",.0,"8",.0,"8",.0,"8",.0,"8",.0,"8",.0,"8",.0,"8",0,"8",0,"8",0,"8","","",0,"8",0,"8"
"352190360","P£OCK","2006","04","10","11","7","",0,"8",0,"8","","","",8,"",0,"8",0,"8",8,"",230,"",4,"",0,"",8.0,"",.0,"8","U","",6.6,"",62,"",1.2,"",1001.4,"",1014.7,"",1,.3,"",.0,"8",0,"8","02","2","8","","5","","","/","","","/","","",0,"8",.0,"8",.0,"8","","8",0,"8","","",.0,"8",.0,"8",.0,"8",.0,"8",.0,"8",.0,"8",.0,"8",.0,"8",.0,"8",0,"8",0,"8",0,"8","","",0,"8",0,"8"
"352190360","P£OCK","2006","04","10","12","6","",0,"8",0,"8","","","",8,"",0,"8",0,"8",8,"",210,"",3,"",0,"",8.1,"",.0,"8","U","",6.3,"",58,"",.3,"",1001.3,"",1014.6,"",0,.1,"",.0,"",6,"","61","2","8","","5","","","/","","","/","","",2,"",.0,"8",.0,"8","","8",0,"8","","",.0,"8",.0,"8",.0,"8",.0,"8",.0,"8",.0,"8",.0,"8",.0,"8",.0,"8",0,"8",0,"8",0,"8","","",0,"8",0,"8"
"352190360","P£OCK","2006","04","10","13","5","",0,"8",0,"8","","","",8,"",0,"8",0,"8",8,"",180,"",2,"",0,"",7.6,"",.0,"8","U","",6.4,"",61,"",.6,"",1001.1,"",1014.4,"",8,-.3,"",.0,"8",0,"8","61","6","6","","5","","","2","","","/","","",0,"8",.0,"8",.0,"8","","8",0,"8","","",.0,"8",.0,"8",.0,"8",.0,"8",.0,"8",.0,"8",.0,"8",.0,"8",.0,"8",0,"8",0,"8",0,"8","","",0,"8",0,"8"
"352190360","P£OCK","2006","04","10","14","5","",0,"8",0,"8","","","",7,"",0,"8",0,"8",8,"",160,"",3,"",0,"",7.1,"",.0,"8","U","",7.1,"",70,"",2.0,"",1001.0,"",1014.4,"",7,-.4,"",.0,"8",0,"8","61","6","6","","5","","","2","","","/","","",0,"8",.0,"8",.0,"8","","8",0,"8","","",.0,"8",.0,"8",.0,"8",.0,"8",.0,"8",.0,"8",.0,"8",.0,"8",.0,"8",0,"8",0,"8",0,"8","","",0,"8",0,"8"
"352190360","P£OCK","2006","04","10","15","6","",0,"8",0,"8","","","",8,"",0,"8",0,"8",8,"",130,"",3,"",0,"",6.6,"",.0,"8","U","",6.8,"",70,"",1.5,"",1000.8,"",1014.2,"",7,-.5,"",.0,"8",0,"8","61","6","8","","5","","","/","","","/","","",0,"8",.0,"8",.0,"8","","8",0,"8","","",.0,"8",.0,"8",.0,"8",.0,"8",.0,"8",.0,"8",.0,"8",.0,"8",.0,"8",0,"8",0,"8",0,"8","","",0,"8",0,"8"
"352190360","P£OCK","2006","04","10","16","5","",0,"8",0,"8","","","",7,"",0,"8",0,"8",8,"",120,"",2,"",0,"",6.1,"",.0,"8","U","",7.1,"",76,"",2.2,"",1000.7,"",1014.1,"",7,-.4,"",.0,"8",0,"8","61","6","6","","5","","","2","","","/","","",0,"8",.0,"8",.0,"8","","8",0,"8","","",.0,"8",.0,"8",.0,"8",.0,"8",.0,"8",.0,"8",.0,"8",.0,"8",.0,"8",0,"8",0,"8",0,"8","","",0,"8",0,"8"
"352190360","P£OCK","2006","04","10","17","5","",0,"8",0,"8","","","",7,"",0,"8",0,"8",8,"",90,"",1,"",0,"",5.7,"",.0,"8","U","",7.6,"",83,"",3.0,"",1000.6,"",1014.0,"",7,-.4,"",.0,"8",0,"8","61","6","6","","5","","","2","","","/","","",0,"8",.0,"8",.0,"8","","8",0,"8","","",.0,"8",.0,"8",.0,"8",.0,"8",.0,"8",.0,"8",.0,"8",.0,"8",.0,"8",0,"8",0,"8",0,"8","","",0,"8",0,"8"
"352190360","P£OCK","2006","04","10","18","5","",0,"8",0,"8","","","",6,"",0,"8",0,"8",8,"",70,"",1,"",0,"",5.6,"",.0,"8","U","",7.4,"",81,"",2.6,"",1000.9,"",1014.3,"",3,.1,"",.5,"",6,"","61","6","3","","5","","","2","","","/","","",2,"",.0,"8",.0,"8","","8",0,"8","","",.0,"8",.0,"8",.0,"8",.0,"8",.0,"8",.0,"8",.0,"8",.0,"8",.0,"8",0,"8",0,"8",0,"8","","",0,"8",0,"8"
"352190360","P£OCK","2006","04","10","19","6","",0,"8",0,"8","","","",6,"",0,"8",0,"8",8,"",30,"",1,"",0,"",5.3,"",.0,"8","U","",7.7,"",86,"",3.1,"",1000.7,"",1014.1,"",4,.0,"",.0,"8",0,"8","61","6","8","","0","","","2","","","/","","",0,"8",.0,"8",.0,"8","","8",0,"8","","",.0,"8",.0,"8",.0,"8",.0,"8",.0,"8",.0,"8",.0,"8",.0,"8",.0,"8",0,"8",0,"8",0,"8","","",0,"8",0,"8"
"352190360","P£OCK","2006","04","10","20","5","",0,"8",0,"8","","","",6,"",0,"8",0,"8",8,"",30,"",2,"",0,"",5.4,"",.0,"8","U","",7.3,"",81,"",2.4,"",1000.4,"",1013.8,"",8,-.2,"",.0,"8",0,"8","61","6","5","","5","","","2","","","/","","",0,"8",.0,"8",.0,"8","","8",0,"8","","",.0,"8",.0,"8",.0,"8",.0,"8",.0,"8",.0,"8",.0,"8",.0,"8",.0,"8",0,"8",0,"8",0,"8","","",0,"8",0,"8"
"352190360","P£OCK","2006","04","10","21","5","",0,"8",0,"8","","","",6,"",0,"8",0,"8",8,"",350,"",1,"",0,"",5.1,"",.0,"8","U","",7.3,"",83,"",2.4,"",1000.3,"",1013.7,"",7,-.6,"",.0,"8",0,"8","61","6","5","","5","","","2","","","/","","",0,"8",.0,"8",.0,"8","","8",0,"8","","",.0,"8",.0,"8",.0,"8",.0,"8",.0,"8",.0,"8",.0,"8",.0,"8",.0,"8",0,"8",0,"8",0,"8","","",0,"8",0,"8"
"352190360","P£OCK","2006","04","10","22","5","",0,"8",0,"8","","","",6,"",0,"8",0,"8",8,"",50,"",2,"",0,"",5.0,"",.0,"8","U","",7.1,"",82,"",2.2,"",1000.1,"",1013.5,"",7,-.6,"",.0,"8",0,"8","61","6","6","","5","","","7","","","/","","",0,"8",.0,"8",.0,"8","","8",0,"8","","",.0,"8",.0,"8",.0,"8",.0,"8",.0,"8",.0,"8",.0,"8",.0,"8",.0,"8",0,"8",0,"8",0,"8","","",0,"8",0,"8"
"352190360","P£OCK","2006","04","10","23","6","",0,"8",0,"8","","","",6,"",0,"8",0,"8",8,"",70,"",2,"",0,"",4.7,"",.0,"8","U","",7.3,"",85,"",2.4,"",999.9,"",1013.4,"",7,-.5,"",.0,"8",0,"8","21","6","8","","5","","","/","","","/","","",0,"8",.0,"8",.0,"8","","8",0,"8","","",.0,"8",.0,"8",.0,"8",.0,"8",.0,"8",.0,"8",.0,"8",.0,"8",.0,"8",0,"8",0,"8",0,"8","","",0,"8",0,"8"
"352190360","P£OCK","2006","04","11","00","5","",0,"8",0,"8","","","",6,"",0,"8",0,"8",8,"",350,"",2,"",0,"",4.6,"",.0,"8","U","",7.4,"",87,"",2.6,"",999.6,"",1013.1,"",7,-.7,"",1.0,"",6,"","61","6","5","","5","","","7","","","/","","",2,"",.0,"8",.0,"8","","8",0,"8","","",.0,"8",.0,"8",.0,"8",.0,"8",.0,"8",.0,"8",.0,"8",.0,"8",.0,"8",0,"8",0,"8",0,"8","","",0,"8",0,"8"
"352190360","P£OCK","2006","04","11","01","5","",0,"8",0,"8","","","",6,"",0,"8",0,"8",8,"",360,"",2,"",0,"",4.5,"",.0,"8","U","",7.5,"",89,"",2.8,"",999.4,"",1012.9,"",7,-.7,"",.0,"8",0,"8","61","6","4","","5","","","2","","","/","","",0,"8",.0,"8",.0,"8","","8",0,"8","","",.0,"8",.0,"8",.0,"8",.0,"8",.0,"8",.0,"8",.0,"8",.0,"8",.0,"8",0,"8",0,"8",0,"8","","",0,"8",0,"8"
"352190360","P£OCK","2006","04","11","02","6","",0,"8",0,"8","","","",6,"",0,"8",0,"8",8,"",30,"",3,"",0,"",4.6,"",.0,"8","U","",7.4,"",87,"",2.6,"",999.0,"",1012.5,"",7,-.9,"",.0,"8",0,"8","61","6","8","","0","","","2","","","/","","",0,"8",.0,"8",.0,"8","","8",0,"8","","",.0,"8",.0,"8",.0,"8",.0,"8",.0,"8",.0,"8",.0,"8",.0,"8",.0,"8",0,"8",0,"8",0,"8","","",0,"8",0,"8"
"352190360","P£OCK","2006","04","11","03","7","",0,"8",0,"8","","","",7,"",0,"8",0,"8",8,"",30,"",3,"",0,"",4.5,"",.0,"8","U","",6.9,"",82,"",1.7,"",998.8,"",1012.3,"",7,-.8,"",.0,"8",0,"8","61","6","8","","0","","","2","","","/","","",0,"8",.0,"8",.0,"8","","8",0,"8","","",.0,"8",.0,"8",.0,"8",.0,"8",.0,"8",.0,"8",.0,"8",.0,"8",.0,"8",0,"8",0,"8",0,"8","","",0,"8",0,"8"
"352190360","P£OCK","2006","04","11","04","6","",0,"8",0,"8","","","",6,"",0,"8",0,"8",8,"",10,"",2,"",0,"",4.2,"",.0,"8","U","",7.2,"",87,"",2.2,"",999.0,"",1012.5,"",5,-.4,"",.0,"8",0,"8","21","2","5","","5","","","2","","","/","","",0,"8",.0,"8",.0,"8","","8",0,"8","","",.0,"8",.0,"8",.0,"8",.0,"8",.0,"8",.0,"8",.0,"8",.0,"8",.0,"8",0,"8",0,"8",0,"8","","",0,"8",0,"8"
"352190360","P£OCK","2006","04","11","05","7","",0,"8",0,"8","","","",6,"",0,"8",0,"8",8,"",350,"",3,"",0,"",4.2,"",.0,"8","U","",7.4,"",90,"",2.7,"",998.9,"",1012.4,"",7,-.1,"",.0,"8",0,"8","10","2","8","","5","","","/","","","/","","",0,"8",.0,"8",.0,"8","","8",0,"8","","",.0,"8",.0,"8",.0,"8",.0,"8",.0,"8",.0,"8",.0,"8",.0,"8",.0,"8",0,"8",0,"8",0,"8","","",0,"8",0,"8"
"352190360","P£OCK","2006","04","11","06","7","",0,"8",0,"8","","","",7,"",0,"8",0,"8",8,"",10,"",3,"",0,"",4.4,"",.0,"8","U","",7.1,"",85,"",2.1,"",999.3,"",1012.8,"",2,.5,"",.4,"",6,"","01","6","8","","5","","","/","","","/","","",2,"",.0,"8",.0,"8","","8",0,"8","","",.0,"8",.0,"8",.0,"8",.0,"8",.0,"8",.0,"8",.0,"8",.0,"8",.0,"8",0,"8",0,"8",0,"8","","",0,"8",0,"8"
"352190360","P£OCK","2006","04","11","07","9","",0,"8",0,"8","","","",7,"",0,"8",0,"8",8,"",350,"",3,"",0,"",4.8,"",.0,"8","U","",7.0,"",81,"",1.8,"",999.7,"",1013.2,"",3,.7,"",.0,"8",0,"8","01","2","8","","0","","","3","","","/","","",0,"8",.0,"8",.0,"8","","8",0,"8","","",.0,"8",.0,"8",.0,"8",.0,"8",.0,"8",.0,"8",.0,"8",.0,"8",.0,"8",0,"8",0,"8",0,"8","","",0,"8",0,"8"
"352190360","P£OCK","2006","04","11","08","9","",0,"8",0,"8","","","",7,"",0,"8",0,"8",7,"",340,"",3,"",0,"",5.5,"",.0,"8","U","",7.1,"",79,"",2.1,"",999.8,"",1013.2,"",1,.9,"",.0,"8",0,"8","01","2","3","","0","","","3","","","8","","",0,"8",.0,"8",.0,"8","","8",0,"8","","",.0,"8",.0,"8",.0,"8",.0,"8",.0,"8",.0,"8",.0,"8",.0,"8",.0,"8",0,"8",0,"8",0,"8","","",0,"8",0,"8"
"352190360","P£OCK","2006","04","11","09","4","",0,"8",0,"8","","","",7,"",0,"8",0,"8",7,"",360,"",4,"",0,"",6.4,"",.0,"8","U","",6.8,"",71,"",1.5,"",1000.1,"",1013.5,"",2,.8,"",.0,"8",0,"8","03","2","6","","2","","","3","","","8","","",0,"8",.0,"8",.0,"8","","8",0,"8","","",.0,"8",.0,"8",.0,"8",.0,"8",.0,"8",.0,"8",.0,"8",.0,"8",.0,"8",0,"8",0,"8",0,"8","","",0,"8",0,"8"
"352190360","P£OCK","2006","04","11","10","4","",0,"8",0,"8","","","",8,"",0,"8",0,"8",7,"",360,"",4,"",0,"",7.3,"",.0,"8","U","",6.7,"",66,"",1.4,"",999.9,"",1013.2,"",0,.2,"",.0,"8",0,"8","01","2","4","","2","","","3","","","/","","",0,"8",.0,"8",.0,"8","","8",0,"8","","",.0,"8",.0,"8",.0,"8",.0,"8",.0,"8",.0,"8",.0,"8",.0,"8",.0,"8",0,"8",0,"8",0,"8","","",0,"8",0,"8"
"352190360","P£OCK","2006","04","11","11","5","",0,"8",0,"8","","","",8,"",0,"8",0,"8",7,"",360,"",4,"",0,"",8.2,"",.0,"8","U","",6.4,"",59,"",.7,"",999.8,"",1013.1,"",0,.0,"",.0,"8",0,"8","03","2","6","","2","","","3","","","/","","",0,"8",.0,"8",.0,"8","","8",0,"8","","",.0,"8",.0,"8",.0,"8",.0,"8",.0,"8",.0,"8",.0,"8",.0,"8",.0,"8",0,"8",0,"8",0,"8","","",0,"8",0,"8"
"352190360","P£OCK","2006","04","11","12","6","",0,"8",0,"8","","","",8,"",0,"8",0,"8",7,"",320,"",4,"",0,"",8.4,"",.0,"8","U","",5.9,"",54,"",-.4,"",999.8,"",1013.1,"",6,-.3,"",.0,"9",0,"9","01","2","6","","2","","","3","","","1","","",2,"",.0,"8",.0,"8","","8",0,"8","","",.0,"8",.0,"8",.0,"8",.0,"8",.0,"8",.0,"8",.0,"8",.0,"8",.0,"8",0,"8",0,"8",0,"8","","",0,"8",0,"8"
"352190360","P£OCK","2006","04","11","13","6","",0,"8",0,"8","","","",8,"",0,"8",0,"8",6,"",310,"",4,"",0,"",9.7,"",.0,"8","U","",5.9,"",49,"",-.5,"",999.6,"",1012.8,"",7,-.3,"",.0,"8",0,"8","01","2","5","","2","","","3","","","0","","",0,"8",.0,"8",.0,"8","","8",0,"8","","",.0,"8",.0,"8",.0,"8",.0,"8",.0,"8",.0,"8",.0,"8",.0,"8",.0,"8",0,"8",0,"8",0,"8","","",0,"8",0,"8"
"352190360","P£OCK","2006","04","11","14","6","",0,"8",0,"8","","","",8,"",0,"8",0,"8",5,"",330,"",4,"",0,"",9.0,"",.0,"8","U","",5.4,"",47,"",-1.7,"",999.5,"",1012.7,"",8,-.3,"",.0,"8",0,"8","01","2","4","","1","","","3","","","0","","",0,"8",.0,"8",.0,"8","","8",0,"8","","",.0,"8",.0,"8",.0,"8",.0,"8",.0,"8",.0,"8",.0,"8",.0,"8",.0,"8",0,"8",0,"8",0,"8","","",0,"8",0,"8"
"352190360","P£OCK","2006","04","11","15","6","",0,"8",0,"8","","","",8,"",0,"8",0,"8",3,"",330,"",4,"",0,"",9.4,"",.0,"8","U","",4.4,"",37,"",-4.6,"",999.7,"",1012.9,"",5,-.1,"",.0,"8",0,"8","01","1","3","","1","","","0","","","0","","",0,"8",.0,"8",.0,"8","","8",0,"8","","",.0,"8",.0,"8",.0,"8",.0,"8",.0,"8",.0,"8",.0,"8",.0,"8",.0,"8",0,"8",0,"8",0,"8","","",0,"8",0,"8"
"352190360","P£OCK","2006","04","11","16","7","",0,"8",0,"8","","","",8,"",0,"8",0,"8",3,"",350,"",3,"",0,"",9.2,"",.0,"8","U","",5.0,"",43,"",-2.7,"",999.7,"",1012.9,"",1,.1,"",.0,"8",0,"8","02","0","3","","1","","","0","","","0","","",0,"8",.0,"8",.0,"8","","8",0,"8","","",.0,"8",.0,"8",.0,"8",.0,"8",.0,"8",.0,"8",.0,"8",.0,"8",.0,"8",0,"8",0,"8",0,"8","","",0,"8",0,"8"
"352190360","P£OCK","2006","04","11","17","7","",0,"8",0,"8","","","",8,"",0,"8",0,"8",2,"",300,"",2,"",0,"",8.2,"",.0,"8","U","",5.5,"",51,"",-1.4,"",999.7,"",1013.0,"",1,.2,"",.0,"8",0,"8","01","0","2","","1","","","0","","","0","","",0,"8",.0,"8",.0,"8","","8",0,"8","","",.0,"8",.0,"8",.0,"8",.0,"8",.0,"8",.0,"8",.0,"8",.0,"8",.0,"8",0,"8",0,"8",0,"8","","",0,"8",0,"8"
"352190360","P£OCK","2006","04","11","18","9","",0,"8",0,"8","","","",7,"",0,"8",0,"8",2,"",10,"",2,"",0,"",6.5,"",.0,"8","U","",5.5,"",57,"",-1.4,"",1000.1,"",1013.5,"",3,.4,"",.0,"9",0,"9","01","1","1","","0","","","3","","","1","","",1,"",.0,"8",.0,"8","","8",0,"8","","",.0,"8",.0,"8",.0,"8",.0,"8",.0,"8",.0,"8",.0,"8",.0,"8",.0,"8",0,"8",0,"8",0,"8","","",0,"8",0,"8"
"352190360","P£OCK","2006","04","11","19","9","",0,"8",0,"8","","","",7,"",0,"8",0,"8",0,"",10,"",2,"",0,"",4.0,"",.0,"8","U","",5.7,"",70,"",-1.0,"",1000.2,"",1013.7,"",3,.5,"",.0,"8",0,"8","01","0","0","","0","","","0","","","0","","",0,"8",.0,"8",.0,"8","","8",0,"8","","",.0,"8",.0,"8",.0,"8",.0,"8",.0,"8",.0,"8",.0,"8",.0,"8",.0,"8",0,"8",0,"8",0,"8","","",0,"8",0,"8"
"352190360","P£OCK","2006","04","11","20","9","",0,"8",0,"8","","","",7,"",0,"8",0,"8",0,"",50,"",2,"",0,"",2.4,"",.0,"8","U","",5.7,"",78,"",-1.0,"",1000.5,"",1014.1,"",2,.8,"",.0,"8",0,"8","02","0","0","","0","","","0","","","0","","",0,"8",.0,"8",.0,"8","","8",0,"8","","",.0,"8",.0,"8",.0,"8",.0,"8",.0,"8",.0,"8",.0,"8",.0,"8",.0,"8",0,"8",0,"8",0,"8","","",0,"8",0,"8"
"352190360","P£OCK","2006","04","11","21","9","",0,"8",0,"8","","","",7,"",0,"8",0,"8",0,"",40,"",2,"",0,"",1.9,"",.0,"8","U","",5.5,"",79,"",-1.4,"",1000.6,"",1014.2,"",2,.5,"",.0,"8",0,"8","02","0","0","","0","","","0","","","0","","",0,"8",.0,"8",.0,"8","","8",0,"8","","",.0,"8",.0,"8",.0,"8",.0,"8",.0,"8",.0,"8",.0,"8",.0,"8",.0,"8",0,"8",0,"8",0,"8","","",0,"8",0,"8"
"352190360","P£OCK","2006","04","11","22","9","",0,"8",0,"8","","","",7,"",0,"8",0,"8",1,"",40,"",2,"",0,"",2.2,"",.0,"8","U","",5.2,"",72,"",-2.3,"",1000.9,"",1014.5,"",2,.7,"",.0,"8",0,"8","03","0","1","","0","","","3","","","0","","",0,"8",.0,"8",.0,"8","","8",0,"8","","",.0,"8",.0,"8",.0,"8",.0,"8",.0,"8",.0,"8",.0,"8",.0,"8",.0,"8",0,"8",0,"8",0,"8","","",0,"8",0,"8"
"352190360","P£OCK","2006","04","11","23","9","",0,"8",0,"8","","","",7,"",0,"8",0,"8",2,"",40,"",2,"",0,"",1.3,"",.0,"8","U","",5.2,"",78,"",-2.1,"",1001.0,"",1014.6,"",2,.5,"",.0,"8",0,"8","03","0","2","","0","","","3","","","0","","",0,"8",.0,"8",.0,"8","","8",0,"8","","",.0,"8",.0,"8",.0,"8",.0,"8",.0,"8",.0,"8",.0,"8",.0,"8",.0,"8",0,"8",0,"8",0,"8","","",0,"8",0,"8"
"352190360","P£OCK","2006","04","12","00","9","",0,"8",0,"8","","","",7,"",0,"8",0,"8",7,"",50,"",2,"",0,"",2.3,"",.0,"8","U","",5.5,"",76,"",-1.5,"",1000.9,"",1014.5,"",0,.3,"",.0,"9",0,"9","03","1","7","","0","","","5","","","/","","",1,"",.0,"8",.0,"8","","8",0,"8","","",.0,"8",.0,"8",.0,"8",.0,"8",.0,"8",.0,"8",.0,"8",.0,"8",.0,"8",0,"8",0,"8",0,"8","","",0,"8",0,"8"
"352190360","P£OCK","2006","04","12","01","9","",0,"8",0,"8","","","",7,"",0,"8",0,"8",6,"",40,"",3,"",0,"",2.0,"",.0,"8","U","",5.4,"",76,"",-1.8,"",1000.4,"",1014.0,"",8,-.5,"",.0,"8",0,"8","01","2","6","","0","","","3","","","0","","",0,"8",.0,"8",.0,"8","","8",0,"8","","",.0,"8",.0,"8",.0,"8",.0,"8",.0,"8",.0,"8",.0,"8",.0,"8",.0,"8",0,"8",0,"8",0,"8","","",0,"8",0,"8"
"352190360","P£OCK","2006","04","12","02","9","",0,"8",0,"8","","","",7,"",0,"8",0,"8",3,"",70,"",2,"",0,"",1.0,"",.0,"8","U","",5.3,"",80,"",-2.1,"",1000.1,"",1013.7,"",7,-.9,"",.0,"8",0,"8","01","1","3","","0","","","3","","","0","","",0,"8",.0,"8",.0,"8","","8",0,"8","","",.0,"8",.0,"8",.0,"8",.0,"8",.0,"8",.0,"8",.0,"8",.0,"8",.0,"8",0,"8",0,"8",0,"8","","",0,"8",0,"8"
"352190360","P£OCK","2006","04","12","03","9","",0,"8",0,"8","","","",7,"",0,"8",0,"8",2,"",70,"",1,"",0,"",.4,"",.0,"8","U","",5.2,"",82,"",-2.3,"",999.9,"",1013.6,"",6,-1.0,"",.0,"8",0,"8","01","1","1","","0","","","3","","","1","","",0,"8",.0,"8",.0,"8","","8",0,"8","","",.0,"8",.0,"8",.0,"8",.0,"8",.0,"8",.0,"8",.0,"8",.0,"8",.0,"8",0,"8",0,"8",0,"8","","",0,"8",0,"8"
"352190360","P£OCK","2006","04","12","04","9","",0,"8",0,"8","","","",7,"",0,"8",0,"8",2,"",80,"",2,"",0,"",.5,"",.0,"8","U","",5.0,"",79,"",-2.7,"",999.7,"",1013.4,"",7,-.7,"",.0,"8",0,"8","02","0","1","","0","","","3","","","1","","",0,"8",.0,"8",.0,"8","","8",0,"8","","",.0,"8",.0,"8",.0,"8",.0,"8",.0,"8",.0,"8",.0,"8",.0,"8",.0,"8",0,"8",0,"8",0,"8","","",0,"8",0,"8"
"352190360","P£OCK","2006","04","12","05","9","",0,"8",0,"8","","","",7,"",0,"8",0,"8",2,"",70,"",2,"",0,"",1.2,"",.0,"8","U","",5.2,"",78,"",-2.2,"",999.9,"",1013.5,"",5,-.2,"",.0,"8",0,"8","02","0","1","","0","","","3","","","1","","",0,"8",.0,"8",.0,"8","","8",0,"8","","",.0,"8",.0,"8",.0,"8",.0,"8",.0,"8",.0,"8",.0,"8",.0,"8",.0,"8",0,"8",0,"8",0,"8","","",0,"8",0,"8"
"352190360","P£OCK","2006","04","12","06","9","",0,"8",0,"8","","","",7,"",0,"8",0,"8",2,"",90,"",3,"",0,"",3.8,"",.0,"8","U","",5.7,"",71,"",-1.0,"",1000.0,"",1013.5,"",3,.1,"",.0,"9",0,"9","02","1","1","","0","","","3","","","1","","",1,"",.0,"8",.0,"8","","8",0,"8","","",.0,"8",.0,"8",.0,"8",.0,"8",.0,"8",.0,"8",.0,"8",.0,"8",.0,"8",0,"8",0,"8",0,"8","","",0,"8",0,"8"
"352190360","P£OCK","2006","04","12","07","9","",0,"8",0,"8","","","",7,"",0,"8",0,"8",5,"",120,"",4,"",0,"",5.6,"",.0,"8","U","",5.8,"",64,"",-.7,"",999.9,"",1013.3,"",0,.2,"",.0,"8",0,"8","03","1","5","","0","","","5","","","0","","",0,"8",.0,"8",.0,"8","","8",0,"8","","",.0,"8",.0,"8",.0,"8",.0,"8",.0,"8",.0,"8",.0,"8",.0,"8",.0,"8",0,"8",0,"8",0,"8","","",0,"8",0,"8"
"352190360","P£OCK","2006","04","12","08","9","",0,"8",0,"8","","","",7,"",0,"8",0,"8",5,"",130,"",4,"",0,"",6.7,"",.0,"8","U","",5.9,"",60,"",-.5,"",999.7,"",1013.1,"",8,-.2,"",.0,"8",0,"8","01","2","3","","0","","","3","","","1","","",0,"8",.0,"8",.0,"8","","8",0,"8","","",.0,"8",.0,"8",.0,"8",.0,"8",.0,"8",.0,"8",.0,"8",.0,"8",.0,"8",0,"8",0,"8",0,"8","","",0,"8",0,"8"
"352190360","P£OCK","2006","04","12","09","9","",0,"8",0,"8","","","",7,"",0,"8",0,"8",3,"",100,"",3,"",0,"",7.9,"",.0,"8","U","",5.4,"",51,"",-1.6,"",999.5,"",1012.8,"",7,-.5,"",.0,"8",0,"8","01","1","2","","0","","","3","","","1","","",0,"8",.0,"8",.0,"8","","8",0,"8","","",.0,"8",.0,"8",.0,"8",.0,"8",.0,"8",.0,"8",.0,"8",.0,"8",.0,"8",0,"8",0,"8",0,"8","","",0,"8",0,"8"
"352190360","P£OCK","2006","04","12","10","6","",0,"8",0,"8","","","",8,"",0,"8",0,"8",3,"",110,"",3,"",0,"",8.9,"",.0,"8","U","",5.2,"",46,"",-2.1,"",999.2,"",1012.4,"",7,-.7,"",.0,"8",0,"8","03","0","1","","2","","","3","","","1","","",0,"8",.0,"8",.0,"8","","8",0,"8","","",.0,"8",.0,"8",.0,"8",.0,"8",.0,"8",.0,"8",.0,"8",.0,"8",.0,"8",0,"8",0,"8",0,"8","","",0,"8",0,"8"
"352190360","P£OCK","2006","04","12","11","6","",0,"8",0,"8","","","",8,"",0,"8",0,"8",4,"",90,"",4,"",0,"",9.0,"",.0,"8","U","",4.6,"",40,"",-3.9,"",999.0,"",1012.2,"",7,-.7,"",.0,"8",0,"8","03","0","3","","9","","","0","","","1","","",0,"8",.0,"8",.0,"8","","8",0,"8","","",.0,"8",.0,"8",.0,"8",.0,"8",.0,"8",.0,"8",.0,"8",.0,"8",.0,"8",0,"8",0,"8",0,"8","","",0,"8",0,"8"
"352190360","P£OCK","2006","04","12","12","6","",0,"8",0,"8","","","",8,"",0,"8",0,"8",6,"",80,"",2,"",0,"",8.9,"",.0,"8","U","",4.6,"",40,"",-4.0,"",998.5,"",1011.7,"",7,-1.0,"",.0,"9",0,"9","03","1","5","","9","","","0","","","1","","",1,"",.0,"8",.0,"8","","8",0,"8","","",.0,"8",.0,"8",.0,"8",.0,"8",.0,"8",.0,"8",.0,"8",.0,"8",.0,"8",0,"8",0,"8",0,"8","","",0,"8",0,"8"
"352190360","P£OCK","2006","04","12","13","6","",0,"8",0,"8","","","",8,"",0,"8",0,"8",7,"",40,"",2,"",0,"",9.4,"",.0,"8","U","",4.1,"",35,"",-5.3,"",998.0,"",1011.2,"",8,-1.2,"",.0,"8",0,"8","01","2","4","","9","","","3","","","1","","",0,"8",.0,"8",.0,"8","","8",0,"8","","",.0,"8",.0,"8",.0,"8",.0,"8",.0,"8",.0,"8",.0,"8",.0,"8",.0,"8",0,"8",0,"8",0,"8","","",0,"8",0,"8"
"352190360","P£OCK","2006","04","12","14","6","",0,"8",0,"8","","","",8,"",0,"8",0,"8",6,"",20,"",2,"",0,"",9.1,"",.0,"8","U","",3.9,"",34,"",-6.0,"",997.6,"",1010.8,"",7,-1.4,"",.0,"8",0,"8","01","2","3","","5","","","3","","","1","","",0,"8",.0,"8",.0,"8","","8",0,"8","","",.0,"8",.0,"8",.0,"8",.0,"8",.0,"8",.0,"8",.0,"8",.0,"8",.0,"8",0,"8",0,"8",0,"8","","",0,"8",0,"8"
"352190360","P£OCK","2006","04","12","15","7","",0,"8",0,"8","","","",8,"",0,"8",0,"8",7,"",70,"",1,"",0,"",9.2,"",.0,"8","U","",4.0,"",34,"",-5.9,"",997.2,"",1010.4,"",7,-1.3,"",.0,"8",0,"8","03","2","4","","5","","","3","","","1","","",0,"8",.0,"8",.0,"8","","8",0,"8","","",.0,"8",.0,"8",.0,"8",.0,"8",.0,"8",.0,"8",.0,"8",.0,"8",.0,"8",0,"8",0,"8",0,"8","","",0,"8",0,"8"
"352190360","P£OCK","2006","04","12","16","7","",0,"8",0,"8","","","",8,"",0,"8",0,"8",6,"",0,"",0,"",0,"",9.2,"",.0,"8","U","",4.0,"",34,"",-5.9,"",997.0,"",1010.2,"",6,-1.0,"",.0,"8",0,"8","01","2","4","","5","","","3","","","0","","",0,"8",.0,"8",.0,"8","","8",0,"8","","",.0,"8",.0,"8",.0,"8",.0,"8",.0,"8",.0,"8",.0,"8",.0,"8",.0,"8",0,"8",0,"8",0,"8","","",0,"8",0,"8"
"352190360","P£OCK","2006","04","12","17","7","",0,"8",0,"8","","","",8,"",0,"8",0,"8",6,"",0,"",0,"",0,"",8.6,"",.0,"8","U","",4.7,"",42,"",-3.6,"",996.9,"",1010.1,"",6,-.7,"",.0,"8",0,"8","02","2","4","","5","","","3","","","0","","",0,"8",.0,"8",.0,"8","","8",0,"8","","",.0,"8",.0,"8",.0,"8",.0,"8",.0,"8",.0,"8",.0,"8",.0,"8",.0,"8",0,"8",0,"8",0,"8","","",0,"8",0,"8"
"352190360","P£OCK","2006","04","12","18","7","",0,"8",0,"8","","","",8,"",0,"8",0,"8",6,"",0,"",0,"",0,"",7.0,"",.0,"8","U","",4.7,"",47,"",-3.6,"",997.3,"",1010.6,"",3,.1,"",.0,"9",0,"9","01","2","2","","5","","","3","","","0","","",1,"",.0,"8",.0,"8","","8",0,"8","","",.0,"8",.0,"8",.0,"8",.0,"8",.0,"8",.0,"8",.0,"8",.0,"8",.0,"8",0,"8",0,"8",0,"8","","",0,"8",0,"8"
"352190360","P£OCK","2006","04","12","19","9","",0,"8",0,"8","","","",7,"",0,"8",0,"8",6,"",60,"",1,"",0,"",6.3,"",.0,"8","U","",5.6,"",59,"",-1.1,"",997.5,"",1010.9,"",3,.5,"",.0,"8",0,"8","01","2","6","","0","","","3","","","0","","",0,"8",.0,"8",.0,"8","","8",0,"8","","",.0,"8",.0,"8",.0,"8",.0,"8",.0,"8",.0,"8",.0,"8",.0,"8",.0,"8",0,"8",0,"8",0,"8","","",0,"8",0,"8"
"352190360","P£OCK","2006","04","12","20","9","",0,"8",0,"8","","","",7,"",0,"8",0,"8",6,"",130,"",2,"",0,"",6.2,"",.0,"8","U","",5.4,"",57,"",-1.7,"",997.6,"",1011.0,"",1,.7,"",.0,"8",0,"8","02","2","6","","0","","","3","","","0","","",0,"8",.0,"8",.0,"8","","8",0,"8","","",.0,"8",.0,"8",.0,"8",.0,"8",.0,"8",.0,"8",.0,"8",.0,"8",.0,"8",0,"8",0,"8",0,"8","","",0,"8",0,"8"
"352190360","P£OCK","2006","04","12","21","9","",0,"8",0,"8","","","",7,"",0,"8",0,"8",6,"",110,"",1,"",0,"",5.8,"",.0,"8","U","",5.4,"",59,"",-1.6,"",997.5,"",1010.9,"",0,.2,"",.0,"8",0,"8","02","2","6","","0","","","3","","","0","","",0,"8",.0,"8",.0,"8","","8",0,"8","","",.0,"8",.0,"8",.0,"8",.0,"8",.0,"8",.0,"8",.0,"8",.0,"8",.0,"8",0,"8",0,"8",0,"8","","",0,"8",0,"8"
"352190360","P£OCK","2006","04","12","22","9","",0,"8",0,"8","","","",7,"",0,"8",0,"8",5,"",110,"",2,"",0,"",5.5,"",.0,"8","U","",5.3,"",59,"",-1.9,"",997.7,"",1011.1,"",2,.2,"",.0,"8",0,"8","01","2","5","","0","","","3","","","0","","",0,"8",.0,"8",.0,"8","","8",0,"8","","",.0,"8",.0,"8",.0,"8",.0,"8",.0,"8",.0,"8",.0,"8",.0,"8",.0,"8",0,"8",0,"8",0,"8","","",0,"8",0,"8"
"352190360","P£OCK","2006","04","12","23","9","",0,"8",0,"8","","","",7,"",0,"8",0,"8",5,"",130,"",1,"",0,"",4.9,"",.0,"8","U","",5.5,"",64,"",-1.3,"",997.5,"",1010.9,"",7,-.1,"",.0,"8",0,"8","02","2","5","","0","","","3","","","0","","",0,"8",.0,"8",.0,"8","","8",0,"8","","",.0,"8",.0,"8",.0,"8",.0,"8",.0,"8",.0,"8",.0,"8",.0,"8",.0,"8",0,"8",0,"8",0,"8","","",0,"8",0,"8"
"352190360","P£OCK","2006","04","13","00","9","",0,"8",0,"8","","","",7,"",0,"8",0,"8",3,"",0,"",0,"",0,"",2.7,"",.0,"8","U","",5.8,"",78,"",-.8,"",997.5,"",1011.0,"",4,.0,"",.0,"9",0,"9","01","1","3","","0","","","3","","","0","","",1,"",.0,"8",.0,"8","","8",0,"8","","",.0,"8",.0,"8",.0,"8",.0,"8",.0,"8",.0,"8",.0,"8",.0,"8",.0,"8",0,"8",0,"8",0,"8","","",0,"8",0,"8"
"352190360","P£OCK","2006","04","13","01","9","",0,"8",0,"8","","","",7,"",0,"8",0,"8",3,"",30,"",1,"",0,"",2.5,"",.0,"8","U","",5.6,"",76,"",-1.3,"",997.3,"",1010.8,"",7,-.4,"",.0,"8",0,"8","02","0","3","","0","","","3","","","0","","",0,"8",.0,"8",.0,"8","","8",0,"8","","",.0,"8",.0,"8",.0,"8",.0,"8",.0,"8",.0,"8",.0,"8",.0,"8",.0,"8",0,"8",0,"8",0,"8","","",0,"8",0,"8"
"352190360","P£OCK","2006","04","13","02","9","",0,"8",0,"8","","","",7,"",0,"8",0,"8",4,"",40,"",1,"",0,"",1.6,"",.0,"8","U","",5.5,"",80,"",-1.5,"",997.1,"",1010.7,"",8,-.4,"",.0,"8",0,"8","03","0","3","","0","","","3","","","1","","",0,"8",.0,"8",.0,"8","","8",0,"8","","",.0,"8",.0,"8",.0,"8",.0,"8",.0,"8",.0,"8",.0,"8",.0,"8",.0,"8",0,"8",0,"8",0,"8","","",0,"8",0,"8"
"352190360","P£OCK","2006","04","13","03","9","",0,"8",0,"8","","","",7,"",0,"8",0,"8",4,"",50,"",1,"",0,"",1.6,"",.0,"8","U","",5.6,"",82,"",-1.1,"",996.9,"",1010.5,"",7,-.6,"",.0,"8",0,"8","02","0","3","","0","","","3","","","1","","",0,"8",.0,"8",.0,"8","","8",0,"8","","",.0,"8",.0,"8",.0,"8",.0,"8",.0,"8",.0,"8",.0,"8",.0,"8",.0,"8",0,"8",0,"8",0,"8","","",0,"8",0,"8"
"352190360","P£OCK","2006","04","13","04","9","",0,"8",0,"8","","","",7,"",0,"8",0,"8",6,"",100,"",1,"",0,"",1.5,"",.0,"8","U","",5.6,"",82,"",-1.2,"",996.9,"",1010.5,"",6,-.4,"",.0,"8",0,"8","03","1","4","","0","","","5","","","6","","",0,"8",.0,"8",.0,"8","","8",0,"8","","",.0,"8",.0,"8",.0,"8",.0,"8",.0,"8",.0,"8",.0,"8",.0,"8",.0,"8",0,"8",0,"8",0,"8","","",0,"8",0,"8"
"352190360","P£OCK","2006","04","13","05","9","",0,"8",0,"8","","","",6,"",0,"8",0,"8",7,"",100,"",1,"",0,"",1.6,"",.0,"8","U","",5.7,"",83,"",-1.0,"",996.8,"",1010.4,"",7,-.3,"",.0,"8",0,"8","10","2","5","","0","","","5","","","6","","",0,"8",.0,"8",.0,"8","","8",0,"8","","",.0,"8",.0,"8",.0,"8",.0,"8",.0,"8",.0,"8",.0,"8",.0,"8",.0,"8",0,"8",0,"8",0,"8","","",0,"8",0,"8"
"352190360","P£OCK","2006","04","13","06","9","",0,"8",0,"8","","","",6,"",0,"8",0,"8",6,"",0,"",0,"",0,"",3.6,"",.0,"8","U","",6.1,"",77,"",-.1,"",996.9,"",1010.4,"",5,.0,"",.0,"9",0,"9","10","1","3","","0","","","3","","","8","","",1,"",.0,"8",.0,"8","","8",0,"8","","",.0,"8",.0,"8",.0,"8",.0,"8",.0,"8",.0,"8",.0,"8",.0,"8",.0,"8",0,"8",0,"8",0,"8","","",0,"8",0,"8"
"352190360","P£OCK","2006","04","13","07","9","",0,"8",0,"8","","","",7,"",0,"8",0,"8",4,"",210,"",2,"",0,"",7.6,"",.0,"8","U","",5.4,"",52,"",-1.6,"",996.9,"",1010.2,"",4,.0,"",.0,"8",0,"8","01","1","3","","0","","","3","","","1","","",0,"8",.0,"8",.0,"8","","8",0,"8","","",.0,"8",.0,"8",.0,"8",.0,"8",.0,"8",.0,"8",.0,"8",.0,"8",.0,"8",0,"8",0,"8",0,"8","","",0,"8",0,"8"
"352190360","P£OCK","2006","04","13","08","9","",0,"8",0,"8","","","",8,"",0,"8",0,"8",6,"",180,"",2,"",0,"",9.5,"",.0,"8","U","",4.9,"",41,"",-3.1,"",996.8,"",1010.0,"",4,.0,"",.0,"8",0,"8","03","1","6","","0","","","5","","","0","","",0,"8",.0,"8",.0,"8","","8",0,"8","","",.0,"8",.0,"8",.0,"8",.0,"8",.0,"8",.0,"8",.0,"8",.0,"8",.0,"8",0,"8",0,"8",0,"8","","",0,"8",0,"8"
"352190360","P£OCK","2006","04","13","09","6","",0,"8",0,"8","","","",7,"",0,"8",0,"8",6,"",170,"",2,"",0,"",10.1,"",.0,"8","U","",5.3,"",43,"",-1.9,"",996.7,"",1009.9,"",8,-.2,"",.0,"8",0,"8","03","1","1","","2","","","3","","","0","","",0,"8",.0,"8",.0,"8","","8",0,"8","","",.0,"8",.0,"8",.0,"8",.0,"8",.0,"8",.0,"8",.0,"8",.0,"8",.0,"8",0,"8",0,"8",0,"8","","",0,"8",0,"8"
"352190360","P£OCK","2006","04","13","10","6","",0,"8",0,"8","","","",7,"",0,"8",0,"8",5,"",230,"",2,"",0,"",10.4,"",.0,"8","U","",5.5,"",44,"",-1.3,"",996.2,"",1009.3,"",8,-.7,"",.0,"8",0,"8","03","2","3","","2","","","3","","","0","","",0,"8",.0,"8",.0,"8","","8",0,"8","","",.0,"8",.0,"8",.0,"8",.0,"8",.0,"8",.0,"8",.0,"8",.0,"8",.0,"8",0,"8",0,"8",0,"8","","",0,"8",0,"8"
"352190360","P£OCK","2006","04","13","11","6","",0,"8",0,"8","","","",7,"",0,"8",0,"8",4,"",230,"",4,"",0,"",11.2,"",.0,"8","U","",5.3,"",40,"",-1.9,"",995.7,"",1008.8,"",8,-1.1,"",.0,"8",0,"8","03","1","4","","3","","","0","","","0","","",0,"8",.0,"8",.0,"8","","8",0,"8","","",.0,"8",.0,"8",.0,"8",.0,"8",.0,"8",.0,"8",.0,"8",.0,"8",.0,"8",0,"8",0,"8",0,"8","","",0,"8",0,"8"
"352190360","P£OCK","2006","04","13","12","6","",0,"8",0,"8","","","",7,"",0,"8",0,"8",7,"",240,"",4,"",0,"",10.1,"",.0,"8","U","",6.2,"",50,"",.1,"",995.2,"",1008.3,"",7,-1.5,"",.0,"9",0,"9","01","1","7","","8","","","/","","","/","","",1,"",.0,"8",.0,"8","","8",0,"8","","",.0,"8",.0,"8",.0,"8",.0,"8",.0,"8",.0,"8",.0,"8",.0,"8",.0,"8",0,"8",0,"8",0,"8","","",0,"8",0,"8"
"352190360","P£OCK","2006","04","13","13","6","",0,"8",0,"8","","","",7,"",0,"8",0,"8",7,"",200,"",1,"",0,"",10.3,"",.0,"8","U","",6.0,"",48,"",-.2,"",994.6,"",1007.7,"",7,-1.6,"",.0,"8",0,"8","01","2","7","","8","","","/","","","/","","",0,"8",.0,"8",.0,"8","","8",0,"8","","",.0,"8",.0,"8",.0,"8",.0,"8",.0,"8",.0,"8",.0,"8",.0,"8",.0,"8",0,"8",0,"8",0,"8","","",0,"8",0,"8"
"352190360","P£OCK","2006","04","13","14","7","",0,"8",0,"8","","","",8,"",0,"8",0,"8",7,"",230,"",2,"",0,"",10.7,"",.0,"8","U","",5.9,"",46,"",-.5,"",994.0,"",1007.1,"",7,-1.7,"",.0,"8",0,"8","01","2","7","","5","","","/","","","/","","",0,"8",.0,"8",.0,"8","","8",0,"8","","",.0,"8",.0,"8",.0,"8",.0,"8",.0,"8",.0,"8",.0,"8",.0,"8",.0,"8",0,"8",0,"8",0,"8","","",0,"8",0,"8"
"352190360","P£OCK","2006","04","13","15","7","",0,"8",0,"8","","","",8,"",0,"8",0,"8",7,"",260,"",2,"",0,"",10.6,"",.0,"8","U","",5.6,"",44,"",-1.2,"",993.6,"",1006.7,"",6,-1.6,"",.0,"8",0,"8","02","2","7","","5","","","/","","","/","","",0,"8",.0,"8",.0,"8","","8",0,"8","","",.0,"8",.0,"8",.0,"8",.0,"8",.0,"8",.0,"8",.0,"8",.0,"8",.0,"8",0,"8",0,"8",0,"8","","",0,"8",0,"8"
"352190360","P£OCK","2006","04","13","16","7","",0,"8",0,"8","","","",8,"",0,"8",0,"8",6,"",230,"",4,"",0,"",10.6,"",.0,"8","U","",5.4,"",42,"",-1.8,"",993.1,"",1006.2,"",7,-1.5,"",.0,"8",0,"8","01","2","3","","5","","","3","","","0","","",0,"8",.0,"8",.0,"8","","8",0,"8","","",.0,"8",.0,"8",.0,"8",.0,"8",.0,"8",.0,"8",.0,"8",.0,"8",.0,"8",0,"8",0,"8",0,"8","","",0,"8",0,"8"
"352190360","P£OCK","2006","04","13","17","7","",0,"8",0,"8","","","",8,"",0,"8",0,"8",6,"",220,"",4,"",0,"",10.3,"",.0,"8","U","",5.6,"",45,"",-1.1,"",992.9,"",1006.0,"",7,-1.1,"",.0,"8",0,"8","01","2","1","","5","","","3","","","6","","",0,"8",.0,"8",.0,"8","","8",0,"8","","",.0,"8",.0,"8",.0,"8",.0,"8",.0,"8",.0,"8",.0,"8",.0,"8",.0,"8",0,"8",0,"8",0,"8","","",0,"8",0,"8"
"352190360","P£OCK","2006","04","13","18","9","",0,"8",0,"8","","","",8,"",0,"8",0,"8",6,"",200,"",2,"",0,"",8.0,"",.0,"8","U","",5.7,"",53,"",-1.0,"",993.0,"",1006.2,"",5,-.6,"",.0,"9",0,"9","01","2","2","","0","","","3","","","6","","",1,"",.0,"8",.0,"8","","8",0,"8","","",.0,"8",.0,"8",.0,"8",.0,"8",.0,"8",.0,"8",.0,"8",.0,"8",.0,"8",0,"8",0,"8",0,"8","","",0,"8",0,"8"
"352190360","P£OCK","2006","04","13","19","9","",0,"8",0,"8","","","",7,"",0,"8",0,"8",6,"",200,"",3,"",0,"",8.1,"",.0,"8","U","",6.3,"",58,"",.3,"",992.6,"",1005.8,"",7,-.5,"",.0,"8",0,"8","02","2","2","","0","","","3","","","8","","",0,"8",.0,"8",.0,"8","","8",0,"8","","",.0,"8",.0,"8",.0,"8",.0,"8",.0,"8",.0,"8",.0,"8",.0,"8",.0,"8",0,"8",0,"8",0,"8","","",0,"8",0,"8"
"352190360","P£OCK","2006","04","13","20","9","",0,"8",0,"8","","","",7,"",0,"8",0,"8",7,"",210,"",3,"",0,"",8.0,"",.0,"8","U","",6.6,"",62,"",1.2,"",992.3,"",1005.5,"",8,-.6,"",.0,"8",0,"8","03","2","7","","0","","","5","","","/","","",0,"8",.0,"8",.0,"8","","8",0,"8","","",.0,"8",.0,"8",.0,"8",.0,"8",.0,"8",.0,"8",.0,"8",.0,"8",.0,"8",0,"8",0,"8",0,"8","","",0,"8",0,"8"
"352190360","P£OCK","2006","04","13","21","9","",0,"8",0,"8","","","",7,"",0,"8",0,"8",8,"",210,"",3,"",0,"",7.9,"",.0,"8","U","",6.8,"",64,"",1.5,"",991.7,"",1004.9,"",7,-1.3,"",.0,"8",0,"8","03","2","8","","0","","","3","","","/","","",0,"8",.0,"8",.0,"8","","8",0,"8","","",.0,"8",.0,"8",.0,"8",.0,"8",.0,"8",.0,"8",.0,"8",.0,"8",.0,"8",0,"8",0,"8",0,"8","","",0,"8",0,"8"
"352190360","P£OCK","2006","04","13","22","9","",0,"8",0,"8","","","",7,"",0,"8",0,"8",8,"",210,"",3,"",0,"",7.9,"",.0,"8","U","",6.9,"",65,"",1.7,"",991.4,"",1004.6,"",7,-1.2,"",.0,"8",0,"8","02","2","8","","0","","","3","","","/","","",0,"8",.0,"8",.0,"8","","8",0,"8","","",.0,"8",.0,"8",.0,"8",.0,"8",.0,"8",.0,"8",.0,"8",.0,"8",.0,"8",0,"8",0,"8",0,"8","","",0,"8",0,"8"
"352190360","P£OCK","2006","04","13","23","7","",0,"8",0,"8","","","",7,"",0,"8",0,"8",8,"",200,"",3,"",0,"",7.8,"",.0,"8","U","",7.1,"",67,"",2.0,"",991.1,"",1004.3,"",6,-1.2,"",.0,"8",0,"8","03","2","5","","5","","","3","","","/","","",0,"8",.0,"8",.0,"8","","8",0,"8","","",.0,"8",.0,"8",.0,"8",.0,"8",.0,"8",.0,"8",.0,"8",.0,"8",.0,"8",0,"8",0,"8",0,"8","","",0,"8",0,"8"
"352190360","P£OCK","2006","04","14","00","6","",0,"8",0,"8","","","",7,"",0,"8",0,"8",8,"",220,"",4,"",0,"",7.4,"",.0,"8","U","",7.1,"",69,"",2.1,"",990.6,"",1003.8,"",8,-1.1,"",.0,"9",0,"9","02","2","5","","5","","","3","","","/","","",1,"",.0,"8",.0,"8","","8",0,"8","","",.0,"8",.0,"8",.0,"8",.0,"8",.0,"8",.0,"8",.0,"8",.0,"8",.0,"8",0,"8",0,"8",0,"8","","",0,"8",0,"8"
"352190360","P£OCK","2006","04","14","01","6","",0,"8",0,"8","","","",7,"",0,"8",0,"8",8,"",220,"",4,"",0,"",7.4,"",.0,"8","U","",7.1,"",69,"",2.1,"",989.7,"",1002.9,"",8,-1.7,"",.0,"8",0,"8","02","2","5","","5","","","3","","","/","","",0,"8",.0,"8",.0,"8","","8",0,"8","","",.0,"8",.0,"8",.0,"8",.0,"8",.0,"8",.0,"8",.0,"8",.0,"8",.0,"8",0,"8",0,"8",0,"8","","",0,"8",0,"8"
"352190360","P£OCK","2006","04","14","02","6","",0,"8",0,"8","","","",7,"",0,"8",0,"8",6,"",210,"",4,"",0,"",6.9,"",.0,"8","U","",7.4,"",74,"",2.6,"",989.0,"",1002.2,"",7,-2.1,"",.0,"8",0,"8","01","2","2","","5","","","3","","","0","","",0,"8",.0,"8",.0,"8","","8",0,"8","","",.0,"8",.0,"8",.0,"8",.0,"8",.0,"8",.0,"8",.0,"8",.0,"8",.0,"8",0,"8",0,"8",0,"8","","",0,"8",0,"8"
"352190360","P£OCK","2006","04","14","03","5","",0,"8",0,"8","","","",7,"",0,"8",0,"8",7,"",220,"",5,"",0,"",7.0,"",.0,"8","U","",7.8,"",78,"",3.4,"",988.5,"",1001.7,"",6,-2.1,"",.0,"8",0,"8","03","2","7","","5","","","/","","","/","","",0,"8",.0,"8",.0,"8","","8",0,"8","","",.0,"8",.0,"8",.0,"8",.0,"8",.0,"8",.0,"8",.0,"8",.0,"8",.0,"8",0,"8",0,"8",0,"8","","",0,"8",0,"8"
"352190360","P£OCK","2006","04","14","04","5","",0,"8",0,"8","","","",7,"",0,"8",0,"8",7,"",200,"",6,"",0,"",7.2,"",.0,"8","U","",7.8,"",77,"",3.4,"",987.8,"",1001.0,"",7,-1.9,"",.0,"8",0,"8","01","2","2","","5","","","3","","","/","","",0,"8",.0,"8",.0,"8","","8",0,"8","","",.0,"8",.0,"8",.0,"8",.0,"8",.0,"8",.0,"8",.0,"8",.0,"8",.0,"8",0,"8",0,"8",0,"8","","",0,"8",0,"8"
"352190360","P£OCK","2006","04","14","05","4","",0,"8",0,"8","","","",6,"",0,"8",0,"8",8,"",230,"",8,"",0,"",6.4,"",.0,"8","U","",8.2,"",85,"",4.1,"",987.7,"",1000.9,"",6,-1.3,"",.0,"8",0,"8","80","8","8","","9","","","/","","","/","","",0,"8",.0,"8",.0,"8","","8",0,"8","","",.0,"8",.0,"8",.0,"8",.0,"8",.0,"8",.0,"8",.0,"8",.0,"8",.0,"8",0,"8",0,"8",0,"8","","",0,"8",0,"8"
"352190360","P£OCK","2006","04","14","06","4","",0,"8",0,"8","","","",6,"",0,"8",0,"8",8,"",210,"",5,"",0,"",6.4,"",.0,"8","U","",8.5,"",89,"",4.7,"",987.4,"",1000.6,"",7,-1.1,"",2.2,"",6,"","81","2","8","","9","","","/","","","/","","",1,"",.0,"8",.0,"8","","8",0,"8","","",.0,"8",.0,"8",.0,"8",.0,"8",.0,"8",.0,"8",.0,"8",.0,"8",.0,"8",0,"8",0,"8",0,"8","","",0,"8",0,"8"
"352190360","P£OCK","2006","04","14","07","5","",0,"8",0,"8","","","",7,"",0,"8",0,"8",8,"",240,"",6,"",0,"",6.4,"",.0,"8","U","",8.2,"",85,"",4.1,"",987.9,"",1001.1,"",3,.1,"",.0,"8",0,"8","80","8","7","","9","","","/","","","/","","",0,"8",.0,"8",.0,"8","","8",0,"8","","",.0,"8",.0,"8",.0,"8",.0,"8",.0,"8",.0,"8",.0,"8",.0,"8",.0,"8",0,"8",0,"8",0,"8","","",0,"8",0,"8"
"352190360","P£OCK","2006","04","14","08","5","",0,"8",0,"8","","","",8,"",0,"8",0,"8",8,"",270,"",8,"",13,"",6.6,"",.0,"8","U","",8.1,"",83,"",3.9,"",988.6,"",1001.8,"",3,.9,"",.0,"8",0,"8","25","8","7","","9","","","/","","","/","","",0,"8",.0,"8",.0,"8","","8",0,"8","","",.0,"8",.0,"8",.0,"8",.0,"8",.0,"8",.0,"8",.0,"8",.0,"8",.0,"8",0,"8",0,"8",0,"8","","",0,"8",0,"8"
"352190360","P£OCK","2006","04","14","09","4","",0,"8",0,"8","","","",8,"",0,"8",0,"8",6,"",270,"",7,"",0,"",7.9,"",.0,"8","U","",8.0,"",75,"",3.7,"",989.2,"",1002.4,"",2,1.8,"",.0,"8",0,"8","01","8","6","","9","","","0","","","0","","",0,"8",.0,"8",.0,"8","","8",0,"8","","",.0,"8",.0,"8",.0,"8",.0,"8",.0,"8",.0,"8",.0,"8",.0,"8",.0,"8",0,"8",0,"8",0,"8","","",0,"8",0,"8"
"352190360","P£OCK","2006","04","14","10","5","",0,"8",0,"8","","","",8,"",0,"8",0,"8",7,"",280,"",8,"",0,"",8.2,"",.0,"8","U","",7.2,"",66,"",2.2,"",989.8,"",1003.0,"",2,1.9,"",.0,"8",0,"8","03","2","7","","9","","","/","","","/","","",0,"8",.0,"8",.0,"8","","8",0,"8","","",.0,"8",.0,"8",.0,"8",.0,"8",.0,"8",.0,"8",.0,"8",.0,"8",.0,"8",0,"8",0,"8",0,"8","","",0,"8",0,"8"
"352190360","P£OCK","2006","04","14","11","5","",0,"8",0,"8","","","",8,"",0,"8",0,"8",7,"",260,"",7,"",0,"",8.4,"",.0,"8","U","",6.7,"",61,"",1.3,"",990.2,"",1003.4,"",1,1.6,"",.0,"8",0,"8","02","2","7","","9","","","/","","","/","","",0,"8",.0,"8",.0,"8","","8",0,"8","","",.0,"8",.0,"8",.0,"8",.0,"8",.0,"8",.0,"8",.0,"8",.0,"8",.0,"8",0,"8",0,"8",0,"8","","",0,"8",0,"8"
"352190360","P£OCK","2006","04","14","12","5","",0,"8",0,"8","","","",8,"",0,"8",0,"8",7,"",270,"",8,"",0,"",8.0,"",.0,"8","U","",7.4,"",69,"",2.7,"",990.5,"",1003.7,"",1,1.3,"",.7,"",6,"","80","2","7","","9","","","/","","","/","","",1,"",.0,"8",.0,"8","","8",0,"8","","",.0,"8",.0,"8",.0,"8",.0,"8",.0,"8",.0,"8",.0,"8",.0,"8",.0,"8",0,"8",0,"8",0,"8","","",0,"8",0,"8"
"352190360","P£OCK","2006","04","14","13","5","",0,"8",0,"8","","","",8,"",0,"8",0,"8",5,"",250,"",6,"",11,"",10.2,"",.0,"8","U","",7.6,"",61,"",3.0,"",990.2,"",1003.3,"",0,.4,"",.0,"8",0,"8","25","2","4","","9","","","0","","","1","","",0,"8",.0,"8",.0,"8","","8",0,"8","","",.0,"8",.0,"8",.0,"8",.0,"8",.0,"8",.0,"8",.0,"8",.0,"8",.0,"8",0,"8",0,"8",0,"8","","",0,"8",0,"8"
"352190360","P£OCK","2006","04","14","14","6","",0,"8",0,"8","","","",8,"",0,"8",0,"8",5,"",260,"",7,"",12,"",10.1,"",.0,"8","U","",6.4,"",52,"",.7,"",990.5,"",1003.6,"",2,.3,"",.0,"8",0,"8","02","2","4","","9","","","0","","","1","","",0,"8",.0,"8",.0,"8","","8",0,"8","","",.0,"8",.0,"8",.0,"8",.0,"8",.0,"8",.0,"8",.0,"8",.0,"8",.0,"8",0,"8",0,"8",0,"8","","",0,"8",0,"8"
"352190360","P£OCK","2006","04","14","15","6","",0,"8",0,"8","","","",8,"",0,"8",0,"8",4,"",290,"",4,"",0,"",7.4,"",.0,"8","U","",7.7,"",75,"",3.3,"",991.2,"",1004.4,"",3,.7,"",.0,"8",0,"8","25","1","4","","9","","","0","","","0","","",0,"8",.0,"8",.0,"8","","8",0,"8","","",.0,"8",.0,"8",.0,"8",.0,"8",.0,"8",.0,"8",.0,"8",.0,"8",.0,"8",0,"8",0,"8",0,"8","","",0,"8",0,"8"
"352190360","P£OCK","2006","04","14","16","4","",0,"8",0,"8","","","",6,"",0,"8",0,"8",7,"",280,"",8,"",16,"",6.6,"",.0,"8","U","",6.8,"",70,"",1.5,"",992.1,"",1005.4,"",3,1.9,"",.0,"8",0,"8","81","1","7","","9","","","/","","","/","","",0,"8",.0,"8",.0,"8","","8",0,"8","","",.0,"8",.0,"8",.0,"8",.0,"8",.0,"8",.0,"8",.0,"8",.0,"8",.0,"8",0,"8",0,"8",0,"8","","",0,"8",0,"8"
"352190360","P£OCK","2006","04","14","17","5","",0,"8",0,"8","","","",8,"",0,"8",0,"8",3,"",300,"",3,"",0,"",6.3,"",.0,"8","U","",7.2,"",75,"",2.2,"",992.2,"",1005.5,"",1,1.7,"",.0,"8",0,"8","25","1","3","","9","","","0","","","0","","",0,"8",.0,"8",.0,"8","","8",0,"8","","",.0,"8",.0,"8",.0,"8",.0,"8",.0,"8",.0,"8",.0,"8",.0,"8",.0,"8",0,"8",0,"8",0,"8","","",0,"8",0,"8"
"352190360","P£OCK","2006","04","14","18","5","",0,"8",0,"8","","","",8,"",0,"8",0,"8",2,"",200,"",3,"",0,"",5.1,"",.0,"8","U","",7.0,"",80,"",1.9,"",993.0,"",1006.3,"",2,1.8,"",1.8,"",6,"","01","8","1","","5","","","6","","","0","","",2,"",.0,"8",.0,"8","","8",0,"8","","",.0,"8",.0,"8",.0,"8",.0,"8",.0,"8",.0,"8",.0,"8",.0,"8",.0,"8",0,"8",0,"8",0,"8","","",0,"8",0,"8"
"352190360","P£OCK","2006","04","14","19","7","",0,"8",0,"8","","","",8,"",0,"8",0,"8",5,"",220,"",3,"",0,"",5.2,"",.0,"8","U","",6.9,"",78,"",1.7,"",993.8,"",1007.2,"",3,1.7,"",.0,"8",0,"8","03","1","3","","5","","","3","","","0","","",0,"8",.0,"8",.0,"8","","8",0,"8","","",.0,"8",.0,"8",.0,"8",.0,"8",.0,"8",.0,"8",.0,"8",.0,"8",.0,"8",0,"8",0,"8",0,"8","","",0,"8",0,"8"
"352190360","P£OCK","2006","04","14","20","7","",0,"8",0,"8","","","",8,"",0,"8",0,"8",7,"",230,"",2,"",0,"",4.5,"",.0,"8","U","",6.8,"",81,"",1.5,"",994.3,"",1007.7,"",1,2.1,"",.0,"8",0,"8","01","2","2","","5","","","5","","","/","","",0,"8",.0,"8",.0,"8","","8",0,"8","","",.0,"8",.0,"8",.0,"8",.0,"8",.0,"8",.0,"8",.0,"8",.0,"8",.0,"8",0,"8",0,"8",0,"8","","",0,"8",0,"8"
"352190360","P£OCK","2006","04","14","21","9","",0,"8",0,"8","","","",8,"",0,"8",0,"8",4,"",270,"",3,"",0,"",5.7,"",.0,"8","U","",6.4,"",70,"",.6,"",994.7,"",1008.0,"",1,1.7,"",.0,"8",0,"8","01","1","4","","0","","","3","","","0","","",0,"8",.0,"8",.0,"8","","8",0,"8","","",.0,"8",.0,"8",.0,"8",.0,"8",.0,"8",.0,"8",.0,"8",.0,"8",.0,"8",0,"8",0,"8",0,"8","","",0,"8",0,"8"
"352190360","P£OCK","2006","04","14","22","9","",0,"8",0,"8","","","",7,"",0,"8",0,"8",7,"",220,"",2,"",0,"",5.0,"",.0,"8","U","",6.9,"",79,"",1.7,"",995.0,"",1008.4,"",1,1.2,"",.0,"8",0,"8","03","1","7","","0","","","5","","","/","","",0,"8",.0,"8",.0,"8","","8",0,"8","","",.0,"8",.0,"8",.0,"8",.0,"8",.0,"8",.0,"8",.0,"8",.0,"8",.0,"8",0,"8",0,"8",0,"8","","",0,"8",0,"8"
"352190360","P£OCK","2006","04","14","23","9","",0,"8",0,"8","","","",7,"",0,"8",0,"8",8,"",230,"",3,"",0,"",5.2,"",.0,"8","U","",7.0,"",79,"",1.9,"",995.4,"",1008.8,"",2,1.1,"",.0,"8",0,"8","03","2","8","","0","","","3","","","/","","",0,"8",.0,"8",.0,"8","","8",0,"8","","",.0,"8",.0,"8",.0,"8",.0,"8",.0,"8",.0,"8",.0,"8",.0,"8",.0,"8",0,"8",0,"8",0,"8","","",0,"8",0,"8"
"352190360","P£OCK","2006","04","15","00","6","",0,"8",0,"8","","","",7,"",0,"8",0,"8",8,"",270,"",7,"",0,"",6.3,"",.0,"8","U","",7.4,"",78,"",2.7,"",995.7,"",1009.0,"",2,1.0,"",.0,"",6,"","80","1","8","","9","","","/","","","/","","",2,"",.0,"8",.0,"8","","8",0,"8","","",.0,"8",.0,"8",.0,"8",.0,"8",.0,"8",.0,"8",.0,"8",.0,"8",.0,"8",0,"8",0,"8",0,"8","","",0,"8",0,"8"
"352190360","P£OCK","2006","04","15","01","5","",0,"8",0,"8","","","",8,"",0,"8",0,"8",8,"",260,"",6,"",12,"",5.9,"",.0,"8","U","",7.6,"",82,"",3.1,"",996.2,"",1009.6,"",2,1.2,"",.0,"8",0,"8","25","8","8","","9","","","/","","","/","","",0,"8",.0,"8",.0,"8","","8",0,"8","","",.0,"8",.0,"8",.0,"8",.0,"8",.0,"8",.0,"8",.0,"8",.0,"8",.0,"8",0,"8",0,"8",0,"8","","",0,"8",0,"8"
"352190360","P£OCK","2006","04","15","02","6","",0,"8",0,"8","","","",7,"",0,"8",0,"8",6,"",270,"",7,"",0,"",5.4,"",.0,"8","U","",7.4,"",83,"",2.7,"",996.8,"",1010.2,"",3,1.4,"",.0,"8",0,"8","01","2","5","","5","","","3","","","0","","",0,"8",.0,"8",.0,"8","","8",0,"8","","",.0,"8",.0,"8",.0,"8",.0,"8",.0,"8",.0,"8",.0,"8",.0,"8",.0,"8",0,"8",0,"8",0,"8","","",0,"8",0,"8"
"352190360","P£OCK","2006","04","15","03","6","",0,"8",0,"8","","","",7,"",0,"8",0,"8",7,"",270,"",7,"",0,"",4.9,"",.0,"8","U","",7.3,"",84,"",2.4,"",997.3,"",1010.7,"",2,1.6,"",.0,"8",0,"8","01","8","2","","5","","","3","","","/","","",0,"8",.0,"8",.0,"8","","8",0,"8","","",.0,"8",.0,"8",.0,"8",.0,"8",.0,"8",.0,"8",.0,"8",.0,"8",.0,"8",0,"8",0,"8",0,"8","","",0,"8",0,"8"
"352190360","P£OCK","2006","04","15","04","4","",0,"8",0,"8","","","",7,"",0,"8",0,"8",7,"",270,"",6,"",0,"",4.5,"",.0,"8","U","",7.2,"",85,"",2.2,"",998.0,"",1011.4,"",2,1.8,"",.0,"8",0,"8","03","2","7","","5","","","/","","","/","","",0,"8",.0,"8",.0,"8","","8",0,"8","","",.0,"8",.0,"8",.0,"8",.0,"8",.0,"8",.0,"8",.0,"8",.0,"8",.0,"8",0,"8",0,"8",0,"8","","",0,"8",0,"8"
"352190360","P£OCK","2006","04","15","05","4","",0,"8",0,"8","","","",7,"",0,"8",0,"8",7,"",270,"",6,"",0,"",4.7,"",.0,"8","U","",7.3,"",85,"",2.4,"",998.5,"",1011.9,"",2,1.7,"",.0,"8",0,"8","02","2","7","","5","","","/","","","/","","",0,"8",.0,"8",.0,"8","","8",0,"8","","",.0,"8",.0,"8",.0,"8",.0,"8",.0,"8",.0,"8",.0,"8",.0,"8",.0,"8",0,"8",0,"8",0,"8","","",0,"8",0,"8"
"352190360","P£OCK","2006","04","15","06","4","",0,"8",0,"8","","","",7,"",0,"8",0,"8",7,"",270,"",7,"",0,"",5.6,"",.0,"8","U","",7.3,"",80,"",2.4,"",999.0,"",1012.4,"",1,1.7,"",1.2,"",6,"","02","8","7","","5","","","/","","","/","","",2,"",.0,"8",.0,"8","","8",0,"8","","",.0,"8",.0,"8",.0,"8",.0,"8",.0,"8",.0,"8",.0,"8",.0,"8",.0,"8",0,"8",0,"8",0,"8","","",0,"8",0,"8"
"352190360","P£OCK","2006","04","15","07","4","",0,"8",0,"8","","","",8,"",0,"8",0,"8",7,"",280,"",8,"",0,"",6.7,"",.0,"8","U","",7.4,"",75,"",2.6,"",999.6,"",1013.0,"",2,1.6,"",.0,"8",0,"8","03","2","5","","2","","","3","","","/","","",0,"8",.0,"8",.0,"8","","8",0,"8","","",.0,"8",.0,"8",.0,"8",.0,"8",.0,"8",.0,"8",.0,"8",.0,"8",.0,"8",0,"8",0,"8",0,"8","","",0,"8",0,"8"
"352190360","P£OCK","2006","04","15","08","5","",0,"8",0,"8","","","",8,"",0,"8",0,"8",7,"",270,"",8,"",0,"",7.3,"",.0,"8","U","",7.2,"",70,"",2.2,"",1000.5,"",1013.8,"",3,2.0,"",.0,"8",0,"8","03","2","5","","9","","","3","","","/","","",0,"8",.0,"8",.0,"8","","8",0,"8","","",.0,"8",.0,"8",.0,"8",.0,"8",.0,"8",.0,"8",.0,"8",.0,"8",.0,"8",0,"8",0,"8",0,"8","","",0,"8",0,"8"
"352190360","P£OCK","2006","04","15","09","6","",0,"8",0,"8","","","",8,"",0,"8",0,"8",7,"",270,"",7,"",0,"",7.6,"",.0,"8","U","",7.0,"",67,"",1.9,"",1000.9,"",1014.2,"",2,1.9,"",.0,"8",0,"8","25","2","7","","9","","","/","","","/","","",0,"8",.0,"8",.0,"8","","8",0,"8","","",.0,"8",.0,"8",.0,"8",.0,"8",.0,"8",.0,"8",.0,"8",.0,"8",.0,"8",0,"8",0,"8",0,"8","","",0,"8",0,"8"
"352190360","P£OCK","2006","04","15","10","6","",0,"8",0,"8","","","",8,"",0,"8",0,"8",7,"",280,"",6,"",0,"",7.7,"",.0,"8","U","",6.7,"",64,"",1.3,"",1001.6,"",1014.9,"",2,2.0,"",.0,"8",0,"8","02","2","7","","9","","","/","","","/","","",0,"8",.0,"8",.0,"8","","8",0,"8","","",.0,"8",.0,"8",.0,"8",.0,"8",.0,"8",.0,"8",.0,"8",.0,"8",.0,"8",0,"8",0,"8",0,"8","","",0,"8",0,"8"
"352190360","P£OCK","2006","04","15","11","6","",0,"8",0,"8","","","",8,"",0,"8",0,"8",7,"",280,"",7,"",0,"",8.2,"",.0,"8","U","",6.6,"",61,"",1.1,"",1001.9,"",1015.2,"",2,1.4,"",.0,"8",0,"8","01","2","7","","2","","","/","","","/","","",0,"8",.0,"8",.0,"8","","8",0,"8","","",.0,"8",.0,"8",.0,"8",.0,"8",.0,"8",.0,"8",.0,"8",.0,"8",.0,"8",0,"8",0,"8",0,"8","","",0,"8",0,"8"
"352190360","P£OCK","2006","04","15","12","5","",0,"8",0,"8","","","",8,"",0,"8",0,"8",7,"",280,"",6,"",0,"",8.9,"",.0,"8","U","",6.6,"",58,"",1.1,"",1002.4,"",1015.7,"",2,1.5,"",.0,"",6,"","01","8","7","","8","","","/","","","/","","",2,"",.0,"8",.0,"8","","8",0,"8","","",.0,"8",.0,"8",.0,"8",.0,"8",.0,"8",.0,"8",.0,"8",.0,"8",.0,"8",0,"8",0,"8",0,"8","","",0,"8",0,"8"
"352190360","P£OCK","2006","04","15","13","5","",0,"8",0,"8","","","",8,"",0,"8",0,"8",7,"",270,"",7,"",0,"",9.9,"",.0,"8","U","",6.5,"",53,"",.8,"",1002.5,"",1015.7,"",2,.9,"",.0,"8",0,"8","01","2","7","","8","","","/","","","/","","",0,"8",.0,"8",.0,"8","","8",0,"8","","",.0,"8",.0,"8",.0,"8",.0,"8",.0,"8",.0,"8",.0,"8",.0,"8",.0,"8",0,"8",0,"8",0,"8","","",0,"8",0,"8"
"352190360","P£OCK","2006","04","15","14","7","",0,"8",0,"8","","","",8,"",0,"8",0,"8",6,"",270,"",5,"",0,"",10.8,"",.0,"8","U","",7.1,"",55,"",2.1,"",1002.5,"",1015.7,"",1,.6,"",.0,"8",0,"8","03","2","5","","2","","","3","","","0","","",0,"8",.0,"8",.0,"8","","8",0,"8","","",.0,"8",.0,"8",.0,"8",.0,"8",.0,"8",.0,"8",.0,"8",.0,"8",.0,"8",0,"8",0,"8",0,"8","","",0,"8",0,"8"
"352190360","P£OCK","2006","04","15","15","7","",0,"8",0,"8","","","",8,"",0,"8",0,"8",4,"",270,"",5,"",0,"",11.0,"",.0,"8","U","",5.8,"",44,"",-.8,"",1002.3,"",1015.5,"",8,-.1,"",.0,"8",0,"8","01","1","2","","2","","","6","","","0","","",0,"8",.0,"8",.0,"8","","8",0,"8","","",.0,"8",.0,"8",.0,"8",.0,"8",.0,"8",.0,"8",.0,"8",.0,"8",.0,"8",0,"8",0,"8",0,"8","","",0,"8",0,"8"
"352190360","P£OCK","2006","04","15","16","7","",0,"8",0,"8","","","",8,"",0,"8",0,"8",2,"",270,"",4,"",0,"",10.8,"",.0,"8","U","",5.6,"",43,"",-1.3,"",1002.1,"",1015.3,"",8,-.4,"",.0,"8",0,"8","01","0","1","","2","","","6","","","0","","",0,"8",.0,"8",.0,"8","","8",0,"8","","",.0,"8",.0,"8",.0,"8",.0,"8",.0,"8",.0,"8",.0,"8",.0,"8",.0,"8",0,"8",0,"8",0,"8","","",0,"8",0,"8"
"352190360","P£OCK","2006","04","15","17","9","",0,"8",0,"8","","","",8,"",0,"8",0,"8",2,"",210,"",4,"",0,"",9.7,"",.0,"8","U","",6.4,"",53,"",.6,"",1002.4,"",1015.7,"",5,-.1,"",.0,"8",0,"8","01","0","2","","0","","","6","","","0","","",0,"8",.0,"8",.0,"8","","8",0,"8","","",.0,"8",.0,"8",.0,"8",.0,"8",.0,"8",.0,"8",.0,"8",.0,"8",.0,"8",0,"8",0,"8",0,"8","","",0,"8",0,"8"
"352190360","P£OCK","2006","04","15","18","6","",0,"8",0,"8","","","",8,"",0,"8",0,"8",2,"",210,"",3,"",0,"",7.6,"",.0,"8","U","",5.9,"",57,"",-.4,"",1002.2,"",1015.6,"",7,-.1,"",.0,"9",0,"9","03","1","1","","5","","","0","","","1","","",1,"",.0,"8",.0,"8","","8",0,"8","","",.0,"8",.0,"8",.0,"8",.0,"8",.0,"8",.0,"8",.0,"8",.0,"8",.0,"8",0,"8",0,"8",0,"8","","",0,"8",0,"8"
"352190360","P£OCK","2006","04","15","19","9","",0,"8",0,"8","","","",7,"",0,"8",0,"8",0,"",110,"",1,"",0,"",6.1,"",.0,"8","U","",6.0,"",64,"",-.2,"",1002.1,"",1015.5,"",0,.0,"",.0,"8",0,"8","01","0","0","","0","","","0","","","0","","",0,"8",.0,"8",.0,"8","","8",0,"8","","",.0,"8",.0,"8",.0,"8",.0,"8",.0,"8",.0,"8",.0,"8",.0,"8",.0,"8",0,"8",0,"8",0,"8","","",0,"8",0,"8"
"352190360","P£OCK","2006","04","15","20","9","",0,"8",0,"8","","","",7,"",0,"8",0,"8",0,"",190,"",2,"",0,"",5.8,"",.0,"8","U","",5.9,"",64,"",-.5,"",1002.1,"",1015.5,"",6,-.3,"",.0,"8",0,"8","02","0","0","","0","","","0","","","0","","",0,"8",.0,"8",.0,"8","","8",0,"8","","",.0,"8",.0,"8",.0,"8",.0,"8",.0,"8",.0,"8",.0,"8",.0,"8",.0,"8",0,"8",0,"8",0,"8","","",0,"8",0,"8"
"352190360","P£OCK","2006","04","15","21","9","",0,"8",0,"8","","","",7,"",0,"8",0,"8",0,"",210,"",2,"",0,"",4.7,"",.0,"8","U","",5.8,"",68,"",-.7,"",1002.8,"",1016.3,"",3,.6,"",.0,"8",0,"8","02","0","0","","0","","","0","","","0","","",0,"8",.0,"8",.0,"8","","8",0,"8","","",.0,"8",.0,"8",.0,"8",.0,"8",.0,"8",.0,"8",.0,"8",.0,"8",.0,"8",0,"8",0,"8",0,"8","","",0,"8",0,"8"
"352190360","P£OCK","2006","04","15","22","9","",0,"8",0,"8","","","",7,"",0,"8",0,"8",0,"",150,"",1,"",0,"",3.1,"",.0,"8","U","",5.5,"",72,"",-1.5,"",1002.9,"",1016.5,"",3,.8,"",.0,"8",0,"8","02","0","0","","0","","","0","","","0","","",0,"8",.0,"8",.0,"8","","8",0,"8","","",.0,"8",.0,"8",.0,"8",.0,"8",.0,"8",.0,"8",.0,"8",.0,"8",.0,"8",0,"8",0,"8",0,"8","","",0,"8",0,"8"
"352190360","P£OCK","2006","04","15","23","9","",0,"8",0,"8","","","",6,"",0,"8",0,"8",2,"",100,"",1,"",0,"",2.1,"",.0,"8","U","",5.5,"",78,"",-1.3,"",1002.5,"",1016.1,"",0,.4,"",.0,"8",0,"8","10","0","2","","0","","","3","","","0","","",0,"8",.0,"8",.0,"8","","8",0,"8","","",.0,"8",.0,"8",.0,"8",.0,"8",.0,"8",.0,"8",.0,"8",.0,"8",.0,"8",0,"8",0,"8",0,"8","","",0,"8",0,"8"
"352190360","P£OCK","2006","04","16","00","9","",0,"8",0,"8","","","",6,"",0,"8",0,"8",4,"",120,"",2,"",0,"",2.1,"",.0,"8","U","",5.8,"",81,"",-.8,"",1001.6,"",1015.2,"",8,-1.2,"",.0,"9",0,"9","10","0","1","","0","","","3","","","4","","",4,"",.0,"8",.0,"8","","8",0,"8","","",.0,"8",.0,"8",.0,"8",.0,"8",.0,"8",.0,"8",.0,"8",.0,"8",.0,"8",0,"8",0,"8",0,"8","","",0,"8",0,"8"
"352190360","P£OCK","2006","04","16","01","9","",0,"8",0,"8","","","",7,"",0,"8",0,"8",7,"",120,"",2,"",0,"",2.3,"",.0,"8","U","",5.8,"",80,"",-.8,"",1000.9,"",1014.5,"",7,-2.0,"",.0,"8",0,"8","01","1","0","","0","","","0","","","6","","",0,"8",.0,"8",.0,"8","","8",0,"8","","",.0,"8",.0,"8",.0,"8",.0,"8",.0,"8",.0,"8",.0,"8",.0,"8",.0,"8",0,"8",0,"8",0,"8","","",0,"8",0,"8"
"352190360","P£OCK","2006","04","16","02","9","",0,"8",0,"8","","","",7,"",0,"8",0,"8",7,"",120,"",2,"",0,"",1.8,"",.0,"8","U","",5.6,"",81,"",-1.1,"",1000.1,"",1013.7,"",7,-2.4,"",.0,"8",0,"8","02","2","0","","0","","","0","","","8","","",0,"8",.0,"8",.0,"8","","8",0,"8","","",.0,"8",.0,"8",.0,"8",.0,"8",.0,"8",.0,"8",.0,"8",.0,"8",.0,"8",0,"8",0,"8",0,"8","","",0,"8",0,"8"
"352190360","P£OCK","2006","04","16","03","9","",0,"8",0,"8","","","",7,"",0,"8",0,"8",7,"",130,"",2,"",0,"",2.3,"",.0,"8","U","",5.8,"",81,"",-.6,"",999.5,"",1013.1,"",7,-2.1,"",.0,"8",0,"8","02","1","0","","0","","","0","","","8","","",0,"8",.0,"8",.0,"8","","8",0,"8","","",.0,"8",.0,"8",.0,"8",.0,"8",.0,"8",.0,"8",.0,"8",.0,"8",.0,"8",0,"8",0,"8",0,"8","","",0,"8",0,"8"
"352190360","P£OCK","2006","04","16","04","9","",0,"8",0,"8","","","",7,"",0,"8",0,"8",8,"",130,"",3,"",0,"",2.8,"",.0,"8","U","",6.0,"",80,"",-.3,"",999.2,"",1012.7,"",6,-1.7,"",.0,"8",0,"8","03","2","0","","0","","","0","","","7","","",0,"8",.0,"8",.0,"8","","8",0,"8","","",.0,"8",.0,"8",.0,"8",.0,"8",.0,"8",.0,"8",.0,"8",.0,"8",.0,"8",0,"8",0,"8",0,"8","","",0,"8",0,"8"
"352190360","P£OCK","2006","04","16","05","9","",0,"8",0,"8","","","",7,"",0,"8",0,"8",8,"",130,"",3,"",0,"",4.1,"",.0,"8","U","",6.1,"",75,"",.1,"",998.6,"",1012.1,"",7,-1.5,"",.0,"8",0,"8","03","2","1","","0","","","3","","","7","","",0,"8",.0,"8",.0,"8","","8",0,"8","","",.0,"8",.0,"8",.0,"8",.0,"8",.0,"8",.0,"8",.0,"8",.0,"8",.0,"8",0,"8",0,"8",0,"8","","",0,"8",0,"8"
"352190360","P£OCK","2006","04","16","06","9","",0,"8",0,"8","","","",7,"",0,"8",0,"8",8,"",130,"",4,"",0,"",5.1,"",.0,"8","U","",6.2,"",71,"",.3,"",998.3,"",1011.7,"",7,-1.2,"",.0,"9",0,"9","03","1","8","","0","","","7","","","/","","",1,"",.0,"8",.0,"8","","8",0,"8","","",.0,"8",.0,"8",.0,"8",.0,"8",.0,"8",.0,"8",.0,"8",.0,"8",.0,"8",0,"8",0,"8",0,"8","","",0,"8",0,"8"
"352190360","P£OCK","2006","04","16","07","9","",0,"8",0,"8","","","",8,"",0,"8",0,"8",8,"",130,"",3,"",0,"",6.4,"",.0,"8","U","",6.4,"",67,"",.7,"",997.9,"",1011.3,"",7,-1.3,"",.0,"8",0,"8","02","2","8","","0","","","7","","","/","","",0,"8",.0,"8",.0,"8","","8",0,"8","","",.0,"8",.0,"8",.0,"8",.0,"8",.0,"8",.0,"8",.0,"8",.0,"8",.0,"8",0,"8",0,"8",0,"8","","",0,"8",0,"8"
"352190360","P£OCK","2006","04","16","08","9","",0,"8",0,"8","","","",8,"",0,"8",0,"8",8,"",130,"",5,"",0,"",7.9,"",.0,"8","U","",6.6,"",62,"",1.1,"",997.2,"",1010.5,"",8,-1.4,"",.0,"8",0,"8","02","2","8","","0","","","7","","","/","","",0,"8",.0,"8",.0,"8","","8",0,"8","","",.0,"8",.0,"8",.0,"8",.0,"8",.0,"8",.0,"8",.0,"8",.0,"8",.0,"8",0,"8",0,"8",0,"8","","",0,"8",0,"8"
"352190360","P£OCK","2006","04","16","09","9","",0,"8",0,"8","","","",8,"",0,"8",0,"8",8,"",140,"",4,"",0,"",8.6,"",.0,"8","U","",7.0,"",63,"",1.9,"",996.6,"",1009.8,"",7,-1.7,"",.0,"8",0,"8","02","2","8","","0","","","7","","","/","","",0,"8",.0,"8",.0,"8","","8",0,"8","","",.0,"8",.0,"8",.0,"8",.0,"8",.0,"8",.0,"8",.0,"8",.0,"8",.0,"8",0,"8",0,"8",0,"8","","",0,"8",0,"8"
"352190360","P£OCK","2006","04","16","10","9","",0,"8",0,"8","","","",8,"",0,"8",0,"8",8,"",130,"",5,"",0,"",10.6,"",.0,"8","U","",7.1,"",56,"",2.2,"",995.7,"",1008.8,"",7,-2.2,"",.0,"8",0,"8","02","2","8","","0","","","7","","","/","","",0,"8",.0,"8",.0,"8","","8",0,"8","","",.0,"8",.0,"8",.0,"8",.0,"8",.0,"8",.0,"8",.0,"8",.0,"8",.0,"8",0,"8",0,"8",0,"8","","",0,"8",0,"8"
"352190360","P£OCK","2006","04","16","11","7","",0,"8",0,"8","","","",8,"",0,"8",0,"8",8,"",110,"",4,"",0,"",11.7,"",.0,"8","U","",7.8,"",57,"",3.5,"",994.9,"",1008.0,"",7,-2.3,"",.0,"8",0,"8","03","2","5","","5","","","7","","","/","","",0,"8",.0,"8",.0,"8","","8",0,"8","","",.0,"8",.0,"8",.0,"8",.0,"8",.0,"8",.0,"8",.0,"8",.0,"8",.0,"8",0,"8",0,"8",0,"8","","",0,"8",0,"8"
"352190360","P£OCK","2006","04","16","12","6","",0,"8",0,"8","","","",8,"",0,"8",0,"8",8,"",110,"",6,"",0,"",11.6,"",.0,"8","U","",7.5,"",55,"",2.9,"",994.2,"",1007.3,"",6,-2.4,"",.0,"9",0,"9","03","2","8","","5","","","/","","","/","","",1,"",.0,"8",.0,"8","","8",0,"8","","",.0,"8",.0,"8",.0,"8",.0,"8",.0,"8",.0,"8",.0,"8",.0,"8",.0,"8",0,"8",0,"8",0,"8","","",0,"8",0,"8"
"352190360","P£OCK","2006","04","16","13","6","",0,"8",0,"8","","","",8,"",0,"8",0,"8",8,"",110,"",5,"",0,"",11.5,"",.0,"8","U","",7.9,"",58,"",3.5,"",993.7,"",1006.8,"",6,-2.0,"",.0,"8",0,"8","25","2","8","","9","","","/","","","/","","",0,"8",.0,"8",.0,"8","","8",0,"8","","",.0,"8",.0,"8",.0,"8",.0,"8",.0,"8",.0,"8",.0,"8",.0,"8",.0,"8",0,"8",0,"8",0,"8","","",0,"8",0,"8"
"352190360","P£OCK","2006","04","16","14","6","",0,"8",0,"8","","","",8,"",0,"8",0,"8",8,"",110,"",5,"",0,"",12.2,"",.0,"8","U","",8.2,"",58,"",4.2,"",992.7,"",1005.7,"",7,-2.2,"",.0,"8",0,"8","25","2","8","","5","","","/","","","/","","",0,"8",.0,"8",.0,"8","","8",0,"8","","",.0,"8",.0,"8",.0,"8",.0,"8",.0,"8",.0,"8",.0,"8",.0,"8",.0,"8",0,"8",0,"8",0,"8","","",0,"8",0,"8"
"352190360","P£OCK","2006","04","16","15","6","",0,"8",0,"8","","","",8,"",0,"8",0,"8",8,"",130,"",5,"",0,"",12.7,"",.0,"8","U","",8.4,"",57,"",4.4,"",992.0,"",1005.0,"",7,-2.2,"",.0,"8",0,"8","02","8","8","","5","","","/","","","/","","",0,"8",.0,"8",.0,"8","","8",0,"8","","",.0,"8",.0,"8",.0,"8",.0,"8",.0,"8",.0,"8",.0,"8",.0,"8",.0,"8",0,"8",0,"8",0,"8","","",0,"8",0,"8"
"352190360","P£OCK","2006","04","16","16","6","",0,"8",0,"8","","","",8,"",0,"8",0,"8",7,"",140,"",4,"",0,"",13.1,"",.0,"8","U","",8.9,"",59,"",5.3,"",991.5,"",1004.5,"",6,-2.2,"",.0,"8",0,"8","01","2","7","","5","","","/","","","/","","",0,"8",.0,"8",.0,"8","","8",0,"8","","",.0,"8",.0,"8",.0,"8",.0,"8",.0,"8",.0,"8",.0,"8",.0,"8",.0,"8",0,"8",0,"8",0,"8","","",0,"8",0,"8"
"352190360","P£OCK","2006","04","16","17","5","",0,"8",0,"8","","","",8,"",0,"8",0,"8",7,"",190,"",3,"",0,"",13.0,"",.0,"8","U","",9.9,"",66,"",6.8,"",991.4,"",1004.4,"",6,-1.3,"",.0,"8",0,"8","01","2","4","","5","","","3","","","1","","",0,"8",.0,"8",.0,"8","","8",0,"8","","",.0,"8",.0,"8",.0,"8",.0,"8",.0,"8",.0,"8",.0,"8",.0,"8",.0,"8",0,"8",0,"8",0,"8","","",0,"8",0,"8"
"352190360","P£OCK","2006","04","16","18","5","",0,"8",0,"8","","","",7,"",0,"8",0,"8",8,"",170,"",2,"",0,"",12.0,"",.0,"8","U","",10.1,"",72,"",7.1,"",991.1,"",1004.1,"",7,-.9,"",.0,"",6,"","03","8","2","","9","","","3","","","/","","",1,"",.0,"8",.0,"8","","8",0,"8","","",.0,"8",.0,"8",.0,"8",.0,"8",.0,"8",.0,"8",.0,"8",.0,"8",.0,"8",0,"8",0,"8",0,"8","","",0,"8",0,"8"
"352190360","P£OCK","2006","04","16","19","5","",0,"8",0,"8","","","",7,"",0,"8",0,"8",8,"",180,"",2,"",0,"",11.5,"",.0,"8","U","",10.3,"",76,"",7.4,"",991.0,"",1004.0,"",7,-.5,"",.0,"8",0,"8","80","2","5","","9","","","3","","","/","","",0,"8",.0,"8",.0,"8","","8",0,"8","","",.0,"8",.0,"8",.0,"8",.0,"8",.0,"8",.0,"8",.0,"8",.0,"8",.0,"8",0,"8",0,"8",0,"8","","",0,"8",0,"8"
"352190360","P£OCK","2006","04","16","20","5","",0,"8",0,"8","","","",7,"",0,"8",0,"8",7,"",150,"",2,"",0,"",10.9,"",.0,"8","U","",10.4,"",80,"",7.6,"",990.7,"",1003.7,"",7,-.7,"",.0,"8",0,"8","25","2","3","","9","","","3","","","/","","",0,"8",.0,"8",.0,"8","","8",0,"8","","",.0,"8",.0,"8",.0,"8",.0,"8",.0,"8",.0,"8",.0,"8",.0,"8",.0,"8",0,"8",0,"8",0,"8","","",0,"8",0,"8"
"352190360","P£OCK","2006","04","16","21","5","",0,"8",0,"8","","","",6,"",0,"8",0,"8",7,"",170,"",2,"",0,"",10.8,"",.0,"8","U","",10.9,"",84,"",8.2,"",990.6,"",1003.6,"",7,-.5,"",.0,"8",0,"8","80","2","7","","9","","","/","","","/","","",0,"8",.0,"8",.0,"8","","8",0,"8","","",.0,"8",.0,"8",.0,"8",.0,"8",.0,"8",.0,"8",.0,"8",.0,"8",.0,"8",0,"8",0,"8",0,"8","","",0,"8",0,"8"
"352190360","P£OCK","2006","04","16","22","5","",0,"8",0,"8","","","",6,"",0,"8",0,"8",7,"",230,"",3,"",0,"",10.4,"",.0,"8","U","",10.8,"",86,"",8.2,"",990.9,"",1004.0,"",5,-.1,"",.0,"8",0,"8","25","2","7","","9","","","/","","","/","","",0,"8",.0,"8",.0,"8","","8",0,"8","","",.0,"8",.0,"8",.0,"8",.0,"8",.0,"8",.0,"8",.0,"8",.0,"8",.0,"8",0,"8",0,"8",0,"8","","",0,"8",0,"8"
"352190360","P£OCK","2006","04","16","23","6","",0,"8",0,"8","","","",6,"",0,"8",0,"8",7,"",220,"",4,"",0,"",10.3,"",.0,"8","U","",10.9,"",87,"",8.2,"",990.9,"",1004.0,"",1,.2,"",.0,"8",0,"8","10","2","7","","9","","","/","","","/","","",0,"8",.0,"8",.0,"8","","8",0,"8","","",.0,"8",.0,"8",.0,"8",.0,"8",.0,"8",.0,"8",.0,"8",.0,"8",.0,"8",0,"8",0,"8",0,"8","","",0,"8",0,"8"
"352190360","P£OCK","2006","04","17","00","6","",0,"8",0,"8","","","",6,"",0,"8",0,"8",7,"",220,"",4,"",0,"",9.8,"",.0,"8","U","",11.0,"",91,"",8.4,"",990.8,"",1003.9,"",0,.2,"",.2,"",6,"","10","8","7","","5","","","/","","","/","","",1,"",.0,"8",.0,"8","","8",0,"8","","",.0,"8",.0,"8",.0,"8",.0,"8",.0,"8",.0,"8",.0,"8",.0,"8",.0,"8",0,"8",0,"8",0,"8","","",0,"8",0,"8"
"352190360","P£OCK","2006","04","17","01","4","",0,"8",0,"8","","","",6,"",0,"8",0,"8",8,"",240,"",4,"",0,"",10.0,"",.0,"8","U","",11.2,"",91,"",8.6,"",990.9,"",1004.0,"",5,.0,"",.0,"8",0,"8","10","2","8","","5","","","/","","","/","","",0,"8",.0,"8",.0,"8","","8",0,"8","","",.0,"8",.0,"8",.0,"8",.0,"8",.0,"8",.0,"8",.0,"8",.0,"8",.0,"8",0,"8",0,"8",0,"8","","",0,"8",0,"8"
"352190360","P£OCK","2006","04","17","02","3","",0,"8",0,"8","","","",6,"",0,"8",0,"8",8,"",270,"",6,"",0,"",10.5,"",.0,"8","U","",11.4,"",90,"",8.9,"",991.1,"",1004.2,"",3,.2,"",.0,"8",0,"8","10","2","8","","6","","","/","","","/","","",0,"8",.0,"8",.0,"8","","8",0,"8","","",.0,"8",.0,"8",.0,"8",.0,"8",.0,"8",.0,"8",.0,"8",.0,"8",.0,"8",0,"8",0,"8",0,"8","","",0,"8",0,"8"
"352190360","P£OCK","2006","04","17","03","2","",0,"8",0,"8","","","",5,"",0,"8",0,"8",8,"",270,"",4,"",0,"",10.0,"",.0,"8","U","",11.5,"",94,"",9.1,"",991.3,"",1004.4,"",2,.5,"",.0,"8",0,"8","10","2","8","","6","","","/","","","/","","",0,"8",.0,"8",.0,"8","","8",0,"8","","",.0,"8",.0,"8",.0,"8",.0,"8",.0,"8",.0,"8",.0,"8",.0,"8",.0,"8",0,"8",0,"8",0,"8","","",0,"8",0,"8"
"352190360","P£OCK","2006","04","17","04","2","",0,"8",0,"8","","","",5,"",0,"8",0,"8",8,"",300,"",6,"",0,"",9.3,"",.0,"8","U","",10.9,"",93,"",8.2,"",992.0,"",1005.1,"",3,1.1,"",.0,"8",0,"8","20","5","8","","6","","","/","","","/","","",0,"8",.0,"8",.0,"8","","8",0,"8","","",.0,"8",.0,"8",.0,"8",.0,"8",.0,"8",.0,"8",.0,"8",.0,"8",.0,"8",0,"8",0,"8",0,"8","","",0,"8",0,"8"
"352190360","P£OCK","2006","04","17","05","4","",0,"8",0,"8","","","",7,"",0,"8",0,"8",8,"",290,"",7,"",0,"",8.8,"",.0,"8","U","",9.6,"",85,"",6.4,"",993.1,"",1006.3,"",3,2.0,"",.0,"8",0,"8","02","2","8","","5","","","/","","","/","","",0,"8",.0,"8",.0,"8","","8",0,"8","","",.0,"8",.0,"8",.0,"8",.0,"8",.0,"8",.0,"8",.0,"8",.0,"8",.0,"8",0,"8",0,"8",0,"8","","",0,"8",0,"8"
"352190360","P£OCK","2006","04","17","06","4","",0,"8",0,"8","","","",6,"",0,"8",0,"8",8,"",290,"",6,"",0,"",8.7,"",.0,"8","U","",9.5,"",85,"",6.3,"",994.0,"",1007.2,"",2,2.7,"",.0,"",6,"","80","5","8","","9","","","/","","","/","","",1,"",.0,"8",.0,"8","","8",0,"8","","",.0,"8",.0,"8",.0,"8",.0,"8",.0,"8",.0,"8",.0,"8",.0,"8",.0,"8",0,"8",0,"8",0,"8","","",0,"8",0,"8"
"352190360","P£OCK","2006","04","17","07","4","",0,"8",0,"8","","","",7,"",0,"8",0,"8",8,"",300,"",5,"",0,"",8.8,"",.0,"8","U","",9.3,"",82,"",5.9,"",994.9,"",1008.1,"",1,2.9,"",.0,"8",0,"8","01","2","8","","5","","","/","","","/","","",0,"8",.0,"8",.0,"8","","8",0,"8","","",.0,"8",.0,"8",.0,"8",.0,"8",.0,"8",.0,"8",.0,"8",.0,"8",.0,"8",0,"8",0,"8",0,"8","","",0,"8",0,"8"
"352190360","P£OCK","2006","04","17","08","4","",0,"8",0,"8","","","",7,"",0,"8",0,"8",6,"",290,"",6,"",0,"",10.3,"",.0,"8","U","",9.0,"",72,"",5.5,"",995.2,"",1008.3,"",1,2.1,"",.0,"8",0,"8","01","2","6","","5","","","0","","","0","","",0,"8",.0,"8",.0,"8","","8",0,"8","","",.0,"8",.0,"8",.0,"8",.0,"8",.0,"8",.0,"8",.0,"8",.0,"8",.0,"8",0,"8",0,"8",0,"8","","",0,"8",0,"8"
"352190360","P£OCK","2006","04","17","09","5","",0,"8",0,"8","","","",7,"",0,"8",0,"8",6,"",280,"",6,"",0,"",10.7,"",.0,"8","U","",9.2,"",72,"",5.9,"",995.6,"",1008.7,"",2,1.6,"",.0,"8",0,"8","02","2","6","","5","","","0","","","0","","",0,"8",.0,"8",.0,"8","","8",0,"8","","",.0,"8",.0,"8",.0,"8",.0,"8",.0,"8",.0,"8",.0,"8",.0,"8",.0,"8",0,"8",0,"8",0,"8","","",0,"8",0,"8"
"352190360","P£OCK","2006","04","17","10","5","",0,"8",0,"8","","","",6,"",0,"8",0,"8",7,"",280,"",6,"",0,"",11.1,"",.0,"8","U","",9.1,"",69,"",5.6,"",995.7,"",1008.8,"",2,.8,"",.0,"8",0,"8","05","2","7","","5","","","/","","","/","","",0,"8",.0,"8",.0,"8","","8",0,"8","","",.0,"8",.0,"8",.0,"8",.0,"8",.0,"8",.0,"8",.0,"8",.0,"8",.0,"8",0,"8",0,"8",0,"8","","",0,"8",0,"8"
"352190360","P£OCK","2006","04","17","11","5","",0,"8",0,"8","","","",6,"",0,"8",0,"8",4,"",280,"",7,"",0,"",11.8,"",.0,"8","U","",8.7,"",63,"",5.0,"",995.7,"",1008.8,"",1,.5,"",.0,"8",0,"8","05","1","4","","3","","","0","","","0","","",0,"8",.0,"8",.0,"8","","8",0,"8","","",.0,"8",.0,"8",.0,"8",.0,"8",.0,"8",.0,"8",.0,"8",.0,"8",.0,"8",0,"8",0,"8",0,"8","","",0,"8",0,"8"
"352190360","P£OCK","2006","04","17","12","6","",0,"8",0,"8","","","",6,"",0,"8",0,"8",6,"",270,"",6,"",0,"",12.7,"",.0,"8","U","",8.5,"",58,"",4.6,"",995.7,"",1008.7,"",1,.1,"",.0,"9",0,"9","05","1","6","","9","","","0","","","0","","",1,"",.0,"8",.0,"8","","8",0,"8","","",.0,"8",.0,"8",.0,"8",.0,"8",.0,"8",.0,"8",.0,"8",.0,"8",.0,"8",0,"8",0,"8",0,"8","","",0,"8",0,"8"
"352190360","P£OCK","2006","04","17","13","6","",0,"8",0,"8","","","",7,"",0,"8",0,"8",7,"",270,"",5,"",0,"",11.8,"",.0,"8","U","",8.3,"",60,"",4.3,"",995.7,"",1008.8,"",4,.0,"",.0,"8",0,"8","03","2","7","","9","","","/","","","/","","",0,"8",.0,"8",.0,"8","","8",0,"8","","",.0,"8",.0,"8",.0,"8",.0,"8",.0,"8",.0,"8",.0,"8",.0,"8",.0,"8",0,"8",0,"8",0,"8","","",0,"8",0,"8"
"352190360","P£OCK","2006","04","17","14","6","",0,"8",0,"8","","","",7,"",0,"8",0,"8",3,"",270,"",7,"",0,"",12.2,"",.0,"8","U","",7.2,"",51,"",2.3,"",995.5,"",1008.5,"",8,-.2,"",.0,"8",0,"8","01","1","3","","3","","","0","","","0","","",0,"8",.0,"8",.0,"8","","8",0,"8","","",.0,"8",.0,"8",.0,"8",.0,"8",.0,"8",.0,"8",.0,"8",.0,"8",.0,"8",0,"8",0,"8",0,"8","","",0,"8",0,"8"
"352190360","P£OCK","2006","04","17","15","6","",0,"8",0,"8","","","",7,"",0,"8",0,"8",3,"",280,"",6,"",0,"",12.6,"",.0,"8","U","",6.6,"",45,"",1.0,"",995.6,"",1008.6,"",5,-.1,"",.0,"8",0,"8","01","1","3","","2","","","0","","","0","","",0,"8",.0,"8",.0,"8","","8",0,"8","","",.0,"8",.0,"8",.0,"8",.0,"8",.0,"8",.0,"8",.0,"8",.0,"8",.0,"8",0,"8",0,"8",0,"8","","",0,"8",0,"8"
"352190360","P£OCK","2006","04","17","16","7","",0,"8",0,"8","","","",8,"",0,"8",0,"8",1,"",270,"",5,"",0,"",12.7,"",.0,"8","U","",6.4,"",44,"",.7,"",995.7,"",1008.7,"",5,.0,"",.0,"8",0,"8","01","0","1","","4","","","0","","","0","","",0,"8",.0,"8",.0,"8","","8",0,"8","","",.0,"8",.0,"8",.0,"8",.0,"8",.0,"8",.0,"8",.0,"8",.0,"8",.0,"8",0,"8",0,"8",0,"8","","",0,"8",0,"8"
"352190360","P£OCK","2006","04","17","17","9","",0,"8",0,"8","","","",8,"",0,"8",0,"8",1,"",280,"",5,"",0,"",12.0,"",.0,"8","U","",6.0,"",43,"",-.2,"",995.7,"",1008.8,"",1,.2,"",.0,"8",0,"8","01","0","1","","0","","","3","","","0","","",0,"8",.0,"8",.0,"8","","8",0,"8","","",.0,"8",.0,"8",.0,"8",.0,"8",.0,"8",.0,"8",.0,"8",.0,"8",.0,"8",0,"8",0,"8",0,"8","","",0,"8",0,"8"
"352190360","P£OCK","2006","04","17","18","9","",0,"8",0,"8","","","",8,"",0,"8",0,"8",1,"",310,"",2,"",0,"",10.1,"",.0,"8","U","",6.3,"",51,"",.4,"",995.8,"",1008.9,"",2,.2,"",.0,"9",0,"9","02","1","1","","0","","","3","","","0","","",1,"",.0,"8",.0,"8","","8",0,"8","","",.0,"8",.0,"8",.0,"8",.0,"8",.0,"8",.0,"8",.0,"8",.0,"8",.0,"8",0,"8",0,"8",0,"8","","",0,"8",0,"8"
"352190360","P£OCK","2006","04","17","19","9","",0,"8",0,"8","","","",8,"",0,"8",0,"8",2,"",100,"",1,"",0,"",8.1,"",.0,"8","U","",6.8,"",63,"",1.5,"",995.9,"",1009.1,"",3,.2,"",.0,"8",0,"8","03","0","2","","0","","","3","","","0","","",0,"8",.0,"8",.0,"8","","8",0,"8","","",.0,"8",.0,"8",.0,"8",.0,"8",.0,"8",.0,"8",.0,"8",.0,"8",.0,"8",0,"8",0,"8",0,"8","","",0,"8",0,"8"
"352190360","P£OCK","2006","04","17","20","9","",0,"8",0,"8","","","",7,"",0,"8",0,"8",2,"",140,"",2,"",0,"",7.0,"",.0,"8","U","",6.6,"",66,"",1.1,"",996.2,"",1009.5,"",3,.5,"",.0,"8",0,"8","02","0","2","","0","","","3","","","0","","",0,"8",.0,"8",.0,"8","","8",0,"8","","",.0,"8",.0,"8",.0,"8",.0,"8",.0,"8",.0,"8",.0,"8",.0,"8",.0,"8",0,"8",0,"8",0,"8","","",0,"8",0,"8"
"352190360","P£OCK","2006","04","17","21","9","",0,"8",0,"8","","","",7,"",0,"8",0,"8",1,"",110,"",1,"",0,"",6.7,"",.0,"8","U","",6.7,"",68,"",1.2,"",996.3,"",1009.6,"",2,.5,"",.0,"8",0,"8","01","0","1","","0","","","3","","","0","","",0,"8",.0,"8",.0,"8","","8",0,"8","","",.0,"8",.0,"8",.0,"8",.0,"8",.0,"8",.0,"8",.0,"8",.0,"8",.0,"8",0,"8",0,"8",0,"8","","",0,"8",0,"8"
"352190360","P£OCK","2006","04","17","22","9","",0,"8",0,"8","","","",7,"",0,"8",0,"8",2,"",130,"",3,"",0,"",6.7,"",.0,"8","U","",7.1,"",72,"",2.0,"",996.0,"",1009.3,"",0,.1,"",.0,"8",0,"8","03","0","2","","0","","","3","","","0","","",0,"8",.0,"8",.0,"8","","8",0,"8","","",.0,"8",.0,"8",.0,"8",.0,"8",.0,"8",.0,"8",.0,"8",.0,"8",.0,"8",0,"8",0,"8",0,"8","","",0,"8",0,"8"
"352190360","P£OCK","2006","04","17","23","6","",0,"8",0,"8","","","",7,"",0,"8",0,"8",7,"",160,"",2,"",0,"",7.4,"",.0,"8","U","",7.4,"",72,"",2.7,"",996.0,"",1009.3,"",6,-.2,"",.0,"8",0,"8","03","1","5","","5","","","3","","","/","","",0,"8",.0,"8",.0,"8","","8",0,"8","","",.0,"8",.0,"8",.0,"8",.0,"8",.0,"8",.0,"8",.0,"8",.0,"8",.0,"8",0,"8",0,"8",0,"8","","",0,"8",0,"8"
"352190360","P£OCK","2006","04","18","00","6","",0,"8",0,"8","","","",6,"",0,"8",0,"8",8,"",210,"",3,"",0,"",7.3,"",.0,"8","U","",9.0,"",88,"",5.4,"",996.2,"",1009.5,"",5,-.1,"",1.4,"",6,"","80","1","8","","9","","","/","","","/","","",2,"",.0,"8",.0,"8","","8",0,"8","","",.0,"8",.0,"8",.0,"8",.0,"8",.0,"8",.0,"8",.0,"8",.0,"8",.0,"8",0,"8",0,"8",0,"8","","",0,"8",0,"8"
"352190360","P£OCK","2006","04","18","01","5","",0,"8",0,"8","","","",6,"",0,"8",0,"8",8,"",210,"",3,"",0,"",7.8,"",.0,"8","U","",9.7,"",92,"",6.6,"",996.1,"",1009.4,"",0,.1,"",.0,"8",0,"8","80","8","8","","9","","","/","","","/","","",0,"8",.0,"8",.0,"8","","8",0,"8","","",.0,"8",.0,"8",.0,"8",.0,"8",.0,"8",.0,"8",.0,"8",.0,"8",.0,"8",0,"8",0,"8",0,"8","","",0,"8",0,"8"
"352190360","P£OCK","2006","04","18","02","5","",0,"8",0,"8","","","",6,"",0,"8",0,"8",8,"",210,"",2,"",0,"",7.9,"",.0,"8","U","",9.9,"",93,"",6.8,"",996.3,"",1009.6,"",2,.3,"",.0,"8",0,"8","80","8","8","","9","","","/","","","/","","",0,"8",.0,"8",.0,"8","","8",0,"8","","",.0,"8",.0,"8",.0,"8",.0,"8",.0,"8",.0,"8",.0,"8",.0,"8",.0,"8",0,"8",0,"8",0,"8","","",0,"8",0,"8"
"352190360","P£OCK","2006","04","18","03","6","",0,"8",0,"8","","","",6,"",0,"8",0,"8",8,"",270,"",4,"",0,"",8.8,"",.0,"8","U","",9.8,"",87,"",6.8,"",996.6,"",1009.8,"",3,.4,"",.0,"8",0,"8","25","8","8","","5","","","/","","","/","","",0,"8",.0,"8",.0,"8","","8",0,"8","","",.0,"8",.0,"8",.0,"8",.0,"8",.0,"8",.0,"8",.0,"8",.0,"8",.0,"8",0,"8",0,"8",0,"8","","",0,"8",0,"8"
"352190360","P£OCK","2006","04","18","04","6","",0,"8",0,"8","","","",6,"",0,"8",0,"8",5,"",280,"",3,"",0,"",7.6,"",.0,"8","U","",9.5,"",91,"",6.2,"",997.0,"",1010.3,"",3,.9,"",.0,"8",0,"8","10","2","3","","5","","","3","","","0","","",0,"8",.0,"8",.0,"8","","8",0,"8","","",.0,"8",.0,"8",.0,"8",.0,"8",.0,"8",.0,"8",.0,"8",.0,"8",.0,"8",0,"8",0,"8",0,"8","","",0,"8",0,"8"
"352190360","P£OCK","2006","04","18","05","6","",0,"8",0,"8","","","",6,"",0,"8",0,"8",5,"",270,"",3,"",0,"",7.7,"",.0,"8","U","",9.2,"",88,"",5.8,"",997.6,"",1010.9,"",3,1.3,"",.0,"8",0,"8","10","2","3","","5","","","3","","","0","","",0,"8",.0,"8",.0,"8","","8",0,"8","","",.0,"8",.0,"8",.0,"8",.0,"8",.0,"8",.0,"8",.0,"8",.0,"8",.0,"8",0,"8",0,"8",0,"8","","",0,"8",0,"8"
"352190360","P£OCK","2006","04","18","06","3","",0,"8",0,"8","","","",6,"",0,"8",0,"8",4,"",250,"",2,"",0,"",8.3,"",.0,"8","U","",9.7,"",89,"",6.6,"",998.3,"",1011.6,"",3,1.7,"",1.1,"",6,"","10","8","1","","6","","","3","","","0","","",2,"",.0,"8",.0,"8","","8",0,"8","","",.0,"8",.0,"8",.0,"8",.0,"8",.0,"8",.0,"8",.0,"8",.0,"8",.0,"8",0,"8",0,"8",0,"8","","",0,"8",0,"8"
"352190360","P£OCK","2006","04","18","07","4","",0,"8",0,"8","","","",6,"",0,"8",0,"8",4,"",210,"",2,"",0,"",9.1,"",.0,"8","U","",10.2,"",88,"",7.2,"",998.4,"",1011.6,"",1,1.4,"",.0,"8",0,"8","10","0","1","","5","","","3","","","0","","",0,"8",.0,"8",.0,"8","","8",0,"8","","",.0,"8",.0,"8",.0,"8",.0,"8",.0,"8",.0,"8",.0,"8",.0,"8",.0,"8",0,"8",0,"8",0,"8","","",0,"8",0,"8"
"352190360","P£OCK","2006","04","18","08","5","",0,"8",0,"8","","","",8,"",0,"8",0,"8",3,"",210,"",4,"",0,"",11.4,"",.0,"8","U","",8.6,"",64,"",4.8,"",998.7,"",1011.8,"",2,1.1,"",.0,"8",0,"8","03","0","1","","1","","","3","","","0","","",0,"8",.0,"8",.0,"8","","8",0,"8","","",.0,"8",.0,"8",.0,"8",.0,"8",.0,"8",.0,"8",.0,"8",.0,"8",.0,"8",0,"8",0,"8",0,"8","","",0,"8",0,"8"
"352190360","P£OCK","2006","04","18","09","6","",0,"8",0,"8","","","",8,"",0,"8",0,"8",7,"",220,"",4,"",0,"",12.1,"",.0,"8","U","",8.3,"",59,"",4.3,"",998.8,"",1011.9,"",2,.5,"",.0,"8",0,"8","03","1","5","","2","","","3","","","/","","",0,"8",.0,"8",.0,"8","","8",0,"8","","",.0,"8",.0,"8",.0,"8",.0,"8",.0,"8",.0,"8",.0,"8",.0,"8",.0,"8",0,"8",0,"8",0,"8","","",0,"8",0,"8"
"352190360","P£OCK","2006","04","18","10","6","",0,"8",0,"8","","","",8,"",0,"8",0,"8",6,"",210,"",6,"",0,"",11.7,"",.0,"8","U","",8.6,"",63,"",4.9,"",999.1,"",1012.2,"",2,.7,"",.0,"8",0,"8","01","2","2","","2","","","3","","","0","","",0,"8",.0,"8",.0,"8","","8",0,"8","","",.0,"8",.0,"8",.0,"8",.0,"8",.0,"8",.0,"8",.0,"8",.0,"8",.0,"8",0,"8",0,"8",0,"8","","",0,"8",0,"8"
"352190360","P£OCK","2006","04","18","11","7","",0,"8",0,"8","","","",8,"",0,"8",0,"8",5,"",220,"",7,"",0,"",13.4,"",.0,"8","U","",8.4,"",55,"",4.5,"",998.6,"",1011.6,"",8,-.1,"",.0,"8",0,"8","03","2","3","","2","","","3","","","0","","",0,"8",.0,"8",.0,"8","","8",0,"8","","",.0,"8",.0,"8",.0,"8",.0,"8",.0,"8",.0,"8",.0,"8",.0,"8",.0,"8",0,"8",0,"8",0,"8","","",0,"8",0,"8"
"352190360","P£OCK","2006","04","18","12","6","",0,"8",0,"8","","","",7,"",0,"8",0,"8",7,"",260,"",5,"",0,"",10.6,"",.0,"8","U","",8.2,"",64,"",4.1,"",999.2,"",1012.4,"",2,.4,"",.4,"",6,"","80","1","7","","9","","","/","","","/","","",2,"",.0,"8",.0,"8","","8",0,"8","","",.0,"8",.0,"8",.0,"8",.0,"8",.0,"8",.0,"8",.0,"8",.0,"8",.0,"8",0,"8",0,"8",0,"8","","",0,"8",0,"8"
"352190360","P£OCK","2006","04","18","13","6","",0,"8",0,"8","","","",8,"",0,"8",0,"8",7,"",250,"",6,"",0,"",12.0,"",.0,"8","U","",8.5,"",61,"",4.7,"",999.1,"",1012.2,"",4,.0,"",.0,"8",0,"8","25","2","7","","9","","","/","","","/","","",0,"8",.0,"8",.0,"8","","8",0,"8","","",.0,"8",.0,"8",.0,"8",.0,"8",.0,"8",.0,"8",.0,"8",.0,"8",.0,"8",0,"8",0,"8",0,"8","","",0,"8",0,"8"
"352190360","P£OCK","2006","04","18","14","6","",0,"8",0,"8","","","",8,"",0,"8",0,"8",7,"",240,"",4,"",0,"",11.9,"",.0,"8","U","",7.9,"",57,"",3.6,"",999.2,"",1012.3,"",2,.6,"",.0,"8",0,"8","01","2","2","","9","","","3","","","/","","",0,"8",.0,"8",.0,"8","","8",0,"8","","",.0,"8",.0,"8",.0,"8",.0,"8",.0,"8",.0,"8",.0,"8",.0,"8",.0,"8",0,"8",0,"8",0,"8","","",0,"8",0,"8"
"352190360","P£OCK","2006","04","18","15","6","",0,"8",0,"8","","","",8,"",0,"8",0,"8",6,"",230,"",5,"",0,"",12.5,"",.0,"8","U","",7.4,"",51,"",2.6,"",999.1,"",1012.2,"",7,-.1,"",.0,"8",0,"8","01","8","1","","3","","","3","","","0","","",0,"8",.0,"8",.0,"8","","8",0,"8","","",.0,"8",.0,"8",.0,"8",.0,"8",.0,"8",.0,"8",.0,"8",.0,"8",.0,"8",0,"8",0,"8",0,"8","","",0,"8",0,"8"
"352190360","P£OCK","2006","04","18","16","6","",0,"8",0,"8","","","",8,"",0,"8",0,"8",5,"",230,"",5,"",0,"",12.3,"",.0,"8","U","",7.3,"",51,"",2.4,"",999.3,"",1012.4,"",2,.2,"",.0,"8",0,"8","03","2","2","","3","","","3","","","1","","",0,"8",.0,"8",.0,"8","","8",0,"8","","",.0,"8",.0,"8",.0,"8",.0,"8",.0,"8",.0,"8",.0,"8",.0,"8",.0,"8",0,"8",0,"8",0,"8","","",0,"8",0,"8"
"352190360","P£OCK","2006","04","18","17","6","",0,"8",0,"8","","","",8,"",0,"8",0,"8",5,"",220,"",4,"",0,"",11.7,"",.0,"8","U","",7.5,"",55,"",2.9,"",999.4,"",1012.5,"",3,.2,"",.0,"8",0,"8","03","2","1","","9","","","3","","","6","","",0,"8",.0,"8",.0,"8","","8",0,"8","","",.0,"8",.0,"8",.0,"8",.0,"8",.0,"8",.0,"8",.0,"8",.0,"8",.0,"8",0,"8",0,"8",0,"8","","",0,"8",0,"8"
"352190360","P£OCK","2006","04","18","18","6","",0,"8",0,"8","","","",7,"",0,"8",0,"8",4,"",240,"",1,"",0,"",9.7,"",.0,"8","U","",7.8,"",65,"",3.4,"",999.9,"",1013.1,"",2,.8,"",.5,"",6,"","01","8","1","","4","","","3","","","8","","",2,"",.0,"8",.0,"8","","8",0,"8","","",.0,"8",.0,"8",.0,"8",.0,"8",.0,"8",.0,"8",.0,"8",.0,"8",.0,"8",0,"8",0,"8",0,"8","","",0,"8",0,"8"
"352190360","P£OCK","2006","04","18","19","9","",0,"8",0,"8","","","",8,"",0,"8",0,"8",3,"",210,"",1,"",0,"",9.4,"",.0,"8","U","",7.2,"",61,"",2.3,"",1000.5,"",1013.7,"",3,1.2,"",.0,"8",0,"8","01","0","1","","0","","","3","","","8","","",0,"8",.0,"8",.0,"8","","8",0,"8","","",.0,"8",.0,"8",.0,"8",.0,"8",.0,"8",.0,"8",.0,"8",.0,"8",.0,"8",0,"8",0,"8",0,"8","","",0,"8",0,"8"
"352190360","P£OCK","2006","04","18","20","9","",0,"8",0,"8","","","",7,"",0,"8",0,"8",2,"",160,"",2,"",0,"",7.3,"",.0,"8","U","",7.4,"",72,"",2.6,"",1000.9,"",1014.2,"",2,1.5,"",.0,"8",0,"8","01","0","0","","0","","","0","","","1","","",0,"8",.0,"8",.0,"8","","8",0,"8","","",.0,"8",.0,"8",.0,"8",.0,"8",.0,"8",.0,"8",.0,"8",.0,"8",.0,"8",0,"8",0,"8",0,"8","","",0,"8",0,"8"
"352190360","P£OCK","2006","04","18","21","9","",0,"8",0,"8","","","",7,"",0,"8",0,"8",0,"",110,"",1,"",0,"",7.2,"",.0,"8","U","",7.4,"",73,"",2.7,"",1001.0,"",1014.4,"",1,1.1,"",.0,"8",0,"8","01","0","0","","0","","","0","","","0","","",0,"8",.0,"8",.0,"8","","8",0,"8","","",.0,"8",.0,"8",.0,"8",.0,"8",.0,"8",.0,"8",.0,"8",.0,"8",.0,"8",0,"8",0,"8",0,"8","","",0,"8",0,"8"
"352190360","P£OCK","2006","04","18","22","9","",0,"8",0,"8","","","",6,"",0,"8",0,"8",0,"",170,"",1,"",0,"",5.0,"",.0,"8","U","",7.1,"",82,"",2.2,"",1001.1,"",1014.6,"",1,.6,"",.0,"8",0,"8","10","0","0","","0","","","0","","","0","","",0,"8",.0,"8",.0,"8","","8",0,"8","","",.0,"8",.0,"8",.0,"8",.0,"8",.0,"8",.0,"8",.0,"8",.0,"8",.0,"8",0,"8",0,"8",0,"8","","",0,"8",0,"8"
"352190360","P£OCK","2006","04","18","23","7","",0,"8",0,"8","","","",7,"",0,"8",0,"8",2,"",200,"",2,"",0,"",6.1,"",.0,"8","U","",7.5,"",80,"",2.9,"",1001.3,"",1014.7,"",2,.4,"",.0,"8",0,"8","03","0","2","","5","","","0","","","0","","",0,"8",.0,"8",.0,"8","","8",0,"8","","",.0,"8",.0,"8",.0,"8",.0,"8",.0,"8",.0,"8",.0,"8",.0,"8",.0,"8",0,"8",0,"8",0,"8","","",0,"8",0,"8"
"352190360","P£OCK","2006","04","19","00","9","",0,"8",0,"8","","","",7,"",0,"8",0,"8",0,"",200,"",2,"",0,"",6.8,"",.0,"8","U","",7.7,"",78,"",3.2,"",1001.2,"",1014.6,"",0,.2,"",.0,"9",0,"9","01","0","0","","0","","","0","","","0","","",2,"",.0,"8",.0,"8","","8",0,"8","","",.0,"8",.0,"8",.0,"8",.0,"8",.0,"8",.0,"8",.0,"8",.0,"8",.0,"8",0,"8",0,"8",0,"8","","",0,"8",0,"8"
"352190360","P£OCK","2006","04","19","01","9","",0,"8",0,"8","","","",7,"",0,"8",0,"8",0,"",210,"",3,"",0,"",6.0,"",.0,"8","U","",7.7,"",82,"",3.2,"",1000.9,"",1014.3,"",8,-.2,"",.0,"8",0,"8","02","0","0","","0","","","0","","","0","","",0,"8",.0,"8",.0,"8","","8",0,"8","","",.0,"8",.0,"8",.0,"8",.0,"8",.0,"8",.0,"8",.0,"8",.0,"8",.0,"8",0,"8",0,"8",0,"8","","",0,"8",0,"8"
"352190360","P£OCK","2006","04","19","02","7","",0,"8",0,"8","","","",7,"",0,"8",0,"8",7,"",220,"",2,"",0,"",5.4,"",.0,"8","U","",7.4,"",83,"",2.7,"",1001.2,"",1014.6,"",5,-.1,"",.0,"8",0,"8","03","1","7","","5","","","/","","","/","","",0,"8",.0,"8",.0,"8","","8",0,"8","","",.0,"8",.0,"8",.0,"8",.0,"8",.0,"8",.0,"8",.0,"8",.0,"8",.0,"8",0,"8",0,"8",0,"8","","",0,"8",0,"8"
"352190360","P£OCK","2006","04","19","03","7","",0,"8",0,"8","","","",7,"",0,"8",0,"8",8,"",210,"",3,"",0,"",6.7,"",.0,"8","U","",7.9,"",81,"",3.7,"",1001.3,"",1014.7,"",3,.1,"",.0,"8",0,"8","01","1","5","","5","","","3","","","/","","",0,"8",.0,"8",.0,"8","","8",0,"8","","",.0,"8",.0,"8",.0,"8",.0,"8",.0,"8",.0,"8",.0,"8",.0,"8",.0,"8",0,"8",0,"8",0,"8","","",0,"8",0,"8"
"352190360","P£OCK","2006","04","19","04","7","",0,"8",0,"8","","","",7,"",0,"8",0,"8",7,"",220,"",3,"",0,"",7.3,"",.0,"8","U","",7.9,"",77,"",3.5,"",1001.6,"",1015.0,"",2,.7,"",.0,"8",0,"8","03","2","6","","5","","","3","","","/","","",0,"8",.0,"8",.0,"8","","8",0,"8","","",.0,"8",.0,"8",.0,"8",.0,"8",.0,"8",.0,"8",.0,"8",.0,"8",.0,"8",0,"8",0,"8",0,"8","","",0,"8",0,"8"
"352190360","P£OCK","2006","04","19","05","6","",0,"8",0,"8","","","",7,"",0,"8",0,"8",7,"",240,"",3,"",0,"",8.4,"",.0,"8","U","",8.0,"",73,"",3.8,"",1002.1,"",1015.4,"",3,.9,"",.0,"8",0,"8","80","2","5","","9","","","3","","","/","","",0,"8",.0,"8",.0,"8","","8",0,"8","","",.0,"8",.0,"8",.0,"8",.0,"8",.0,"8",.0,"8",.0,"8",.0,"8",.0,"8",0,"8",0,"8",0,"8","","",0,"8",0,"8"
"352190360","P£OCK","2006","04","19","06","6","",0,"8",0,"8","","","",7,"",0,"8",0,"8",7,"",280,"",4,"",0,"",9.1,"",.0,"8","U","",8.2,"",71,"",4.1,"",1002.8,"",1016.1,"",3,1.5,"",.0,"",6,"","01","8","3","","5","","","3","","","/","","",2,"",.0,"8",.0,"8","","8",0,"8","","",.0,"8",.0,"8",.0,"8",.0,"8",.0,"8",.0,"8",.0,"8",.0,"8",.0,"8",0,"8",0,"8",0,"8","","",0,"8",0,"8"
"352190360","P£OCK","2006","04","19","07","9","",0,"8",0,"8","","","",7,"",0,"8",0,"8",3,"",290,"",4,"",0,"",10.1,"",.0,"8","U","",8.8,"",71,"",5.1,"",1003.0,"",1016.2,"",2,1.4,"",.0,"8",0,"8","01","1","2","","0","","","3","","","1","","",0,"8",.0,"8",.0,"8","","8",0,"8","","",.0,"8",.0,"8",.0,"8",.0,"8",.0,"8",.0,"8",.0,"8",.0,"8",.0,"8",0,"8",0,"8",0,"8","","",0,"8",0,"8"
"352190360","P£OCK","2006","04","19","08","5","",0,"8",0,"8","","","",8,"",0,"8",0,"8",3,"",290,"",4,"",0,"",11.0,"",.0,"8","U","",8.4,"",64,"",4.4,"",1003.2,"",1016.4,"",1,1.1,"",.0,"8",0,"8","03","0","1","","1","","","3","","","1","","",0,"8",.0,"8",.0,"8","","8",0,"8","","",.0,"8",.0,"8",.0,"8",.0,"8",.0,"8",.0,"8",.0,"8",.0,"8",.0,"8",0,"8",0,"8",0,"8","","",0,"8",0,"8"
"352190360","P£OCK","2006","04","19","09","6","",0,"8",0,"8","","","",8,"",0,"8",0,"8",3,"",280,"",4,"",0,"",11.7,"",.0,"8","U","",7.4,"",54,"",2.7,"",1003.5,"",1016.7,"",2,.7,"",.0,"8",0,"8","03","1","1","","1","","","3","","","1","","",0,"8",.0,"8",.0,"8","","8",0,"8","","",.0,"8",.0,"8",.0,"8",.0,"8",.0,"8",.0,"8",.0,"8",.0,"8",.0,"8",0,"8",0,"8",0,"8","","",0,"8",0,"8"
"352190360","P£OCK","2006","04","19","10","6","",0,"8",0,"8","","","",8,"",0,"8",0,"8",4,"",270,"",3,"",0,"",12.6,"",.0,"8","U","",8.0,"",55,"",3.8,"",1003.6,"",1016.7,"",2,.6,"",.0,"8",0,"8","03","0","3","","2","","","3","","","1","","",0,"8",.0,"8",.0,"8","","8",0,"8","","",.0,"8",.0,"8",.0,"8",.0,"8",.0,"8",.0,"8",.0,"8",.0,"8",.0,"8",0,"8",0,"8",0,"8","","",0,"8",0,"8"
"352190360","P£OCK","2006","04","19","11","6","",0,"8",0,"8","","","",8,"",0,"8",0,"8",4,"",260,"",3,"",0,"",14.2,"",.0,"8","U","",8.2,"",51,"",4.2,"",1003.4,"",1016.5,"",0,.2,"",.0,"8",0,"8","03","0","3","","2","","","0","","","1","","",0,"8",.0,"8",.0,"8","","8",0,"8","","",.0,"8",.0,"8",.0,"8",.0,"8",.0,"8",.0,"8",.0,"8",.0,"8",.0,"8",0,"8",0,"8",0,"8","","",0,"8",0,"8"
"352190360","P£OCK","2006","04","19","12","6","",0,"8",0,"8","","","",8,"",0,"8",0,"8",3,"",310,"",4,"",0,"",14.2,"",.0,"8","U","",8.4,"",52,"",4.5,"",1003.2,"",1016.3,"",8,-.3,"",.0,"9",0,"9","01","1","3","","2","","","0","","","0","","",1,"",.0,"8",.0,"8","","8",0,"8","","",.0,"8",.0,"8",.0,"8",.0,"8",.0,"8",.0,"8",.0,"8",.0,"8",.0,"8",0,"8",0,"8",0,"8","","",0,"8",0,"8"
"352190360","P£OCK","2006","04","19","13","6","",0,"8",0,"8","","","",8,"",0,"8",0,"8",3,"",280,"",4,"",0,"",14.4,"",.0,"8","U","",6.9,"",42,"",1.6,"",1003.1,"",1016.1,"",7,-.5,"",.0,"8",0,"8","02","0","3","","2","","","0","","","0","","",0,"8",.0,"8",.0,"8","","8",0,"8","","",.0,"8",.0,"8",.0,"8",.0,"8",.0,"8",.0,"8",.0,"8",.0,"8",.0,"8",0,"8",0,"8",0,"8","","",0,"8",0,"8"
"352190360","P£OCK","2006","04","19","14","6","",0,"8",0,"8","","","",8,"",0,"8",0,"8",3,"",290,"",4,"",0,"",15.3,"",.0,"8","U","",7.1,"",41,"",2.1,"",1002.8,"",1015.8,"",7,-.6,"",.0,"8",0,"8","02","0","3","","2","","","0","","","0","","",0,"8",.0,"8",.0,"8","","8",0,"8","","",.0,"8",.0,"8",.0,"8",.0,"8",.0,"8",.0,"8",.0,"8",.0,"8",.0,"8",0,"8",0,"8",0,"8","","",0,"8",0,"8"
"352190360","P£OCK","2006","04","19","15","6","",0,"8",0,"8","","","",8,"",0,"8",0,"8",2,"",300,"",4,"",0,"",15.3,"",.0,"8","U","",6.9,"",40,"",1.8,"",1002.7,"",1015.7,"",7,-.5,"",.0,"8",0,"8","01","0","2","","2","","","0","","","0","","",0,"8",.0,"8",.0,"8","","8",0,"8","","",.0,"8",.0,"8",.0,"8",.0,"8",.0,"8",.0,"8",.0,"8",.0,"8",.0,"8",0,"8",0,"8",0,"8","","",0,"8",0,"8"
"352190360","P£OCK","2006","04","19","16","7","",0,"8",0,"8","","","",8,"",0,"8",0,"8",1,"",300,"",4,"",0,"",15.0,"",.0,"8","U","",6.8,"",40,"",1.5,"",1002.8,"",1015.8,"",5,-.3,"",.0,"8",0,"8","01","0","1","","1","","","0","","","0","","",0,"8",.0,"8",.0,"8","","8",0,"8","","",.0,"8",.0,"8",.0,"8",.0,"8",.0,"8",.0,"8",.0,"8",.0,"8",.0,"8",0,"8",0,"8",0,"8","","",0,"8",0,"8"
"352190360","P£OCK","2006","04","19","17","7","",0,"8",0,"8","","","",8,"",0,"8",0,"8",1,"",310,"",3,"",0,"",14.1,"",.0,"8","U","",6.9,"",43,"",1.7,"",1002.9,"",1016.0,"",3,.1,"",.0,"8",0,"8","01","0","1","","5","","","0","","","0","","",0,"8",.0,"8",.0,"8","","8",0,"8","","",.0,"8",.0,"8",.0,"8",.0,"8",.0,"8",.0,"8",.0,"8",.0,"8",.0,"8",0,"8",0,"8",0,"8","","",0,"8",0,"8"
"352190360","P£OCK","2006","04","19","18","7","",0,"8",0,"8","","","",8,"",0,"8",0,"8",2,"",330,"",2,"",0,"",12.5,"",.0,"8","U","",6.9,"",48,"",1.8,"",1003.1,"",1016.2,"",2,.4,"",.0,"9",0,"9","03","0","1","","5","","","0","","","1","","",1,"",.0,"8",.0,"8","","8",0,"8","","",.0,"8",.0,"8",.0,"8",.0,"8",.0,"8",.0,"8",.0,"8",.0,"8",.0,"8",0,"8",0,"8",0,"8","","",0,"8",0,"8"
"352190360","P£OCK","2006","04","19","19","9","",0,"8",0,"8","","","",8,"",0,"8",0,"8",1,"",50,"",1,"",0,"",9.1,"",.0,"8","U","",7.5,"",65,"",2.9,"",1003.6,"",1016.9,"",3,.8,"",.0,"8",0,"8","01","0","0","","0","","","0","","","1","","",0,"8",.0,"8",.0,"8","","8",0,"8","","",.0,"8",.0,"8",.0,"8",.0,"8",.0,"8",.0,"8",.0,"8",.0,"8",.0,"8",0,"8",0,"8",0,"8","","",0,"8",0,"8"
"352190360","P£OCK","2006","04","19","20","9","",0,"8",0,"8","","","",7,"",0,"8",0,"8",0,"",70,"",2,"",0,"",7.8,"",.0,"8","U","",7.8,"",74,"",3.5,"",1003.7,"",1017.1,"",2,.8,"",.0,"8",0,"8","01","0","0","","0","","","0","","","0","","",0,"8",.0,"8",.0,"8","","8",0,"8","","",.0,"8",.0,"8",.0,"8",.0,"8",.0,"8",.0,"8",.0,"8",.0,"8",.0,"8",0,"8",0,"8",0,"8","","",0,"8",0,"8"
"352190360","P£OCK","2006","04","19","21","9","",0,"8",0,"8","","","",7,"",0,"8",0,"8",0,"",60,"",1,"",0,"",6.8,"",.0,"8","U","",7.7,"",78,"",3.2,"",1003.7,"",1017.1,"",1,.6,"",.0,"8",0,"8","02","0","0","","0","","","0","","","0","","",0,"8",.0,"8",.0,"8","","8",0,"8","","",.0,"8",.0,"8",.0,"8",.0,"8",.0,"8",.0,"8",.0,"8",.0,"8",.0,"8",0,"8",0,"8",0,"8","","",0,"8",0,"8"
"352190360","P£OCK","2006","04","19","22","9","",0,"8",0,"8","","","",7,"",0,"8",0,"8",0,"",100,"",1,"",0,"",5.6,"",.0,"8","U","",7.4,"",81,"",2.6,"",1003.7,"",1017.2,"",1,.1,"",.0,"8",0,"8","02","0","0","","0","","","0","","","0","","",0,"8",.0,"8",.0,"8","","8",0,"8","","",.0,"8",.0,"8",.0,"8",.0,"8",.0,"8",.0,"8",.0,"8",.0,"8",.0,"8",0,"8",0,"8",0,"8","","",0,"8",0,"8"
"352190360","P£OCK","2006","04","19","23","9","",0,"8",0,"8","","","",7,"",0,"8",0,"8",2,"",90,"",2,"",0,"",5.2,"",.0,"8","U","",7.2,"",81,"",2.2,"",1003.8,"",1017.3,"",3,.1,"",.0,"8",0,"8","03","0","2","","0","","","3","","","0","","",0,"8",.0,"8",.0,"8","","8",0,"8","","",.0,"8",.0,"8",.0,"8",.0,"8",.0,"8",.0,"8",.0,"8",.0,"8",.0,"8",0,"8",0,"8",0,"8","","",0,"8",0,"8"
"352190360","P£OCK","2006","04","20","00","9","",0,"8",0,"8","","","",7,"",0,"8",0,"8",1,"",110,"",1,"",0,"",4.9,"",.0,"8","U","",6.8,"",79,"",1.6,"",1003.6,"",1017.1,"",8,-.1,"",.0,"9",0,"9","01","0","1","","0","","","3","","","0","","",1,"",.0,"8",.0,"8","","8",0,"8","","",.0,"8",.0,"8",.0,"8",.0,"8",.0,"8",.0,"8",.0,"8",.0,"8",.0,"8",0,"8",0,"8",0,"8","","",0,"8",0,"8"
"352190360","P£OCK","2006","04","20","01","9","",0,"8",0,"8","","","",7,"",0,"8",0,"8",1,"",100,"",2,"",0,"",5.1,"",.0,"8","U","",6.9,"",79,"",1.8,"",1003.4,"",1016.9,"",8,-.3,"",.0,"8",0,"8","02","0","1","","0","","","3","","","0","","",0,"8",.0,"8",.0,"8","","8",0,"8","","",.0,"8",.0,"8",.0,"8",.0,"8",.0,"8",.0,"8",.0,"8",.0,"8",.0,"8",0,"8",0,"8",0,"8","","",0,"8",0,"8"
"352190360","P£OCK","2006","04","20","02","9","",0,"8",0,"8","","","",7,"",0,"8",0,"8",4,"",100,"",1,"",0,"",5.6,"",.0,"8","U","",7.1,"",78,"",2.1,"",1003.2,"",1016.7,"",7,-.6,"",.0,"8",0,"8","03","0","4","","0","","","5","","","0","","",0,"8",.0,"8",.0,"8","","8",0,"8","","",.0,"8",.0,"8",.0,"8",.0,"8",.0,"8",.0,"8",.0,"8",.0,"8",.0,"8",0,"8",0,"8",0,"8","","",0,"8",0,"8"
"352190360","P£OCK","2006","04","20","03","9","",0,"8",0,"8","","","",7,"",0,"8",0,"8",5,"",130,"",2,"",0,"",5.7,"",.0,"8","U","",7.1,"",78,"",2.2,"",1003.1,"",1016.6,"",7,-.5,"",.0,"8",0,"8","03","1","5","","0","","","5","","","0","","",0,"8",.0,"8",.0,"8","","8",0,"8","","",.0,"8",.0,"8",.0,"8",.0,"8",.0,"8",.0,"8",.0,"8",.0,"8",.0,"8",0,"8",0,"8",0,"8","","",0,"8",0,"8"
"352190360","P£OCK","2006","04","20","04","9","",0,"8",0,"8","","","",7,"",0,"8",0,"8",6,"",130,"",1,"",0,"",6.4,"",.0,"8","U","",7.3,"",76,"",2.5,"",1003.1,"",1016.5,"",6,-.3,"",.0,"8",0,"8","03","2","6","","0","","","5","","","0","","",0,"8",.0,"8",.0,"8","","8",0,"8","","",.0,"8",.0,"8",.0,"8",.0,"8",.0,"8",.0,"8",.0,"8",.0,"8",.0,"8",0,"8",0,"8",0,"8","","",0,"8",0,"8"
"352190360","P£OCK","2006","04","20","05","9","",0,"8",0,"8","","","",7,"",0,"8",0,"8",7,"",130,"",2,"",0,"",7.1,"",.0,"8","U","",8.0,"",79,"",3.7,"",1003.3,"",1016.7,"",3,.1,"",.0,"8",0,"8","03","2","7","","0","","","5","","","/","","",0,"8",.0,"8",.0,"8","","8",0,"8","","",.0,"8",.0,"8",.0,"8",.0,"8",.0,"8",.0,"8",.0,"8",.0,"8",.0,"8",0,"8",0,"8",0,"8","","",0,"8",0,"8"
"352190360","P£OCK","2006","04","20","06","9","",0,"8",0,"8","","","",7,"",0,"8",0,"8",7,"",130,"",2,"",0,"",9.6,"",.0,"8","U","",9.0,"",75,"",5.4,"",1003.5,"",1016.8,"",3,.4,"",.0,"9",0,"9","02","1","7","","0","","","3","","","/","","",1,"",.0,"8",.0,"8","","8",0,"8","","",.0,"8",.0,"8",.0,"8",.0,"8",.0,"8",.0,"8",.0,"8",.0,"8",.0,"8",0,"8",0,"8",0,"8","","",0,"8",0,"8"
"352190360","P£OCK","2006","04","20","07","9","",0,"8",0,"8","","","",7,"",0,"8",0,"8",6,"",140,"",3,"",0,"",11.7,"",.0,"8","U","",8.5,"",62,"",4.7,"",1003.5,"",1016.7,"",1,.4,"",.0,"8",0,"8","01","2","6","","0","","","3","","","0","","",0,"8",.0,"8",.0,"8","","8",0,"8","","",.0,"8",.0,"8",.0,"8",.0,"8",.0,"8",.0,"8",.0,"8",.0,"8",.0,"8",0,"8",0,"8",0,"8","","",0,"8",0,"8"
"352190360","P£OCK","2006","04","20","08","9","",0,"8",0,"8","","","",7,"",0,"8",0,"8",7,"",170,"",4,"",0,"",13.5,"",.0,"8","U","",8.3,"",54,"",4.4,"",1003.6,"",1016.7,"",2,.3,"",.0,"8",0,"8","01","2","3","","0","","","3","","","6","","",0,"8",.0,"8",.0,"8","","8",0,"8","","",.0,"8",.0,"8",.0,"8",.0,"8",.0,"8",.0,"8",.0,"8",.0,"8",.0,"8",0,"8",0,"8",0,"8","","",0,"8",0,"8"
"352190360","P£OCK","2006","04","20","09","9","",0,"8",0,"8","","","",7,"",0,"8",0,"8",8,"",170,"",3,"",0,"",15.2,"",.0,"8","U","",8.4,"",49,"",4.5,"",1003.4,"",1016.4,"",8,-.1,"",.0,"8",0,"8","01","2","0","","0","","","0","","","7","","",0,"8",.0,"8",.0,"8","","8",0,"8","","",.0,"8",.0,"8",.0,"8",.0,"8",.0,"8",.0,"8",.0,"8",.0,"8",.0,"8",0,"8",0,"8",0,"8","","",0,"8",0,"8"
"352190360","P£OCK","2006","04","20","10","6","",0,"8",0,"8","","","",8,"",0,"8",0,"8",7,"",190,"",4,"",0,"",16.6,"",.0,"8","U","",7.0,"",37,"",1.8,"",1003.0,"",1015.9,"",8,-.5,"",.0,"8",0,"8","03","2","1","","1","","","0","","","8","","",0,"8",.0,"8",.0,"8","","8",0,"8","","",.0,"8",.0,"8",.0,"8",.0,"8",.0,"8",.0,"8",.0,"8",.0,"8",.0,"8",0,"8",0,"8",0,"8","","",0,"8",0,"8"
"352190360","P£OCK","2006","04","20","11","7","",0,"8",0,"8","","","",8,"",0,"8",0,"8",7,"",190,"",4,"",0,"",16.5,"",.0,"8","U","",7.1,"",38,"",2.1,"",1002.5,"",1015.4,"",8,-1.1,"",.0,"8",0,"8","03","2","4","","2","","","0","","","8","","",0,"8",.0,"8",.0,"8","","8",0,"8","","",.0,"8",.0,"8",.0,"8",.0,"8",.0,"8",.0,"8",.0,"8",.0,"8",.0,"8",0,"8",0,"8",0,"8","","",0,"8",0,"8"
"352190360","P£OCK","2006","04","20","12","7","",0,"8",0,"8","","","",8,"",0,"8",0,"8",7,"",220,"",3,"",0,"",17.3,"",.0,"8","U","",6.9,"",35,"",1.7,"",1002.3,"",1015.2,"",7,-1.1,"",.0,"9",0,"9","03","2","6","","2","","","0","","","8","","",1,"",.0,"8",.0,"8","","8",0,"8","","",.0,"8",.0,"8",.0,"8",.0,"8",.0,"8",.0,"8",.0,"8",.0,"8",.0,"8",0,"8",0,"8",0,"8","","",0,"8",0,"8"
"352190360","P£OCK","2006","04","20","13","7","",0,"8",0,"8","","","",8,"",0,"8",0,"8",7,"",230,"",5,"",0,"",17.8,"",.0,"8","U","",7.3,"",36,"",2.5,"",1001.9,"",1014.8,"",7,-1.1,"",.0,"8",0,"8","01","2","5","","2","","","3","","","8","","",0,"8",.0,"8",.0,"8","","8",0,"8","","",.0,"8",.0,"8",.0,"8",.0,"8",.0,"8",.0,"8",.0,"8",.0,"8",.0,"8",0,"8",0,"8",0,"8","","",0,"8",0,"8"
"352190360","P£OCK","2006","04","20","14","7","",0,"8",0,"8","","","",8,"",0,"8",0,"8",7,"",240,"",6,"",0,"",18.1,"",.0,"8","U","",7.3,"",35,"",2.4,"",1001.7,"",1014.6,"",7,-.8,"",.0,"8",0,"8","03","2","5","","3","","","0","","","8","","",0,"8",.0,"8",.0,"8","","8",0,"8","","",.0,"8",.0,"8",.0,"8",.0,"8",.0,"8",.0,"8",.0,"8",.0,"8",.0,"8",0,"8",0,"8",0,"8","","",0,"8",0,"8"
"352190360","P£OCK","2006","04","20","15","8","",0,"8",0,"8","","","",8,"",0,"8",0,"8",6,"",220,"",5,"",0,"",17.3,"",.0,"8","U","",7.3,"",37,"",2.5,"",1001.6,"",1014.5,"",6,-.7,"",.0,"8",0,"8","01","2","4","","3","","","0","","","2","","",0,"8",.0,"8",.0,"8","","8",0,"8","","",.0,"8",.0,"8",.0,"8",.0,"8",.0,"8",.0,"8",.0,"8",.0,"8",.0,"8",0,"8",0,"8",0,"8","","",0,"8",0,"8"
"352190360","P£OCK","2006","04","20","16","8","",0,"8",0,"8","","","",8,"",0,"8",0,"8",5,"",280,"",3,"",0,"",16.4,"",.0,"8","U","",7.4,"",40,"",2.8,"",1001.9,"",1014.8,"",5,.0,"",.0,"8",0,"8","01","2","4","","2","","","0","","","2","","",0,"8",.0,"8",.0,"8","","8",0,"8","","",.0,"8",.0,"8",.0,"8",.0,"8",.0,"8",.0,"8",.0,"8",.0,"8",.0,"8",0,"8",0,"8",0,"8","","",0,"8",0,"8"
"352190360","P£OCK","2006","04","20","17","7","",0,"8",0,"8","","","",8,"",0,"8",0,"8",7,"",310,"",3,"",0,"",15.7,"",.0,"8","U","",8.0,"",45,"",3.8,"",1002.1,"",1015.1,"",3,.4,"",.0,"8",0,"8","01","2","5","","4","","","0","","","1","","",0,"8",.0,"8",.0,"8","","8",0,"8","","",.0,"8",.0,"8",.0,"8",.0,"8",.0,"8",.0,"8",.0,"8",.0,"8",.0,"8",0,"8",0,"8",0,"8","","",0,"8",0,"8"
"352190360","P£OCK","2006","04","20","18","9","",0,"8",0,"8","","","",7,"",0,"8",0,"8",7,"",360,"",2,"",0,"",13.5,"",.0,"8","U","",8.5,"",55,"",4.6,"",1002.9,"",1016.0,"",2,1.3,"",.0,"9",0,"9","01","2","5","","0","","","5","","","6","","",1,"",.0,"8",.0,"8","","8",0,"8","","",.0,"8",.0,"8",.0,"8",.0,"8",.0,"8",.0,"8",.0,"8",.0,"8",.0,"8",0,"8",0,"8",0,"8","","",0,"8",0,"8"
"352190360","P£OCK","2006","04","20","19","9","",0,"8",0,"8","","","",6,"",0,"8",0,"8",7,"",40,"",1,"",0,"",11.6,"",.0,"8","U","",8.7,"",64,"",5.0,"",1003.5,"",1016.7,"",2,1.6,"",.0,"8",0,"8","05","2","7","","0","","","5","","","/","","",0,"8",.0,"8",.0,"8","","8",0,"8","","",.0,"8",.0,"8",.0,"8",.0,"8",.0,"8",.0,"8",.0,"8",.0,"8",.0,"8",0,"8",0,"8",0,"8","","",0,"8",0,"8"
"352190360","P£OCK","2006","04","20","20","9","",0,"8",0,"8","","","",6,"",0,"8",0,"8",7,"",10,"",1,"",0,"",9.9,"",.0,"8","U","",8.9,"",73,"",5.3,"",1004.0,"",1017.3,"",1,1.9,"",.0,"8",0,"8","10","2","3","","0","","","3","","","8","","",0,"8",.0,"8",.0,"8","","8",0,"8","","",.0,"8",.0,"8",.0,"8",.0,"8",.0,"8",.0,"8",.0,"8",.0,"8",.0,"8",0,"8",0,"8",0,"8","","",0,"8",0,"8"
"352190360","P£OCK","2006","04","20","21","9","",0,"8",0,"8","","","",6,"",0,"8",0,"8",6,"",350,"",2,"",0,"",9.0,"",.0,"8","U","",8.5,"",74,"",4.6,"",1004.2,"",1017.5,"",1,1.3,"",.0,"8",0,"8","10","2","0","","0","","","0","","","8","","",0,"8",.0,"8",.0,"8","","8",0,"8","","",.0,"8",.0,"8",.0,"8",.0,"8",.0,"8",.0,"8",.0,"8",.0,"8",.0,"8",0,"8",0,"8",0,"8","","",0,"8",0,"8"
"352190360","P£OCK","2006","04","20","22","9","",0,"8",0,"8","","","",6,"",0,"8",0,"8",6,"",320,"",2,"",0,"",9.3,"",.0,"8","U","",8.5,"",73,"",4.7,"",1004.7,"",1018.0,"",2,1.2,"",.0,"8",0,"8","10","2","0","","0","","","0","","","8","","",0,"8",.0,"8",.0,"8","","8",0,"8","","",.0,"8",.0,"8",.0,"8",.0,"8",.0,"8",.0,"8",.0,"8",.0,"8",.0,"8",0,"8",0,"8",0,"8","","",0,"8",0,"8"
"352190360","P£OCK","2006","04","20","23","9","",0,"8",0,"8","","","",6,"",0,"8",0,"8",3,"",350,"",2,"",0,"",8.5,"",.0,"8","U","",8.5,"",77,"",4.7,"",1004.9,"",1018.2,"",2,.9,"",.0,"8",0,"8","10","1","0","","0","","","0","","","1","","",0,"8",.0,"8",.0,"8","","8",0,"8","","",.0,"8",.0,"8",.0,"8",.0,"8",.0,"8",.0,"8",.0,"8",.0,"8",.0,"8",0,"8",0,"8",0,"8","","",0,"8",0,"8"
"352190360","P£OCK","2006","04","21","00","9","",0,"8",0,"8","","","",6,"",0,"8",0,"8",3,"",350,"",1,"",0,"",6.2,"",.0,"8","U","",8.0,"",84,"",3.7,"",1005.0,"",1018.5,"",1,.8,"",.0,"9",0,"9","10","1","0","","0","","","0","","","1","","",1,"",.0,"8",.0,"8","","8",0,"8","","",.0,"8",.0,"8",.0,"8",.0,"8",.0,"8",.0,"8",.0,"8",.0,"8",.0,"8",0,"8",0,"8",0,"8","","",0,"8",0,"8"
"352190360","P£OCK","2006","04","21","01","9","",0,"8",0,"8","","","",6,"",0,"8",0,"8",0,"",320,"",1,"",0,"",5.4,"",.0,"8","U","",7.9,"",88,"",3.6,"",1005.2,"",1018.7,"",2,.5,"",.0,"8",0,"8","10","0","0","","0","","","0","","","0","","",0,"8",.0,"8",.0,"8","","8",0,"8","","",.0,"8",.0,"8",.0,"8",.0,"8",.0,"8",.0,"8",.0,"8",.0,"8",.0,"8",0,"8",0,"8",0,"8","","",0,"8",0,"8"
"352190360","P£OCK","2006","04","21","02","9","",0,"8",0,"8","","","",5,"",0,"8",0,"8",0,"",350,"",1,"",0,"",4.9,"",.0,"8","U","",7.7,"",89,"",3.2,"",1005.3,"",1018.8,"",2,.4,"",.0,"8",0,"8","10","0","0","","0","","","0","","","0","","",0,"8",.0,"8",.0,"8","","8",0,"8","","",.0,"8",.0,"8",.0,"8",.0,"8",.0,"8",.0,"8",.0,"8",.0,"8",.0,"8",0,"8",0,"8",0,"8","","",0,"8",0,"8"
"352190360","P£OCK","2006","04","21","03","1","",0,"8",0,"8","","","",2,"",0,"8",0,"8",8,"",10,"",2,"",0,"",4.2,"",.0,"8","U","",7.6,"",92,"",3.0,"",1005.6,"",1019.2,"",2,.6,"",.0,"8",0,"8","46","1","8","","6","","","/","","","/","","",0,"8",.0,"8",.0,"8","","8",0,"8","","",.0,"8",.0,"8",.0,"8",.0,"8",.0,"8",.0,"8",.0,"8",.0,"8",.0,"8",0,"8",0,"8",0,"8","","",0,"8",0,"8"
"352190360","P£OCK","2006","04","21","04","1","",0,"8",0,"8","","","",1,"",0,"8",0,"8",8,"",10,"",4,"",0,"",4.5,"",.0,"8","U","",8.0,"",95,"",3.8,"",1006.2,"",1019.8,"",3,1.0,"",.0,"8",0,"8","46","4","8","","6","","","/","","","/","","",0,"8",.0,"8",.0,"8","","8",0,"8","","",.0,"8",.0,"8",.0,"8",.0,"8",.0,"8",.0,"8",.0,"8",.0,"8",.0,"8",0,"8",0,"8",0,"8","","",0,"8",0,"8"
"352190360","P£OCK","2006","04","21","05","1","",0,"8",0,"8","","","",2,"",0,"8",0,"8",8,"",10,"",4,"",0,"",4.4,"",.0,"8","U","",7.9,"",95,"",3.7,"",1006.9,"",1020.5,"",3,1.6,"",.0,"8",0,"8","42","4","8","","6","","","/","","","/","","",0,"8",.0,"8",.0,"8","","8",0,"8","","",.0,"8",.0,"8",.0,"8",.0,"8",.0,"8",.0,"8",.0,"8",.0,"8",.0,"8",0,"8",0,"8",0,"8","","",0,"8",0,"8"
"352190360","P£OCK","2006","04","21","06","1","",0,"8",0,"8","","","",3,"",0,"8",0,"8",8,"",30,"",3,"",0,"",5.6,"",.0,"8","U","",8.7,"",96,"",5.0,"",1007.2,"",1020.7,"",2,1.6,"",.0,"9",0,"9","42","4","8","","6","","","/","","","/","","",1,"",.0,"8",.0,"8","","8",0,"8","","",.0,"8",.0,"8",.0,"8",.0,"8",.0,"8",.0,"8",.0,"8",.0,"8",.0,"8",0,"8",0,"8",0,"8","","",0,"8",0,"8"
"352190360","P£OCK","2006","04","21","07","2","",0,"8",0,"8","","","",6,"",0,"8",0,"8",7,"",360,"",2,"",0,"",6.7,"",.0,"8","U","",9.4,"",96,"",6.1,"",1007.7,"",1021.2,"",2,1.5,"",.0,"8",0,"8","10","2","7","","5","","","/","","","/","","",0,"8",.0,"8",.0,"8","","8",0,"8","","",.0,"8",.0,"8",.0,"8",.0,"8",.0,"8",.0,"8",.0,"8",.0,"8",.0,"8",0,"8",0,"8",0,"8","","",0,"8",0,"8"
"352190360","P£OCK","2006","04","21","08","4","",0,"8",0,"8","","","",7,"",0,"8",0,"8",5,"",30,"",3,"",0,"",8.7,"",.0,"8","U","",8.8,"",78,"",5.1,"",1007.9,"",1021.3,"",2,1.0,"",.0,"8",0,"8","03","2","2","","2","","","0","","","8","","",0,"8",.0,"8",.0,"8","","8",0,"8","","",.0,"8",.0,"8",.0,"8",.0,"8",.0,"8",.0,"8",.0,"8",.0,"8",.0,"8",0,"8",0,"8",0,"8","","",0,"8",0,"8"
"352190360","P£OCK","2006","04","21","09","9","",0,"8",0,"8","","","",7,"",0,"8",0,"8",5,"",10,"",3,"",0,"",10.4,"",.0,"8","U","",8.3,"",66,"",4.3,"",1008.0,"",1021.3,"",1,.8,"",.0,"8",0,"8","01","2","2","","0","","","3","","","8","","",0,"8",.0,"8",.0,"8","","8",0,"8","","",.0,"8",.0,"8",.0,"8",.0,"8",.0,"8",.0,"8",.0,"8",.0,"8",.0,"8",0,"8",0,"8",0,"8","","",0,"8",0,"8"
"352190360","P£OCK","2006","04","21","10","9","",0,"8",0,"8","","","",8,"",0,"8",0,"8",5,"",310,"",2,"",0,"",12.2,"",.0,"8","U","",7.1,"",50,"",2.1,"",1007.7,"",1020.9,"",0,.0,"",.0,"8",0,"8","01","2","0","","0","","","0","","","8","","",0,"8",.0,"8",.0,"8","","8",0,"8","","",.0,"8",.0,"8",.0,"8",.0,"8",.0,"8",.0,"8",.0,"8",.0,"8",.0,"8",0,"8",0,"8",0,"8","","",0,"8",0,"8"
"352190360","P£OCK","2006","04","21","11","9","",0,"8",0,"8","","","",8,"",0,"8",0,"8",4,"",340,"",3,"",0,"",13.8,"",.0,"8","U","",6.9,"",44,"",1.7,"",1007.4,"",1020.5,"",8,-.5,"",.0,"8",0,"8","01","1","0","","0","","","0","","","8","","",0,"8",.0,"8",.0,"8","","8",0,"8","","",.0,"8",.0,"8",.0,"8",.0,"8",.0,"8",.0,"8",.0,"8",.0,"8",.0,"8",0,"8",0,"8",0,"8","","",0,"8",0,"8"
"352190360","P£OCK","2006","04","21","12","6","",0,"8",0,"8","","","",8,"",0,"8",0,"8",2,"",10,"",2,"",0,"",15.1,"",.0,"8","U","",6.7,"",39,"",1.2,"",1007.2,"",1020.3,"",7,-.8,"",.0,"9",0,"9","03","1","1","","2","","","0","","","1","","",1,"",.0,"8",.0,"8","","8",0,"8","","",.0,"8",.0,"8",.0,"8",.0,"8",.0,"8",.0,"8",.0,"8",.0,"8",.0,"8",0,"8",0,"8",0,"8","","",0,"8",0,"8"
"352190360","P£OCK","2006","04","21","13","7","",0,"8",0,"8","","","",8,"",0,"8",0,"8",2,"",50,"",2,"",0,"",15.6,"",.0,"8","U","",6.4,"",36,"",.6,"",1007.0,"",1020.0,"",7,-.7,"",.0,"8",0,"8","02","0","1","","2","","","0","","","1","","",0,"8",.0,"8",.0,"8","","8",0,"8","","",.0,"8",.0,"8",.0,"8",.0,"8",.0,"8",.0,"8",.0,"8",.0,"8",.0,"8",0,"8",0,"8",0,"8","","",0,"8",0,"8"
"352190360","P£OCK","2006","04","21","14","7","",0,"8",0,"8","","","",8,"",0,"8",0,"8",2,"",50,"",3,"",0,"",15.7,"",.0,"8","U","",6.6,"",37,"",1.0,"",1006.6,"",1019.6,"",8,-.8,"",.0,"8",0,"8","02","0","1","","2","","","0","","","1","","",0,"8",.0,"8",.0,"8","","8",0,"8","","",.0,"8",.0,"8",.0,"8",.0,"8",.0,"8",.0,"8",.0,"8",.0,"8",.0,"8",0,"8",0,"8",0,"8","","",0,"8",0,"8"
"352190360","P£OCK","2006","04","21","15","7","",0,"8",0,"8","","","",8,"",0,"8",0,"8",4,"",20,"",2,"",0,"",15.8,"",.0,"8","U","",6.1,"",34,"",.0,"",1006.4,"",1019.4,"",7,-.8,"",.0,"8",0,"8","01","0","1","","1","","","0","","","6","","",0,"8",.0,"8",.0,"8","","8",0,"8","","",.0,"8",.0,"8",.0,"8",.0,"8",.0,"8",.0,"8",.0,"8",.0,"8",.0,"8",0,"8",0,"8",0,"8","","",0,"8",0,"8"
"352190360","P£OCK","2006","04","21","16","9","",0,"8",0,"8","","","",8,"",0,"8",0,"8",5,"",30,"",2,"",0,"",15.7,"",.0,"8","U","",6.2,"",35,"",.3,"",1006.3,"",1019.3,"",6,-.7,"",.0,"8",0,"8","01","1","0","","0","","","0","","","6","","",0,"8",.0,"8",.0,"8","","8",0,"8","","",.0,"8",.0,"8",.0,"8",.0,"8",.0,"8",.0,"8",.0,"8",.0,"8",.0,"8",0,"8",0,"8",0,"8","","",0,"8",0,"8"
"352190360","P£OCK","2006","04","21","17","9","",0,"8",0,"8","","","",8,"",0,"8",0,"8",6,"",50,"",2,"",0,"",15.0,"",.0,"8","U","",7.0,"",41,"",1.8,"",1006.2,"",1019.3,"",7,-.4,"",.0,"8",0,"8","03","2","2","","0","","","3","","","6","","",0,"8",.0,"8",.0,"8","","8",0,"8","","",.0,"8",.0,"8",.0,"8",.0,"8",.0,"8",.0,"8",.0,"8",.0,"8",.0,"8",0,"8",0,"8",0,"8","","",0,"8",0,"8"
"352190360","P£OCK","2006","04","21","18","9","",0,"8",0,"8","","","",7,"",0,"8",0,"8",4,"",80,"",2,"",0,"",12.8,"",.0,"8","U","",7.5,"",51,"",2.9,"",1006.3,"",1019.5,"",5,-.1,"",.0,"9",0,"9","01","1","0","","0","","","0","","","8","","",1,"",.0,"8",.0,"8","","8",0,"8","","",.0,"8",.0,"8",.0,"8",.0,"8",.0,"8",.0,"8",.0,"8",.0,"8",.0,"8",0,"8",0,"8",0,"8","","",0,"8",0,"8"
"352190360","P£OCK","2006","04","21","19","9","",0,"8",0,"8","","","",7,"",0,"8",0,"8",2,"",80,"",2,"",0,"",10.5,"",.0,"8","U","",8.4,"",66,"",4.4,"",1006.5,"",1019.8,"",3,.2,"",.0,"8",0,"8","01","0","0","","0","","","0","","","1","","",0,"8",.0,"8",.0,"8","","8",0,"8","","",.0,"8",.0,"8",.0,"8",.0,"8",.0,"8",.0,"8",.0,"8",.0,"8",.0,"8",0,"8",0,"8",0,"8","","",0,"8",0,"8"
"352190360","P£OCK","2006","04","21","20","9","",0,"8",0,"8","","","",7,"",0,"8",0,"8",2,"",80,"",3,"",0,"",10.8,"",.0,"8","U","",7.5,"",58,"",2.9,"",1006.3,"",1019.6,"",0,.1,"",.0,"8",0,"8","02","0","0","","0","","","0","","","1","","",0,"8",.0,"8",.0,"8","","8",0,"8","","",.0,"8",.0,"8",.0,"8",.0,"8",.0,"8",.0,"8",.0,"8",.0,"8",.0,"8",0,"8",0,"8",0,"8","","",0,"8",0,"8"
"352190360","P£OCK","2006","04","21","21","9","",0,"8",0,"8","","","",8,"",0,"8",0,"8",4,"",80,"",3,"",0,"",10.4,"",.0,"8","U","",7.3,"",58,"",2.5,"",1006.3,"",1019.6,"",4,.0,"",.0,"8",0,"8","03","0","0","","0","","","0","","","6","","",0,"8",.0,"8",.0,"8","","8",0,"8","","",.0,"8",.0,"8",.0,"8",.0,"8",.0,"8",.0,"8",.0,"8",.0,"8",.0,"8",0,"8",0,"8",0,"8","","",0,"8",0,"8"
"352190360","P£OCK","2006","04","21","22","9","",0,"8",0,"8","","","",8,"",0,"8",0,"8",5,"",90,"",3,"",0,"",10.3,"",.0,"8","U","",7.0,"",56,"",1.9,"",1006.4,"",1019.7,"",5,-.1,"",.0,"8",0,"8","03","1","2","","0","","","3","","","8","","",0,"8",.0,"8",.0,"8","","8",0,"8","","",.0,"8",.0,"8",.0,"8",.0,"8",.0,"8",.0,"8",.0,"8",.0,"8",.0,"8",0,"8",0,"8",0,"8","","",0,"8",0,"8"
"352190360","P£OCK","2006","04","21","23","9","",0,"8",0,"8","","","",8,"",0,"8",0,"8",7,"",100,"",2,"",0,"",9.8,"",.0,"8","U","",7.1,"",59,"",2.2,"",1006.2,"",1019.5,"",8,-.1,"",.0,"8",0,"8","03","2","4","","0","","","5","","","6","","",0,"8",.0,"8",.0,"8","","8",0,"8","","",.0,"8",.0,"8",.0,"8",.0,"8",.0,"8",.0,"8",.0,"8",.0,"8",.0,"8",0,"8",0,"8",0,"8","","",0,"8",0,"8"
"352190360","P£OCK","2006","04","22","00","9","",0,"8",0,"8","","","",8,"",0,"8",0,"8",8,"",70,"",2,"",0,"",9.9,"",.0,"8","U","",7.2,"",59,"",2.3,"",1006.0,"",1019.3,"",8,-.3,"",.0,"9",0,"9","03","1","8","","0","","","3","","","/","","",1,"",.0,"8",.0,"8","","8",0,"8","","",.0,"8",.0,"8",.0,"8",.0,"8",.0,"8",.0,"8",.0,"8",.0,"8",.0,"8",0,"8",0,"8",0,"8","","",0,"8",0,"8"
"352190360","P£OCK","2006","04","22","01","7","",0,"8",0,"8","","","",8,"",0,"8",0,"8",8,"",90,"",3,"",0,"",9.8,"",.0,"8","U","",7.3,"",60,"",2.4,"",1005.9,"",1019.2,"",7,-.5,"",.0,"8",0,"8","25","8","3","","9","","","7","","","/","","",0,"8",.0,"8",.0,"8","","8",0,"8","","",.0,"8",.0,"8",.0,"8",.0,"8",.0,"8",.0,"8",.0,"8",.0,"8",.0,"8",0,"8",0,"8",0,"8","","",0,"8",0,"8"
"352190360","P£OCK","2006","04","22","02","7","",0,"8",0,"8","","","",7,"",0,"8",0,"8",8,"",30,"",3,"",0,"",8.6,"",.0,"8","U","",8.0,"",72,"",3.8,"",1006.3,"",1019.7,"",3,.1,"",.0,"8",0,"8","25","2","2","","9","","","7","","","/","","",0,"8",.0,"8",.0,"8","","8",0,"8","","",.0,"8",.0,"8",.0,"8",.0,"8",.0,"8",.0,"8",.0,"8",.0,"8",.0,"8",0,"8",0,"8",0,"8","","",0,"8",0,"8"
"352190360","P£OCK","2006","04","22","03","7","",0,"8",0,"8","","","",7,"",0,"8",0,"8",8,"",60,"",3,"",0,"",8.5,"",.0,"8","U","",7.8,"",70,"",3.3,"",1005.9,"",1019.3,"",7,-.1,"",.0,"8",0,"8","80","2","5","","9","","","7","","","/","","",0,"8",.0,"8",.0,"8","","8",0,"8","","",.0,"8",.0,"8",.0,"8",.0,"8",.0,"8",.0,"8",.0,"8",.0,"8",.0,"8",0,"8",0,"8",0,"8","","",0,"8",0,"8"
"352190360","P£OCK","2006","04","22","04","7","",0,"8",0,"8","","","",7,"",0,"8",0,"8",8,"",70,"",2,"",0,"",8.2,"",.0,"8","U","",8.0,"",74,"",3.8,"",1005.9,"",1019.3,"",4,.0,"",.0,"8",0,"8","61","8","1","","5","","","2","","","/","","",0,"8",.0,"8",.0,"8","","8",0,"8","","",.0,"8",.0,"8",.0,"8",.0,"8",.0,"8",.0,"8",.0,"8",.0,"8",.0,"8",0,"8",0,"8",0,"8","","",0,"8",0,"8"
"352190360","P£OCK","2006","04","22","05","7","",0,"8",0,"8","","","",7,"",0,"8",0,"8",8,"",70,"",2,"",0,"",8.2,"",.0,"8","U","",8.1,"",75,"",4.0,"",1006.1,"",1019.5,"",5,-.2,"",.0,"8",0,"8","61","6","2","","5","","","2","","","/","","",0,"8",.0,"8",.0,"8","","8",0,"8","","",.0,"8",.0,"8",.0,"8",.0,"8",.0,"8",.0,"8",.0,"8",.0,"8",.0,"8",0,"8",0,"8",0,"8","","",0,"8",0,"8"
"352190360","P£OCK","2006","04","22","06","7","",0,"8",0,"8","","","",7,"",0,"8",0,"8",8,"",60,"",3,"",0,"",7.7,"",.0,"8","U","",8.2,"",78,"",4.1,"",1006.1,"",1019.5,"",1,.2,"",.3,"",6,"","21","8","6","","5","","","2","","","/","","",2,"",.0,"8",.0,"8","","8",0,"8","","",.0,"8",.0,"8",.0,"8",.0,"8",.0,"8",.0,"8",.0,"8",.0,"8",.0,"8",0,"8",0,"8",0,"8","","",0,"8",0,"8"
"352190360","P£OCK","2006","04","22","07","7","",0,"8",0,"8","","","",7,"",0,"8",0,"8",8,"",70,"",3,"",0,"",7.4,"",.0,"8","U","",8.3,"",81,"",4.4,"",1006.2,"",1019.6,"",2,.3,"",.0,"8",0,"8","61","6","7","","5","","","/","","","/","","",0,"8",.0,"8",.0,"8","","8",0,"8","","",.0,"8",.0,"8",.0,"8",.0,"8",.0,"8",.0,"8",.0,"8",.0,"8",.0,"8",0,"8",0,"8",0,"8","","",0,"8",0,"8"
"352190360","P£OCK","2006","04","22","08","7","",0,"8",0,"8","","","",7,"",0,"8",0,"8",8,"",80,"",6,"",0,"",7.2,"",.0,"8","U","",8.4,"",83,"",4.5,"",1005.6,"",1019.0,"",8,-.5,"",.0,"8",0,"8","61","6","6","","5","","","2","","","/","","",0,"8",.0,"8",.0,"8","","8",0,"8","","",.0,"8",.0,"8",.0,"8",.0,"8",.0,"8",.0,"8",.0,"8",.0,"8",.0,"8",0,"8",0,"8",0,"8","","",0,"8",0,"8"
"352190360","P£OCK","2006","04","22","09","7","",0,"8",0,"8","","","",7,"",0,"8",0,"8",8,"",80,"",6,"",0,"",8.0,"",.0,"8","U","",8.6,"",80,"",4.8,"",1005.4,"",1018.8,"",8,-.7,"",.0,"8",0,"8","61","6","6","","5","","","2","","","/","","",0,"8",.0,"8",.0,"8","","8",0,"8","","",.0,"8",.0,"8",.0,"8",.0,"8",.0,"8",.0,"8",.0,"8",.0,"8",.0,"8",0,"8",0,"8",0,"8","","",0,"8",0,"8"
"352190360","P£OCK","2006","04","22","10","7","",0,"8",0,"8","","","",7,"",0,"8",0,"8",8,"",80,"",2,"",0,"",8.5,"",.0,"8","U","",8.5,"",77,"",4.7,"",1005.8,"",1019.2,"",5,-.4,"",.0,"8",0,"8","21","6","5","","5","","","2","","","/","","",0,"8",.0,"8",.0,"8","","8",0,"8","","",.0,"8",.0,"8",.0,"8",.0,"8",.0,"8",.0,"8",.0,"8",.0,"8",.0,"8",0,"8",0,"8",0,"8","","",0,"8",0,"8"
"352190360","P£OCK","2006","04","22","11","5","",0,"8",0,"8","","","",6,"",0,"8",0,"8",8,"",100,"",4,"",0,"",8.4,"",.0,"8","U","",9.0,"",82,"",5.5,"",1005.2,"",1018.6,"",7,-.4,"",.0,"8",0,"8","81","8","8","","9","","","/","","","/","","",0,"8",.0,"8",.0,"8","","8",0,"8","","",.0,"8",.0,"8",.0,"8",.0,"8",.0,"8",.0,"8",.0,"8",.0,"8",.0,"8",0,"8",0,"8",0,"8","","",0,"8",0,"8"
"352190360","P£OCK","2006","04","22","12","6","",0,"8",0,"8","","","",7,"",0,"8",0,"8",8,"",70,"",4,"",0,"",8.6,"",.0,"8","U","",8.9,"",80,"",5.3,"",1005.2,"",1018.5,"",6,-.2,"",3.4,"",6,"","80","6","8","","9","","","/","","","/","","",2,"",.0,"8",.0,"8","","8",0,"8","","",.0,"8",.0,"8",.0,"8",.0,"8",.0,"8",.0,"8",.0,"8",.0,"8",.0,"8",0,"8",0,"8",0,"8","","",0,"8",0,"8"
"352190360","P£OCK","2006","04","22","13","7","",0,"8",0,"8","","","",7,"",0,"8",0,"8",6,"",80,"",5,"",0,"",9.9,"",.0,"8","U","",9.6,"",79,"",6.4,"",1004.7,"",1018.0,"",7,-1.1,"",.0,"8",0,"8","25","2","4","","5","","","3","","","0","","",0,"8",.0,"8",.0,"8","","8",0,"8","","",.0,"8",.0,"8",.0,"8",.0,"8",.0,"8",.0,"8",.0,"8",.0,"8",.0,"8",0,"8",0,"8",0,"8","","",0,"8",0,"8"
"352190360","P£OCK","2006","04","22","14","9","",0,"8",0,"8","","","",7,"",0,"8",0,"8",3,"",80,"",5,"",0,"",11.6,"",.0,"8","U","",10.2,"",75,"",7.3,"",1004.3,"",1017.5,"",8,-.9,"",.0,"8",0,"8","01","1","3","","0","","","3","","","0","","",0,"8",.0,"8",.0,"8","","8",0,"8","","",.0,"8",.0,"8",.0,"8",.0,"8",.0,"8",.0,"8",.0,"8",.0,"8",.0,"8",0,"8",0,"8",0,"8","","",0,"8",0,"8"
"352190360","P£OCK","2006","04","22","15","9","",0,"8",0,"8","","","",7,"",0,"8",0,"8",4,"",70,"",5,"",0,"",12.0,"",.0,"8","U","",9.9,"",71,"",6.9,"",1004.1,"",1017.3,"",6,-1.1,"",.0,"8",0,"8","03","8","4","","0","","","3","","","0","","",0,"8",.0,"8",.0,"8","","8",0,"8","","",.0,"8",.0,"8",.0,"8",.0,"8",.0,"8",.0,"8",.0,"8",.0,"8",.0,"8",0,"8",0,"8",0,"8","","",0,"8",0,"8"
"352190360","P£OCK","2006","04","22","16","9","",0,"8",0,"8","","","",8,"",0,"8",0,"8",2,"",60,"",5,"",0,"",11.7,"",.0,"8","U","",9.2,"",67,"",5.8,"",1004.2,"",1017.4,"",5,-.5,"",.0,"8",0,"8","01","0","2","","0","","","3","","","0","","",0,"8",.0,"8",.0,"8","","8",0,"8","","",.0,"8",.0,"8",.0,"8",.0,"8",.0,"8",.0,"8",.0,"8",.0,"8",.0,"8",0,"8",0,"8",0,"8","","",0,"8",0,"8"
"352190360","P£OCK","2006","04","22","17","9","",0,"8",0,"8","","","",8,"",0,"8",0,"8",5,"",60,"",3,"",0,"",10.3,"",.0,"8","U","",8.6,"",69,"",4.9,"",1004.4,"",1017.7,"",3,.1,"",.0,"8",0,"8","03","1","4","","0","","","5","","","1","","",0,"8",.0,"8",.0,"8","","8",0,"8","","",.0,"8",.0,"8",.0,"8",.0,"8",.0,"8",.0,"8",.0,"8",.0,"8",.0,"8",0,"8",0,"8",0,"8","","",0,"8",0,"8"
"352190360","P£OCK","2006","04","22","18","9","",0,"8",0,"8","","","",8,"",0,"8",0,"8",5,"",70,"",4,"",0,"",8.9,"",.0,"8","U","",8.4,"",74,"",4.5,"",1004.4,"",1017.7,"",1,.3,"",.1,"",6,"","01","8","3","","0","","","3","","","6","","",2,"",.0,"8",.0,"8","","8",0,"8","","",.0,"8",.0,"8",.0,"8",.0,"8",.0,"8",.0,"8",.0,"8",.0,"8",.0,"8",0,"8",0,"8",0,"8","","",0,"8",0,"8"
"352190360","P£OCK","2006","04","22","19","9","",0,"8",0,"8","","","",7,"",0,"8",0,"8",5,"",70,"",3,"",0,"",8.0,"",.0,"8","U","",8.4,"",78,"",4.4,"",1004.5,"",1017.9,"",2,.3,"",.0,"8",0,"8","01","2","1","","0","","","3","","","8","","",0,"8",.0,"8",.0,"8","","8",0,"8","","",.0,"8",.0,"8",.0,"8",.0,"8",.0,"8",.0,"8",.0,"8",.0,"8",.0,"8",0,"8",0,"8",0,"8","","",0,"8",0,"8"
"352190360","P£OCK","2006","04","22","20","9","",0,"8",0,"8","","","",7,"",0,"8",0,"8",3,"",50,"",4,"",0,"",7.4,"",.0,"8","U","",8.2,"",80,"",4.2,"",1004.8,"",1018.2,"",3,.4,"",.0,"8",0,"8","01","1","0","","0","","","0","","","8","","",0,"8",.0,"8",.0,"8","","8",0,"8","","",.0,"8",.0,"8",.0,"8",.0,"8",.0,"8",.0,"8",.0,"8",.0,"8",.0,"8",0,"8",0,"8",0,"8","","",0,"8",0,"8"
"352190360","P£OCK","2006","04","22","21","9","",0,"8",0,"8","","","",7,"",0,"8",0,"8",1,"",70,"",4,"",0,"",7.0,"",.0,"8","U","",8.1,"",81,"",4.0,"",1004.8,"",1018.2,"",1,.4,"",.0,"8",0,"8","01","1","0","","0","","","0","","","1","","",0,"8",.0,"8",.0,"8","","8",0,"8","","",.0,"8",.0,"8",.0,"8",.0,"8",.0,"8",.0,"8",.0,"8",.0,"8",.0,"8",0,"8",0,"8",0,"8","","",0,"8",0,"8"
"352190360","P£OCK","2006","04","22","22","9","",0,"8",0,"8","","","",7,"",0,"8",0,"8",0,"",70,"",3,"",0,"",6.5,"",.0,"8","U","",7.9,"",82,"",3.6,"",1004.7,"",1018.1,"",0,.2,"",.0,"8",0,"8","01","0","0","","0","","","0","","","0","","",0,"8",.0,"8",.0,"8","","8",0,"8","","",.0,"8",.0,"8",.0,"8",.0,"8",.0,"8",.0,"8",.0,"8",.0,"8",.0,"8",0,"8",0,"8",0,"8","","",0,"8",0,"8"
"352190360","P£OCK","2006","04","22","23","9","",0,"8",0,"8","","","",7,"",0,"8",0,"8",1,"",70,"",2,"",0,"",6.0,"",.0,"8","U","",7.7,"",82,"",3.2,"",1004.7,"",1018.2,"",6,-.1,"",.0,"8",0,"8","03","0","0","","0","","","0","","","1","","",0,"8",.0,"8",.0,"8","","8",0,"8","","",.0,"8",.0,"8",.0,"8",.0,"8",.0,"8",.0,"8",.0,"8",.0,"8",.0,"8",0,"8",0,"8",0,"8","","",0,"8",0,"8"
"352190360","P£OCK","2006","04","23","00","9","",0,"8",0,"8","","","",7,"",0,"8",0,"8",1,"",60,"",4,"",0,"",5.9,"",.0,"8","U","",7.5,"",81,"",2.9,"",1004.4,"",1017.9,"",7,-.4,"",.0,"9",0,"9","02","1","0","","0","","","0","","","1","","",2,"",.0,"8",.0,"8","","8",0,"8","","",.0,"8",.0,"8",.0,"8",.0,"8",.0,"8",.0,"8",.0,"8",.0,"8",.0,"8",0,"8",0,"8",0,"8","","",0,"8",0,"8"
"352190360","P£OCK","2006","04","23","01","9","",0,"8",0,"8","","","",7,"",0,"8",0,"8",4,"",70,"",4,"",0,"",5.8,"",.0,"8","U","",7.4,"",80,"",2.6,"",1004.1,"",1017.6,"",8,-.6,"",.0,"8",0,"8","03","0","3","","0","","","3","","","1","","",0,"8",.0,"8",.0,"8","","8",0,"8","","",.0,"8",.0,"8",.0,"8",.0,"8",.0,"8",.0,"8",.0,"8",.0,"8",.0,"8",0,"8",0,"8",0,"8","","",0,"8",0,"8"
"352190360","P£OCK","2006","04","23","02","9","",0,"8",0,"8","","","",7,"",0,"8",0,"8",6,"",70,"",3,"",0,"",5.6,"",.0,"8","U","",7.3,"",80,"",2.4,"",1003.8,"",1017.3,"",7,-.9,"",.0,"8",0,"8","03","1","5","","0","","","5","","","1","","",0,"8",.0,"8",.0,"8","","8",0,"8","","",.0,"8",.0,"8",.0,"8",.0,"8",.0,"8",.0,"8",.0,"8",.0,"8",.0,"8",0,"8",0,"8",0,"8","","",0,"8",0,"8"
"352190360","P£OCK","2006","04","23","03","9","",0,"8",0,"8","","","",7,"",0,"8",0,"8",3,"",70,"",4,"",0,"",5.0,"",.0,"8","U","",7.1,"",81,"",2.0,"",1003.9,"",1017.4,"",5,-.5,"",.0,"8",0,"8","01","1","2","","0","","","3","","","1","","",0,"8",.0,"8",.0,"8","","8",0,"8","","",.0,"8",.0,"8",.0,"8",.0,"8",.0,"8",.0,"8",.0,"8",.0,"8",.0,"8",0,"8",0,"8",0,"8","","",0,"8",0,"8"
"352190360","P£OCK","2006","04","23","04","9","",0,"8",0,"8","","","",7,"",0,"8",0,"8",5,"",70,"",4,"",0,"",5.2,"",.0,"8","U","",7.2,"",81,"",2.2,"",1003.8,"",1017.3,"",7,-.3,"",.0,"8",0,"8","03","1","3","","0","","","3","","","6","","",0,"8",.0,"8",.0,"8","","8",0,"8","","",.0,"8",.0,"8",.0,"8",.0,"8",.0,"8",.0,"8",.0,"8",.0,"8",.0,"8",0,"8",0,"8",0,"8","","",0,"8",0,"8"
"352190360","P£OCK","2006","04","23","05","9","",0,"8",0,"8","","","",7,"",0,"8",0,"8",5,"",80,"",4,"",0,"",6.0,"",.0,"8","U","",7.4,"",79,"",2.6,"",1004.4,"",1017.9,"",2,.6,"",.0,"8",0,"8","02","2","3","","0","","","3","","","8","","",0,"8",.0,"8",.0,"8","","8",0,"8","","",.0,"8",.0,"8",.0,"8",.0,"8",.0,"8",.0,"8",.0,"8",.0,"8",.0,"8",0,"8",0,"8",0,"8","","",0,"8",0,"8"
"352190360","P£OCK","2006","04","23","06","9","",0,"8",0,"8","","","",7,"",0,"8",0,"8",3,"",80,"",5,"",0,"",7.8,"",.0,"8","U","",8.0,"",76,"",3.8,"",1004.3,"",1017.7,"",0,.4,"",.0,"9",0,"9","01","1","1","","0","","","3","","","1","","",2,"",.0,"8",.0,"8","","8",0,"8","","",.0,"8",.0,"8",.0,"8",.0,"8",.0,"8",.0,"8",.0,"8",.0,"8",.0,"8",0,"8",0,"8",0,"8","","",0,"8",0,"8"
"352190360","P£OCK","2006","04","23","07","9","",0,"8",0,"8","","","",8,"",0,"8",0,"8",2,"",90,"",5,"",0,"",10.0,"",.0,"8","U","",8.5,"",69,"",4.6,"",1004.2,"",1017.5,"",0,.4,"",.0,"8",0,"8","01","0","0","","0","","","0","","","1","","",0,"8",.0,"8",.0,"8","","8",0,"8","","",.0,"8",.0,"8",.0,"8",.0,"8",.0,"8",.0,"8",.0,"8",.0,"8",.0,"8",0,"8",0,"8",0,"8","","",0,"8",0,"8"
"352190360","P£OCK","2006","04","23","08","9","",0,"8",0,"8","","","",8,"",0,"8",0,"8",2,"",100,"",6,"",0,"",12.1,"",.0,"8","U","",9.3,"",66,"",5.9,"",1004.2,"",1017.4,"",6,-.2,"",.0,"8",0,"8","03","0","1","","0","","","3","","","1","","",0,"8",.0,"8",.0,"8","","8",0,"8","","",.0,"8",.0,"8",.0,"8",.0,"8",.0,"8",.0,"8",.0,"8",.0,"8",.0,"8",0,"8",0,"8",0,"8","","",0,"8",0,"8"
"352190360","P£OCK","2006","04","23","09","9","",0,"8",0,"8","","","",8,"",0,"8",0,"8",2,"",90,"",7,"",0,"",13.7,"",.0,"8","U","",9.4,"",60,"",6.1,"",1004.1,"",1017.2,"",7,-.2,"",.0,"8",0,"8","02","0","1","","0","","","3","","","1","","",0,"8",.0,"8",.0,"8","","8",0,"8","","",.0,"8",.0,"8",.0,"8",.0,"8",.0,"8",.0,"8",.0,"8",.0,"8",.0,"8",0,"8",0,"8",0,"8","","",0,"8",0,"8"
"352190360","P£OCK","2006","04","23","10","9","",0,"8",0,"8","","","",8,"",0,"8",0,"8",5,"",90,"",6,"",0,"",15.4,"",.0,"8","U","",9.4,"",54,"",6.1,"",1004.1,"",1017.1,"",6,-.1,"",.0,"8",0,"8","01","1","0","","0","","","0","","","6","","",0,"8",.0,"8",.0,"8","","8",0,"8","","",.0,"8",.0,"8",.0,"8",.0,"8",.0,"8",.0,"8",.0,"8",.0,"8",.0,"8",0,"8",0,"8",0,"8","","",0,"8",0,"8"
"352190360","P£OCK","2006","04","23","11","9","",0,"8",0,"8","","","",8,"",0,"8",0,"8",7,"",100,"",6,"",0,"",15.8,"",.0,"8","U","",9.3,"",52,"",6.0,"",1003.6,"",1016.6,"",7,-.6,"",.0,"8",0,"8","03","2","3","","0","","","3","","","6","","",0,"8",.0,"8",.0,"8","","8",0,"8","","",.0,"8",.0,"8",.0,"8",.0,"8",.0,"8",.0,"8",.0,"8",.0,"8",.0,"8",0,"8",0,"8",0,"8","","",0,"8",0,"8"
"352190360","P£OCK","2006","04","23","12","9","",0,"8",0,"8","","","",8,"",0,"8",0,"8",7,"",100,"",6,"",0,"",16.5,"",.0,"8","U","",9.2,"",49,"",5.7,"",1003.6,"",1016.6,"",6,-.5,"",.0,"9",0,"9","03","1","5","","0","","","5","","","8","","",1,"",.0,"8",.0,"8","","8",0,"8","","",.0,"8",.0,"8",.0,"8",.0,"8",.0,"8",.0,"8",.0,"8",.0,"8",.0,"8",0,"8",0,"8",0,"8","","",0,"8",0,"8"
"352190360","P£OCK","2006","04","23","13","9","",0,"8",0,"8","","","",8,"",0,"8",0,"8",5,"",90,"",6,"",0,"",18.0,"",.0,"8","U","",9.7,"",47,"",6.5,"",1003.1,"",1016.0,"",7,-1.0,"",.0,"8",0,"8","01","2","2","","0","","","3","","","8","","",0,"8",.0,"8",.0,"8","","8",0,"8","","",.0,"8",.0,"8",.0,"8",.0,"8",.0,"8",.0,"8",.0,"8",.0,"8",.0,"8",0,"8",0,"8",0,"8","","",0,"8",0,"8"
"352190360","P£OCK","2006","04","23","14","9","",0,"8",0,"8","","","",8,"",0,"8",0,"8",1,"",100,"",6,"",0,"",18.5,"",.0,"8","U","",9.3,"",44,"",6.0,"",1002.8,"",1015.7,"",8,-.8,"",.0,"8",0,"8","01","1","0","","0","","","0","","","1","","",0,"8",.0,"8",.0,"8","","8",0,"8","","",.0,"8",.0,"8",.0,"8",.0,"8",.0,"8",.0,"8",.0,"8",.0,"8",.0,"8",0,"8",0,"8",0,"8","","",0,"8",0,"8"
"352190360","P£OCK","2006","04","23","15","9","",0,"8",0,"8","","","",8,"",0,"8",0,"8",0,"",100,"",6,"",0,"",18.6,"",.0,"8","U","",9.2,"",43,"",5.8,"",1002.3,"",1015.1,"",7,-1.3,"",.0,"8",0,"8","01","1","0","","0","","","0","","","0","","",0,"8",.0,"8",.0,"8","","8",0,"8","","",.0,"8",.0,"8",.0,"8",.0,"8",.0,"8",.0,"8",.0,"8",.0,"8",.0,"8",0,"8",0,"8",0,"8","","",0,"8",0,"8"
"352190360","P£OCK","2006","04","23","16","9","",0,"8",0,"8","","","",8,"",0,"8",0,"8",1,"",90,"",5,"",0,"",18.1,"",.0,"8","U","",9.7,"",47,"",6.6,"",1002.3,"",1015.2,"",6,-.8,"",.0,"8",0,"8","03","0","0","","0","","","0","","","1","","",0,"8",.0,"8",.0,"8","","8",0,"8","","",.0,"8",.0,"8",.0,"8",.0,"8",.0,"8",.0,"8",.0,"8",.0,"8",.0,"8",0,"8",0,"8",0,"8","","",0,"8",0,"8"
"352190360","P£OCK","2006","04","23","17","9","",0,"8",0,"8","","","",8,"",0,"8",0,"8",2,"",80,"",4,"",0,"",16.6,"",.0,"8","U","",9.8,"",52,"",6.7,"",1002.3,"",1015.2,"",6,-.5,"",.0,"8",0,"8","03","0","1","","0","","","3","","","1","","",0,"8",.0,"8",.0,"8","","8",0,"8","","",.0,"8",.0,"8",.0,"8",.0,"8",.0,"8",.0,"8",.0,"8",.0,"8",.0,"8",0,"8",0,"8",0,"8","","",0,"8",0,"8"
"352190360","P£OCK","2006","04","23","18","9","",0,"8",0,"8","","","",7,"",0,"8",0,"8",4,"",80,"",3,"",0,"",14.5,"",.0,"8","U","",9.7,"",59,"",6.6,"",1002.7,"",1015.7,"",3,.4,"",.0,"9",0,"9","03","1","2","","0","","","3","","","1","","",1,"",.0,"8",.0,"8","","8",0,"8","","",.0,"8",.0,"8",.0,"8",.0,"8",.0,"8",.0,"8",.0,"8",.0,"8",.0,"8",0,"8",0,"8",0,"8","","",0,"8",0,"8"
"352190360","P£OCK","2006","04","23","19","6","",0,"8",0,"8","","","",7,"",0,"8",0,"8",7,"",90,"",2,"",0,"",13.9,"",.0,"8","U","",9.7,"",61,"",6.5,"",1003.2,"",1016.3,"",3,.9,"",.0,"8",0,"8","03","1","1","","5","","","5","","","1","","",0,"8",.0,"8",.0,"8","","8",0,"8","","",.0,"8",.0,"8",.0,"8",.0,"8",.0,"8",.0,"8",.0,"8",.0,"8",.0,"8",0,"8",0,"8",0,"8","","",0,"8",0,"8"
"352190360","P£OCK","2006","04","23","20","9","",0,"8",0,"8","","","",7,"",0,"8",0,"8",7,"",70,"",2,"",0,"",13.0,"",.0,"8","U","",9.6,"",64,"",6.3,"",1003.8,"",1016.9,"",3,1.5,"",.0,"8",0,"8","01","2","7","","0","","","5","","","/","","",0,"8",.0,"8",.0,"8","","8",0,"8","","",.0,"8",.0,"8",.0,"8",.0,"8",.0,"8",.0,"8",.0,"8",.0,"8",.0,"8",0,"8",0,"8",0,"8","","",0,"8",0,"8"
"352190360","P£OCK","2006","04","23","21","9","",0,"8",0,"8","","","",7,"",0,"8",0,"8",8,"",90,"",3,"",0,"",12.6,"",.0,"8","U","",9.6,"",66,"",6.4,"",1004.1,"",1017.2,"",2,1.4,"",.0,"8",0,"8","03","1","8","","0","","","3","","","/","","",0,"8",.0,"8",.0,"8","","8",0,"8","","",.0,"8",.0,"8",.0,"8",.0,"8",.0,"8",.0,"8",.0,"8",.0,"8",.0,"8",0,"8",0,"8",0,"8","","",0,"8",0,"8"
"352190360","P£OCK","2006","04","23","22","6","",0,"8",0,"8","","","",7,"",0,"8",0,"8",8,"",100,"",2,"",0,"",12.1,"",.0,"8","U","",9.6,"",68,"",6.4,"",1004.4,"",1017.6,"",1,1.2,"",.0,"8",0,"8","25","8","3","","9","","","7","","","/","","",0,"8",.0,"8",.0,"8","","8",0,"8","","",.0,"8",.0,"8",.0,"8",.0,"8",.0,"8",.0,"8",.0,"8",.0,"8",.0,"8",0,"8",0,"8",0,"8","","",0,"8",0,"8"
"352190360","P£OCK","2006","04","23","23","9","",0,"8",0,"8","","","",7,"",0,"8",0,"8",8,"",90,"",4,"",0,"",12.2,"",.0,"8","U","",9.4,"",66,"",6.0,"",1004.1,"",1017.3,"",0,.3,"",.0,"8",0,"8","01","2","8","","0","","","3","","","/","","",0,"8",.0,"8",.0,"8","","8",0,"8","","",.0,"8",.0,"8",.0,"8",.0,"8",.0,"8",.0,"8",.0,"8",.0,"8",.0,"8",0,"8",0,"8",0,"8","","",0,"8",0,"8"
"352190360","P£OCK","2006","04","24","00","9","",0,"8",0,"8","","","",7,"",0,"8",0,"8",7,"",100,"",3,"",0,"",11.3,"",.0,"8","U","",9.4,"",70,"",6.0,"",1004.0,"",1017.2,"",8,-.1,"",.0,"",6,"","01","8","7","","0","","","3","","","/","","",1,"",.0,"8",.0,"8","","8",0,"8","","",.0,"8",.0,"8",.0,"8",.0,"8",.0,"8",.0,"8",.0,"8",.0,"8",.0,"8",0,"8",0,"8",0,"8","","",0,"8",0,"8"
"352190360","P£OCK","2006","04","24","01","6","",0,"8",0,"8","","","",7,"",0,"8",0,"8",8,"",120,"",4,"",0,"",11.6,"",.0,"8","U","",9.7,"",71,"",6.5,"",1003.9,"",1017.1,"",6,-.5,"",.0,"8",0,"8","80","2","5","","9","","","3","","","/","","",0,"8",.0,"8",.0,"8","","8",0,"8","","",.0,"8",.0,"8",.0,"8",.0,"8",.0,"8",.0,"8",.0,"8",.0,"8",.0,"8",0,"8",0,"8",0,"8","","",0,"8",0,"8"
"352190360","P£OCK","2006","04","24","02","9","",0,"8",0,"8","","","",7,"",0,"8",0,"8",8,"",120,"",3,"",0,"",11.2,"",.0,"8","U","",9.8,"",74,"",6.7,"",1004.0,"",1017.2,"",5,-.1,"",.0,"8",0,"8","01","2","8","","0","","","3","","","/","","",0,"8",.0,"8",.0,"8","","8",0,"8","","",.0,"8",.0,"8",.0,"8",.0,"8",.0,"8",.0,"8",.0,"8",.0,"8",.0,"8",0,"8",0,"8",0,"8","","",0,"8",0,"8"
"352190360","P£OCK","2006","04","24","03","9","",0,"8",0,"8","","","",7,"",0,"8",0,"8",8,"",120,"",3,"",0,"",10.6,"",.0,"8","U","",9.7,"",76,"",6.5,"",1004.2,"",1017.4,"",3,.2,"",.0,"8",0,"8","02","8","8","","0","","","3","","","/","","",0,"8",.0,"8",.0,"8","","8",0,"8","","",.0,"8",.0,"8",.0,"8",.0,"8",.0,"8",.0,"8",.0,"8",.0,"8",.0,"8",0,"8",0,"8",0,"8","","",0,"8",0,"8"
"352190360","P£OCK","2006","04","24","04","6","",0,"8",0,"8","","","",6,"",0,"8",0,"8",8,"",150,"",1,"",0,"",10.3,"",.0,"8","U","",10.1,"",81,"",7.2,"",1005.1,"",1018.4,"",3,1.2,"",.0,"8",0,"8","80","8","8","","9","","","/","","","/","","",0,"8",.0,"8",.0,"8","","8",0,"8","","",.0,"8",.0,"8",.0,"8",.0,"8",.0,"8",.0,"8",.0,"8",.0,"8",.0,"8",0,"8",0,"8",0,"8","","",0,"8",0,"8"
"352190360","P£OCK","2006","04","24","05","5","",0,"8",0,"8","","","",6,"",0,"8",0,"8",7,"",40,"",2,"",0,"",9.9,"",.0,"8","U","",10.5,"",86,"",7.7,"",1005.2,"",1018.5,"",2,1.2,"",.0,"8",0,"8","81","8","7","","9","","","/","","","/","","",0,"8",.0,"8",.0,"8","","8",0,"8","","",.0,"8",.0,"8",.0,"8",.0,"8",.0,"8",.0,"8",.0,"8",.0,"8",.0,"8",0,"8",0,"8",0,"8","","",0,"8",0,"8"
"352190360","P£OCK","2006","04","24","06","5","",0,"8",0,"8","","","",7,"",0,"8",0,"8",6,"",90,"",3,"",0,"",10.2,"",.0,"8","U","",10.8,"",87,"",8.1,"",1005.4,"",1018.7,"",1,1.2,"",2.5,"",6,"","25","8","5","","9","","","3","","","0","","",2,"",.0,"8",.0,"8","","8",0,"8","","",.0,"8",.0,"8",.0,"8",.0,"8",.0,"8",.0,"8",.0,"8",.0,"8",.0,"8",0,"8",0,"8",0,"8","","",0,"8",0,"8"
"352190360","P£OCK","2006","04","24","07","6","",0,"8",0,"8","","","",7,"",0,"8",0,"8",7,"",130,"",2,"",0,"",11.4,"",.0,"8","U","",11.3,"",84,"",8.8,"",1006.0,"",1019.2,"",3,.9,"",.0,"8",0,"8","01","2","2","","3","","","5","","","/","","",0,"8",.0,"8",.0,"8","","8",0,"8","","",.0,"8",.0,"8",.0,"8",.0,"8",.0,"8",.0,"8",.0,"8",.0,"8",.0,"8",0,"8",0,"8",0,"8","","",0,"8",0,"8"
"352190360","P£OCK","2006","04","24","08","6","",0,"8",0,"8","","","",7,"",0,"8",0,"8",7,"",130,"",4,"",0,"",11.9,"",.0,"8","U","",11.1,"",80,"",8.6,"",1006.4,"",1019.6,"",2,1.2,"",.0,"8",0,"8","01","2","1","","5","","","5","","","/","","",0,"8",.0,"8",.0,"8","","8",0,"8","","",.0,"8",.0,"8",.0,"8",.0,"8",.0,"8",.0,"8",.0,"8",.0,"8",.0,"8",0,"8",0,"8",0,"8","","",0,"8",0,"8"
"352190360","P£OCK","2006","04","24","09","9","",0,"8",0,"8","","","",7,"",0,"8",0,"8",7,"",130,"",3,"",0,"",13.4,"",.0,"8","U","",11.5,"",75,"",9.1,"",1006.9,"",1020.0,"",2,1.5,"",.0,"8",0,"8","01","2","7","","0","","","3","","","/","","",0,"8",.0,"8",.0,"8","","8",0,"8","","",.0,"8",.0,"8",.0,"8",.0,"8",.0,"8",.0,"8",.0,"8",.0,"8",.0,"8",0,"8",0,"8",0,"8","","",0,"8",0,"8"
"352190360","P£OCK","2006","04","24","10","6","",0,"8",0,"8","","","",7,"",0,"8",0,"8",7,"",120,"",3,"",0,"",13.4,"",.0,"8","U","",11.4,"",74,"",8.9,"",1006.9,"",1020.0,"",1,.9,"",.0,"8",0,"8","03","2","4","","5","","","3","","","/","","",0,"8",.0,"8",.0,"8","","8",0,"8","","",.0,"8",.0,"8",.0,"8",.0,"8",.0,"8",.0,"8",.0,"8",.0,"8",.0,"8",0,"8",0,"8",0,"8","","",0,"8",0,"8"
"352190360","P£OCK","2006","04","24","11","7","",0,"8",0,"8","","","",7,"",0,"8",0,"8",5,"",120,"",3,"",0,"",14.8,"",.0,"8","U","",12.1,"",72,"",9.8,"",1006.8,"",1019.9,"",0,.4,"",.0,"8",0,"8","03","2","1","","3","","","3","","","1","","",0,"8",.0,"8",.0,"8","","8",0,"8","","",.0,"8",.0,"8",.0,"8",.0,"8",.0,"8",.0,"8",.0,"8",.0,"8",.0,"8",0,"8",0,"8",0,"8","","",0,"8",0,"8"
"352190360","P£OCK","2006","04","24","12","7","",0,"8",0,"8","","","",7,"",0,"8",0,"8",6,"",120,"",3,"",0,"",15.2,"",.0,"8","U","",11.9,"",69,"",9.5,"",1006.8,"",1019.9,"",6,-.1,"",.0,"9",0,"9","03","2","2","","9","","","3","","","1","","",1,"",.0,"8",.0,"8","","8",0,"8","","",.0,"8",.0,"8",.0,"8",.0,"8",.0,"8",.0,"8",.0,"8",.0,"8",.0,"8",0,"8",0,"8",0,"8","","",0,"8",0,"8"
"352190360","P£OCK","2006","04","24","13","7","",0,"8",0,"8","","","",7,"",0,"8",0,"8",3,"",150,"",2,"",0,"",17.3,"",.0,"8","U","",11.6,"",59,"",9.2,"",1006.2,"",1019.2,"",7,-.7,"",.0,"8",0,"8","25","1","2","","2","","","3","","","0","","",0,"8",.0,"8",.0,"8","","8",0,"8","","",.0,"8",.0,"8",.0,"8",.0,"8",.0,"8",.0,"8",.0,"8",.0,"8",.0,"8",0,"8",0,"8",0,"8","","",0,"8",0,"8"
"352190360","P£OCK","2006","04","24","14","6","",0,"8",0,"8","","","",7,"",0,"8",0,"8",5,"",200,"",3,"",0,"",17.8,"",.0,"8","U","",11.6,"",57,"",9.2,"",1006.0,"",1018.9,"",8,-.8,"",.0,"8",0,"8","03","1","5","","9","","","0","","","0","","",0,"8",.0,"8",.0,"8","","8",0,"8","","",.0,"8",.0,"8",.0,"8",.0,"8",.0,"8",.0,"8",.0,"8",.0,"8",.0,"8",0,"8",0,"8",0,"8","","",0,"8",0,"8"
"352190360","P£OCK","2006","04","24","15","7","",0,"8",0,"8","","","",7,"",0,"8",0,"8",4,"",140,"",2,"",0,"",17.5,"",.0,"8","U","",11.6,"",58,"",9.1,"",1006.0,"",1018.9,"",6,-.8,"",.0,"8",0,"8","01","8","3","","3","","","0","","","1","","",0,"8",.0,"8",.0,"8","","8",0,"8","","",.0,"8",.0,"8",.0,"8",.0,"8",.0,"8",.0,"8",.0,"8",.0,"8",.0,"8",0,"8",0,"8",0,"8","","",0,"8",0,"8"
"352190360","P£OCK","2006","04","24","16","6","",0,"8",0,"8","","","",7,"",0,"8",0,"8",6,"",120,"",1,"",0,"",17.4,"",.0,"8","U","",11.9,"",60,"",9.6,"",1006.3,"",1019.2,"",3,.1,"",.0,"8",0,"8","01","1","3","","2","","","0","","","4","","",0,"8",.0,"8",.0,"8","","8",0,"8","","",.0,"8",.0,"8",.0,"8",.0,"8",.0,"8",.0,"8",.0,"8",.0,"8",.0,"8",0,"8",0,"8",0,"8","","",0,"8",0,"8"
"352190360","P£OCK","2006","04","24","17","5","",0,"8",0,"8","","","",7,"",0,"8",0,"8",7,"",300,"",3,"",0,"",17.2,"",.0,"8","U","",11.6,"",59,"",9.1,"",1006.4,"",1019.4,"",3,.4,"",.0,"8",0,"8","03","2","3","","9","","","0","","","6","","",0,"8",.0,"8",.0,"8","","8",0,"8","","",.0,"8",.0,"8",.0,"8",.0,"8",.0,"8",.0,"8",.0,"8",.0,"8",.0,"8",0,"8",0,"8",0,"8","","",0,"8",0,"8"
"352190360","P£OCK","2006","04","24","18","5","",0,"8",0,"8","","","",7,"",0,"8",0,"8",7,"",300,"",3,"",0,"",15.5,"",.0,"8","U","",10.7,"",61,"",8.0,"",1006.9,"",1019.9,"",2,.9,"",.0,"",6,"","01","8","1","","9","","","3","","","8","","",1,"",.0,"8",.0,"8","","8",0,"8","","",.0,"8",.0,"8",.0,"8",.0,"8",.0,"8",.0,"8",.0,"8",.0,"8",.0,"8",0,"8",0,"8",0,"8","","",0,"8",0,"8"
"352190360","P£OCK","2006","04","24","19","5","",0,"8",0,"8","","","",7,"",0,"8",0,"8",7,"",360,"",2,"",0,"",13.6,"",.0,"8","U","",10.6,"",68,"",7.8,"",1007.6,"",1020.7,"",3,1.3,"",.0,"8",0,"8","02","2","1","","9","","","3","","","8","","",0,"8",.0,"8",.0,"8","","8",0,"8","","",.0,"8",.0,"8",.0,"8",.0,"8",.0,"8",.0,"8",.0,"8",.0,"8",.0,"8",0,"8",0,"8",0,"8","","",0,"8",0,"8"
"352190360","P£OCK","2006","04","24","20","8","",0,"8",0,"8","","","",7,"",0,"8",0,"8",7,"",10,"",2,"",0,"",12.0,"",.0,"8","U","",10.6,"",76,"",7.9,"",1007.7,"",1020.9,"",1,1.3,"",.0,"8",0,"8","01","2","2","","5","","","0","","","8","","",0,"8",.0,"8",.0,"8","","8",0,"8","","",.0,"8",.0,"8",.0,"8",.0,"8",.0,"8",.0,"8",.0,"8",.0,"8",.0,"8",0,"8",0,"8",0,"8","","",0,"8",0,"8"
"352190360","P£OCK","2006","04","24","21","8","",0,"8",0,"8","","","",6,"",0,"8",0,"8",7,"",30,"",2,"",0,"",10.9,"",.0,"8","U","",10.3,"",79,"",7.4,"",1007.6,"",1020.9,"",0,.7,"",.0,"8",0,"8","10","2","2","","5","","","0","","","8","","",0,"8",.0,"8",.0,"8","","8",0,"8","","",.0,"8",.0,"8",.0,"8",.0,"8",.0,"8",.0,"8",.0,"8",.0,"8",.0,"8",0,"8",0,"8",0,"8","","",0,"8",0,"8"
"352190360","P£OCK","2006","04","24","22","9","",0,"8",0,"8","","","",6,"",0,"8",0,"8",7,"",30,"",2,"",0,"",10.8,"",.0,"8","U","",10.5,"",81,"",7.7,"",1007.4,"",1020.7,"",8,-.2,"",.0,"8",0,"8","10","2","5","","0","","","5","","","8","","",0,"8",.0,"8",.0,"8","","8",0,"8","","",.0,"8",.0,"8",.0,"8",.0,"8",.0,"8",.0,"8",.0,"8",.0,"8",.0,"8",0,"8",0,"8",0,"8","","",0,"8",0,"8"
"352190360","P£OCK","2006","04","24","23","9","",0,"8",0,"8","","","",6,"",0,"8",0,"8",7,"",0,"",0,"",0,"",9.8,"",.0,"8","U","",10.3,"",85,"",7.4,"",1007.5,"",1020.8,"",5,-.2,"",.0,"8",0,"8","10","2","5","","0","","","3","","","8","","",0,"8",.0,"8",.0,"8","","8",0,"8","","",.0,"8",.0,"8",.0,"8",.0,"8",.0,"8",.0,"8",.0,"8",.0,"8",.0,"8",0,"8",0,"8",0,"8","","",0,"8",0,"8"
"352190360","P£OCK","2006","04","25","00","9","",0,"8",0,"8","","","",6,"",0,"8",0,"8",7,"",90,"",2,"",0,"",9.5,"",.0,"8","U","",10.6,"",89,"",7.8,"",1007.2,"",1020.5,"",7,-.4,"",.0,"9",0,"9","10","2","7","","0","","","5","","","/","","",1,"",.0,"8",.0,"8","","8",0,"8","","",.0,"8",.0,"8",.0,"8",.0,"8",.0,"8",.0,"8",.0,"8",.0,"8",.0,"8",0,"8",0,"8",0,"8","","",0,"8",0,"8"
"352190360","P£OCK","2006","04","25","01","9","",0,"8",0,"8","","","",6,"",0,"8",0,"8",7,"",80,"",2,"",0,"",9.6,"",.0,"8","U","",10.5,"",88,"",7.7,"",1006.9,"",1020.2,"",8,-.5,"",.0,"8",0,"8","10","2","7","","0","","","3","","","/","","",0,"8",.0,"8",.0,"8","","8",0,"8","","",.0,"8",.0,"8",.0,"8",.0,"8",.0,"8",.0,"8",.0,"8",.0,"8",.0,"8",0,"8",0,"8",0,"8","","",0,"8",0,"8"
"352190360","P£OCK","2006","04","25","02","7","",0,"8",0,"8","","","",6,"",0,"8",0,"8",7,"",300,"",2,"",0,"",10.1,"",.0,"8","U","",10.7,"",87,"",8.0,"",1007.1,"",1020.4,"",5,-.4,"",.0,"8",0,"8","10","2","4","","5","","","3","","","/","","",0,"8",.0,"8",.0,"8","","8",0,"8","","",.0,"8",.0,"8",.0,"8",.0,"8",.0,"8",.0,"8",.0,"8",.0,"8",.0,"8",0,"8",0,"8",0,"8","","",0,"8",0,"8"
"352190360","P£OCK","2006","04","25","03","7","",0,"8",0,"8","","","",6,"",0,"8",0,"8",7,"",360,"",2,"",0,"",9.3,"",.0,"8","U","",10.3,"",88,"",7.4,"",1007.2,"",1020.5,"",5,.0,"",.0,"8",0,"8","10","2","2","","5","","","3","","","/","","",0,"8",.0,"8",.0,"8","","8",0,"8","","",.0,"8",.0,"8",.0,"8",.0,"8",.0,"8",.0,"8",.0,"8",.0,"8",.0,"8",0,"8",0,"8",0,"8","","",0,"8",0,"8"
"352190360","P£OCK","2006","04","25","04","9","",0,"8",0,"8","","","",6,"",0,"8",0,"8",7,"",10,"",2,"",0,"",9.4,"",.0,"8","U","",10.5,"",89,"",7.7,"",1007.2,"",1020.5,"",1,.3,"",.0,"8",0,"8","10","2","7","","0","","","3","","","/","","",0,"8",.0,"8",.0,"8","","8",0,"8","","",.0,"8",.0,"8",.0,"8",.0,"8",.0,"8",.0,"8",.0,"8",.0,"8",.0,"8",0,"8",0,"8",0,"8","","",0,"8",0,"8"
"352190360","P£OCK","2006","04","25","05","9","",0,"8",0,"8","","","",6,"",0,"8",0,"8",3,"",50,"",1,"",0,"",9.8,"",.0,"8","U","",10.8,"",89,"",8.1,"",1007.5,"",1020.8,"",2,.4,"",.0,"8",0,"8","10","1","3","","0","","","3","","","0","","",0,"8",.0,"8",.0,"8","","8",0,"8","","",.0,"8",.0,"8",.0,"8",.0,"8",.0,"8",.0,"8",.0,"8",.0,"8",.0,"8",0,"8",0,"8",0,"8","","",0,"8",0,"8"
"352190360","P£OCK","2006","04","25","06","7","",0,"8",0,"8","","","",6,"",0,"8",0,"8",5,"",70,"",2,"",0,"",11.7,"",.0,"8","U","",11.5,"",84,"",9.1,"",1007.3,"",1020.5,"",0,.1,"",.0,"9",0,"9","10","1","2","","2","","","3","","","1","","",1,"",.0,"8",.0,"8","","8",0,"8","","",.0,"8",.0,"8",.0,"8",.0,"8",.0,"8",.0,"8",.0,"8",.0,"8",.0,"8",0,"8",0,"8",0,"8","","",0,"8",0,"8"
"352190360","P£OCK","2006","04","25","07","7","",0,"8",0,"8","","","",6,"",0,"8",0,"8",4,"",100,"",1,"",0,"",13.1,"",.0,"8","U","",11.6,"",77,"",9.2,"",1007.4,"",1020.6,"",2,.2,"",.0,"8",0,"8","10","0","1","","2","","","3","","","1","","",0,"8",.0,"8",.0,"8","","8",0,"8","","",.0,"8",.0,"8",.0,"8",.0,"8",.0,"8",.0,"8",.0,"8",.0,"8",.0,"8",0,"8",0,"8",0,"8","","",0,"8",0,"8"
"352190360","P£OCK","2006","04","25","08","7","",0,"8",0,"8","","","",6,"",0,"8",0,"8",5,"",80,"",2,"",0,"",14.6,"",.0,"8","U","",12.3,"",74,"",10.0,"",1007.4,"",1020.5,"",6,-.1,"",.0,"8",0,"8","10","1","3","","2","","","3","","","1","","",0,"8",.0,"8",.0,"8","","8",0,"8","","",.0,"8",.0,"8",.0,"8",.0,"8",.0,"8",.0,"8",.0,"8",.0,"8",.0,"8",0,"8",0,"8",0,"8","","",0,"8",0,"8"
"352190360","P£OCK","2006","04","25","09","7","",0,"8",0,"8","","","",7,"",0,"8",0,"8",5,"",60,"",3,"",0,"",16.8,"",.0,"8","U","",11.5,"",60,"",9.0,"",1007.4,"",1020.4,"",1,.1,"",.0,"8",0,"8","02","1","3","","2","","","3","","","1","","",0,"8",.0,"8",.0,"8","","8",0,"8","","",.0,"8",.0,"8",.0,"8",.0,"8",.0,"8",.0,"8",.0,"8",.0,"8",.0,"8",0,"8",0,"8",0,"8","","",0,"8",0,"8"
"352190360","P£OCK","2006","04","25","10","7","",0,"8",0,"8","","","",7,"",0,"8",0,"8",4,"",60,"",3,"",0,"",17.9,"",.0,"8","U","",10.2,"",50,"",7.3,"",1007.1,"",1020.0,"",8,-.3,"",.0,"8",0,"8","01","1","2","","2","","","3","","","1","","",0,"8",.0,"8",.0,"8","","8",0,"8","","",.0,"8",.0,"8",.0,"8",.0,"8",.0,"8",.0,"8",.0,"8",.0,"8",.0,"8",0,"8",0,"8",0,"8","","",0,"8",0,"8"
"352190360","P£OCK","2006","04","25","11","7","",0,"8",0,"8","","","",7,"",0,"8",0,"8",4,"",60,"",3,"",0,"",18.4,"",.0,"8","U","",11.0,"",52,"",8.4,"",1006.7,"",1019.6,"",8,-.7,"",.0,"8",0,"8","01","0","1","","2","","","3","","","1","","",0,"8",.0,"8",.0,"8","","8",0,"8","","",.0,"8",.0,"8",.0,"8",.0,"8",.0,"8",.0,"8",.0,"8",.0,"8",.0,"8",0,"8",0,"8",0,"8","","",0,"8",0,"8"
"352190360","P£OCK","2006","04","25","12","6","",0,"8",0,"8","","","",7,"",0,"8",0,"8",5,"",40,"",3,"",0,"",19.1,"",.0,"8","U","",11.5,"",52,"",9.0,"",1006.4,"",1019.3,"",7,-1.0,"",.0,"9",0,"9","03","1","3","","3","","","3","","","1","","",1,"",.0,"8",.0,"8","","8",0,"8","","",.0,"8",.0,"8",.0,"8",.0,"8",.0,"8",.0,"8",.0,"8",.0,"8",.0,"8",0,"8",0,"8",0,"8","","",0,"8",0,"8"
"352190360","P£OCK","2006","04","25","13","6","",0,"8",0,"8","","","",7,"",0,"8",0,"8",6,"",100,"",2,"",0,"",19.3,"",.0,"8","U","",11.2,"",50,"",8.6,"",1005.8,"",1018.7,"",7,-1.3,"",.0,"8",0,"8","03","2","5","","3","","","3","","","1","","",0,"8",.0,"8",.0,"8","","8",0,"8","","",.0,"8",.0,"8",.0,"8",.0,"8",.0,"8",.0,"8",.0,"8",.0,"8",.0,"8",0,"8",0,"8",0,"8","","",0,"8",0,"8"
"352190360","P£OCK","2006","04","25","14","6","",0,"8",0,"8","","","",7,"",0,"8",0,"8",5,"",360,"",3,"",0,"",19.4,"",.0,"8","U","",11.7,"",52,"",9.3,"",1005.4,"",1018.2,"",7,-1.3,"",.0,"8",0,"8","01","2","3","","3","","","3","","","1","","",0,"8",.0,"8",.0,"8","","8",0,"8","","",.0,"8",.0,"8",.0,"8",.0,"8",.0,"8",.0,"8",.0,"8",.0,"8",.0,"8",0,"8",0,"8",0,"8","","",0,"8",0,"8"
"352190360","P£OCK","2006","04","25","15","7","",0,"8",0,"8","","","",7,"",0,"8",0,"8",6,"",10,"",2,"",0,"",19.5,"",.0,"8","U","",11.1,"",49,"",8.5,"",1005.2,"",1018.0,"",6,-1.2,"",.0,"8",0,"8","01","2","4","","2","","","3","","","1","","",0,"8",.0,"8",.0,"8","","8",0,"8","","",.0,"8",.0,"8",.0,"8",.0,"8",.0,"8",.0,"8",.0,"8",.0,"8",.0,"8",0,"8",0,"8",0,"8","","",0,"8",0,"8"
"352190360","P£OCK","2006","04","25","16","7","",0,"8",0,"8","","","",7,"",0,"8",0,"8",6,"",340,"",3,"",0,"",19.7,"",.0,"8","U","",11.2,"",49,"",8.7,"",1005.2,"",1018.0,"",6,-.6,"",.0,"8",0,"8","01","2","3","","2","","","3","","","6","","",0,"8",.0,"8",.0,"8","","8",0,"8","","",.0,"8",.0,"8",.0,"8",.0,"8",.0,"8",.0,"8",.0,"8",.0,"8",.0,"8",0,"8",0,"8",0,"8","","",0,"8",0,"8"
"352190360","P£OCK","2006","04","25","17","7","",0,"8",0,"8","","","",7,"",0,"8",0,"8",6,"",340,"",5,"",0,"",18.1,"",.0,"8","U","",10.8,"",52,"",8.1,"",1005.3,"",1018.2,"",5,-.1,"",.0,"8",0,"8","01","2","3","","4","","","3","","","8","","",0,"8",.0,"8",.0,"8","","8",0,"8","","",.0,"8",.0,"8",.0,"8",.0,"8",.0,"8",.0,"8",.0,"8",.0,"8",.0,"8",0,"8",0,"8",0,"8","","",0,"8",0,"8"
"352190360","P£OCK","2006","04","25","18","9","",0,"8",0,"8","","","",7,"",0,"8",0,"8",6,"",350,"",3,"",0,"",15.7,"",.0,"8","U","",10.3,"",58,"",7.5,"",1005.7,"",1018.7,"",3,.5,"",.0,"9",0,"9","01","2","0","","0","","","0","","","8","","",1,"",.0,"8",.0,"8","","8",0,"8","","",.0,"8",.0,"8",.0,"8",.0,"8",.0,"8",.0,"8",.0,"8",.0,"8",.0,"8",0,"8",0,"8",0,"8","","",0,"8",0,"8"
"352190360","P£OCK","2006","04","25","19","9","",0,"8",0,"8","","","",7,"",0,"8",0,"8",5,"",360,"",2,"",0,"",14.0,"",.0,"8","U","",10.4,"",65,"",7.5,"",1006.1,"",1019.2,"",3,.9,"",.0,"8",0,"8","01","2","0","","0","","","0","","","8","","",0,"8",.0,"8",.0,"8","","8",0,"8","","",.0,"8",.0,"8",.0,"8",.0,"8",.0,"8",.0,"8",.0,"8",.0,"8",.0,"8",0,"8",0,"8",0,"8","","",0,"8",0,"8"
"352190360","P£OCK","2006","04","25","20","7","",0,"8",0,"8","","","",7,"",0,"8",0,"8",6,"",360,"",3,"",0,"",13.2,"",.0,"8","U","",10.4,"",69,"",7.6,"",1006.1,"",1019.2,"",1,.8,"",.0,"8",0,"8","03","2","3","","5","","","0","","","8","","",0,"8",.0,"8",.0,"8","","8",0,"8","","",.0,"8",.0,"8",.0,"8",.0,"8",.0,"8",.0,"8",.0,"8",.0,"8",.0,"8",0,"8",0,"8",0,"8","","",0,"8",0,"8"
"352190360","P£OCK","2006","04","25","21","7","",0,"8",0,"8","","","",7,"",0,"8",0,"8",6,"",20,"",4,"",0,"",12.8,"",.0,"8","U","",11.1,"",75,"",8.5,"",1006.3,"",1019.5,"",2,.6,"",.0,"8",0,"8","03","2","4","","5","","","0","","","8","","",0,"8",.0,"8",.0,"8","","8",0,"8","","",.0,"8",.0,"8",.0,"8",.0,"8",.0,"8",.0,"8",.0,"8",.0,"8",.0,"8",0,"8",0,"8",0,"8","","",0,"8",0,"8"
"352190360","P£OCK","2006","04","25","22","7","",0,"8",0,"8","","","",7,"",0,"8",0,"8",4,"",10,"",3,"",0,"",12.0,"",.0,"8","U","",11.3,"",81,"",8.8,"",1006.4,"",1019.6,"",3,.3,"",.0,"8",0,"8","01","1","2","","5","","","0","","","8","","",0,"8",.0,"8",.0,"8","","8",0,"8","","",.0,"8",.0,"8",.0,"8",.0,"8",.0,"8",.0,"8",.0,"8",.0,"8",.0,"8",0,"8",0,"8",0,"8","","",0,"8",0,"8"
"352190360","P£OCK","2006","04","25","23","6","",0,"8",0,"8","","","",7,"",0,"8",0,"8",5,"",30,"",3,"",0,"",11.4,"",.0,"8","U","",10.9,"",81,"",8.3,"",1006.2,"",1019.4,"",0,.1,"",.0,"8",0,"8","03","1","3","","5","","","0","","","8","","",0,"8",.0,"8",.0,"8","","8",0,"8","","",.0,"8",.0,"8",.0,"8",.0,"8",.0,"8",.0,"8",.0,"8",.0,"8",.0,"8",0,"8",0,"8",0,"8","","",0,"8",0,"8"
"352190360","P£OCK","2006","04","26","00","7","",0,"8",0,"8","","","",7,"",0,"8",0,"8",6,"",20,"",3,"",0,"",10.7,"",.0,"8","U","",10.3,"",80,"",7.4,"",1006.0,"",1019.3,"",8,-.3,"",.0,"9",0,"9","03","1","5","","5","","","0","","","1","","",1,"",.0,"8",.0,"8","","8",0,"8","","",.0,"8",.0,"8",.0,"8",.0,"8",.0,"8",.0,"8",.0,"8",.0,"8",.0,"8",0,"8",0,"8",0,"8","","",0,"8",0,"8"
"352190360","P£OCK","2006","04","26","01","6","",0,"8",0,"8","","","",6,"",0,"8",0,"8",6,"",360,"",3,"",0,"",9.2,"",.0,"8","U","",9.8,"",84,"",6.6,"",1006.0,"",1019.3,"",6,-.4,"",.0,"8",0,"8","10","2","3","","5","","","0","","","6","","",0,"8",.0,"8",.0,"8","","8",0,"8","","",.0,"8",.0,"8",.0,"8",.0,"8",.0,"8",.0,"8",.0,"8",.0,"8",.0,"8",0,"8",0,"8",0,"8","","",0,"8",0,"8"
"352190360","P£OCK","2006","04","26","02","6","",0,"8",0,"8","","","",6,"",0,"8",0,"8",5,"",10,"",3,"",0,"",8.3,"",.0,"8","U","",9.5,"",87,"",6.3,"",1005.8,"",1019.2,"",7,-.4,"",.0,"8",0,"8","10","2","1","","5","","","0","","","8","","",0,"8",.0,"8",.0,"8","","8",0,"8","","",.0,"8",.0,"8",.0,"8",.0,"8",.0,"8",.0,"8",.0,"8",.0,"8",.0,"8",0,"8",0,"8",0,"8","","",0,"8",0,"8"
"352190360","P£OCK","2006","04","26","03","9","",0,"8",0,"8","","","",5,"",0,"8",0,"8",5,"",360,"",3,"",0,"",7.2,"",.0,"8","U","",9.1,"",90,"",5.7,"",1005.9,"",1019.3,"",5,-.1,"",.0,"8",0,"8","10","2","0","","0","","","0","","","6","","",0,"8",.0,"8",.0,"8","","8",0,"8","","",.0,"8",.0,"8",.0,"8",.0,"8",.0,"8",.0,"8",.0,"8",.0,"8",.0,"8",0,"8",0,"8",0,"8","","",0,"8",0,"8"
"352190360","P£OCK","2006","04","26","04","1","",0,"8",0,"8","","","",2,"",0,"8",0,"8",8,"",10,"",4,"",0,"",6.8,"",.0,"8","U","",9.4,"",95,"",6.1,"",1006.1,"",1019.5,"",3,.1,"",.0,"8",0,"8","46","4","8","","6","","","/","","","/","","",0,"8",.0,"8",.0,"8","","8",0,"8","","",.0,"8",.0,"8",.0,"8",.0,"8",.0,"8",.0,"8",.0,"8",.0,"8",.0,"8",0,"8",0,"8",0,"8","","",0,"8",0,"8"
"352190360","P£OCK","2006","04","26","05","1","",0,"8",0,"8","","","",3,"",0,"8",0,"8",8,"",350,"",3,"",0,"",6.8,"",.0,"8","U","",9.4,"",95,"",6.1,"",1006.5,"",1019.9,"",3,.7,"",.0,"8",0,"8","42","4","8","","6","","","/","","","/","","",0,"8",.0,"8",.0,"8","","8",0,"8","","",.0,"8",.0,"8",.0,"8",.0,"8",.0,"8",.0,"8",.0,"8",.0,"8",.0,"8",0,"8",0,"8",0,"8","","",0,"8",0,"8"
"352190360","P£OCK","2006","04","26","06","2","",0,"8",0,"8","","","",5,"",0,"8",0,"8",7,"",20,"",3,"",0,"",7.2,"",.0,"8","U","",9.6,"",95,"",6.5,"",1006.7,"",1020.1,"",2,.8,"",.0,"9",0,"9","28","2","7","","6","","","/","","","/","","",1,"",.0,"8",.0,"8","","8",0,"8","","",.0,"8",.0,"8",.0,"8",.0,"8",.0,"8",.0,"8",.0,"8",.0,"8",.0,"8",0,"8",0,"8",0,"8","","",0,"8",0,"8"
"352190360","P£OCK","2006","04","26","07","9","",0,"8",0,"8","","","",6,"",0,"8",0,"8",7,"",60,"",2,"",0,"",10.0,"",.0,"8","U","",9.8,"",80,"",6.7,"",1006.5,"",1019.8,"",0,.4,"",.0,"8",0,"8","10","2","0","","0","","","0","","","8","","",0,"8",.0,"8",.0,"8","","8",0,"8","","",.0,"8",.0,"8",.0,"8",.0,"8",.0,"8",.0,"8",.0,"8",.0,"8",.0,"8",0,"8",0,"8",0,"8","","",0,"8",0,"8"
"352190360","P£OCK","2006","04","26","08","9","",0,"8",0,"8","","","",7,"",0,"8",0,"8",7,"",340,"",3,"",0,"",12.2,"",.0,"8","U","",9.5,"",67,"",6.2,"",1006.5,"",1019.7,"",4,.0,"",.0,"8",0,"8","02","2","0","","0","","","0","","","8","","",0,"8",.0,"8",.0,"8","","8",0,"8","","",.0,"8",.0,"8",.0,"8",.0,"8",.0,"8",.0,"8",.0,"8",.0,"8",.0,"8",0,"8",0,"8",0,"8","","",0,"8",0,"8"
"352190360","P£OCK","2006","04","26","09","9","",0,"8",0,"8","","","",7,"",0,"8",0,"8",7,"",340,"",3,"",0,"",14.0,"",.0,"8","U","",8.6,"",54,"",4.8,"",1006.2,"",1019.3,"",7,-.5,"",.0,"8",0,"8","02","2","0","","0","","","0","","","8","","",0,"8",.0,"8",.0,"8","","8",0,"8","","",.0,"8",.0,"8",.0,"8",.0,"8",.0,"8",.0,"8",.0,"8",.0,"8",.0,"8",0,"8",0,"8",0,"8","","",0,"8",0,"8"
"352190360","P£OCK","2006","04","26","10","9","",0,"8",0,"8","","","",8,"",0,"8",0,"8",7,"",330,"",3,"",0,"",15.4,"",.0,"8","U","",8.2,"",47,"",4.1,"",1005.9,"",1018.9,"",8,-.6,"",.0,"8",0,"8","02","2","0","","0","","","0","","","8","","",0,"8",.0,"8",.0,"8","","8",0,"8","","",.0,"8",.0,"8",.0,"8",.0,"8",.0,"8",.0,"8",.0,"8",.0,"8",.0,"8",0,"8",0,"8",0,"8","","",0,"8",0,"8"
"352190360","P£OCK","2006","04","26","11","9","",0,"8",0,"8","","","",8,"",0,"8",0,"8",6,"",360,"",3,"",0,"",16.3,"",.0,"8","U","",7.2,"",39,"",2.3,"",1005.5,"",1018.5,"",7,-1.0,"",.0,"8",0,"8","01","2","0","","0","","","0","","","8","","",0,"8",.0,"8",.0,"8","","8",0,"8","","",.0,"8",.0,"8",.0,"8",.0,"8",.0,"8",.0,"8",.0,"8",.0,"8",.0,"8",0,"8",0,"8",0,"8","","",0,"8",0,"8"
"352190360","P£OCK","2006","04","26","12","9","",0,"8",0,"8","","","",8,"",0,"8",0,"8",6,"",340,"",4,"",0,"",16.6,"",.0,"8","U","",6.2,"",33,"",.2,"",1005.3,"",1018.3,"",7,-.9,"",.0,"9",0,"9","03","2","1","","0","","","3","","","8","","",1,"",.0,"8",.0,"8","","8",0,"8","","",.0,"8",.0,"8",.0,"8",.0,"8",.0,"8",.0,"8",.0,"8",.0,"8",.0,"8",0,"8",0,"8",0,"8","","",0,"8",0,"8"
"352190360","P£OCK","2006","04","26","13","9","",0,"8",0,"8","","","",8,"",0,"8",0,"8",5,"",340,"",4,"",9,"",17.5,"",.0,"8","U","",5.4,"",27,"",-1.7,"",1004.8,"",1017.7,"",7,-1.1,"",.0,"8",0,"8","01","2","0","","0","","","0","","","8","","",0,"8",.0,"8",.0,"8","","8",0,"8","","",.0,"8",.0,"8",.0,"8",.0,"8",.0,"8",.0,"8",.0,"8",.0,"8",.0,"8",0,"8",0,"8",0,"8","","",0,"8",0,"8"
"352190360","P£OCK","2006","04","26","14","9","",0,"8",0,"8","","","",8,"",0,"8",0,"8",5,"",320,"",4,"",0,"",17.5,"",.0,"8","U","",5.8,"",29,"",-.8,"",1004.4,"",1017.3,"",7,-1.1,"",.0,"8",0,"8","02","2","0","","0","","","0","","","8","","",0,"8",.0,"8",.0,"8","","8",0,"8","","",.0,"8",.0,"8",.0,"8",.0,"8",.0,"8",.0,"8",.0,"8",.0,"8",.0,"8",0,"8",0,"8",0,"8","","",0,"8",0,"8"
"352190360","P£OCK","2006","04","26","15","9","",0,"8",0,"8","","","",8,"",0,"8",0,"8",5,"",350,"",3,"",0,"",17.6,"",.0,"8","U","",5.6,"",28,"",-1.1,"",1004.0,"",1016.9,"",7,-1.3,"",.0,"8",0,"8","02","2","0","","0","","","0","","","8","","",0,"8",.0,"8",.0,"8","","8",0,"8","","",.0,"8",.0,"8",.0,"8",.0,"8",.0,"8",.0,"8",.0,"8",.0,"8",.0,"8",0,"8",0,"8",0,"8","","",0,"8",0,"8"
"352190360","P£OCK","2006","04","26","16","9","",0,"8",0,"8","","","",8,"",0,"8",0,"8",5,"",10,"",4,"",0,"",17.2,"",.0,"8","U","",5.7,"",29,"",-1.0,"",1003.8,"",1016.7,"",6,-1.0,"",.0,"8",0,"8","02","2","0","","0","","","0","","","8","","",0,"8",.0,"8",.0,"8","","8",0,"8","","",.0,"8",.0,"8",.0,"8",.0,"8",.0,"8",.0,"8",.0,"8",.0,"8",.0,"8",0,"8",0,"8",0,"8","","",0,"8",0,"8"
"352190360","P£OCK","2006","04","26","17","9","",0,"8",0,"8","","","",8,"",0,"8",0,"8",6,"",20,"",4,"",0,"",16.3,"",.0,"8","U","",6.3,"",34,"",.4,"",1003.7,"",1016.7,"",6,-.7,"",.0,"8",0,"8","03","2","0","","0","","","0","","","6","","",0,"8",.0,"8",.0,"8","","8",0,"8","","",.0,"8",.0,"8",.0,"8",.0,"8",.0,"8",.0,"8",.0,"8",.0,"8",.0,"8",0,"8",0,"8",0,"8","","",0,"8",0,"8"
"352190360","P£OCK","2006","04","26","18","9","",0,"8",0,"8","","","",7,"",0,"8",0,"8",4,"",20,"",2,"",0,"",13.9,"",.0,"8","U","",6.7,"",42,"",1.2,"",1004.2,"",1017.3,"",3,.2,"",.0,"9",0,"9","01","1","0","","0","","","0","","","8","","",1,"",.0,"8",.0,"8","","8",0,"8","","",.0,"8",.0,"8",.0,"8",.0,"8",.0,"8",.0,"8",.0,"8",.0,"8",.0,"8",0,"8",0,"8",0,"8","","",0,"8",0,"8"
"352190360","P£OCK","2006","04","26","19","9","",0,"8",0,"8","","","",7,"",0,"8",0,"8",2,"",360,"",2,"",0,"",11.6,"",.0,"8","U","",7.0,"",51,"",1.8,"",1004.5,"",1017.7,"",3,.7,"",.0,"8",0,"8","01","0","0","","0","","","0","","","1","","",0,"8",.0,"8",.0,"8","","8",0,"8","","",.0,"8",.0,"8",.0,"8",.0,"8",.0,"8",.0,"8",.0,"8",.0,"8",.0,"8",0,"8",0,"8",0,"8","","",0,"8",0,"8"
"352190360","P£OCK","2006","04","26","20","9","",0,"8",0,"8","","","",7,"",0,"8",0,"8",1,"",360,"",2,"",0,"",10.8,"",.0,"8","U","",7.0,"",54,"",1.9,"",1004.7,"",1017.9,"",1,1.0,"",.0,"8",0,"8","01","0","0","","0","","","0","","","1","","",0,"8",.0,"8",.0,"8","","8",0,"8","","",.0,"8",.0,"8",.0,"8",.0,"8",.0,"8",.0,"8",.0,"8",.0,"8",.0,"8",0,"8",0,"8",0,"8","","",0,"8",0,"8"
"352190360","P£OCK","2006","04","26","21","9","",0,"8",0,"8","","","",8,"",0,"8",0,"8",0,"",20,"",2,"",0,"",9.3,"",.0,"8","U","",7.3,"",62,"",2.4,"",1004.7,"",1018.0,"",1,.5,"",.0,"8",0,"8","01","0","0","","0","","","0","","","0","","",0,"8",.0,"8",.0,"8","","8",0,"8","","",.0,"8",.0,"8",.0,"8",.0,"8",.0,"8",.0,"8",.0,"8",.0,"8",.0,"8",0,"8",0,"8",0,"8","","",0,"8",0,"8"
"352190360","P£OCK","2006","04","26","22","9","",0,"8",0,"8","","","",7,"",0,"8",0,"8",0,"",30,"",3,"",0,"",7.9,"",.0,"8","U","",7.3,"",69,"",2.6,"",1004.8,"",1018.2,"",2,.3,"",.0,"8",0,"8","02","0","0","","0","","","0","","","0","","",0,"8",.0,"8",.0,"8","","8",0,"8","","",.0,"8",.0,"8",.0,"8",.0,"8",.0,"8",.0,"8",.0,"8",.0,"8",.0,"8",0,"8",0,"8",0,"8","","",0,"8",0,"8"
"352190360","P£OCK","2006","04","26","23","9","",0,"8",0,"8","","","",7,"",0,"8",0,"8",0,"",40,"",3,"",0,"",7.0,"",.0,"8","U","",7.5,"",75,"",2.9,"",1004.6,"",1018.0,"",8,-.1,"",.0,"8",0,"8","02","0","0","","0","","","0","","","0","","",0,"8",.0,"8",.0,"8","","8",0,"8","","",.0,"8",.0,"8",.0,"8",.0,"8",.0,"8",.0,"8",.0,"8",.0,"8",.0,"8",0,"8",0,"8",0,"8","","",0,"8",0,"8"
"352190360","P£OCK","2006","04","27","00","9","",0,"8",0,"8","","","",7,"",0,"8",0,"8",1,"",40,"",2,"",0,"",6.5,"",.0,"8","U","",7.6,"",79,"",3.1,"",1004.4,"",1017.8,"",8,-.3,"",.0,"9",0,"9","03","0","0","","0","","","0","","","1","","",1,"",.0,"8",.0,"8","","8",0,"8","","",.0,"8",.0,"8",.0,"8",.0,"8",.0,"8",.0,"8",.0,"8",.0,"8",.0,"8",0,"8",0,"8",0,"8","","",0,"8",0,"8"
"352190360","P£OCK","2006","04","27","01","9","",0,"8",0,"8","","","",7,"",0,"8",0,"8",1,"",10,"",3,"",0,"",5.4,"",.0,"8","U","",7.6,"",85,"",3.1,"",1004.3,"",1017.8,"",7,-.5,"",.0,"8",0,"8","02","0","0","","0","","","0","","","1","","",0,"8",.0,"8",.0,"8","","8",0,"8","","",.0,"8",.0,"8",.0,"8",.0,"8",.0,"8",.0,"8",.0,"8",.0,"8",.0,"8",0,"8",0,"8",0,"8","","",0,"8",0,"8"
"352190360","P£OCK","2006","04","27","02","9","",0,"8",0,"8","","","",6,"",0,"8",0,"8",1,"",360,"",2,"",0,"",4.6,"",.0,"8","U","",7.5,"",88,"",2.8,"",1004.3,"",1017.8,"",6,-.3,"",.0,"8",0,"8","10","0","0","","0","","","0","","","1","","",0,"8",.0,"8",.0,"8","","8",0,"8","","",.0,"8",.0,"8",.0,"8",.0,"8",.0,"8",.0,"8",.0,"8",.0,"8",.0,"8",0,"8",0,"8",0,"8","","",0,"8",0,"8"
"352190360","P£OCK","2006","04","27","03","9","",0,"8",0,"8","","","",6,"",0,"8",0,"8",2,"",10,"",2,"",0,"",3.8,"",.0,"8","U","",7.2,"",90,"",2.3,"",1004.2,"",1017.8,"",7,-.2,"",.0,"8",0,"8","10","0","1","","0","","","3","","","1","","",0,"8",.0,"8",.0,"8","","8",0,"8","","",.0,"8",.0,"8",.0,"8",.0,"8",.0,"8",.0,"8",.0,"8",.0,"8",.0,"8",0,"8",0,"8",0,"8","","",0,"8",0,"8"
"352190360","P£OCK","2006","04","27","04","9","",0,"8",0,"8","","","",5,"",0,"8",0,"8",2,"",340,"",2,"",0,"",3.7,"",.0,"8","U","",7.3,"",92,"",2.5,"",1004.3,"",1017.9,"",5,.0,"",.0,"8",0,"8","10","0","1","","0","","","3","","","1","","",0,"8",.0,"8",.0,"8","","8",0,"8","","",.0,"8",.0,"8",.0,"8",.0,"8",.0,"8",.0,"8",.0,"8",.0,"8",.0,"8",0,"8",0,"8",0,"8","","",0,"8",0,"8"
"352190360","P£OCK","2006","04","27","05","9","",0,"8",0,"8","","","",6,"",0,"8",0,"8",2,"",360,"",2,"",0,"",5.3,"",.0,"8","U","",8.1,"",91,"",3.9,"",1004.4,"",1017.9,"",3,.1,"",.0,"8",0,"8","10","0","1","","0","","","3","","","1","","",0,"8",.0,"8",.0,"8","","8",0,"8","","",.0,"8",.0,"8",.0,"8",.0,"8",.0,"8",.0,"8",.0,"8",.0,"8",.0,"8",0,"8",0,"8",0,"8","","",0,"8",0,"8"
"352190360","P£OCK","2006","04","27","06","9","",0,"8",0,"8","","","",6,"",0,"8",0,"8",2,"",360,"",2,"",0,"",7.6,"",.0,"8","U","",9.0,"",86,"",5.4,"",1004.5,"",1017.9,"",2,.3,"",.0,"9",0,"9","10","0","0","","0","","","0","","","1","","",1,"",.0,"8",.0,"8","","8",0,"8","","",.0,"8",.0,"8",.0,"8",.0,"8",.0,"8",.0,"8",.0,"8",.0,"8",.0,"8",0,"8",0,"8",0,"8","","",0,"8",0,"8"
"352190360","P£OCK","2006","04","27","07","9","",0,"8",0,"8","","","",6,"",0,"8",0,"8",2,"",360,"",2,"",0,"",9.5,"",.0,"8","U","",9.4,"",79,"",6.0,"",1004.3,"",1017.6,"",0,.0,"",.0,"8",0,"8","10","0","0","","0","","","0","","","1","","",0,"8",.0,"8",.0,"8","","8",0,"8","","",.0,"8",.0,"8",.0,"8",.0,"8",.0,"8",.0,"8",.0,"8",.0,"8",.0,"8",0,"8",0,"8",0,"8","","",0,"8",0,"8"
"352190360","P£OCK","2006","04","27","08","5","",0,"8",0,"8","","","",6,"",0,"8",0,"8",4,"",330,"",3,"",0,"",10.9,"",.0,"8","U","",9.2,"",71,"",5.8,"",1004.2,"",1017.4,"",8,-.2,"",.0,"8",0,"8","10","0","2","","2","","","0","","","1","","",0,"8",.0,"8",.0,"8","","8",0,"8","","",.0,"8",.0,"8",.0,"8",.0,"8",.0,"8",.0,"8",.0,"8",.0,"8",.0,"8",0,"8",0,"8",0,"8","","",0,"8",0,"8"
"352190360","P£OCK","2006","04","27","09","5","",0,"8",0,"8","","","",7,"",0,"8",0,"8",3,"",360,"",3,"",0,"",12.1,"",.0,"8","U","",8.9,"",63,"",5.3,"",1004.3,"",1017.5,"",5,-.2,"",.0,"8",0,"8","01","0","1","","2","","","0","","","1","","",0,"8",.0,"8",.0,"8","","8",0,"8","","",.0,"8",.0,"8",.0,"8",.0,"8",.0,"8",.0,"8",.0,"8",.0,"8",.0,"8",0,"8",0,"8",0,"8","","",0,"8",0,"8"
"352190360","P£OCK","2006","04","27","10","9","",0,"8",0,"8","","","",7,"",0,"8",0,"8",1,"",350,"",3,"",0,"",13.1,"",.0,"8","U","",8.3,"",55,"",4.3,"",1004.1,"",1017.2,"",7,-.2,"",.0,"8",0,"8","01","0","0","","0","","","0","","","1","","",0,"8",.0,"8",.0,"8","","8",0,"8","","",.0,"8",.0,"8",.0,"8",.0,"8",.0,"8",.0,"8",.0,"8",.0,"8",.0,"8",0,"8",0,"8",0,"8","","",0,"8",0,"8"
"352190360","P£OCK","2006","04","27","11","9","",0,"8",0,"8","","","",7,"",0,"8",0,"8",1,"",330,"",3,"",0,"",14.5,"",.0,"8","U","",9.1,"",55,"",5.6,"",1003.9,"",1017.0,"",8,-.3,"",.0,"8",0,"8","02","0","0","","0","","","0","","","1","","",0,"8",.0,"8",.0,"8","","8",0,"8","","",.0,"8",.0,"8",.0,"8",.0,"8",.0,"8",.0,"8",.0,"8",.0,"8",.0,"8",0,"8",0,"8",0,"8","","",0,"8",0,"8"
"352190360","P£OCK","2006","04","27","12","9","",0,"8",0,"8","","","",7,"",0,"8",0,"8",1,"",10,"",3,"",0,"",15.3,"",.0,"8","U","",8.2,"",47,"",4.0,"",1003.8,"",1016.8,"",7,-.5,"",.0,"9",0,"9","02","0","0","","0","","","0","","","1","","",1,"",.0,"8",.0,"8","","8",0,"8","","",.0,"8",.0,"8",.0,"8",.0,"8",.0,"8",.0,"8",.0,"8",.0,"8",.0,"8",0,"8",0,"8",0,"8","","",0,"8",0,"8"
"352190360","P£OCK","2006","04","27","13","9","",0,"8",0,"8","","","",7,"",0,"8",0,"8",1,"",30,"",3,"",0,"",16.1,"",.0,"8","U","",8.0,"",44,"",3.8,"",1003.2,"",1016.2,"",7,-.9,"",.0,"8",0,"8","02","0","0","","0","","","0","","","1","","",0,"8",.0,"8",.0,"8","","8",0,"8","","",.0,"8",.0,"8",.0,"8",.0,"8",.0,"8",.0,"8",.0,"8",.0,"8",.0,"8",0,"8",0,"8",0,"8","","",0,"8",0,"8"
"352190360","P£OCK","2006","04","27","14","7","",0,"8",0,"8","","","",7,"",0,"8",0,"8",2,"",30,"",4,"",0,"",16.4,"",.0,"8","U","",7.8,"",42,"",3.4,"",1002.9,"",1015.9,"",7,-1.0,"",.0,"8",0,"8","03","0","1","","1","","","0","","","1","","",0,"8",.0,"8",.0,"8","","8",0,"8","","",.0,"8",.0,"8",.0,"8",.0,"8",.0,"8",.0,"8",.0,"8",.0,"8",.0,"8",0,"8",0,"8",0,"8","","",0,"8",0,"8"
"352190360","P£OCK","2006","04","27","15","7","",0,"8",0,"8","","","",7,"",0,"8",0,"8",1,"",40,"",4,"",0,"",16.4,"",.0,"8","U","",8.6,"",46,"",4.7,"",1002.6,"",1015.5,"",6,-1.2,"",.0,"8",0,"8","01","0","1","","1","","","0","","","1","","",0,"8",.0,"8",.0,"8","","8",0,"8","","",.0,"8",.0,"8",.0,"8",.0,"8",.0,"8",.0,"8",.0,"8",.0,"8",.0,"8",0,"8",0,"8",0,"8","","",0,"8",0,"8"
"352190360","P£OCK","2006","04","27","16","9","",0,"8",0,"8","","","",7,"",0,"8",0,"8",1,"",30,"",3,"",0,"",16.1,"",.0,"8","U","",7.9,"",43,"",3.5,"",1002.6,"",1015.6,"",6,-.6,"",.0,"8",0,"8","01","0","0","","0","","","0","","","1","","",0,"8",.0,"8",.0,"8","","8",0,"8","","",.0,"8",.0,"8",.0,"8",.0,"8",.0,"8",.0,"8",.0,"8",.0,"8",.0,"8",0,"8",0,"8",0,"8","","",0,"8",0,"8"
"352190360","P£OCK","2006","04","27","17","9","",0,"8",0,"8","","","",7,"",0,"8",0,"8",2,"",40,"",3,"",0,"",15.3,"",.0,"8","U","",7.8,"",45,"",3.4,"",1002.6,"",1015.6,"",6,-.3,"",.0,"8",0,"8","03","0","0","","0","","","0","","","1","","",0,"8",.0,"8",.0,"8","","8",0,"8","","",.0,"8",.0,"8",.0,"8",.0,"8",.0,"8",.0,"8",.0,"8",.0,"8",.0,"8",0,"8",0,"8",0,"8","","",0,"8",0,"8"
"352190360","P£OCK","2006","04","27","18","9","",0,"8",0,"8","","","",7,"",0,"8",0,"8",4,"",30,"",2,"",0,"",13.2,"",.0,"8","U","",7.7,"",51,"",3.3,"",1002.9,"",1016.0,"",3,.3,"",.0,"9",0,"9","03","0","0","","0","","","0","","","6","","",1,"",.0,"8",.0,"8","","8",0,"8","","",.0,"8",.0,"8",.0,"8",.0,"8",.0,"8",.0,"8",.0,"8",.0,"8",.0,"8",0,"8",0,"8",0,"8","","",0,"8",0,"8"
"352190360","P£OCK","2006","04","27","19","9","",0,"8",0,"8","","","",7,"",0,"8",0,"8",3,"",350,"",2,"",0,"",10.6,"",.0,"8","U","",7.5,"",59,"",2.9,"",1003.2,"",1016.4,"",3,.6,"",.0,"8",0,"8","01","0","0","","0","","","0","","","1","","",0,"8",.0,"8",.0,"8","","8",0,"8","","",.0,"8",.0,"8",.0,"8",.0,"8",.0,"8",.0,"8",.0,"8",.0,"8",.0,"8",0,"8",0,"8",0,"8","","",0,"8",0,"8"
"352190360","P£OCK","2006","04","27","20","6","",0,"8",0,"8","","","",7,"",0,"8",0,"8",4,"",360,"",2,"",0,"",9.4,"",.0,"8","U","",7.9,"",67,"",3.6,"",1003.2,"",1016.5,"",1,.6,"",.0,"8",0,"8","03","0","1","","5","","","0","","","1","","",0,"8",.0,"8",.0,"8","","8",0,"8","","",.0,"8",.0,"8",.0,"8",.0,"8",.0,"8",.0,"8",.0,"8",.0,"8",.0,"8",0,"8",0,"8",0,"8","","",0,"8",0,"8"
"352190360","P£OCK","2006","04","27","21","9","",0,"8",0,"8","","","",7,"",0,"8",0,"8",2,"",40,"",2,"",0,"",8.3,"",.0,"8","U","",7.9,"",72,"",3.5,"",1003.1,"",1016.4,"",0,.2,"",.0,"8",0,"8","01","0","0","","0","","","0","","","1","","",0,"8",.0,"8",.0,"8","","8",0,"8","","",.0,"8",.0,"8",.0,"8",.0,"8",.0,"8",.0,"8",.0,"8",.0,"8",.0,"8",0,"8",0,"8",0,"8","","",0,"8",0,"8"
"352190360","P£OCK","2006","04","27","22","9","",0,"8",0,"8","","","",7,"",0,"8",0,"8",2,"",90,"",2,"",0,"",8.5,"",.0,"8","U","",7.5,"",68,"",2.9,"",1003.1,"",1016.4,"",6,-.1,"",.0,"8",0,"8","02","0","0","","0","","","0","","","1","","",0,"8",.0,"8",.0,"8","","8",0,"8","","",.0,"8",.0,"8",.0,"8",.0,"8",.0,"8",.0,"8",.0,"8",.0,"8",.0,"8",0,"8",0,"8",0,"8","","",0,"8",0,"8"
"352190360","P£OCK","2006","04","27","23","9","",0,"8",0,"8","","","",7,"",0,"8",0,"8",2,"",50,"",1,"",0,"",6.9,"",.0,"8","U","",7.5,"",75,"",2.8,"",1002.8,"",1016.2,"",7,-.4,"",.0,"8",0,"8","02","0","0","","0","","","0","","","1","","",0,"8",.0,"8",.0,"8","","8",0,"8","","",.0,"8",.0,"8",.0,"8",.0,"8",.0,"8",.0,"8",.0,"8",.0,"8",.0,"8",0,"8",0,"8",0,"8","","",0,"8",0,"8"
"352190360","P£OCK","2006","04","28","00","9","",0,"8",0,"8","","","",7,"",0,"8",0,"8",1,"",80,"",2,"",0,"",6.7,"",.0,"8","U","",7.3,"",74,"",2.4,"",1002.4,"",1015.8,"",8,-.7,"",.0,"9",0,"9","01","0","0","","0","","","0","","","1","","",1,"",.0,"8",.0,"8","","8",0,"8","","",.0,"8",.0,"8",.0,"8",.0,"8",.0,"8",.0,"8",.0,"8",.0,"8",.0,"8",0,"8",0,"8",0,"8","","",0,"8",0,"8"
"352190360","P£OCK","2006","04","28","01","9","",0,"8",0,"8","","","",7,"",0,"8",0,"8",1,"",80,"",3,"",0,"",7.9,"",.0,"8","U","",7.1,"",67,"",2.1,"",1001.9,"",1015.2,"",8,-1.2,"",.0,"8",0,"8","02","0","0","","0","","","0","","","1","","",0,"8",.0,"8",.0,"8","","8",0,"8","","",.0,"8",.0,"8",.0,"8",.0,"8",.0,"8",.0,"8",.0,"8",.0,"8",.0,"8",0,"8",0,"8",0,"8","","",0,"8",0,"8"
"352190360","P£OCK","2006","04","28","02","9","",0,"8",0,"8","","","",7,"",0,"8",0,"8",1,"",80,"",2,"",0,"",6.7,"",.0,"8","U","",7.1,"",72,"",2.0,"",1001.9,"",1015.3,"",6,-.9,"",.0,"8",0,"8","02","0","0","","0","","","0","","","1","","",0,"8",.0,"8",.0,"8","","8",0,"8","","",.0,"8",.0,"8",.0,"8",.0,"8",.0,"8",.0,"8",.0,"8",.0,"8",.0,"8",0,"8",0,"8",0,"8","","",0,"8",0,"8"
"352190360","P£OCK","2006","04","28","03","9","",0,"8",0,"8","","","",7,"",0,"8",0,"8",2,"",70,"",2,"",0,"",5.5,"",.0,"8","U","",6.9,"",77,"",1.8,"",1001.6,"",1015.0,"",7,-.8,"",.0,"8",0,"8","03","0","0","","0","","","0","","","1","","",0,"8",.0,"8",.0,"8","","8",0,"8","","",.0,"8",.0,"8",.0,"8",.0,"8",.0,"8",.0,"8",.0,"8",.0,"8",.0,"8",0,"8",0,"8",0,"8","","",0,"8",0,"8"
"352190360","P£OCK","2006","04","28","04","9","",0,"8",0,"8","","","",7,"",0,"8",0,"8",5,"",80,"",2,"",0,"",5.3,"",.0,"8","U","",7.1,"",80,"",2.1,"",1001.4,"",1014.9,"",8,-.5,"",.0,"8",0,"8","03","1","1","","0","","","3","","","6","","",0,"8",.0,"8",.0,"8","","8",0,"8","","",.0,"8",.0,"8",.0,"8",.0,"8",.0,"8",.0,"8",.0,"8",.0,"8",.0,"8",0,"8",0,"8",0,"8","","",0,"8",0,"8"
"352190360","P£OCK","2006","04","28","05","9","",0,"8",0,"8","","","",7,"",0,"8",0,"8",6,"",90,"",2,"",0,"",8.2,"",.0,"8","U","",7.8,"",72,"",3.4,"",1001.2,"",1014.5,"",7,-.7,"",.0,"8",0,"8","03","2","1","","0","","","3","","","6","","",0,"8",.0,"8",.0,"8","","8",0,"8","","",.0,"8",.0,"8",.0,"8",.0,"8",.0,"8",.0,"8",.0,"8",.0,"8",.0,"8",0,"8",0,"8",0,"8","","",0,"8",0,"8"
"352190360","P£OCK","2006","04","28","06","9","",0,"8",0,"8","","","",7,"",0,"8",0,"8",6,"",110,"",2,"",0,"",10.7,"",.0,"8","U","",7.8,"",61,"",3.5,"",1001.0,"",1014.2,"",7,-.6,"",.0,"9",0,"9","03","1","2","","0","","","3","","","8","","",1,"",.0,"8",.0,"8","","8",0,"8","","",.0,"8",.0,"8",.0,"8",.0,"8",.0,"8",.0,"8",.0,"8",.0,"8",.0,"8",0,"8",0,"8",0,"8","","",0,"8",0,"8"
"352190360","P£OCK","2006","04","28","07","9","",0,"8",0,"8","","","",7,"",0,"8",0,"8",6,"",110,"",3,"",0,"",11.9,"",.0,"8","U","",7.6,"",55,"",3.1,"",1000.7,"",1013.8,"",7,-.7,"",.0,"8",0,"8","03","2","4","","0","","","5","","","8","","",0,"8",.0,"8",.0,"8","","8",0,"8","","",.0,"8",.0,"8",.0,"8",.0,"8",.0,"8",.0,"8",.0,"8",.0,"8",.0,"8",0,"8",0,"8",0,"8","","",0,"8",0,"8"
"352190360","P£OCK","2006","04","28","08","9","",0,"8",0,"8","","","",7,"",0,"8",0,"8",7,"",120,"",3,"",0,"",12.7,"",.0,"8","U","",8.1,"",55,"",3.9,"",1000.4,"",1013.5,"",7,-.8,"",.0,"8",0,"8","03","2","7","","0","","","5","","","/","","",0,"8",.0,"8",.0,"8","","8",0,"8","","",.0,"8",.0,"8",.0,"8",.0,"8",.0,"8",.0,"8",.0,"8",.0,"8",.0,"8",0,"8",0,"8",0,"8","","",0,"8",0,"8"
"352190360","P£OCK","2006","04","28","09","9","",0,"8",0,"8","","","",7,"",0,"8",0,"8",7,"",130,"",2,"",0,"",13.7,"",.0,"8","U","",7.7,"",49,"",3.2,"",1000.3,"",1013.3,"",6,-.7,"",.0,"8",0,"8","02","2","7","","0","","","3","","","/","","",0,"8",.0,"8",.0,"8","","8",0,"8","","",.0,"8",.0,"8",.0,"8",.0,"8",.0,"8",.0,"8",.0,"8",.0,"8",.0,"8",0,"8",0,"8",0,"8","","",0,"8",0,"8"
"352190360","P£OCK","2006","04","28","10","9","",0,"8",0,"8","","","",7,"",0,"8",0,"8",8,"",140,"",1,"",0,"",14.4,"",.0,"8","U","",7.7,"",47,"",3.2,"",999.9,"",1012.9,"",7,-.8,"",.0,"8",0,"8","01","2","6","","0","","","3","","","7","","",0,"8",.0,"8",.0,"8","","8",0,"8","","",.0,"8",.0,"8",.0,"8",.0,"8",.0,"8",.0,"8",.0,"8",.0,"8",.0,"8",0,"8",0,"8",0,"8","","",0,"8",0,"8"
"352190360","P£OCK","2006","04","28","11","9","",0,"8",0,"8","","","",7,"",0,"8",0,"8",8,"",90,"",1,"",0,"",16.5,"",.0,"8","U","",8.2,"",44,"",4.2,"",999.5,"",1012.4,"",8,-.9,"",.0,"8",0,"8","02","2","6","","0","","","3","","","7","","",0,"8",.0,"8",.0,"8","","8",0,"8","","",.0,"8",.0,"8",.0,"8",.0,"8",.0,"8",.0,"8",.0,"8",.0,"8",.0,"8",0,"8",0,"8",0,"8","","",0,"8",0,"8"
"352190360","P£OCK","2006","04","28","12","7","",0,"8",0,"8","","","",8,"",0,"8",0,"8",8,"",180,"",3,"",0,"",17.9,"",.0,"8","U","",7.4,"",36,"",2.6,"",998.9,"",1011.7,"",8,-1.4,"",.0,"9",0,"9","03","2","1","","2","","","3","","","7","","",0,"",.0,"8",.0,"8","","8",0,"8","","",.0,"8",.0,"8",.0,"8",.0,"8",.0,"8",.0,"8",.0,"8",.0,"8",.0,"8",0,"8",0,"8",0,"8","","",0,"8",0,"8"
"352190360","P£OCK","2006","04","28","13","9","",0,"8",0,"8","","","",7,"",0,"8",0,"8",8,"",290,"",4,"",0,"",16.8,"",.0,"8","U","",8.4,"",44,"",4.5,"",998.5,"",1011.4,"",7,-1.4,"",.0,"8",0,"8","01","2","6","","0","","","5","","","7","","",0,"8",.0,"8",.0,"8","","8",0,"8","","",.0,"8",.0,"8",.0,"8",.0,"8",.0,"8",.0,"8",.0,"8",.0,"8",.0,"8",0,"8",0,"8",0,"8","","",0,"8",0,"8"
"352190360","P£OCK","2006","04","28","14","9","",0,"8",0,"8","","","",7,"",0,"8",0,"8",8,"",310,"",4,"",0,"",16.3,"",.0,"8","U","",8.3,"",45,"",4.3,"",998.2,"",1011.1,"",6,-1.3,"",.0,"8",0,"8","03","2","6","","0","","","7","","","7","","",0,"8",.0,"8",.0,"8","","8",0,"8","","",.0,"8",.0,"8",.0,"8",.0,"8",.0,"8",.0,"8",.0,"8",.0,"8",.0,"8",0,"8",0,"8",0,"8","","",0,"8",0,"8"
"352190360","P£OCK","2006","04","28","15","9","",0,"8",0,"8","","","",7,"",0,"8",0,"8",8,"",310,"",4,"",0,"",15.3,"",.0,"8","U","",8.5,"",49,"",4.6,"",998.0,"",1010.9,"",6,-.9,"",.0,"8",0,"8","02","2","6","","0","","","7","","","7","","",0,"8",.0,"8",.0,"8","","8",0,"8","","",.0,"8",.0,"8",.0,"8",.0,"8",.0,"8",.0,"8",.0,"8",.0,"8",.0,"8",0,"8",0,"8",0,"8","","",0,"8",0,"8"
"352190360","P£OCK","2006","04","28","16","7","",0,"8",0,"8","","","",7,"",0,"8",0,"8",8,"",310,"",4,"",0,"",14.3,"",.0,"8","U","",8.8,"",54,"",5.1,"",998.0,"",1011.0,"",6,-.5,"",.0,"8",0,"8","03","2","1","","5","","","7","","","7","","",0,"8",.0,"8",.0,"8","","8",0,"8","","",.0,"8",.0,"8",.0,"8",.0,"8",.0,"8",.0,"8",.0,"8",.0,"8",.0,"8",0,"8",0,"8",0,"8","","",0,"8",0,"8"
"352190360","P£OCK","2006","04","28","17","7","",0,"8",0,"8","","","",7,"",0,"8",0,"8",8,"",320,"",4,"",0,"",13.2,"",.0,"8","U","",10.1,"",67,"",7.2,"",998.3,"",1011.3,"",3,.1,"",.0,"8",0,"8","02","2","1","","5","","","7","","","7","","",0,"8",.0,"8",.0,"8","","8",0,"8","","",.0,"8",.0,"8",.0,"8",.0,"8",.0,"8",.0,"8",.0,"8",.0,"8",.0,"8",0,"8",0,"8",0,"8","","",0,"8",0,"8"
"352190360","P£OCK","2006","04","28","18","6","",0,"8",0,"8","","","",6,"",0,"8",0,"8",8,"",320,"",4,"",0,"",11.9,"",.0,"8","U","",10.7,"",77,"",8.0,"",998.6,"",1011.7,"",3,.6,"",.0,"",6,"","80","2","4","","9","","","7","","","/","","",1,"",.0,"8",.0,"8","","8",0,"8","","",.0,"8",.0,"8",.0,"8",.0,"8",.0,"8",.0,"8",.0,"8",.0,"8",.0,"8",0,"8",0,"8",0,"8","","",0,"8",0,"8"
"352190360","P£OCK","2006","04","28","19","6","",0,"8",0,"8","","","",6,"",0,"8",0,"8",8,"",330,"",4,"",0,"",10.8,"",.0,"8","U","",10.9,"",84,"",8.2,"",999.1,"",1012.3,"",3,1.1,"",.0,"8",0,"8","80","8","8","","9","","","/","","","/","","",0,"8",.0,"8",.0,"8","","8",0,"8","","",.0,"8",.0,"8",.0,"8",.0,"8",.0,"8",.0,"8",.0,"8",.0,"8",.0,"8",0,"8",0,"8",0,"8","","",0,"8",0,"8"
"352190360","P£OCK","2006","04","28","20","8","",0,"8",0,"8","","","",5,"",0,"8",0,"8",8,"",360,"",4,"",0,"",10.3,"",.0,"8","U","",11.0,"",88,"",8.4,"",998.5,"",1011.7,"",0,.2,"",.0,"8",0,"8","61","8","8","","0","","","2","","","/","","",0,"8",.0,"8",.0,"8","","8",0,"8","","",.0,"8",.0,"8",.0,"8",.0,"8",.0,"8",.0,"8",.0,"8",.0,"8",.0,"8",0,"8",0,"8",0,"8","","",0,"8",0,"8"
"352190360","P£OCK","2006","04","28","21","9","",0,"8",0,"8","","","",5,"",0,"8",0,"8",8,"",330,"",3,"",0,"",10.2,"",.0,"8","U","",10.9,"",88,"",8.3,"",998.3,"",1011.5,"",8,-.3,"",.0,"8",0,"8","21","8","8","","0","","","7","","","/","","",0,"8",.0,"8",.0,"8","","8",0,"8","","",.0,"8",.0,"8",.0,"8",.0,"8",.0,"8",.0,"8",.0,"8",.0,"8",.0,"8",0,"8",0,"8",0,"8","","",0,"8",0,"8"
"352190360","P£OCK","2006","04","28","22","9","",0,"8",0,"8","","","",5,"",0,"8",0,"8",8,"",330,"",3,"",0,"",9.7,"",.0,"8","U","",10.7,"",89,"",8.0,"",998.3,"",1011.5,"",6,-.8,"",.0,"8",0,"8","10","2","8","","0","","","7","","","/","","",0,"8",.0,"8",.0,"8","","8",0,"8","","",.0,"8",.0,"8",.0,"8",.0,"8",.0,"8",.0,"8",.0,"8",.0,"8",.0,"8",0,"8",0,"8",0,"8","","",0,"8",0,"8"
"352190360","P£OCK","2006","04","28","23","9","",0,"8",0,"8","","","",5,"",0,"8",0,"8",8,"",340,"",3,"",0,"",9.5,"",.0,"8","U","",10.6,"",89,"",7.8,"",997.8,"",1011.0,"",7,-.7,"",.0,"8",0,"8","10","2","8","","0","","","7","","","/","","",0,"8",.0,"8",.0,"8","","8",0,"8","","",.0,"8",.0,"8",.0,"8",.0,"8",.0,"8",.0,"8",.0,"8",.0,"8",.0,"8",0,"8",0,"8",0,"8","","",0,"8",0,"8"
"352190360","P£OCK","2006","04","29","00","9","",0,"8",0,"8","","","",5,"",0,"8",0,"8",8,"",350,"",3,"",0,"",9.3,"",.0,"8","U","",10.3,"",88,"",7.4,"",997.4,"",1010.6,"",8,-.9,"",.3,"",6,"","10","8","8","","0","","","7","","","/","","",1,"",.0,"8",.0,"8","","8",0,"8","","",.0,"8",.0,"8",.0,"8",.0,"8",.0,"8",.0,"8",.0,"8",.0,"8",.0,"8",0,"8",0,"8",0,"8","","",0,"8",0,"8"
"352190360","P£OCK","2006","04","29","01","9","",0,"8",0,"8","","","",5,"",0,"8",0,"8",8,"",340,"",2,"",0,"",9.2,"",.0,"8","U","",10.3,"",89,"",7.5,"",997.2,"",1010.4,"",6,-1.1,"",.0,"8",0,"8","10","2","8","","0","","","7","","","/","","",0,"8",.0,"8",.0,"8","","8",0,"8","","",.0,"8",.0,"8",.0,"8",.0,"8",.0,"8",.0,"8",.0,"8",.0,"8",.0,"8",0,"8",0,"8",0,"8","","",0,"8",0,"8"
"352190360","P£OCK","2006","04","29","02","7","",0,"8",0,"8","","","",5,"",0,"8",0,"8",8,"",360,"",2,"",0,"",8.9,"",.0,"8","U","",10.2,"",90,"",7.3,"",996.9,"",1010.1,"",7,-.9,"",.0,"8",0,"8","10","2","3","","5","","","7","","","/","","",0,"8",.0,"8",.0,"8","","8",0,"8","","",.0,"8",.0,"8",.0,"8",.0,"8",.0,"8",.0,"8",.0,"8",.0,"8",.0,"8",0,"8",0,"8",0,"8","","",0,"8",0,"8"
"352190360","P£OCK","2006","04","29","03","9","",0,"8",0,"8","","","",5,"",0,"8",0,"8",8,"",20,"",2,"",0,"",8.9,"",.0,"8","U","",10.2,"",90,"",7.3,"",996.5,"",1009.7,"",8,-.9,"",.0,"8",0,"8","10","2","7","","0","","","3","","","/","","",0,"8",.0,"8",.0,"8","","8",0,"8","","",.0,"8",.0,"8",.0,"8",.0,"8",.0,"8",.0,"8",.0,"8",.0,"8",.0,"8",0,"8",0,"8",0,"8","","",0,"8",0,"8"
"352190360","P£OCK","2006","04","29","04","9","",0,"8",0,"8","","","",7,"",0,"8",0,"8",8,"",90,"",3,"",0,"",9.8,"",.0,"8","U","",8.7,"",72,"",5.0,"",996.4,"",1009.6,"",7,-.8,"",.0,"8",0,"8","03","2","8","","0","","","3","","","/","","",0,"8",.0,"8",.0,"8","","8",0,"8","","",.0,"8",.0,"8",.0,"8",.0,"8",.0,"8",.0,"8",.0,"8",.0,"8",.0,"8",0,"8",0,"8",0,"8","","",0,"8",0,"8"
"352190360","P£OCK","2006","04","29","05","9","",0,"8",0,"8","","","",7,"",0,"8",0,"8",8,"",110,"",4,"",0,"",10.3,"",.0,"8","U","",8.1,"",65,"",4.0,"",996.5,"",1009.6,"",5,-.4,"",.0,"8",0,"8","03","2","8","","0","","","7","","","/","","",0,"8",.0,"8",.0,"8","","8",0,"8","","",.0,"8",.0,"8",.0,"8",.0,"8",.0,"8",.0,"8",.0,"8",.0,"8",.0,"8",0,"8",0,"8",0,"8","","",0,"8",0,"8"
"352190360","P£OCK","2006","04","29","06","9","",0,"8",0,"8","","","",7,"",0,"8",0,"8",8,"",110,"",5,"",0,"",10.6,"",.0,"8","U","",8.3,"",65,"",4.3,"",996.4,"",1009.5,"",7,-.1,"",.0,"9",0,"9","01","2","8","","0","","","7","","","/","","",1,"",.0,"8",.0,"8","","8",0,"8","","",.0,"8",.0,"8",.0,"8",.0,"8",.0,"8",.0,"8",.0,"8",.0,"8",.0,"8",0,"8",0,"8",0,"8","","",0,"8",0,"8"
"352190360","P£OCK","2006","04","29","07","9","",0,"8",0,"8","","","",7,"",0,"8",0,"8",8,"",120,"",6,"",0,"",10.7,"",.0,"8","U","",8.1,"",63,"",3.9,"",996.2,"",1009.3,"",8,-.2,"",.0,"8",0,"8","03","2","8","","0","","","7","","","/","","",0,"8",.0,"8",.0,"8","","8",0,"8","","",.0,"8",.0,"8",.0,"8",.0,"8",.0,"8",.0,"8",.0,"8",.0,"8",.0,"8",0,"8",0,"8",0,"8","","",0,"8",0,"8"
"352190360","P£OCK","2006","04","29","08","5","",0,"8",0,"8","","","",7,"",0,"8",0,"8",8,"",120,"",6,"",0,"",10.6,"",.0,"8","U","",8.3,"",65,"",4.3,"",996.5,"",1009.6,"",5,.0,"",.0,"8",0,"8","61","2","5","","5","","","2","","","/","","",0,"8",.0,"8",.0,"8","","8",0,"8","","",.0,"8",.0,"8",.0,"8",.0,"8",.0,"8",.0,"8",.0,"8",.0,"8",.0,"8",0,"8",0,"8",0,"8","","",0,"8",0,"8"
"352190360","P£OCK","2006","04","29","09","4","",0,"8",0,"8","","","",6,"",0,"8",0,"8",8,"",120,"",5,"",0,"",9.1,"",.0,"8","U","",9.7,"",84,"",6.5,"",997.1,"",1010.3,"",3,.7,"",.0,"8",0,"8","61","2","5","","5","","","2","","","/","","",0,"8",.0,"8",.0,"8","","8",0,"8","","",.0,"8",.0,"8",.0,"8",.0,"8",.0,"8",.0,"8",.0,"8",.0,"8",.0,"8",0,"8",0,"8",0,"8","","",0,"8",0,"8"
"352190360","P£OCK","2006","04","29","10","4","",0,"8",0,"8","","","",6,"",0,"8",0,"8",8,"",120,"",6,"",0,"",9.3,"",.0,"8","U","",10.2,"",87,"",7.2,"",997.1,"",1010.3,"",1,.9,"",.0,"8",0,"8","61","6","5","","5","","","2","","","/","","",0,"8",.0,"8",.0,"8","","8",0,"8","","",.0,"8",.0,"8",.0,"8",.0,"8",.0,"8",.0,"8",.0,"8",.0,"8",.0,"8",0,"8",0,"8",0,"8","","",0,"8",0,"8"
"352190360","P£OCK","2006","04","29","11","3","",0,"8",0,"8","","","",6,"",0,"8",0,"8",8,"",130,"",5,"",0,"",10.0,"",.0,"8","U","",10.7,"",87,"",7.9,"",997.0,"",1010.2,"",0,.5,"",.0,"8",0,"8","61","6","4","","7","","","2","","","/","","",0,"8",.0,"8",.0,"8","","8",0,"8","","",.0,"8",.0,"8",.0,"8",.0,"8",.0,"8",.0,"8",.0,"8",.0,"8",.0,"8",0,"8",0,"8",0,"8","","",0,"8",0,"8"
"352190360","P£OCK","2006","04","29","12","3","",0,"8",0,"8","","","",6,"",0,"8",0,"8",8,"",120,"",5,"",0,"",10.1,"",.0,"8","U","",11.0,"",89,"",8.4,"",997.3,"",1010.5,"",3,.2,"",1.6,"",6,"","61","6","4","","7","","","2","","","/","","",2,"",.0,"8",.0,"8","","8",0,"8","","",.0,"8",.0,"8",.0,"8",.0,"8",.0,"8",.0,"8",.0,"8",.0,"8",.0,"8",0,"8",0,"8",0,"8","","",0,"8",0,"8"
"352190360","P£OCK","2006","04","29","13","4","",0,"8",0,"8","","","",5,"",0,"8",0,"8",8,"",110,"",3,"",0,"",10.5,"",.0,"8","U","",11.5,"",91,"",9.1,"",997.3,"",1010.4,"",1,.2,"",.0,"8",0,"8","61","6","5","","5","","","2","","","/","","",0,"8",.0,"8",.0,"8","","8",0,"8","","",.0,"8",.0,"8",.0,"8",.0,"8",.0,"8",.0,"8",.0,"8",.0,"8",.0,"8",0,"8",0,"8",0,"8","","",0,"8",0,"8"
"352190360","P£OCK","2006","04","29","14","4","",0,"8",0,"8","","","",5,"",0,"8",0,"8",8,"",180,"",2,"",0,"",10.4,"",.0,"8","U","",11.5,"",91,"",9.0,"",997.3,"",1010.5,"",1,.3,"",.0,"8",0,"8","63","6","5","","5","","","2","","","/","","",0,"8",.0,"8",.0,"8","","8",0,"8","","",.0,"8",.0,"8",.0,"8",.0,"8",.0,"8",.0,"8",.0,"8",.0,"8",.0,"8",0,"8",0,"8",0,"8","","",0,"8",0,"8"
"352190360","P£OCK","2006","04","29","15","4","",0,"8",0,"8","","","",5,"",0,"8",0,"8",8,"",40,"",1,"",0,"",10.8,"",.0,"8","U","",11.8,"",91,"",9.4,"",997.4,"",1010.5,"",3,.1,"",.0,"8",0,"8","61","6","3","","5","","","2","","","/","","",0,"8",.0,"8",.0,"8","","8",0,"8","","",.0,"8",.0,"8",.0,"8",.0,"8",.0,"8",.0,"8",.0,"8",.0,"8",.0,"8",0,"8",0,"8",0,"8","","",0,"8",0,"8"
"352190360","P£OCK","2006","04","29","16","4","",0,"8",0,"8","","","",5,"",0,"8",0,"8",8,"",40,"",1,"",0,"",10.9,"",.0,"8","U","",12.0,"",92,"",9.7,"",997.4,"",1010.5,"",1,.1,"",.0,"8",0,"8","61","6","5","","5","","","2","","","/","","",0,"8",.0,"8",.0,"8","","8",0,"8","","",.0,"8",.0,"8",.0,"8",.0,"8",.0,"8",.0,"8",.0,"8",.0,"8",.0,"8",0,"8",0,"8",0,"8","","",0,"8",0,"8"
"352190360","P£OCK","2006","04","29","17","2","",0,"8",0,"8","","","",5,"",0,"8",0,"8",8,"",270,"",4,"",0,"",9.0,"",.0,"8","U","",10.4,"",91,"",7.6,"",997.9,"",1011.1,"",2,.6,"",.0,"8",0,"8","61","6","6","","7","","","2","","","/","","",0,"8",.0,"8",.0,"8","","8",0,"8","","",.0,"8",.0,"8",.0,"8",.0,"8",.0,"8",.0,"8",.0,"8",.0,"8",.0,"8",0,"8",0,"8",0,"8","","",0,"8",0,"8"
"352190360","P£OCK","2006","04","29","18","2","",0,"8",0,"8","","","",5,"",0,"8",0,"8",8,"",270,"",4,"",0,"",8.5,"",.0,"8","U","",10.3,"",93,"",7.4,"",998.5,"",1011.8,"",3,1.1,"",5.1,"",6,"","63","6","6","","7","","","2","","","/","","",2,"",.0,"8",.0,"8","","8",0,"8","","",.0,"8",.0,"8",.0,"8",.0,"8",.0,"8",.0,"8",.0,"8",.0,"8",.0,"8",0,"8",0,"8",0,"8","","",0,"8",0,"8"
"352190360","P£OCK","2006","04","29","19","3","",0,"8",0,"8","","","",5,"",0,"8",0,"8",8,"",280,"",3,"",0,"",8.1,"",.0,"8","U","",10.1,"",94,"",7.2,"",999.4,"",1012.7,"",3,2.0,"",.0,"8",0,"8","65","6","3","","7","","","2","","","/","","",0,"8",.0,"8",.0,"8","","8",0,"8","","",.0,"8",.0,"8",.0,"8",.0,"8",.0,"8",.0,"8",.0,"8",.0,"8",.0,"8",0,"8",0,"8",0,"8","","",0,"8",0,"8"
"352190360","P£OCK","2006","04","29","20","2","",0,"8",0,"8","","","",5,"",0,"8",0,"8",8,"",300,"",3,"",0,"",7.8,"",.0,"8","U","",9.9,"",94,"",6.9,"",999.2,"",1012.5,"",0,1.3,"",.0,"8",0,"8","61","6","4","","7","","","2","","","/","","",0,"8",.0,"8",.0,"8","","8",0,"8","","",.0,"8",.0,"8",.0,"8",.0,"8",.0,"8",.0,"8",.0,"8",.0,"8",.0,"8",0,"8",0,"8",0,"8","","",0,"8",0,"8"
"352190360","P£OCK","2006","04","29","21","3","",0,"8",0,"8","","","",6,"",0,"8",0,"8",8,"",290,"",3,"",0,"",7.5,"",.0,"8","U","",9.7,"",94,"",6.6,"",999.6,"",1012.9,"",2,1.1,"",.0,"8",0,"8","65","6","2","","7","","","2","","","/","","",0,"8",.0,"8",.0,"8","","8",0,"8","","",.0,"8",.0,"8",.0,"8",.0,"8",.0,"8",.0,"8",.0,"8",.0,"8",.0,"8",0,"8",0,"8",0,"8","","",0,"8",0,"8"
"352190360","P£OCK","2006","04","29","22","2","",0,"8",0,"8","","","",5,"",0,"8",0,"8",8,"",270,"",2,"",0,"",7.6,"",.0,"8","U","",9.8,"",94,"",6.7,"",999.8,"",1013.1,"",3,.4,"",.0,"8",0,"8","61","6","6","","7","","","2","","","/","","",0,"8",.0,"8",.0,"8","","8",0,"8","","",.0,"8",.0,"8",.0,"8",.0,"8",.0,"8",.0,"8",.0,"8",.0,"8",.0,"8",0,"8",0,"8",0,"8","","",0,"8",0,"8"
"352190360","P£OCK","2006","04","29","23","4","",0,"8",0,"8","","","",6,"",0,"8",0,"8",8,"",330,"",2,"",0,"",7.4,"",.0,"8","U","",9.7,"",94,"",6.5,"",999.7,"",1013.0,"",0,.5,"",.0,"8",0,"8","21","6","8","","5","","","/","","","/","","",0,"8",.0,"8",.0,"8","","8",0,"8","","",.0,"8",.0,"8",.0,"8",.0,"8",.0,"8",.0,"8",.0,"8",.0,"8",.0,"8",0,"8",0,"8",0,"8","","",0,"8",0,"8"
"352190360","P£OCK","2006","04","30","00","4","",0,"8",0,"8","","","",5,"",0,"8",0,"8",8,"",300,"",2,"",0,"",7.6,"",.0,"8","U","",9.8,"",94,"",6.7,"",999.6,"",1012.9,"",0,.0,"",9.2,"",6,"","10","6","8","","5","","","/","","","/","","",2,"",.0,"8",.0,"8","","8",0,"8","","",.0,"8",.0,"8",.0,"8",.0,"8",.0,"8",.0,"8",.0,"8",.0,"8",.0,"8",0,"8",0,"8",0,"8","","",0,"8",0,"8"
"352190360","P£OCK","2006","04","30","01","2","",0,"8",0,"8","","","",5,"",0,"8",0,"8",8,"",310,"",2,"",0,"",7.6,"",.0,"8","U","",9.8,"",94,"",6.7,"",1000.1,"",1013.4,"",3,.3,"",.0,"8",0,"8","10","2","8","","6","","","/","","","/","","",0,"8",.0,"8",.0,"8","","8",0,"8","","",.0,"8",.0,"8",.0,"8",.0,"8",.0,"8",.0,"8",.0,"8",.0,"8",.0,"8",0,"8",0,"8",0,"8","","",0,"8",0,"8"
"352190360","P£OCK","2006","04","30","02","2","",0,"8",0,"8","","","",5,"",0,"8",0,"8",8,"",310,"",3,"",0,"",7.3,"",.0,"8","U","",9.6,"",94,"",6.4,"",999.9,"",1013.2,"",0,.2,"",.0,"8",0,"8","10","2","8","","6","","","/","","","/","","",0,"8",.0,"8",.0,"8","","8",0,"8","","",.0,"8",.0,"8",.0,"8",.0,"8",.0,"8",.0,"8",.0,"8",.0,"8",.0,"8",0,"8",0,"8",0,"8","","",0,"8",0,"8"
"352190360","P£OCK","2006","04","30","03","1","",0,"8",0,"8","","","",4,"",0,"8",0,"8",8,"",310,"",2,"",0,"",7.3,"",.0,"8","U","",9.7,"",95,"",6.6,"",1000.2,"",1013.5,"",2,.6,"",.0,"8",0,"8","10","2","8","","6","","","/","","","/","","",0,"8",.0,"8",.0,"8","","8",0,"8","","",.0,"8",.0,"8",.0,"8",.0,"8",.0,"8",.0,"8",.0,"8",.0,"8",.0,"8",0,"8",0,"8",0,"8","","",0,"8",0,"8"
"352190360","P£OCK","2006","04","30","04","2","",0,"8",0,"8","","","",4,"",0,"8",0,"8",8,"",350,"",2,"",0,"",7.5,"",.0,"8","U","",9.8,"",95,"",6.8,"",1000.2,"",1013.5,"",1,.1,"",.0,"8",0,"8","80","4","8","","9","","","/","","","/","","",0,"8",.0,"8",.0,"8","","8",0,"8","","",.0,"8",.0,"8",.0,"8",.0,"8",.0,"8",.0,"8",.0,"8",.0,"8",.0,"8",0,"8",0,"8",0,"8","","",0,"8",0,"8"
"352190360","P£OCK","2006","04","30","05","2","",0,"8",0,"8","","","",4,"",0,"8",0,"8",8,"",340,"",1,"",0,"",7.7,"",.0,"8","U","",10.0,"",95,"",6.9,"",1000.6,"",1013.9,"",2,.7,"",.0,"8",0,"8","81","8","8","","9","","","/","","","/","","",0,"8",.0,"8",.0,"8","","8",0,"8","","",.0,"8",.0,"8",.0,"8",.0,"8",.0,"8",.0,"8",.0,"8",.0,"8",.0,"8",0,"8",0,"8",0,"8","","",0,"8",0,"8"
"352190360","P£OCK","2006","04","30","06","2","",0,"8",0,"8","","","",5,"",0,"8",0,"8",8,"",40,"",1,"",0,"",8.4,"",.0,"8","U","",10.5,"",95,"",7.6,"",1000.6,"",1013.9,"",1,.4,"",2.6,"",6,"","25","4","8","","5","","","/","","","/","","",2,"",.0,"8",.0,"8","","8",0,"8","","",.0,"8",.0,"8",.0,"8",.0,"8",.0,"8",.0,"8",.0,"8",.0,"8",.0,"8",0,"8",0,"8",0,"8","","",0,"8",0,"8"
"352190360","P£OCK","2006","04","30","07","4","",0,"8",0,"8","","","",6,"",0,"8",0,"8",8,"",80,"",1,"",0,"",10.1,"",.0,"8","U","",11.7,"",95,"",9.3,"",1000.5,"",1013.7,"",0,.3,"",.0,"8",0,"8","10","2","7","","5","","","/","","","/","","",0,"8",.0,"8",.0,"8","","8",0,"8","","",.0,"8",.0,"8",.0,"8",.0,"8",.0,"8",.0,"8",.0,"8",.0,"8",.0,"8",0,"8",0,"8",0,"8","","",0,"8",0,"8"
"352190360","P£OCK","2006","04","30","08","4","",0,"8",0,"8","","","",5,"",0,"8",0,"8",8,"",200,"",2,"",0,"",10.0,"",.0,"8","U","",11.0,"",90,"",8.4,"",1001.0,"",1014.2,"",3,.4,"",.0,"8",0,"8","81","2","8","","9","","","/","","","/","","",0,"8",.0,"8",.0,"8","","8",0,"8","","",.0,"8",.0,"8",.0,"8",.0,"8",.0,"8",.0,"8",.0,"8",.0,"8",.0,"8",0,"8",0,"8",0,"8","","",0,"8",0,"8"
"352190360","P£OCK","2006","04","30","09","4","",0,"8",0,"8","","","",6,"",0,"8",0,"8",8,"",120,"",2,"",0,"",10.2,"",.0,"8","U","",11.2,"",90,"",8.6,"",1001.2,"",1014.4,"",3,.6,"",.0,"8",0,"8","81","2","8","","9","","","/","","","/","","",0,"8",.0,"8",.0,"8","","8",0,"8","","",.0,"8",.0,"8",.0,"8",.0,"8",.0,"8",.0,"8",.0,"8",.0,"8",.0,"8",0,"8",0,"8",0,"8","","",0,"8",0,"8"
"352190360","P£OCK","2006","04","30","10","4","",0,"8",0,"8","","","",6,"",0,"8",0,"8",8,"",130,"",3,"",0,"",10.7,"",.0,"8","U","",10.8,"",84,"",8.1,"",1001.8,"",1015.0,"",2,1.3,"",.0,"8",0,"8","25","8","8","","9","","","/","","","/","","",0,"8",.0,"8",.0,"8","","8",0,"8","","",.0,"8",.0,"8",.0,"8",.0,"8",.0,"8",.0,"8",.0,"8",.0,"8",.0,"8",0,"8",0,"8",0,"8","","",0,"8",0,"8"
"352190360","P£OCK","2006","04","30","11","4","",0,"8",0,"8","","","",6,"",0,"8",0,"8",8,"",150,"",2,"",0,"",11.7,"",.0,"8","U","",10.8,"",79,"",8.2,"",1002.0,"",1015.2,"",2,1.0,"",.0,"8",0,"8","10","2","8","","5","","","/","","","/","","",0,"8",.0,"8",.0,"8","","8",0,"8","","",.0,"8",.0,"8",.0,"8",.0,"8",.0,"8",.0,"8",.0,"8",.0,"8",.0,"8",0,"8",0,"8",0,"8","","",0,"8",0,"8"
"352190360","P£OCK","2006","04","30","12","5","",0,"8",0,"8","","","",6,"",0,"8",0,"8",8,"",280,"",2,"",0,"",11.1,"",.0,"8","U","",11.3,"",86,"",8.8,"",1002.2,"",1015.4,"",1,1.0,"",1.7,"",6,"","80","2","8","","9","","","/","","","/","","",2,"",.0,"8",.0,"8","","8",0,"8","","",.0,"8",.0,"8",.0,"8",.0,"8",.0,"8",.0,"8",.0,"8",.0,"8",.0,"8",0,"8",0,"8",0,"8","","",0,"8",0,"8"
"352190360","P£OCK","2006","04","30","13","4","",0,"8",0,"8","","","",5,"",0,"8",0,"8",8,"",290,"",2,"",0,"",10.8,"",.0,"8","U","",11.5,"",89,"",9.1,"",1002.4,"",1015.6,"",2,.6,"",.0,"8",0,"8","80","8","8","","9","","","/","","","/","","",0,"8",.0,"8",.0,"8","","8",0,"8","","",.0,"8",.0,"8",.0,"8",.0,"8",.0,"8",.0,"8",.0,"8",.0,"8",.0,"8",0,"8",0,"8",0,"8","","",0,"8",0,"8"
"352190360","P£OCK","2006","04","30","14","2","",0,"8",0,"8","","","",5,"",0,"8",0,"8",8,"",290,"",3,"",0,"",9.8,"",.0,"8","U","",11.1,"",92,"",8.6,"",1002.7,"",1016.0,"",2,.7,"",.0,"8",0,"8","61","8","8","","5","","","/","","","/","","",0,"8",.0,"8",.0,"8","","8",0,"8","","",.0,"8",.0,"8",.0,"8",.0,"8",.0,"8",.0,"8",.0,"8",.0,"8",.0,"8",0,"8",0,"8",0,"8","","",0,"8",0,"8"
"352190360","P£OCK","2006","04","30","15","2","",0,"8",0,"8","","","",5,"",0,"8",0,"8",8,"",300,"",2,"",0,"",9.5,"",.0,"8","U","",11.0,"",93,"",8.4,"",1002.7,"",1016.0,"",1,.5,"",.0,"8",0,"8","61","8","7","","7","","","/","","","/","","",0,"8",.0,"8",.0,"8","","8",0,"8","","",.0,"8",.0,"8",.0,"8",.0,"8",.0,"8",.0,"8",.0,"8",.0,"8",.0,"8",0,"8",0,"8",0,"8","","",0,"8",0,"8"
"352190360","P£OCK","2006","04","30","16","2","",0,"8",0,"8","","","",5,"",0,"8",0,"8",8,"",330,"",1,"",0,"",9.7,"",.0,"8","U","",11.2,"",93,"",8.6,"",1002.8,"",1016.1,"",2,.4,"",.0,"8",0,"8","61","6","5","","7","","","2","","","/","","",0,"8",.0,"8",.0,"8","","8",0,"8","","",.0,"8",.0,"8",.0,"8",.0,"8",.0,"8",.0,"8",.0,"8",.0,"8",.0,"8",0,"8",0,"8",0,"8","","",0,"8",0,"8"
"352190360","P£OCK","2006","04","30","17","2","",0,"8",0,"8","","","",5,"",0,"8",0,"8",8,"",300,"",1,"",0,"",9.9,"",.0,"8","U","",11.4,"",94,"",9.0,"",1003.0,"",1016.3,"",3,.3,"",.0,"8",0,"8","61","6","8","","7","","","/","","","/","","",0,"8",.0,"8",.0,"8","","8",0,"8","","",.0,"8",.0,"8",.0,"8",.0,"8",.0,"8",.0,"8",.0,"8",.0,"8",.0,"8",0,"8",0,"8",0,"8","","",0,"8",0,"8"
"352190360","P£OCK","2006","04","30","18","2","",0,"8",0,"8","","","",4,"",0,"8",0,"8",8,"",230,"",1,"",0,"",9.6,"",.0,"8","U","",11.2,"",94,"",8.7,"",1003.3,"",1016.6,"",3,.6,"",1.8,"",6,"","61","8","6","","7","","","2","","","/","","",2,"",.0,"8",.0,"8","","8",0,"8","","",.0,"8",.0,"8",.0,"8",.0,"8",.0,"8",.0,"8",.0,"8",.0,"8",.0,"8",0,"8",0,"8",0,"8","","",0,"8",0,"8"
"352190360","P£OCK","2006","04","30","19","2","",0,"8",0,"8","","","",5,"",0,"8",0,"8",8,"",290,"",2,"",0,"",9.2,"",.0,"8","U","",10.9,"",94,"",8.3,"",1003.6,"",1016.9,"",2,.8,"",.0,"8",0,"8","61","6","6","","7","","","2","","","/","","",0,"8",.0,"8",.0,"8","","8",0,"8","","",.0,"8",.0,"8",.0,"8",.0,"8",.0,"8",.0,"8",.0,"8",.0,"8",.0,"8",0,"8",0,"8",0,"8","","",0,"8",0,"8"
"352190360","P£OCK","2006","04","30","20","2","",0,"8",0,"8","","","",5,"",0,"8",0,"8",8,"",350,"",1,"",0,"",9.4,"",.0,"8","U","",11.2,"",95,"",8.6,"",1003.3,"",1016.6,"",0,.3,"",.0,"8",0,"8","61","6","5","","7","","","2","","","/","","",0,"8",.0,"8",.0,"8","","8",0,"8","","",.0,"8",.0,"8",.0,"8",.0,"8",.0,"8",.0,"8",.0,"8",.0,"8",.0,"8",0,"8",0,"8",0,"8","","",0,"8",0,"8"
"352190360","P£OCK","2006","04","30","21","3","",0,"8",0,"8","","","",4,"",0,"8",0,"8",8,"",10,"",2,"",0,"",9.8,"",.0,"8","U","",11.5,"",95,"",9.0,"",1002.9,"",1016.2,"",8,-.4,"",.0,"8",0,"8","61","6","8","","7","","","/","","","/","","",0,"8",.0,"8",.0,"8","","8",0,"8","","",.0,"8",.0,"8",.0,"8",.0,"8",.0,"8",.0,"8",.0,"8",.0,"8",.0,"8",0,"8",0,"8",0,"8","","",0,"8",0,"8"
"352190360","P£OCK","2006","04","30","22","4","",0,"8",0,"8","","","",5,"",0,"8",0,"8",8,"",50,"",2,"",0,"",10.3,"",.0,"8","U","",11.9,"",95,"",9.5,"",1002.9,"",1016.1,"",6,-.7,"",.0,"8",0,"8","61","6","8","","5","","","/","","","/","","",0,"8",.0,"8",.0,"8","","8",0,"8","","",.0,"8",.0,"8",.0,"8",.0,"8",.0,"8",.0,"8",.0,"8",.0,"8",.0,"8",0,"8",0,"8",0,"8","","",0,"8",0,"8"
"352190360","P£OCK","2006","04","30","23","3","",0,"8",0,"8","","","",5,"",0,"8",0,"8",8,"",90,"",1,"",0,"",10.3,"",.0,"8","U","",11.8,"",94,"",9.4,"",1002.7,"",1015.9,"",7,-.6,"",.0,"8",0,"8","10","2","8","","6","","","/","","","/","","",0,"8",.0,"8",.0,"8","","8",0,"8","","",.0,"8",.0,"8",.0,"8",.0,"8",.0,"8",.0,"8",.0,"8",.0,"8",.0,"8",0,"8",0,"8",0,"8","","",0,"8",0,"8"
"352190360","P£OCK","2006","05","01","00","3","",0,"8",0,"8","","","",5,"",0,"8",0,"8",8,"",90,"",1,"",0,"",10.2,"",.0,"8","U","",11.7,"",94,"",9.3,"",1002.5,"",1015.7,"",8,-.4,"",.6,"",6,"","80","6","8","","9","","","/","","","/","","",2,"",.0,"8",.0,"8","","8",0,"8","","",.0,"8",.0,"8",.0,"8",.0,"8",.0,"8",.0,"8",.0,"8",.0,"8",.0,"8",0,"8",0,"8",0,"8","","",0,"8",0,"8"
"352190360","P£OCK","2006","05","01","01","3","",0,"8",0,"8","","","",5,"",0,"8",0,"8",8,"",80,"",2,"",0,"",10.0,"",.0,"8","U","",11.5,"",94,"",9.1,"",1002.2,"",1015.4,"",7,-.7,"",.0,"8",0,"8","80","8","8","","9","","","/","","","/","","",0,"8",.0,"8",.0,"8","","8",0,"8","","",.0,"8",.0,"8",.0,"8",.0,"8",.0,"8",.0,"8",.0,"8",.0,"8",.0,"8",0,"8",0,"8",0,"8","","",0,"8",0,"8"
"352190360","P£OCK","2006","05","01","02","4","",0,"8",0,"8","","","",5,"",0,"8",0,"8",8,"",40,"",2,"",0,"",9.8,"",.0,"8","U","",11.4,"",94,"",8.9,"",1001.8,"",1015.0,"",8,-.9,"",.0,"8",0,"8","80","8","6","","9","","","3","","","/","","",0,"8",.0,"8",.0,"8","","8",0,"8","","",.0,"8",.0,"8",.0,"8",.0,"8",.0,"8",.0,"8",.0,"8",.0,"8",.0,"8",0,"8",0,"8",0,"8","","",0,"8",0,"8"
"352190360","P£OCK","2006","05","01","03","7","",0,"8",0,"8","","","",6,"",0,"8",0,"8",8,"",40,"",3,"",0,"",9.5,"",.0,"8","U","",11.0,"",93,"",8.4,"",1001.4,"",1014.7,"",7,-1.1,"",.0,"8",0,"8","25","8","5","","5","","","3","","","/","","",0,"8",.0,"8",.0,"8","","8",0,"8","","",.0,"8",.0,"8",.0,"8",.0,"8",.0,"8",.0,"8",.0,"8",.0,"8",.0,"8",0,"8",0,"8",0,"8","","",0,"8",0,"8"
"352190360","P£OCK","2006","05","01","04","7","",0,"8",0,"8","","","",7,"",0,"8",0,"8",8,"",90,"",4,"",0,"",9.9,"",.0,"8","U","",10.1,"",83,"",7.1,"",1001.3,"",1014.5,"",6,-.9,"",.0,"8",0,"8","01","2","3","","5","","","3","","","/","","",0,"8",.0,"8",.0,"8","","8",0,"8","","",.0,"8",.0,"8",.0,"8",.0,"8",.0,"8",.0,"8",.0,"8",.0,"8",.0,"8",0,"8",0,"8",0,"8","","",0,"8",0,"8"
"352190360","P£OCK","2006","05","01","05","6","",0,"8",0,"8","","","",7,"",0,"8",0,"8",8,"",100,"",5,"",0,"",10.1,"",.0,"8","U","",9.6,"",78,"",6.4,"",1001.5,"",1014.7,"",5,-.3,"",.0,"8",0,"8","25","2","3","","9","","","3","","","7","","",0,"8",.0,"8",.0,"8","","8",0,"8","","",.0,"8",.0,"8",.0,"8",.0,"8",.0,"8",.0,"8",.0,"8",.0,"8",.0,"8",0,"8",0,"8",0,"8","","",0,"8",0,"8"
"352190360","P£OCK","2006","05","01","06","7","",0,"8",0,"8","","","",8,"",0,"8",0,"8",7,"",110,"",7,"",0,"",11.5,"",.0,"8","U","",9.2,"",68,"",5.8,"",1001.5,"",1014.7,"",1,.1,"",.2,"",6,"","01","8","1","","5","","","3","","","1","","",2,"",.0,"8",.0,"8","","8",0,"8","","",.0,"8",.0,"8",.0,"8",.0,"8",.0,"8",.0,"8",.0,"8",.0,"8",.0,"8",0,"8",0,"8",0,"8","","",0,"8",0,"8"
"352190360","P£OCK","2006","05","01","07","9","",0,"8",0,"8","","","",8,"",0,"8",0,"8",4,"",120,"",7,"",0,"",12.2,"",.0,"8","U","",8.8,"",62,"",5.1,"",1001.5,"",1014.6,"",1,.2,"",.0,"8",0,"8","01","1","1","","0","","","3","","","1","","",0,"8",.0,"8",.0,"8","","8",0,"8","","",.0,"8",.0,"8",.0,"8",.0,"8",.0,"8",.0,"8",.0,"8",.0,"8",.0,"8",0,"8",0,"8",0,"8","","",0,"8",0,"8"
"352190360","P£OCK","2006","05","01","08","9","",0,"8",0,"8","","","",8,"",0,"8",0,"8",5,"",100,"",7,"",0,"",13.3,"",.0,"8","U","",9.1,"",60,"",5.7,"",1001.0,"",1014.1,"",8,-.5,"",.0,"8",0,"8","03","1","2","","0","","","3","","","6","","",0,"8",.0,"8",.0,"8","","8",0,"8","","",.0,"8",.0,"8",.0,"8",.0,"8",.0,"8",.0,"8",.0,"8",.0,"8",.0,"8",0,"8",0,"8",0,"8","","",0,"8",0,"8"
"352190360","P£OCK","2006","05","01","09","7","",0,"8",0,"8","","","",8,"",0,"8",0,"8",5,"",110,"",6,"",0,"",14.2,"",.0,"8","U","",9.5,"",59,"",6.3,"",1000.8,"",1013.8,"",8,-.7,"",.0,"8",0,"8","03","1","1","","2","","","4","","","8","","",0,"8",.0,"8",.0,"8","","8",0,"8","","",.0,"8",.0,"8",.0,"8",.0,"8",.0,"8",.0,"8",.0,"8",.0,"8",.0,"8",0,"8",0,"8",0,"8","","",0,"8",0,"8"
"352190360","P£OCK","2006","05","01","10","9","",0,"8",0,"8","","","",8,"",0,"8",0,"8",6,"",120,"",6,"",0,"",15.6,"",.0,"8","U","",8.8,"",50,"",5.2,"",1000.7,"",1013.7,"",6,-.8,"",.0,"8",0,"8","01","2","2","","0","","","3","","","8","","",0,"8",.0,"8",.0,"8","","8",0,"8","","",.0,"8",.0,"8",.0,"8",.0,"8",.0,"8",.0,"8",.0,"8",.0,"8",.0,"8",0,"8",0,"8",0,"8","","",0,"8",0,"8"
"352190360","P£OCK","2006","05","01","11","9","",0,"8",0,"8","","","",8,"",0,"8",0,"8",6,"",130,"",4,"",0,"",15.6,"",.0,"8","U","",9.0,"",51,"",5.5,"",1000.6,"",1013.6,"",7,-.4,"",.0,"8",0,"8","03","2","4","","0","","","5","","","8","","",0,"8",.0,"8",.0,"8","","8",0,"8","","",.0,"8",.0,"8",.0,"8",.0,"8",.0,"8",.0,"8",.0,"8",.0,"8",.0,"8",0,"8",0,"8",0,"8","","",0,"8",0,"8"
"352190360","P£OCK","2006","05","01","12","9","",0,"8",0,"8","","","",8,"",0,"8",0,"8",7,"",150,"",4,"",0,"",15.3,"",.0,"8","U","",9.0,"",52,"",5.5,"",1000.7,"",1013.7,"",5,-.1,"",.0,"9",0,"9","03","1","7","","0","","","5","","","/","","",2,"",.0,"8",.0,"8","","8",0,"8","","",.0,"8",.0,"8",.0,"8",.0,"8",.0,"8",.0,"8",.0,"8",.0,"8",.0,"8",0,"8",0,"8",0,"8","","",0,"8",0,"8"
"352190360","P£OCK","2006","05","01","13","7","",0,"8",0,"8","","","",8,"",0,"8",0,"8",7,"",160,"",4,"",0,"",15.4,"",.0,"8","U","",8.9,"",51,"",5.3,"",1000.5,"",1013.5,"",7,-.2,"",.0,"8",0,"8","03","2","1","","5","","","3","","","8","","",0,"8",.0,"8",.0,"8","","8",0,"8","","",.0,"8",.0,"8",.0,"8",.0,"8",.0,"8",.0,"8",.0,"8",.0,"8",.0,"8",0,"8",0,"8",0,"8","","",0,"8",0,"8"
"352190360","P£OCK","2006","05","01","14","7","",0,"8",0,"8","","","",8,"",0,"8",0,"8",8,"",200,"",3,"",0,"",15.4,"",.0,"8","U","",9.6,"",55,"",6.4,"",1000.3,"",1013.3,"",8,-.3,"",.0,"8",0,"8","03","2","1","","2","","","3","","","7","","",0,"8",.0,"8",.0,"8","","8",0,"8","","",.0,"8",.0,"8",.0,"8",.0,"8",.0,"8",.0,"8",.0,"8",.0,"8",.0,"8",0,"8",0,"8",0,"8","","",0,"8",0,"8"
"352190360","P£OCK","2006","05","01","15","9","",0,"8",0,"8","","","",8,"",0,"8",0,"8",8,"",200,"",2,"",0,"",15.3,"",.0,"8","U","",10.2,"",59,"",7.3,"",1000.4,"",1013.4,"",5,-.3,"",.0,"8",0,"8","01","2","5","","0","","","5","","","7","","",0,"8",.0,"8",.0,"8","","8",0,"8","","",.0,"8",.0,"8",.0,"8",.0,"8",.0,"8",.0,"8",.0,"8",.0,"8",.0,"8",0,"8",0,"8",0,"8","","",0,"8",0,"8"
"352190360","P£OCK","2006","05","01","16","6","",0,"8",0,"8","","","",8,"",0,"8",0,"8",8,"",130,"",2,"",0,"",14.7,"",.0,"8","U","",10.5,"",63,"",7.7,"",1000.4,"",1013.4,"",6,-.1,"",.0,"8",0,"8","25","2","2","","9","","","3","","","/","","",0,"8",.0,"8",.0,"8","","8",0,"8","","",.0,"8",.0,"8",.0,"8",.0,"8",.0,"8",.0,"8",.0,"8",.0,"8",.0,"8",0,"8",0,"8",0,"8","","",0,"8",0,"8"
"352190360","P£OCK","2006","05","01","17","6","",0,"8",0,"8","","","",7,"",0,"8",0,"8",8,"",160,"",2,"",0,"",11.3,"",.0,"8","U","",11.1,"",83,"",8.5,"",1001.0,"",1014.2,"",3,.7,"",.0,"8",0,"8","80","8","6","","9","","","2","","","/","","",0,"8",.0,"8",.0,"8","","8",0,"8","","",.0,"8",.0,"8",.0,"8",.0,"8",.0,"8",.0,"8",.0,"8",.0,"8",.0,"8",0,"8",0,"8",0,"8","","",0,"8",0,"8"
"352190360","P£OCK","2006","05","01","18","5","",0,"8",0,"8","","","",6,"",0,"8",0,"8",8,"",110,"",5,"",0,"",10.7,"",.0,"8","U","",11.4,"",89,"",9.0,"",1001.1,"",1014.3,"",3,.7,"",2.1,"",6,"","80","2","6","","9","","","2","","","/","","",2,"",.0,"8",.0,"8","","8",0,"8","","",.0,"8",.0,"8",.0,"8",.0,"8",.0,"8",.0,"8",.0,"8",.0,"8",.0,"8",0,"8",0,"8",0,"8","","",0,"8",0,"8"
"352190360","P£OCK","2006","05","01","19","3","",0,"8",0,"8","","","",6,"",0,"8",0,"8",8,"",160,"",3,"",0,"",10.8,"",.0,"8","U","",11.6,"",90,"",9.2,"",1001.6,"",1014.8,"",2,1.2,"",.0,"8",0,"8","25","8","8","","5","","","/","","","/","","",0,"8",.0,"8",.0,"8","","8",0,"8","","",.0,"8",.0,"8",.0,"8",.0,"8",.0,"8",.0,"8",.0,"8",.0,"8",.0,"8",0,"8",0,"8",0,"8","","",0,"8",0,"8"
"352190360","P£OCK","2006","05","01","20","5","",0,"8",0,"8","","","",6,"",0,"8",0,"8",8,"",200,"",3,"",0,"",10.6,"",.0,"8","U","",11.5,"",90,"",9.0,"",1001.8,"",1015.0,"",2,.8,"",.0,"8",0,"8","80","8","8","","9","","","/","","","/","","",0,"8",.0,"8",.0,"8","","8",0,"8","","",.0,"8",.0,"8",.0,"8",.0,"8",.0,"8",.0,"8",.0,"8",.0,"8",.0,"8",0,"8",0,"8",0,"8","","",0,"8",0,"8"
"352190360","P£OCK","2006","05","01","21","5","",0,"8",0,"8","","","",6,"",0,"8",0,"8",8,"",170,"",1,"",0,"",10.0,"",.0,"8","U","",11.0,"",90,"",8.4,"",1002.0,"",1015.2,"",1,.9,"",.0,"8",0,"8","80","8","5","","9","","","7","","","/","","",0,"8",.0,"8",.0,"8","","8",0,"8","","",.0,"8",.0,"8",.0,"8",.0,"8",.0,"8",.0,"8",.0,"8",.0,"8",.0,"8",0,"8",0,"8",0,"8","","",0,"8",0,"8"
"352190360","P£OCK","2006","05","01","22","5","",0,"8",0,"8","","","",6,"",0,"8",0,"8",8,"",180,"",2,"",0,"",9.8,"",.0,"8","U","",10.8,"",89,"",8.1,"",1002.2,"",1015.4,"",2,.6,"",.0,"8",0,"8","81","8","6","","9","","","2","","","/","","",0,"8",.0,"8",.0,"8","","8",0,"8","","",.0,"8",.0,"8",.0,"8",.0,"8",.0,"8",.0,"8",.0,"8",.0,"8",.0,"8",0,"8",0,"8",0,"8","","",0,"8",0,"8"
"352190360","P£OCK","2006","05","01","23","3","",0,"8",0,"8","","","",6,"",0,"8",0,"8",8,"",140,"",2,"",0,"",9.7,"",.0,"8","U","",11.2,"",93,"",8.6,"",1002.3,"",1015.6,"",2,.5,"",.0,"8",0,"8","61","8","2","","7","","","2","","","/","","",0,"8",.0,"8",.0,"8","","8",0,"8","","",.0,"8",.0,"8",.0,"8",.0,"8",.0,"8",.0,"8",.0,"8",.0,"8",.0,"8",0,"8",0,"8",0,"8","","",0,"8",0,"8"
"352190360","P£OCK","2006","05","02","00","4","",0,"8",0,"8","","","",6,"",0,"8",0,"8",8,"",180,"",2,"",0,"",9.7,"",.0,"8","U","",11.1,"",92,"",8.5,"",1002.3,"",1015.6,"",1,.3,"",1.8,"",6,"","21","8","7","","5","","","/","","","/","","",2,"",.0,"8",.0,"8","","8",0,"8","","",.0,"8",.0,"8",.0,"8",.0,"8",.0,"8",.0,"8",.0,"8",.0,"8",.0,"8",0,"8",0,"8",0,"8","","",0,"8",0,"8"
"352190360","P£OCK","2006","05","02","01","4","",0,"8",0,"8","","","",6,"",0,"8",0,"8",8,"",200,"",3,"",0,"",9.5,"",.0,"8","U","",10.6,"",89,"",7.8,"",1002.6,"",1015.9,"",2,.4,"",.0,"8",0,"8","10","2","8","","5","","","/","","","/","","",0,"8",.0,"8",.0,"8","","8",0,"8","","",.0,"8",.0,"8",.0,"8",.0,"8",.0,"8",.0,"8",.0,"8",.0,"8",.0,"8",0,"8",0,"8",0,"8","","",0,"8",0,"8"
"352190360","P£OCK","2006","05","02","02","5","",0,"8",0,"8","","","",6,"",0,"8",0,"8",7,"",210,"",3,"",0,"",9.0,"",.0,"8","U","",10.4,"",91,"",7.6,"",1003.2,"",1016.5,"",3,.9,"",.0,"8",0,"8","10","2","7","","5","","","/","","","/","","",0,"8",.0,"8",.0,"8","","8",0,"8","","",.0,"8",.0,"8",.0,"8",.0,"8",.0,"8",.0,"8",.0,"8",.0,"8",.0,"8",0,"8",0,"8",0,"8","","",0,"8",0,"8"
"352190360","P£OCK","2006","05","02","03","5","",0,"8",0,"8","","","",6,"",0,"8",0,"8",3,"",180,"",2,"",0,"",8.2,"",.0,"8","U","",10.0,"",92,"",7.0,"",1003.6,"",1016.9,"",2,1.3,"",.0,"8",0,"8","10","1","1","","5","","","3","","","1","","",0,"8",.0,"8",.0,"8","","8",0,"8","","",.0,"8",.0,"8",.0,"8",.0,"8",.0,"8",.0,"8",.0,"8",.0,"8",.0,"8",0,"8",0,"8",0,"8","","",0,"8",0,"8"
"352190360","P£OCK","2006","05","02","04","9","",0,"8",0,"8","","","",5,"",0,"8",0,"8",5,"",150,"",2,"",0,"",7.7,"",.0,"8","U","",9.9,"",94,"",6.8,"",1004.1,"",1017.5,"",2,1.5,"",.0,"8",0,"8","10","1","1","","0","","","3","","","6","","",0,"8",.0,"8",.0,"8","","8",0,"8","","",.0,"8",.0,"8",.0,"8",.0,"8",.0,"8",.0,"8",.0,"8",.0,"8",.0,"8",0,"8",0,"8",0,"8","","",0,"8",0,"8"
"352190360","P£OCK","2006","05","02","05","9","",0,"8",0,"8","","","",6,"",0,"8",0,"8",7,"",160,"",2,"",0,"",8.6,"",.0,"8","U","",10.4,"",93,"",7.5,"",1004.9,"",1018.2,"",3,1.7,"",.0,"8",0,"8","10","2","0","","0","","","0","","","6","","",0,"8",.0,"8",.0,"8","","8",0,"8","","",.0,"8",.0,"8",.0,"8",.0,"8",.0,"8",.0,"8",.0,"8",.0,"8",.0,"8",0,"8",0,"8",0,"8","","",0,"8",0,"8"
"352190360","P£OCK","2006","05","02","06","4","",0,"8",0,"8","","","",6,"",0,"8",0,"8",8,"",180,"",3,"",0,"",9.3,"",.0,"8","U","",10.2,"",87,"",7.2,"",1005.5,"",1018.8,"",2,1.9,"",.0,"9",0,"9","10","1","1","","5","","","0","","","7","","",2,"",.0,"8",.0,"8","","8",0,"8","","",.0,"8",.0,"8",.0,"8",.0,"8",.0,"8",.0,"8",.0,"8",.0,"8",.0,"8",0,"8",0,"8",0,"8","","",0,"8",0,"8"
"352190360","P£OCK","2006","05","02","07","4","",0,"8",0,"8","","","",6,"",0,"8",0,"8",8,"",160,"",3,"",0,"",10.4,"",.0,"8","U","",10.5,"",83,"",7.6,"",1005.9,"",1019.2,"",1,1.8,"",.0,"8",0,"8","10","2","1","","5","","","0","","","7","","",0,"8",.0,"8",.0,"8","","8",0,"8","","",.0,"8",.0,"8",.0,"8",.0,"8",.0,"8",.0,"8",.0,"8",.0,"8",.0,"8",0,"8",0,"8",0,"8","","",0,"8",0,"8"
"352190360","P£OCK","2006","05","02","08","9","",0,"8",0,"8","","","",7,"",0,"8",0,"8",8,"",140,"",4,"",0,"",11.7,"",.0,"8","U","",9.6,"",70,"",6.4,"",1006.2,"",1019.4,"",1,1.3,"",.0,"8",0,"8","01","2","0","","0","","","0","","","7","","",0,"8",.0,"8",.0,"8","","8",0,"8","","",.0,"8",.0,"8",.0,"8",.0,"8",.0,"8",.0,"8",.0,"8",.0,"8",.0,"8",0,"8",0,"8",0,"8","","",0,"8",0,"8"
"352190360","P£OCK","2006","05","02","09","9","",0,"8",0,"8","","","",7,"",0,"8",0,"8",8,"",160,"",3,"",0,"",12.5,"",.0,"8","U","",9.4,"",65,"",6.1,"",1006.7,"",1019.9,"",2,1.2,"",.0,"8",0,"8","02","2","0","","0","","","0","","","7","","",0,"8",.0,"8",.0,"8","","8",0,"8","","",.0,"8",.0,"8",.0,"8",.0,"8",.0,"8",.0,"8",.0,"8",.0,"8",.0,"8",0,"8",0,"8",0,"8","","",0,"8",0,"8"
"352190360","P£OCK","2006","05","02","10","9","",0,"8",0,"8","","","",7,"",0,"8",0,"8",8,"",170,"",4,"",0,"",13.2,"",.0,"8","U","",7.7,"",51,"",3.3,"",1007.0,"",1020.2,"",2,1.1,"",.0,"8",0,"8","02","2","0","","0","","","0","","","7","","",0,"8",.0,"8",.0,"8","","8",0,"8","","",.0,"8",.0,"8",.0,"8",.0,"8",.0,"8",.0,"8",.0,"8",.0,"8",.0,"8",0,"8",0,"8",0,"8","","",0,"8",0,"8"
"352190360","P£OCK","2006","05","02","11","9","",0,"8",0,"8","","","",7,"",0,"8",0,"8",8,"",170,"",3,"",0,"",14.0,"",.0,"8","U","",8.0,"",50,"",3.7,"",1007.1,"",1020.2,"",1,.9,"",.0,"8",0,"8","02","2","0","","0","","","0","","","7","","",0,"8",.0,"8",.0,"8","","8",0,"8","","",.0,"8",.0,"8",.0,"8",.0,"8",.0,"8",.0,"8",.0,"8",.0,"8",.0,"8",0,"8",0,"8",0,"8","","",0,"8",0,"8"
"352190360","P£OCK","2006","05","02","12","9","",0,"8",0,"8","","","",8,"",0,"8",0,"8",8,"",130,"",4,"",0,"",14.9,"",.0,"8","U","",8.3,"",49,"",4.3,"",1007.2,"",1020.3,"",1,.5,"",.0,"9",0,"9","03","2","1","","0","","","3","","","7","","",2,"",.0,"8",.0,"8","","8",0,"8","","",.0,"8",.0,"8",.0,"8",.0,"8",.0,"8",.0,"8",.0,"8",.0,"8",.0,"8",0,"8",0,"8",0,"8","","",0,"8",0,"8"
"352190360","P£OCK","2006","05","02","13","9","",0,"8",0,"8","","","",8,"",0,"8",0,"8",8,"",140,"",4,"",0,"",15.4,"",.0,"8","U","",7.7,"",44,"",3.2,"",1007.4,"",1020.5,"",2,.4,"",.0,"8",0,"8","03","2","2","","0","","","3","","","7","","",0,"8",.0,"8",.0,"8","","8",0,"8","","",.0,"8",.0,"8",.0,"8",.0,"8",.0,"8",.0,"8",.0,"8",.0,"8",.0,"8",0,"8",0,"8",0,"8","","",0,"8",0,"8"
"352190360","P£OCK","2006","05","02","14","6","",0,"8",0,"8","","","",8,"",0,"8",0,"8",7,"",130,"",4,"",0,"",15.8,"",.0,"8","U","",8.1,"",45,"",3.9,"",1007.4,"",1020.4,"",1,.3,"",.0,"8",0,"8","03","2","1","","3","","","3","","","8","","",0,"8",.0,"8",.0,"8","","8",0,"8","","",.0,"8",.0,"8",.0,"8",.0,"8",.0,"8",.0,"8",.0,"8",.0,"8",.0,"8",0,"8",0,"8",0,"8","","",0,"8",0,"8"
"352190360","P£OCK","2006","05","02","15","6","",0,"8",0,"8","","","",8,"",0,"8",0,"8",7,"",120,"",4,"",0,"",15.8,"",.0,"8","U","",7.5,"",42,"",2.9,"",1007.4,"",1020.4,"",1,.2,"",.0,"8",0,"8","03","2","1","","3","","","3","","","8","","",0,"8",.0,"8",.0,"8","","8",0,"8","","",.0,"8",.0,"8",.0,"8",.0,"8",.0,"8",.0,"8",.0,"8",.0,"8",.0,"8",0,"8",0,"8",0,"8","","",0,"8",0,"8"
"352190360","P£OCK","2006","05","02","16","6","",0,"8",0,"8","","","",8,"",0,"8",0,"8",7,"",130,"",3,"",0,"",15.5,"",.0,"8","U","",7.7,"",44,"",3.3,"",1007.7,"",1020.8,"",3,.3,"",.0,"8",0,"8","01","2","3","","5","","","3","","","8","","",0,"8",.0,"8",.0,"8","","8",0,"8","","",.0,"8",.0,"8",.0,"8",.0,"8",.0,"8",.0,"8",.0,"8",.0,"8",.0,"8",0,"8",0,"8",0,"8","","",0,"8",0,"8"
"352190360","P£OCK","2006","05","02","17","6","",0,"8",0,"8","","","",8,"",0,"8",0,"8",7,"",120,"",3,"",0,"",14.7,"",.0,"8","U","",8.8,"",53,"",5.2,"",1007.9,"",1021.0,"",3,.5,"",.0,"8",0,"8","03","2","2","","3","","","5","","","8","","",0,"8",.0,"8",.0,"8","","8",0,"8","","",.0,"8",.0,"8",.0,"8",.0,"8",.0,"8",.0,"8",.0,"8",.0,"8",.0,"8",0,"8",0,"8",0,"8","","",0,"8",0,"8"
"352190360","P£OCK","2006","05","02","18","6","",0,"8",0,"8","","","",8,"",0,"8",0,"8",6,"",100,"",2,"",0,"",13.5,"",.0,"8","U","",9.1,"",59,"",5.6,"",1008.2,"",1021.4,"",2,.8,"",.0,"9",0,"9","01","2","1","","3","","","7","","","8","","",2,"",.0,"8",.0,"8","","8",0,"8","","",.0,"8",.0,"8",.0,"8",.0,"8",.0,"8",.0,"8",.0,"8",.0,"8",.0,"8",0,"8",0,"8",0,"8","","",0,"8",0,"8"
"352190360","P£OCK","2006","05","02","19","9","",0,"8",0,"8","","","",8,"",0,"8",0,"8",6,"",90,"",3,"",0,"",12.4,"",.0,"8","U","",8.2,"",57,"",4.1,"",1008.8,"",1022.0,"",3,1.1,"",.0,"8",0,"8","01","2","3","","0","","","3","","","8","","",0,"8",.0,"8",.0,"8","","8",0,"8","","",.0,"8",.0,"8",.0,"8",.0,"8",.0,"8",.0,"8",.0,"8",.0,"8",.0,"8",0,"8",0,"8",0,"8","","",0,"8",0,"8"
"352190360","P£OCK","2006","05","02","20","9","",0,"8",0,"8","","","",7,"",0,"8",0,"8",7,"",110,"",2,"",0,"",11.3,"",.0,"8","U","",8.6,"",64,"",4.7,"",1009.1,"",1022.4,"",2,1.2,"",.0,"8",0,"8","03","2","7","","0","","","5","","","/","","",0,"8",.0,"8",.0,"8","","8",0,"8","","",.0,"8",.0,"8",.0,"8",.0,"8",.0,"8",.0,"8",.0,"8",.0,"8",.0,"8",0,"8",0,"8",0,"8","","",0,"8",0,"8"
"352190360","P£OCK","2006","05","02","21","9","",0,"8",0,"8","","","",7,"",0,"8",0,"8",3,"",90,"",2,"",0,"",10.7,"",.0,"8","U","",8.6,"",67,"",4.8,"",1009.1,"",1022.4,"",1,.9,"",.0,"8",0,"8","01","1","3","","0","","","3","","","0","","",0,"8",.0,"8",.0,"8","","8",0,"8","","",.0,"8",.0,"8",.0,"8",.0,"8",.0,"8",.0,"8",.0,"8",.0,"8",.0,"8",0,"8",0,"8",0,"8","","",0,"8",0,"8"
"352190360","P£OCK","2006","05","02","22","9","",0,"8",0,"8","","","",7,"",0,"8",0,"8",1,"",100,"",2,"",0,"",9.4,"",.0,"8","U","",8.5,"",72,"",4.6,"",1009.4,"",1022.8,"",2,.6,"",.0,"8",0,"8","01","0","1","","0","","","3","","","0","","",0,"8",.0,"8",.0,"8","","8",0,"8","","",.0,"8",.0,"8",.0,"8",.0,"8",.0,"8",.0,"8",.0,"8",.0,"8",.0,"8",0,"8",0,"8",0,"8","","",0,"8",0,"8"
"352190360","P£OCK","2006","05","02","23","9","",0,"8",0,"8","","","",7,"",0,"8",0,"8",0,"",120,"",3,"",0,"",9.3,"",.0,"8","U","",8.8,"",75,"",5.1,"",1009.6,"",1023.0,"",3,.5,"",.0,"8",0,"8","01","0","0","","0","","","0","","","0","","",0,"8",.0,"8",.0,"8","","8",0,"8","","",.0,"8",.0,"8",.0,"8",.0,"8",.0,"8",.0,"8",.0,"8",.0,"8",.0,"8",0,"8",0,"8",0,"8","","",0,"8",0,"8"
"352190360","P£OCK","2006","05","03","00","9","",0,"8",0,"8","","","",7,"",0,"8",0,"8",1,"",120,"",3,"",0,"",8.3,"",.0,"8","U","",8.7,"",80,"",5.0,"",1009.9,"",1023.3,"",2,.8,"",.0,"9",0,"9","03","1","0","","0","","","0","","","1","","",2,"",.0,"8",.0,"8","","8",0,"8","","",.0,"8",.0,"8",.0,"8",.0,"8",.0,"8",.0,"8",.0,"8",.0,"8",.0,"8",0,"8",0,"8",0,"8","","",0,"8",0,"8"
"352190360","P£OCK","2006","05","03","01","9","",0,"8",0,"8","","","",7,"",0,"8",0,"8",1,"",110,"",2,"",0,"",7.9,"",.0,"8","U","",8.7,"",82,"",5.0,"",1010.1,"",1023.5,"",2,.7,"",.0,"8",0,"8","02","0","0","","0","","","0","","","1","","",0,"8",.0,"8",.0,"8","","8",0,"8","","",.0,"8",.0,"8",.0,"8",.0,"8",.0,"8",.0,"8",.0,"8",.0,"8",.0,"8",0,"8",0,"8",0,"8","","",0,"8",0,"8"
"352190360","P£OCK","2006","05","03","02","9","",0,"8",0,"8","","","",7,"",0,"8",0,"8",2,"",110,"",2,"",0,"",7.7,"",.0,"8","U","",8.9,"",85,"",5.3,"",1010.3,"",1023.8,"",2,.7,"",.0,"8",0,"8","03","0","1","","0","","","3","","","1","","",0,"8",.0,"8",.0,"8","","8",0,"8","","",.0,"8",.0,"8",.0,"8",.0,"8",.0,"8",.0,"8",.0,"8",.0,"8",.0,"8",0,"8",0,"8",0,"8","","",0,"8",0,"8"
"352190360","P£OCK","2006","05","03","03","9","",0,"8",0,"8","","","",7,"",0,"8",0,"8",1,"",110,"",2,"",0,"",7.2,"",.0,"8","U","",8.9,"",88,"",5.3,"",1010.6,"",1024.1,"",2,.7,"",.0,"8",0,"8","01","0","1","","0","","","3","","","0","","",0,"8",.0,"8",.0,"8","","8",0,"8","","",.0,"8",.0,"8",.0,"8",.0,"8",.0,"8",.0,"8",.0,"8",.0,"8",.0,"8",0,"8",0,"8",0,"8","","",0,"8",0,"8"
"352190360","P£OCK","2006","05","03","04","9","",0,"8",0,"8","","","",6,"",0,"8",0,"8",1,"",100,"",3,"",0,"",7.8,"",.0,"8","U","",9.6,"",91,"",6.4,"",1011.1,"",1024.6,"",3,1.0,"",.0,"8",0,"8","10","0","1","","0","","","3","","","0","","",0,"8",.0,"8",.0,"8","","8",0,"8","","",.0,"8",.0,"8",.0,"8",.0,"8",.0,"8",.0,"8",.0,"8",.0,"8",.0,"8",0,"8",0,"8",0,"8","","",0,"8",0,"8"
"352190360","P£OCK","2006","05","03","05","9","",0,"8",0,"8","","","",6,"",0,"8",0,"8",1,"",110,"",3,"",0,"",9.8,"",.0,"8","U","",10.8,"",89,"",8.1,"",1011.5,"",1024.9,"",2,1.2,"",.0,"8",0,"8","10","0","1","","0","","","3","","","0","","",0,"8",.0,"8",.0,"8","","8",0,"8","","",.0,"8",.0,"8",.0,"8",.0,"8",.0,"8",.0,"8",.0,"8",.0,"8",.0,"8",0,"8",0,"8",0,"8","","",0,"8",0,"8"
"352190360","P£OCK","2006","05","03","06","9","",0,"8",0,"8","","","",6,"",0,"8",0,"8",1,"",110,"",3,"",0,"",12.2,"",.0,"8","U","",11.9,"",84,"",9.6,"",1011.7,"",1025.0,"",1,1.1,"",.0,"9",0,"9","10","0","1","","0","","","3","","","0","","",2,"",.0,"8",.0,"8","","8",0,"8","","",.0,"8",.0,"8",.0,"8",.0,"8",.0,"8",.0,"8",.0,"8",.0,"8",.0,"8",0,"8",0,"8",0,"8","","",0,"8",0,"8"
"352190360","P£OCK","2006","05","03","07","9","",0,"8",0,"8","","","",7,"",0,"8",0,"8",1,"",100,"",4,"",0,"",14.6,"",.0,"8","U","",12.4,"",75,"",10.2,"",1012.1,"",1025.3,"",2,1.0,"",.0,"8",0,"8","02","0","1","","0","","","3","","","0","","",0,"8",.0,"8",.0,"8","","8",0,"8","","",.0,"8",.0,"8",.0,"8",.0,"8",.0,"8",.0,"8",.0,"8",.0,"8",.0,"8",0,"8",0,"8",0,"8","","",0,"8",0,"8"
"352190360","P£OCK","2006","05","03","08","9","",0,"8",0,"8","","","",7,"",0,"8",0,"8",1,"",100,"",4,"",0,"",15.6,"",.0,"8","U","",12.0,"",68,"",9.7,"",1012.3,"",1025.4,"",2,.8,"",.0,"8",0,"8","01","0","0","","0","","","0","","","1","","",0,"8",.0,"8",.0,"8","","8",0,"8","","",.0,"8",.0,"8",.0,"8",.0,"8",.0,"8",.0,"8",.0,"8",.0,"8",.0,"8",0,"8",0,"8",0,"8","","",0,"8",0,"8"
"352190360","P£OCK","2006","05","03","09","7","",0,"8",0,"8","","","",8,"",0,"8",0,"8",2,"",110,"",5,"",0,"",16.3,"",.0,"8","U","",10.9,"",59,"",8.3,"",1012.4,"",1025.5,"",1,.7,"",.0,"8",0,"8","03","0","1","","1","","","0","","","1","","",0,"8",.0,"8",.0,"8","","8",0,"8","","",.0,"8",.0,"8",.0,"8",.0,"8",.0,"8",.0,"8",.0,"8",.0,"8",.0,"8",0,"8",0,"8",0,"8","","",0,"8",0,"8"
"352190360","P£OCK","2006","05","03","10","7","",0,"8",0,"8","","","",7,"",0,"8",0,"8",2,"",120,"",5,"",0,"",17.0,"",.0,"8","U","",11.4,"",59,"",8.9,"",1012.3,"",1025.3,"",0,.2,"",.0,"8",0,"8","03","0","2","","2","","","0","","","0","","",0,"8",.0,"8",.0,"8","","8",0,"8","","",.0,"8",.0,"8",.0,"8",.0,"8",.0,"8",.0,"8",.0,"8",.0,"8",.0,"8",0,"8",0,"8",0,"8","","",0,"8",0,"8"
"352190360","P£OCK","2006","05","03","11","6","",0,"8",0,"8","","","",7,"",0,"8",0,"8",3,"",110,"",4,"",0,"",17.9,"",.0,"8","U","",11.7,"",57,"",9.3,"",1012.3,"",1025.3,"",4,.0,"",.0,"8",0,"8","03","0","3","","2","","","0","","","0","","",0,"8",.0,"8",.0,"8","","8",0,"8","","",.0,"8",.0,"8",.0,"8",.0,"8",.0,"8",.0,"8",.0,"8",.0,"8",.0,"8",0,"8",0,"8",0,"8","","",0,"8",0,"8"
"352190360","P£OCK","2006","05","03","12","6","",0,"8",0,"8","","","",8,"",0,"8",0,"8",3,"",110,"",4,"",0,"",18.4,"",.0,"8","U","",10.6,"",50,"",7.8,"",1012.3,"",1025.3,"",6,-.1,"",.0,"9",0,"9","02","0","3","","2","","","0","","","0","","",1,"",.0,"8",.0,"8","","8",0,"8","","",.0,"8",.0,"8",.0,"8",.0,"8",.0,"8",.0,"8",.0,"8",.0,"8",.0,"8",0,"8",0,"8",0,"8","","",0,"8",0,"8"
"352190360","P£OCK","2006","05","03","13","6","",0,"8",0,"8","","","",8,"",0,"8",0,"8",4,"",100,"",5,"",0,"",18.8,"",.0,"8","U","",10.0,"",46,"",6.9,"",1012.3,"",1025.3,"",4,.0,"",.0,"8",0,"8","03","0","4","","2","","","0","","","0","","",0,"8",.0,"8",.0,"8","","8",0,"8","","",.0,"8",.0,"8",.0,"8",.0,"8",.0,"8",.0,"8",.0,"8",.0,"8",.0,"8",0,"8",0,"8",0,"8","","",0,"8",0,"8"
"352190360","P£OCK","2006","05","03","14","7","",0,"8",0,"8","","","",8,"",0,"8",0,"8",4,"",120,"",4,"",0,"",19.1,"",.0,"8","U","",9.3,"",42,"",5.9,"",1012.2,"",1025.1,"",8,-.1,"",.0,"8",0,"8","03","0","3","","3","","","3","","","1","","",0,"8",.0,"8",.0,"8","","8",0,"8","","",.0,"8",.0,"8",.0,"8",.0,"8",.0,"8",.0,"8",.0,"8",.0,"8",.0,"8",0,"8",0,"8",0,"8","","",0,"8",0,"8"
"352190360","P£OCK","2006","05","03","15","7","",0,"8",0,"8","","","",8,"",0,"8",0,"8",4,"",80,"",3,"",0,"",19.3,"",.0,"8","U","",8.7,"",39,"",5.0,"",1012.3,"",1025.2,"",5,.0,"",.0,"8",0,"8","01","0","2","","2","","","3","","","1","","",0,"8",.0,"8",.0,"8","","8",0,"8","","",.0,"8",.0,"8",.0,"8",.0,"8",.0,"8",.0,"8",.0,"8",.0,"8",.0,"8",0,"8",0,"8",0,"8","","",0,"8",0,"8"
"352190360","P£OCK","2006","05","03","16","7","",0,"8",0,"8","","","",8,"",0,"8",0,"8",4,"",130,"",3,"",0,"",18.1,"",.0,"8","U","",9.9,"",48,"",6.9,"",1012.4,"",1025.4,"",3,.1,"",.0,"8",0,"8","02","0","2","","2","","","3","","","1","","",0,"8",.0,"8",.0,"8","","8",0,"8","","",.0,"8",.0,"8",.0,"8",.0,"8",.0,"8",.0,"8",.0,"8",.0,"8",.0,"8",0,"8",0,"8",0,"8","","",0,"8",0,"8"
"352190360","P£OCK","2006","05","03","17","7","",0,"8",0,"8","","","",8,"",0,"8",0,"8",3,"",90,"",4,"",0,"",17.6,"",.0,"8","U","",9.4,"",47,"",6.1,"",1012.7,"",1025.7,"",3,.5,"",.0,"8",0,"8","01","0","1","","1","","","3","","","1","","",0,"8",.0,"8",.0,"8","","8",0,"8","","",.0,"8",.0,"8",.0,"8",.0,"8",.0,"8",.0,"8",.0,"8",.0,"8",.0,"8",0,"8",0,"8",0,"8","","",0,"8",0,"8"
"352190360","P£OCK","2006","05","03","18","7","",0,"8",0,"8","","","",8,"",0,"8",0,"8",2,"",70,"",2,"",0,"",15.5,"",.0,"8","U","",9.7,"",55,"",6.5,"",1013.2,"",1026.3,"",3,.9,"",.0,"9",0,"9","01","0","1","","4","","","0","","","1","","",1,"",.0,"8",.0,"8","","8",0,"8","","",.0,"8",.0,"8",.0,"8",.0,"8",.0,"8",.0,"8",.0,"8",.0,"8",.0,"8",0,"8",0,"8",0,"8","","",0,"8",0,"8"
"352190360","P£OCK","2006","05","03","19","9","",0,"8",0,"8","","","",8,"",0,"8",0,"8",0,"",70,"",3,"",0,"",13.9,"",.0,"8","U","",9.5,"",60,"",6.3,"",1013.7,"",1026.9,"",3,1.3,"",.0,"8",0,"8","01","0","0","","0","","","0","","","0","","",0,"8",.0,"8",.0,"8","","8",0,"8","","",.0,"8",.0,"8",.0,"8",.0,"8",.0,"8",.0,"8",.0,"8",.0,"8",.0,"8",0,"8",0,"8",0,"8","","",0,"8",0,"8"
"352190360","P£OCK","2006","05","03","20","9","",0,"8",0,"8","","","",7,"",0,"8",0,"8",0,"",80,"",3,"",0,"",12.9,"",.0,"8","U","",9.4,"",63,"",6.0,"",1014.1,"",1027.4,"",2,1.4,"",.0,"8",0,"8","02","0","0","","0","","","0","","","0","","",0,"8",.0,"8",.0,"8","","8",0,"8","","",.0,"8",.0,"8",.0,"8",.0,"8",.0,"8",.0,"8",.0,"8",.0,"8",.0,"8",0,"8",0,"8",0,"8","","",0,"8",0,"8"
"352190360","P£OCK","2006","05","03","21","9","",0,"8",0,"8","","","",7,"",0,"8",0,"8",0,"",80,"",3,"",0,"",12.2,"",.0,"8","U","",9.1,"",64,"",5.6,"",1014.2,"",1027.5,"",1,1.0,"",.0,"8",0,"8","02","0","0","","0","","","0","","","0","","",0,"8",.0,"8",.0,"8","","8",0,"8","","",.0,"8",.0,"8",.0,"8",.0,"8",.0,"8",.0,"8",.0,"8",.0,"8",.0,"8",0,"8",0,"8",0,"8","","",0,"8",0,"8"
"352190360","P£OCK","2006","05","03","22","9","",0,"8",0,"8","","","",7,"",0,"8",0,"8",0,"",80,"",3,"",0,"",11.4,"",.0,"8","U","",8.6,"",64,"",4.8,"",1014.5,"",1027.8,"",2,.8,"",.0,"8",0,"8","02","0","0","","0","","","0","","","0","","",0,"8",.0,"8",.0,"8","","8",0,"8","","",.0,"8",.0,"8",.0,"8",.0,"8",.0,"8",.0,"8",.0,"8",.0,"8",.0,"8",0,"8",0,"8",0,"8","","",0,"8",0,"8"
"352190360","P£OCK","2006","05","03","23","9","",0,"8",0,"8","","","",7,"",0,"8",0,"8",0,"",80,"",3,"",0,"",11.1,"",.0,"8","U","",8.3,"",63,"",4.3,"",1014.5,"",1027.8,"",1,.4,"",.0,"8",0,"8","02","0","0","","0","","","0","","","0","","",0,"8",.0,"8",.0,"8","","8",0,"8","","",.0,"8",.0,"8",.0,"8",.0,"8",.0,"8",.0,"8",.0,"8",.0,"8",.0,"8",0,"8",0,"8",0,"8","","",0,"8",0,"8"
"352190360","P£OCK","2006","05","04","00","9","",0,"8",0,"8","","","",7,"",0,"8",0,"8",0,"",80,"",3,"",0,"",10.0,"",.0,"8","U","",8.3,"",68,"",4.4,"",1014.7,"",1028.1,"",2,.5,"",.0,"9",0,"9","02","0","0","","0","","","0","","","0","","",1,"",.0,"8",.0,"8","","8",0,"8","","",.0,"8",.0,"8",.0,"8",.0,"8",.0,"8",.0,"8",.0,"8",.0,"8",.0,"8",0,"8",0,"8",0,"8","","",0,"8",0,"8"
"352190360","P£OCK","2006","05","04","01","9","",0,"8",0,"8","","","",7,"",0,"8",0,"8",0,"",90,"",3,"",0,"",9.7,"",.0,"8","U","",8.1,"",67,"",3.9,"",1014.9,"",1028.3,"",3,.4,"",.0,"8",0,"8","02","0","0","","0","","","0","","","0","","",0,"8",.0,"8",.0,"8","","8",0,"8","","",.0,"8",.0,"8",.0,"8",.0,"8",.0,"8",.0,"8",.0,"8",.0,"8",.0,"8",0,"8",0,"8",0,"8","","",0,"8",0,"8"
"352190360","P£OCK","2006","05","04","02","9","",0,"8",0,"8","","","",7,"",0,"8",0,"8",0,"",90,"",3,"",0,"",9.1,"",.0,"8","U","",8.3,"",72,"",4.3,"",1015.3,"",1028.8,"",3,.8,"",.0,"8",0,"8","02","0","0","","0","","","0","","","0","","",0,"8",.0,"8",.0,"8","","8",0,"8","","",.0,"8",.0,"8",.0,"8",.0,"8",.0,"8",.0,"8",.0,"8",.0,"8",.0,"8",0,"8",0,"8",0,"8","","",0,"8",0,"8"
"352190360","P£OCK","2006","05","04","03","9","",0,"8",0,"8","","","",7,"",0,"8",0,"8",0,"",90,"",3,"",0,"",8.8,"",.0,"8","U","",8.5,"",75,"",4.6,"",1015.7,"",1029.2,"",3,1.0,"",.0,"8",0,"8","02","0","0","","0","","","0","","","0","","",0,"8",.0,"8",.0,"8","","8",0,"8","","",.0,"8",.0,"8",.0,"8",.0,"8",.0,"8",.0,"8",.0,"8",.0,"8",.0,"8",0,"8",0,"8",0,"8","","",0,"8",0,"8"
"352190360","P£OCK","2006","05","04","04","9","",0,"8",0,"8","","","",7,"",0,"8",0,"8",0,"",90,"",3,"",0,"",9.3,"",.0,"8","U","",8.5,"",73,"",4.7,"",1016.4,"",1029.9,"",3,1.5,"",.0,"8",0,"8","02","0","0","","0","","","0","","","0","","",0,"8",.0,"8",.0,"8","","8",0,"8","","",.0,"8",.0,"8",.0,"8",.0,"8",.0,"8",.0,"8",.0,"8",.0,"8",.0,"8",0,"8",0,"8",0,"8","","",0,"8",0,"8"
"352190360","P£OCK","2006","05","04","05","9","",0,"8",0,"8","","","",7,"",0,"8",0,"8",0,"",90,"",3,"",0,"",10.4,"",.0,"8","U","",8.7,"",69,"",5.0,"",1017.0,"",1030.4,"",2,1.7,"",.0,"8",0,"8","02","0","0","","0","","","0","","","0","","",0,"8",.0,"8",.0,"8","","8",0,"8","","",.0,"8",.0,"8",.0,"8",.0,"8",.0,"8",.0,"8",.0,"8",.0,"8",.0,"8",0,"8",0,"8",0,"8","","",0,"8",0,"8"
"352190360","P£OCK","2006","05","04","06","9","",0,"8",0,"8","","","",7,"",0,"8",0,"8",0,"",100,"",3,"",0,"",12.9,"",.0,"8","U","",9.1,"",61,"",5.6,"",1017.4,"",1030.7,"",1,1.7,"",.0,"9",0,"9","02","0","0","","0","","","0","","","0","","",1,"",.0,"8",.0,"8","","8",0,"8","","",.0,"8",.0,"8",.0,"8",.0,"8",.0,"8",.0,"8",.0,"8",.0,"8",.0,"8",0,"8",0,"8",0,"8","","",0,"8",0,"8"
"352190360","P£OCK","2006","05","04","07","9","",0,"8",0,"8","","","",8,"",0,"8",0,"8",0,"",120,"",4,"",0,"",14.8,"",.0,"8","U","",8.2,"",49,"",4.2,"",1017.9,"",1031.1,"",2,1.5,"",.0,"8",0,"8","02","0","0","","0","","","0","","","0","","",0,"8",.0,"8",.0,"8","","8",0,"8","","",.0,"8",.0,"8",.0,"8",.0,"8",.0,"8",.0,"8",.0,"8",.0,"8",.0,"8",0,"8",0,"8",0,"8","","",0,"8",0,"8"
"352190360","P£OCK","2006","05","04","08","9","",0,"8",0,"8","","","",8,"",0,"8",0,"8",0,"",110,"",5,"",0,"",16.8,"",.0,"8","U","",7.8,"",41,"",3.5,"",1018.0,"",1031.1,"",2,1.0,"",.0,"8",0,"8","02","0","0","","0","","","0","","","0","","",0,"8",.0,"8",.0,"8","","8",0,"8","","",.0,"8",.0,"8",.0,"8",.0,"8",.0,"8",.0,"8",.0,"8",.0,"8",.0,"8",0,"8",0,"8",0,"8","","",0,"8",0,"8"
"352190360","P£OCK","2006","05","04","09","9","",0,"8",0,"8","","","",8,"",0,"8",0,"8",0,"",100,"",6,"",0,"",18.1,"",.0,"8","U","",6.0,"",29,"",-.2,"",1017.9,"",1031.0,"",0,.5,"",.0,"8",0,"8","02","0","0","","0","","","0","","","0","","",0,"8",.0,"8",.0,"8","","8",0,"8","","",.0,"8",.0,"8",.0,"8",.0,"8",.0,"8",.0,"8",.0,"8",.0,"8",.0,"8",0,"8",0,"8",0,"8","","",0,"8",0,"8"
"352190360","P£OCK","2006","05","04","10","9","",0,"8",0,"8","","","",8,"",0,"8",0,"8",0,"",100,"",7,"",0,"",19.0,"",.0,"8","U","",5.9,"",27,"",-.4,"",1017.5,"",1030.5,"",8,-.4,"",.0,"8",0,"8","02","0","0","","0","","","0","","","0","","",0,"8",.0,"8",.0,"8","","8",0,"8","","",.0,"8",.0,"8",.0,"8",.0,"8",.0,"8",.0,"8",.0,"8",.0,"8",.0,"8",0,"8",0,"8",0,"8","","",0,"8",0,"8"
"352190360","P£OCK","2006","05","04","11","9","",0,"8",0,"8","","","",8,"",0,"8",0,"8",0,"",120,"",8,"",0,"",19.3,"",.0,"8","U","",5.1,"",23,"",-2.4,"",1017.1,"",1030.1,"",8,-.9,"",.0,"8",0,"8","02","0","0","","0","","","0","","","0","","",0,"8",.0,"8",.0,"8","","8",0,"8","","",.0,"8",.0,"8",.0,"8",.0,"8",.0,"8",.0,"8",.0,"8",.0,"8",.0,"8",0,"8",0,"8",0,"8","","",0,"8",0,"8"
"352190360","P£OCK","2006","05","04","12","9","",0,"8",0,"8","","","",8,"",0,"8",0,"8",0,"",100,"",7,"",0,"",20.1,"",.0,"8","U","",5.9,"",25,"",-.6,"",1017.0,"",1030.0,"",6,-.9,"",.0,"9",0,"9","02","0","0","","0","","","0","","","0","","",1,"",.0,"8",.0,"8","","8",0,"8","","",.0,"8",.0,"8",.0,"8",.0,"8",.0,"8",.0,"8",.0,"8",.0,"8",.0,"8",0,"8",0,"8",0,"8","","",0,"8",0,"8"
"352190360","P£OCK","2006","05","04","13","9","",0,"8",0,"8","","","",8,"",0,"8",0,"8",0,"",100,"",7,"",13,"",20.4,"",.0,"8","U","",5.3,"",22,"",-2.1,"",1016.8,"",1029.8,"",7,-.7,"",.0,"8",0,"8","02","0","0","","0","","","0","","","0","","",0,"8",.0,"8",.0,"8","","8",0,"8","","",.0,"8",.0,"8",.0,"8",.0,"8",.0,"8",.0,"8",.0,"8",.0,"8",.0,"8",0,"8",0,"8",0,"8","","",0,"8",0,"8"
"352190360","P£OCK","2006","05","04","14","9","",0,"8",0,"8","","","",8,"",0,"8",0,"8",0,"",100,"",6,"",0,"",20.8,"",.0,"8","U","",5.9,"",24,"",-.5,"",1016.5,"",1029.4,"",8,-.6,"",.0,"8",0,"8","02","0","0","","0","","","0","","","0","","",0,"8",.0,"8",.0,"8","","8",0,"8","","",.0,"8",.0,"8",.0,"8",.0,"8",.0,"8",.0,"8",.0,"8",.0,"8",.0,"8",0,"8",0,"8",0,"8","","",0,"8",0,"8"
"352190360","P£OCK","2006","05","04","15","9","",0,"8",0,"8","","","",8,"",0,"8",0,"8",0,"",110,"",6,"",0,"",20.4,"",.0,"8","U","",5.5,"",23,"",-1.4,"",1016.4,"",1029.3,"",7,-.6,"",.0,"8",0,"8","02","0","0","","0","","","0","","","0","","",0,"8",.0,"8",.0,"8","","8",0,"8","","",.0,"8",.0,"8",.0,"8",.0,"8",.0,"8",.0,"8",.0,"8",.0,"8",.0,"8",0,"8",0,"8",0,"8","","",0,"8",0,"8"
"352190360","P£OCK","2006","05","04","16","9","",0,"8",0,"8","","","",8,"",0,"8",0,"8",0,"",110,"",4,"",0,"",20.0,"",.0,"8","U","",6.3,"",27,"",.4,"",1016.4,"",1029.4,"",6,-.4,"",.0,"8",0,"8","02","0","0","","0","","","0","","","0","","",0,"8",.0,"8",.0,"8","","8",0,"8","","",.0,"8",.0,"8",.0,"8",.0,"8",.0,"8",.0,"8",.0,"8",.0,"8",.0,"8",0,"8",0,"8",0,"8","","",0,"8",0,"8"
"352190360","P£OCK","2006","05","04","17","9","",0,"8",0,"8","","","",7,"",0,"8",0,"8",0,"",90,"",3,"",0,"",18.7,"",.0,"8","U","",7.1,"",33,"",2.1,"",1016.5,"",1029.5,"",5,.0,"",.0,"8",0,"8","02","0","0","","0","","","0","","","0","","",0,"8",.0,"8",.0,"8","","8",0,"8","","",.0,"8",.0,"8",.0,"8",.0,"8",.0,"8",.0,"8",.0,"8",.0,"8",.0,"8",0,"8",0,"8",0,"8","","",0,"8",0,"8"
"352190360","P£OCK","2006","05","04","18","9","",0,"8",0,"8","","","",7,"",0,"8",0,"8",0,"",70,"",2,"",0,"",16.0,"",.0,"8","U","",7.6,"",42,"",3.1,"",1016.8,"",1029.9,"",3,.4,"",.0,"9",0,"9","02","0","0","","0","","","0","","","0","","",1,"",.0,"8",.0,"8","","8",0,"8","","",.0,"8",.0,"8",.0,"8",.0,"8",.0,"8",.0,"8",.0,"8",.0,"8",.0,"8",0,"8",0,"8",0,"8","","",0,"8",0,"8"
"352190360","P£OCK","2006","05","04","19","9","",0,"8",0,"8","","","",7,"",0,"8",0,"8",0,"",70,"",2,"",0,"",13.8,"",.0,"8","U","",7.7,"",49,"",3.3,"",1017.1,"",1030.4,"",3,.7,"",.0,"8",0,"8","02","0","0","","0","","","0","","","0","","",0,"8",.0,"8",.0,"8","","8",0,"8","","",.0,"8",.0,"8",.0,"8",.0,"8",.0,"8",.0,"8",.0,"8",.0,"8",.0,"8",0,"8",0,"8",0,"8","","",0,"8",0,"8"
"352190360","P£OCK","2006","05","04","20","9","",0,"8",0,"8","","","",7,"",0,"8",0,"8",0,"",70,"",2,"",0,"",13.5,"",.0,"8","U","",7.3,"",47,"",2.4,"",1017.2,"",1030.5,"",1,.7,"",.0,"8",0,"8","02","0","0","","0","","","0","","","0","","",0,"8",.0,"8",.0,"8","","8",0,"8","","",.0,"8",.0,"8",.0,"8",.0,"8",.0,"8",.0,"8",.0,"8",.0,"8",.0,"8",0,"8",0,"8",0,"8","","",0,"8",0,"8"
"352190360","P£OCK","2006","05","04","21","9","",0,"8",0,"8","","","",7,"",0,"8",0,"8",0,"",80,"",3,"",0,"",12.7,"",.0,"8","U","",7.2,"",49,"",2.2,"",1017.4,"",1030.7,"",2,.6,"",.0,"8",0,"8","02","0","0","","0","","","0","","","0","","",0,"8",.0,"8",.0,"8","","8",0,"8","","",.0,"8",.0,"8",.0,"8",.0,"8",.0,"8",.0,"8",.0,"8",.0,"8",.0,"8",0,"8",0,"8",0,"8","","",0,"8",0,"8"
"352190360","P£OCK","2006","05","04","22","9","",0,"8",0,"8","","","",7,"",0,"8",0,"8",0,"",70,"",3,"",0,"",12.3,"",.0,"8","U","",7.0,"",49,"",1.9,"",1017.4,"",1030.7,"",1,.3,"",.0,"8",0,"8","02","0","0","","0","","","0","","","0","","",0,"8",.0,"8",.0,"8","","8",0,"8","","",.0,"8",.0,"8",.0,"8",.0,"8",.0,"8",.0,"8",.0,"8",.0,"8",.0,"8",0,"8",0,"8",0,"8","","",0,"8",0,"8"
"352190360","P£OCK","2006","05","04","23","9","",0,"8",0,"8","","","",7,"",0,"8",0,"8",0,"",70,"",3,"",0,"",11.1,"",.0,"8","U","",7.0,"",53,"",1.9,"",1017.4,"",1030.8,"",1,.2,"",.0,"8",0,"8","02","0","0","","0","","","0","","","0","","",0,"8",.0,"8",.0,"8","","8",0,"8","","",.0,"8",.0,"8",.0,"8",.0,"8",.0,"8",.0,"8",.0,"8",.0,"8",.0,"8",0,"8",0,"8",0,"8","","",0,"8",0,"8"
"352190360","P£OCK","2006","05","05","00","9","",0,"8",0,"8","","","",7,"",0,"8",0,"8",0,"",60,"",2,"",0,"",9.5,"",.0,"8","U","",7.4,"",62,"",2.6,"",1017.4,"",1030.9,"",4,.0,"",.0,"9",0,"9","02","0","0","","0","","","0","","","0","","",1,"",.0,"8",.0,"8","","8",0,"8","","",.0,"8",.0,"8",.0,"8",.0,"8",.0,"8",.0,"8",.0,"8",.0,"8",.0,"8",0,"8",0,"8",0,"8","","",0,"8",0,"8"
"352190360","P£OCK","2006","05","05","01","9","",0,"8",0,"8","","","",7,"",0,"8",0,"8",0,"",60,"",2,"",0,"",9.4,"",.0,"8","U","",6.9,"",59,"",1.8,"",1017.5,"",1031.0,"",3,.1,"",.0,"8",0,"8","02","0","0","","0","","","0","","","0","","",0,"8",.0,"8",.0,"8","","8",0,"8","","",.0,"8",.0,"8",.0,"8",.0,"8",.0,"8",.0,"8",.0,"8",.0,"8",.0,"8",0,"8",0,"8",0,"8","","",0,"8",0,"8"
"352190360","P£OCK","2006","05","05","02","9","",0,"8",0,"8","","","",7,"",0,"8",0,"8",0,"",60,"",2,"",0,"",9.2,"",.0,"8","U","",6.9,"",59,"",1.6,"",1017.6,"",1031.1,"",3,.2,"",.0,"8",0,"8","02","0","0","","0","","","0","","","0","","",0,"8",.0,"8",.0,"8","","8",0,"8","","",.0,"8",.0,"8",.0,"8",.0,"8",.0,"8",.0,"8",.0,"8",.0,"8",.0,"8",0,"8",0,"8",0,"8","","",0,"8",0,"8"
"352190360","P£OCK","2006","05","05","03","9","",0,"8",0,"8","","","",7,"",0,"8",0,"8",0,"",60,"",2,"",0,"",8.1,"",.0,"8","U","",7.0,"",65,"",1.9,"",1017.6,"",1031.1,"",1,.2,"",.0,"8",0,"8","02","0","0","","0","","","0","","","0","","",0,"8",.0,"8",.0,"8","","8",0,"8","","",.0,"8",.0,"8",.0,"8",.0,"8",.0,"8",.0,"8",.0,"8",.0,"8",.0,"8",0,"8",0,"8",0,"8","","",0,"8",0,"8"
"352190360","P£OCK","2006","05","05","04","9","",0,"8",0,"8","","","",7,"",0,"8",0,"8",1,"",50,"",2,"",0,"",7.8,"",.0,"8","U","",7.2,"",68,"",2.3,"",1017.8,"",1031.3,"",2,.3,"",.0,"8",0,"8","03","0","1","","0","","","3","","","0","","",0,"8",.0,"8",.0,"8","","8",0,"8","","",.0,"8",.0,"8",.0,"8",.0,"8",.0,"8",.0,"8",.0,"8",.0,"8",.0,"8",0,"8",0,"8",0,"8","","",0,"8",0,"8"
"352190360","P£OCK","2006","05","05","05","9","",0,"8",0,"8","","","",7,"",0,"8",0,"8",1,"",40,"",2,"",0,"",9.7,"",.0,"8","U","",7.6,"",63,"",3.0,"",1018.1,"",1031.6,"",3,.5,"",.0,"8",0,"8","01","0","0","","0","","","0","","","1","","",0,"8",.0,"8",.0,"8","","8",0,"8","","",.0,"8",.0,"8",.0,"8",.0,"8",.0,"8",.0,"8",.0,"8",.0,"8",.0,"8",0,"8",0,"8",0,"8","","",0,"8",0,"8"
"352190360","P£OCK","2006","05","05","06","9","",0,"8",0,"8","","","",7,"",0,"8",0,"8",1,"",40,"",3,"",0,"",12.0,"",.0,"8","U","",8.1,"",58,"",4.0,"",1018.2,"",1031.6,"",2,.6,"",.0,"9",0,"9","03","0","1","","0","","","3","","","0","","",1,"",.0,"8",.0,"8","","8",0,"8","","",.0,"8",.0,"8",.0,"8",.0,"8",.0,"8",.0,"8",.0,"8",.0,"8",.0,"8",0,"8",0,"8",0,"8","","",0,"8",0,"8"
"352190360","P£OCK","2006","05","05","07","9","",0,"8",0,"8","","","",7,"",0,"8",0,"8",0,"",30,"",3,"",0,"",14.0,"",.0,"8","U","",8.1,"",51,"",4.0,"",1018.1,"",1031.4,"",0,.3,"",.0,"8",0,"8","01","0","0","","0","","","0","","","0","","",0,"8",.0,"8",.0,"8","","8",0,"8","","",.0,"8",.0,"8",.0,"8",.0,"8",.0,"8",.0,"8",.0,"8",.0,"8",.0,"8",0,"8",0,"8",0,"8","","",0,"8",0,"8"
"352190360","P£OCK","2006","05","05","08","9","",0,"8",0,"8","","","",7,"",0,"8",0,"8",0,"",80,"",3,"",0,"",16.3,"",.0,"8","U","",8.0,"",43,"",3.7,"",1018.0,"",1031.2,"",8,-.1,"",.0,"8",0,"8","02","0","0","","0","","","0","","","0","","",0,"8",.0,"8",.0,"8","","8",0,"8","","",.0,"8",.0,"8",.0,"8",.0,"8",.0,"8",.0,"8",.0,"8",.0,"8",.0,"8",0,"8",0,"8",0,"8","","",0,"8",0,"8"
"352190360","P£OCK","2006","05","05","09","9","",0,"8",0,"8","","","",7,"",0,"8",0,"8",0,"",40,"",4,"",0,"",17.9,"",.0,"8","U","",7.0,"",34,"",1.8,"",1017.6,"",1030.7,"",8,-.6,"",.0,"8",0,"8","02","0","0","","0","","","0","","","0","","",0,"8",.0,"8",.0,"8","","8",0,"8","","",.0,"8",.0,"8",.0,"8",.0,"8",.0,"8",.0,"8",.0,"8",.0,"8",.0,"8",0,"8",0,"8",0,"8","","",0,"8",0,"8"
"352190360","P£OCK","2006","05","05","10","9","",0,"8",0,"8","","","",7,"",0,"8",0,"8",0,"",60,"",4,"",0,"",19.7,"",.0,"8","U","",6.6,"",29,"",1.1,"",1017.3,"",1030.3,"",7,-.8,"",.0,"8",0,"8","02","0","0","","0","","","0","","","0","","",0,"8",.0,"8",.0,"8","","8",0,"8","","",.0,"8",.0,"8",.0,"8",.0,"8",.0,"8",.0,"8",.0,"8",.0,"8",.0,"8",0,"8",0,"8",0,"8","","",0,"8",0,"8"
"352190360","P£OCK","2006","05","05","11","9","",0,"8",0,"8","","","",7,"",0,"8",0,"8",0,"",80,"",6,"",0,"",20.6,"",.0,"8","U","",7.0,"",29,"",1.9,"",1016.9,"",1029.8,"",7,-1.1,"",.0,"8",0,"8","02","0","0","","0","","","0","","","0","","",0,"8",.0,"8",.0,"8","","8",0,"8","","",.0,"8",.0,"8",.0,"8",.0,"8",.0,"8",.0,"8",.0,"8",.0,"8",.0,"8",0,"8",0,"8",0,"8","","",0,"8",0,"8"
"352190360","P£OCK","2006","05","05","12","9","",0,"8",0,"8","","","",7,"",0,"8",0,"8",0,"",80,"",5,"",0,"",21.2,"",.0,"8","U","",7.0,"",28,"",2.0,"",1016.6,"",1029.5,"",7,-1.0,"",.0,"9",0,"9","02","0","0","","0","","","0","","","0","","",0,"",.0,"8",.0,"8","","8",0,"8","","",.0,"8",.0,"8",.0,"8",.0,"8",.0,"8",.0,"8",.0,"8",.0,"8",.0,"8",0,"8",0,"8",0,"8","","",0,"8",0,"8"
"352190360","P£OCK","2006","05","05","13","9","",0,"8",0,"8","","","",7,"",0,"8",0,"8",0,"",90,"",6,"",0,"",21.8,"",.0,"8","U","",6.0,"",23,"",-.3,"",1016.2,"",1029.1,"",7,-1.1,"",.0,"8",0,"8","02","0","0","","0","","","0","","","0","","",0,"8",.0,"8",.0,"8","","8",0,"8","","",.0,"8",.0,"8",.0,"8",.0,"8",.0,"8",.0,"8",.0,"8",.0,"8",.0,"8",0,"8",0,"8",0,"8","","",0,"8",0,"8"
"352190360","P£OCK","2006","05","05","14","9","",0,"8",0,"8","","","",7,"",0,"8",0,"8",2,"",70,"",4,"",0,"",21.6,"",.0,"8","U","",5.4,"",21,"",-1.7,"",1015.7,"",1028.6,"",8,-1.2,"",.0,"8",0,"8","03","0","2","","0","","","3","","","0","","",0,"8",.0,"8",.0,"8","","8",0,"8","","",.0,"8",.0,"8",.0,"8",.0,"8",.0,"8",.0,"8",.0,"8",.0,"8",.0,"8",0,"8",0,"8",0,"8","","",0,"8",0,"8"
"352190360","P£OCK","2006","05","05","15","9","",0,"8",0,"8","","","",7,"",0,"8",0,"8",2,"",70,"",3,"",0,"",20.8,"",.0,"8","U","",6.1,"",25,"",.0,"",1015.4,"",1028.3,"",7,-1.2,"",.0,"8",0,"8","02","0","2","","0","","","3","","","0","","",0,"8",.0,"8",.0,"8","","8",0,"8","","",.0,"8",.0,"8",.0,"8",.0,"8",.0,"8",.0,"8",.0,"8",.0,"8",.0,"8",0,"8",0,"8",0,"8","","",0,"8",0,"8"
"352190360","P£OCK","2006","05","05","16","9","",0,"8",0,"8","","","",7,"",0,"8",0,"8",1,"",60,"",2,"",0,"",20.0,"",.0,"8","U","",6.3,"",27,"",.4,"",1015.3,"",1028.2,"",6,-.9,"",.0,"8",0,"8","01","0","1","","0","","","3","","","0","","",0,"8",.0,"8",.0,"8","","8",0,"8","","",.0,"8",.0,"8",.0,"8",.0,"8",.0,"8",.0,"8",.0,"8",.0,"8",.0,"8",0,"8",0,"8",0,"8","","",0,"8",0,"8"
"352190360","P£OCK","2006","05","05","17","9","",0,"8",0,"8","","","",7,"",0,"8",0,"8",1,"",40,"",3,"",0,"",18.4,"",.0,"8","U","",7.0,"",33,"",1.8,"",1015.0,"",1028.0,"",7,-.7,"",.0,"8",0,"8","02","0","1","","0","","","3","","","0","","",0,"8",.0,"8",.0,"8","","8",0,"8","","",.0,"8",.0,"8",.0,"8",.0,"8",.0,"8",.0,"8",.0,"8",.0,"8",.0,"8",0,"8",0,"8",0,"8","","",0,"8",0,"8"
"352190360","P£OCK","2006","05","05","18","9","",0,"8",0,"8","","","",6,"",0,"8",0,"8",2,"",30,"",2,"",0,"",15.9,"",.0,"8","U","",7.8,"",43,"",3.3,"",1015.0,"",1028.1,"",6,-.4,"",.0,"9",0,"9","05","0","0","","0","","","0","","","1","","",0,"",.0,"8",.0,"8","","8",0,"8","","",.0,"8",.0,"8",.0,"8",.0,"8",.0,"8",.0,"8",.0,"8",.0,"8",.0,"8",0,"8",0,"8",0,"8","","",0,"8",0,"8"
"352190360","P£OCK","2006","05","05","19","9","",0,"8",0,"8","","","",6,"",0,"8",0,"8",1,"",30,"",3,"",0,"",14.0,"",.0,"8","U","",7.7,"",48,"",3.2,"",1015.1,"",1028.3,"",5,-.2,"",.0,"8",0,"8","05","0","0","","0","","","0","","","1","","",0,"8",.0,"8",.0,"8","","8",0,"8","","",.0,"8",.0,"8",.0,"8",.0,"8",.0,"8",.0,"8",.0,"8",.0,"8",.0,"8",0,"8",0,"8",0,"8","","",0,"8",0,"8"
"352190360","P£OCK","2006","05","05","20","9","",0,"8",0,"8","","","",6,"",0,"8",0,"8",0,"",30,"",3,"",0,"",14.2,"",.0,"8","U","",6.9,"",43,"",1.8,"",1015.1,"",1028.3,"",1,.1,"",.0,"8",0,"8","05","0","0","","0","","","0","","","0","","",0,"8",.0,"8",.0,"8","","8",0,"8","","",.0,"8",.0,"8",.0,"8",.0,"8",.0,"8",.0,"8",.0,"8",.0,"8",.0,"8",0,"8",0,"8",0,"8","","",0,"8",0,"8"
"352190360","P£OCK","2006","05","05","21","9","",0,"8",0,"8","","","",6,"",0,"8",0,"8",0,"",30,"",4,"",0,"",13.3,"",.0,"8","U","",7.0,"",46,"",1.9,"",1015.0,"",1028.3,"",0,.0,"",.0,"8",0,"8","05","0","0","","0","","","0","","","0","","",0,"8",.0,"8",.0,"8","","8",0,"8","","",.0,"8",.0,"8",.0,"8",.0,"8",.0,"8",.0,"8",.0,"8",.0,"8",.0,"8",0,"8",0,"8",0,"8","","",0,"8",0,"8"
"352190360","P£OCK","2006","05","05","22","9","",0,"8",0,"8","","","",7,"",0,"8",0,"8",0,"",30,"",3,"",0,"",12.2,"",.0,"8","U","",6.8,"",48,"",1.5,"",1014.9,"",1028.2,"",8,-.2,"",.0,"8",0,"8","02","0","0","","0","","","0","","","0","","",0,"8",.0,"8",.0,"8","","8",0,"8","","",.0,"8",.0,"8",.0,"8",.0,"8",.0,"8",.0,"8",.0,"8",.0,"8",.0,"8",0,"8",0,"8",0,"8","","",0,"8",0,"8"
"352190360","P£OCK","2006","05","05","23","9","",0,"8",0,"8","","","",7,"",0,"8",0,"8",0,"",40,"",3,"",0,"",11.5,"",.0,"8","U","",6.6,"",49,"",1.1,"",1014.7,"",1028.0,"",7,-.4,"",.0,"8",0,"8","02","0","0","","0","","","0","","","0","","",0,"8",.0,"8",.0,"8","","8",0,"8","","",.0,"8",.0,"8",.0,"8",.0,"8",.0,"8",.0,"8",.0,"8",.0,"8",.0,"8",0,"8",0,"8",0,"8","","",0,"8",0,"8"
"352190360","P£OCK","2006","05","06","00","9","",0,"8",0,"8","","","",7,"",0,"8",0,"8",0,"",50,"",4,"",0,"",11.0,"",.0,"8","U","",6.7,"",51,"",1.2,"",1014.6,"",1028.0,"",7,-.4,"",.0,"9",0,"9","02","0","0","","0","","","0","","","0","","",0,"",.0,"8",.0,"8","","8",0,"8","","",.0,"8",.0,"8",.0,"8",.0,"8",.0,"8",.0,"8",.0,"8",.0,"8",.0,"8",0,"8",0,"8",0,"8","","",0,"8",0,"8"
"352190360","P£OCK","2006","05","06","01","9","",0,"8",0,"8","","","",7,"",0,"8",0,"8",0,"",40,"",4,"",0,"",10.2,"",.0,"8","U","",6.7,"",54,"",1.3,"",1014.6,"",1028.0,"",6,-.3,"",.0,"8",0,"8","02","0","0","","0","","","0","","","0","","",0,"8",.0,"8",.0,"8","","8",0,"8","","",.0,"8",.0,"8",.0,"8",.0,"8",.0,"8",.0,"8",.0,"8",.0,"8",.0,"8",0,"8",0,"8",0,"8","","",0,"8",0,"8"
"352190360","P£OCK","2006","05","06","02","9","",0,"8",0,"8","","","",7,"",0,"8",0,"8",0,"",40,"",4,"",0,"",9.8,"",.0,"8","U","",6.7,"",55,"",1.2,"",1014.4,"",1027.8,"",7,-.3,"",.0,"8",0,"8","02","0","0","","0","","","0","","","0","","",0,"8",.0,"8",.0,"8","","8",0,"8","","",.0,"8",.0,"8",.0,"8",.0,"8",.0,"8",.0,"8",.0,"8",.0,"8",.0,"8",0,"8",0,"8",0,"8","","",0,"8",0,"8"
"352190360","P£OCK","2006","05","06","03","9","",0,"8",0,"8","","","",7,"",0,"8",0,"8",1,"",40,"",4,"",0,"",9.4,"",.0,"8","U","",6.5,"",55,"",.8,"",1014.5,"",1027.9,"",5,-.1,"",.0,"8",0,"8","03","0","0","","0","","","0","","","1","","",0,"8",.0,"8",.0,"8","","8",0,"8","","",.0,"8",.0,"8",.0,"8",.0,"8",.0,"8",.0,"8",.0,"8",.0,"8",.0,"8",0,"8",0,"8",0,"8","","",0,"8",0,"8"
"352190360","P£OCK","2006","05","06","04","9","",0,"8",0,"8","","","",7,"",0,"8",0,"8",1,"",40,"",4,"",0,"",9.6,"",.0,"8","U","",6.6,"",55,"",1.0,"",1014.5,"",1027.9,"",6,-.1,"",.0,"8",0,"8","02","0","0","","0","","","0","","","1","","",0,"8",.0,"8",.0,"8","","8",0,"8","","",.0,"8",.0,"8",.0,"8",.0,"8",.0,"8",.0,"8",.0,"8",.0,"8",.0,"8",0,"8",0,"8",0,"8","","",0,"8",0,"8"
"352190360","P£OCK","2006","05","06","05","9","",0,"8",0,"8","","","",7,"",0,"8",0,"8",0,"",40,"",4,"",0,"",10.8,"",.0,"8","U","",6.7,"",52,"",1.3,"",1014.8,"",1028.2,"",2,.4,"",.0,"8",0,"8","01","0","0","","0","","","0","","","0","","",0,"8",.0,"8",.0,"8","","8",0,"8","","",.0,"8",.0,"8",.0,"8",.0,"8",.0,"8",.0,"8",.0,"8",.0,"8",.0,"8",0,"8",0,"8",0,"8","","",0,"8",0,"8"
"352190360","P£OCK","2006","05","06","06","9","",0,"8",0,"8","","","",7,"",0,"8",0,"8",0,"",80,"",2,"",0,"",12.8,"",.0,"8","U","",7.1,"",48,"",2.0,"",1015.0,"",1028.3,"",3,.5,"",.0,"9",0,"9","02","0","0","","0","","","0","","","0","","",0,"",.0,"8",.0,"8","","8",0,"8","","",.0,"8",.0,"8",.0,"8",.0,"8",.0,"8",.0,"8",.0,"8",.0,"8",.0,"8",0,"8",0,"8",0,"8","","",0,"8",0,"8"
"352190360","P£OCK","2006","05","06","07","9","",0,"8",0,"8","","","",7,"",0,"8",0,"8",0,"",60,"",3,"",0,"",14.5,"",.0,"8","U","",7.1,"",43,"",2.1,"",1015.0,"",1028.2,"",1,.5,"",.0,"8",0,"8","02","0","0","","0","","","0","","","0","","",0,"8",.0,"8",.0,"8","","8",0,"8","","",.0,"8",.0,"8",.0,"8",.0,"8",.0,"8",.0,"8",.0,"8",.0,"8",.0,"8",0,"8",0,"8",0,"8","","",0,"8",0,"8"
"352190360","P£OCK","2006","05","06","08","9","",0,"8",0,"8","","","",7,"",0,"8",0,"8",0,"",40,"",3,"",0,"",16.3,"",.0,"8","U","",7.6,"",41,"",3.0,"",1014.8,"",1027.9,"",0,.0,"",.0,"8",0,"8","02","0","0","","0","","","0","","","0","","",0,"8",.0,"8",.0,"8","","8",0,"8","","",.0,"8",.0,"8",.0,"8",.0,"8",.0,"8",.0,"8",.0,"8",.0,"8",.0,"8",0,"8",0,"8",0,"8","","",0,"8",0,"8"
"352190360","P£OCK","2006","05","06","09","9","",0,"8",0,"8","","","",7,"",0,"8",0,"8",0,"",30,"",4,"",0,"",18.9,"",.0,"8","U","",7.6,"",35,"",3.1,"",1014.4,"",1027.4,"",8,-.6,"",.0,"8",0,"8","02","0","0","","0","","","0","","","0","","",0,"8",.0,"8",.0,"8","","8",0,"8","","",.0,"8",.0,"8",.0,"8",.0,"8",.0,"8",.0,"8",.0,"8",.0,"8",.0,"8",0,"8",0,"8",0,"8","","",0,"8",0,"8"
"352190360","P£OCK","2006","05","06","10","9","",0,"8",0,"8","","","",7,"",0,"8",0,"8",0,"",50,"",6,"",0,"",21.0,"",.0,"8","U","",6.2,"",25,"",.2,"",1014.0,"",1026.9,"",8,-1.0,"",.0,"8",0,"8","02","0","0","","0","","","0","","","0","","",0,"8",.0,"8",.0,"8","","8",0,"8","","",.0,"8",.0,"8",.0,"8",.0,"8",.0,"8",.0,"8",.0,"8",.0,"8",.0,"8",0,"8",0,"8",0,"8","","",0,"8",0,"8"
"352190360","P£OCK","2006","05","06","11","9","",0,"8",0,"8","","","",7,"",0,"8",0,"8",1,"",50,"",6,"",0,"",22.1,"",.0,"8","U","",5.0,"",19,"",-2.6,"",1013.3,"",1026.1,"",8,-1.5,"",.0,"8",0,"8","03","0","0","","0","","","0","","","1","","",0,"8",.0,"8",.0,"8","","8",0,"8","","",.0,"8",.0,"8",.0,"8",.0,"8",.0,"8",.0,"8",.0,"8",.0,"8",.0,"8",0,"8",0,"8",0,"8","","",0,"8",0,"8"
"352190360","P£OCK","2006","05","06","12","9","",0,"8",0,"8","","","",7,"",0,"8",0,"8",1,"",60,"",5,"",0,"",22.9,"",.0,"8","U","",5.8,"",21,"",-.6,"",1013.2,"",1026.0,"",7,-1.2,"",.0,"9",0,"9","02","0","0","","0","","","0","","","1","","",0,"",.0,"8",.0,"8","","8",0,"8","","",.0,"8",.0,"8",.0,"8",.0,"8",.0,"8",.0,"8",.0,"8",.0,"8",.0,"8",0,"8",0,"8",0,"8","","",0,"8",0,"8"
"352190360","P£OCK","2006","05","06","13","7","",0,"8",0,"8","","","",7,"",0,"8",0,"8",1,"",70,"",5,"",0,"",23.0,"",.0,"8","U","",5.3,"",19,"",-1.9,"",1012.6,"",1025.4,"",7,-1.4,"",.0,"8",0,"8","03","0","1","","2","","","0","","","0","","",0,"8",.0,"8",.0,"8","","8",0,"8","","",.0,"8",.0,"8",.0,"8",.0,"8",.0,"8",.0,"8",.0,"8",.0,"8",.0,"8",0,"8",0,"8",0,"8","","",0,"8",0,"8"
"352190360","P£OCK","2006","05","06","14","7","",0,"8",0,"8","","","",7,"",0,"8",0,"8",7,"",70,"",5,"",0,"",22.1,"",.0,"8","U","",5.3,"",20,"",-1.9,"",1012.3,"",1025.1,"",7,-1.0,"",.0,"8",0,"8","03","1","4","","9","","","3","","","/","","",0,"8",.0,"8",.0,"8","","8",0,"8","","",.0,"8",.0,"8",.0,"8",.0,"8",.0,"8",.0,"8",.0,"8",.0,"8",.0,"8",0,"8",0,"8",0,"8","","",0,"8",0,"8"
"352190360","P£OCK","2006","05","06","15","9","",0,"8",0,"8","","","",7,"",0,"8",0,"8",5,"",70,"",4,"",0,"",22.2,"",.0,"8","U","",5.6,"",21,"",-1.2,"",1012.0,"",1024.8,"",6,-1.2,"",.0,"8",0,"8","01","1","4","","0","","","6","","","2","","",0,"8",.0,"8",.0,"8","","8",0,"8","","",.0,"8",.0,"8",.0,"8",.0,"8",.0,"8",.0,"8",.0,"8",.0,"8",.0,"8",0,"8",0,"8",0,"8","","",0,"8",0,"8"
"352190360","P£OCK","2006","05","06","16","9","",0,"8",0,"8","","","",7,"",0,"8",0,"8",6,"",80,"",3,"",0,"",21.7,"",.0,"8","U","",6.0,"",23,"",-.4,"",1011.9,"",1024.7,"",6,-.7,"",.0,"8",0,"8","03","2","4","","0","","","3","","","2","","",0,"8",.0,"8",.0,"8","","8",0,"8","","",.0,"8",.0,"8",.0,"8",.0,"8",.0,"8",.0,"8",.0,"8",.0,"8",.0,"8",0,"8",0,"8",0,"8","","",0,"8",0,"8"
"352190360","P£OCK","2006","05","06","17","9","",0,"8",0,"8","","","",7,"",0,"8",0,"8",7,"",70,"",2,"",0,"",20.1,"",.0,"8","U","",7.0,"",30,"",2.0,"",1012.0,"",1024.9,"",5,-.3,"",.0,"8",0,"8","03","2","7","","0","","","5","","","/","","",0,"8",.0,"8",.0,"8","","8",0,"8","","",.0,"8",.0,"8",.0,"8",.0,"8",.0,"8",.0,"8",.0,"8",.0,"8",.0,"8",0,"8",0,"8",0,"8","","",0,"8",0,"8"
"352190360","P£OCK","2006","05","06","18","9","",0,"8",0,"8","","","",7,"",0,"8",0,"8",7,"",60,"",2,"",0,"",18.1,"",.0,"8","U","",7.0,"",34,"",2.0,"",1012.4,"",1025.4,"",3,.4,"",.0,"9",0,"9","01","1","6","","0","","","3","","","1","","",0,"",.0,"8",.0,"8","","8",0,"8","","",.0,"8",.0,"8",.0,"8",.0,"8",.0,"8",.0,"8",.0,"8",.0,"8",.0,"8",0,"8",0,"8",0,"8","","",0,"8",0,"8"
"352190360","P£OCK","2006","05","06","19","9","",0,"8",0,"8","","","",7,"",0,"8",0,"8",6,"",40,"",3,"",0,"",16.4,"",.0,"8","U","",7.6,"",41,"",3.1,"",1012.8,"",1025.9,"",3,.9,"",.0,"8",0,"8","01","2","5","","0","","","3","","","1","","",0,"8",.0,"8",.0,"8","","8",0,"8","","",.0,"8",.0,"8",.0,"8",.0,"8",.0,"8",.0,"8",.0,"8",.0,"8",.0,"8",0,"8",0,"8",0,"8","","",0,"8",0,"8"
"352190360","P£OCK","2006","05","06","20","9","",0,"8",0,"8","","","",7,"",0,"8",0,"8",3,"",30,"",3,"",0,"",14.7,"",.0,"8","U","",7.7,"",46,"",3.2,"",1012.7,"",1025.9,"",0,.7,"",.0,"8",0,"8","01","1","2","","0","","","3","","","1","","",0,"8",.0,"8",.0,"8","","8",0,"8","","",.0,"8",.0,"8",.0,"8",.0,"8",.0,"8",.0,"8",.0,"8",.0,"8",.0,"8",0,"8",0,"8",0,"8","","",0,"8",0,"8"
"352190360","P£OCK","2006","05","06","21","9","",0,"8",0,"8","","","",7,"",0,"8",0,"8",3,"",40,"",3,"",0,"",14.1,"",.0,"8","U","",7.1,"",44,"",2.0,"",1012.5,"",1025.7,"",0,.1,"",.0,"8",0,"8","03","1","3","","0","","","3","","","0","","",0,"8",.0,"8",.0,"8","","8",0,"8","","",.0,"8",.0,"8",.0,"8",.0,"8",.0,"8",.0,"8",.0,"8",.0,"8",.0,"8",0,"8",0,"8",0,"8","","",0,"8",0,"8"
"352190360","P£OCK","2006","05","06","22","9","",0,"8",0,"8","","","",7,"",0,"8",0,"8",1,"",30,"",4,"",0,"",13.4,"",.0,"8","U","",6.8,"",44,"",1.4,"",1012.4,"",1025.6,"",7,-.4,"",.0,"8",0,"8","01","0","1","","0","","","3","","","0","","",0,"8",.0,"8",.0,"8","","8",0,"8","","",.0,"8",.0,"8",.0,"8",.0,"8",.0,"8",.0,"8",.0,"8",.0,"8",.0,"8",0,"8",0,"8",0,"8","","",0,"8",0,"8"
"352190360","P£OCK","2006","05","06","23","9","",0,"8",0,"8","","","",7,"",0,"8",0,"8",0,"",30,"",3,"",0,"",12.5,"",.0,"8","U","",6.7,"",46,"",1.2,"",1012.3,"",1025.6,"",7,-.4,"",.0,"8",0,"8","01","0","0","","0","","","0","","","0","","",0,"8",.0,"8",.0,"8","","8",0,"8","","",.0,"8",.0,"8",.0,"8",.0,"8",.0,"8",.0,"8",.0,"8",.0,"8",.0,"8",0,"8",0,"8",0,"8","","",0,"8",0,"8"
"352190360","P£OCK","2006","05","07","00","9","",0,"8",0,"8","","","",7,"",0,"8",0,"8",0,"",70,"",2,"",0,"",12.4,"",.0,"8","U","",6.2,"",43,"",.2,"",1012.6,"",1025.9,"",3,.1,"",.0,"9",0,"9","02","1","0","","0","","","0","","","0","","",0,"",.0,"8",.0,"8","","8",0,"8","","",.0,"8",.0,"8",.0,"8",.0,"8",.0,"8",.0,"8",.0,"8",.0,"8",.0,"8",0,"8",0,"8",0,"8","","",0,"8",0,"8"
"352190360","P£OCK","2006","05","07","01","9","",0,"8",0,"8","","","",7,"",0,"8",0,"8",0,"",60,"",1,"",0,"",10.4,"",.0,"8","U","",6.8,"",54,"",1.5,"",1012.6,"",1026.0,"",1,.2,"",.0,"8",0,"8","02","0","0","","0","","","0","","","0","","",0,"8",.0,"8",.0,"8","","8",0,"8","","",.0,"8",.0,"8",.0,"8",.0,"8",.0,"8",.0,"8",.0,"8",.0,"8",.0,"8",0,"8",0,"8",0,"8","","",0,"8",0,"8"
"352190360","P£OCK","2006","05","07","02","9","",0,"8",0,"8","","","",7,"",0,"8",0,"8",0,"",40,"",3,"",0,"",10.0,"",.0,"8","U","",6.5,"",53,"",.8,"",1012.4,"",1025.8,"",0,.1,"",.0,"8",0,"8","02","0","0","","0","","","0","","","0","","",0,"8",.0,"8",.0,"8","","8",0,"8","","",.0,"8",.0,"8",.0,"8",.0,"8",.0,"8",.0,"8",.0,"8",.0,"8",.0,"8",0,"8",0,"8",0,"8","","",0,"8",0,"8"
"352190360","P£OCK","2006","05","07","03","9","",0,"8",0,"8","","","",7,"",0,"8",0,"8",2,"",40,"",4,"",0,"",9.5,"",.0,"8","U","",6.4,"",54,"",.6,"",1012.5,"",1025.9,"",5,-.1,"",.0,"8",0,"8","03","0","1","","0","","","3","","","1","","",0,"8",.0,"8",.0,"8","","8",0,"8","","",.0,"8",.0,"8",.0,"8",.0,"8",.0,"8",.0,"8",.0,"8",.0,"8",.0,"8",0,"8",0,"8",0,"8","","",0,"8",0,"8"
"352190360","P£OCK","2006","05","07","04","9","",0,"8",0,"8","","","",7,"",0,"8",0,"8",2,"",40,"",3,"",0,"",10.2,"",.0,"8","U","",6.3,"",51,"",.5,"",1012.7,"",1026.1,"",3,.1,"",.0,"8",0,"8","02","0","1","","0","","","3","","","1","","",0,"8",.0,"8",.0,"8","","8",0,"8","","",.0,"8",.0,"8",.0,"8",.0,"8",.0,"8",.0,"8",.0,"8",.0,"8",.0,"8",0,"8",0,"8",0,"8","","",0,"8",0,"8"
"352190360","P£OCK","2006","05","07","05","9","",0,"8",0,"8","","","",7,"",0,"8",0,"8",2,"",30,"",4,"",0,"",11.8,"",.0,"8","U","",6.5,"",47,"",.8,"",1012.7,"",1026.0,"",1,.3,"",.0,"8",0,"8","03","0","2","","0","","","3","","","0","","",0,"8",.0,"8",.0,"8","","8",0,"8","","",.0,"8",.0,"8",.0,"8",.0,"8",.0,"8",.0,"8",.0,"8",.0,"8",.0,"8",0,"8",0,"8",0,"8","","",0,"8",0,"8"
"352190360","P£OCK","2006","05","07","06","9","",0,"8",0,"8","","","",7,"",0,"8",0,"8",2,"",30,"",4,"",0,"",13.0,"",.0,"8","U","",7.2,"",48,"",2.2,"",1012.9,"",1026.1,"",2,.4,"",.0,"9",0,"9","02","0","2","","0","","","3","","","0","","",0,"",.0,"8",.0,"8","","8",0,"8","","",.0,"8",.0,"8",.0,"8",.0,"8",.0,"8",.0,"8",.0,"8",.0,"8",.0,"8",0,"8",0,"8",0,"8","","",0,"8",0,"8"
"352190360","P£OCK","2006","05","07","07","9","",0,"8",0,"8","","","",7,"",0,"8",0,"8",3,"",30,"",4,"",0,"",15.7,"",.0,"8","U","",7.5,"",42,"",2.8,"",1012.7,"",1025.8,"",0,.0,"",.0,"8",0,"8","03","0","2","","0","","","3","","","1","","",0,"8",.0,"8",.0,"8","","8",0,"8","","",.0,"8",.0,"8",.0,"8",.0,"8",.0,"8",.0,"8",.0,"8",.0,"8",.0,"8",0,"8",0,"8",0,"8","","",0,"8",0,"8"
"352190360","P£OCK","2006","05","07","08","9","",0,"8",0,"8","","","",8,"",0,"8",0,"8",3,"",30,"",5,"",0,"",18.6,"",.0,"8","U","",7.5,"",35,"",2.8,"",1012.4,"",1025.4,"",8,-.3,"",.0,"8",0,"8","02","0","2","","0","","","3","","","1","","",0,"8",.0,"8",.0,"8","","8",0,"8","","",.0,"8",.0,"8",.0,"8",.0,"8",.0,"8",.0,"8",.0,"8",.0,"8",.0,"8",0,"8",0,"8",0,"8","","",0,"8",0,"8"
"352190360","P£OCK","2006","05","07","09","9","",0,"8",0,"8","","","",7,"",0,"8",0,"8",1,"",40,"",5,"",0,"",20.8,"",.0,"8","U","",6.4,"",26,"",.6,"",1012.1,"",1025.0,"",7,-.8,"",.0,"8",0,"8","01","0","0","","0","","","0","","","1","","",0,"8",.0,"8",.0,"8","","8",0,"8","","",.0,"8",.0,"8",.0,"8",.0,"8",.0,"8",.0,"8",.0,"8",.0,"8",.0,"8",0,"8",0,"8",0,"8","","",0,"8",0,"8"
"352190360","P£OCK","2006","05","07","10","9","",0,"8",0,"8","","","",8,"",0,"8",0,"8",1,"",60,"",5,"",0,"",22.4,"",.0,"8","U","",5.7,"",21,"",-1.0,"",1011.6,"",1024.4,"",8,-1.1,"",.0,"8",0,"8","02","0","0","","0","","","0","","","1","","",0,"8",.0,"8",.0,"8","","8",0,"8","","",.0,"8",.0,"8",.0,"8",.0,"8",.0,"8",.0,"8",.0,"8",.0,"8",.0,"8",0,"8",0,"8",0,"8","","",0,"8",0,"8"
"352190360","P£OCK","2006","05","07","11","7","",0,"8",0,"8","","","",8,"",0,"8",0,"8",1,"",70,"",7,"",0,"",23.0,"",.0,"8","U","",5.0,"",18,"",-2.6,"",1011.2,"",1024.0,"",7,-1.2,"",.0,"8",0,"8","03","0","1","","2","","","0","","","0","","",0,"8",.0,"8",.0,"8","","8",0,"8","","",.0,"8",.0,"8",.0,"8",.0,"8",.0,"8",.0,"8",.0,"8",.0,"8",.0,"8",0,"8",0,"8",0,"8","","",0,"8",0,"8"
"352190360","P£OCK","2006","05","07","12","7","",0,"8",0,"8","","","",8,"",0,"8",0,"8",5,"",60,"",6,"",0,"",21.8,"",.0,"8","U","",5.0,"",19,"",-2.9,"",1011.0,"",1023.8,"",6,-1.1,"",.0,"9",0,"9","03","1","4","","2","","","3","","","1","","",0,"",.0,"8",.0,"8","","8",0,"8","","",.0,"8",.0,"8",.0,"8",.0,"8",.0,"8",.0,"8",.0,"8",.0,"8",.0,"8",0,"8",0,"8",0,"8","","",0,"8",0,"8"
"352190360","P£OCK","2006","05","07","13","7","",0,"8",0,"8","","","",8,"",0,"8",0,"8",5,"",60,"",5,"",0,"",23.0,"",.0,"8","U","",5.3,"",19,"",-1.9,"",1010.6,"",1023.4,"",7,-1.0,"",.0,"8",0,"8","03","2","3","","3","","","3","","","1","","",0,"8",.0,"8",.0,"8","","8",0,"8","","",.0,"8",.0,"8",.0,"8",.0,"8",.0,"8",.0,"8",.0,"8",.0,"8",.0,"8",0,"8",0,"8",0,"8","","",0,"8",0,"8"
"352190360","P£OCK","2006","05","07","14","7","",0,"8",0,"8","","","",8,"",0,"8",0,"8",4,"",40,"",7,"",12,"",22.4,"",.0,"8","U","",5.4,"",20,"",-1.7,"",1010.2,"",1023.0,"",8,-1.0,"",.0,"8",0,"8","01","1","2","","2","","","3","","","1","","",0,"8",.0,"8",.0,"8","","8",0,"8","","",.0,"8",.0,"8",.0,"8",.0,"8",.0,"8",.0,"8",.0,"8",.0,"8",.0,"8",0,"8",0,"8",0,"8","","",0,"8",0,"8"
"352190360","P£OCK","2006","05","07","15","9","",0,"8",0,"8","","","",8,"",0,"8",0,"8",4,"",50,"",5,"",10,"",21.3,"",.0,"8","U","",5.3,"",21,"",-1.9,"",1010.0,"",1022.8,"",6,-1.0,"",.0,"8",0,"8","01","1","3","","0","","","6","","","1","","",0,"8",.0,"8",.0,"8","","8",0,"8","","",.0,"8",.0,"8",.0,"8",.0,"8",.0,"8",.0,"8",.0,"8",.0,"8",.0,"8",0,"8",0,"8",0,"8","","",0,"8",0,"8"
"352190360","P£OCK","2006","05","07","16","7","",0,"8",0,"8","","","",8,"",0,"8",0,"8",4,"",50,"",6,"",11,"",21.8,"",.0,"8","U","",5.2,"",20,"",-2.2,"",1009.8,"",1022.6,"",6,-.8,"",.0,"8",0,"8","03","0","1","","2","","","3","","","1","","",0,"8",.0,"8",.0,"8","","8",0,"8","","",.0,"8",.0,"8",.0,"8",.0,"8",.0,"8",.0,"8",.0,"8",.0,"8",.0,"8",0,"8",0,"8",0,"8","","",0,"8",0,"8"
"352190360","P£OCK","2006","05","07","17","9","",0,"8",0,"8","","","",7,"",0,"8",0,"8",4,"",40,"",3,"",0,"",19.9,"",.0,"8","U","",6.7,"",29,"",1.3,"",1009.5,"",1022.4,"",7,-.7,"",.0,"8",0,"8","01","0","3","","0","","","3","","","1","","",0,"8",.0,"8",.0,"8","","8",0,"8","","",.0,"8",.0,"8",.0,"8",.0,"8",.0,"8",.0,"8",.0,"8",.0,"8",.0,"8",0,"8",0,"8",0,"8","","",0,"8",0,"8"
"352190360","P£OCK","2006","05","07","18","9","",0,"8",0,"8","","","",7,"",0,"8",0,"8",5,"",30,"",2,"",0,"",17.2,"",.0,"8","U","",7.8,"",40,"",3.5,"",1009.6,"",1022.6,"",5,-.4,"",.0,"9",0,"9","03","1","4","","0","","","3","","","1","","",0,"",.0,"8",.0,"8","","8",0,"8","","",.0,"8",.0,"8",.0,"8",.0,"8",.0,"8",.0,"8",.0,"8",.0,"8",.0,"8",0,"8",0,"8",0,"8","","",0,"8",0,"8"
"352190360","P£OCK","2006","05","07","19","9","",0,"8",0,"8","","","",7,"",0,"8",0,"8",5,"",20,"",2,"",0,"",14.6,"",.0,"8","U","",9.0,"",54,"",5.4,"",1009.6,"",1022.7,"",6,-.2,"",.0,"8",0,"8","02","2","4","","0","","","3","","","1","","",0,"8",.0,"8",.0,"8","","8",0,"8","","",.0,"8",.0,"8",.0,"8",.0,"8",.0,"8",.0,"8",.0,"8",.0,"8",.0,"8",0,"8",0,"8",0,"8","","",0,"8",0,"8"
"352190360","P£OCK","2006","05","07","20","9","",0,"8",0,"8","","","",7,"",0,"8",0,"8",6,"",20,"",3,"",0,"",14.6,"",.0,"8","U","",8.0,"",48,"",3.7,"",1009.4,"",1022.5,"",8,-.1,"",.0,"8",0,"8","03","2","6","","0","","","5","","","0","","",0,"8",.0,"8",.0,"8","","8",0,"8","","",.0,"8",.0,"8",.0,"8",.0,"8",.0,"8",.0,"8",.0,"8",.0,"8",.0,"8",0,"8",0,"8",0,"8","","",0,"8",0,"8"
"352190360","P£OCK","2006","05","07","21","9","",0,"8",0,"8","","","",7,"",0,"8",0,"8",6,"",20,"",3,"",0,"",14.1,"",.0,"8","U","",7.4,"",46,"",2.6,"",1009.3,"",1022.4,"",8,-.3,"",.0,"8",0,"8","02","2","6","","0","","","3","","","0","","",0,"8",.0,"8",.0,"8","","8",0,"8","","",.0,"8",.0,"8",.0,"8",.0,"8",.0,"8",.0,"8",.0,"8",.0,"8",.0,"8",0,"8",0,"8",0,"8","","",0,"8",0,"8"
"352190360","P£OCK","2006","05","07","22","9","",0,"8",0,"8","","","",7,"",0,"8",0,"8",5,"",30,"",4,"",0,"",13.6,"",.0,"8","U","",7.5,"",48,"",2.8,"",1009.1,"",1022.3,"",7,-.5,"",.0,"8",0,"8","01","2","5","","0","","","3","","","0","","",0,"8",.0,"8",.0,"8","","8",0,"8","","",.0,"8",.0,"8",.0,"8",.0,"8",.0,"8",.0,"8",.0,"8",.0,"8",.0,"8",0,"8",0,"8",0,"8","","",0,"8",0,"8"
"352190360","P£OCK","2006","05","07","23","9","",0,"8",0,"8","","","",7,"",0,"8",0,"8",1,"",20,"",4,"",0,"",12.8,"",.0,"8","U","",7.4,"",50,"",2.6,"",1008.8,"",1022.0,"",8,-.6,"",.0,"8",0,"8","01","1","1","","0","","","3","","","0","","",0,"8",.0,"8",.0,"8","","8",0,"8","","",.0,"8",.0,"8",.0,"8",.0,"8",.0,"8",.0,"8",.0,"8",.0,"8",.0,"8",0,"8",0,"8",0,"8","","",0,"8",0,"8"
"352190360","P£OCK","2006","05","08","00","9","",0,"8",0,"8","","","",7,"",0,"8",0,"8",3,"",30,"",4,"",0,"",12.0,"",.0,"8","U","",7.6,"",54,"",3.0,"",1008.6,"",1021.8,"",7,-.7,"",.0,"9",0,"9","03","1","3","","0","","","3","","","0","","",0,"",.0,"8",.0,"8","","8",0,"8","","",.0,"8",.0,"8",.0,"8",.0,"8",.0,"8",.0,"8",.0,"8",.0,"8",.0,"8",0,"8",0,"8",0,"8","","",0,"8",0,"8"
"352190360","P£OCK","2006","05","08","01","9","",0,"8",0,"8","","","",7,"",0,"8",0,"8",4,"",30,"",4,"",0,"",12.0,"",.0,"8","U","",7.7,"",55,"",3.2,"",1008.2,"",1021.4,"",7,-.9,"",.0,"8",0,"8","03","0","4","","0","","","3","","","0","","",0,"8",.0,"8",.0,"8","","8",0,"8","","",.0,"8",.0,"8",.0,"8",.0,"8",.0,"8",.0,"8",.0,"8",.0,"8",.0,"8",0,"8",0,"8",0,"8","","",0,"8",0,"8"
"352190360","P£OCK","2006","05","08","02","9","",0,"8",0,"8","","","",7,"",0,"8",0,"8",4,"",20,"",4,"",0,"",11.5,"",.0,"8","U","",7.7,"",57,"",3.3,"",1007.9,"",1021.1,"",7,-.9,"",.0,"8",0,"8","02","0","4","","0","","","3","","","0","","",0,"8",.0,"8",.0,"8","","8",0,"8","","",.0,"8",.0,"8",.0,"8",.0,"8",.0,"8",.0,"8",.0,"8",.0,"8",.0,"8",0,"8",0,"8",0,"8","","",0,"8",0,"8"
"352190360","P£OCK","2006","05","08","03","9","",0,"8",0,"8","","","",7,"",0,"8",0,"8",3,"",30,"",3,"",0,"",10.7,"",.0,"8","U","",7.7,"",60,"",3.2,"",1007.7,"",1021.0,"",6,-.9,"",.0,"8",0,"8","01","0","3","","0","","","3","","","0","","",0,"8",.0,"8",.0,"8","","8",0,"8","","",.0,"8",.0,"8",.0,"8",.0,"8",.0,"8",.0,"8",.0,"8",.0,"8",.0,"8",0,"8",0,"8",0,"8","","",0,"8",0,"8"
"352190360","P£OCK","2006","05","08","04","9","",0,"8",0,"8","","","",7,"",0,"8",0,"8",2,"",30,"",3,"",0,"",10.5,"",.0,"8","U","",8.0,"",63,"",3.7,"",1007.8,"",1021.1,"",5,-.4,"",.0,"8",0,"8","01","0","1","","0","","","3","","","1","","",0,"8",.0,"8",.0,"8","","8",0,"8","","",.0,"8",.0,"8",.0,"8",.0,"8",.0,"8",.0,"8",.0,"8",.0,"8",.0,"8",0,"8",0,"8",0,"8","","",0,"8",0,"8"
"352190360","P£OCK","2006","05","08","05","9","",0,"8",0,"8","","","",7,"",0,"8",0,"8",2,"",40,"",3,"",0,"",12.3,"",.0,"8","U","",8.1,"",57,"",4.0,"",1007.7,"",1020.9,"",7,-.2,"",.0,"8",0,"8","02","0","1","","0","","","3","","","1","","",0,"8",.0,"8",.0,"8","","8",0,"8","","",.0,"8",.0,"8",.0,"8",.0,"8",.0,"8",.0,"8",.0,"8",.0,"8",.0,"8",0,"8",0,"8",0,"8","","",0,"8",0,"8"
"352190360","P£OCK","2006","05","08","06","9","",0,"8",0,"8","","","",7,"",0,"8",0,"8",2,"",40,"",4,"",0,"",14.3,"",.0,"8","U","",8.6,"",53,"",4.8,"",1007.6,"",1020.7,"",8,-.1,"",.0,"9",0,"9","03","0","2","","0","","","3","","","0","","",0,"",.0,"8",.0,"8","","8",0,"8","","",.0,"8",.0,"8",.0,"8",.0,"8",.0,"8",.0,"8",.0,"8",.0,"8",.0,"8",0,"8",0,"8",0,"8","","",0,"8",0,"8"
"352190360","P£OCK","2006","05","08","07","9","",0,"8",0,"8","","","",7,"",0,"8",0,"8",0,"",100,"",3,"",0,"",16.8,"",.0,"8","U","",9.0,"",47,"",5.4,"",1007.7,"",1020.7,"",5,-.1,"",.0,"8",0,"8","01","0","0","","0","","","0","","","0","","",0,"8",.0,"8",.0,"8","","8",0,"8","","",.0,"8",.0,"8",.0,"8",.0,"8",.0,"8",.0,"8",.0,"8",.0,"8",.0,"8",0,"8",0,"8",0,"8","","",0,"8",0,"8"
"352190360","P£OCK","2006","05","08","08","9","",0,"8",0,"8","","","",8,"",0,"8",0,"8",0,"",40,"",3,"",0,"",18.7,"",.0,"8","U","",9.5,"",44,"",6.2,"",1007.5,"",1020.4,"",7,-.2,"",.0,"8",0,"8","02","0","0","","0","","","0","","","0","","",0,"8",.0,"8",.0,"8","","8",0,"8","","",.0,"8",.0,"8",.0,"8",.0,"8",.0,"8",.0,"8",.0,"8",.0,"8",.0,"8",0,"8",0,"8",0,"8","","",0,"8",0,"8"
"352190360","P£OCK","2006","05","08","09","9","",0,"8",0,"8","","","",8,"",0,"8",0,"8",0,"",40,"",4,"",0,"",20.5,"",.0,"8","U","",8.7,"",36,"",4.9,"",1007.1,"",1019.9,"",8,-.5,"",.0,"8",0,"8","02","0","0","","0","","","0","","","0","","",0,"8",.0,"8",.0,"8","","8",0,"8","","",.0,"8",.0,"8",.0,"8",.0,"8",.0,"8",.0,"8",.0,"8",.0,"8",.0,"8",0,"8",0,"8",0,"8","","",0,"8",0,"8"
"352190360","P£OCK","2006","05","08","10","7","",0,"8",0,"8","","","",8,"",0,"8",0,"8",1,"",70,"",4,"",0,"",21.7,"",.0,"8","U","",7.5,"",29,"",2.9,"",1006.7,"",1019.5,"",8,-1.0,"",.0,"8",0,"8","03","0","1","","1","","","0","","","0","","",0,"8",.0,"8",.0,"8","","8",0,"8","","",.0,"8",.0,"8",.0,"8",.0,"8",.0,"8",.0,"8",.0,"8",.0,"8",.0,"8",0,"8",0,"8",0,"8","","",0,"8",0,"8"
"352190360","P£OCK","2006","05","08","11","7","",0,"8",0,"8","","","",8,"",0,"8",0,"8",1,"",80,"",4,"",0,"",22.8,"",.0,"8","U","",7.8,"",28,"",3.3,"",1006.0,"",1018.7,"",8,-1.5,"",.0,"8",0,"8","03","0","1","","2","","","0","","","0","","",0,"8",.0,"8",.0,"8","","8",0,"8","","",.0,"8",.0,"8",.0,"8",.0,"8",.0,"8",.0,"8",.0,"8",.0,"8",.0,"8",0,"8",0,"8",0,"8","","",0,"8",0,"8"
"352190360","P£OCK","2006","05","08","12","7","",0,"8",0,"8","","","",8,"",0,"8",0,"8",2,"",40,"",4,"",0,"",22.9,"",.0,"8","U","",6.4,"",23,"",.7,"",1005.6,"",1018.3,"",7,-1.5,"",.0,"9",0,"9","03","0","2","","2","","","0","","","0","","",0,"",.0,"8",.0,"8","","8",0,"8","","",.0,"8",.0,"8",.0,"8",.0,"8",.0,"8",.0,"8",.0,"8",.0,"8",.0,"8",0,"8",0,"8",0,"8","","",0,"8",0,"8"
"352190360","P£OCK","2006","05","08","13","7","",0,"8",0,"8","","","",8,"",0,"8",0,"8",2,"",40,"",4,"",0,"",23.1,"",.0,"8","U","",5.9,"",21,"",-.4,"",1005.2,"",1017.9,"",6,-1.5,"",.0,"8",0,"8","03","0","1","","9","","","0","","","1","","",0,"8",.0,"8",.0,"8","","8",0,"8","","",.0,"8",.0,"8",.0,"8",.0,"8",.0,"8",.0,"8",.0,"8",.0,"8",.0,"8",0,"8",0,"8",0,"8","","",0,"8",0,"8"
"352190360","P£OCK","2006","05","08","14","6","",0,"8",0,"8","","","",8,"",0,"8",0,"8",7,"",40,"",6,"",0,"",22.5,"",.0,"8","U","",7.1,"",26,"",2.0,"",1004.7,"",1017.4,"",7,-1.3,"",.0,"8",0,"8","03","1","5","","9","","","3","","","1","","",0,"8",.0,"8",.0,"8","","8",0,"8","","",.0,"8",.0,"8",.0,"8",.0,"8",.0,"8",.0,"8",.0,"8",.0,"8",.0,"8",0,"8",0,"8",0,"8","","",0,"8",0,"8"
"352190360","P£OCK","2006","05","08","15","6","",0,"8",0,"8","","","",8,"",0,"8",0,"8",5,"",70,"",4,"",0,"",21.3,"",.0,"8","U","",8.3,"",33,"",4.4,"",1004.5,"",1017.3,"",7,-1.1,"",.0,"8",0,"8","01","1","3","","3","","","3","","","0","","",0,"8",.0,"8",.0,"8","","8",0,"8","","",.0,"8",.0,"8",.0,"8",.0,"8",.0,"8",.0,"8",.0,"8",.0,"8",.0,"8",0,"8",0,"8",0,"8","","",0,"8",0,"8"
"352190360","P£OCK","2006","05","08","16","7","",0,"8",0,"8","","","",8,"",0,"8",0,"8",4,"",100,"",5,"",0,"",20.7,"",.0,"8","U","",8.3,"",34,"",4.3,"",1004.3,"",1017.1,"",6,-.9,"",.0,"8",0,"8","01","1","1","","4","","","3","","","0","","",0,"8",.0,"8",.0,"8","","8",0,"8","","",.0,"8",.0,"8",.0,"8",.0,"8",.0,"8",.0,"8",.0,"8",.0,"8",.0,"8",0,"8",0,"8",0,"8","","",0,"8",0,"8"
"352190360","P£OCK","2006","05","08","17","9","",0,"8",0,"8","","","",8,"",0,"8",0,"8",4,"",90,"",2,"",0,"",19.4,"",.0,"8","U","",9.2,"",41,"",5.8,"",1004.3,"",1017.1,"",6,-.4,"",.0,"8",0,"8","01","0","4","","0","","","3","","","0","","",0,"8",.0,"8",.0,"8","","8",0,"8","","",.0,"8",.0,"8",.0,"8",.0,"8",.0,"8",.0,"8",.0,"8",.0,"8",.0,"8",0,"8",0,"8",0,"8","","",0,"8",0,"8"
"352190360","P£OCK","2006","05","08","18","9","",0,"8",0,"8","","","",8,"",0,"8",0,"8",4,"",10,"",3,"",0,"",17.8,"",.0,"8","U","",10.0,"",49,"",6.9,"",1004.5,"",1017.4,"",5,.0,"",.0,"9",0,"9","02","1","4","","0","","","3","","","0","","",0,"",.0,"8",.0,"8","","8",0,"8","","",.0,"8",.0,"8",.0,"8",.0,"8",.0,"8",.0,"8",.0,"8",.0,"8",.0,"8",0,"8",0,"8",0,"8","","",0,"8",0,"8"
"352190360","P£OCK","2006","05","08","19","9","",0,"8",0,"8","","","",8,"",0,"8",0,"8",5,"",350,"",2,"",0,"",16.5,"",.0,"8","U","",9.7,"",52,"",6.6,"",1004.7,"",1017.7,"",3,.4,"",.0,"8",0,"8","03","1","4","","0","","","3","","","1","","",0,"8",.0,"8",.0,"8","","8",0,"8","","",.0,"8",.0,"8",.0,"8",.0,"8",.0,"8",.0,"8",.0,"8",.0,"8",.0,"8",0,"8",0,"8",0,"8","","",0,"8",0,"8"
"352190360","P£OCK","2006","05","08","20","7","",0,"8",0,"8","","","",8,"",0,"8",0,"8",7,"",10,"",2,"",0,"",15.8,"",.0,"8","U","",10.2,"",57,"",7.3,"",1004.8,"",1017.8,"",2,.5,"",.0,"8",0,"8","03","2","7","","5","","","/","","","/","","",0,"8",.0,"8",.0,"8","","8",0,"8","","",.0,"8",.0,"8",.0,"8",.0,"8",.0,"8",.0,"8",.0,"8",.0,"8",.0,"8",0,"8",0,"8",0,"8","","",0,"8",0,"8"
"352190360","P£OCK","2006","05","08","21","7","",0,"8",0,"8","","","",8,"",0,"8",0,"8",5,"",20,"",3,"",0,"",15.1,"",.0,"8","U","",10.3,"",60,"",7.4,"",1004.7,"",1017.7,"",0,.2,"",.0,"8",0,"8","01","1","2","","5","","","3","","","1","","",0,"8",.0,"8",.0,"8","","8",0,"8","","",.0,"8",.0,"8",.0,"8",.0,"8",.0,"8",.0,"8",.0,"8",.0,"8",.0,"8",0,"8",0,"8",0,"8","","",0,"8",0,"8"
"352190360","P£OCK","2006","05","08","22","9","",0,"8",0,"8","","","",8,"",0,"8",0,"8",1,"",20,"",3,"",0,"",13.5,"",.0,"8","U","",10.5,"",68,"",7.7,"",1004.4,"",1017.5,"",8,-.3,"",.0,"8",0,"8","01","1","0","","0","","","0","","","1","","",0,"8",.0,"8",.0,"8","","8",0,"8","","",.0,"8",.0,"8",.0,"8",.0,"8",.0,"8",.0,"8",.0,"8",.0,"8",.0,"8",0,"8",0,"8",0,"8","","",0,"8",0,"8"
"352190360","P£OCK","2006","05","08","23","9","",0,"8",0,"8","","","",8,"",0,"8",0,"8",0,"",30,"",4,"",0,"",12.5,"",.0,"8","U","",9.7,"",67,"",6.5,"",1004.3,"",1017.4,"",7,-.5,"",.0,"8",0,"8","01","0","0","","0","","","0","","","0","","",0,"8",.0,"8",.0,"8","","8",0,"8","","",.0,"8",.0,"8",.0,"8",.0,"8",.0,"8",.0,"8",.0,"8",.0,"8",.0,"8",0,"8",0,"8",0,"8","","",0,"8",0,"8"
"352190360","P£OCK","2006","05","09","00","9","",0,"8",0,"8","","","",8,"",0,"8",0,"8",4,"",40,"",4,"",0,"",12.6,"",.0,"8","U","",8.2,"",56,"",4.0,"",1004.1,"",1017.2,"",7,-.6,"",.0,"9",0,"9","03","1","3","","0","","","3","","","1","","",0,"",.0,"8",.0,"8","","8",0,"8","","",.0,"8",.0,"8",.0,"8",.0,"8",.0,"8",.0,"8",.0,"8",.0,"8",.0,"8",0,"8",0,"8",0,"8","","",0,"8",0,"8"
"352190360","P£OCK","2006","05","09","01","9","",0,"8",0,"8","","","",8,"",0,"8",0,"8",3,"",50,"",4,"",0,"",11.5,"",.0,"8","U","",7.6,"",56,"",3.0,"",1004.0,"",1017.2,"",7,-.4,"",.0,"8",0,"8","01","0","3","","0","","","3","","","0","","",0,"8",.0,"8",.0,"8","","8",0,"8","","",.0,"8",.0,"8",.0,"8",.0,"8",.0,"8",.0,"8",.0,"8",.0,"8",.0,"8",0,"8",0,"8",0,"8","","",0,"8",0,"8"
"352190360","P£OCK","2006","05","09","02","9","",0,"8",0,"8","","","",8,"",0,"8",0,"8",1,"",40,"",4,"",0,"",10.3,"",.0,"8","U","",7.0,"",56,"",1.9,"",1004.0,"",1017.2,"",6,-.3,"",.0,"8",0,"8","01","0","1","","0","","","3","","","0","","",0,"8",.0,"8",.0,"8","","8",0,"8","","",.0,"8",.0,"8",.0,"8",.0,"8",.0,"8",.0,"8",.0,"8",.0,"8",.0,"8",0,"8",0,"8",0,"8","","",0,"8",0,"8"
"352190360","P£OCK","2006","05","09","03","9","",0,"8",0,"8","","","",8,"",0,"8",0,"8",1,"",50,"",5,"",0,"",9.8,"",.0,"8","U","",6.4,"",53,"",.7,"",1004.1,"",1017.4,"",5,.0,"",.0,"8",0,"8","02","0","1","","0","","","3","","","0","","",0,"8",.0,"8",.0,"8","","8",0,"8","","",.0,"8",.0,"8",.0,"8",.0,"8",.0,"8",.0,"8",.0,"8",.0,"8",.0,"8",0,"8",0,"8",0,"8","","",0,"8",0,"8"
"352190360","P£OCK","2006","05","09","04","9","",0,"8",0,"8","","","",8,"",0,"8",0,"8",1,"",50,"",4,"",0,"",10.4,"",.0,"8","U","",6.3,"",50,"",.4,"",1004.4,"",1017.6,"",3,.4,"",.0,"8",0,"8","02","0","1","","0","","","3","","","0","","",0,"8",.0,"8",.0,"8","","8",0,"8","","",.0,"8",.0,"8",.0,"8",.0,"8",.0,"8",.0,"8",.0,"8",.0,"8",.0,"8",0,"8",0,"8",0,"8","","",0,"8",0,"8"
"352190360","P£OCK","2006","05","09","05","9","",0,"8",0,"8","","","",8,"",0,"8",0,"8",0,"",50,"",3,"",0,"",11.9,"",.0,"8","U","",6.4,"",46,"",.6,"",1004.9,"",1018.1,"",3,.9,"",.0,"8",0,"8","01","0","0","","0","","","0","","","0","","",0,"8",.0,"8",.0,"8","","8",0,"8","","",.0,"8",.0,"8",.0,"8",.0,"8",.0,"8",.0,"8",.0,"8",.0,"8",.0,"8",0,"8",0,"8",0,"8","","",0,"8",0,"8"
"352190360","P£OCK","2006","05","09","06","9","",0,"8",0,"8","","","",8,"",0,"8",0,"8",0,"",60,"",4,"",0,"",13.8,"",.0,"8","U","",6.6,"",42,"",1.1,"",1005.1,"",1018.2,"",2,1.0,"",.0,"9",0,"9","02","0","0","","0","","","0","","","0","","",0,"",.0,"8",.0,"8","","8",0,"8","","",.0,"8",.0,"8",.0,"8",.0,"8",.0,"8",.0,"8",.0,"8",.0,"8",.0,"8",0,"8",0,"8",0,"8","","",0,"8",0,"8"
"352190360","P£OCK","2006","05","09","07","9","",0,"8",0,"8","","","",8,"",0,"8",0,"8",0,"",60,"",4,"",0,"",15.8,"",.0,"8","U","",6.4,"",36,"",.7,"",1005.4,"",1018.4,"",2,1.0,"",.0,"8",0,"8","02","0","0","","0","","","0","","","0","","",0,"8",.0,"8",.0,"8","","8",0,"8","","",.0,"8",.0,"8",.0,"8",.0,"8",.0,"8",.0,"8",.0,"8",.0,"8",.0,"8",0,"8",0,"8",0,"8","","",0,"8",0,"8"
"352190360","P£OCK","2006","05","09","08","9","",0,"8",0,"8","","","",8,"",0,"8",0,"8",1,"",70,"",4,"",0,"",18.1,"",.0,"8","U","",6.0,"",29,"",-.2,"",1005.4,"",1018.3,"",1,.5,"",.0,"8",0,"8","03","0","0","","0","","","0","","","1","","",0,"8",.0,"8",.0,"8","","8",0,"8","","",.0,"8",.0,"8",.0,"8",.0,"8",.0,"8",.0,"8",.0,"8",.0,"8",.0,"8",0,"8",0,"8",0,"8","","",0,"8",0,"8"
"352190360","P£OCK","2006","05","09","09","9","",0,"8",0,"8","","","",8,"",0,"8",0,"8",0,"",50,"",6,"",11,"",18.4,"",.0,"8","U","",4.6,"",22,"",-3.7,"",1005.2,"",1018.1,"",0,.1,"",.0,"8",0,"8","01","0","0","","0","","","0","","","0","","",0,"8",.0,"8",.0,"8","","8",0,"8","","",.0,"8",.0,"8",.0,"8",.0,"8",.0,"8",.0,"8",.0,"8",.0,"8",.0,"8",0,"8",0,"8",0,"8","","",0,"8",0,"8"
"352190360","P£OCK","2006","05","09","10","9","",0,"8",0,"8","","","",8,"",0,"8",0,"8",1,"",50,"",5,"",0,"",18.6,"",.0,"8","U","",4.5,"",21,"",-4.2,"",1005.0,"",1017.9,"",8,-.4,"",.0,"8",0,"8","03","0","0","","0","","","0","","","1","","",0,"8",.0,"8",.0,"8","","8",0,"8","","",.0,"8",.0,"8",.0,"8",.0,"8",.0,"8",.0,"8",.0,"8",.0,"8",.0,"8",0,"8",0,"8",0,"8","","",0,"8",0,"8"
"352190360","P£OCK","2006","05","09","11","9","",0,"8",0,"8","","","",8,"",0,"8",0,"8",1,"",40,"",7,"",0,"",19.1,"",.0,"8","U","",4.6,"",21,"",-3.8,"",1004.7,"",1017.6,"",7,-.7,"",.0,"8",0,"8","02","0","0","","0","","","0","","","1","","",0,"8",.0,"8",.0,"8","","8",0,"8","","",.0,"8",.0,"8",.0,"8",.0,"8",.0,"8",.0,"8",.0,"8",.0,"8",.0,"8",0,"8",0,"8",0,"8","","",0,"8",0,"8"
"352190360","P£OCK","2006","05","09","12","9","",0,"8",0,"8","","","",8,"",0,"8",0,"8",1,"",50,"",4,"",0,"",20.0,"",.0,"8","U","",4.9,"",21,"",-3.0,"",1004.2,"",1017.0,"",8,-1.0,"",.0,"9",0,"9","02","0","0","","0","","","0","","","1","","",0,"",.0,"8",.0,"8","","8",0,"8","","",.0,"8",.0,"8",.0,"8",.0,"8",.0,"8",.0,"8",.0,"8",.0,"8",.0,"8",0,"8",0,"8",0,"8","","",0,"8",0,"8"
"352190360","P£OCK","2006","05","09","13","9","",0,"8",0,"8","","","",8,"",0,"8",0,"8",0,"",40,"",6,"",0,"",20.3,"",.0,"8","U","",4.5,"",19,"",-4.1,"",1003.6,"",1016.4,"",8,-1.4,"",.0,"8",0,"8","01","0","0","","0","","","0","","","0","","",0,"8",.0,"8",.0,"8","","8",0,"8","","",.0,"8",.0,"8",.0,"8",.0,"8",.0,"8",.0,"8",.0,"8",.0,"8",.0,"8",0,"8",0,"8",0,"8","","",0,"8",0,"8"
"352190360","P£OCK","2006","05","09","14","9","",0,"8",0,"8","","","",8,"",0,"8",0,"8",0,"",40,"",4,"",10,"",20.6,"",.0,"8","U","",5.3,"",22,"",-1.9,"",1002.9,"",1015.7,"",8,-1.8,"",.0,"8",0,"8","02","0","0","","0","","","0","","","0","","",0,"8",.0,"8",.0,"8","","8",0,"8","","",.0,"8",.0,"8",.0,"8",.0,"8",.0,"8",.0,"8",.0,"8",.0,"8",.0,"8",0,"8",0,"8",0,"8","","",0,"8",0,"8"
"352190360","P£OCK","2006","05","09","15","9","",0,"8",0,"8","","","",8,"",0,"8",0,"8",0,"",10,"",5,"",0,"",20.4,"",.0,"8","U","",4.3,"",18,"",-4.7,"",1002.6,"",1015.4,"",7,-1.6,"",.0,"8",0,"8","02","0","0","","0","","","0","","","0","","",0,"8",.0,"8",.0,"8","","8",0,"8","","",.0,"8",.0,"8",.0,"8",.0,"8",.0,"8",.0,"8",.0,"8",.0,"8",.0,"8",0,"8",0,"8",0,"8","","",0,"8",0,"8"
"352190360","P£OCK","2006","05","09","16","9","",0,"8",0,"8","","","",8,"",0,"8",0,"8",0,"",10,"",5,"",0,"",20.3,"",.0,"8","U","",4.8,"",20,"",-3.4,"",1002.2,"",1015.0,"",7,-1.4,"",.0,"8",0,"8","02","0","0","","0","","","0","","","0","","",0,"8",.0,"8",.0,"8","","8",0,"8","","",.0,"8",.0,"8",.0,"8",.0,"8",.0,"8",.0,"8",.0,"8",.0,"8",.0,"8",0,"8",0,"8",0,"8","","",0,"8",0,"8"
"352190360","P£OCK","2006","05","09","17","9","",0,"8",0,"8","","","",8,"",0,"8",0,"8",0,"",10,"",5,"",0,"",19.4,"",.0,"8","U","",5.6,"",25,"",-1.2,"",1002.1,"",1014.9,"",7,-.8,"",.0,"8",0,"8","02","0","0","","0","","","0","","","0","","",0,"8",.0,"8",.0,"8","","8",0,"8","","",.0,"8",.0,"8",.0,"8",.0,"8",.0,"8",.0,"8",.0,"8",.0,"8",.0,"8",0,"8",0,"8",0,"8","","",0,"8",0,"8"
"352190360","P£OCK","2006","05","09","18","9","",0,"8",0,"8","","","",8,"",0,"8",0,"8",0,"",10,"",3,"",0,"",17.6,"",.0,"8","U","",6.4,"",32,"",.7,"",1002.0,"",1014.9,"",6,-.6,"",.0,"9",0,"9","02","0","0","","0","","","0","","","0","","",0,"",.0,"8",.0,"8","","8",0,"8","","",.0,"8",.0,"8",.0,"8",.0,"8",.0,"8",.0,"8",.0,"8",.0,"8",.0,"8",0,"8",0,"8",0,"8","","",0,"8",0,"8"
"352190360","P£OCK","2006","05","09","19","9","",0,"8",0,"8","","","",8,"",0,"8",0,"8",1,"",330,"",3,"",0,"",15.7,"",.0,"8","U","",7.3,"",41,"",2.5,"",1002.0,"",1015.0,"",6,-.2,"",.0,"8",0,"8","03","0","0","","0","","","0","","","1","","",0,"8",.0,"8",.0,"8","","8",0,"8","","",.0,"8",.0,"8",.0,"8",.0,"8",.0,"8",.0,"8",.0,"8",.0,"8",.0,"8",0,"8",0,"8",0,"8","","",0,"8",0,"8"
"352190360","P£OCK","2006","05","09","20","9","",0,"8",0,"8","","","",8,"",0,"8",0,"8",0,"",340,"",3,"",0,"",14.6,"",.0,"8","U","",7.3,"",44,"",2.5,"",1001.9,"",1014.9,"",7,-.2,"",.0,"8",0,"8","01","0","0","","0","","","0","","","0","","",0,"8",.0,"8",.0,"8","","8",0,"8","","",.0,"8",.0,"8",.0,"8",.0,"8",.0,"8",.0,"8",.0,"8",.0,"8",.0,"8",0,"8",0,"8",0,"8","","",0,"8",0,"8"
"352190360","P£OCK","2006","05","09","21","9","",0,"8",0,"8","","","",8,"",0,"8",0,"8",0,"",340,"",2,"",0,"",12.8,"",.0,"8","U","",7.2,"",49,"",2.3,"",1001.8,"",1014.9,"",8,-.2,"",.0,"8",0,"8","02","0","0","","0","","","0","","","0","","",0,"8",.0,"8",.0,"8","","8",0,"8","","",.0,"8",.0,"8",.0,"8",.0,"8",.0,"8",.0,"8",.0,"8",.0,"8",.0,"8",0,"8",0,"8",0,"8","","",0,"8",0,"8"
"352190360","P£OCK","2006","05","09","22","9","",0,"8",0,"8","","","",8,"",0,"8",0,"8",1,"",300,"",2,"",0,"",10.5,"",.0,"8","U","",7.2,"",57,"",2.3,"",1001.1,"",1014.3,"",8,-.9,"",.0,"8",0,"8","03","0","1","","0","","","3","","","0","","",0,"8",.0,"8",.0,"8","","8",0,"8","","",.0,"8",.0,"8",.0,"8",.0,"8",.0,"8",.0,"8",.0,"8",.0,"8",.0,"8",0,"8",0,"8",0,"8","","",0,"8",0,"8"
"352190360","P£OCK","2006","05","09","23","9","",0,"8",0,"8","","","",8,"",0,"8",0,"8",0,"",310,"",2,"",0,"",9.2,"",.0,"8","U","",7.1,"",61,"",2.1,"",1000.8,"",1014.1,"",7,-1.1,"",.0,"8",0,"8","01","0","0","","0","","","0","","","0","","",0,"8",.0,"8",.0,"8","","8",0,"8","","",.0,"8",.0,"8",.0,"8",.0,"8",.0,"8",.0,"8",.0,"8",.0,"8",.0,"8",0,"8",0,"8",0,"8","","",0,"8",0,"8"
"352190360","P£OCK","2006","05","10","00","9","",0,"8",0,"8","","","",8,"",0,"8",0,"8",0,"",330,"",2,"",0,"",8.3,"",.0,"8","U","",7.0,"",64,"",1.9,"",1000.4,"",1013.7,"",7,-1.4,"",.0,"9",0,"9","02","0","0","","0","","","0","","","0","","",0,"",.0,"8",.0,"8","","8",0,"8","","",.0,"8",.0,"8",.0,"8",.0,"8",.0,"8",.0,"8",.0,"8",.0,"8",.0,"8",0,"8",0,"8",0,"8","","",0,"8",0,"8"
"352190360","P£OCK","2006","05","10","01","9","",0,"8",0,"8","","","",8,"",0,"8",0,"8",0,"",350,"",3,"",0,"",7.5,"",.0,"8","U","",7.2,"",70,"",2.4,"",1000.5,"",1013.8,"",5,-.6,"",.0,"8",0,"8","02","0","0","","0","","","0","","","0","","",0,"8",.0,"8",.0,"8","","8",0,"8","","",.0,"8",.0,"8",.0,"8",.0,"8",.0,"8",.0,"8",.0,"8",.0,"8",.0,"8",0,"8",0,"8",0,"8","","",0,"8",0,"8"
"352190360","P£OCK","2006","05","10","02","7","",0,"8",0,"8","","","",8,"",0,"8",0,"8",1,"",30,"",2,"",0,"",6.7,"",.0,"8","U","",7.4,"",75,"",2.6,"",1000.2,"",1013.6,"",7,-.6,"",.0,"8",0,"8","03","0","1","","5","","","0","","","0","","",0,"8",.0,"8",.0,"8","","8",0,"8","","",.0,"8",.0,"8",.0,"8",.0,"8",.0,"8",.0,"8",.0,"8",.0,"8",.0,"8",0,"8",0,"8",0,"8","","",0,"8",0,"8"
"352190360","P£OCK","2006","05","10","03","6","",0,"8",0,"8","","","",8,"",0,"8",0,"8",4,"",50,"",4,"",0,"",7.3,"",.0,"8","U","",7.8,"",76,"",3.3,"",1000.4,"",1013.7,"",4,.0,"",.0,"8",0,"8","03","0","2","","9","","","6","","","0","","",0,"8",.0,"8",.0,"8","","8",0,"8","","",.0,"8",.0,"8",.0,"8",.0,"8",.0,"8",.0,"8",.0,"8",.0,"8",.0,"8",0,"8",0,"8",0,"8","","",0,"8",0,"8"
"352190360","P£OCK","2006","05","10","04","9","",0,"8",0,"8","","","",8,"",0,"8",0,"8",1,"",40,"",3,"",0,"",8.0,"",.0,"8","U","",8.3,"",77,"",4.2,"",1001.2,"",1014.5,"",3,.7,"",.0,"8",0,"8","01","0","1","","0","","","6","","","0","","",0,"8",.0,"8",.0,"8","","8",0,"8","","",.0,"8",.0,"8",.0,"8",.0,"8",.0,"8",.0,"8",.0,"8",.0,"8",.0,"8",0,"8",0,"8",0,"8","","",0,"8",0,"8"
"352190360","P£OCK","2006","05","10","05","9","",0,"8",0,"8","","","",8,"",0,"8",0,"8",1,"",40,"",4,"",0,"",9.3,"",.0,"8","U","",8.8,"",75,"",5.1,"",1001.6,"",1014.9,"",2,1.4,"",.0,"8",0,"8","02","0","1","","0","","","6","","","0","","",0,"8",.0,"8",.0,"8","","8",0,"8","","",.0,"8",.0,"8",.0,"8",.0,"8",.0,"8",.0,"8",.0,"8",.0,"8",.0,"8",0,"8",0,"8",0,"8","","",0,"8",0,"8"
"352190360","P£OCK","2006","05","10","06","9","",0,"8",0,"8","","","",8,"",0,"8",0,"8",0,"",50,"",6,"",0,"",10.6,"",.0,"8","U","",8.4,"",66,"",4.5,"",1001.8,"",1015.0,"",1,1.4,"",.0,"9",0,"9","01","0","0","","0","","","0","","","0","","",0,"",.0,"8",.0,"8","","8",0,"8","","",.0,"8",.0,"8",.0,"8",.0,"8",.0,"8",.0,"8",.0,"8",.0,"8",.0,"8",0,"8",0,"8",0,"8","","",0,"8",0,"8"
"352190360","P£OCK","2006","05","10","07","9","",0,"8",0,"8","","","",8,"",0,"8",0,"8",0,"",40,"",5,"",0,"",11.8,"",.0,"8","U","",8.7,"",63,"",5.0,"",1002.2,"",1015.4,"",2,1.0,"",.0,"8",0,"8","02","0","0","","0","","","0","","","0","","",0,"8",.0,"8",.0,"8","","8",0,"8","","",.0,"8",.0,"8",.0,"8",.0,"8",.0,"8",.0,"8",.0,"8",.0,"8",.0,"8",0,"8",0,"8",0,"8","","",0,"8",0,"8"
"352190360","P£OCK","2006","05","10","08","5","",0,"8",0,"8","","","",8,"",0,"8",0,"8",1,"",50,"",4,"",0,"",13.5,"",.0,"8","U","",8.2,"",53,"",4.1,"",1002.4,"",1015.5,"",2,.8,"",.0,"8",0,"8","03","0","1","","1","","","0","","","0","","",0,"8",.0,"8",.0,"8","","8",0,"8","","",.0,"8",.0,"8",.0,"8",.0,"8",.0,"8",.0,"8",.0,"8",.0,"8",.0,"8",0,"8",0,"8",0,"8","","",0,"8",0,"8"
"352190360","P£OCK","2006","05","10","09","5","",0,"8",0,"8","","","",8,"",0,"8",0,"8",2,"",40,"",5,"",0,"",14.9,"",.0,"8","U","",7.6,"",45,"",3.1,"",1002.5,"",1015.5,"",1,.7,"",.0,"8",0,"8","03","0","2","","1","","","0","","","0","","",0,"8",.0,"8",.0,"8","","8",0,"8","","",.0,"8",.0,"8",.0,"8",.0,"8",.0,"8",.0,"8",.0,"8",.0,"8",.0,"8",0,"8",0,"8",0,"8","","",0,"8",0,"8"
"352190360","P£OCK","2006","05","10","10","7","",0,"8",0,"8","","","",8,"",0,"8",0,"8",3,"",30,"",6,"",0,"",15.5,"",.0,"8","U","",6.9,"",39,"",1.6,"",1002.4,"",1015.4,"",0,.2,"",.0,"8",0,"8","03","0","3","","1","","","0","","","0","","",0,"8",.0,"8",.0,"8","","8",0,"8","","",.0,"8",.0,"8",.0,"8",.0,"8",.0,"8",.0,"8",.0,"8",.0,"8",.0,"8",0,"8",0,"8",0,"8","","",0,"8",0,"8"
"352190360","P£OCK","2006","05","10","11","7","",0,"8",0,"8","","","",8,"",0,"8",0,"8",3,"",10,"",5,"",0,"",16.2,"",.0,"8","U","",6.6,"",36,"",1.1,"",1002.4,"",1015.4,"",4,.0,"",.0,"8",0,"8","02","0","3","","1","","","0","","","0","","",0,"8",.0,"8",.0,"8","","8",0,"8","","",.0,"8",.0,"8",.0,"8",.0,"8",.0,"8",.0,"8",.0,"8",.0,"8",.0,"8",0,"8",0,"8",0,"8","","",0,"8",0,"8"
"352190360","P£OCK","2006","05","10","12","7","",0,"8",0,"8","","","",8,"",0,"8",0,"8",3,"",30,"",4,"",0,"",16.3,"",.0,"8","U","",6.3,"",34,"",.4,"",1002.1,"",1015.0,"",7,-.4,"",.0,"9",0,"9","02","0","3","","1","","","0","","","0","","",0,"",.0,"8",.0,"8","","8",0,"8","","",.0,"8",.0,"8",.0,"8",.0,"8",.0,"8",.0,"8",.0,"8",.0,"8",.0,"8",0,"8",0,"8",0,"8","","",0,"8",0,"8"
"352190360","P£OCK","2006","05","10","13","7","",0,"8",0,"8","","","",8,"",0,"8",0,"8",3,"",10,"",4,"",0,"",17.1,"",.0,"8","U","",5.6,"",29,"",-1.1,"",1001.8,"",1014.7,"",8,-.6,"",.0,"8",0,"8","02","0","3","","1","","","0","","","0","","",0,"8",.0,"8",.0,"8","","8",0,"8","","",.0,"8",.0,"8",.0,"8",.0,"8",.0,"8",.0,"8",.0,"8",.0,"8",.0,"8",0,"8",0,"8",0,"8","","",0,"8",0,"8"
"352190360","P£OCK","2006","05","10","14","8","",0,"8",0,"8","","","",8,"",0,"8",0,"8",3,"",340,"",3,"",0,"",17.9,"",.0,"8","U","",5.9,"",29,"",-.4,"",1001.4,"",1014.3,"",7,-1.0,"",.0,"8",0,"8","02","0","3","","1","","","0","","","0","","",0,"8",.0,"8",.0,"8","","8",0,"8","","",.0,"8",.0,"8",.0,"8",.0,"8",.0,"8",.0,"8",.0,"8",.0,"8",.0,"8",0,"8",0,"8",0,"8","","",0,"8",0,"8"
"352190360","P£OCK","2006","05","10","15","8","",0,"8",0,"8","","","",8,"",0,"8",0,"8",2,"",360,"",3,"",0,"",17.8,"",.0,"8","U","",5.7,"",28,"",-1.0,"",1001.2,"",1014.1,"",7,-.9,"",.0,"8",0,"8","01","0","2","","1","","","0","","","0","","",0,"8",.0,"8",.0,"8","","8",0,"8","","",.0,"8",.0,"8",.0,"8",.0,"8",.0,"8",.0,"8",.0,"8",.0,"8",.0,"8",0,"8",0,"8",0,"8","","",0,"8",0,"8"
"352190360","P£OCK","2006","05","10","16","8","",0,"8",0,"8","","","",8,"",0,"8",0,"8",2,"",340,"",3,"",0,"",17.7,"",.0,"8","U","",5.9,"",29,"",-.6,"",1001.1,"",1014.0,"",6,-.7,"",.0,"8",0,"8","02","0","2","","1","","","0","","","0","","",0,"8",.0,"8",.0,"8","","8",0,"8","","",.0,"8",.0,"8",.0,"8",.0,"8",.0,"8",.0,"8",.0,"8",.0,"8",.0,"8",0,"8",0,"8",0,"8","","",0,"8",0,"8"
"352190360","P£OCK","2006","05","10","17","9","",0,"8",0,"8","","","",8,"",0,"8",0,"8",2,"",330,"",4,"",0,"",17.4,"",.0,"8","U","",6.5,"",33,"",.9,"",1001.2,"",1014.1,"",5,-.2,"",.0,"8",0,"8","01","0","2","","0","","","3","","","0","","",0,"8",.0,"8",.0,"8","","8",0,"8","","",.0,"8",.0,"8",.0,"8",.0,"8",.0,"8",.0,"8",.0,"8",.0,"8",.0,"8",0,"8",0,"8",0,"8","","",0,"8",0,"8"
"352190360","P£OCK","2006","05","10","18","9","",0,"8",0,"8","","","",8,"",0,"8",0,"8",2,"",330,"",2,"",0,"",15.7,"",.0,"8","U","",6.8,"",38,"",1.4,"",1001.3,"",1014.3,"",3,.1,"",.0,"9",0,"9","02","0","2","","0","","","3","","","0","","",0,"",.0,"8",.0,"8","","8",0,"8","","",.0,"8",.0,"8",.0,"8",.0,"8",.0,"8",.0,"8",.0,"8",.0,"8",.0,"8",0,"8",0,"8",0,"8","","",0,"8",0,"8"
"352190360","P£OCK","2006","05","10","19","9","",0,"8",0,"8","","","",8,"",0,"8",0,"8",2,"",340,"",3,"",0,"",14.4,"",.0,"8","U","",7.7,"",47,"",3.2,"",1001.7,"",1014.7,"",3,.6,"",.0,"8",0,"8","02","0","2","","0","","","3","","","0","","",0,"8",.0,"8",.0,"8","","8",0,"8","","",.0,"8",.0,"8",.0,"8",.0,"8",.0,"8",.0,"8",.0,"8",.0,"8",.0,"8",0,"8",0,"8",0,"8","","",0,"8",0,"8"
"352190360","P£OCK","2006","05","10","20","9","",0,"8",0,"8","","","",8,"",0,"8",0,"8",1,"",350,"",3,"",0,"",12.4,"",.0,"8","U","",8.6,"",60,"",4.8,"",1002.1,"",1015.2,"",3,.9,"",.0,"8",0,"8","01","0","1","","0","","","3","","","0","","",0,"8",.0,"8",.0,"8","","8",0,"8","","",.0,"8",.0,"8",.0,"8",.0,"8",.0,"8",.0,"8",.0,"8",.0,"8",.0,"8",0,"8",0,"8",0,"8","","",0,"8",0,"8"
"352190360","P£OCK","2006","05","10","21","9","",0,"8",0,"8","","","",8,"",0,"8",0,"8",0,"",350,"",2,"",0,"",11.0,"",.0,"8","U","",8.1,"",62,"",4.0,"",1002.3,"",1015.5,"",1,1.0,"",.0,"8",0,"8","01","0","0","","0","","","0","","","0","","",0,"8",.0,"8",.0,"8","","8",0,"8","","",.0,"8",.0,"8",.0,"8",.0,"8",.0,"8",.0,"8",.0,"8",.0,"8",.0,"8",0,"8",0,"8",0,"8","","",0,"8",0,"8"
"352190360","P£OCK","2006","05","10","22","9","",0,"8",0,"8","","","",8,"",0,"8",0,"8",0,"",10,"",3,"",0,"",10.5,"",.0,"8","U","",8.1,"",64,"",4.0,"",1002.4,"",1015.6,"",1,.7,"",.0,"8",0,"8","02","0","0","","0","","","0","","","0","","",0,"8",.0,"8",.0,"8","","8",0,"8","","",.0,"8",.0,"8",.0,"8",.0,"8",.0,"8",.0,"8",.0,"8",.0,"8",.0,"8",0,"8",0,"8",0,"8","","",0,"8",0,"8"
"352190360","P£OCK","2006","05","10","23","9","",0,"8",0,"8","","","",8,"",0,"8",0,"8",0,"",10,"",3,"",0,"",8.8,"",.0,"8","U","",8.0,"",71,"",3.8,"",1002.5,"",1015.8,"",2,.4,"",.0,"8",0,"8","02","0","0","","0","","","0","","","0","","",0,"8",.0,"8",.0,"8","","8",0,"8","","",.0,"8",.0,"8",.0,"8",.0,"8",.0,"8",.0,"8",.0,"8",.0,"8",.0,"8",0,"8",0,"8",0,"8","","",0,"8",0,"8"
"352190360","P£OCK","2006","05","11","00","9","",0,"8",0,"8","","","",8,"",0,"8",0,"8",0,"",10,"",2,"",0,"",7.7,"",.0,"8","U","",8.0,"",76,"",3.7,"",1002.5,"",1015.9,"",1,.2,"",.0,"9",0,"9","02","0","0","","0","","","0","","","0","","",0,"",.0,"8",.0,"8","","8",0,"8","","",.0,"8",.0,"8",.0,"8",.0,"8",.0,"8",.0,"8",.0,"8",.0,"8",.0,"8",0,"8",0,"8",0,"8","","",0,"8",0,"8"
"352190360","P£OCK","2006","05","11","01","9","",0,"8",0,"8","","","",8,"",0,"8",0,"8",0,"",330,"",1,"",0,"",7.0,"",.0,"8","U","",7.9,"",79,"",3.6,"",1002.4,"",1015.8,"",0,.0,"",.0,"8",0,"8","02","0","0","","0","","","0","","","0","","",0,"8",.0,"8",.0,"8","","8",0,"8","","",.0,"8",.0,"8",.0,"8",.0,"8",.0,"8",.0,"8",.0,"8",.0,"8",.0,"8",0,"8",0,"8",0,"8","","",0,"8",0,"8"
"352190360","P£OCK","2006","05","11","02","9","",0,"8",0,"8","","","",7,"",0,"8",0,"8",0,"",0,"",0,"",0,"",5.5,"",.0,"8","U","",7.7,"",85,"",3.2,"",1002.4,"",1015.9,"",6,-.1,"",.0,"8",0,"8","02","0","0","","0","","","0","","","0","","",0,"8",.0,"8",.0,"8","","8",0,"8","","",.0,"8",.0,"8",.0,"8",.0,"8",.0,"8",.0,"8",.0,"8",.0,"8",.0,"8",0,"8",0,"8",0,"8","","",0,"8",0,"8"
"352190360","P£OCK","2006","05","11","03","9","",0,"8",0,"8","","","",7,"",0,"8",0,"8",2,"",330,"",1,"",0,"",4.8,"",.0,"8","U","",7.4,"",86,"",2.7,"",1002.6,"",1016.1,"",3,.1,"",.0,"8",0,"8","03","0","2","","0","","","3","","","0","","",0,"8",.0,"8",.0,"8","","8",0,"8","","",.0,"8",.0,"8",.0,"8",.0,"8",.0,"8",.0,"8",.0,"8",.0,"8",.0,"8",0,"8",0,"8",0,"8","","",0,"8",0,"8"
"352190360","P£OCK","2006","05","11","04","9","",0,"8",0,"8","","","",8,"",0,"8",0,"8",2,"",320,"",2,"",0,"",6.0,"",.0,"8","U","",7.9,"",85,"",3.7,"",1002.9,"",1016.3,"",3,.5,"",.0,"8",0,"8","02","0","2","","0","","","3","","","0","","",0,"8",.0,"8",.0,"8","","8",0,"8","","",.0,"8",.0,"8",.0,"8",.0,"8",.0,"8",.0,"8",.0,"8",.0,"8",.0,"8",0,"8",0,"8",0,"8","","",0,"8",0,"8"
"352190360","P£OCK","2006","05","11","05","9","",0,"8",0,"8","","","",8,"",0,"8",0,"8",1,"",310,"",2,"",0,"",8.2,"",.0,"8","U","",8.6,"",79,"",4.8,"",1003.1,"",1016.4,"",2,.7,"",.0,"8",0,"8","01","0","1","","0","","","3","","","0","","",0,"8",.0,"8",.0,"8","","8",0,"8","","",.0,"8",.0,"8",.0,"8",.0,"8",.0,"8",.0,"8",.0,"8",.0,"8",.0,"8",0,"8",0,"8",0,"8","","",0,"8",0,"8"
"352190360","P£OCK","2006","05","11","06","9","",0,"8",0,"8","","","",8,"",0,"8",0,"8",1,"",300,"",3,"",0,"",11.2,"",.0,"8","U","",9.3,"",70,"",5.9,"",1003.5,"",1016.7,"",2,.9,"",.0,"9",0,"9","02","0","1","","0","","","3","","","0","","",0,"",.0,"8",.0,"8","","8",0,"8","","",.0,"8",.0,"8",.0,"8",.0,"8",.0,"8",.0,"8",.0,"8",.0,"8",.0,"8",0,"8",0,"8",0,"8","","",0,"8",0,"8"
"352190360","P£OCK","2006","05","11","07","9","",0,"8",0,"8","","","",8,"",0,"8",0,"8",1,"",330,"",3,"",0,"",14.2,"",.0,"8","U","",9.4,"",58,"",6.0,"",1003.6,"",1016.7,"",2,.7,"",.0,"8",0,"8","02","0","1","","0","","","3","","","0","","",0,"8",.0,"8",.0,"8","","8",0,"8","","",.0,"8",.0,"8",.0,"8",.0,"8",.0,"8",.0,"8",.0,"8",.0,"8",.0,"8",0,"8",0,"8",0,"8","","",0,"8",0,"8"
"352190360","P£OCK","2006","05","11","08","9","",0,"8",0,"8","","","",8,"",0,"8",0,"8",1,"",300,"",3,"",0,"",16.3,"",.0,"8","U","",8.1,"",44,"",4.0,"",1003.7,"",1016.7,"",1,.6,"",.0,"8",0,"8","02","0","1","","0","","","3","","","0","","",0,"8",.0,"8",.0,"8","","8",0,"8","","",.0,"8",.0,"8",.0,"8",.0,"8",.0,"8",.0,"8",.0,"8",.0,"8",.0,"8",0,"8",0,"8",0,"8","","",0,"8",0,"8"
"352190360","P£OCK","2006","05","11","09","9","",0,"8",0,"8","","","",8,"",0,"8",0,"8",1,"",340,"",3,"",0,"",17.9,"",.0,"8","U","",6.5,"",32,"",1.0,"",1003.6,"",1016.5,"",0,.1,"",.0,"8",0,"8","02","0","1","","0","","","3","","","0","","",0,"8",.0,"8",.0,"8","","8",0,"8","","",.0,"8",.0,"8",.0,"8",.0,"8",.0,"8",.0,"8",.0,"8",.0,"8",.0,"8",0,"8",0,"8",0,"8","","",0,"8",0,"8"
"352190360","P£OCK","2006","05","11","10","7","",0,"8",0,"8","","","",8,"",0,"8",0,"8",1,"",310,"",3,"",0,"",18.4,"",.0,"8","U","",7.0,"",33,"",1.8,"",1003.4,"",1016.3,"",8,-.2,"",.0,"8",0,"8","03","0","1","","1","","","0","","","0","","",0,"8",.0,"8",.0,"8","","8",0,"8","","",.0,"8",.0,"8",.0,"8",.0,"8",.0,"8",.0,"8",.0,"8",.0,"8",.0,"8",0,"8",0,"8",0,"8","","",0,"8",0,"8"
"352190360","P£OCK","2006","05","11","11","7","",0,"8",0,"8","","","",8,"",0,"8",0,"8",3,"",300,"",3,"",0,"",18.8,"",.0,"8","U","",7.4,"",34,"",2.6,"",1003.2,"",1016.0,"",7,-.5,"",.0,"8",0,"8","03","0","3","","2","","","0","","","0","","",0,"8",.0,"8",.0,"8","","8",0,"8","","",.0,"8",.0,"8",.0,"8",.0,"8",.0,"8",.0,"8",.0,"8",.0,"8",.0,"8",0,"8",0,"8",0,"8","","",0,"8",0,"8"
"352190360","P£OCK","2006","05","11","12","7","",0,"8",0,"8","","","",8,"",0,"8",0,"8",3,"",290,"",4,"",0,"",19.5,"",.0,"8","U","",6.6,"",29,"",1.0,"",1003.0,"",1015.8,"",7,-.6,"",.0,"9",0,"9","02","0","3","","2","","","0","","","0","","",0,"",.0,"8",.0,"8","","8",0,"8","","",.0,"8",.0,"8",.0,"8",.0,"8",.0,"8",.0,"8",.0,"8",.0,"8",.0,"8",0,"8",0,"8",0,"8","","",0,"8",0,"8"
"352190360","P£OCK","2006","05","11","13","7","",0,"8",0,"8","","","",8,"",0,"8",0,"8",2,"",330,"",4,"",0,"",19.4,"",.0,"8","U","",6.3,"",28,"",.4,"",1002.7,"",1015.5,"",7,-.7,"",.0,"8",0,"8","01","0","2","","2","","","0","","","0","","",0,"8",.0,"8",.0,"8","","8",0,"8","","",.0,"8",.0,"8",.0,"8",.0,"8",.0,"8",.0,"8",.0,"8",.0,"8",.0,"8",0,"8",0,"8",0,"8","","",0,"8",0,"8"
"352190360","P£OCK","2006","05","11","14","7","",0,"8",0,"8","","","",8,"",0,"8",0,"8",2,"",310,"",4,"",0,"",20.2,"",.0,"8","U","",6.4,"",27,"",.6,"",1002.6,"",1015.4,"",7,-.6,"",.0,"8",0,"8","02","0","2","","2","","","0","","","0","","",0,"8",.0,"8",.0,"8","","8",0,"8","","",.0,"8",.0,"8",.0,"8",.0,"8",.0,"8",.0,"8",.0,"8",.0,"8",.0,"8",0,"8",0,"8",0,"8","","",0,"8",0,"8"
"352190360","P£OCK","2006","05","11","15","7","",0,"8",0,"8","","","",8,"",0,"8",0,"8",1,"",310,"",3,"",0,"",20.0,"",.0,"8","U","",6.3,"",27,"",.4,"",1002.5,"",1015.3,"",6,-.5,"",.0,"8",0,"8","01","0","1","","1","","","0","","","0","","",0,"8",.0,"8",.0,"8","","8",0,"8","","",.0,"8",.0,"8",.0,"8",.0,"8",.0,"8",.0,"8",.0,"8",.0,"8",.0,"8",0,"8",0,"8",0,"8","","",0,"8",0,"8"
"352190360","P£OCK","2006","05","11","16","7","",0,"8",0,"8","","","",8,"",0,"8",0,"8",1,"",340,"",3,"",0,"",19.7,"",.0,"8","U","",6.6,"",29,"",1.1,"",1002.4,"",1015.2,"",7,-.3,"",.0,"8",0,"8","02","0","1","","1","","","0","","","0","","",0,"8",.0,"8",.0,"8","","8",0,"8","","",.0,"8",.0,"8",.0,"8",.0,"8",.0,"8",.0,"8",.0,"8",.0,"8",.0,"8",0,"8",0,"8",0,"8","","",0,"8",0,"8"
"352190360","P£OCK","2006","05","11","17","9","",0,"8",0,"8","","","",8,"",0,"8",0,"8",0,"",290,"",3,"",0,"",19.3,"",.0,"8","U","",7.1,"",32,"",2.2,"",1002.4,"",1015.2,"",6,-.2,"",.0,"8",0,"8","01","0","0","","0","","","0","","","0","","",0,"8",.0,"8",.0,"8","","8",0,"8","","",.0,"8",.0,"8",.0,"8",.0,"8",.0,"8",.0,"8",.0,"8",.0,"8",.0,"8",0,"8",0,"8",0,"8","","",0,"8",0,"8"
"352190360","P£OCK","2006","05","11","18","9","",0,"8",0,"8","","","",8,"",0,"8",0,"8",1,"",320,"",1,"",0,"",17.6,"",.0,"8","U","",8.0,"",40,"",3.8,"",1002.5,"",1015.4,"",5,.0,"",.0,"9",0,"9","03","0","0","","0","","","0","","","1","","",0,"",.0,"8",.0,"8","","8",0,"8","","",.0,"8",.0,"8",.0,"8",.0,"8",.0,"8",.0,"8",.0,"8",.0,"8",.0,"8",0,"8",0,"8",0,"8","","",0,"8",0,"8"
"352190360","P£OCK","2006","05","11","19","9","",0,"8",0,"8","","","",8,"",0,"8",0,"8",2,"",200,"",1,"",0,"",13.7,"",.0,"8","U","",8.9,"",57,"",5.3,"",1002.5,"",1015.6,"",1,.1,"",.0,"8",0,"8","03","0","1","","0","","","3","","","1","","",0,"8",.0,"8",.0,"8","","8",0,"8","","",.0,"8",.0,"8",.0,"8",.0,"8",.0,"8",.0,"8",.0,"8",.0,"8",.0,"8",0,"8",0,"8",0,"8","","",0,"8",0,"8"
"352190360","P£OCK","2006","05","11","20","9","",0,"8",0,"8","","","",8,"",0,"8",0,"8",3,"",210,"",1,"",0,"",14.9,"",.0,"8","U","",8.3,"",49,"",4.3,"",1002.8,"",1015.8,"",2,.4,"",.0,"8",0,"8","03","0","2","","0","","","3","","","1","","",0,"8",.0,"8",.0,"8","","8",0,"8","","",.0,"8",.0,"8",.0,"8",.0,"8",.0,"8",.0,"8",.0,"8",.0,"8",.0,"8",0,"8",0,"8",0,"8","","",0,"8",0,"8"
"352190360","P£OCK","2006","05","11","21","9","",0,"8",0,"8","","","",8,"",0,"8",0,"8",1,"",210,"",2,"",0,"",12.8,"",.0,"8","U","",8.6,"",58,"",4.7,"",1002.7,"",1015.8,"",0,.2,"",.0,"8",0,"8","01","0","1","","0","","","3","","","0","","",0,"8",.0,"8",.0,"8","","8",0,"8","","",.0,"8",.0,"8",.0,"8",.0,"8",.0,"8",.0,"8",.0,"8",.0,"8",.0,"8",0,"8",0,"8",0,"8","","",0,"8",0,"8"
"352190360","P£OCK","2006","05","11","22","9","",0,"8",0,"8","","","",8,"",0,"8",0,"8",3,"",220,"",2,"",0,"",12.0,"",.0,"8","U","",8.7,"",62,"",4.9,"",1002.8,"",1016.0,"",2,.3,"",.0,"8",0,"8","03","0","3","","0","","","3","","","0","","",0,"8",.0,"8",.0,"8","","8",0,"8","","",.0,"8",.0,"8",.0,"8",.0,"8",.0,"8",.0,"8",.0,"8",.0,"8",.0,"8",0,"8",0,"8",0,"8","","",0,"8",0,"8"
"352190360","P£OCK","2006","05","11","23","9","",0,"8",0,"8","","","",8,"",0,"8",0,"8",3,"",210,"",1,"",0,"",11.6,"",.0,"8","U","",8.5,"",62,"",4.6,"",1002.8,"",1016.0,"",4,.0,"",.0,"8",0,"8","02","0","3","","0","","","3","","","0","","",0,"8",.0,"8",.0,"8","","8",0,"8","","",.0,"8",.0,"8",.0,"8",.0,"8",.0,"8",.0,"8",.0,"8",.0,"8",.0,"8",0,"8",0,"8",0,"8","","",0,"8",0,"8"
"352190360","P£OCK","2006","05","12","00","9","",0,"8",0,"8","","","",8,"",0,"8",0,"8",3,"",260,"",2,"",0,"",12.3,"",.0,"8","U","",8.4,"",59,"",4.5,"",1002.8,"",1015.9,"",1,.1,"",.0,"9",0,"9","02","0","3","","0","","","3","","","0","","",0,"",.0,"8",.0,"8","","8",0,"8","","",.0,"8",.0,"8",.0,"8",.0,"8",.0,"8",.0,"8",.0,"8",.0,"8",.0,"8",0,"8",0,"8",0,"8","","",0,"8",0,"8"
"352190360","P£OCK","2006","05","12","01","9","",0,"8",0,"8","","","",8,"",0,"8",0,"8",6,"",260,"",1,"",0,"",12.0,"",.0,"8","U","",8.8,"",63,"",5.2,"",1002.8,"",1016.0,"",4,.0,"",.0,"8",0,"8","03","1","6","","0","","","5","","","0","","",0,"8",.0,"8",.0,"8","","8",0,"8","","",.0,"8",.0,"8",.0,"8",.0,"8",.0,"8",.0,"8",.0,"8",.0,"8",.0,"8",0,"8",0,"8",0,"8","","",0,"8",0,"8"
"352190360","P£OCK","2006","05","12","02","9","",0,"8",0,"8","","","",8,"",0,"8",0,"8",7,"",220,"",2,"",0,"",11.9,"",.0,"8","U","",9.0,"",65,"",5.5,"",1002.9,"",1016.1,"",3,.1,"",.0,"8",0,"8","03","2","7","","0","","","5","","","/","","",0,"8",.0,"8",.0,"8","","8",0,"8","","",.0,"8",.0,"8",.0,"8",.0,"8",.0,"8",.0,"8",.0,"8",.0,"8",.0,"8",0,"8",0,"8",0,"8","","",0,"8",0,"8"
"352190360","P£OCK","2006","05","12","03","9","",0,"8",0,"8","","","",8,"",0,"8",0,"8",7,"",230,"",2,"",0,"",12.1,"",.0,"8","U","",8.9,"",63,"",5.3,"",1003.1,"",1016.3,"",3,.3,"",.0,"8",0,"8","02","1","7","","0","","","3","","","/","","",0,"8",.0,"8",.0,"8","","8",0,"8","","",.0,"8",.0,"8",.0,"8",.0,"8",.0,"8",.0,"8",.0,"8",.0,"8",.0,"8",0,"8",0,"8",0,"8","","",0,"8",0,"8"
"352190360","P£OCK","2006","05","12","04","7","",0,"8",0,"8","","","",8,"",0,"8",0,"8",6,"",230,"",1,"",0,"",12.4,"",.0,"8","U","",9.2,"",64,"",5.8,"",1003.3,"",1016.4,"",2,.5,"",.0,"8",0,"8","25","8","2","","9","","","3","","","0","","",0,"8",.0,"8",.0,"8","","8",0,"8","","",.0,"8",.0,"8",.0,"8",.0,"8",.0,"8",.0,"8",.0,"8",.0,"8",.0,"8",0,"8",0,"8",0,"8","","",0,"8",0,"8"
"352190360","P£OCK","2006","05","12","05","7","",0,"8",0,"8","","","",8,"",0,"8",0,"8",6,"",230,"",4,"",0,"",13.2,"",.0,"8","U","",8.9,"",59,"",5.4,"",1003.5,"",1016.6,"",2,.6,"",.0,"8",0,"8","01","2","1","","9","","","3","","","0","","",0,"8",.0,"8",.0,"8","","8",0,"8","","",.0,"8",.0,"8",.0,"8",.0,"8",.0,"8",.0,"8",.0,"8",.0,"8",.0,"8",0,"8",0,"8",0,"8","","",0,"8",0,"8"
"352190360","P£OCK","2006","05","12","06","6","",0,"8",0,"8","","","",8,"",0,"8",0,"8",7,"",230,"",3,"",0,"",15.3,"",.0,"8","U","",9.0,"",52,"",5.5,"",1003.6,"",1016.6,"",2,.5,"",.0,"",6,"","03","8","1","","9","","","7","","","/","","",0,"",.0,"8",.0,"8","","8",0,"8","","",.0,"8",.0,"8",.0,"8",.0,"8",.0,"8",.0,"8",.0,"8",.0,"8",.0,"8",0,"8",0,"8",0,"8","","",0,"8",0,"8"
"352190360","P£OCK","2006","05","12","07","7","",0,"8",0,"8","","","",8,"",0,"8",0,"8",5,"",230,"",4,"",0,"",16.1,"",.0,"8","U","",9.7,"",53,"",6.5,"",1003.7,"",1016.7,"",2,.4,"",.0,"8",0,"8","01","2","1","","5","","","8","","","0","","",0,"8",.0,"8",.0,"8","","8",0,"8","","",.0,"8",.0,"8",.0,"8",.0,"8",.0,"8",.0,"8",.0,"8",.0,"8",.0,"8",0,"8",0,"8",0,"8","","",0,"8",0,"8"
"352190360","P£OCK","2006","05","12","08","9","",0,"8",0,"8","","","",8,"",0,"8",0,"8",1,"",230,"",5,"",0,"",19.6,"",.0,"8","U","",9.1,"",40,"",5.6,"",1003.5,"",1016.3,"",0,.0,"",.0,"8",0,"8","01","1","1","","0","","","3","","","0","","",0,"8",.0,"8",.0,"8","","8",0,"8","","",.0,"8",.0,"8",.0,"8",.0,"8",.0,"8",.0,"8",.0,"8",.0,"8",.0,"8",0,"8",0,"8",0,"8","","",0,"8",0,"8"
"352190360","P£OCK","2006","05","12","09","7","",0,"8",0,"8","","","",8,"",0,"8",0,"8",3,"",250,"",6,"",0,"",20.9,"",.0,"8","U","",8.1,"",33,"",4.0,"",1003.3,"",1016.1,"",8,-.3,"",.0,"8",0,"8","03","1","1","","2","","","8","","","0","","",0,"8",.0,"8",.0,"8","","8",0,"8","","",.0,"8",.0,"8",.0,"8",.0,"8",.0,"8",.0,"8",.0,"8",.0,"8",.0,"8",0,"8",0,"8",0,"8","","",0,"8",0,"8"
"352190360","P£OCK","2006","05","12","10","7","",0,"8",0,"8","","","",8,"",0,"8",0,"8",2,"",230,"",6,"",0,"",21.5,"",.0,"8","U","",8.7,"",34,"",5.0,"",1003.1,"",1015.8,"",7,-.6,"",.0,"8",0,"8","01","0","1","","1","","","3","","","0","","",0,"8",.0,"8",.0,"8","","8",0,"8","","",.0,"8",.0,"8",.0,"8",.0,"8",.0,"8",.0,"8",.0,"8",.0,"8",.0,"8",0,"8",0,"8",0,"8","","",0,"8",0,"8"
"352190360","P£OCK","2006","05","12","11","7","",0,"8",0,"8","","","",8,"",0,"8",0,"8",3,"",250,"",5,"",0,"",21.9,"",.0,"8","U","",7.9,"",30,"",3.5,"",1002.8,"",1015.5,"",7,-.7,"",.0,"8",0,"8","03","0","2","","2","","","3","","","0","","",0,"8",.0,"8",.0,"8","","8",0,"8","","",.0,"8",.0,"8",.0,"8",.0,"8",.0,"8",.0,"8",.0,"8",.0,"8",.0,"8",0,"8",0,"8",0,"8","","",0,"8",0,"8"
"352190360","P£OCK","2006","05","12","12","7","",0,"8",0,"8","","","",8,"",0,"8",0,"8",5,"",260,"",5,"",0,"",23.2,"",.0,"8","U","",7.9,"",28,"",3.7,"",1002.6,"",1015.2,"",7,-.7,"",.0,"9",0,"9","03","1","5","","2","","","0","","","0","","",0,"",.0,"8",.0,"8","","8",0,"8","","",.0,"8",.0,"8",.0,"8",.0,"8",.0,"8",.0,"8",.0,"8",.0,"8",.0,"8",0,"8",0,"8",0,"8","","",0,"8",0,"8"
"352190360","P£OCK","2006","05","12","13","7","",0,"8",0,"8","","","",8,"",0,"8",0,"8",5,"",280,"",7,"",0,"",22.5,"",.0,"8","U","",7.6,"",28,"",3.1,"",1002.4,"",1015.1,"",7,-.7,"",.0,"8",0,"8","01","2","4","","2","","","3","","","0","","",0,"8",.0,"8",.0,"8","","8",0,"8","","",.0,"8",.0,"8",.0,"8",.0,"8",.0,"8",.0,"8",.0,"8",.0,"8",.0,"8",0,"8",0,"8",0,"8","","",0,"8",0,"8"
"352190360","P£OCK","2006","05","12","14","7","",0,"8",0,"8","","","",8,"",0,"8",0,"8",4,"",270,"",7,"",0,"",23.4,"",.0,"8","U","",7.2,"",25,"",2.2,"",1002.3,"",1014.9,"",7,-.5,"",.0,"8",0,"8","03","1","4","","9","","","0","","","0","","",0,"8",.0,"8",.0,"8","","8",0,"8","","",.0,"8",.0,"8",.0,"8",.0,"8",.0,"8",.0,"8",.0,"8",.0,"8",.0,"8",0,"8",0,"8",0,"8","","",0,"8",0,"8"
"352190360","P£OCK","2006","05","12","15","6","",0,"8",0,"8","","","",8,"",0,"8",0,"8",3,"",280,"",5,"",0,"",23.0,"",.0,"8","U","",8.1,"",29,"",4.0,"",1002.1,"",1014.8,"",7,-.5,"",.0,"8",0,"8","01","1","3","","9","","","0","","","0","","",0,"8",.0,"8",.0,"8","","8",0,"8","","",.0,"8",.0,"8",.0,"8",.0,"8",.0,"8",.0,"8",.0,"8",.0,"8",.0,"8",0,"8",0,"8",0,"8","","",0,"8",0,"8"
"352190360","P£OCK","2006","05","12","16","6","",0,"8",0,"8","","","",8,"",0,"8",0,"8",2,"",270,"",5,"",10,"",22.8,"",.0,"8","U","",7.8,"",28,"",3.3,"",1001.9,"",1014.6,"",7,-.5,"",.0,"8",0,"8","01","0","2","","3","","","0","","","0","","",0,"8",.0,"8",.0,"8","","8",0,"8","","",.0,"8",.0,"8",.0,"8",.0,"8",.0,"8",.0,"8",.0,"8",.0,"8",.0,"8",0,"8",0,"8",0,"8","","",0,"8",0,"8"
"352190360","P£OCK","2006","05","12","17","6","",0,"8",0,"8","","","",8,"",0,"8",0,"8",5,"",260,"",4,"",0,"",21.5,"",.0,"8","U","",8.4,"",33,"",4.5,"",1002.1,"",1014.8,"",5,-.2,"",.0,"8",0,"8","03","1","4","","9","","","3","","","0","","",0,"8",.0,"8",.0,"8","","8",0,"8","","",.0,"8",.0,"8",.0,"8",.0,"8",.0,"8",.0,"8",.0,"8",.0,"8",.0,"8",0,"8",0,"8",0,"8","","",0,"8",0,"8"
"352190360","P£OCK","2006","05","12","18","6","",0,"8",0,"8","","","",8,"",0,"8",0,"8",6,"",240,"",4,"",9,"",19.3,"",.0,"8","U","",8.0,"",36,"",3.8,"",1002.4,"",1015.2,"",3,.3,"",.0,"9",0,"9","03","1","5","","9","","","3","","","1","","",0,"",.0,"8",.0,"8","","8",0,"8","","",.0,"8",.0,"8",.0,"8",.0,"8",.0,"8",.0,"8",.0,"8",.0,"8",.0,"8",0,"8",0,"8",0,"8","","",0,"8",0,"8"
"352190360","P£OCK","2006","05","12","19","6","",0,"8",0,"8","","","",8,"",0,"8",0,"8",5,"",230,"",3,"",0,"",18.3,"",.0,"8","U","",7.1,"",34,"",2.2,"",1002.9,"",1015.8,"",3,1.0,"",.0,"8",0,"8","01","2","4","","9","","","3","","","1","","",0,"8",.0,"8",.0,"8","","8",0,"8","","",.0,"8",.0,"8",.0,"8",.0,"8",.0,"8",.0,"8",.0,"8",.0,"8",.0,"8",0,"8",0,"8",0,"8","","",0,"8",0,"8"
"352190360","P£OCK","2006","05","12","20","6","",0,"8",0,"8","","","",8,"",0,"8",0,"8",4,"",30,"",2,"",0,"",14.6,"",.0,"8","U","",8.5,"",51,"",4.6,"",1002.9,"",1015.9,"",1,.8,"",.0,"8",0,"8","01","1","2","","9","","","3","","","1","","",0,"8",.0,"8",.0,"8","","8",0,"8","","",.0,"8",.0,"8",.0,"8",.0,"8",.0,"8",.0,"8",.0,"8",.0,"8",.0,"8",0,"8",0,"8",0,"8","","",0,"8",0,"8"
"352190360","P£OCK","2006","05","12","21","6","",0,"8",0,"8","","","",8,"",0,"8",0,"8",2,"",0,"",0,"",0,"",12.7,"",.0,"8","U","",9.1,"",62,"",5.6,"",1003.1,"",1016.2,"",2,.7,"",.0,"8",0,"8","01","1","1","","5","","","3","","","0","","",0,"8",.0,"8",.0,"8","","8",0,"8","","",.0,"8",.0,"8",.0,"8",.0,"8",.0,"8",.0,"8",.0,"8",.0,"8",.0,"8",0,"8",0,"8",0,"8","","",0,"8",0,"8"
"352190360","P£OCK","2006","05","12","22","9","",0,"8",0,"8","","","",8,"",0,"8",0,"8",1,"",120,"",1,"",0,"",11.1,"",.0,"8","U","",9.1,"",69,"",5.6,"",1003.2,"",1016.4,"",3,.3,"",.0,"8",0,"8","01","0","1","","0","","","3","","","0","","",0,"8",.0,"8",.0,"8","","8",0,"8","","",.0,"8",.0,"8",.0,"8",.0,"8",.0,"8",.0,"8",.0,"8",.0,"8",.0,"8",0,"8",0,"8",0,"8","","",0,"8",0,"8"
"352190360","P£OCK","2006","05","12","23","9","",0,"8",0,"8","","","",8,"",0,"8",0,"8",1,"",130,"",1,"",0,"",11.1,"",.0,"8","U","",9.1,"",69,"",5.6,"",1003.0,"",1016.2,"",0,.1,"",.0,"8",0,"8","02","0","1","","0","","","3","","","0","","",0,"8",.0,"8",.0,"8","","8",0,"8","","",.0,"8",.0,"8",.0,"8",.0,"8",.0,"8",.0,"8",.0,"8",.0,"8",.0,"8",0,"8",0,"8",0,"8","","",0,"8",0,"8"
"352190360","P£OCK","2006","05","13","00","9","",0,"8",0,"8","","","",8,"",0,"8",0,"8",2,"",140,"",2,"",0,"",10.0,"",.0,"8","U","",8.8,"",72,"",5.2,"",1002.7,"",1015.9,"",8,-.4,"",.0,"9",0,"9","03","1","1","","0","","","3","","","1","","",0,"",.0,"8",.0,"8","","8",0,"8","","",.0,"8",.0,"8",.0,"8",.0,"8",.0,"8",.0,"8",.0,"8",.0,"8",.0,"8",0,"8",0,"8",0,"8","","",0,"8",0,"8"
"352190360","P£OCK","2006","05","13","01","9","",0,"8",0,"8","","","",8,"",0,"8",0,"8",3,"",150,"",1,"",0,"",10.8,"",.0,"8","U","",8.5,"",66,"",4.7,"",1002.5,"",1015.7,"",7,-.7,"",.0,"8",0,"8","03","0","1","","0","","","3","","","1","","",0,"8",.0,"8",.0,"8","","8",0,"8","","",.0,"8",.0,"8",.0,"8",.0,"8",.0,"8",.0,"8",.0,"8",.0,"8",.0,"8",0,"8",0,"8",0,"8","","",0,"8",0,"8"
"352190360","P£OCK","2006","05","13","02","9","",0,"8",0,"8","","","",8,"",0,"8",0,"8",5,"",130,"",2,"",0,"",10.3,"",.0,"8","U","",8.8,"",70,"",5.1,"",1002.3,"",1015.5,"",7,-.7,"",.0,"8",0,"8","03","1","1","","0","","","3","","","6","","",0,"8",.0,"8",.0,"8","","8",0,"8","","",.0,"8",.0,"8",.0,"8",.0,"8",.0,"8",.0,"8",.0,"8",.0,"8",.0,"8",0,"8",0,"8",0,"8","","",0,"8",0,"8"
"352190360","P£OCK","2006","05","13","03","9","",0,"8",0,"8","","","",8,"",0,"8",0,"8",5,"",110,"",1,"",0,"",9.5,"",.0,"8","U","",9.0,"",76,"",5.5,"",1002.1,"",1015.4,"",7,-.6,"",.0,"8",0,"8","02","1","1","","0","","","3","","","8","","",0,"8",.0,"8",.0,"8","","8",0,"8","","",.0,"8",.0,"8",.0,"8",.0,"8",.0,"8",.0,"8",.0,"8",.0,"8",.0,"8",0,"8",0,"8",0,"8","","",0,"8",0,"8"
"352190360","P£OCK","2006","05","13","04","9","",0,"8",0,"8","","","",8,"",0,"8",0,"8",5,"",140,"",2,"",0,"",10.4,"",.0,"8","U","",8.7,"",69,"",5.0,"",1002.1,"",1015.3,"",6,-.4,"",.0,"8",0,"8","02","2","1","","0","","","3","","","8","","",0,"8",.0,"8",.0,"8","","8",0,"8","","",.0,"8",.0,"8",.0,"8",.0,"8",.0,"8",.0,"8",.0,"8",.0,"8",.0,"8",0,"8",0,"8",0,"8","","",0,"8",0,"8"
"352190360","P£OCK","2006","05","13","05","9","",0,"8",0,"8","","","",8,"",0,"8",0,"8",3,"",150,"",2,"",0,"",13.2,"",.0,"8","U","",9.4,"",62,"",6.1,"",1002.2,"",1015.3,"",5,-.1,"",.0,"8",0,"8","01","1","0","","0","","","0","","","8","","",0,"8",.0,"8",.0,"8","","8",0,"8","","",.0,"8",.0,"8",.0,"8",.0,"8",.0,"8",.0,"8",.0,"8",.0,"8",.0,"8",0,"8",0,"8",0,"8","","",0,"8",0,"8"
"352190360","P£OCK","2006","05","13","06","9","",0,"8",0,"8","","","",8,"",0,"8",0,"8",1,"",160,"",2,"",0,"",15.2,"",.0,"8","U","",9.8,"",57,"",6.7,"",1002.1,"",1015.1,"",0,.0,"",.0,"9",0,"9","01","1","0","","0","","","0","","","1","","",0,"",.0,"8",.0,"8","","8",0,"8","","",.0,"8",.0,"8",.0,"8",.0,"8",.0,"8",.0,"8",.0,"8",.0,"8",.0,"8",0,"8",0,"8",0,"8","","",0,"8",0,"8"
"352190360","P£OCK","2006","05","13","07","9","",0,"8",0,"8","","","",8,"",0,"8",0,"8",1,"",170,"",3,"",0,"",17.5,"",.0,"8","U","",10.0,"",50,"",7.0,"",1001.9,"",1014.8,"",8,-.2,"",.0,"8",0,"8","02","0","0","","0","","","0","","","1","","",0,"8",.0,"8",.0,"8","","8",0,"8","","",.0,"8",.0,"8",.0,"8",.0,"8",.0,"8",.0,"8",.0,"8",.0,"8",.0,"8",0,"8",0,"8",0,"8","","",0,"8",0,"8"
"352190360","P£OCK","2006","05","13","08","9","",0,"8",0,"8","","","",8,"",0,"8",0,"8",1,"",180,"",2,"",0,"",20.1,"",.0,"8","U","",10.6,"",45,"",7.8,"",1001.8,"",1014.6,"",7,-.4,"",.0,"8",0,"8","03","0","1","","0","","","8","","","0","","",0,"8",.0,"8",.0,"8","","8",0,"8","","",.0,"8",.0,"8",.0,"8",.0,"8",.0,"8",.0,"8",.0,"8",.0,"8",.0,"8",0,"8",0,"8",0,"8","","",0,"8",0,"8"
"352190360","P£OCK","2006","05","13","09","9","",0,"8",0,"8","","","",8,"",0,"8",0,"8",1,"",170,"",3,"",0,"",22.1,"",.0,"8","U","",9.6,"",36,"",6.3,"",1001.5,"",1014.2,"",7,-.6,"",.0,"8",0,"8","01","0","0","","0","","","0","","","1","","",0,"8",.0,"8",.0,"8","","8",0,"8","","",.0,"8",.0,"8",.0,"8",.0,"8",.0,"8",.0,"8",.0,"8",.0,"8",.0,"8",0,"8",0,"8",0,"8","","",0,"8",0,"8"
"352190360","P£OCK","2006","05","13","10","7","",0,"8",0,"8","","","",8,"",0,"8",0,"8",2,"",220,"",5,"",0,"",23.6,"",.0,"8","U","",8.4,"",29,"",4.5,"",1001.1,"",1013.7,"",8,-.8,"",.0,"8",0,"8","03","0","1","","1","","","0","","","1","","",0,"8",.0,"8",.0,"8","","8",0,"8","","",.0,"8",.0,"8",.0,"8",.0,"8",.0,"8",.0,"8",.0,"8",.0,"8",.0,"8",0,"8",0,"8",0,"8","","",0,"8",0,"8"
"352190360","P£OCK","2006","05","13","11","8","",0,"8",0,"8","","","",8,"",0,"8",0,"8",3,"",220,"",5,"",0,"",24.3,"",.0,"8","U","",9.7,"",32,"",6.5,"",1000.8,"",1013.4,"",7,-1.0,"",.0,"8",0,"8","03","0","1","","2","","","8","","","1","","",0,"8",.0,"8",.0,"8","","8",0,"8","","",.0,"8",.0,"8",.0,"8",.0,"8",.0,"8",.0,"8",.0,"8",.0,"8",.0,"8",0,"8",0,"8",0,"8","","",0,"8",0,"8"
"352190360","P£OCK","2006","05","13","12","8","",0,"8",0,"8","","","",8,"",0,"8",0,"8",4,"",220,"",5,"",10,"",24.5,"",.0,"8","U","",9.5,"",31,"",6.3,"",1000.3,"",1012.9,"",7,-1.2,"",.0,"9",0,"9","03","0","2","","2","","","8","","","1","","",0,"",.0,"8",.0,"8","","8",0,"8","","",.0,"8",.0,"8",.0,"8",.0,"8",.0,"8",.0,"8",.0,"8",.0,"8",.0,"8",0,"8",0,"8",0,"8","","",0,"8",0,"8"
"352190360","P£OCK","2006","05","13","13","7","",0,"8",0,"8","","","",8,"",0,"8",0,"8",4,"",220,"",5,"",0,"",24.6,"",.0,"8","U","",8.3,"",27,"",4.3,"",999.4,"",1011.9,"",8,-1.7,"",.0,"8",0,"8","03","0","3","","9","","","0","","","1","","",0,"8",.0,"8",.0,"8","","8",0,"8","","",.0,"8",.0,"8",.0,"8",.0,"8",.0,"8",.0,"8",.0,"8",.0,"8",.0,"8",0,"8",0,"8",0,"8","","",0,"8",0,"8"
"352190360","P£OCK","2006","05","13","14","7","",0,"8",0,"8","","","",8,"",0,"8",0,"8",7,"",280,"",4,"",0,"",23.4,"",.0,"8","U","",8.3,"",29,"",4.3,"",999.2,"",1011.8,"",7,-1.6,"",.0,"8",0,"8","03","1","4","","9","","","0","","","6","","",0,"8",.0,"8",.0,"8","","8",0,"8","","",.0,"8",.0,"8",.0,"8",.0,"8",.0,"8",.0,"8",.0,"8",.0,"8",.0,"8",0,"8",0,"8",0,"8","","",0,"8",0,"8"
"352190360","P£OCK","2006","05","13","15","7","",0,"8",0,"8","","","",8,"",0,"8",0,"8",8,"",270,"",2,"",0,"",22.4,"",.0,"8","U","",8.9,"",33,"",5.3,"",999.0,"",1011.6,"",6,-1.3,"",.0,"8",0,"8","01","1","3","","9","","","3","","","7","","",0,"8",.0,"8",.0,"8","","8",0,"8","","",.0,"8",.0,"8",.0,"8",.0,"8",.0,"8",.0,"8",.0,"8",.0,"8",.0,"8",0,"8",0,"8",0,"8","","",0,"8",0,"8"
"352190360","P£OCK","2006","05","13","16","6","",0,"8",0,"8","","","",8,"",0,"8",0,"8",7,"",350,"",3,"",0,"",20.7,"",.0,"8","U","",9.0,"",37,"",5.5,"",998.7,"",1011.4,"",7,-.7,"",.0,"8",0,"8","01","2","3","","9","","","3","","","8","","",0,"8",.0,"8",.0,"8","","8",0,"8","","",.0,"8",.0,"8",.0,"8",.0,"8",.0,"8",.0,"8",.0,"8",.0,"8",.0,"8",0,"8",0,"8",0,"8","","",0,"8",0,"8"
"352190360","P£OCK","2006","05","13","17","6","",0,"8",0,"8","","","",8,"",0,"8",0,"8",7,"",120,"",2,"",0,"",19.7,"",.0,"8","U","",10.8,"",47,"",8.1,"",998.4,"",1011.1,"",7,-.8,"",.0,"8",0,"8","01","2","2","","9","","","0","","","8","","",0,"8",.0,"8",.0,"8","","8",0,"8","","",.0,"8",.0,"8",.0,"8",.0,"8",.0,"8",.0,"8",.0,"8",.0,"8",.0,"8",0,"8",0,"8",0,"8","","",0,"8",0,"8"
"352190360","P£OCK","2006","05","13","18","6","",0,"8",0,"8","","","",8,"",0,"8",0,"8",7,"",270,"",4,"",0,"",19.9,"",.0,"8","U","",9.0,"",39,"",5.5,"",999.8,"",1012.6,"",3,.8,"",.0,"",6,"","95","1","7","","9","","","/","","","/","","",0,"",.0,"8",.0,"8","","8",0,"8","","",.0,"8",.0,"8",.0,"8",.0,"8",.0,"8",.0,"8",.0,"8",.0,"8",.0,"8",0,"8",0,"8",0,"8","","",0,"8",0,"8"
"352190360","P£OCK","2006","05","13","19","6","",0,"8",0,"8","","","",8,"",0,"8",0,"8",7,"",350,"",3,"",0,"",17.0,"",.0,"8","U","",10.8,"",56,"",8.2,"",999.6,"",1012.5,"",0,.9,"",.0,"8",0,"8","29","8","4","","9","","","3","","","/","","",0,"8",.0,"8",.0,"8","","8",0,"8","","",.0,"8",.0,"8",.0,"8",.0,"8",.0,"8",.0,"8",.0,"8",.0,"8",.0,"8",0,"8",0,"8",0,"8","","",0,"8",0,"8"
"352190360","P£OCK","2006","05","13","20","6","",0,"8",0,"8","","","",8,"",0,"8",0,"8",6,"",330,"",2,"",0,"",15.3,"",.0,"8","U","",11.1,"",64,"",8.5,"",1000.3,"",1013.3,"",2,1.9,"",.0,"8",0,"8","01","2","2","","9","","","3","","","8","","",0,"8",.0,"8",.0,"8","","8",0,"8","","",.0,"8",.0,"8",.0,"8",.0,"8",.0,"8",.0,"8",.0,"8",.0,"8",.0,"8",0,"8",0,"8",0,"8","","",0,"8",0,"8"
"352190360","P£OCK","2006","05","13","21","9","",0,"8",0,"8","","","",7,"",0,"8",0,"8",8,"",110,"",1,"",0,"",13.8,"",.0,"8","U","",11.8,"",75,"",9.4,"",1000.0,"",1013.0,"",0,.2,"",.0,"8",0,"8","01","9","4","","0","","","3","","","7","","",0,"8",.0,"8",.0,"8","","8",0,"8","","",.0,"8",.0,"8",.0,"8",.0,"8",.0,"8",.0,"8",.0,"8",.0,"8",.0,"8",0,"8",0,"8",0,"8","","",0,"8",0,"8"
"352190360","P£OCK","2006","05","13","22","9","",0,"8",0,"8","","","",7,"",0,"8",0,"8",8,"",80,"",2,"",0,"",14.3,"",.0,"8","U","",12.0,"",74,"",9.7,"",999.2,"",1012.2,"",8,-.4,"",.0,"8",0,"8","03","2","6","","0","","","5","","","7","","",0,"8",.0,"8",.0,"8","","8",0,"8","","",.0,"8",.0,"8",.0,"8",.0,"8",.0,"8",.0,"8",.0,"8",.0,"8",.0,"8",0,"8",0,"8",0,"8","","",0,"8",0,"8"
"352190360","P£OCK","2006","05","13","23","6","",0,"8",0,"8","","","",7,"",0,"8",0,"8",8,"",210,"",2,"",0,"",13.7,"",.0,"8","U","",12.5,"",80,"",10.3,"",999.6,"",1012.6,"",5,-.7,"",.0,"8",0,"8","80","2","4","","9","","","3","","","7","","",0,"8",.0,"8",.0,"8","","8",0,"8","","",.0,"8",.0,"8",.0,"8",.0,"8",.0,"8",.0,"8",.0,"8",.0,"8",.0,"8",0,"8",0,"8",0,"8","","",0,"8",0,"8"
"352190360","P£OCK","2006","05","14","00","4","",0,"8",0,"8","","","",6,"",0,"8",0,"8",8,"",270,"",1,"",0,"",13.3,"",.0,"8","U","",13.0,"",85,"",10.8,"",999.5,"",1012.5,"",7,-.5,"",1.6,"",6,"","81","9","8","","9","","","/","","","/","","",2,"",.0,"8",.0,"8","","8",0,"8","","",.0,"8",.0,"8",.0,"8",.0,"8",.0,"8",.0,"8",.0,"8",.0,"8",.0,"8",0,"8",0,"8",0,"8","","",0,"8",0,"8"
"352190360","P£OCK","2006","05","14","01","5","",0,"8",0,"8","","","",6,"",0,"8",0,"8",8,"",0,"",0,"",0,"",12.8,"",.0,"8","U","",13.3,"",90,"",11.2,"",999.1,"",1012.2,"",8,-.1,"",.0,"8",0,"8","80","8","5","","9","","","3","","","/","","",0,"8",.0,"8",.0,"8","","8",0,"8","","",.0,"8",.0,"8",.0,"8",.0,"8",.0,"8",.0,"8",.0,"8",.0,"8",.0,"8",0,"8",0,"8",0,"8","","",0,"8",0,"8"
"352190360","P£OCK","2006","05","14","02","4","",0,"8",0,"8","","","",5,"",0,"8",0,"8",8,"",220,"",1,"",0,"",12.7,"",.0,"8","U","",13.5,"",92,"",11.4,"",999.1,"",1012.2,"",6,-.5,"",.0,"8",0,"8","25","8","5","","9","","","3","","","/","","",0,"8",.0,"8",.0,"8","","8",0,"8","","",.0,"8",.0,"8",.0,"8",.0,"8",.0,"8",.0,"8",.0,"8",.0,"8",.0,"8",0,"8",0,"8",0,"8","","",0,"8",0,"8"
"352190360","P£OCK","2006","05","14","03","4","",0,"8",0,"8","","","",6,"",0,"8",0,"8",8,"",280,"",2,"",0,"",13.1,"",.0,"8","U","",13.8,"",92,"",11.8,"",999.2,"",1012.3,"",5,-.3,"",.0,"8",0,"8","10","8","6","","5","","","3","","","/","","",0,"8",.0,"8",.0,"8","","8",0,"8","","",.0,"8",.0,"8",.0,"8",.0,"8",.0,"8",.0,"8",.0,"8",.0,"8",.0,"8",0,"8",0,"8",0,"8","","",0,"8",0,"8"
"352190360","P£OCK","2006","05","14","04","6","",0,"8",0,"8","","","",5,"",0,"8",0,"8",7,"",290,"",2,"",0,"",12.8,"",.0,"8","U","",13.7,"",93,"",11.7,"",999.6,"",1012.7,"",3,.5,"",.0,"8",0,"8","10","2","4","","5","","","3","","","/","","",0,"8",.0,"8",.0,"8","","8",0,"8","","",.0,"8",.0,"8",.0,"8",.0,"8",.0,"8",.0,"8",.0,"8",.0,"8",.0,"8",0,"8",0,"8",0,"8","","",0,"8",0,"8"
"352190360","P£OCK","2006","05","14","05","6","",0,"8",0,"8","","","",6,"",0,"8",0,"8",7,"",320,"",2,"",0,"",13.2,"",.0,"8","U","",13.8,"",91,"",11.8,"",999.8,"",1012.9,"",2,.7,"",.0,"8",0,"8","10","2","2","","5","","","3","","","/","","",0,"8",.0,"8",.0,"8","","8",0,"8","","",.0,"8",.0,"8",.0,"8",.0,"8",.0,"8",.0,"8",.0,"8",.0,"8",.0,"8",0,"8",0,"8",0,"8","","",0,"8",0,"8"
"352190360","P£OCK","2006","05","14","06","3","",0,"8",0,"8","","","",6,"",0,"8",0,"8",7,"",300,"",3,"",0,"",13.7,"",.0,"8","U","",13.8,"",88,"",11.7,"",1000.2,"",1013.2,"",2,1.0,"",1.9,"",6,"","10","8","3","","6","","","3","","","/","","",2,"",.0,"8",.0,"8","","8",0,"8","","",.0,"8",.0,"8",.0,"8",.0,"8",.0,"8",.0,"8",.0,"8",.0,"8",.0,"8",0,"8",0,"8",0,"8","","",0,"8",0,"8"
"352190360","P£OCK","2006","05","14","07","4","",0,"8",0,"8","","","",7,"",0,"8",0,"8",7,"",290,"",3,"",0,"",15.0,"",.0,"8","U","",13.4,"",79,"",11.4,"",1000.6,"",1013.6,"",3,1.0,"",.0,"8",0,"8","01","2","1","","5","","","3","","","1","","",0,"8",.0,"8",.0,"8","","8",0,"8","","",.0,"8",.0,"8",.0,"8",.0,"8",.0,"8",.0,"8",.0,"8",.0,"8",.0,"8",0,"8",0,"8",0,"8","","",0,"8",0,"8"
"352190360","P£OCK","2006","05","14","08","5","",0,"8",0,"8","","","",7,"",0,"8",0,"8",7,"",280,"",3,"",0,"",15.3,"",.0,"8","U","",12.8,"",74,"",10.7,"",1001.2,"",1014.2,"",3,1.4,"",.0,"8",0,"8","03","2","2","","2","","","5","","","/","","",0,"8",.0,"8",.0,"8","","8",0,"8","","",.0,"8",.0,"8",.0,"8",.0,"8",.0,"8",.0,"8",.0,"8",.0,"8",.0,"8",0,"8",0,"8",0,"8","","",0,"8",0,"8"
"352190360","P£OCK","2006","05","14","09","5","",0,"8",0,"8","","","",7,"",0,"8",0,"8",7,"",280,"",2,"",0,"",16.3,"",.0,"8","U","",13.5,"",73,"",11.4,"",1001.5,"",1014.4,"",2,1.3,"",.0,"8",0,"8","02","2","2","","2","","","3","","","/","","",0,"8",.0,"8",.0,"8","","8",0,"8","","",.0,"8",.0,"8",.0,"8",.0,"8",.0,"8",.0,"8",.0,"8",.0,"8",.0,"8",0,"8",0,"8",0,"8","","",0,"8",0,"8"
"352190360","P£OCK","2006","05","14","10","6","",0,"8",0,"8","","","",7,"",0,"8",0,"8",3,"",280,"",4,"",0,"",17.8,"",.0,"8","U","",11.4,"",56,"",8.9,"",1001.4,"",1014.3,"",0,.8,"",.0,"8",0,"8","01","1","2","","2","","","3","","","0","","",0,"8",.0,"8",.0,"8","","8",0,"8","","",.0,"8",.0,"8",.0,"8",.0,"8",.0,"8",.0,"8",.0,"8",.0,"8",.0,"8",0,"8",0,"8",0,"8","","",0,"8",0,"8"
"352190360","P£OCK","2006","05","14","11","6","",0,"8",0,"8","","","",8,"",0,"8",0,"8",3,"",320,"",3,"",0,"",18.9,"",.0,"8","U","",11.3,"",52,"",8.8,"",1001.3,"",1014.1,"",0,.1,"",.0,"8",0,"8","03","0","3","","2","","","0","","","0","","",0,"8",.0,"8",.0,"8","","8",0,"8","","",.0,"8",.0,"8",.0,"8",.0,"8",.0,"8",.0,"8",.0,"8",.0,"8",.0,"8",0,"8",0,"8",0,"8","","",0,"8",0,"8"
"352190360","P£OCK","2006","05","14","12","7","",0,"8",0,"8","","","",8,"",0,"8",0,"8",4,"",310,"",3,"",0,"",18.8,"",.0,"8","U","",11.3,"",52,"",8.7,"",1001.0,"",1013.8,"",8,-.5,"",.0,"9",0,"9","03","1","3","","2","","","0","","","1","","",1,"",.0,"8",.0,"8","","8",0,"8","","",.0,"8",.0,"8",.0,"8",.0,"8",.0,"8",.0,"8",.0,"8",.0,"8",.0,"8",0,"8",0,"8",0,"8","","",0,"8",0,"8"
"352190360","P£OCK","2006","05","14","13","7","",0,"8",0,"8","","","",8,"",0,"8",0,"8",7,"",290,"",5,"",0,"",17.9,"",.0,"8","U","",10.8,"",53,"",8.2,"",1001.0,"",1013.9,"",6,-.4,"",.0,"8",0,"8","03","1","7","","9","","","/","","","/","","",0,"8",.0,"8",.0,"8","","8",0,"8","","",.0,"8",.0,"8",.0,"8",.0,"8",.0,"8",.0,"8",.0,"8",.0,"8",.0,"8",0,"8",0,"8",0,"8","","",0,"8",0,"8"
"352190360","P£OCK","2006","05","14","14","5","",0,"8",0,"8","","","",5,"",0,"8",0,"8",8,"",300,"",6,"",0,"",12.4,"",.0,"8","U","",11.5,"",80,"",9.0,"",1002.3,"",1015.4,"",3,1.0,"",.0,"8",0,"8","95","8","8","","9","","","/","","","/","","",0,"8",.0,"8",.0,"8","","8",0,"8","","",.0,"8",.0,"8",.0,"8",.0,"8",.0,"8",.0,"8",.0,"8",.0,"8",.0,"8",0,"8",0,"8",0,"8","","",0,"8",0,"8"
"352190360","P£OCK","2006","05","14","15","6","",0,"8",0,"8","","","",7,"",0,"8",0,"8",7,"",230,"",3,"",0,"",13.5,"",.0,"8","U","",13.4,"",87,"",11.4,"",1002.3,"",1015.4,"",1,1.3,"",.0,"8",0,"8","29","8","7","","9","","","/","","","/","","",0,"8",.0,"8",.0,"8","","8",0,"8","","",.0,"8",.0,"8",.0,"8",.0,"8",.0,"8",.0,"8",.0,"8",.0,"8",.0,"8",0,"8",0,"8",0,"8","","",0,"8",0,"8"
"352190360","P£OCK","2006","05","14","16","7","",0,"8",0,"8","","","",8,"",0,"8",0,"8",7,"",320,"",4,"",0,"",15.0,"",.0,"8","U","",11.4,"",67,"",8.9,"",1002.3,"",1015.3,"",1,1.3,"",.0,"8",0,"8","01","2","1","","9","","","3","","","8","","",0,"8",.0,"8",.0,"8","","8",0,"8","","",.0,"8",.0,"8",.0,"8",.0,"8",.0,"8",.0,"8",.0,"8",.0,"8",.0,"8",0,"8",0,"8",0,"8","","",0,"8",0,"8"
"352190360","P£OCK","2006","05","14","17","7","",0,"8",0,"8","","","",8,"",0,"8",0,"8",6,"",310,"",4,"",0,"",14.5,"",.0,"8","U","",10.1,"",61,"",7.1,"",1002.9,"",1015.9,"",3,.6,"",.0,"8",0,"8","01","2","3","","2","","","0","","","8","","",0,"8",.0,"8",.0,"8","","8",0,"8","","",.0,"8",.0,"8",.0,"8",.0,"8",.0,"8",.0,"8",.0,"8",.0,"8",.0,"8",0,"8",0,"8",0,"8","","",0,"8",0,"8"
"352190360","P£OCK","2006","05","14","18","6","",0,"8",0,"8","","","",8,"",0,"8",0,"8",6,"",300,"",4,"",0,"",13.2,"",.0,"8","U","",8.9,"",59,"",5.4,"",1003.5,"",1016.6,"",3,1.2,"",3.5,"",6,"","03","9","2","","3","","","0","","","8","","",1,"",.0,"8",.0,"8","","8",0,"8","","",.0,"8",.0,"8",.0,"8",.0,"8",.0,"8",.0,"8",.0,"8",.0,"8",.0,"8",0,"8",0,"8",0,"8","","",0,"8",0,"8"
"352190360","P£OCK","2006","05","14","19","6","",0,"8",0,"8","","","",8,"",0,"8",0,"8",3,"",300,"",4,"",0,"",11.5,"",.0,"8","U","",7.7,"",57,"",3.3,"",1004.4,"",1017.6,"",3,2.1,"",.0,"8",0,"8","01","1","1","","5","","","0","","","8","","",0,"8",.0,"8",.0,"8","","8",0,"8","","",.0,"8",.0,"8",.0,"8",.0,"8",.0,"8",.0,"8",.0,"8",.0,"8",.0,"8",0,"8",0,"8",0,"8","","",0,"8",0,"8"
"352190360","P£OCK","2006","05","14","20","7","",0,"8",0,"8","","","",9,"",0,"8",0,"8",1,"",320,"",3,"",0,"",9.6,"",.0,"8","U","",6.2,"",52,"",.2,"",1005.5,"",1018.8,"",3,2.6,"",.0,"8",0,"8","01","0","1","","5","","","0","","","0","","",0,"8",.0,"8",.0,"8","","8",0,"8","","",.0,"8",.0,"8",.0,"8",.0,"8",.0,"8",.0,"8",.0,"8",.0,"8",.0,"8",0,"8",0,"8",0,"8","","",0,"8",0,"8"
"352190360","P£OCK","2006","05","14","21","9","",0,"8",0,"8","","","",9,"",0,"8",0,"8",0,"",320,"",2,"",0,"",8.2,"",.0,"8","U","",6.2,"",57,"",.2,"",1006.1,"",1019.5,"",2,2.6,"",.0,"8",0,"8","01","1","0","","0","","","0","","","0","","",0,"8",.0,"8",.0,"8","","8",0,"8","","",.0,"8",.0,"8",.0,"8",.0,"8",.0,"8",.0,"8",.0,"8",.0,"8",.0,"8",0,"8",0,"8",0,"8","","",0,"8",0,"8"
"352190360","P£OCK","2006","05","14","22","9","",0,"8",0,"8","","","",9,"",0,"8",0,"8",1,"",300,"",3,"",0,"",7.1,"",.0,"8","U","",6.3,"",63,"",.5,"",1006.5,"",1019.9,"",1,2.1,"",.0,"8",0,"8","03","0","1","","0","","","3","","","0","","",0,"8",.0,"8",.0,"8","","8",0,"8","","",.0,"8",.0,"8",.0,"8",.0,"8",.0,"8",.0,"8",.0,"8",.0,"8",.0,"8",0,"8",0,"8",0,"8","","",0,"8",0,"8"
"352190360","P£OCK","2006","05","14","23","9","",0,"8",0,"8","","","",9,"",0,"8",0,"8",0,"",310,"",2,"",0,"",6.4,"",.0,"8","U","",6.4,"",67,"",.7,"",1006.9,"",1020.4,"",1,1.4,"",.0,"8",0,"8","01","0","0","","0","","","0","","","0","","",0,"8",.0,"8",.0,"8","","8",0,"8","","",.0,"8",.0,"8",.0,"8",.0,"8",.0,"8",.0,"8",.0,"8",.0,"8",.0,"8",0,"8",0,"8",0,"8","","",0,"8",0,"8"
"352190360","P£OCK","2006","05","15","00","9","",0,"8",0,"8","","","",9,"",0,"8",0,"8",1,"",280,"",2,"",0,"",5.4,"",.0,"8","U","",6.3,"",70,"",.4,"",1006.8,"",1020.3,"",0,.7,"",.0,"9",0,"9","03","1","0","","0","","","0","","","1","","",1,"",.0,"8",.0,"8","","8",0,"8","","",.0,"8",.0,"8",.0,"8",.0,"8",.0,"8",.0,"8",.0,"8",.0,"8",.0,"8",0,"8",0,"8",0,"8","","",0,"8",0,"8"
"352190360","P£OCK","2006","05","15","01","9","",0,"8",0,"8","","","",9,"",0,"8",0,"8",0,"",300,"",2,"",0,"",4.9,"",.0,"8","U","",6.3,"",73,"",.5,"",1006.9,"",1020.4,"",2,.4,"",.0,"8",0,"8","01","0","0","","0","","","0","","","0","","",0,"8",.0,"8",.0,"8","","8",0,"8","","",.0,"8",.0,"8",.0,"8",.0,"8",.0,"8",.0,"8",.0,"8",.0,"8",.0,"8",0,"8",0,"8",0,"8","","",0,"8",0,"8"
"352190360","P£OCK","2006","05","15","02","9","",0,"8",0,"8","","","",8,"",0,"8",0,"8",0,"",290,"",2,"",0,"",5.1,"",.0,"8","U","",6.3,"",72,"",.5,"",1007.1,"",1020.6,"",3,.2,"",.0,"8",0,"8","02","0","0","","0","","","0","","","0","","",0,"8",.0,"8",.0,"8","","8",0,"8","","",.0,"8",.0,"8",.0,"8",.0,"8",.0,"8",.0,"8",.0,"8",.0,"8",.0,"8",0,"8",0,"8",0,"8","","",0,"8",0,"8"
"352190360","P£OCK","2006","05","15","03","9","",0,"8",0,"8","","","",8,"",0,"8",0,"8",1,"",290,"",3,"",0,"",5.2,"",.0,"8","U","",6.5,"",73,"",.8,"",1007.3,"",1020.8,"",2,.5,"",.0,"8",0,"8","03","0","0","","0","","","0","","","1","","",0,"8",.0,"8",.0,"8","","8",0,"8","","",.0,"8",.0,"8",.0,"8",.0,"8",.0,"8",.0,"8",.0,"8",.0,"8",.0,"8",0,"8",0,"8",0,"8","","",0,"8",0,"8"
"352190360","P£OCK","2006","05","15","04","9","",0,"8",0,"8","","","",8,"",0,"8",0,"8",1,"",280,"",3,"",0,"",6.0,"",.0,"8","U","",7.2,"",77,"",2.3,"",1007.7,"",1021.2,"",3,.8,"",.0,"8",0,"8","02","0","0","","0","","","0","","","1","","",0,"8",.0,"8",.0,"8","","8",0,"8","","",.0,"8",.0,"8",.0,"8",.0,"8",.0,"8",.0,"8",.0,"8",.0,"8",.0,"8",0,"8",0,"8",0,"8","","",0,"8",0,"8"
"352190360","P£OCK","2006","05","15","05","9","",0,"8",0,"8","","","",8,"",0,"8",0,"8",0,"",280,"",4,"",0,"",7.7,"",.0,"8","U","",7.2,"",69,"",2.4,"",1008.1,"",1021.5,"",3,1.0,"",.0,"8",0,"8","01","0","0","","0","","","0","","","0","","",0,"8",.0,"8",.0,"8","","8",0,"8","","",.0,"8",.0,"8",.0,"8",.0,"8",.0,"8",.0,"8",.0,"8",.0,"8",.0,"8",0,"8",0,"8",0,"8","","",0,"8",0,"8"
"352190360","P£OCK","2006","05","15","06","9","",0,"8",0,"8","","","",8,"",0,"8",0,"8",0,"",280,"",4,"",0,"",9.1,"",.0,"8","U","",7.8,"",68,"",3.5,"",1008.4,"",1021.8,"",2,1.1,"",.0,"9",0,"9","02","0","0","","0","","","0","","","0","","",1,"",.0,"8",.0,"8","","8",0,"8","","",.0,"8",.0,"8",.0,"8",.0,"8",.0,"8",.0,"8",.0,"8",.0,"8",.0,"8",0,"8",0,"8",0,"8","","",0,"8",0,"8"
"352190360","P£OCK","2006","05","15","07","6","",0,"8",0,"8","","","",8,"",0,"8",0,"8",1,"",290,"",3,"",0,"",10.5,"",.0,"8","U","",7.2,"",57,"",2.3,"",1008.6,"",1021.9,"",1,.9,"",.0,"8",0,"8","03","0","1","","1","","","0","","","0","","",0,"8",.0,"8",.0,"8","","8",0,"8","","",.0,"8",.0,"8",.0,"8",.0,"8",.0,"8",.0,"8",.0,"8",.0,"8",.0,"8",0,"8",0,"8",0,"8","","",0,"8",0,"8"
"352190360","P£OCK","2006","05","15","08","6","",0,"8",0,"8","","","",8,"",0,"8",0,"8",4,"",290,"",4,"",0,"",11.6,"",.0,"8","U","",6.7,"",49,"",1.2,"",1008.9,"",1022.1,"",2,.8,"",.0,"8",0,"8","03","0","3","","2","","","0","","","1","","",0,"8",.0,"8",.0,"8","","8",0,"8","","",.0,"8",.0,"8",.0,"8",.0,"8",.0,"8",.0,"8",.0,"8",.0,"8",.0,"8",0,"8",0,"8",0,"8","","",0,"8",0,"8"
"352190360","P£OCK","2006","05","15","09","6","",0,"8",0,"8","","","",8,"",0,"8",0,"8",6,"",270,"",4,"",0,"",11.8,"",.0,"8","U","",6.2,"",45,"",.2,"",1008.9,"",1022.1,"",1,.5,"",.0,"8",0,"8","03","1","3","","2","","","0","","","6","","",0,"8",.0,"8",.0,"8","","8",0,"8","","",.0,"8",.0,"8",.0,"8",.0,"8",.0,"8",.0,"8",.0,"8",.0,"8",.0,"8",0,"8",0,"8",0,"8","","",0,"8",0,"8"
"352190360","P£OCK","2006","05","15","10","6","",0,"8",0,"8","","","",8,"",0,"8",0,"8",7,"",270,"",4,"",9,"",13.2,"",.0,"8","U","",6.8,"",45,"",1.5,"",1008.6,"",1021.8,"",0,.0,"",.0,"8",0,"8","03","2","3","","2","","","0","","","6","","",0,"8",.0,"8",.0,"8","","8",0,"8","","",.0,"8",.0,"8",.0,"8",.0,"8",.0,"8",.0,"8",.0,"8",.0,"8",.0,"8",0,"8",0,"8",0,"8","","",0,"8",0,"8"
"352190360","P£OCK","2006","05","15","11","7","",0,"8",0,"8","","","",8,"",0,"8",0,"8",7,"",270,"",4,"",0,"",13.7,"",.0,"8","U","",6.3,"",40,"",.3,"",1008.3,"",1021.4,"",8,-.6,"",.0,"8",0,"8","02","2","3","","2","","","0","","","8","","",0,"8",.0,"8",.0,"8","","8",0,"8","","",.0,"8",.0,"8",.0,"8",.0,"8",.0,"8",.0,"8",.0,"8",.0,"8",.0,"8",0,"8",0,"8",0,"8","","",0,"8",0,"8"
"352190360","P£OCK","2006","05","15","12","7","",0,"8",0,"8","","","",8,"",0,"8",0,"8",7,"",280,"",4,"",0,"",13.9,"",.0,"8","U","",6.3,"",40,"",.5,"",1008.1,"",1021.2,"",7,-.8,"",.0,"9",0,"9","02","1","3","","2","","","0","","","8","","",0,"",.0,"8",.0,"8","","8",0,"8","","",.0,"8",.0,"8",.0,"8",.0,"8",.0,"8",.0,"8",.0,"8",.0,"8",.0,"8",0,"8",0,"8",0,"8","","",0,"8",0,"8"
"352190360","P£OCK","2006","05","15","13","7","",0,"8",0,"8","","","",8,"",0,"8",0,"8",7,"",280,"",5,"",0,"",15.1,"",.0,"8","U","",7.5,"",44,"",2.9,"",1007.7,"",1020.8,"",7,-.9,"",.0,"8",0,"8","02","2","3","","2","","","0","","","8","","",0,"8",.0,"8",.0,"8","","8",0,"8","","",.0,"8",.0,"8",.0,"8",.0,"8",.0,"8",.0,"8",.0,"8",.0,"8",.0,"8",0,"8",0,"8",0,"8","","",0,"8",0,"8"
"352190360","P£OCK","2006","05","15","14","7","",0,"8",0,"8","","","",8,"",0,"8",0,"8",7,"",280,"",6,"",0,"",15.2,"",.0,"8","U","",6.0,"",35,"",-.2,"",1007.3,"",1020.4,"",8,-1.0,"",.0,"8",0,"8","01","2","2","","4","","","0","","","8","","",0,"8",.0,"8",.0,"8","","8",0,"8","","",.0,"8",.0,"8",.0,"8",.0,"8",.0,"8",.0,"8",.0,"8",.0,"8",.0,"8",0,"8",0,"8",0,"8","","",0,"8",0,"8"
"352190360","P£OCK","2006","05","15","15","7","",0,"8",0,"8","","","",8,"",0,"8",0,"8",7,"",280,"",4,"",0,"",15.0,"",.0,"8","U","",6.3,"",37,"",.4,"",1006.9,"",1020.0,"",7,-1.2,"",.0,"8",0,"8","02","2","2","","4","","","0","","","8","","",0,"8",.0,"8",.0,"8","","8",0,"8","","",.0,"8",.0,"8",.0,"8",.0,"8",.0,"8",.0,"8",.0,"8",.0,"8",.0,"8",0,"8",0,"8",0,"8","","",0,"8",0,"8"
"352190360","P£OCK","2006","05","15","16","7","",0,"8",0,"8","","","",8,"",0,"8",0,"8",7,"",280,"",4,"",0,"",14.7,"",.0,"8","U","",6.5,"",39,"",.9,"",1006.7,"",1019.8,"",6,-1.0,"",.0,"8",0,"8","01","2","1","","5","","","0","","","8","","",0,"8",.0,"8",.0,"8","","8",0,"8","","",.0,"8",.0,"8",.0,"8",.0,"8",.0,"8",.0,"8",.0,"8",.0,"8",.0,"8",0,"8",0,"8",0,"8","","",0,"8",0,"8"
"352190360","P£OCK","2006","05","15","17","7","",0,"8",0,"8","","","",8,"",0,"8",0,"8",7,"",270,"",3,"",0,"",14.4,"",.0,"8","U","",7.0,"",43,"",2.0,"",1006.6,"",1019.7,"",6,-.7,"",.0,"8",0,"8","02","2","1","","5","","","0","","","8","","",0,"8",.0,"8",.0,"8","","8",0,"8","","",.0,"8",.0,"8",.0,"8",.0,"8",.0,"8",.0,"8",.0,"8",.0,"8",.0,"8",0,"8",0,"8",0,"8","","",0,"8",0,"8"
"352190360","P£OCK","2006","05","15","18","9","",0,"8",0,"8","","","",8,"",0,"8",0,"8",7,"",250,"",2,"",0,"",12.9,"",.0,"8","U","",7.3,"",49,"",2.4,"",1006.6,"",1019.8,"",6,-.3,"",.0,"9",0,"9","01","2","2","","0","","","4","","","8","","",0,"",.0,"8",.0,"8","","8",0,"8","","",.0,"8",.0,"8",.0,"8",.0,"8",.0,"8",.0,"8",.0,"8",.0,"8",.0,"8",0,"8",0,"8",0,"8","","",0,"8",0,"8"
"352190360","P£OCK","2006","05","15","19","9","",0,"8",0,"8","","","",8,"",0,"8",0,"8",8,"",210,"",1,"",0,"",11.4,"",.0,"8","U","",7.3,"",54,"",2.4,"",1006.7,"",1019.9,"",5,.0,"",.0,"8",0,"8","01","2","0","","0","","","0","","","7","","",0,"8",.0,"8",.0,"8","","8",0,"8","","",.0,"8",.0,"8",.0,"8",.0,"8",.0,"8",.0,"8",.0,"8",.0,"8",.0,"8",0,"8",0,"8",0,"8","","",0,"8",0,"8"
"352190360","P£OCK","2006","05","15","20","9","",0,"8",0,"8","","","",8,"",0,"8",0,"8",8,"",140,"",2,"",0,"",10.4,"",.0,"8","U","",8.2,"",65,"",4.1,"",1006.5,"",1019.8,"",8,-.1,"",.0,"8",0,"8","02","2","0","","0","","","0","","","7","","",0,"8",.0,"8",.0,"8","","8",0,"8","","",.0,"8",.0,"8",.0,"8",.0,"8",.0,"8",.0,"8",.0,"8",.0,"8",.0,"8",0,"8",0,"8",0,"8","","",0,"8",0,"8"
"352190360","P£OCK","2006","05","15","21","9","",0,"8",0,"8","","","",8,"",0,"8",0,"8",8,"",80,"",1,"",0,"",9.9,"",.0,"8","U","",8.9,"",73,"",5.3,"",1006.4,"",1019.7,"",8,-.2,"",.0,"8",0,"8","03","2","2","","0","","","3","","","7","","",0,"8",.0,"8",.0,"8","","8",0,"8","","",.0,"8",.0,"8",.0,"8",.0,"8",.0,"8",.0,"8",.0,"8",.0,"8",.0,"8",0,"8",0,"8",0,"8","","",0,"8",0,"8"
"352190360","P£OCK","2006","05","15","22","9","",0,"8",0,"8","","","",8,"",0,"8",0,"8",7,"",130,"",2,"",0,"",9.8,"",.0,"8","U","",8.6,"",71,"",4.8,"",1006.1,"",1019.4,"",7,-.6,"",.0,"8",0,"8","03","2","5","","0","","","5","","","8","","",0,"8",.0,"8",.0,"8","","8",0,"8","","",.0,"8",.0,"8",.0,"8",.0,"8",.0,"8",.0,"8",.0,"8",.0,"8",.0,"8",0,"8",0,"8",0,"8","","",0,"8",0,"8"
"352190360","P£OCK","2006","05","15","23","9","",0,"8",0,"8","","","",8,"",0,"8",0,"8",7,"",140,"",2,"",0,"",9.7,"",.0,"8","U","",8.4,"",70,"",4.5,"",1005.8,"",1019.1,"",8,-.7,"",.0,"8",0,"8","01","2","3","","0","","","3","","","8","","",0,"8",.0,"8",.0,"8","","8",0,"8","","",.0,"8",.0,"8",.0,"8",.0,"8",.0,"8",.0,"8",.0,"8",.0,"8",.0,"8",0,"8",0,"8",0,"8","","",0,"8",0,"8"
"352190360","P£OCK","2006","05","16","00","9","",0,"8",0,"8","","","",8,"",0,"8",0,"8",6,"",130,"",2,"",0,"",9.1,"",.0,"8","U","",8.3,"",72,"",4.3,"",1005.2,"",1018.5,"",8,-1.2,"",.0,"9",0,"9","01","2","2","","0","","","3","","","8","","",0,"",.0,"8",.0,"8","","8",0,"8","","",.0,"8",.0,"8",.0,"8",.0,"8",.0,"8",.0,"8",.0,"8",.0,"8",.0,"8",0,"8",0,"8",0,"8","","",0,"8",0,"8"
"352190360","P£OCK","2006","05","16","01","9","",0,"8",0,"8","","","",8,"",0,"8",0,"8",5,"",130,"",3,"",0,"",8.6,"",.0,"8","U","",8.0,"",72,"",3.8,"",1004.8,"",1018.1,"",7,-1.3,"",.0,"8",0,"8","01","2","2","","0","","","3","","","8","","",0,"8",.0,"8",.0,"8","","8",0,"8","","",.0,"8",.0,"8",.0,"8",.0,"8",.0,"8",.0,"8",.0,"8",.0,"8",.0,"8",0,"8",0,"8",0,"8","","",0,"8",0,"8"
"352190360","P£OCK","2006","05","16","02","9","",0,"8",0,"8","","","",8,"",0,"8",0,"8",5,"",120,"",2,"",0,"",9.0,"",.0,"8","U","",8.0,"",70,"",3.8,"",1004.6,"",1017.9,"",6,-1.2,"",.0,"8",0,"8","03","2","3","","0","","","3","","","8","","",0,"8",.0,"8",.0,"8","","8",0,"8","","",.0,"8",.0,"8",.0,"8",.0,"8",.0,"8",.0,"8",.0,"8",.0,"8",.0,"8",0,"8",0,"8",0,"8","","",0,"8",0,"8"
"352190360","P£OCK","2006","05","16","03","9","",0,"8",0,"8","","","",8,"",0,"8",0,"8",2,"",120,"",3,"",0,"",8.7,"",.0,"8","U","",7.9,"",70,"",3.5,"",1003.9,"",1017.2,"",7,-1.3,"",.0,"8",0,"8","01","1","1","","0","","","3","","","1","","",0,"8",.0,"8",.0,"8","","8",0,"8","","",.0,"8",.0,"8",.0,"8",.0,"8",.0,"8",.0,"8",.0,"8",.0,"8",.0,"8",0,"8",0,"8",0,"8","","",0,"8",0,"8"
"352190360","P£OCK","2006","05","16","04","9","",0,"8",0,"8","","","",8,"",0,"8",0,"8",3,"",120,"",3,"",0,"",9.4,"",.0,"8","U","",8.1,"",69,"",4.0,"",1003.4,"",1016.7,"",7,-1.4,"",.0,"8",0,"8","03","0","1","","0","","","3","","","1","","",0,"8",.0,"8",.0,"8","","8",0,"8","","",.0,"8",.0,"8",.0,"8",.0,"8",.0,"8",.0,"8",.0,"8",.0,"8",.0,"8",0,"8",0,"8",0,"8","","",0,"8",0,"8"
"352190360","P£OCK","2006","05","16","05","9","",0,"8",0,"8","","","",8,"",0,"8",0,"8",7,"",140,"",3,"",0,"",10.4,"",.0,"8","U","",8.2,"",65,"",4.1,"",1002.6,"",1015.8,"",7,-2.0,"",.0,"8",0,"8","03","1","1","","0","","","3","","","6","","",0,"8",.0,"8",.0,"8","","8",0,"8","","",.0,"8",.0,"8",.0,"8",.0,"8",.0,"8",.0,"8",.0,"8",.0,"8",.0,"8",0,"8",0,"8",0,"8","","",0,"8",0,"8"
"352190360","P£OCK","2006","05","16","06","9","",0,"8",0,"8","","","",8,"",0,"8",0,"8",7,"",130,"",4,"",0,"",11.7,"",.0,"8","U","",8.8,"",64,"",5.1,"",1001.7,"",1014.9,"",8,-2.2,"",.0,"9",0,"9","02","1","1","","0","","","3","","","8","","",0,"",.0,"8",.0,"8","","8",0,"8","","",.0,"8",.0,"8",.0,"8",.0,"8",.0,"8",.0,"8",.0,"8",.0,"8",.0,"8",0,"8",0,"8",0,"8","","",0,"8",0,"8"
"352190360","P£OCK","2006","05","16","07","9","",0,"8",0,"8","","","",8,"",0,"8",0,"8",7,"",140,"",3,"",0,"",12.6,"",.0,"8","U","",9.2,"",63,"",5.7,"",1001.0,"",1014.1,"",7,-2.4,"",.0,"8",0,"8","03","2","5","","0","","","5","","","8","","",0,"8",.0,"8",.0,"8","","8",0,"8","","",.0,"8",.0,"8",.0,"8",.0,"8",.0,"8",.0,"8",.0,"8",.0,"8",.0,"8",0,"8",0,"8",0,"8","","",0,"8",0,"8"
"352190360","P£OCK","2006","05","16","08","9","",0,"8",0,"8","","","",7,"",0,"8",0,"8",7,"",160,"",4,"",0,"",14.8,"",.0,"8","U","",9.7,"",58,"",6.6,"",1000.3,"",1013.3,"",6,-2.3,"",.0,"8",0,"8","03","2","7","","0","","","5","","","/","","",0,"8",.0,"8",.0,"8","","8",0,"8","","",.0,"8",.0,"8",.0,"8",.0,"8",.0,"8",.0,"8",.0,"8",.0,"8",.0,"8",0,"8",0,"8",0,"8","","",0,"8",0,"8"
"352190360","P£OCK","2006","05","16","09","7","",0,"8",0,"8","","","",8,"",0,"8",0,"8",8,"",160,"",3,"",0,"",16.2,"",.0,"8","U","",10.5,"",57,"",7.7,"",999.5,"",1012.4,"",7,-2.2,"",.0,"8",0,"8","03","2","4","","5","","","3","","","/","","",0,"8",.0,"8",.0,"8","","8",0,"8","","",.0,"8",.0,"8",.0,"8",.0,"8",.0,"8",.0,"8",.0,"8",.0,"8",.0,"8",0,"8",0,"8",0,"8","","",0,"8",0,"8"
"352190360","P£OCK","2006","05","16","10","5","",0,"8",0,"8","","","",7,"",0,"8",0,"8",8,"",210,"",2,"",0,"",15.2,"",.0,"8","U","",12.6,"",73,"",10.4,"",999.4,"",1012.4,"",7,-1.6,"",.0,"8",0,"8","80","8","5","","9","","","3","","","/","","",0,"8",.0,"8",.0,"8","","8",0,"8","","",.0,"8",.0,"8",.0,"8",.0,"8",.0,"8",.0,"8",.0,"8",.0,"8",.0,"8",0,"8",0,"8",0,"8","","",0,"8",0,"8"
"352190360","P£OCK","2006","05","16","11","5","",0,"8",0,"8","","","",7,"",0,"8",0,"8",8,"",250,"",2,"",0,"",15.3,"",.0,"8","U","",13.0,"",75,"",10.9,"",998.8,"",1011.7,"",7,-1.5,"",.0,"8",0,"8","25","2","5","","9","","","3","","","/","","",0,"8",.0,"8",.0,"8","","8",0,"8","","",.0,"8",.0,"8",.0,"8",.0,"8",.0,"8",.0,"8",.0,"8",.0,"8",.0,"8",0,"8",0,"8",0,"8","","",0,"8",0,"8"
"352190360","P£OCK","2006","05","16","12","6","",0,"8",0,"8","","","",7,"",0,"8",0,"8",8,"",120,"",1,"",0,"",15.8,"",.0,"8","U","",13.3,"",74,"",11.2,"",998.2,"",1011.1,"",8,-1.3,"",.2,"",6,"","25","2","4","","9","","","3","","","/","","",1,"",.0,"8",.0,"8","","8",0,"8","","",.0,"8",.0,"8",.0,"8",.0,"8",.0,"8",.0,"8",.0,"8",.0,"8",.0,"8",0,"8",0,"8",0,"8","","",0,"8",0,"8"
"352190360","P£OCK","2006","05","16","13","5","",0,"8",0,"8","","","",7,"",0,"8",0,"8",6,"",230,"",5,"",0,"",18.0,"",.0,"8","U","",14.0,"",68,"",12.0,"",998.1,"",1010.9,"",6,-1.3,"",.0,"8",0,"8","25","2","2","","3","","","3","","","8","","",0,"8",.0,"8",.0,"8","","8",0,"8","","",.0,"8",.0,"8",.0,"8",.0,"8",.0,"8",.0,"8",.0,"8",.0,"8",.0,"8",0,"8",0,"8",0,"8","","",0,"8",0,"8"
"352190360","P£OCK","2006","05","16","14","6","",0,"8",0,"8","","","",7,"",0,"8",0,"8",5,"",280,"",6,"",0,"",19.3,"",.0,"8","U","",13.6,"",61,"",11.6,"",997.6,"",1010.4,"",7,-1.2,"",.0,"8",0,"8","01","2","2","","2","","","3","","","8","","",0,"8",.0,"8",.0,"8","","8",0,"8","","",.0,"8",.0,"8",.0,"8",.0,"8",.0,"8",.0,"8",.0,"8",.0,"8",.0,"8",0,"8",0,"8",0,"8","","",0,"8",0,"8"
"352190360","P£OCK","2006","05","16","15","6","",0,"8",0,"8","","","",7,"",0,"8",0,"8",5,"",300,"",5,"",0,"",18.7,"",.0,"8","U","",13.6,"",63,"",11.5,"",997.6,"",1010.4,"",6,-.6,"",.0,"8",0,"8","03","8","3","","2","","","3","","","8","","",0,"8",.0,"8",.0,"8","","8",0,"8","","",.0,"8",.0,"8",.0,"8",.0,"8",.0,"8",.0,"8",.0,"8",.0,"8",.0,"8",0,"8",0,"8",0,"8","","",0,"8",0,"8"
"352190360","P£OCK","2006","05","16","16","5","",0,"8",0,"8","","","",7,"",0,"8",0,"8",5,"",310,"",4,"",0,"",18.2,"",.0,"8","U","",13.3,"",64,"",11.3,"",997.4,"",1010.2,"",7,-.7,"",.0,"8",0,"8","02","2","3","","2","","","3","","","8","","",0,"8",.0,"8",.0,"8","","8",0,"8","","",.0,"8",.0,"8",.0,"8",.0,"8",.0,"8",.0,"8",.0,"8",.0,"8",.0,"8",0,"8",0,"8",0,"8","","",0,"8",0,"8"
"352190360","P£OCK","2006","05","16","17","5","",0,"8",0,"8","","","",7,"",0,"8",0,"8",4,"",350,"",3,"",0,"",16.6,"",.0,"8","U","",13.4,"",71,"",11.3,"",998.2,"",1011.1,"",3,.6,"",.0,"8",0,"8","01","1","1","","2","","","3","","","1","","",0,"8",.0,"8",.0,"8","","8",0,"8","","",.0,"8",.0,"8",.0,"8",.0,"8",.0,"8",.0,"8",.0,"8",.0,"8",.0,"8",0,"8",0,"8",0,"8","","",0,"8",0,"8"
"352190360","P£OCK","2006","05","16","18","5","",0,"8",0,"8","","","",7,"",0,"8",0,"8",7,"",360,"",3,"",0,"",14.8,"",.0,"8","U","",12.8,"",76,"",10.6,"",998.4,"",1011.4,"",3,.8,"",.0,"",6,"","03","8","4","","9","","","3","","","2","","",0,"",.0,"8",.0,"8","","8",0,"8","","",.0,"8",.0,"8",.0,"8",.0,"8",.0,"8",.0,"8",.0,"8",.0,"8",.0,"8",0,"8",0,"8",0,"8","","",0,"8",0,"8"
"352190360","P£OCK","2006","05","16","19","5","",0,"8",0,"8","","","",7,"",0,"8",0,"8",6,"",350,"",2,"",0,"",14.0,"",.0,"8","U","",12.4,"",78,"",10.2,"",999.1,"",1012.1,"",2,1.7,"",.0,"8",0,"8","01","2","4","","9","","","3","","","2","","",0,"8",.0,"8",.0,"8","","8",0,"8","","",.0,"8",.0,"8",.0,"8",.0,"8",.0,"8",.0,"8",.0,"8",.0,"8",.0,"8",0,"8",0,"8",0,"8","","",0,"8",0,"8"
"352190360","P£OCK","2006","05","16","20","6","",0,"8",0,"8","","","",6,"",0,"8",0,"8",5,"",350,"",2,"",0,"",12.5,"",.0,"8","U","",12.2,"",84,"",9.9,"",999.6,"",1012.7,"",2,1.4,"",.0,"8",0,"8","10","2","2","","5","","","3","","","1","","",0,"8",.0,"8",.0,"8","","8",0,"8","","",.0,"8",.0,"8",.0,"8",.0,"8",.0,"8",.0,"8",.0,"8",.0,"8",.0,"8",0,"8",0,"8",0,"8","","",0,"8",0,"8"
"352190360","P£OCK","2006","05","16","21","6","",0,"8",0,"8","","","",6,"",0,"8",0,"8",3,"",160,"",1,"",0,"",10.4,"",.0,"8","U","",11.1,"",88,"",8.5,"",999.9,"",1013.1,"",1,1.5,"",.0,"8",0,"8","10","1","1","","5","","","3","","","1","","",0,"8",.0,"8",.0,"8","","8",0,"8","","",.0,"8",.0,"8",.0,"8",.0,"8",.0,"8",.0,"8",.0,"8",.0,"8",.0,"8",0,"8",0,"8",0,"8","","",0,"8",0,"8"
"352190360","P£OCK","2006","05","16","22","9","",0,"8",0,"8","","","",6,"",0,"8",0,"8",2,"",0,"",0,"",0,"",9.7,"",.0,"8","U","",11.1,"",92,"",8.5,"",1000.4,"",1013.6,"",2,1.3,"",.0,"8",0,"8","10","0","1","","0","","","3","","","1","","",0,"8",.0,"8",.0,"8","","8",0,"8","","",.0,"8",.0,"8",.0,"8",.0,"8",.0,"8",.0,"8",.0,"8",.0,"8",.0,"8",0,"8",0,"8",0,"8","","",0,"8",0,"8"
"352190360","P£OCK","2006","05","16","23","6","",0,"8",0,"8","","","",6,"",0,"8",0,"8",2,"",20,"",1,"",0,"",9.7,"",.0,"8","U","",11.3,"",94,"",8.8,"",1000.6,"",1013.8,"",2,1.0,"",.0,"8",0,"8","10","0","1","","5","","","3","","","0","","",0,"8",.0,"8",.0,"8","","8",0,"8","","",.0,"8",.0,"8",.0,"8",.0,"8",.0,"8",.0,"8",.0,"8",.0,"8",.0,"8",0,"8",0,"8",0,"8","","",0,"8",0,"8"
"352190360","P£OCK","2006","05","17","00","9","",0,"8",0,"8","","","",6,"",0,"8",0,"8",1,"",50,"",1,"",0,"",8.4,"",.0,"8","U","",10.2,"",93,"",7.3,"",1000.2,"",1013.5,"",0,.3,"",.0,"9",0,"9","10","1","1","","0","","","3","","","0","","",0,"",.0,"8",.0,"8","","8",0,"8","","",.0,"8",.0,"8",.0,"8",.0,"8",.0,"8",.0,"8",.0,"8",.0,"8",.0,"8",0,"8",0,"8",0,"8","","",0,"8",0,"8"
"352190360","P£OCK","2006","05","17","01","9","",0,"8",0,"8","","","",2,"",0,"8",0,"8",0,"",20,"",1,"",0,"",8.1,"",.0,"8","U","",10.1,"",94,"",7.2,"",1000.4,"",1013.7,"",4,.0,"",.0,"8",0,"8","46","4","0","","0","","","0","","","0","","",0,"8",.0,"8",.0,"8","","8",0,"8","","",.0,"8",.0,"8",.0,"8",.0,"8",.0,"8",.0,"8",.0,"8",.0,"8",.0,"8",0,"8",0,"8",0,"8","","",0,"8",0,"8"
"352190360","P£OCK","2006","05","17","02","9","",0,"8",0,"8","","","",2,"",0,"8",0,"8",0,"",20,"",1,"",0,"",7.7,"",.0,"8","U","",10.0,"",95,"",6.9,"",1000.4,"",1013.7,"",6,-.2,"",.0,"8",0,"8","44","4","0","","0","","","0","","","0","","",0,"8",.0,"8",.0,"8","","8",0,"8","","",.0,"8",.0,"8",.0,"8",.0,"8",.0,"8",.0,"8",.0,"8",.0,"8",.0,"8",0,"8",0,"8",0,"8","","",0,"8",0,"8"
"352190360","P£OCK","2006","05","17","03","9","",0,"8",0,"8","","","",5,"",0,"8",0,"8",1,"",40,"",2,"",0,"",8.1,"",.0,"8","U","",10.2,"",95,"",7.3,"",1000.4,"",1013.7,"",1,.2,"",.0,"8",0,"8","28","4","0","","0","","","0","","","1","","",0,"8",.0,"8",.0,"8","","8",0,"8","","",.0,"8",.0,"8",.0,"8",.0,"8",.0,"8",.0,"8",.0,"8",.0,"8",.0,"8",0,"8",0,"8",0,"8","","",0,"8",0,"8"
"352190360","P£OCK","2006","05","17","04","6","",0,"8",0,"8","","","",5,"",0,"8",0,"8",4,"",60,"",1,"",0,"",9.5,"",.0,"8","U","",11.3,"",95,"",8.7,"",1000.4,"",1013.6,"",4,.0,"",.0,"8",0,"8","10","0","3","","5","","","0","","","1","","",0,"8",.0,"8",.0,"8","","8",0,"8","","",.0,"8",.0,"8",.0,"8",.0,"8",.0,"8",.0,"8",.0,"8",.0,"8",.0,"8",0,"8",0,"8",0,"8","","",0,"8",0,"8"
"352190360","P£OCK","2006","05","17","05","5","",0,"8",0,"8","","","",5,"",0,"8",0,"8",7,"",120,"",2,"",0,"",11.8,"",.0,"8","U","",13.1,"",95,"",11.0,"",1000.6,"",1013.7,"",3,.2,"",.0,"8",0,"8","10","1","7","","5","","","/","","","/","","",0,"8",.0,"8",.0,"8","","8",0,"8","","",.0,"8",.0,"8",.0,"8",.0,"8",.0,"8",.0,"8",.0,"8",.0,"8",.0,"8",0,"8",0,"8",0,"8","","",0,"8",0,"8"
"352190360","P£OCK","2006","05","17","06","5","",0,"8",0,"8","","","",6,"",0,"8",0,"8",7,"",140,"",2,"",0,"",13.5,"",.0,"8","U","",13.6,"",88,"",11.5,"",1001.0,"",1014.1,"",3,.6,"",.0,"9",0,"9","10","4","7","","5","","","/","","","/","","",0,"",.0,"8",.0,"8","","8",0,"8","","",.0,"8",.0,"8",.0,"8",.0,"8",.0,"8",.0,"8",.0,"8",.0,"8",.0,"8",0,"8",0,"8",0,"8","","",0,"8",0,"8"
"352190360","P£OCK","2006","05","17","07","6","",0,"8",0,"8","","","",6,"",0,"8",0,"8",7,"",120,"",2,"",0,"",14.6,"",.0,"8","U","",13.8,"",83,"",11.7,"",1001.3,"",1014.3,"",2,.9,"",.0,"8",0,"8","10","2","7","","5","","","/","","","/","","",0,"8",.0,"8",.0,"8","","8",0,"8","","",.0,"8",.0,"8",.0,"8",.0,"8",.0,"8",.0,"8",.0,"8",.0,"8",.0,"8",0,"8",0,"8",0,"8","","",0,"8",0,"8"
"352190360","P£OCK","2006","05","17","08","5","",0,"8",0,"8","","","",6,"",0,"8",0,"8",4,"",140,"",3,"",0,"",16.2,"",.0,"8","U","",13.8,"",75,"",11.8,"",1001.5,"",1014.4,"",1,.9,"",.0,"8",0,"8","10","1","1","","2","","","3","","","8","","",0,"8",.0,"8",.0,"8","","8",0,"8","","",.0,"8",.0,"8",.0,"8",.0,"8",.0,"8",.0,"8",.0,"8",.0,"8",.0,"8",0,"8",0,"8",0,"8","","",0,"8",0,"8"
"352190360","P£OCK","2006","05","17","09","5","",0,"8",0,"8","","","",7,"",0,"8",0,"8",7,"",130,"",2,"",0,"",16.4,"",.0,"8","U","",13.8,"",74,"",11.8,"",1001.6,"",1014.5,"",1,.6,"",.0,"8",0,"8","03","1","6","","9","","","3","","","/","","",0,"8",.0,"8",.0,"8","","8",0,"8","","",.0,"8",.0,"8",.0,"8",.0,"8",.0,"8",.0,"8",.0,"8",.0,"8",.0,"8",0,"8",0,"8",0,"8","","",0,"8",0,"8"
"352190360","P£OCK","2006","05","17","10","5","",0,"8",0,"8","","","",7,"",0,"8",0,"8",7,"",140,"",3,"",0,"",16.5,"",.0,"8","U","",14.0,"",75,"",12.1,"",1001.6,"",1014.5,"",1,.3,"",.0,"8",0,"8","17","2","7","","9","","","/","","","/","","",0,"8",.0,"8",.0,"8","","8",0,"8","","",.0,"8",.0,"8",.0,"8",.0,"8",.0,"8",.0,"8",.0,"8",.0,"8",.0,"8",0,"8",0,"8",0,"8","","",0,"8",0,"8"
"352190360","P£OCK","2006","05","17","11","5","",0,"8",0,"8","","","",6,"",0,"8",0,"8",7,"",70,"",3,"",0,"",16.3,"",.0,"8","U","",14.6,"",79,"",12.6,"",1001.9,"",1014.8,"",2,.4,"",.0,"8",0,"8","25","2","7","","9","","","/","","","/","","",0,"8",.0,"8",.0,"8","","8",0,"8","","",.0,"8",.0,"8",.0,"8",.0,"8",.0,"8",.0,"8",.0,"8",.0,"8",.0,"8",0,"8",0,"8",0,"8","","",0,"8",0,"8"
"352190360","P£OCK","2006","05","17","12","5","",0,"8",0,"8","","","",6,"",0,"8",0,"8",8,"",90,"",2,"",0,"",17.4,"",.0,"8","U","",13.9,"",70,"",11.9,"",1001.8,"",1014.7,"",0,.2,"",.0,"",6,"","10","9","6","","9","","","0","","","7","","",0,"",.0,"8",.0,"8","","8",0,"8","","",.0,"8",.0,"8",.0,"8",.0,"8",.0,"8",.0,"8",.0,"8",.0,"8",.0,"8",0,"8",0,"8",0,"8","","",0,"8",0,"8"
"352190360","P£OCK","2006","05","17","13","6","",0,"8",0,"8","","","",7,"",0,"8",0,"8",8,"",60,"",3,"",0,"",17.3,"",.0,"8","U","",13.6,"",69,"",11.6,"",1001.8,"",1014.7,"",1,.2,"",.0,"8",0,"8","01","2","5","","3","","","0","","","7","","",0,"8",.0,"8",.0,"8","","8",0,"8","","",.0,"8",.0,"8",.0,"8",.0,"8",.0,"8",.0,"8",.0,"8",.0,"8",.0,"8",0,"8",0,"8",0,"8","","",0,"8",0,"8"
"352190360","P£OCK","2006","05","17","14","6","",0,"8",0,"8","","","",7,"",0,"8",0,"8",8,"",80,"",2,"",0,"",17.5,"",.0,"8","U","",13.6,"",68,"",11.5,"",1001.8,"",1014.7,"",6,-.1,"",.0,"8",0,"8","17","2","4","","9","","","0","","","7","","",0,"8",.0,"8",.0,"8","","8",0,"8","","",.0,"8",.0,"8",.0,"8",.0,"8",.0,"8",.0,"8",.0,"8",.0,"8",.0,"8",0,"8",0,"8",0,"8","","",0,"8",0,"8"
"352190360","P£OCK","2006","05","17","15","5","",0,"8",0,"8","","","",7,"",0,"8",0,"8",8,"",120,"",1,"",0,"",13.3,"",.0,"8","U","",12.3,"",81,"",10.1,"",1002.5,"",1015.6,"",3,.7,"",.0,"8",0,"8","17","8","8","","9","","","/","","","/","","",0,"8",.0,"8",.0,"8","","8",0,"8","","",.0,"8",.0,"8",.0,"8",.0,"8",.0,"8",.0,"8",.0,"8",.0,"8",.0,"8",0,"8",0,"8",0,"8","","",0,"8",0,"8"
"352190360","P£OCK","2006","05","17","16","4","",0,"8",0,"8","","","",6,"",0,"8",0,"8",7,"",360,"",2,"",0,"",13.8,"",.0,"8","U","",13.4,"",85,"",11.3,"",1002.9,"",1016.0,"",3,1.1,"",.0,"8",0,"8","92","8","6","","9","","","0","","","8","","",0,"8",.0,"8",.0,"8","","8",0,"8","","",.0,"8",.0,"8",.0,"8",.0,"8",.0,"8",.0,"8",.0,"8",.0,"8",.0,"8",0,"8",0,"8",0,"8","","",0,"8",0,"8"
"352190360","P£OCK","2006","05","17","17","5","",0,"8",0,"8","","","",7,"",0,"8",0,"8",7,"",300,"",3,"",0,"",14.5,"",.0,"8","U","",14.2,"",86,"",12.2,"",1003.3,"",1016.3,"",1,1.5,"",.0,"8",0,"8","25","8","7","","9","","","/","","","/","","",0,"8",.0,"8",.0,"8","","8",0,"8","","",.0,"8",.0,"8",.0,"8",.0,"8",.0,"8",.0,"8",.0,"8",.0,"8",.0,"8",0,"8",0,"8",0,"8","","",0,"8",0,"8"
"352190360","P£OCK","2006","05","17","18","5","",0,"8",0,"8","","","",6,"",0,"8",0,"8",7,"",330,"",1,"",0,"",14.1,"",.0,"8","U","",13.6,"",85,"",11.6,"",1003.4,"",1016.5,"",1,.9,"",2.7,"",6,"","25","9","7","","9","","","/","","","/","","",1,"",.0,"8",.0,"8","","8",0,"8","","",.0,"8",.0,"8",.0,"8",.0,"8",.0,"8",.0,"8",.0,"8",.0,"8",.0,"8",0,"8",0,"8",0,"8","","",0,"8",0,"8"
"352190360","P£OCK","2006","05","17","19","5","",0,"8",0,"8","","","",6,"",0,"8",0,"8",8,"",330,"",1,"",0,"",13.5,"",.0,"8","U","",13.1,"",85,"",11.0,"",1004.2,"",1017.3,"",2,1.3,"",.0,"8",0,"8","80","2","8","","9","","","/","","","/","","",0,"8",.0,"8",.0,"8","","8",0,"8","","",.0,"8",.0,"8",.0,"8",.0,"8",.0,"8",.0,"8",.0,"8",.0,"8",.0,"8",0,"8",0,"8",0,"8","","",0,"8",0,"8"
"352190360","P£OCK","2006","05","17","20","5","",0,"8",0,"8","","","",6,"",0,"8",0,"8",8,"",320,"",1,"",0,"",13.3,"",.0,"8","U","",13.1,"",86,"",11.0,"",1004.6,"",1017.7,"",2,1.3,"",.0,"8",0,"8","80","2","5","","9","","","3","","","/","","",0,"8",.0,"8",.0,"8","","8",0,"8","","",.0,"8",.0,"8",.0,"8",.0,"8",.0,"8",.0,"8",.0,"8",.0,"8",.0,"8",0,"8",0,"8",0,"8","","",0,"8",0,"8"
"352190360","P£OCK","2006","05","17","21","5","",0,"8",0,"8","","","",6,"",0,"8",0,"8",8,"",300,"",2,"",0,"",12.9,"",.0,"8","U","",13.4,"",90,"",11.3,"",1004.6,"",1017.7,"",1,1.2,"",.0,"8",0,"8","25","2","4","","9","","","3","","","/","","",0,"8",.0,"8",.0,"8","","8",0,"8","","",.0,"8",.0,"8",.0,"8",.0,"8",.0,"8",.0,"8",.0,"8",.0,"8",.0,"8",0,"8",0,"8",0,"8","","",0,"8",0,"8"
"352190360","P£OCK","2006","05","17","22","9","",0,"8",0,"8","","","",6,"",0,"8",0,"8",8,"",310,"",1,"",0,"",12.6,"",.0,"8","U","",13.3,"",91,"",11.2,"",1004.8,"",1017.9,"",2,.6,"",.0,"8",0,"8","10","2","8","","0","","","3","","","/","","",0,"8",.0,"8",.0,"8","","8",0,"8","","",.0,"8",.0,"8",.0,"8",.0,"8",.0,"8",.0,"8",.0,"8",.0,"8",.0,"8",0,"8",0,"8",0,"8","","",0,"8",0,"8"
"352190360","P£OCK","2006","05","17","23","9","",0,"8",0,"8","","","",5,"",0,"8",0,"8",6,"",290,"",2,"",0,"",11.7,"",.0,"8","U","",12.6,"",92,"",10.4,"",1005.0,"",1018.2,"",3,.4,"",.0,"8",0,"8","10","2","4","","0","","","3","","","8","","",0,"8",.0,"8",.0,"8","","8",0,"8","","",.0,"8",.0,"8",.0,"8",.0,"8",.0,"8",.0,"8",.0,"8",.0,"8",.0,"8",0,"8",0,"8",0,"8","","",0,"8",0,"8"
"352190360","P£OCK","2006","05","18","00","1","",0,"8",0,"8","","","",4,"",0,"8",0,"8",8,"",310,"",2,"",0,"",11.9,"",.0,"8","U","",13.2,"",95,"",11.1,"",1005.0,"",1018.2,"",1,.4,"",.1,"",6,"","10","8","8","","6","","","/","","","/","","",1,"",.0,"8",.0,"8","","8",0,"8","","",.0,"8",.0,"8",.0,"8",.0,"8",.0,"8",.0,"8",.0,"8",.0,"8",.0,"8",0,"8",0,"8",0,"8","","",0,"8",0,"8"
"352190360","P£OCK","2006","05","18","01","3","",0,"8",0,"8","","","",5,"",0,"8",0,"8",8,"",320,"",2,"",0,"",11.9,"",.0,"8","U","",12.8,"",92,"",10.6,"",1005.0,"",1018.2,"",1,.2,"",.0,"8",0,"8","10","2","8","","6","","","/","","","/","","",0,"8",.0,"8",.0,"8","","8",0,"8","","",.0,"8",.0,"8",.0,"8",.0,"8",.0,"8",.0,"8",.0,"8",.0,"8",.0,"8",0,"8",0,"8",0,"8","","",0,"8",0,"8"
"352190360","P£OCK","2006","05","18","02","2","",0,"8",0,"8","","","",5,"",0,"8",0,"8",8,"",330,"",2,"",0,"",11.6,"",.0,"8","U","",12.4,"",91,"",10.2,"",1005.3,"",1018.5,"",3,.3,"",.0,"8",0,"8","10","2","8","","6","","","/","","","/","","",0,"8",.0,"8",.0,"8","","8",0,"8","","",.0,"8",.0,"8",.0,"8",.0,"8",.0,"8",.0,"8",.0,"8",.0,"8",.0,"8",0,"8",0,"8",0,"8","","",0,"8",0,"8"
"352190360","P£OCK","2006","05","18","03","2","",0,"8",0,"8","","","",5,"",0,"8",0,"8",8,"",310,"",1,"",0,"",11.5,"",.0,"8","U","",12.5,"",92,"",10.2,"",1005.1,"",1018.3,"",0,.1,"",.0,"8",0,"8","10","2","8","","6","","","/","","","/","","",0,"8",.0,"8",.0,"8","","8",0,"8","","",.0,"8",.0,"8",.0,"8",.0,"8",.0,"8",.0,"8",.0,"8",.0,"8",.0,"8",0,"8",0,"8",0,"8","","",0,"8",0,"8"
"352190360","P£OCK","2006","05","18","04","2","",0,"8",0,"8","","","",5,"",0,"8",0,"8",8,"",350,"",1,"",0,"",11.4,"",.0,"8","U","",12.2,"",91,"",10.0,"",1005.1,"",1018.3,"",1,.1,"",.0,"8",0,"8","10","2","8","","6","","","/","","","/","","",0,"8",.0,"8",.0,"8","","8",0,"8","","",.0,"8",.0,"8",.0,"8",.0,"8",.0,"8",.0,"8",.0,"8",.0,"8",.0,"8",0,"8",0,"8",0,"8","","",0,"8",0,"8"
"352190360","P£OCK","2006","05","18","05","2","",0,"8",0,"8","","","",5,"",0,"8",0,"8",8,"",30,"",1,"",0,"",11.5,"",.0,"8","U","",12.2,"",90,"",9.9,"",1005.3,"",1018.5,"",5,.0,"",.0,"8",0,"8","10","2","8","","6","","","/","","","/","","",0,"8",.0,"8",.0,"8","","8",0,"8","","",.0,"8",.0,"8",.0,"8",.0,"8",.0,"8",.0,"8",.0,"8",.0,"8",.0,"8",0,"8",0,"8",0,"8","","",0,"8",0,"8"
"352190360","P£OCK","2006","05","18","06","2","",0,"8",0,"8","","","",5,"",0,"8",0,"8",8,"",190,"",1,"",0,"",11.9,"",.0,"8","U","",12.2,"",88,"",10.0,"",1004.9,"",1018.1,"",8,-.2,"",.0,"9",0,"9","10","2","8","","6","","","/","","","/","","",1,"",.0,"8",.0,"8","","8",0,"8","","",.0,"8",.0,"8",.0,"8",.0,"8",.0,"8",.0,"8",.0,"8",.0,"8",.0,"8",0,"8",0,"8",0,"8","","",0,"8",0,"8"
"352190360","P£OCK","2006","05","18","07","3","",0,"8",0,"8","","","",6,"",0,"8",0,"8",8,"",200,"",2,"",0,"",12.2,"",.0,"8","U","",12.2,"",86,"",9.9,"",1005.5,"",1018.7,"",2,.4,"",.0,"8",0,"8","10","2","8","","6","","","/","","","/","","",0,"8",.0,"8",.0,"8","","8",0,"8","","",.0,"8",.0,"8",.0,"8",.0,"8",.0,"8",.0,"8",.0,"8",.0,"8",.0,"8",0,"8",0,"8",0,"8","","",0,"8",0,"8"
"352190360","P£OCK","2006","05","18","08","4","",0,"8",0,"8","","","",6,"",0,"8",0,"8",8,"",190,"",3,"",0,"",12.6,"",.0,"8","U","",12.1,"",83,"",9.8,"",1004.9,"",1018.1,"",7,-.4,"",.0,"8",0,"8","10","2","8","","5","","","/","","","/","","",0,"8",.0,"8",.0,"8","","8",0,"8","","",.0,"8",.0,"8",.0,"8",.0,"8",.0,"8",.0,"8",.0,"8",.0,"8",.0,"8",0,"8",0,"8",0,"8","","",0,"8",0,"8"
"352190360","P£OCK","2006","05","18","09","4","",0,"8",0,"8","","","",6,"",0,"8",0,"8",7,"",150,"",3,"",0,"",14.1,"",.0,"8","U","",12.5,"",78,"",10.3,"",1004.2,"",1017.3,"",8,-.7,"",.0,"8",0,"8","10","2","7","","5","","","/","","","/","","",0,"8",.0,"8",.0,"8","","8",0,"8","","",.0,"8",.0,"8",.0,"8",.0,"8",.0,"8",.0,"8",.0,"8",.0,"8",.0,"8",0,"8",0,"8",0,"8","","",0,"8",0,"8"
"352190360","P£OCK","2006","05","18","10","5","",0,"8",0,"8","","","",7,"",0,"8",0,"8",8,"",160,"",4,"",0,"",15.2,"",.0,"8","U","",12.4,"",72,"",10.2,"",1003.5,"",1016.5,"",7,-2.0,"",.0,"8",0,"8","03","2","4","","2","","","0","","","7","","",0,"8",.0,"8",.0,"8","","8",0,"8","","",.0,"8",.0,"8",.0,"8",.0,"8",.0,"8",.0,"8",.0,"8",.0,"8",.0,"8",0,"8",0,"8",0,"8","","",0,"8",0,"8"
"352190360","P£OCK","2006","05","18","11","5","",0,"8",0,"8","","","",7,"",0,"8",0,"8",8,"",160,"",4,"",0,"",15.7,"",.0,"8","U","",12.5,"",70,"",10.2,"",1002.8,"",1015.8,"",7,-2.1,"",.0,"8",0,"8","01","2","2","","2","","","0","","","7","","",0,"8",.0,"8",.0,"8","","8",0,"8","","",.0,"8",.0,"8",.0,"8",.0,"8",.0,"8",.0,"8",.0,"8",.0,"8",.0,"8",0,"8",0,"8",0,"8","","",0,"8",0,"8"
"352190360","P£OCK","2006","05","18","12","5","",0,"8",0,"8","","","",7,"",0,"8",0,"8",8,"",170,"",4,"",0,"",16.4,"",.0,"8","U","",13.2,"",71,"",11.1,"",1001.9,"",1014.8,"",8,-2.3,"",.0,"9",0,"9","01","2","1","","2","","","0","","","7","","",0,"",.0,"8",.0,"8","","8",0,"8","","",.0,"8",.0,"8",.0,"8",.0,"8",.0,"8",.0,"8",.0,"8",.0,"8",.0,"8",0,"8",0,"8",0,"8","","",0,"8",0,"8"
"352190360","P£OCK","2006","05","18","13","9","",0,"8",0,"8","","","",7,"",0,"8",0,"8",8,"",130,"",4,"",0,"",17.0,"",.0,"8","U","",13.9,"",72,"",11.9,"",1000.8,"",1013.7,"",8,-2.7,"",.0,"8",0,"8","01","2","8","","0","","","1","","","/","","",0,"8",.0,"8",.0,"8","","8",0,"8","","",.0,"8",.0,"8",.0,"8",.0,"8",.0,"8",.0,"8",.0,"8",.0,"8",.0,"8",0,"8",0,"8",0,"8","","",0,"8",0,"8"
"352190360","P£OCK","2006","05","18","14","9","",0,"8",0,"8","","","",7,"",0,"8",0,"8",8,"",120,"",3,"",0,"",17.7,"",.0,"8","U","",14.1,"",70,"",12.2,"",999.3,"",1012.1,"",8,-3.5,"",.0,"8",0,"8","02","2","8","","0","","","1","","","/","","",0,"8",.0,"8",.0,"8","","8",0,"8","","",.0,"8",.0,"8",.0,"8",.0,"8",.0,"8",.0,"8",.0,"8",.0,"8",.0,"8",0,"8",0,"8",0,"8","","",0,"8",0,"8"
"352190360","P£OCK","2006","05","18","15","9","",0,"8",0,"8","","","",8,"",0,"8",0,"8",8,"",150,"",4,"",0,"",18.6,"",.0,"8","U","",12.4,"",58,"",10.2,"",998.3,"",1011.1,"",7,-3.6,"",.0,"8",0,"8","03","2","8","","0","","","7","","","/","","",0,"8",.0,"8",.0,"8","","8",0,"8","","",.0,"8",.0,"8",.0,"8",.0,"8",.0,"8",.0,"8",.0,"8",.0,"8",.0,"8",0,"8",0,"8",0,"8","","",0,"8",0,"8"
"352190360","P£OCK","2006","05","18","16","9","",0,"8",0,"8","","","",8,"",0,"8",0,"8",8,"",150,"",4,"",0,"",18.4,"",.0,"8","U","",12.5,"",59,"",10.2,"",997.5,"",1010.3,"",6,-3.3,"",.0,"8",0,"8","03","2","8","","0","","","7","","","/","","",0,"8",.0,"8",.0,"8","","8",0,"8","","",.0,"8",.0,"8",.0,"8",.0,"8",.0,"8",.0,"8",.0,"8",.0,"8",.0,"8",0,"8",0,"8",0,"8","","",0,"8",0,"8"
"352190360","P£OCK","2006","05","18","17","7","",0,"8",0,"8","","","",7,"",0,"8",0,"8",8,"",140,"",3,"",0,"",17.5,"",.0,"8","U","",13.2,"",66,"",11.1,"",996.8,"",1009.6,"",6,-2.5,"",.0,"8",0,"8","61","6","4","","5","","","2","","","/","","",0,"8",.0,"8",.0,"8","","8",0,"8","","",.0,"8",.0,"8",.0,"8",.0,"8",.0,"8",.0,"8",.0,"8",.0,"8",.0,"8",0,"8",0,"8",0,"8","","",0,"8",0,"8"
"352190360","P£OCK","2006","05","18","18","7","",0,"8",0,"8","","","",7,"",0,"8",0,"8",8,"",150,"",3,"",0,"",15.9,"",.0,"8","U","",14.1,"",78,"",12.1,"",995.9,"",1008.8,"",7,-2.4,"",.9,"",6,"","61","2","6","","5","","","2","","","/","","",1,"",.0,"8",.0,"8","","8",0,"8","","",.0,"8",.0,"8",.0,"8",.0,"8",.0,"8",.0,"8",.0,"8",.0,"8",.0,"8",0,"8",0,"8",0,"8","","",0,"8",0,"8"
"352190360","P£OCK","2006","05","18","19","5","",0,"8",0,"8","","","",6,"",0,"8",0,"8",8,"",190,"",4,"",0,"",15.3,"",.0,"8","U","",14.7,"",85,"",12.8,"",995.9,"",1008.8,"",6,-1.6,"",.0,"8",0,"8","63","6","6","","5","","","2","","","/","","",0,"8",.0,"8",.0,"8","","8",0,"8","","",.0,"8",.0,"8",.0,"8",.0,"8",.0,"8",.0,"8",.0,"8",.0,"8",.0,"8",0,"8",0,"8",0,"8","","",0,"8",0,"8"
"352190360","P£OCK","2006","05","18","20","5","",0,"8",0,"8","","","",7,"",0,"8",0,"8",8,"",190,"",4,"",0,"",15.1,"",.0,"8","U","",15.1,"",88,"",13.1,"",995.4,"",1008.3,"",7,-1.4,"",.0,"8",0,"8","61","6","6","","5","","","2","","","/","","",0,"8",.0,"8",.0,"8","","8",0,"8","","",.0,"8",.0,"8",.0,"8",.0,"8",.0,"8",.0,"8",.0,"8",.0,"8",.0,"8",0,"8",0,"8",0,"8","","",0,"8",0,"8"
"352190360","P£OCK","2006","05","18","21","5","",0,"8",0,"8","","","",7,"",0,"8",0,"8",8,"",210,"",3,"",0,"",15.0,"",.0,"8","U","",15.1,"",89,"",13.2,"",994.9,"",1007.8,"",8,-1.0,"",.0,"8",0,"8","61","6","3","","5","","","2","","","/","","",0,"8",.0,"8",.0,"8","","8",0,"8","","",.0,"8",.0,"8",.0,"8",.0,"8",.0,"8",.0,"8",.0,"8",.0,"8",.0,"8",0,"8",0,"8",0,"8","","",0,"8",0,"8"
"352190360","P£OCK","2006","05","18","22","4","",0,"8",0,"8","","","",6,"",0,"8",0,"8",8,"",230,"",4,"",0,"",15.3,"",.0,"8","U","",16.0,"",92,"",14.0,"",994.8,"",1007.7,"",6,-1.1,"",.0,"8",0,"8","21","2","8","","5","","","/","","","/","","",0,"8",.0,"8",.0,"8","","8",0,"8","","",.0,"8",.0,"8",.0,"8",.0,"8",.0,"8",.0,"8",.0,"8",.0,"8",.0,"8",0,"8",0,"8",0,"8","","",0,"8",0,"8"
"352190360","P£OCK","2006","05","18","23","4","",0,"8",0,"8","","","",6,"",0,"8",0,"8",8,"",280,"",5,"",0,"",15.3,"",.0,"8","U","",15.3,"",88,"",13.3,"",995.0,"",1007.9,"",5,-.4,"",.0,"8",0,"8","10","2","2","","5","","","7","","","/","","",0,"8",.0,"8",.0,"8","","8",0,"8","","",.0,"8",.0,"8",.0,"8",.0,"8",.0,"8",.0,"8",.0,"8",.0,"8",.0,"8",0,"8",0,"8",0,"8","","",0,"8",0,"8"
"352190360","P£OCK","2006","05","19","00","4","",0,"8",0,"8","","","",6,"",0,"8",0,"8",7,"",280,"",4,"",0,"",14.7,"",.0,"8","U","",14.7,"",88,"",12.7,"",995.2,"",1008.1,"",3,.3,"",2.6,"",6,"","10","6","5","","5","","","3","","","/","","",1,"",.0,"8",.0,"8","","8",0,"8","","",.0,"8",.0,"8",.0,"8",.0,"8",.0,"8",.0,"8",.0,"8",.0,"8",.0,"8",0,"8",0,"8",0,"8","","",0,"8",0,"8"
"352190360","P£OCK","2006","05","19","01","4","",0,"8",0,"8","","","",6,"",0,"8",0,"8",8,"",290,"",3,"",0,"",14.0,"",.0,"8","U","",14.4,"",90,"",12.4,"",995.1,"",1008.1,"",0,.3,"",.0,"8",0,"8","10","2","4","","5","","","3","","","/","","",0,"8",.0,"8",.0,"8","","8",0,"8","","",.0,"8",.0,"8",.0,"8",.0,"8",.0,"8",.0,"8",.0,"8",.0,"8",.0,"8",0,"8",0,"8",0,"8","","",0,"8",0,"8"
"352190360","P£OCK","2006","05","19","02","9","",0,"8",0,"8","","","",5,"",0,"8",0,"8",3,"",270,"",2,"",0,"",13.1,"",.0,"8","U","",13.7,"",91,"",11.7,"",995.3,"",1008.3,"",2,.3,"",.0,"8",0,"8","10","1","3","","0","","","3","","","0","","",0,"8",.0,"8",.0,"8","","8",0,"8","","",.0,"8",.0,"8",.0,"8",.0,"8",.0,"8",.0,"8",.0,"8",.0,"8",.0,"8",0,"8",0,"8",0,"8","","",0,"8",0,"8"
"352190360","P£OCK","2006","05","19","03","5","",0,"8",0,"8","","","",5,"",0,"8",0,"8",6,"",280,"",3,"",0,"",13.0,"",.0,"8","U","",13.8,"",92,"",11.7,"",995.5,"",1008.5,"",3,.3,"",.0,"8",0,"8","10","1","5","","5","","","3","","","0","","",0,"8",.0,"8",.0,"8","","8",0,"8","","",.0,"8",.0,"8",.0,"8",.0,"8",.0,"8",.0,"8",.0,"8",.0,"8",.0,"8",0,"8",0,"8",0,"8","","",0,"8",0,"8"
"352190360","P£OCK","2006","05","19","04","5","",0,"8",0,"8","","","",6,"",0,"8",0,"8",7,"",280,"",4,"",0,"",12.9,"",.0,"8","U","",13.4,"",90,"",11.3,"",995.7,"",1008.7,"",2,.6,"",.0,"8",0,"8","10","2","4","","5","","","3","","","6","","",0,"8",.0,"8",.0,"8","","8",0,"8","","",.0,"8",.0,"8",.0,"8",.0,"8",.0,"8",.0,"8",.0,"8",.0,"8",.0,"8",0,"8",0,"8",0,"8","","",0,"8",0,"8"
"352190360","P£OCK","2006","05","19","05","9","",0,"8",0,"8","","","",7,"",0,"8",0,"8",7,"",270,"",3,"",0,"",13.2,"",.0,"8","U","",12.3,"",81,"",10.0,"",995.6,"",1008.6,"",0,.3,"",.0,"8",0,"8","01","2","0","","0","","","0","","","6","","",0,"8",.0,"8",.0,"8","","8",0,"8","","",.0,"8",.0,"8",.0,"8",.0,"8",.0,"8",.0,"8",.0,"8",.0,"8",.0,"8",0,"8",0,"8",0,"8","","",0,"8",0,"8"
"352190360","P£OCK","2006","05","19","06","9","",0,"8",0,"8","","","",7,"",0,"8",0,"8",7,"",280,"",4,"",0,"",13.7,"",.0,"8","U","",12.2,"",78,"",9.9,"",995.7,"",1008.7,"",2,.2,"",.0,"9",0,"9","01","1","0","","0","","","0","","","8","","",1,"",.0,"8",.0,"8","","8",0,"8","","",.0,"8",.0,"8",.0,"8",.0,"8",.0,"8",.0,"8",.0,"8",.0,"8",.0,"8",0,"8",0,"8",0,"8","","",0,"8",0,"8"
"352190360","P£OCK","2006","05","19","07","4","",0,"8",0,"8","","","",8,"",0,"8",0,"8",6,"",290,"",4,"",0,"",14.8,"",.0,"8","U","",11.3,"",67,"",8.7,"",995.3,"",1008.2,"",7,-.4,"",.0,"8",0,"8","03","2","1","","1","","","0","","","8","","",0,"8",.0,"8",.0,"8","","8",0,"8","","",.0,"8",.0,"8",.0,"8",.0,"8",.0,"8",.0,"8",.0,"8",.0,"8",.0,"8",0,"8",0,"8",0,"8","","",0,"8",0,"8"
"352190360","P£OCK","2006","05","19","08","5","",0,"8",0,"8","","","",8,"",0,"8",0,"8",4,"",240,"",3,"",0,"",16.0,"",.0,"8","U","",11.8,"",65,"",9.4,"",995.6,"",1008.5,"",4,.0,"",.0,"8",0,"8","03","1","1","","1","","","0","","","8","","",0,"8",.0,"8",.0,"8","","8",0,"8","","",.0,"8",.0,"8",.0,"8",.0,"8",.0,"8",.0,"8",.0,"8",.0,"8",.0,"8",0,"8",0,"8",0,"8","","",0,"8",0,"8"
"352190360","P£OCK","2006","05","19","09","5","",0,"8",0,"8","","","",8,"",0,"8",0,"8",2,"",220,"",4,"",0,"",17.2,"",.0,"8","U","",11.7,"",60,"",9.4,"",995.4,"",1008.2,"",7,-.3,"",.0,"8",0,"8","01","1","1","","1","","","0","","","1","","",0,"8",.0,"8",.0,"8","","8",0,"8","","",.0,"8",.0,"8",.0,"8",.0,"8",.0,"8",.0,"8",.0,"8",.0,"8",.0,"8",0,"8",0,"8",0,"8","","",0,"8",0,"8"
"352190360","P£OCK","2006","05","19","10","6","",0,"8",0,"8","","","",8,"",0,"8",0,"8",6,"",240,"",4,"",0,"",18.0,"",.0,"8","U","",13.0,"",63,"",10.8,"",995.1,"",1007.9,"",8,-.2,"",.0,"8",0,"8","03","1","5","","9","","","0","","","1","","",0,"8",.0,"8",.0,"8","","8",0,"8","","",.0,"8",.0,"8",.0,"8",.0,"8",.0,"8",.0,"8",.0,"8",.0,"8",.0,"8",0,"8",0,"8",0,"8","","",0,"8",0,"8"
"352190360","P£OCK","2006","05","19","11","7","",0,"8",0,"8","","","",8,"",0,"8",0,"8",6,"",220,"",4,"",0,"",18.3,"",.0,"8","U","",12.8,"",61,"",10.6,"",994.3,"",1007.1,"",8,-1.3,"",.0,"8",0,"8","01","2","6","","3","","","0","","","0","","",0,"8",.0,"8",.0,"8","","8",0,"8","","",.0,"8",.0,"8",.0,"8",.0,"8",.0,"8",.0,"8",.0,"8",.0,"8",.0,"8",0,"8",0,"8",0,"8","","",0,"8",0,"8"
"352190360","P£OCK","2006","05","19","12","7","",0,"8",0,"8","","","",8,"",0,"8",0,"8",7,"",220,"",3,"",0,"",18.4,"",.0,"8","U","",13.1,"",62,"",11.0,"",993.7,"",1006.4,"",7,-1.7,"",.0,"9",0,"9","03","1","7","","9","","","/","","","/","","",1,"",.0,"8",.0,"8","","8",0,"8","","",.0,"8",.0,"8",.0,"8",.0,"8",.0,"8",.0,"8",.0,"8",.0,"8",.0,"8",0,"8",0,"8",0,"8","","",0,"8",0,"8"
"352190360","P£OCK","2006","05","19","13","4","",0,"8",0,"8","","","",6,"",0,"8",0,"8",8,"",290,"",6,"",11,"",12.9,"",.0,"8","U","",12.5,"",84,"",10.3,"",994.0,"",1007.0,"",5,-1.1,"",.0,"8",0,"8","95","8","8","","9","","","/","","","/","","",0,"8",.0,"8",.0,"8","","8",0,"8","","",.0,"8",.0,"8",.0,"8",.0,"8",.0,"8",.0,"8",.0,"8",.0,"8",.0,"8",0,"8",0,"8",0,"8","","",0,"8",0,"8"
"352190360","P£OCK","2006","05","19","14","5","",0,"8",0,"8","","","",8,"",0,"8",0,"8",7,"",170,"",2,"",0,"",13.8,"",.0,"8","U","",13.4,"",85,"",11.3,"",993.7,"",1006.6,"",7,-.6,"",.0,"8",0,"8","29","8","2","","9","","","3","","","/","","",0,"8",.0,"8",.0,"8","","8",0,"8","","",.0,"8",.0,"8",.0,"8",.0,"8",.0,"8",.0,"8",.0,"8",.0,"8",.0,"8",0,"8",0,"8",0,"8","","",0,"8",0,"8"
"352190360","P£OCK","2006","05","19","15","5","",0,"8",0,"8","","","",8,"",0,"8",0,"8",6,"",280,"",2,"",0,"",15.1,"",.0,"8","U","",13.9,"",81,"",11.9,"",993.3,"",1006.2,"",8,-.4,"",.0,"8",0,"8","25","9","5","","9","","","3","","","0","","",0,"8",.0,"8",.0,"8","","8",0,"8","","",.0,"8",.0,"8",.0,"8",.0,"8",.0,"8",.0,"8",.0,"8",.0,"8",.0,"8",0,"8",0,"8",0,"8","","",0,"8",0,"8"
"352190360","P£OCK","2006","05","19","16","5","",0,"8",0,"8","","","",8,"",0,"8",0,"8",6,"",190,"",3,"",0,"",15.1,"",.0,"8","U","",13.9,"",81,"",11.9,"",992.9,"",1005.8,"",7,-1.1,"",.0,"8",0,"8","01","2","2","","9","","","3","","","3","","",0,"8",.0,"8",.0,"8","","8",0,"8","","",.0,"8",.0,"8",.0,"8",.0,"8",.0,"8",.0,"8",.0,"8",.0,"8",.0,"8",0,"8",0,"8",0,"8","","",0,"8",0,"8"
"352190360","P£OCK","2006","05","19","17","5","",0,"8",0,"8","","","",8,"",0,"8",0,"8",5,"",190,"",3,"",0,"",15.5,"",.0,"8","U","",14.4,"",82,"",12.4,"",993.2,"",1006.1,"",5,-.5,"",.0,"8",0,"8","25","2","3","","9","","","3","","","0","","",0,"8",.0,"8",.0,"8","","8",0,"8","","",.0,"8",.0,"8",.0,"8",.0,"8",.0,"8",.0,"8",.0,"8",.0,"8",.0,"8",0,"8",0,"8",0,"8","","",0,"8",0,"8"
"352190360","P£OCK","2006","05","19","18","4","",0,"8",0,"8","","","",8,"",0,"8",0,"8",7,"",280,"",4,"",0,"",13.7,"",.0,"8","U","",11.3,"",72,"",8.7,"",993.8,"",1006.8,"",3,.5,"",9.2,"",6,"","25","9","7","","9","","","/","","","/","","",2,"",.0,"8",.0,"8","","8",0,"8","","",.0,"8",.0,"8",.0,"8",.0,"8",.0,"8",.0,"8",.0,"8",.0,"8",.0,"8",0,"8",0,"8",0,"8","","",0,"8",0,"8"
"352190360","P£OCK","2006","05","19","19","5","",0,"8",0,"8","","","",9,"",0,"8",0,"8",5,"",280,"",2,"",0,"",12.8,"",.0,"8","U","",11.5,"",78,"",9.1,"",993.8,"",1006.8,"",1,.9,"",.0,"8",0,"8","01","2","3","","9","","","3","","","0","","",0,"8",.0,"8",.0,"8","","8",0,"8","","",.0,"8",.0,"8",.0,"8",.0,"8",.0,"8",.0,"8",.0,"8",.0,"8",.0,"8",0,"8",0,"8",0,"8","","",0,"8",0,"8"
"352190360","P£OCK","2006","05","19","20","6","",0,"8",0,"8","","","",8,"",0,"8",0,"8",5,"",300,"",1,"",0,"",12.1,"",.0,"8","U","",11.8,"",84,"",9.5,"",994.2,"",1007.2,"",2,1.0,"",.0,"8",0,"8","01","2","3","","5","","","3","","","0","","",0,"8",.0,"8",.0,"8","","8",0,"8","","",.0,"8",.0,"8",.0,"8",.0,"8",.0,"8",.0,"8",.0,"8",.0,"8",.0,"8",0,"8",0,"8",0,"8","","",0,"8",0,"8"
"352190360","P£OCK","2006","05","19","21","6","",0,"8",0,"8","","","",8,"",0,"8",0,"8",5,"",200,"",2,"",0,"",11.6,"",.0,"8","U","",11.5,"",84,"",9.0,"",994.2,"",1007.3,"",1,.4,"",.0,"8",0,"8","02","2","3","","5","","","3","","","0","","",0,"8",.0,"8",.0,"8","","8",0,"8","","",.0,"8",.0,"8",.0,"8",.0,"8",.0,"8",.0,"8",.0,"8",.0,"8",.0,"8",0,"8",0,"8",0,"8","","",0,"8",0,"8"
"352190360","P£OCK","2006","05","19","22","5","",0,"8",0,"8","","","",8,"",0,"8",0,"8",7,"",230,"",6,"",11,"",12.6,"",.0,"8","U","",11.6,"",80,"",9.2,"",994.5,"",1007.5,"",2,.7,"",.0,"8",0,"8","80","2","5","","9","","","3","","","/","","",0,"8",.0,"8",.0,"8","","8",0,"8","","",.0,"8",.0,"8",.0,"8",.0,"8",.0,"8",.0,"8",.0,"8",.0,"8",.0,"8",0,"8",0,"8",0,"8","","",0,"8",0,"8"
"352190360","P£OCK","2006","05","19","23","5","",0,"8",0,"8","","","",8,"",0,"8",0,"8",5,"",210,"",3,"",0,"",11.7,"",.0,"8","U","",11.8,"",86,"",9.4,"",994.2,"",1007.3,"",0,.0,"",.0,"8",0,"8","25","2","4","","9","","","3","","","0","","",0,"8",.0,"8",.0,"8","","8",0,"8","","",.0,"8",.0,"8",.0,"8",.0,"8",.0,"8",.0,"8",.0,"8",.0,"8",.0,"8",0,"8",0,"8",0,"8","","",0,"8",0,"8"
"352190360","P£OCK","2006","05","20","00","7","",0,"8",0,"8","","","",8,"",0,"8",0,"8",7,"",200,"",2,"",0,"",11.3,"",.0,"8","U","",12.2,"",91,"",9.9,"",994.0,"",1007.1,"",8,-.2,"",.1,"",6,"","01","8","7","","5","","","/","","","/","","",2,"",.0,"8",.0,"8","","8",0,"8","","",.0,"8",.0,"8",.0,"8",.0,"8",.0,"8",.0,"8",.0,"8",.0,"8",.0,"8",0,"8",0,"8",0,"8","","",0,"8",0,"8"
"352190360","P£OCK","2006","05","20","01","7","",0,"8",0,"8","","","",8,"",0,"8",0,"8",7,"",220,"",3,"",0,"",10.8,"",.0,"8","U","",11.5,"",89,"",9.1,"",993.6,"",1006.7,"",7,-.9,"",.0,"8",0,"8","02","2","7","","5","","","/","","","/","","",0,"8",.0,"8",.0,"8","","8",0,"8","","",.0,"8",.0,"8",.0,"8",.0,"8",.0,"8",.0,"8",.0,"8",.0,"8",.0,"8",0,"8",0,"8",0,"8","","",0,"8",0,"8"
"352190360","P£OCK","2006","05","20","02","7","",0,"8",0,"8","","","",8,"",0,"8",0,"8",6,"",230,"",4,"",0,"",11.8,"",.0,"8","U","",11.5,"",83,"",9.0,"",993.5,"",1006.5,"",7,-.7,"",.0,"8",0,"8","01","2","4","","5","","","3","","","0","","",0,"8",.0,"8",.0,"8","","8",0,"8","","",.0,"8",.0,"8",.0,"8",.0,"8",.0,"8",.0,"8",.0,"8",.0,"8",.0,"8",0,"8",0,"8",0,"8","","",0,"8",0,"8"
"352190360","P£OCK","2006","05","20","03","7","",0,"8",0,"8","","","",8,"",0,"8",0,"8",3,"",220,"",3,"",0,"",10.7,"",.0,"8","U","",11.0,"",86,"",8.5,"",993.6,"",1006.7,"",5,-.4,"",.0,"8",0,"8","01","1","1","","5","","","3","","","0","","",0,"8",.0,"8",.0,"8","","8",0,"8","","",.0,"8",.0,"8",.0,"8",.0,"8",.0,"8",.0,"8",.0,"8",.0,"8",.0,"8",0,"8",0,"8",0,"8","","",0,"8",0,"8"
"352190360","P£OCK","2006","05","20","04","9","",0,"8",0,"8","","","",8,"",0,"8",0,"8",3,"",230,"",4,"",0,"",11.4,"",.0,"8","U","",11.3,"",84,"",8.8,"",993.6,"",1006.7,"",4,.0,"",.0,"8",0,"8","01","0","1","","0","","","3","","","1","","",0,"8",.0,"8",.0,"8","","8",0,"8","","",.0,"8",.0,"8",.0,"8",.0,"8",.0,"8",.0,"8",.0,"8",.0,"8",.0,"8",0,"8",0,"8",0,"8","","",0,"8",0,"8"
"352190360","P£OCK","2006","05","20","05","9","",0,"8",0,"8","","","",8,"",0,"8",0,"8",5,"",230,"",4,"",0,"",12.6,"",.0,"8","U","",11.4,"",78,"",8.9,"",993.5,"",1006.5,"",0,.0,"",.0,"8",0,"8","01","1","0","","0","","","0","","","6","","",0,"8",.0,"8",.0,"8","","8",0,"8","","",.0,"8",.0,"8",.0,"8",.0,"8",.0,"8",.0,"8",.0,"8",.0,"8",.0,"8",0,"8",0,"8",0,"8","","",0,"8",0,"8"
"352190360","P£OCK","2006","05","20","06","4","",0,"8",0,"8","","","",8,"",0,"8",0,"8",6,"",220,"",5,"",0,"",13.2,"",.0,"8","U","",11.5,"",76,"",9.1,"",993.7,"",1006.7,"",3,.1,"",.0,"9",0,"9","03","1","1","","1","","","0","","","6","","",2,"",.0,"8",.0,"8","","8",0,"8","","",.0,"8",.0,"8",.0,"8",.0,"8",.0,"8",.0,"8",.0,"8",.0,"8",.0,"8",0,"8",0,"8",0,"8","","",0,"8",0,"8"
"352190360","P£OCK","2006","05","20","07","5","",0,"8",0,"8","","","",8,"",0,"8",0,"8",8,"",220,"",4,"",0,"",14.6,"",.0,"8","U","",11.8,"",71,"",9.4,"",994.2,"",1007.1,"",3,.6,"",.0,"8",0,"8","03","2","1","","1","","","0","","","7","","",0,"8",.0,"8",.0,"8","","8",0,"8","","",.0,"8",.0,"8",.0,"8",.0,"8",.0,"8",.0,"8",.0,"8",.0,"8",.0,"8",0,"8",0,"8",0,"8","","",0,"8",0,"8"
"352190360","P£OCK","2006","05","20","08","5","",0,"8",0,"8","","","",8,"",0,"8",0,"8",8,"",220,"",4,"",0,"",14.9,"",.0,"8","U","",11.7,"",69,"",9.3,"",993.9,"",1006.8,"",0,.4,"",.0,"8",0,"8","03","2","4","","2","","","0","","","7","","",0,"8",.0,"8",.0,"8","","8",0,"8","","",.0,"8",.0,"8",.0,"8",.0,"8",.0,"8",.0,"8",.0,"8",.0,"8",.0,"8",0,"8",0,"8",0,"8","","",0,"8",0,"8"
"352190360","P£OCK","2006","05","20","09","5","",0,"8",0,"8","","","",8,"",0,"8",0,"8",7,"",220,"",5,"",0,"",15.9,"",.0,"8","U","",12.3,"",68,"",10.0,"",993.9,"",1006.8,"",1,.2,"",.0,"8",0,"8","01","2","3","","2","","","3","","","8","","",0,"8",.0,"8",.0,"8","","8",0,"8","","",.0,"8",.0,"8",.0,"8",.0,"8",.0,"8",.0,"8",.0,"8",.0,"8",.0,"8",0,"8",0,"8",0,"8","","",0,"8",0,"8"
"352190360","P£OCK","2006","05","20","10","5","",0,"8",0,"8","","","",8,"",0,"8",0,"8",6,"",220,"",5,"",0,"",16.4,"",.0,"8","U","",11.2,"",60,"",8.6,"",993.4,"",1006.2,"",7,-.8,"",.0,"8",0,"8","01","2","3","","2","","","3","","","8","","",0,"8",.0,"8",.0,"8","","8",0,"8","","",.0,"8",.0,"8",.0,"8",.0,"8",.0,"8",.0,"8",.0,"8",.0,"8",.0,"8",0,"8",0,"8",0,"8","","",0,"8",0,"8"
"352190360","P£OCK","2006","05","20","11","6","",0,"8",0,"8","","","",8,"",0,"8",0,"8",5,"",210,"",5,"",0,"",17.3,"",.0,"8","U","",12.4,"",63,"",10.2,"",992.9,"",1005.7,"",8,-1.0,"",.0,"8",0,"8","03","2","4","","3","","","3","","","1","","",0,"8",.0,"8",.0,"8","","8",0,"8","","",.0,"8",.0,"8",.0,"8",.0,"8",.0,"8",.0,"8",.0,"8",.0,"8",.0,"8",0,"8",0,"8",0,"8","","",0,"8",0,"8"
"352190360","P£OCK","2006","05","20","12","6","",0,"8",0,"8","","","",8,"",0,"8",0,"8",4,"",230,"",5,"",0,"",18.1,"",.0,"8","U","",10.6,"",51,"",7.8,"",992.2,"",1004.9,"",8,-1.7,"",.0,"9",0,"9","01","1","3","","2","","","3","","","1","","",1,"",.0,"8",.0,"8","","8",0,"8","","",.0,"8",.0,"8",.0,"8",.0,"8",.0,"8",.0,"8",.0,"8",.0,"8",.0,"8",0,"8",0,"8",0,"8","","",0,"8",0,"8"
"352190360","P£OCK","2006","05","20","13","6","",0,"8",0,"8","","","",8,"",0,"8",0,"8",5,"",220,"",4,"",0,"",18.2,"",.0,"8","U","",11.3,"",54,"",8.7,"",991.3,"",1004.0,"",8,-2.1,"",.0,"8",0,"8","03","1","4","","3","","","3","","","1","","",0,"8",.0,"8",.0,"8","","8",0,"8","","",.0,"8",.0,"8",.0,"8",.0,"8",.0,"8",.0,"8",.0,"8",.0,"8",.0,"8",0,"8",0,"8",0,"8","","",0,"8",0,"8"
"352190360","P£OCK","2006","05","20","14","6","",0,"8",0,"8","","","",8,"",0,"8",0,"8",4,"",190,"",4,"",0,"",18.6,"",.0,"8","U","",11.5,"",54,"",9.1,"",990.3,"",1003.0,"",8,-2.6,"",.0,"8",0,"8","03","1","3","","9","","","3","","","1","","",0,"8",.0,"8",.0,"8","","8",0,"8","","",.0,"8",.0,"8",.0,"8",.0,"8",.0,"8",.0,"8",.0,"8",.0,"8",.0,"8",0,"8",0,"8",0,"8","","",0,"8",0,"8"
"352190360","P£OCK","2006","05","20","15","6","",0,"8",0,"8","","","",8,"",0,"8",0,"8",5,"",150,"",3,"",0,"",17.4,"",.0,"8","U","",11.1,"",56,"",8.5,"",989.7,"",1002.4,"",7,-2.5,"",.0,"8",0,"8","03","1","4","","9","","","3","","","1","","",0,"8",.0,"8",.0,"8","","8",0,"8","","",.0,"8",.0,"8",.0,"8",.0,"8",.0,"8",.0,"8",.0,"8",.0,"8",.0,"8",0,"8",0,"8",0,"8","","",0,"8",0,"8"
"352190360","P£OCK","2006","05","20","16","7","",0,"8",0,"8","","","",8,"",0,"8",0,"8",3,"",200,"",4,"",0,"",17.9,"",.0,"8","U","",9.2,"",45,"",5.8,"",988.9,"",1001.6,"",7,-2.4,"",.0,"8",0,"8","01","1","1","","2","","","3","","","2","","",0,"8",.0,"8",.0,"8","","8",0,"8","","",.0,"8",.0,"8",.0,"8",.0,"8",.0,"8",.0,"8",.0,"8",.0,"8",.0,"8",0,"8",0,"8",0,"8","","",0,"8",0,"8"
"352190360","P£OCK","2006","05","20","17","6","",0,"8",0,"8","","","",8,"",0,"8",0,"8",5,"",160,"",3,"",0,"",17.6,"",.0,"8","U","",10.6,"",53,"",7.9,"",988.5,"",1001.2,"",7,-1.8,"",.0,"8",0,"8","03","1","1","","3","","","3","","","6","","",0,"8",.0,"8",.0,"8","","8",0,"8","","",.0,"8",.0,"8",.0,"8",.0,"8",.0,"8",.0,"8",.0,"8",.0,"8",.0,"8",0,"8",0,"8",0,"8","","",0,"8",0,"8"
"352190360","P£OCK","2006","05","20","18","6","",0,"8",0,"8","","","",8,"",0,"8",0,"8",6,"",140,"",2,"",0,"",16.0,"",.0,"8","U","",11.2,"",62,"",8.7,"",987.9,"",1000.7,"",7,-1.8,"",.0,"9",0,"9","03","1","1","","9","","","3","","","6","","",1,"",.0,"8",.0,"8","","8",0,"8","","",.0,"8",.0,"8",.0,"8",.0,"8",.0,"8",.0,"8",.0,"8",.0,"8",.0,"8",0,"8",0,"8",0,"8","","",0,"8",0,"8"
"352190360","P£OCK","2006","05","20","19","9","",0,"8",0,"8","","","",8,"",0,"8",0,"8",8,"",140,"",3,"",0,"",15.1,"",.0,"8","U","",11.1,"",65,"",8.6,"",987.4,"",1000.2,"",7,-1.5,"",.0,"8",0,"8","01","2","3","","0","","","3","","","7","","",0,"8",.0,"8",.0,"8","","8",0,"8","","",.0,"8",.0,"8",.0,"8",.0,"8",.0,"8",.0,"8",.0,"8",.0,"8",.0,"8",0,"8",0,"8",0,"8","","",0,"8",0,"8"
"352190360","P£OCK","2006","05","20","20","7","",0,"8",0,"8","","","",8,"",0,"8",0,"8",8,"",140,"",3,"",0,"",14.7,"",.0,"8","U","",11.7,"",70,"",9.3,"",987.0,"",999.8,"",6,-1.5,"",.0,"8",0,"8","61","2","1","","5","","","7","","","/","","",0,"8",.0,"8",.0,"8","","8",0,"8","","",.0,"8",.0,"8",.0,"8",.0,"8",.0,"8",.0,"8",.0,"8",.0,"8",.0,"8",0,"8",0,"8",0,"8","","",0,"8",0,"8"
"352190360","P£OCK","2006","05","20","21","6","",0,"8",0,"8","","","",7,"",0,"8",0,"8",8,"",170,"",3,"",0,"",13.8,"",.0,"8","U","",12.6,"",80,"",10.4,"",986.9,"",999.8,"",6,-1.0,"",.0,"8",0,"8","61","2","4","","5","","","2","","","/","","",0,"8",.0,"8",.0,"8","","8",0,"8","","",.0,"8",.0,"8",.0,"8",.0,"8",.0,"8",.0,"8",.0,"8",.0,"8",.0,"8",0,"8",0,"8",0,"8","","",0,"8",0,"8"
"352190360","P£OCK","2006","05","20","22","6","",0,"8",0,"8","","","",7,"",0,"8",0,"8",7,"",170,"",2,"",0,"",12.9,"",.0,"8","U","",13.1,"",88,"",11.0,"",986.0,"",998.9,"",7,-1.4,"",.0,"8",0,"8","21","6","7","","5","","","/","","","/","","",0,"8",.0,"8",.0,"8","","8",0,"8","","",.0,"8",.0,"8",.0,"8",.0,"8",.0,"8",.0,"8",.0,"8",.0,"8",.0,"8",0,"8",0,"8",0,"8","","",0,"8",0,"8"
"352190360","P£OCK","2006","05","20","23","5","",0,"8",0,"8","","","",8,"",0,"8",0,"8",6,"",180,"",3,"",0,"",13.0,"",.0,"8","U","",13.5,"",90,"",11.4,"",985.4,"",998.3,"",7,-1.6,"",.0,"8",0,"8","25","2","6","","9","","","0","","","0","","",0,"8",.0,"8",.0,"8","","8",0,"8","","",.0,"8",.0,"8",.0,"8",.0,"8",.0,"8",.0,"8",.0,"8",.0,"8",.0,"8",0,"8",0,"8",0,"8","","",0,"8",0,"8"
"352190360","P£OCK","2006","05","21","00","5","",0,"8",0,"8","","","",8,"",0,"8",0,"8",5,"",190,"",5,"",0,"",13.3,"",.0,"8","U","",12.8,"",84,"",10.7,"",984.6,"",997.5,"",7,-2.3,"",2.5,"",6,"","01","8","2","","9","","","3","","","1","","",2,"",.0,"8",.0,"8","","8",0,"8","","",.0,"8",.0,"8",.0,"8",.0,"8",.0,"8",.0,"8",.0,"8",.0,"8",.0,"8",0,"8",0,"8",0,"8","","",0,"8",0,"8"
"352190360","P£OCK","2006","05","21","01","5","",0,"8",0,"8","","","",9,"",0,"8",0,"8",5,"",230,"",7,"",12,"",11.9,"",.0,"8","U","",10.4,"",75,"",7.6,"",985.2,"",998.1,"",5,-.8,"",.0,"8",0,"8","01","2","1","","5","","","3","","","4","","",0,"8",.0,"8",.0,"8","","8",0,"8","","",.0,"8",.0,"8",.0,"8",.0,"8",.0,"8",.0,"8",.0,"8",.0,"8",.0,"8",0,"8",0,"8",0,"8","","",0,"8",0,"8"
"352190360","P£OCK","2006","05","21","02","5","",0,"8",0,"8","","","",9,"",0,"8",0,"8",7,"",230,"",6,"",0,"",10.8,"",.0,"8","U","",10.1,"",78,"",7.1,"",985.6,"",998.6,"",3,.2,"",.0,"8",0,"8","03","2","7","","5","","","/","","","/","","",0,"8",.0,"8",.0,"8","","8",0,"8","","",.0,"8",.0,"8",.0,"8",.0,"8",.0,"8",.0,"8",.0,"8",.0,"8",.0,"8",0,"8",0,"8",0,"8","","",0,"8",0,"8"
"352190360","P£OCK","2006","05","21","03","5","",0,"8",0,"8","","","",9,"",0,"8",0,"8",7,"",220,"",5,"",0,"",10.1,"",.0,"8","U","",9.9,"",80,"",6.8,"",985.8,"",998.8,"",1,1.2,"",.0,"8",0,"8","02","2","7","","5","","","/","","","/","","",0,"8",.0,"8",.0,"8","","8",0,"8","","",.0,"8",.0,"8",.0,"8",.0,"8",.0,"8",.0,"8",.0,"8",.0,"8",.0,"8",0,"8",0,"8",0,"8","","",0,"8",0,"8"
"352190360","P£OCK","2006","05","21","04","5","",0,"8",0,"8","","","",9,"",0,"8",0,"8",7,"",220,"",5,"",0,"",10.1,"",.0,"8","U","",9.5,"",77,"",6.2,"",986.2,"",999.2,"",2,1.0,"",.0,"8",0,"8","03","2","7","","9","","","/","","","/","","",0,"8",.0,"8",.0,"8","","8",0,"8","","",.0,"8",.0,"8",.0,"8",.0,"8",.0,"8",.0,"8",.0,"8",.0,"8",.0,"8",0,"8",0,"8",0,"8","","",0,"8",0,"8"
"352190360","P£OCK","2006","05","21","05","5","",0,"8",0,"8","","","",8,"",0,"8",0,"8",7,"",220,"",6,"",0,"",10.7,"",.0,"8","U","",9.8,"",76,"",6.6,"",986.4,"",999.4,"",2,.8,"",.0,"8",0,"8","25","2","7","","9","","","/","","","/","","",0,"8",.0,"8",.0,"8","","8",0,"8","","",.0,"8",.0,"8",.0,"8",.0,"8",.0,"8",.0,"8",.0,"8",.0,"8",.0,"8",0,"8",0,"8",0,"8","","",0,"8",0,"8"
"352190360","P£OCK","2006","05","21","06","5","",0,"8",0,"8","","","",8,"",0,"8",0,"8",6,"",220,"",7,"",12,"",11.7,"",.0,"8","U","",9.9,"",72,"",6.8,"",986.9,"",999.9,"",2,1.1,"",.0,"",6,"","01","8","6","","9","","","0","","","0","","",2,"",.0,"8",.0,"8","","8",0,"8","","",.0,"8",.0,"8",.0,"8",.0,"8",.0,"8",.0,"8",.0,"8",.0,"8",.0,"8",0,"8",0,"8",0,"8","","",0,"8",0,"8"
"352190360","P£OCK","2006","05","21","07","5","",0,"8",0,"8","","","",8,"",0,"8",0,"8",7,"",230,"",8,"",0,"",12.5,"",.0,"8","U","",9.8,"",68,"",6.7,"",987.4,"",1000.3,"",3,1.2,"",.0,"8",0,"8","01","2","7","","5","","","/","","","/","","",0,"8",.0,"8",.0,"8","","8",0,"8","","",.0,"8",.0,"8",.0,"8",.0,"8",.0,"8",.0,"8",.0,"8",.0,"8",.0,"8",0,"8",0,"8",0,"8","","",0,"8",0,"8"
"352190360","P£OCK","2006","05","21","08","5","",0,"8",0,"8","","","",8,"",0,"8",0,"8",7,"",230,"",8,"",14,"",13.2,"",.0,"8","U","",9.8,"",65,"",6.8,"",987.7,"",1000.6,"",1,1.3,"",.0,"8",0,"8","03","2","6","","8","","","3","","","/","","",0,"8",.0,"8",.0,"8","","8",0,"8","","",.0,"8",.0,"8",.0,"8",.0,"8",.0,"8",.0,"8",.0,"8",.0,"8",.0,"8",0,"8",0,"8",0,"8","","",0,"8",0,"8"
"352190360","P£OCK","2006","05","21","09","5","",0,"8",0,"8","","","",7,"",0,"8",0,"8",8,"",220,"",8,"",0,"",11.5,"",.0,"8","U","",10.8,"",80,"",8.2,"",988.6,"",1001.6,"",2,1.7,"",.0,"8",0,"8","80","2","8","","9","","","/","","","/","","",0,"8",.0,"8",.0,"8","","8",0,"8","","",.0,"8",.0,"8",.0,"8",.0,"8",.0,"8",.0,"8",.0,"8",.0,"8",.0,"8",0,"8",0,"8",0,"8","","",0,"8",0,"8"
"352190360","P£OCK","2006","05","21","10","5","",0,"8",0,"8","","","",8,"",0,"8",0,"8",7,"",240,"",7,"",12,"",12.5,"",.0,"8","U","",10.7,"",74,"",8.0,"",989.1,"",1002.0,"",2,1.7,"",.0,"8",0,"8","25","2","7","","9","","","/","","","/","","",0,"8",.0,"8",.0,"8","","8",0,"8","","",.0,"8",.0,"8",.0,"8",.0,"8",.0,"8",.0,"8",.0,"8",.0,"8",.0,"8",0,"8",0,"8",0,"8","","",0,"8",0,"8"
"352190360","P£OCK","2006","05","21","11","5","",0,"8",0,"8","","","",8,"",0,"8",0,"8",7,"",230,"",5,"",0,"",12.7,"",.0,"8","U","",12.5,"",85,"",10.2,"",989.9,"",1002.9,"",2,2.2,"",.0,"8",0,"8","25","2","7","","9","","","/","","","/","","",0,"8",.0,"8",.0,"8","","8",0,"8","","",.0,"8",.0,"8",.0,"8",.0,"8",.0,"8",.0,"8",.0,"8",.0,"8",.0,"8",0,"8",0,"8",0,"8","","",0,"8",0,"8"
"352190360","P£OCK","2006","05","21","12","5","",0,"8",0,"8","","","",7,"",0,"8",0,"8",8,"",240,"",6,"",0,"",13.4,"",.0,"8","U","",12.1,"",79,"",9.8,"",990.5,"",1003.4,"",2,1.9,"",.2,"",6,"","80","2","8","","9","","","/","","","/","","",2,"",.0,"8",.0,"8","","8",0,"8","","",.0,"8",.0,"8",.0,"8",.0,"8",.0,"8",.0,"8",.0,"8",.0,"8",.0,"8",0,"8",0,"8",0,"8","","",0,"8",0,"8"
"352190360","P£OCK","2006","05","21","13","6","",0,"8",0,"8","","","",8,"",0,"8",0,"8",7,"",240,"",6,"",0,"",14.6,"",.0,"8","U","",11.1,"",67,"",8.5,"",990.8,"",1003.7,"",1,1.7,"",.0,"8",0,"8","01","2","5","","9","","","3","","","/","","",0,"8",.0,"8",.0,"8","","8",0,"8","","",.0,"8",.0,"8",.0,"8",.0,"8",.0,"8",.0,"8",.0,"8",.0,"8",.0,"8",0,"8",0,"8",0,"8","","",0,"8",0,"8"
"352190360","P£OCK","2006","05","21","14","5","",0,"8",0,"8","","","",8,"",0,"8",0,"8",7,"",240,"",5,"",0,"",13.7,"",.0,"8","U","",12.2,"",78,"",9.9,"",991.4,"",1004.3,"",2,1.5,"",.0,"8",0,"8","80","8","5","","9","","","3","","","/","","",0,"8",.0,"8",.0,"8","","8",0,"8","","",.0,"8",.0,"8",.0,"8",.0,"8",.0,"8",.0,"8",.0,"8",.0,"8",.0,"8",0,"8",0,"8",0,"8","","",0,"8",0,"8"
"352190360","P£OCK","2006","05","21","15","5","",0,"8",0,"8","","","",8,"",0,"8",0,"8",6,"",240,"",6,"",0,"",14.7,"",.0,"8","U","",12.4,"",74,"",10.1,"",991.9,"",1004.8,"",2,1.4,"",.0,"8",0,"8","25","2","4","","9","","","3","","","1","","",0,"8",.0,"8",.0,"8","","8",0,"8","","",.0,"8",.0,"8",.0,"8",.0,"8",.0,"8",.0,"8",.0,"8",.0,"8",.0,"8",0,"8",0,"8",0,"8","","",0,"8",0,"8"
"352190360","P£OCK","2006","05","21","16","5","",0,"8",0,"8","","","",8,"",0,"8",0,"8",7,"",230,"",4,"",0,"",14.4,"",.0,"8","U","",12.3,"",75,"",10.0,"",992.4,"",1005.3,"",2,1.6,"",.0,"8",0,"8","03","2","6","","9","","","3","","","/","","",0,"8",.0,"8",.0,"8","","8",0,"8","","",.0,"8",.0,"8",.0,"8",.0,"8",.0,"8",.0,"8",.0,"8",.0,"8",.0,"8",0,"8",0,"8",0,"8","","",0,"8",0,"8"
"352190360","P£OCK","2006","05","21","17","5","",0,"8",0,"8","","","",8,"",0,"8",0,"8",7,"",230,"",4,"",0,"",14.4,"",.0,"8","U","",11.8,"",72,"",9.4,"",992.7,"",1005.6,"",1,1.3,"",.0,"8",0,"8","80","2","6","","9","","","3","","","/","","",0,"8",.0,"8",.0,"8","","8",0,"8","","",.0,"8",.0,"8",.0,"8",.0,"8",.0,"8",.0,"8",.0,"8",.0,"8",.0,"8",0,"8",0,"8",0,"8","","",0,"8",0,"8"
"352190360","P£OCK","2006","05","21","18","5","",0,"8",0,"8","","","",8,"",0,"8",0,"8",6,"",230,"",4,"",0,"",14.4,"",.0,"8","U","",11.6,"",71,"",9.2,"",993.4,"",1006.3,"",2,1.5,"",.6,"",6,"","25","2","4","","9","","","3","","","0","","",2,"",.0,"8",.0,"8","","8",0,"8","","",.0,"8",.0,"8",.0,"8",.0,"8",.0,"8",.0,"8",.0,"8",.0,"8",.0,"8",0,"8",0,"8",0,"8","","",0,"8",0,"8"
"352190360","P£OCK","2006","05","21","19","6","",0,"8",0,"8","","","",8,"",0,"8",0,"8",5,"",240,"",4,"",0,"",14.3,"",.0,"8","U","",10.9,"",67,"",8.3,"",994.2,"",1007.1,"",3,1.8,"",.0,"8",0,"8","01","2","2","","5","","","3","","","0","","",0,"8",.0,"8",.0,"8","","8",0,"8","","",.0,"8",.0,"8",.0,"8",.0,"8",.0,"8",.0,"8",.0,"8",.0,"8",.0,"8",0,"8",0,"8",0,"8","","",0,"8",0,"8"
"352190360","P£OCK","2006","05","21","20","9","",0,"8",0,"8","","","",8,"",0,"8",0,"8",3,"",210,"",2,"",0,"",11.7,"",.0,"8","U","",10.6,"",77,"",7.8,"",994.7,"",1007.8,"",2,2.0,"",.0,"8",0,"8","01","1","3","","0","","","3","","","0","","",0,"8",.0,"8",.0,"8","","8",0,"8","","",.0,"8",.0,"8",.0,"8",.0,"8",.0,"8",.0,"8",.0,"8",.0,"8",.0,"8",0,"8",0,"8",0,"8","","",0,"8",0,"8"
"352190360","P£OCK","2006","05","21","21","9","",0,"8",0,"8","","","",8,"",0,"8",0,"8",5,"",220,"",3,"",0,"",12.1,"",.0,"8","U","",11.6,"",82,"",9.1,"",995.0,"",1008.0,"",1,1.6,"",.0,"8",0,"8","03","1","5","","0","","","5","","","0","","",0,"8",.0,"8",.0,"8","","8",0,"8","","",.0,"8",.0,"8",.0,"8",.0,"8",.0,"8",.0,"8",.0,"8",.0,"8",.0,"8",0,"8",0,"8",0,"8","","",0,"8",0,"8"
"352190360","P£OCK","2006","05","21","22","9","",0,"8",0,"8","","","",8,"",0,"8",0,"8",7,"",230,"",4,"",0,"",12.7,"",.0,"8","U","",11.4,"",78,"",9.0,"",995.5,"",1008.5,"",2,1.3,"",.0,"8",0,"8","03","2","7","","0","","","5","","","/","","",0,"8",.0,"8",.0,"8","","8",0,"8","","",.0,"8",.0,"8",.0,"8",.0,"8",.0,"8",.0,"8",.0,"8",.0,"8",.0,"8",0,"8",0,"8",0,"8","","",0,"8",0,"8"
"352190360","P£OCK","2006","05","21","23","9","",0,"8",0,"8","","","",8,"",0,"8",0,"8",5,"",220,"",3,"",0,"",12.1,"",.0,"8","U","",11.3,"",80,"",8.8,"",995.9,"",1009.0,"",2,1.2,"",.0,"8",0,"8","01","2","5","","0","","","3","","","0","","",0,"8",.0,"8",.0,"8","","8",0,"8","","",.0,"8",.0,"8",.0,"8",.0,"8",.0,"8",.0,"8",.0,"8",.0,"8",.0,"8",0,"8",0,"8",0,"8","","",0,"8",0,"8"
"352190360","P£OCK","2006","05","22","00","9","",0,"8",0,"8","","","",8,"",0,"8",0,"8",1,"",210,"",2,"",0,"",10.8,"",.0,"8","U","",10.7,"",83,"",8.0,"",996.1,"",1009.2,"",1,1.1,"",.0,"9",0,"9","01","1","1","","0","","","3","","","0","","",2,"",.0,"8",.0,"8","","8",0,"8","","",.0,"8",.0,"8",.0,"8",.0,"8",.0,"8",.0,"8",.0,"8",.0,"8",.0,"8",0,"8",0,"8",0,"8","","",0,"8",0,"8"
"352190360","P£OCK","2006","05","22","01","9","",0,"8",0,"8","","","",8,"",0,"8",0,"8",1,"",220,"",2,"",0,"",10.5,"",.0,"8","U","",10.9,"",86,"",8.3,"",996.4,"",1009.5,"",2,.9,"",.0,"8",0,"8","02","0","1","","0","","","3","","","0","","",0,"8",.0,"8",.0,"8","","8",0,"8","","",.0,"8",.0,"8",.0,"8",.0,"8",.0,"8",.0,"8",.0,"8",.0,"8",.0,"8",0,"8",0,"8",0,"8","","",0,"8",0,"8"
"352190360","P£OCK","2006","05","22","02","9","",0,"8",0,"8","","","",8,"",0,"8",0,"8",0,"",210,"",2,"",0,"",9.8,"",.0,"8","U","",10.6,"",88,"",7.9,"",996.7,"",1009.9,"",2,.8,"",.0,"8",0,"8","01","0","0","","0","","","0","","","0","","",0,"8",.0,"8",.0,"8","","8",0,"8","","",.0,"8",.0,"8",.0,"8",.0,"8",.0,"8",.0,"8",.0,"8",.0,"8",.0,"8",0,"8",0,"8",0,"8","","",0,"8",0,"8"
"352190360","P£OCK","2006","05","22","03","9","",0,"8",0,"8","","","",8,"",0,"8",0,"8",1,"",120,"",1,"",0,"",9.4,"",.0,"8","U","",10.4,"",88,"",7.5,"",996.9,"",1010.1,"",2,.8,"",.0,"8",0,"8","03","0","1","","0","","","3","","","0","","",0,"8",.0,"8",.0,"8","","8",0,"8","","",.0,"8",.0,"8",.0,"8",.0,"8",.0,"8",.0,"8",.0,"8",.0,"8",.0,"8",0,"8",0,"8",0,"8","","",0,"8",0,"8"
"352190360","P£OCK","2006","05","22","04","9","",0,"8",0,"8","","","",7,"",0,"8",0,"8",1,"",130,"",1,"",0,"",10.6,"",.0,"8","U","",11.2,"",88,"",8.7,"",997.6,"",1010.7,"",3,1.2,"",.0,"8",0,"8","02","0","1","","0","","","3","","","0","","",0,"8",.0,"8",.0,"8","","8",0,"8","","",.0,"8",.0,"8",.0,"8",.0,"8",.0,"8",.0,"8",.0,"8",.0,"8",.0,"8",0,"8",0,"8",0,"8","","",0,"8",0,"8"
"352190360","P£OCK","2006","05","22","05","9","",0,"8",0,"8","","","",8,"",0,"8",0,"8",2,"",190,"",1,"",0,"",12.7,"",.0,"8","U","",11.3,"",77,"",8.8,"",998.0,"",1011.1,"",2,1.3,"",.0,"8",0,"8","03","0","1","","0","","","3","","","1","","",0,"8",.0,"8",.0,"8","","8",0,"8","","",.0,"8",.0,"8",.0,"8",.0,"8",.0,"8",.0,"8",.0,"8",.0,"8",.0,"8",0,"8",0,"8",0,"8","","",0,"8",0,"8"
"352190360","P£OCK","2006","05","22","06","9","",0,"8",0,"8","","","",8,"",0,"8",0,"8",2,"",130,"",2,"",0,"",14.5,"",.0,"8","U","",11.7,"",71,"",9.3,"",998.0,"",1011.0,"",1,1.1,"",.0,"9",0,"9","01","0","0","","0","","","0","","","2","","",1,"",.0,"8",.0,"8","","8",0,"8","","",.0,"8",.0,"8",.0,"8",.0,"8",.0,"8",.0,"8",.0,"8",.0,"8",.0,"8",0,"8",0,"8",0,"8","","",0,"8",0,"8"
"352190360","P£OCK","2006","05","22","07","9","",0,"8",0,"8","","","",8,"",0,"8",0,"8",1,"",150,"",3,"",0,"",16.3,"",.0,"8","U","",12.6,"",68,"",10.4,"",998.2,"",1011.1,"",2,.6,"",.0,"8",0,"8","01","0","0","","0","","","0","","","2","","",0,"8",.0,"8",.0,"8","","8",0,"8","","",.0,"8",.0,"8",.0,"8",.0,"8",.0,"8",.0,"8",.0,"8",.0,"8",.0,"8",0,"8",0,"8",0,"8","","",0,"8",0,"8"
"352190360","P£OCK","2006","05","22","08","9","",0,"8",0,"8","","","",8,"",0,"8",0,"8",1,"",150,"",4,"",0,"",17.0,"",.0,"8","U","",12.6,"",65,"",10.4,"",998.0,"",1010.9,"",0,.0,"",.0,"8",0,"8","02","0","0","","0","","","0","","","1","","",0,"8",.0,"8",.0,"8","","8",0,"8","","",.0,"8",.0,"8",.0,"8",.0,"8",.0,"8",.0,"8",.0,"8",.0,"8",.0,"8",0,"8",0,"8",0,"8","","",0,"8",0,"8"
"352190360","P£OCK","2006","05","22","09","6","",0,"8",0,"8","","","",8,"",0,"8",0,"8",2,"",150,"",4,"",0,"",18.5,"",.0,"8","U","",12.3,"",58,"",10.1,"",997.6,"",1010.4,"",8,-.4,"",.0,"8",0,"8","03","0","1","","1","","","0","","","1","","",0,"8",.0,"8",.0,"8","","8",0,"8","","",.0,"8",.0,"8",.0,"8",.0,"8",.0,"8",.0,"8",.0,"8",.0,"8",.0,"8",0,"8",0,"8",0,"8","","",0,"8",0,"8"
"352190360","P£OCK","2006","05","22","10","6","",0,"8",0,"8","","","",8,"",0,"8",0,"8",3,"",160,"",4,"",0,"",19.9,"",.0,"8","U","",12.1,"",52,"",9.7,"",997.3,"",1010.0,"",7,-.9,"",.0,"8",0,"8","03","0","2","","2","","","0","","","1","","",0,"8",.0,"8",.0,"8","","8",0,"8","","",.0,"8",.0,"8",.0,"8",.0,"8",.0,"8",.0,"8",.0,"8",.0,"8",.0,"8",0,"8",0,"8",0,"8","","",0,"8",0,"8"
"352190360","P£OCK","2006","05","22","11","7","",0,"8",0,"8","","","",8,"",0,"8",0,"8",3,"",170,"",5,"",0,"",20.4,"",.0,"8","U","",11.2,"",47,"",8.7,"",996.6,"",1009.3,"",7,-1.4,"",.0,"8",0,"8","02","0","2","","2","","","0","","","1","","",0,"8",.0,"8",.0,"8","","8",0,"8","","",.0,"8",.0,"8",.0,"8",.0,"8",.0,"8",.0,"8",.0,"8",.0,"8",.0,"8",0,"8",0,"8",0,"8","","",0,"8",0,"8"
"352190360","P£OCK","2006","05","22","12","7","",0,"8",0,"8","","","",8,"",0,"8",0,"8",4,"",180,"",5,"",10,"",21.3,"",.0,"8","U","",11.6,"",46,"",9.2,"",996.4,"",1009.1,"",7,-1.2,"",.0,"9",0,"9","03","0","3","","2","","","0","","","1","","",1,"",.0,"8",.0,"8","","8",0,"8","","",.0,"8",.0,"8",.0,"8",.0,"8",.0,"8",.0,"8",.0,"8",.0,"8",.0,"8",0,"8",0,"8",0,"8","","",0,"8",0,"8"
"352190360","P£OCK","2006","05","22","13","7","",0,"8",0,"8","","","",8,"",0,"8",0,"8",3,"",180,"",4,"",0,"",21.8,"",.0,"8","U","",11.5,"",44,"",9.0,"",995.8,"",1008.4,"",7,-1.5,"",.0,"8",0,"8","01","0","2","","1","","","0","","","1","","",0,"8",.0,"8",.0,"8","","8",0,"8","","",.0,"8",.0,"8",.0,"8",.0,"8",.0,"8",.0,"8",.0,"8",.0,"8",.0,"8",0,"8",0,"8",0,"8","","",0,"8",0,"8"
"352190360","P£OCK","2006","05","22","14","7","",0,"8",0,"8","","","",8,"",0,"8",0,"8",3,"",190,"",5,"",0,"",21.9,"",.0,"8","U","",11.8,"",45,"",9.4,"",995.6,"",1008.2,"",7,-1.0,"",.0,"8",0,"8","03","0","2","","1","","","0","","","1","","",0,"8",.0,"8",.0,"8","","8",0,"8","","",.0,"8",.0,"8",.0,"8",.0,"8",.0,"8",.0,"8",.0,"8",.0,"8",.0,"8",0,"8",0,"8",0,"8","","",0,"8",0,"8"
"352190360","P£OCK","2006","05","22","15","7","",0,"8",0,"8","","","",8,"",0,"8",0,"8",5,"",160,"",4,"",0,"",21.9,"",.0,"8","U","",12.1,"",46,"",9.8,"",994.8,"",1007.4,"",7,-1.6,"",.0,"8",0,"8","01","1","1","","1","","","0","","","6","","",0,"8",.0,"8",.0,"8","","8",0,"8","","",.0,"8",.0,"8",.0,"8",.0,"8",.0,"8",.0,"8",.0,"8",.0,"8",.0,"8",0,"8",0,"8",0,"8","","",0,"8",0,"8"
"352190360","P£OCK","2006","05","22","16","7","",0,"8",0,"8","","","",8,"",0,"8",0,"8",6,"",170,"",3,"",0,"",22.2,"",.0,"8","U","",12.3,"",46,"",10.0,"",994.7,"",1007.3,"",7,-1.1,"",.0,"8",0,"8","03","2","1","","1","","","0","","","6","","",0,"8",.0,"8",.0,"8","","8",0,"8","","",.0,"8",.0,"8",.0,"8",.0,"8",.0,"8",.0,"8",.0,"8",.0,"8",.0,"8",0,"8",0,"8",0,"8","","",0,"8",0,"8"
"352190360","P£OCK","2006","05","22","17","9","",0,"8",0,"8","","","",8,"",0,"8",0,"8",7,"",150,"",3,"",0,"",22.0,"",.0,"8","U","",12.7,"",48,"",10.5,"",994.2,"",1006.8,"",7,-1.4,"",.0,"8",0,"8","01","2","0","","0","","","0","","","6","","",0,"8",.0,"8",.0,"8","","8",0,"8","","",.0,"8",.0,"8",.0,"8",.0,"8",.0,"8",.0,"8",.0,"8",.0,"8",.0,"8",0,"8",0,"8",0,"8","","",0,"8",0,"8"
"352190360","P£OCK","2006","05","22","18","9","",0,"8",0,"8","","","",8,"",0,"8",0,"8",7,"",130,"",3,"",0,"",20.4,"",.0,"8","U","",13.2,"",55,"",11.1,"",993.9,"",1006.6,"",7,-.9,"",.0,"9",0,"9","02","1","0","","0","","","0","","","8","","",1,"",.0,"8",.0,"8","","8",0,"8","","",.0,"8",.0,"8",.0,"8",.0,"8",.0,"8",.0,"8",.0,"8",.0,"8",.0,"8",0,"8",0,"8",0,"8","","",0,"8",0,"8"
"352190360","P£OCK","2006","05","22","19","9","",0,"8",0,"8","","","",8,"",0,"8",0,"8",7,"",100,"",2,"",0,"",17.8,"",.0,"8","U","",13.4,"",66,"",11.4,"",994.0,"",1006.8,"",5,-.7,"",.0,"8",0,"8","02","2","0","","0","","","0","","","8","","",0,"8",.0,"8",.0,"8","","8",0,"8","","",.0,"8",.0,"8",.0,"8",.0,"8",.0,"8",.0,"8",.0,"8",.0,"8",.0,"8",0,"8",0,"8",0,"8","","",0,"8",0,"8"
"352190360","P£OCK","2006","05","22","20","9","",0,"8",0,"8","","","",8,"",0,"8",0,"8",7,"",130,"",2,"",0,"",17.1,"",.0,"8","U","",12.8,"",66,"",10.7,"",994.0,"",1006.8,"",6,-.2,"",.0,"8",0,"8","03","2","1","","0","","","3","","","8","","",0,"8",.0,"8",.0,"8","","8",0,"8","","",.0,"8",.0,"8",.0,"8",.0,"8",.0,"8",.0,"8",.0,"8",.0,"8",.0,"8",0,"8",0,"8",0,"8","","",0,"8",0,"8"
"352190360","P£OCK","2006","05","22","21","9","",0,"8",0,"8","","","",8,"",0,"8",0,"8",7,"",120,"",3,"",0,"",16.4,"",.0,"8","U","",12.7,"",68,"",10.5,"",993.8,"",1006.6,"",8,-.1,"",.0,"8",0,"8","02","2","1","","0","","","3","","","8","","",0,"8",.0,"8",.0,"8","","8",0,"8","","",.0,"8",.0,"8",.0,"8",.0,"8",.0,"8",.0,"8",.0,"8",.0,"8",.0,"8",0,"8",0,"8",0,"8","","",0,"8",0,"8"
"352190360","P£OCK","2006","05","22","22","9","",0,"8",0,"8","","","",8,"",0,"8",0,"8",5,"",140,"",2,"",0,"",16.3,"",.0,"8","U","",12.9,"",70,"",10.8,"",993.9,"",1006.7,"",5,-.1,"",.0,"8",0,"8","01","2","1","","0","","","3","","","8","","",0,"8",.0,"8",.0,"8","","8",0,"8","","",.0,"8",.0,"8",.0,"8",.0,"8",.0,"8",.0,"8",.0,"8",.0,"8",.0,"8",0,"8",0,"8",0,"8","","",0,"8",0,"8"
"352190360","P£OCK","2006","05","22","23","9","",0,"8",0,"8","","","",8,"",0,"8",0,"8",5,"",130,"",2,"",0,"",15.4,"",.0,"8","U","",12.9,"",74,"",10.8,"",993.8,"",1006.7,"",7,-.2,"",.0,"8",0,"8","01","2","0","","0","","","0","","","8","","",0,"8",.0,"8",.0,"8","","8",0,"8","","",.0,"8",.0,"8",.0,"8",.0,"8",.0,"8",.0,"8",.0,"8",.0,"8",.0,"8",0,"8",0,"8",0,"8","","",0,"8",0,"8"
"352190360","P£OCK","2006","05","23","00","9","",0,"8",0,"8","","","",8,"",0,"8",0,"8",5,"",100,"",1,"",0,"",14.2,"",.0,"8","U","",12.9,"",80,"",10.8,"",993.5,"",1006.4,"",8,-.3,"",.0,"9",0,"9","02","2","0","","0","","","0","","","8","","",1,"",.0,"8",.0,"8","","8",0,"8","","",.0,"8",.0,"8",.0,"8",.0,"8",.0,"8",.0,"8",.0,"8",.0,"8",.0,"8",0,"8",0,"8",0,"8","","",0,"8",0,"8"
"352190360","P£OCK","2006","05","23","01","9","",0,"8",0,"8","","","",8,"",0,"8",0,"8",5,"",150,"",2,"",0,"",14.4,"",.0,"8","U","",13.1,"",80,"",11.0,"",993.4,"",1006.3,"",7,-.5,"",.0,"8",0,"8","02","2","0","","0","","","0","","","8","","",0,"8",.0,"8",.0,"8","","8",0,"8","","",.0,"8",.0,"8",.0,"8",.0,"8",.0,"8",.0,"8",.0,"8",.0,"8",.0,"8",0,"8",0,"8",0,"8","","",0,"8",0,"8"
"352190360","P£OCK","2006","05","23","02","9","",0,"8",0,"8","","","",8,"",0,"8",0,"8",7,"",170,"",2,"",0,"",15.6,"",.0,"8","U","",13.6,"",77,"",11.6,"",993.5,"",1006.4,"",5,-.3,"",.0,"8",0,"8","03","2","5","","0","","","5","","","8","","",0,"8",.0,"8",.0,"8","","8",0,"8","","",.0,"8",.0,"8",.0,"8",.0,"8",.0,"8",.0,"8",.0,"8",.0,"8",.0,"8",0,"8",0,"8",0,"8","","",0,"8",0,"8"
"352190360","P£OCK","2006","05","23","03","9","",0,"8",0,"8","","","",8,"",0,"8",0,"8",7,"",210,"",1,"",0,"",14.4,"",.0,"8","U","",12.9,"",79,"",10.8,"",994.1,"",1007.0,"",3,.6,"",.0,"8",0,"8","02","2","5","","0","","","3","","","8","","",0,"8",.0,"8",.0,"8","","8",0,"8","","",.0,"8",.0,"8",.0,"8",.0,"8",.0,"8",.0,"8",.0,"8",.0,"8",.0,"8",0,"8",0,"8",0,"8","","",0,"8",0,"8"
"352190360","P£OCK","2006","05","23","04","6","",0,"8",0,"8","","","",8,"",0,"8",0,"8",7,"",270,"",5,"",0,"",16.1,"",.0,"8","U","",14.1,"",77,"",12.1,"",994.8,"",1007.7,"",3,1.4,"",.0,"8",0,"8","03","2","1","","5","","","3","","","8","","",0,"8",.0,"8",.0,"8","","8",0,"8","","",.0,"8",.0,"8",.0,"8",.0,"8",.0,"8",.0,"8",.0,"8",.0,"8",.0,"8",0,"8",0,"8",0,"8","","",0,"8",0,"8"
"352190360","P£OCK","2006","05","23","05","6","",0,"8",0,"8","","","",8,"",0,"8",0,"8",7,"",280,"",4,"",0,"",16.1,"",.0,"8","U","",14.1,"",77,"",12.1,"",995.8,"",1008.7,"",3,2.3,"",.0,"8",0,"8","03","2","5","","9","","","3","","","/","","",0,"8",.0,"8",.0,"8","","8",0,"8","","",.0,"8",.0,"8",.0,"8",.0,"8",.0,"8",.0,"8",.0,"8",.0,"8",.0,"8",0,"8",0,"8",0,"8","","",0,"8",0,"8"
"352190360","P£OCK","2006","05","23","06","6","",0,"8",0,"8","","","",8,"",0,"8",0,"8",7,"",270,"",6,"",11,"",16.4,"",.0,"8","U","",13.6,"",73,"",11.5,"",996.7,"",1009.6,"",2,2.6,"",.0,"",6,"","80","2","5","","9","","","3","","","/","","",1,"",.0,"8",.0,"8","","8",0,"8","","",.0,"8",.0,"8",.0,"8",.0,"8",.0,"8",.0,"8",.0,"8",.0,"8",.0,"8",0,"8",0,"8",0,"8","","",0,"8",0,"8"
"352190360","P£OCK","2006","05","23","07","6","",0,"8",0,"8","","","",8,"",0,"8",0,"8",6,"",230,"",4,"",0,"",16.2,"",.0,"8","U","",14.3,"",78,"",12.4,"",997.5,"",1010.4,"",1,2.7,"",.0,"8",0,"8","25","8","2","","9","","","3","","","1","","",0,"8",.0,"8",.0,"8","","8",0,"8","","",.0,"8",.0,"8",.0,"8",.0,"8",.0,"8",.0,"8",.0,"8",.0,"8",.0,"8",0,"8",0,"8",0,"8","","",0,"8",0,"8"
"352190360","P£OCK","2006","05","23","08","6","",0,"8",0,"8","","","",8,"",0,"8",0,"8",7,"",260,"",7,"",12,"",16.6,"",.0,"8","U","",12.4,"",66,"",10.2,"",998.4,"",1011.3,"",2,2.6,"",.0,"8",0,"8","80","2","5","","9","","","3","","","/","","",0,"8",.0,"8",.0,"8","","8",0,"8","","",.0,"8",.0,"8",.0,"8",.0,"8",.0,"8",.0,"8",.0,"8",.0,"8",.0,"8",0,"8",0,"8",0,"8","","",0,"8",0,"8"
"352190360","P£OCK","2006","05","23","09","5","",0,"8",0,"8","","","",8,"",0,"8",0,"8",7,"",250,"",4,"",0,"",16.4,"",.0,"8","U","",13.6,"",73,"",11.5,"",998.3,"",1011.2,"",0,1.6,"",.0,"8",0,"8","25","2","3","","9","","","3","","","1","","",0,"8",.0,"8",.0,"8","","8",0,"8","","",.0,"8",.0,"8",.0,"8",.0,"8",.0,"8",.0,"8",.0,"8",.0,"8",.0,"8",0,"8",0,"8",0,"8","","",0,"8",0,"8"
"352190360","P£OCK","2006","05","23","10","5","",0,"8",0,"8","","","",8,"",0,"8",0,"8",6,"",230,"",4,"",0,"",17.5,"",.0,"8","U","",13.4,"",67,"",11.3,"",998.9,"",1011.8,"",2,1.4,"",.0,"8",0,"8","25","2","2","","9","","","3","","","0","","",0,"8",.0,"8",.0,"8","","8",0,"8","","",.0,"8",.0,"8",.0,"8",.0,"8",.0,"8",.0,"8",.0,"8",.0,"8",.0,"8",0,"8",0,"8",0,"8","","",0,"8",0,"8"
"352190360","P£OCK","2006","05","23","11","6","",0,"8",0,"8","","","",8,"",0,"8",0,"8",3,"",240,"",5,"",0,"",19.0,"",.0,"8","U","",12.9,"",59,"",10.8,"",999.2,"",1012.0,"",3,.8,"",.0,"8",0,"8","01","1","2","","2","","","3","","","0","","",0,"8",.0,"8",.0,"8","","8",0,"8","","",.0,"8",.0,"8",.0,"8",.0,"8",.0,"8",.0,"8",.0,"8",.0,"8",.0,"8",0,"8",0,"8",0,"8","","",0,"8",0,"8"
"352190360","P£OCK","2006","05","23","12","6","",0,"8",0,"8","","","",8,"",0,"8",0,"8",3,"",240,"",7,"",0,"",19.6,"",.0,"8","U","",10.2,"",45,"",7.3,"",999.5,"",1012.3,"",1,1.2,"",.1,"",6,"","02","8","2","","2","","","3","","","0","","",1,"",.0,"8",.0,"8","","8",0,"8","","",.0,"8",.0,"8",.0,"8",.0,"8",.0,"8",.0,"8",.0,"8",.0,"8",.0,"8",0,"8",0,"8",0,"8","","",0,"8",0,"8"
"352190360","P£OCK","2006","05","23","13","7","",0,"8",0,"8","","","",8,"",0,"8",0,"8",6,"",240,"",7,"",0,"",19.4,"",.0,"8","U","",9.7,"",43,"",6.5,"",999.5,"",1012.3,"",1,.6,"",.0,"8",0,"8","01","1","1","","2","","","5","","","0","","",0,"8",.0,"8",.0,"8","","8",0,"8","","",.0,"8",.0,"8",.0,"8",.0,"8",.0,"8",.0,"8",.0,"8",.0,"8",.0,"8",0,"8",0,"8",0,"8","","",0,"8",0,"8"
"352190360","P£OCK","2006","05","23","14","7","",0,"8",0,"8","","","",8,"",0,"8",0,"8",6,"",230,"",5,"",10,"",19.4,"",.0,"8","U","",11.0,"",49,"",8.4,"",999.7,"",1012.5,"",2,.5,"",.0,"8",0,"8","03","2","3","","2","","","3","","","1","","",0,"8",.0,"8",.0,"8","","8",0,"8","","",.0,"8",.0,"8",.0,"8",.0,"8",.0,"8",.0,"8",.0,"8",.0,"8",.0,"8",0,"8",0,"8",0,"8","","",0,"8",0,"8"
"352190360","P£OCK","2006","05","23","15","7","",0,"8",0,"8","","","",8,"",0,"8",0,"8",7,"",240,"",4,"",9,"",19.8,"",.0,"8","U","",10.4,"",45,"",7.5,"",999.8,"",1012.6,"",3,.3,"",.0,"8",0,"8","03","1","5","","2","","","3","","","1","","",0,"8",.0,"8",.0,"8","","8",0,"8","","",.0,"8",.0,"8",.0,"8",.0,"8",.0,"8",.0,"8",.0,"8",.0,"8",.0,"8",0,"8",0,"8",0,"8","","",0,"8",0,"8"
"352190360","P£OCK","2006","05","23","16","7","",0,"8",0,"8","","","",8,"",0,"8",0,"8",7,"",240,"",5,"",0,"",19.0,"",.0,"8","U","",10.3,"",47,"",7.4,"",1000.0,"",1012.8,"",2,.5,"",.0,"8",0,"8","01","2","2","","2","","","3","","","6","","",0,"8",.0,"8",.0,"8","","8",0,"8","","",.0,"8",.0,"8",.0,"8",.0,"8",.0,"8",.0,"8",.0,"8",.0,"8",.0,"8",0,"8",0,"8",0,"8","","",0,"8",0,"8"
"352190360","P£OCK","2006","05","23","17","7","",0,"8",0,"8","","","",8,"",0,"8",0,"8",7,"",250,"",5,"",0,"",18.8,"",.0,"8","U","",9.1,"",42,"",5.6,"",1000.4,"",1013.2,"",3,.7,"",.0,"8",0,"8","01","2","1","","2","","","3","","","8","","",0,"8",.0,"8",.0,"8","","8",0,"8","","",.0,"8",.0,"8",.0,"8",.0,"8",.0,"8",.0,"8",.0,"8",.0,"8",.0,"8",0,"8",0,"8",0,"8","","",0,"8",0,"8"
"352190360","P£OCK","2006","05","23","18","9","",0,"8",0,"8","","","",8,"",0,"8",0,"8",5,"",240,"",5,"",0,"",17.4,"",.0,"8","U","",8.9,"",45,"",5.3,"",1000.8,"",1013.7,"",3,1.0,"",.0,"9",0,"9","01","1","1","","0","","","3","","","8","","",0,"",.0,"8",.0,"8","","8",0,"8","","",.0,"8",.0,"8",.0,"8",.0,"8",.0,"8",.0,"8",.0,"8",.0,"8",.0,"8",0,"8",0,"8",0,"8","","",0,"8",0,"8"
"352190360","P£OCK","2006","05","23","19","9","",0,"8",0,"8","","","",8,"",0,"8",0,"8",5,"",240,"",4,"",0,"",16.7,"",.0,"8","U","",8.5,"",45,"",4.7,"",1001.4,"",1014.3,"",3,1.4,"",.0,"8",0,"8","02","2","1","","0","","","3","","","8","","",0,"8",.0,"8",.0,"8","","8",0,"8","","",.0,"8",.0,"8",.0,"8",.0,"8",.0,"8",.0,"8",.0,"8",.0,"8",.0,"8",0,"8",0,"8",0,"8","","",0,"8",0,"8"
"352190360","P£OCK","2006","05","23","20","9","",0,"8",0,"8","","","",8,"",0,"8",0,"8",6,"",230,"",4,"",0,"",15.5,"",.0,"8","U","",9.0,"",51,"",5.4,"",1002.1,"",1015.1,"",3,1.7,"",.0,"8",0,"8","03","2","1","","0","","","3","","","6","","",0,"8",.0,"8",.0,"8","","8",0,"8","","",.0,"8",.0,"8",.0,"8",.0,"8",.0,"8",.0,"8",.0,"8",.0,"8",.0,"8",0,"8",0,"8",0,"8","","",0,"8",0,"8"
"352190360","P£OCK","2006","05","23","21","9","",0,"8",0,"8","","","",8,"",0,"8",0,"8",7,"",230,"",4,"",0,"",14.7,"",.0,"8","U","",8.7,"",52,"",4.9,"",1002.5,"",1015.5,"",2,1.7,"",.0,"8",0,"8","03","2","1","","0","","","3","","","6","","",0,"8",.0,"8",.0,"8","","8",0,"8","","",.0,"8",.0,"8",.0,"8",.0,"8",.0,"8",.0,"8",.0,"8",.0,"8",.0,"8",0,"8",0,"8",0,"8","","",0,"8",0,"8"
"352190360","P£OCK","2006","05","23","22","9","",0,"8",0,"8","","","",8,"",0,"8",0,"8",7,"",280,"",3,"",0,"",13.7,"",.0,"8","U","",9.1,"",58,"",5.6,"",1003.5,"",1016.6,"",2,2.1,"",.0,"8",0,"8","01","2","0","","0","","","0","","","8","","",0,"8",.0,"8",.0,"8","","8",0,"8","","",.0,"8",.0,"8",.0,"8",.0,"8",.0,"8",.0,"8",.0,"8",.0,"8",.0,"8",0,"8",0,"8",0,"8","","",0,"8",0,"8"
"352190360","P£OCK","2006","05","23","23","9","",0,"8",0,"8","","","",8,"",0,"8",0,"8",7,"",280,"",3,"",0,"",13.3,"",.0,"8","U","",9.5,"",62,"",6.2,"",1004.1,"",1017.2,"",2,2.0,"",.0,"8",0,"8","02","2","0","","0","","","0","","","8","","",0,"8",.0,"8",.0,"8","","8",0,"8","","",.0,"8",.0,"8",.0,"8",.0,"8",.0,"8",.0,"8",.0,"8",.0,"8",.0,"8",0,"8",0,"8",0,"8","","",0,"8",0,"8"
"352190360","P£OCK","2006","05","24","00","9","",0,"8",0,"8","","","",8,"",0,"8",0,"8",8,"",290,"",2,"",0,"",12.3,"",.0,"8","U","",9.4,"",66,"",6.1,"",1004.4,"",1017.6,"",1,1.9,"",.0,"9",0,"9","03","2","2","","0","","","3","","","7","","",0,"",.0,"8",.0,"8","","8",0,"8","","",.0,"8",.0,"8",.0,"8",.0,"8",.0,"8",.0,"8",.0,"8",.0,"8",.0,"8",0,"8",0,"8",0,"8","","",0,"8",0,"8"
"352190360","P£OCK","2006","05","24","01","9","",0,"8",0,"8","","","",8,"",0,"8",0,"8",8,"",300,"",1,"",0,"",11.3,"",.0,"8","U","",9.4,"",70,"",6.0,"",1004.9,"",1018.1,"",2,1.4,"",.0,"8",0,"8","02","2","2","","0","","","3","","","7","","",0,"8",.0,"8",.0,"8","","8",0,"8","","",.0,"8",.0,"8",.0,"8",.0,"8",.0,"8",.0,"8",.0,"8",.0,"8",.0,"8",0,"8",0,"8",0,"8","","",0,"8",0,"8"
"352190360","P£OCK","2006","05","24","02","9","",0,"8",0,"8","","","",8,"",0,"8",0,"8",7,"",280,"",3,"",0,"",11.4,"",.0,"8","U","",9.2,"",68,"",5.7,"",1005.3,"",1018.5,"",2,1.2,"",.0,"8",0,"8","01","2","2","","0","","","3","","","8","","",0,"8",.0,"8",.0,"8","","8",0,"8","","",.0,"8",.0,"8",.0,"8",.0,"8",.0,"8",.0,"8",.0,"8",.0,"8",.0,"8",0,"8",0,"8",0,"8","","",0,"8",0,"8"
"352190360","P£OCK","2006","05","24","03","9","",0,"8",0,"8","","","",8,"",0,"8",0,"8",7,"",270,"",3,"",0,"",11.3,"",.0,"8","U","",9.2,"",69,"",5.8,"",1005.7,"",1018.9,"",2,1.3,"",.0,"8",0,"8","02","2","2","","0","","","3","","","8","","",0,"8",.0,"8",.0,"8","","8",0,"8","","",.0,"8",.0,"8",.0,"8",.0,"8",.0,"8",.0,"8",.0,"8",.0,"8",.0,"8",0,"8",0,"8",0,"8","","",0,"8",0,"8"
"352190360","P£OCK","2006","05","24","04","9","",0,"8",0,"8","","","",8,"",0,"8",0,"8",7,"",280,"",4,"",0,"",11.2,"",.0,"8","U","",9.7,"",73,"",6.5,"",1006.7,"",1019.9,"",3,1.8,"",.0,"8",0,"8","01","2","1","","0","","","3","","","8","","",0,"8",.0,"8",.0,"8","","8",0,"8","","",.0,"8",.0,"8",.0,"8",.0,"8",.0,"8",.0,"8",.0,"8",.0,"8",.0,"8",0,"8",0,"8",0,"8","","",0,"8",0,"8"
"352190360","P£OCK","2006","05","24","05","9","",0,"8",0,"8","","","",8,"",0,"8",0,"8",7,"",280,"",4,"",0,"",10.7,"",.0,"8","U","",9.9,"",77,"",6.8,"",1007.3,"",1020.6,"",2,2.0,"",.0,"8",0,"8","02","2","1","","0","","","3","","","8","","",0,"8",.0,"8",.0,"8","","8",0,"8","","",.0,"8",.0,"8",.0,"8",.0,"8",.0,"8",.0,"8",.0,"8",.0,"8",.0,"8",0,"8",0,"8",0,"8","","",0,"8",0,"8"
"352190360","P£OCK","2006","05","24","06","5","",0,"8",0,"8","","","",8,"",0,"8",0,"8",7,"",280,"",3,"",0,"",12.0,"",.0,"8","U","",10.2,"",73,"",7.3,"",1007.7,"",1020.9,"",1,2.0,"",.0,"9",0,"9","03","2","1","","2","","","3","","","8","","",0,"",.0,"8",.0,"8","","8",0,"8","","",.0,"8",.0,"8",.0,"8",.0,"8",.0,"8",.0,"8",.0,"8",.0,"8",.0,"8",0,"8",0,"8",0,"8","","",0,"8",0,"8"
"352190360","P£OCK","2006","05","24","07","5","",0,"8",0,"8","","","",8,"",0,"8",0,"8",7,"",280,"",4,"",0,"",12.3,"",.0,"8","U","",9.3,"",65,"",5.9,"",1007.8,"",1021.0,"",1,1.1,"",.0,"8",0,"8","03","2","2","","3","","","3","","","8","","",0,"8",.0,"8",.0,"8","","8",0,"8","","",.0,"8",.0,"8",.0,"8",.0,"8",.0,"8",.0,"8",.0,"8",.0,"8",.0,"8",0,"8",0,"8",0,"8","","",0,"8",0,"8"
"352190360","P£OCK","2006","05","24","08","5","",0,"8",0,"8","","","",8,"",0,"8",0,"8",7,"",280,"",4,"",0,"",13.2,"",.0,"8","U","",9.5,"",63,"",6.3,"",1008.2,"",1021.4,"",2,.9,"",.0,"8",0,"8","01","2","2","","2","","","3","","","8","","",0,"8",.0,"8",.0,"8","","8",0,"8","","",.0,"8",.0,"8",.0,"8",.0,"8",.0,"8",.0,"8",.0,"8",.0,"8",.0,"8",0,"8",0,"8",0,"8","","",0,"8",0,"8"
"352190360","P£OCK","2006","05","24","09","6","",0,"8",0,"8","","","",8,"",0,"8",0,"8",7,"",280,"",4,"",0,"",13.9,"",.0,"8","U","",9.2,"",58,"",5.8,"",1007.7,"",1020.8,"",0,.0,"",.0,"8",0,"8","02","2","2","","2","","","3","","","8","","",0,"8",.0,"8",.0,"8","","8",0,"8","","",.0,"8",.0,"8",.0,"8",.0,"8",.0,"8",.0,"8",.0,"8",.0,"8",.0,"8",0,"8",0,"8",0,"8","","",0,"8",0,"8"
"352190360","P£OCK","2006","05","24","10","6","",0,"8",0,"8","","","",8,"",0,"8",0,"8",7,"",280,"",4,"",0,"",14.1,"",.0,"8","U","",8.5,"",53,"",4.7,"",1007.8,"",1020.9,"",4,.0,"",.0,"8",0,"8","03","2","3","","2","","","0","","","8","","",0,"8",.0,"8",.0,"8","","8",0,"8","","",.0,"8",.0,"8",.0,"8",.0,"8",.0,"8",.0,"8",.0,"8",.0,"8",.0,"8",0,"8",0,"8",0,"8","","",0,"8",0,"8"
"352190360","P£OCK","2006","05","24","11","6","",0,"8",0,"8","","","",8,"",0,"8",0,"8",7,"",250,"",3,"",0,"",14.2,"",.0,"8","U","",8.4,"",52,"",4.5,"",1007.6,"",1020.7,"",7,-.6,"",.0,"8",0,"8","02","2","3","","2","","","0","","","8","","",0,"8",.0,"8",.0,"8","","8",0,"8","","",.0,"8",.0,"8",.0,"8",.0,"8",.0,"8",.0,"8",.0,"8",.0,"8",.0,"8",0,"8",0,"8",0,"8","","",0,"8",0,"8"
"352190360","P£OCK","2006","05","24","12","6","",0,"8",0,"8","","","",8,"",0,"8",0,"8",7,"",280,"",4,"",0,"",14.7,"",.0,"8","U","",8.3,"",50,"",4.4,"",1007.3,"",1020.4,"",8,-.4,"",.0,"9",0,"9","02","2","3","","2","","","0","","","8","","",0,"",.0,"8",.0,"8","","8",0,"8","","",.0,"8",.0,"8",.0,"8",.0,"8",.0,"8",.0,"8",.0,"8",.0,"8",.0,"8",0,"8",0,"8",0,"8","","",0,"8",0,"8"
"352190360","P£OCK","2006","05","24","13","7","",0,"8",0,"8","","","",8,"",0,"8",0,"8",7,"",220,"",4,"",0,"",15.3,"",.0,"8","U","",8.0,"",46,"",3.7,"",1007.0,"",1020.1,"",7,-.8,"",.0,"8",0,"8","02","2","3","","2","","","0","","","8","","",0,"8",.0,"8",.0,"8","","8",0,"8","","",.0,"8",.0,"8",.0,"8",.0,"8",.0,"8",.0,"8",.0,"8",.0,"8",.0,"8",0,"8",0,"8",0,"8","","",0,"8",0,"8"
"352190360","P£OCK","2006","05","24","14","7","",0,"8",0,"8","","","",8,"",0,"8",0,"8",7,"",240,"",3,"",0,"",15.4,"",.0,"8","U","",7.9,"",45,"",3.5,"",1006.6,"",1019.6,"",7,-1.0,"",.0,"8",0,"8","03","2","3","","2","","","0","","","8","","",0,"8",.0,"8",.0,"8","","8",0,"8","","",.0,"8",.0,"8",.0,"8",.0,"8",.0,"8",.0,"8",.0,"8",.0,"8",.0,"8",0,"8",0,"8",0,"8","","",0,"8",0,"8"
"352190360","P£OCK","2006","05","24","15","7","",0,"8",0,"8","","","",8,"",0,"8",0,"8",7,"",230,"",3,"",0,"",15.2,"",.0,"8","U","",8.1,"",47,"",4.0,"",1006.2,"",1019.2,"",7,-1.1,"",.0,"8",0,"8","01","2","2","","2","","","0","","","8","","",0,"8",.0,"8",.0,"8","","8",0,"8","","",.0,"8",.0,"8",.0,"8",.0,"8",.0,"8",.0,"8",.0,"8",.0,"8",.0,"8",0,"8",0,"8",0,"8","","",0,"8",0,"8"
"352190360","P£OCK","2006","05","24","16","6","",0,"8",0,"8","","","",8,"",0,"8",0,"8",8,"",220,"",3,"",0,"",15.6,"",.0,"8","U","",7.4,"",42,"",2.7,"",1005.9,"",1018.9,"",7,-1.1,"",.0,"8",0,"8","01","2","2","","2","","","0","","","7","","",0,"8",.0,"8",.0,"8","","8",0,"8","","",.0,"8",.0,"8",.0,"8",.0,"8",.0,"8",.0,"8",.0,"8",.0,"8",.0,"8",0,"8",0,"8",0,"8","","",0,"8",0,"8"
"352190360","P£OCK","2006","05","24","17","6","",0,"8",0,"8","","","",8,"",0,"8",0,"8",7,"",230,"",3,"",0,"",15.7,"",.0,"8","U","",7.5,"",42,"",2.8,"",1005.3,"",1018.3,"",7,-1.3,"",.0,"8",0,"8","01","2","1","","2","","","0","","","8","","",0,"8",.0,"8",.0,"8","","8",0,"8","","",.0,"8",.0,"8",.0,"8",.0,"8",.0,"8",.0,"8",.0,"8",.0,"8",.0,"8",0,"8",0,"8",0,"8","","",0,"8",0,"8"
"352190360","P£OCK","2006","05","24","18","6","",0,"8",0,"8","","","",9,"",0,"8",0,"8",6,"",220,"",2,"",0,"",13.7,"",.0,"8","U","",8.1,"",52,"",4.0,"",1005.3,"",1018.4,"",6,-.9,"",.0,"9",0,"9","01","2","1","","2","","","0","","","8","","",0,"",.0,"8",.0,"8","","8",0,"8","","",.0,"8",.0,"8",.0,"8",.0,"8",.0,"8",.0,"8",.0,"8",.0,"8",.0,"8",0,"8",0,"8",0,"8","","",0,"8",0,"8"
"352190360","P£OCK","2006","05","24","19","9","",0,"8",0,"8","","","",8,"",0,"8",0,"8",3,"",200,"",1,"",0,"",11.9,"",.0,"8","U","",8.2,"",59,"",4.1,"",1005.3,"",1018.5,"",6,-.6,"",.0,"8",0,"8","01","1","0","","0","","","0","","","1","","",0,"8",.0,"8",.0,"8","","8",0,"8","","",.0,"8",.0,"8",.0,"8",.0,"8",.0,"8",.0,"8",.0,"8",.0,"8",.0,"8",0,"8",0,"8",0,"8","","",0,"8",0,"8"
"352190360","P£OCK","2006","05","24","20","9","",0,"8",0,"8","","","",8,"",0,"8",0,"8",4,"",170,"",2,"",0,"",10.7,"",.0,"8","U","",8.3,"",65,"",4.4,"",1005.1,"",1018.3,"",8,-.2,"",.0,"8",0,"8","03","0","1","","0","","","3","","","1","","",0,"8",.0,"8",.0,"8","","8",0,"8","","",.0,"8",.0,"8",.0,"8",.0,"8",.0,"8",.0,"8",.0,"8",.0,"8",.0,"8",0,"8",0,"8",0,"8","","",0,"8",0,"8"
"352190360","P£OCK","2006","05","24","21","9","",0,"8",0,"8","","","",8,"",0,"8",0,"8",5,"",150,"",2,"",0,"",11.0,"",.0,"8","U","",8.8,"",67,"",5.1,"",1004.9,"",1018.1,"",8,-.4,"",.0,"8",0,"8","03","1","3","","0","","","3","","","1","","",0,"8",.0,"8",.0,"8","","8",0,"8","","",.0,"8",.0,"8",.0,"8",.0,"8",.0,"8",.0,"8",.0,"8",.0,"8",.0,"8",0,"8",0,"8",0,"8","","",0,"8",0,"8"
"352190360","P£OCK","2006","05","24","22","9","",0,"8",0,"8","","","",8,"",0,"8",0,"8",2,"",140,"",2,"",0,"",10.5,"",.0,"8","U","",9.0,"",71,"",5.5,"",1004.4,"",1017.6,"",8,-.9,"",.0,"8",0,"8","01","1","1","","0","","","3","","","1","","",0,"8",.0,"8",.0,"8","","8",0,"8","","",.0,"8",.0,"8",.0,"8",.0,"8",.0,"8",.0,"8",.0,"8",.0,"8",.0,"8",0,"8",0,"8",0,"8","","",0,"8",0,"8"
"352190360","P£OCK","2006","05","24","23","9","",0,"8",0,"8","","","",8,"",0,"8",0,"8",0,"",180,"",2,"",0,"",9.8,"",.0,"8","U","",8.7,"",72,"",5.0,"",1003.9,"",1017.2,"",8,-1.2,"",.0,"8",0,"8","01","0","0","","0","","","0","","","0","","",0,"8",.0,"8",.0,"8","","8",0,"8","","",.0,"8",.0,"8",.0,"8",.0,"8",.0,"8",.0,"8",.0,"8",.0,"8",.0,"8",0,"8",0,"8",0,"8","","",0,"8",0,"8"
"352190360","P£OCK","2006","05","25","00","9","",0,"8",0,"8","","","",8,"",0,"8",0,"8",0,"",180,"",2,"",0,"",10.1,"",.0,"8","U","",8.8,"",71,"",5.1,"",1003.5,"",1016.7,"",7,-1.4,"",.0,"9",0,"9","02","1","0","","0","","","0","","","0","","",0,"",.0,"8",.0,"8","","8",0,"8","","",.0,"8",.0,"8",.0,"8",.0,"8",.0,"8",.0,"8",.0,"8",.0,"8",.0,"8",0,"8",0,"8",0,"8","","",0,"8",0,"8"
"352190360","P£OCK","2006","05","25","01","9","",0,"8",0,"8","","","",7,"",0,"8",0,"8",1,"",210,"",3,"",0,"",9.0,"",.0,"8","U","",8.8,"",77,"",5.2,"",1003.1,"",1016.4,"",7,-1.3,"",.0,"8",0,"8","03","0","1","","0","","","3","","","0","","",0,"8",.0,"8",.0,"8","","8",0,"8","","",.0,"8",.0,"8",.0,"8",.0,"8",.0,"8",.0,"8",.0,"8",.0,"8",.0,"8",0,"8",0,"8",0,"8","","",0,"8",0,"8"
"352190360","P£OCK","2006","05","25","02","9","",0,"8",0,"8","","","",8,"",0,"8",0,"8",2,"",210,"",2,"",0,"",8.3,"",.0,"8","U","",8.6,"",79,"",4.9,"",1002.9,"",1016.2,"",6,-1.0,"",.0,"8",0,"8","03","0","2","","0","","","3","","","0","","",0,"8",.0,"8",.0,"8","","8",0,"8","","",.0,"8",.0,"8",.0,"8",.0,"8",.0,"8",.0,"8",.0,"8",.0,"8",.0,"8",0,"8",0,"8",0,"8","","",0,"8",0,"8"
"352190360","P£OCK","2006","05","25","03","6","",0,"8",0,"8","","","",8,"",0,"8",0,"8",7,"",240,"",2,"",0,"",8.9,"",.0,"8","U","",9.5,"",83,"",6.2,"",1003.2,"",1016.5,"",5,-.3,"",.0,"8",0,"8","03","1","1","","9","","","5","","","/","","",0,"8",.0,"8",.0,"8","","8",0,"8","","",.0,"8",.0,"8",.0,"8",.0,"8",.0,"8",.0,"8",.0,"8",.0,"8",.0,"8",0,"8",0,"8",0,"8","","",0,"8",0,"8"
"352190360","P£OCK","2006","05","25","04","6","",0,"8",0,"8","","","",8,"",0,"8",0,"8",7,"",220,"",1,"",0,"",9.7,"",.0,"8","U","",9.5,"",79,"",6.2,"",1003.4,"",1016.7,"",3,.3,"",.0,"8",0,"8","03","2","1","","9","","","5","","","/","","",0,"8",.0,"8",.0,"8","","8",0,"8","","",.0,"8",.0,"8",.0,"8",.0,"8",.0,"8",.0,"8",.0,"8",.0,"8",.0,"8",0,"8",0,"8",0,"8","","",0,"8",0,"8"
"352190360","P£OCK","2006","05","25","05","7","",0,"8",0,"8","","","",8,"",0,"8",0,"8",7,"",210,"",1,"",0,"",10.5,"",.0,"8","U","",9.9,"",78,"",6.8,"",1003.3,"",1016.5,"",0,.4,"",.0,"8",0,"8","01","2","1","","9","","","3","","","/","","",0,"8",.0,"8",.0,"8","","8",0,"8","","",.0,"8",.0,"8",.0,"8",.0,"8",.0,"8",.0,"8",.0,"8",.0,"8",.0,"8",0,"8",0,"8",0,"8","","",0,"8",0,"8"
"352190360","P£OCK","2006","05","25","06","9","",0,"8",0,"8","","","",8,"",0,"8",0,"8",4,"",210,"",3,"",0,"",13.0,"",.0,"8","U","",9.6,"",64,"",6.3,"",1003.5,"",1016.6,"",2,.3,"",.0,"9",0,"9","01","1","3","","0","","","3","","","1","","",0,"",.0,"8",.0,"8","","8",0,"8","","",.0,"8",.0,"8",.0,"8",.0,"8",.0,"8",.0,"8",.0,"8",.0,"8",.0,"8",0,"8",0,"8",0,"8","","",0,"8",0,"8"
"352190360","P£OCK","2006","05","25","07","9","",0,"8",0,"8","","","",8,"",0,"8",0,"8",4,"",240,"",4,"",0,"",14.6,"",.0,"8","U","",9.6,"",58,"",6.4,"",1003.5,"",1016.5,"",1,.1,"",.0,"8",0,"8","01","0","1","","0","","","3","","","6","","",0,"8",.0,"8",.0,"8","","8",0,"8","","",.0,"8",.0,"8",.0,"8",.0,"8",.0,"8",.0,"8",.0,"8",.0,"8",.0,"8",0,"8",0,"8",0,"8","","",0,"8",0,"8"
"352190360","P£OCK","2006","05","25","08","6","",0,"8",0,"8","","","",8,"",0,"8",0,"8",4,"",240,"",5,"",0,"",15.1,"",.0,"8","U","",9.1,"",53,"",5.6,"",1003.7,"",1016.7,"",2,.4,"",.0,"8",0,"8","03","0","2","","2","","","0","","","8","","",0,"8",.0,"8",.0,"8","","8",0,"8","","",.0,"8",.0,"8",.0,"8",.0,"8",.0,"8",.0,"8",.0,"8",.0,"8",.0,"8",0,"8",0,"8",0,"8","","",0,"8",0,"8"
"352190360","P£OCK","2006","05","25","09","6","",0,"8",0,"8","","","",8,"",0,"8",0,"8",5,"",240,"",5,"",0,"",16.3,"",.0,"8","U","",9.2,"",50,"",5.8,"",1003.6,"",1016.6,"",0,.1,"",.0,"8",0,"8","03","1","4","","3","","","0","","","1","","",0,"8",.0,"8",.0,"8","","8",0,"8","","",.0,"8",.0,"8",.0,"8",.0,"8",.0,"8",.0,"8",.0,"8",.0,"8",.0,"8",0,"8",0,"8",0,"8","","",0,"8",0,"8"
"352190360","P£OCK","2006","05","25","10","6","",0,"8",0,"8","","","",8,"",0,"8",0,"8",5,"",230,"",6,"",11,"",16.1,"",.0,"8","U","",7.9,"",43,"",3.5,"",1003.4,"",1016.4,"",8,-.1,"",.0,"8",0,"8","02","2","4","","3","","","0","","","1","","",0,"8",.0,"8",.0,"8","","8",0,"8","","",.0,"8",.0,"8",.0,"8",.0,"8",.0,"8",.0,"8",.0,"8",.0,"8",.0,"8",0,"8",0,"8",0,"8","","",0,"8",0,"8"
"352190360","P£OCK","2006","05","25","11","6","",0,"8",0,"8","","","",8,"",0,"8",0,"8",5,"",230,"",5,"",0,"",15.8,"",.0,"8","U","",8.2,"",46,"",4.2,"",1003.2,"",1016.2,"",7,-.5,"",.0,"8",0,"8","01","2","4","","2","","","3","","","1","","",0,"8",.0,"8",.0,"8","","8",0,"8","","",.0,"8",.0,"8",.0,"8",.0,"8",.0,"8",.0,"8",.0,"8",.0,"8",.0,"8",0,"8",0,"8",0,"8","","",0,"8",0,"8"
"352190360","P£OCK","2006","05","25","12","6","",0,"8",0,"8","","","",8,"",0,"8",0,"8",5,"",240,"",5,"",10,"",15.9,"",.0,"8","U","",7.9,"",44,"",3.7,"",1003.0,"",1016.0,"",7,-.6,"",.0,"9",0,"9","01","1","4","","2","","","3","","","6","","",0,"",.0,"8",.0,"8","","8",0,"8","","",.0,"8",.0,"8",.0,"8",.0,"8",.0,"8",.0,"8",.0,"8",.0,"8",.0,"8",0,"8",0,"8",0,"8","","",0,"8",0,"8"
"352190360","P£OCK","2006","05","25","13","6","",0,"8",0,"8","","","",8,"",0,"8",0,"8",8,"",240,"",6,"",0,"",15.4,"",.0,"8","U","",7.3,"",42,"",2.5,"",1002.7,"",1015.7,"",7,-.7,"",.0,"8",0,"8","01","2","3","","2","","","3","","","7","","",0,"8",.0,"8",.0,"8","","8",0,"8","","",.0,"8",.0,"8",.0,"8",.0,"8",.0,"8",.0,"8",.0,"8",.0,"8",.0,"8",0,"8",0,"8",0,"8","","",0,"8",0,"8"
"352190360","P£OCK","2006","05","25","14","6","",0,"8",0,"8","","","",8,"",0,"8",0,"8",8,"",230,"",7,"",0,"",15.1,"",.0,"8","U","",8.0,"",47,"",3.9,"",1002.7,"",1015.7,"",6,-.5,"",.0,"8",0,"8","01","2","2","","2","","","3","","","7","","",0,"8",.0,"8",.0,"8","","8",0,"8","","",.0,"8",.0,"8",.0,"8",.0,"8",.0,"8",.0,"8",.0,"8",.0,"8",.0,"8",0,"8",0,"8",0,"8","","",0,"8",0,"8"
"352190360","P£OCK","2006","05","25","15","6","",0,"8",0,"8","","","",8,"",0,"8",0,"8",8,"",240,"",6,"",0,"",14.2,"",.0,"8","U","",8.2,"",51,"",4.2,"",1002.7,"",1015.7,"",6,-.3,"",.0,"8",0,"8","03","2","8","","8","","","/","","","/","","",0,"8",.0,"8",.0,"8","","8",0,"8","","",.0,"8",.0,"8",.0,"8",.0,"8",.0,"8",.0,"8",.0,"8",.0,"8",.0,"8",0,"8",0,"8",0,"8","","",0,"8",0,"8"
"352190360","P£OCK","2006","05","25","16","6","",0,"8",0,"8","","","",8,"",0,"8",0,"8",7,"",240,"",6,"",0,"",14.1,"",.0,"8","U","",9.0,"",56,"",5.4,"",1002.5,"",1015.6,"",8,-.2,"",.0,"8",0,"8","03","2","5","","9","","","3","","","8","","",0,"8",.0,"8",.0,"8","","8",0,"8","","",.0,"8",.0,"8",.0,"8",.0,"8",.0,"8",.0,"8",.0,"8",.0,"8",.0,"8",0,"8",0,"8",0,"8","","",0,"8",0,"8"
"352190360","P£OCK","2006","05","25","17","6","",0,"8",0,"8","","","",9,"",0,"8",0,"8",7,"",240,"",5,"",0,"",13.6,"",.0,"8","U","",8.9,"",57,"",5.2,"",1002.2,"",1015.3,"",8,-.5,"",.0,"8",0,"8","03","2","6","","9","","","3","","","/","","",0,"8",.0,"8",.0,"8","","8",0,"8","","",.0,"8",.0,"8",.0,"8",.0,"8",.0,"8",.0,"8",.0,"8",.0,"8",.0,"8",0,"8",0,"8",0,"8","","",0,"8",0,"8"
"352190360","P£OCK","2006","05","25","18","6","",0,"8",0,"8","","","",8,"",0,"8",0,"8",7,"",230,"",3,"",0,"",13.0,"",.0,"8","U","",9.7,"",65,"",6.6,"",1002.0,"",1015.1,"",7,-.7,"",.0,"",6,"","25","2","7","","9","","","/","","","/","","",0,"",.0,"8",.0,"8","","8",0,"8","","",.0,"8",.0,"8",.0,"8",.0,"8",.0,"8",.0,"8",.0,"8",.0,"8",.0,"8",0,"8",0,"8",0,"8","","",0,"8",0,"8"
"352190360","P£OCK","2006","05","25","19","6","",0,"8",0,"8","","","",8,"",0,"8",0,"8",8,"",200,"",1,"",0,"",11.9,"",.0,"8","U","",9.7,"",70,"",6.6,"",1001.7,"",1014.8,"",7,-.8,"",.0,"8",0,"8","03","2","7","","9","","","/","","","/","","",0,"8",.0,"8",.0,"8","","8",0,"8","","",.0,"8",.0,"8",.0,"8",.0,"8",.0,"8",.0,"8",.0,"8",.0,"8",.0,"8",0,"8",0,"8",0,"8","","",0,"8",0,"8"
"352190360","P£OCK","2006","05","25","20","6","",0,"8",0,"8","","","",7,"",0,"8",0,"8",8,"",250,"",4,"",0,"",11.2,"",.0,"8","U","",10.6,"",80,"",7.9,"",1001.8,"",1015.0,"",5,-.4,"",.0,"8",0,"8","80","8","8","","9","","","/","","","/","","",0,"8",.0,"8",.0,"8","","8",0,"8","","",.0,"8",.0,"8",.0,"8",.0,"8",.0,"8",.0,"8",.0,"8",.0,"8",.0,"8",0,"8",0,"8",0,"8","","",0,"8",0,"8"
"352190360","P£OCK","2006","05","25","21","5","",0,"8",0,"8","","","",8,"",0,"8",0,"8",8,"",220,"",3,"",0,"",10.2,"",.0,"8","U","",11.1,"",89,"",8.5,"",1001.6,"",1014.8,"",7,-.4,"",.0,"8",0,"8","25","2","7","","9","","","/","","","/","","",0,"8",.0,"8",.0,"8","","8",0,"8","","",.0,"8",.0,"8",.0,"8",.0,"8",.0,"8",.0,"8",.0,"8",.0,"8",.0,"8",0,"8",0,"8",0,"8","","",0,"8",0,"8"
"352190360","P£OCK","2006","05","25","22","5","",0,"8",0,"8","","","",8,"",0,"8",0,"8",8,"",220,"",3,"",0,"",10.1,"",.0,"8","U","",11.1,"",90,"",8.5,"",1001.2,"",1014.4,"",8,-.5,"",.0,"8",0,"8","01","2","6","","9","","","3","","","/","","",0,"8",.0,"8",.0,"8","","8",0,"8","","",.0,"8",.0,"8",.0,"8",.0,"8",.0,"8",.0,"8",.0,"8",.0,"8",.0,"8",0,"8",0,"8",0,"8","","",0,"8",0,"8"
"352190360","P£OCK","2006","05","25","23","5","",0,"8",0,"8","","","",8,"",0,"8",0,"8",4,"",230,"",3,"",0,"",10.1,"",.0,"8","U","",11.0,"",89,"",8.4,"",1001.0,"",1014.2,"",7,-.8,"",.0,"8",0,"8","25","1","2","","5","","","3","","","0","","",0,"8",.0,"8",.0,"8","","8",0,"8","","",.0,"8",.0,"8",.0,"8",.0,"8",.0,"8",.0,"8",.0,"8",.0,"8",.0,"8",0,"8",0,"8",0,"8","","",0,"8",0,"8"
"352190360","P£OCK","2006","05","26","00","9","",0,"8",0,"8","","","",7,"",0,"8",0,"8",7,"",230,"",4,"",0,"",9.9,"",.0,"8","U","",10.8,"",89,"",8.2,"",1001.0,"",1014.2,"",6,-.6,"",1.1,"",6,"","01","8","7","","0","","","5","","","/","","",1,"",.0,"8",.0,"8","","8",0,"8","","",.0,"8",.0,"8",.0,"8",.0,"8",.0,"8",.0,"8",.0,"8",.0,"8",.0,"8",0,"8",0,"8",0,"8","","",0,"8",0,"8"
"352190360","P£OCK","2006","05","26","01","5","",0,"8",0,"8","","","",7,"",0,"8",0,"8",7,"",220,"",3,"",0,"",9.8,"",.0,"8","U","",11.0,"",91,"",8.4,"",1001.0,"",1014.2,"",6,-.2,"",.0,"8",0,"8","03","2","7","","5","","","/","","","/","","",0,"8",.0,"8",.0,"8","","8",0,"8","","",.0,"8",.0,"8",.0,"8",.0,"8",.0,"8",.0,"8",.0,"8",.0,"8",.0,"8",0,"8",0,"8",0,"8","","",0,"8",0,"8"
"352190360","P£OCK","2006","05","26","02","4","",0,"8",0,"8","","","",7,"",0,"8",0,"8",7,"",220,"",4,"",0,"",9.9,"",.0,"8","U","",11.1,"",91,"",8.5,"",1000.7,"",1013.9,"",8,-.3,"",.0,"8",0,"8","01","2","5","","5","","","3","","","/","","",0,"8",.0,"8",.0,"8","","8",0,"8","","",.0,"8",.0,"8",.0,"8",.0,"8",.0,"8",.0,"8",.0,"8",.0,"8",.0,"8",0,"8",0,"8",0,"8","","",0,"8",0,"8"
"352190360","P£OCK","2006","05","26","03","4","",0,"8",0,"8","","","",7,"",0,"8",0,"8",7,"",220,"",3,"",0,"",9.7,"",.0,"8","U","",11.1,"",92,"",8.5,"",1000.5,"",1013.7,"",8,-.5,"",.0,"8",0,"8","03","2","7","","5","","","/","","","/","","",0,"8",.0,"8",.0,"8","","8",0,"8","","",.0,"8",.0,"8",.0,"8",.0,"8",.0,"8",.0,"8",.0,"8",.0,"8",.0,"8",0,"8",0,"8",0,"8","","",0,"8",0,"8"
"352190360","P£OCK","2006","05","26","04","4","",0,"8",0,"8","","","",6,"",0,"8",0,"8",7,"",220,"",3,"",0,"",9.8,"",.0,"8","U","",11.1,"",92,"",8.6,"",1000.3,"",1013.5,"",7,-.7,"",.0,"8",0,"8","10","2","6","","5","","","3","","","/","","",0,"8",.0,"8",.0,"8","","8",0,"8","","",.0,"8",.0,"8",.0,"8",.0,"8",.0,"8",.0,"8",.0,"8",.0,"8",.0,"8",0,"8",0,"8",0,"8","","",0,"8",0,"8"
"352190360","P£OCK","2006","05","26","05","4","",0,"8",0,"8","","","",6,"",0,"8",0,"8",8,"",210,"",3,"",0,"",10.1,"",.0,"8","U","",11.4,"",92,"",8.9,"",1000.0,"",1013.2,"",7,-.7,"",.0,"8",0,"8","80","2","8","","9","","","/","","","/","","",0,"8",.0,"8",.0,"8","","8",0,"8","","",.0,"8",.0,"8",.0,"8",.0,"8",.0,"8",.0,"8",.0,"8",.0,"8",.0,"8",0,"8",0,"8",0,"8","","",0,"8",0,"8"
"352190360","P£OCK","2006","05","26","06","4","",0,"8",0,"8","","","",6,"",0,"8",0,"8",8,"",220,"",4,"",0,"",10.0,"",.0,"8","U","",11.4,"",93,"",8.9,"",1000.1,"",1013.3,"",5,-.4,"",1.2,"",6,"","81","2","8","","9","","","/","","","/","","",2,"",.0,"8",.0,"8","","8",0,"8","","",.0,"8",.0,"8",.0,"8",.0,"8",.0,"8",.0,"8",.0,"8",.0,"8",.0,"8",0,"8",0,"8",0,"8","","",0,"8",0,"8"
"352190360","P£OCK","2006","05","26","07","4","",0,"8",0,"8","","","",6,"",0,"8",0,"8",8,"",270,"",3,"",0,"",9.8,"",.0,"8","U","",10.8,"",89,"",8.1,"",1000.4,"",1013.6,"",3,.1,"",.0,"8",0,"8","81","8","8","","9","","","/","","","/","","",0,"8",.0,"8",.0,"8","","8",0,"8","","",.0,"8",.0,"8",.0,"8",.0,"8",.0,"8",.0,"8",.0,"8",.0,"8",.0,"8",0,"8",0,"8",0,"8","","",0,"8",0,"8"
"352190360","P£OCK","2006","05","26","08","6","",0,"8",0,"8","","","",7,"",0,"8",0,"8",7,"",290,"",3,"",0,"",9.4,"",.0,"8","U","",10.1,"",86,"",7.2,"",1001.3,"",1014.6,"",3,1.3,"",.0,"8",0,"8","80","8","7","","9","","","/","","","/","","",0,"8",.0,"8",.0,"8","","8",0,"8","","",.0,"8",.0,"8",.0,"8",.0,"8",.0,"8",.0,"8",.0,"8",.0,"8",.0,"8",0,"8",0,"8",0,"8","","",0,"8",0,"8"
"352190360","P£OCK","2006","05","26","09","5","",0,"8",0,"8","","","",8,"",0,"8",0,"8",6,"",290,"",4,"",0,"",10.8,"",.0,"8","U","",9.6,"",74,"",6.3,"",1001.5,"",1014.7,"",2,1.4,"",.0,"8",0,"8","25","8","1","","3","","","3","","","0","","",0,"8",.0,"8",.0,"8","","8",0,"8","","",.0,"8",.0,"8",.0,"8",.0,"8",.0,"8",.0,"8",.0,"8",.0,"8",.0,"8",0,"8",0,"8",0,"8","","",0,"8",0,"8"
"352190360","P£OCK","2006","05","26","10","4","",0,"8",0,"8","","","",6,"",0,"8",0,"8",7,"",310,"",5,"",11,"",8.7,"",.0,"8","U","",9.2,"",82,"",5.8,"",1001.9,"",1015.2,"",2,1.5,"",.0,"8",0,"8","80","2","7","","9","","","/","","","/","","",0,"8",.0,"8",.0,"8","","8",0,"8","","",.0,"8",.0,"8",.0,"8",.0,"8",.0,"8",.0,"8",.0,"8",.0,"8",.0,"8",0,"8",0,"8",0,"8","","",0,"8",0,"8"
"352190360","P£OCK","2006","05","26","11","5","",0,"8",0,"8","","","",8,"",0,"8",0,"8",5,"",310,"",5,"",0,"",12.1,"",.0,"8","U","",9.3,"",66,"",5.9,"",1001.5,"",1014.6,"",0,.2,"",.0,"8",0,"8","25","2","3","","3","","","3","","","0","","",0,"8",.0,"8",.0,"8","","8",0,"8","","",.0,"8",.0,"8",.0,"8",.0,"8",.0,"8",.0,"8",.0,"8",.0,"8",.0,"8",0,"8",0,"8",0,"8","","",0,"8",0,"8"
"352190360","P£OCK","2006","05","26","12","5","",0,"8",0,"8","","","",8,"",0,"8",0,"8",6,"",300,"",6,"",0,"",11.3,"",.0,"8","U","",9.0,"",67,"",5.4,"",1002.1,"",1015.3,"",2,.6,"",7.2,"",6,"","25","2","2","","3","","","3","","","0","","",2,"",.0,"8",.0,"8","","8",0,"8","","",.0,"8",.0,"8",.0,"8",.0,"8",.0,"8",.0,"8",.0,"8",.0,"8",.0,"8",0,"8",0,"8",0,"8","","",0,"8",0,"8"
"352190360","P£OCK","2006","05","26","13","6","",0,"8",0,"8","","","",8,"",0,"8",0,"8",4,"",290,"",5,"",0,"",10.9,"",.0,"8","U","",8.5,"",65,"",4.6,"",1002.3,"",1015.5,"",3,.4,"",.0,"8",0,"8","25","1","3","","9","","","6","","","0","","",0,"8",.0,"8",.0,"8","","8",0,"8","","",.0,"8",.0,"8",.0,"8",.0,"8",.0,"8",.0,"8",.0,"8",.0,"8",.0,"8",0,"8",0,"8",0,"8","","",0,"8",0,"8"
"352190360","P£OCK","2006","05","26","14","5","",0,"8",0,"8","","","",8,"",0,"8",0,"8",5,"",300,"",4,"",0,"",9.8,"",.0,"8","U","",9.6,"",79,"",6.3,"",1002.3,"",1015.5,"",1,.8,"",.0,"8",0,"8","25","1","4","","9","","","6","","","0","","",0,"8",.0,"8",.0,"8","","8",0,"8","","",.0,"8",.0,"8",.0,"8",.0,"8",.0,"8",.0,"8",.0,"8",.0,"8",.0,"8",0,"8",0,"8",0,"8","","",0,"8",0,"8"
"352190360","P£OCK","2006","05","26","15","5","",0,"8",0,"8","","","",8,"",0,"8",0,"8",3,"",320,"",6,"",0,"",10.9,"",.0,"8","U","",8.7,"",67,"",5.0,"",1002.4,"",1015.6,"",2,.3,"",.0,"8",0,"8","25","1","2","","9","","","6","","","0","","",0,"8",.0,"8",.0,"8","","8",0,"8","","",.0,"8",.0,"8",.0,"8",.0,"8",.0,"8",.0,"8",.0,"8",.0,"8",.0,"8",0,"8",0,"8",0,"8","","",0,"8",0,"8"
"352190360","P£OCK","2006","05","26","16","5","",0,"8",0,"8","","","",8,"",0,"8",0,"8",3,"",260,"",4,"",0,"",12.3,"",.0,"8","U","",8.7,"",61,"",5.0,"",1002.0,"",1015.1,"",8,-.3,"",.0,"8",0,"8","02","0","2","","9","","","3","","","0","","",0,"8",.0,"8",.0,"8","","8",0,"8","","",.0,"8",.0,"8",.0,"8",.0,"8",.0,"8",.0,"8",.0,"8",.0,"8",.0,"8",0,"8",0,"8",0,"8","","",0,"8",0,"8"
"352190360","P£OCK","2006","05","26","17","5","",0,"8",0,"8","","","",8,"",0,"8",0,"8",4,"",340,"",1,"",0,"",10.6,"",.0,"8","U","",8.4,"",66,"",4.5,"",1001.9,"",1015.1,"",8,-.4,"",.0,"8",0,"8","25","0","2","","9","","","3","","","1","","",0,"8",.0,"8",.0,"8","","8",0,"8","","",.0,"8",.0,"8",.0,"8",.0,"8",.0,"8",.0,"8",.0,"8",.0,"8",.0,"8",0,"8",0,"8",0,"8","","",0,"8",0,"8"
"352190360","P£OCK","2006","05","26","18","5","",0,"8",0,"8","","","",8,"",0,"8",0,"8",4,"",210,"",2,"",0,"",9.4,"",.0,"8","U","",8.6,"",73,"",4.8,"",1001.5,"",1014.8,"",7,-.9,"",1.4,"",6,"","02","8","2","","9","","","3","","","1","","",2,"",.0,"8",.0,"8","","8",0,"8","","",.0,"8",.0,"8",.0,"8",.0,"8",.0,"8",.0,"8",.0,"8",.0,"8",.0,"8",0,"8",0,"8",0,"8","","",0,"8",0,"8"
"352190360","P£OCK","2006","05","26","19","5","",0,"8",0,"8","","","",9,"",0,"8",0,"8",5,"",290,"",3,"",0,"",7.7,"",.0,"8","U","",8.7,"",83,"",5.0,"",1002.4,"",1015.7,"",3,.4,"",.0,"8",0,"8","25","8","3","","9","","","3","","","1","","",0,"8",.0,"8",.0,"8","","8",0,"8","","",.0,"8",.0,"8",.0,"8",.0,"8",.0,"8",.0,"8",.0,"8",.0,"8",.0,"8",0,"8",0,"8",0,"8","","",0,"8",0,"8"
"352190360","P£OCK","2006","05","26","20","9","",0,"8",0,"8","","","",8,"",0,"8",0,"8",3,"",280,"",2,"",0,"",6.8,"",.0,"8","U","",8.3,"",84,"",4.3,"",1002.0,"",1015.4,"",0,.1,"",.0,"8",0,"8","01","1","2","","0","","","3","","","1","","",0,"8",.0,"8",.0,"8","","8",0,"8","","",.0,"8",.0,"8",.0,"8",.0,"8",.0,"8",.0,"8",.0,"8",.0,"8",.0,"8",0,"8",0,"8",0,"8","","",0,"8",0,"8"
"352190360","P£OCK","2006","05","26","21","7","",0,"8",0,"8","","","",9,"",0,"8",0,"8",7,"",280,"",2,"",0,"",8.0,"",.0,"8","U","",8.1,"",76,"",4.0,"",1002.0,"",1015.3,"",1,.5,"",.0,"8",0,"8","03","8","7","","5","","","/","","","/","","",0,"8",.0,"8",.0,"8","","8",0,"8","","",.0,"8",.0,"8",.0,"8",.0,"8",.0,"8",.0,"8",.0,"8",.0,"8",.0,"8",0,"8",0,"8",0,"8","","",0,"8",0,"8"
"352190360","P£OCK","2006","05","26","22","9","",0,"8",0,"8","","","",7,"",0,"8",0,"8",1,"",190,"",1,"",0,"",6.0,"",.0,"8","U","",7.9,"",85,"",3.7,"",1002.0,"",1015.4,"",6,-.4,"",.0,"8",0,"8","01","1","0","","0","","","0","","","1","","",0,"8",.0,"8",.0,"8","","8",0,"8","","",.0,"8",.0,"8",.0,"8",.0,"8",.0,"8",.0,"8",.0,"8",.0,"8",.0,"8",0,"8",0,"8",0,"8","","",0,"8",0,"8"
"352190360","P£OCK","2006","05","26","23","9","",0,"8",0,"8","","","",7,"",0,"8",0,"8",0,"",220,"",1,"",0,"",5.5,"",.0,"8","U","",8.1,"",90,"",4.0,"",1001.7,"",1015.1,"",8,-.3,"",.0,"8",0,"8","01","0","0","","0","","","0","","","0","","",0,"8",.0,"8",.0,"8","","8",0,"8","","",.0,"8",.0,"8",.0,"8",.0,"8",.0,"8",.0,"8",.0,"8",.0,"8",.0,"8",0,"8",0,"8",0,"8","","",0,"8",0,"8"
"352190360","P£OCK","2006","05","27","00","9","",0,"8",0,"8","","","",6,"",0,"8",0,"8",2,"",0,"",0,"",0,"",3.9,"",.0,"8","U","",7.3,"",90,"",2.4,"",1001.6,"",1015.1,"",8,-.4,"",1.1,"",6,"","10","8","2","","0","","","3","","","0","","",2,"",.0,"8",.0,"8","","8",0,"8","","",.0,"8",.0,"8",.0,"8",.0,"8",.0,"8",.0,"8",.0,"8",.0,"8",.0,"8",0,"8",0,"8",0,"8","","",0,"8",0,"8"
"352190360","P£OCK","2006","05","27","01","9","",0,"8",0,"8","","","",5,"",0,"8",0,"8",3,"",160,"",1,"",0,"",3.7,"",.0,"8","U","",7.4,"",93,"",2.7,"",1001.5,"",1015.0,"",6,-.5,"",.0,"8",0,"8","10","0","2","","0","","","3","","","1","","",0,"8",.0,"8",.0,"8","","8",0,"8","","",.0,"8",.0,"8",.0,"8",.0,"8",.0,"8",.0,"8",.0,"8",.0,"8",.0,"8",0,"8",0,"8",0,"8","","",0,"8",0,"8"
"352190360","P£OCK","2006","05","27","02","9","",0,"8",0,"8","","","",6,"",0,"8",0,"8",3,"",200,"",1,"",0,"",4.7,"",.0,"8","U","",8.0,"",94,"",3.8,"",1001.5,"",1015.0,"",6,-.2,"",.0,"8",0,"8","10","0","2","","0","","","3","","","1","","",0,"8",.0,"8",.0,"8","","8",0,"8","","",.0,"8",.0,"8",.0,"8",.0,"8",.0,"8",.0,"8",.0,"8",.0,"8",.0,"8",0,"8",0,"8",0,"8","","",0,"8",0,"8"
"352190360","P£OCK","2006","05","27","03","7","",0,"8",0,"8","","","",6,"",0,"8",0,"8",5,"",0,"",0,"",0,"",3.5,"",.0,"8","U","",7.3,"",93,"",2.5,"",1001.6,"",1015.1,"",5,.0,"",.0,"8",0,"8","10","1","4","","5","","","3","","","1","","",0,"8",.0,"8",.0,"8","","8",0,"8","","",.0,"8",.0,"8",.0,"8",.0,"8",.0,"8",.0,"8",.0,"8",.0,"8",.0,"8",0,"8",0,"8",0,"8","","",0,"8",0,"8"
"352190360","P£OCK","2006","05","27","04","9","",0,"8",0,"8","","","",7,"",0,"8",0,"8",4,"",210,"",1,"",0,"",6.1,"",.0,"8","U","",8.8,"",94,"",5.2,"",1001.9,"",1015.3,"",3,.4,"",.0,"8",0,"8","01","1","2","","0","","","3","","","6","","",0,"8",.0,"8",.0,"8","","8",0,"8","","",.0,"8",.0,"8",.0,"8",.0,"8",.0,"8",.0,"8",.0,"8",.0,"8",.0,"8",0,"8",0,"8",0,"8","","",0,"8",0,"8"
"352190360","P£OCK","2006","05","27","05","7","",0,"8",0,"8","","","",8,"",0,"8",0,"8",7,"",230,"",1,"",0,"",8.2,"",.0,"8","U","",9.3,"",86,"",6.0,"",1002.1,"",1015.4,"",2,.6,"",.0,"8",0,"8","03","1","3","","5","","","3","","","6","","",0,"8",.0,"8",.0,"8","","8",0,"8","","",.0,"8",.0,"8",.0,"8",.0,"8",.0,"8",.0,"8",.0,"8",.0,"8",.0,"8",0,"8",0,"8",0,"8","","",0,"8",0,"8"
"352190360","P£OCK","2006","05","27","06","6","",0,"8",0,"8","","","",8,"",0,"8",0,"8",7,"",230,"",1,"",0,"",9.8,"",.0,"8","U","",9.1,"",75,"",5.6,"",1002.5,"",1015.8,"",2,.9,"",.0,"9",0,"9","03","1","4","","5","","","3","","","8","","",2,"",.0,"8",.0,"8","","8",0,"8","","",.0,"8",.0,"8",.0,"8",.0,"8",.0,"8",.0,"8",.0,"8",.0,"8",.0,"8",0,"8",0,"8",0,"8","","",0,"8",0,"8"
"352190360","P£OCK","2006","05","27","07","7","",0,"8",0,"8","","","",8,"",0,"8",0,"8",4,"",210,"",3,"",0,"",11.6,"",.0,"8","U","",8.9,"",65,"",5.2,"",1002.7,"",1015.9,"",2,.8,"",.0,"8",0,"8","01","1","1","","5","","","3","","","8","","",0,"8",.0,"8",.0,"8","","8",0,"8","","",.0,"8",.0,"8",.0,"8",.0,"8",.0,"8",.0,"8",.0,"8",.0,"8",.0,"8",0,"8",0,"8",0,"8","","",0,"8",0,"8"
"352190360","P£OCK","2006","05","27","08","6","",0,"8",0,"8","","","",8,"",0,"8",0,"8",7,"",230,"",4,"",0,"",13.4,"",.0,"8","U","",8.9,"",58,"",5.3,"",1002.8,"",1015.9,"",1,.7,"",.0,"8",0,"8","03","1","1","","2","","","3","","","6","","",0,"8",.0,"8",.0,"8","","8",0,"8","","",.0,"8",.0,"8",.0,"8",.0,"8",.0,"8",.0,"8",.0,"8",.0,"8",.0,"8",0,"8",0,"8",0,"8","","",0,"8",0,"8"
"352190360","P£OCK","2006","05","27","09","6","",0,"8",0,"8","","","",8,"",0,"8",0,"8",7,"",240,"",4,"",0,"",13.6,"",.0,"8","U","",8.4,"",54,"",4.5,"",1002.8,"",1015.9,"",1,.3,"",.0,"8",0,"8","03","1","4","","2","","","0","","","8","","",0,"8",.0,"8",.0,"8","","8",0,"8","","",.0,"8",.0,"8",.0,"8",.0,"8",.0,"8",.0,"8",.0,"8",.0,"8",.0,"8",0,"8",0,"8",0,"8","","",0,"8",0,"8"
"352190360","P£OCK","2006","05","27","10","6","",0,"8",0,"8","","","",8,"",0,"8",0,"8",7,"",240,"",5,"",0,"",14.9,"",.0,"8","U","",9.3,"",55,"",5.9,"",1002.9,"",1015.9,"",2,.2,"",.0,"8",0,"8","03","2","5","","3","","","3","","","1","","",0,"8",.0,"8",.0,"8","","8",0,"8","","",.0,"8",.0,"8",.0,"8",.0,"8",.0,"8",.0,"8",.0,"8",.0,"8",.0,"8",0,"8",0,"8",0,"8","","",0,"8",0,"8"
"352190360","P£OCK","2006","05","27","11","6","",0,"8",0,"8","","","",7,"",0,"8",0,"8",8,"",270,"",3,"",0,"",13.2,"",.0,"8","U","",8.9,"",59,"",5.4,"",1003.1,"",1016.2,"",3,.3,"",.0,"8",0,"8","80","2","8","","9","","","/","","","/","","",0,"8",.0,"8",.0,"8","","8",0,"8","","",.0,"8",.0,"8",.0,"8",.0,"8",.0,"8",.0,"8",.0,"8",.0,"8",.0,"8",0,"8",0,"8",0,"8","","",0,"8",0,"8"
"352190360","P£OCK","2006","05","27","12","6","",0,"8",0,"8","","","",8,"",0,"8",0,"8",8,"",290,"",6,"",0,"",13.9,"",.0,"8","U","",9.2,"",58,"",5.8,"",1003.2,"",1016.3,"",2,.4,"",.2,"",6,"","25","1","3","","3","","","7","","","/","","",2,"",.0,"8",.0,"8","","8",0,"8","","",.0,"8",.0,"8",.0,"8",.0,"8",.0,"8",.0,"8",.0,"8",.0,"8",.0,"8",0,"8",0,"8",0,"8","","",0,"8",0,"8"
"352190360","P£OCK","2006","05","27","13","6","",0,"8",0,"8","","","",8,"",0,"8",0,"8",8,"",310,"",3,"",0,"",12.9,"",.0,"8","U","",9.7,"",65,"",6.5,"",1003.6,"",1016.7,"",2,.7,"",.0,"8",0,"8","80","2","6","","9","","","7","","","/","","",0,"8",.0,"8",.0,"8","","8",0,"8","","",.0,"8",.0,"8",.0,"8",.0,"8",.0,"8",.0,"8",.0,"8",.0,"8",.0,"8",0,"8",0,"8",0,"8","","",0,"8",0,"8"
"352190360","P£OCK","2006","05","27","14","5","",0,"8",0,"8","","","",7,"",0,"8",0,"8",8,"",330,"",3,"",0,"",12.1,"",.0,"8","U","",9.9,"",70,"",6.8,"",1003.6,"",1016.8,"",1,.5,"",.0,"8",0,"8","80","8","8","","9","","","/","","","/","","",0,"8",.0,"8",.0,"8","","8",0,"8","","",.0,"8",.0,"8",.0,"8",.0,"8",.0,"8",.0,"8",.0,"8",.0,"8",.0,"8",0,"8",0,"8",0,"8","","",0,"8",0,"8"
"352190360","P£OCK","2006","05","27","15","5","",0,"8",0,"8","","","",7,"",0,"8",0,"8",8,"",320,"",2,"",0,"",11.3,"",.0,"8","U","",10.2,"",76,"",7.2,"",1003.6,"",1016.8,"",1,.4,"",.0,"8",0,"8","80","8","8","","9","","","/","","","/","","",0,"8",.0,"8",.0,"8","","8",0,"8","","",.0,"8",.0,"8",.0,"8",.0,"8",.0,"8",.0,"8",.0,"8",.0,"8",.0,"8",0,"8",0,"8",0,"8","","",0,"8",0,"8"
"352190360","P£OCK","2006","05","27","16","6","",0,"8",0,"8","","","",7,"",0,"8",0,"8",8,"",300,"",2,"",0,"",10.9,"",.0,"8","U","",10.4,"",80,"",7.6,"",1003.2,"",1016.4,"",8,-.4,"",.0,"8",0,"8","80","8","8","","9","","","/","","","/","","",0,"8",.0,"8",.0,"8","","8",0,"8","","",.0,"8",.0,"8",.0,"8",.0,"8",.0,"8",.0,"8",.0,"8",.0,"8",.0,"8",0,"8",0,"8",0,"8","","",0,"8",0,"8"
"352190360","P£OCK","2006","05","27","17","6","",0,"8",0,"8","","","",7,"",0,"8",0,"8",8,"",290,"",4,"",0,"",10.7,"",.0,"8","U","",10.1,"",79,"",7.2,"",1002.8,"",1016.0,"",8,-.8,"",.0,"8",0,"8","25","8","8","","9","","","/","","","/","","",0,"8",.0,"8",.0,"8","","8",0,"8","","",.0,"8",.0,"8",.0,"8",.0,"8",.0,"8",.0,"8",.0,"8",.0,"8",.0,"8",0,"8",0,"8",0,"8","","",0,"8",0,"8"
"352190360","P£OCK","2006","05","27","18","5","",0,"8",0,"8","","","",7,"",0,"8",0,"8",7,"",200,"",2,"",0,"",10.2,"",.0,"8","U","",10.7,"",86,"",8.0,"",1002.3,"",1015.5,"",7,-1.3,"",.4,"",6,"","80","8","7","","9","","","/","","","/","","",2,"",.0,"8",.0,"8","","8",0,"8","","",.0,"8",.0,"8",.0,"8",.0,"8",.0,"8",.0,"8",.0,"8",.0,"8",.0,"8",0,"8",0,"8",0,"8","","",0,"8",0,"8"
"352190360","P£OCK","2006","05","27","19","6","",0,"8",0,"8","","","",8,"",0,"8",0,"8",7,"",250,"",2,"",0,"",10.4,"",.0,"8","U","",10.2,"",81,"",7.3,"",1002.1,"",1015.3,"",7,-1.1,"",.0,"8",0,"8","25","2","5","","9","","","3","","","/","","",0,"8",.0,"8",.0,"8","","8",0,"8","","",.0,"8",.0,"8",.0,"8",.0,"8",.0,"8",.0,"8",.0,"8",.0,"8",.0,"8",0,"8",0,"8",0,"8","","",0,"8",0,"8"
"352190360","P£OCK","2006","05","27","20","6","",0,"8",0,"8","","","",7,"",0,"8",0,"8",8,"",290,"",1,"",0,"",10.1,"",.0,"8","U","",10.5,"",85,"",7.7,"",1002.1,"",1015.3,"",6,-.7,"",.0,"8",0,"8","80","8","8","","9","","","/","","","/","","",0,"8",.0,"8",.0,"8","","8",0,"8","","",.0,"8",.0,"8",.0,"8",.0,"8",.0,"8",.0,"8",.0,"8",.0,"8",.0,"8",0,"8",0,"8",0,"8","","",0,"8",0,"8"
"352190360","P£OCK","2006","05","27","21","5","",0,"8",0,"8","","","",6,"",0,"8",0,"8",8,"",0,"",0,"",0,"",9.9,"",.0,"8","U","",10.8,"",89,"",8.2,"",1001.6,"",1014.8,"",7,-.7,"",.0,"8",0,"8","25","2","8","","5","","","/","","","/","","",0,"8",.0,"8",.0,"8","","8",0,"8","","",.0,"8",.0,"8",.0,"8",.0,"8",.0,"8",.0,"8",.0,"8",.0,"8",.0,"8",0,"8",0,"8",0,"8","","",0,"8",0,"8"
"352190360","P£OCK","2006","05","27","22","5","",0,"8",0,"8","","","",6,"",0,"8",0,"8",8,"",160,"",1,"",0,"",9.8,"",.0,"8","U","",10.9,"",90,"",8.2,"",1000.8,"",1014.0,"",8,-1.3,"",.0,"8",0,"8","25","2","8","","9","","","/","","","/","","",0,"8",.0,"8",.0,"8","","8",0,"8","","",.0,"8",.0,"8",.0,"8",.0,"8",.0,"8",.0,"8",.0,"8",.0,"8",.0,"8",0,"8",0,"8",0,"8","","",0,"8",0,"8"
"352190360","P£OCK","2006","05","27","23","6","",0,"8",0,"8","","","",6,"",0,"8",0,"8",7,"",140,"",2,"",0,"",9.7,"",.0,"8","U","",10.9,"",91,"",8.3,"",999.9,"",1013.1,"",8,-2.2,"",.0,"8",0,"8","25","2","5","","9","","","3","","","/","","",0,"8",.0,"8",.0,"8","","8",0,"8","","",.0,"8",.0,"8",.0,"8",.0,"8",.0,"8",.0,"8",.0,"8",.0,"8",.0,"8",0,"8",0,"8",0,"8","","",0,"8",0,"8"
"352190360","P£OCK","2006","05","28","00","7","",0,"8",0,"8","","","",6,"",0,"8",0,"8",7,"",160,"",3,"",0,"",9.3,"",.0,"8","U","",10.5,"",90,"",7.7,"",998.9,"",1012.1,"",8,-2.7,"",.5,"",6,"","10","8","4","","5","","","3","","","/","","",2,"",.0,"8",.0,"8","","8",0,"8","","",.0,"8",.0,"8",.0,"8",.0,"8",.0,"8",.0,"8",.0,"8",.0,"8",.0,"8",0,"8",0,"8",0,"8","","",0,"8",0,"8"
"352190360","P£OCK","2006","05","28","01","7","",0,"8",0,"8","","","",6,"",0,"8",0,"8",6,"",160,"",2,"",0,"",8.7,"",.0,"8","U","",10.2,"",91,"",7.3,"",998.0,"",1011.2,"",7,-2.8,"",.0,"8",0,"8","10","2","4","","5","","","3","","","0","","",0,"8",.0,"8",.0,"8","","8",0,"8","","",.0,"8",.0,"8",.0,"8",.0,"8",.0,"8",.0,"8",.0,"8",.0,"8",.0,"8",0,"8",0,"8",0,"8","","",0,"8",0,"8"
"352190360","P£OCK","2006","05","28","02","7","",0,"8",0,"8","","","",6,"",0,"8",0,"8",7,"",160,"",1,"",0,"",8.9,"",.0,"8","U","",10.5,"",92,"",7.7,"",997.5,"",1010.7,"",6,-2.4,"",.0,"8",0,"8","10","2","5","","5","","","3","","","/","","",0,"8",.0,"8",.0,"8","","8",0,"8","","",.0,"8",.0,"8",.0,"8",.0,"8",.0,"8",.0,"8",.0,"8",.0,"8",.0,"8",0,"8",0,"8",0,"8","","",0,"8",0,"8"
"352190360","P£OCK","2006","05","28","03","7","",0,"8",0,"8","","","",6,"",0,"8",0,"8",8,"",150,"",2,"",0,"",9.1,"",.0,"8","U","",10.6,"",92,"",7.9,"",996.4,"",1009.6,"",7,-2.5,"",.0,"8",0,"8","61","2","5","","5","","","7","","","/","","",0,"8",.0,"8",.0,"8","","8",0,"8","","",.0,"8",.0,"8",.0,"8",.0,"8",.0,"8",.0,"8",.0,"8",.0,"8",.0,"8",0,"8",0,"8",0,"8","","",0,"8",0,"8"
"352190360","P£OCK","2006","05","28","04","7","",0,"8",0,"8","","","",6,"",0,"8",0,"8",8,"",180,"",2,"",0,"",9.4,"",.0,"8","U","",11.0,"",93,"",8.3,"",995.8,"",1009.0,"",7,-2.2,"",.0,"8",0,"8","21","6","5","","5","","","7","","","/","","",0,"8",.0,"8",.0,"8","","8",0,"8","","",.0,"8",.0,"8",.0,"8",.0,"8",.0,"8",.0,"8",.0,"8",.0,"8",.0,"8",0,"8",0,"8",0,"8","","",0,"8",0,"8"
"352190360","P£OCK","2006","05","28","05","5","",0,"8",0,"8","","","",6,"",0,"8",0,"8",8,"",180,"",1,"",0,"",10.4,"",.0,"8","U","",11.7,"",93,"",9.3,"",994.9,"",1008.0,"",7,-2.6,"",.0,"8",0,"8","80","2","7","","9","","","/","","","/","","",0,"8",.0,"8",.0,"8","","8",0,"8","","",.0,"8",.0,"8",.0,"8",.0,"8",.0,"8",.0,"8",.0,"8",.0,"8",.0,"8",0,"8",0,"8",0,"8","","",0,"8",0,"8"
"352190360","P£OCK","2006","05","28","06","2","",0,"8",0,"8","","","",6,"",0,"8",0,"8",8,"",190,"",3,"",0,"",11.4,"",.0,"8","U","",12.5,"",93,"",10.3,"",994.0,"",1007.1,"",8,-2.4,"",.1,"",6,"","25","6","8","","9","","","/","","","/","","",2,"",.0,"8",.0,"8","","8",0,"8","","",.0,"8",.0,"8",.0,"8",.0,"8",.0,"8",.0,"8",.0,"8",.0,"8",.0,"8",0,"8",0,"8",0,"8","","",0,"8",0,"8"
"352190360","P£OCK","2006","05","28","07","3","",0,"8",0,"8","","","",6,"",0,"8",0,"8",8,"",200,"",3,"",0,"",12.4,"",.0,"8","U","",12.9,"",90,"",10.8,"",993.3,"",1006.3,"",6,-2.5,"",.0,"8",0,"8","25","2","8","","9","","","/","","","/","","",0,"8",.0,"8",.0,"8","","8",0,"8","","",.0,"8",.0,"8",.0,"8",.0,"8",.0,"8",.0,"8",.0,"8",.0,"8",.0,"8",0,"8",0,"8",0,"8","","",0,"8",0,"8"
"352190360","P£OCK","2006","05","28","08","4","",0,"8",0,"8","","","",7,"",0,"8",0,"8",8,"",210,"",4,"",0,"",12.9,"",.0,"8","U","",12.8,"",86,"",10.6,"",992.3,"",1005.3,"",7,-2.6,"",.0,"8",0,"8","01","2","5","","9","","","3","","","/","","",0,"8",.0,"8",.0,"8","","8",0,"8","","",.0,"8",.0,"8",.0,"8",.0,"8",.0,"8",.0,"8",.0,"8",.0,"8",.0,"8",0,"8",0,"8",0,"8","","",0,"8",0,"8"
"352190360","P£OCK","2006","05","28","09","5","",0,"8",0,"8","","","",8,"",0,"8",0,"8",8,"",200,"",3,"",0,"",13.1,"",.0,"8","U","",12.0,"",80,"",9.7,"",991.2,"",1004.1,"",8,-2.8,"",.0,"8",0,"8","01","8","8","","5","","","/","","","/","","",0,"8",.0,"8",.0,"8","","8",0,"8","","",.0,"8",.0,"8",.0,"8",.0,"8",.0,"8",.0,"8",.0,"8",.0,"8",.0,"8",0,"8",0,"8",0,"8","","",0,"8",0,"8"
"352190360","P£OCK","2006","05","28","10","4","",0,"8",0,"8","","","",6,"",0,"8",0,"8",8,"",200,"",4,"",0,"",12.5,"",.0,"8","U","",13.2,"",91,"",11.1,"",990.4,"",1003.4,"",7,-2.9,"",.0,"8",0,"8","80","8","8","","9","","","/","","","/","","",0,"8",.0,"8",.0,"8","","8",0,"8","","",.0,"8",.0,"8",.0,"8",.0,"8",.0,"8",.0,"8",.0,"8",.0,"8",.0,"8",0,"8",0,"8",0,"8","","",0,"8",0,"8"
"352190360","P£OCK","2006","05","28","11","4","",0,"8",0,"8","","","",8,"",0,"8",0,"8",7,"",230,"",7,"",0,"",14.4,"",.0,"8","U","",14.4,"",88,"",12.4,"",989.7,"",1002.6,"",6,-2.6,"",.0,"8",0,"8","25","8","7","","9","","","/","","","/","","",0,"8",.0,"8",.0,"8","","8",0,"8","","",.0,"8",.0,"8",.0,"8",.0,"8",.0,"8",.0,"8",.0,"8",.0,"8",.0,"8",0,"8",0,"8",0,"8","","",0,"8",0,"8"
"352190360","P£OCK","2006","05","28","12","5","",0,"8",0,"8","","","",8,"",0,"8",0,"8",5,"",240,"",7,"",13,"",16.7,"",.0,"8","U","",12.5,"",66,"",10.3,"",988.8,"",1001.6,"",7,-2.4,"",3.0,"",6,"","01","8","5","","3","","","0","","","0","","",2,"",.0,"8",.0,"8","","8",0,"8","","",.0,"8",.0,"8",.0,"8",.0,"8",.0,"8",.0,"8",.0,"8",.0,"8",.0,"8",0,"8",0,"8",0,"8","","",0,"8",0,"8"
"352190360","P£OCK","2006","05","28","13","5","",0,"8",0,"8","","","",8,"",0,"8",0,"8",7,"",270,"",7,"",12,"",12.2,"",.0,"8","U","",10.8,"",76,"",8.1,"",990.2,"",1003.2,"",5,-.2,"",.0,"8",0,"8","29","8","7","","9","","","/","","","/","","",0,"8",.0,"8",.0,"8","","8",0,"8","","",.0,"8",.0,"8",.0,"8",.0,"8",.0,"8",.0,"8",.0,"8",.0,"8",.0,"8",0,"8",0,"8",0,"8","","",0,"8",0,"8"
"352190360","P£OCK","2006","05","28","14","5","",0,"8",0,"8","","","",8,"",0,"8",0,"8",6,"",270,"",9,"",0,"",13.9,"",.0,"8","U","",9.8,"",62,"",6.7,"",990.2,"",1003.1,"",1,.5,"",.0,"8",0,"8","01","2","4","","9","","","6","","","3","","",0,"8",.0,"8",.0,"8","","8",0,"8","","",.0,"8",.0,"8",.0,"8",.0,"8",.0,"8",.0,"8",.0,"8",.0,"8",.0,"8",0,"8",0,"8",0,"8","","",0,"8",0,"8"
"352190360","P£OCK","2006","05","28","15","5","",0,"8",0,"8","","","",7,"",0,"8",0,"8",7,"",270,"",7,"",12,"",11.3,"",.0,"8","U","",10.2,"",76,"",7.2,"",990.8,"",1003.8,"",2,2.0,"",.0,"8",0,"8","80","9","7","","9","","","/","","","/","","",0,"8",.0,"8",.0,"8","","8",0,"8","","",.0,"8",.0,"8",.0,"8",.0,"8",.0,"8",.0,"8",.0,"8",.0,"8",.0,"8",0,"8",0,"8",0,"8","","",0,"8",0,"8"
"352190360","P£OCK","2006","05","28","16","5","",0,"8",0,"8","","","",8,"",0,"8",0,"8",6,"",250,"",7,"",12,"",12.2,"",.0,"8","U","",9.9,"",70,"",6.9,"",990.6,"",1003.6,"",0,.4,"",.0,"8",0,"8","25","2","2","","9","","","3","","","2","","",0,"8",.0,"8",.0,"8","","8",0,"8","","",.0,"8",.0,"8",.0,"8",.0,"8",.0,"8",.0,"8",.0,"8",.0,"8",.0,"8",0,"8",0,"8",0,"8","","",0,"8",0,"8"
"352190360","P£OCK","2006","05","28","17","5","",0,"8",0,"8","","","",8,"",0,"8",0,"8",6,"",270,"",7,"",16,"",12.1,"",.0,"8","U","",9.4,"",67,"",6.2,"",990.5,"",1003.5,"",0,.3,"",.0,"8",0,"8","25","2","3","","9","","","6","","","2","","",0,"8",.0,"8",.0,"8","","8",0,"8","","",.0,"8",.0,"8",.0,"8",.0,"8",.0,"8",.0,"8",.0,"8",.0,"8",.0,"8",0,"8",0,"8",0,"8","","",0,"8",0,"8"
"352190360","P£OCK","2006","05","28","18","5","",0,"8",0,"8","","","",8,"",0,"8",0,"8",4,"",240,"",7,"",0,"",11.5,"",.0,"8","U","",9.2,"",68,"",5.8,"",989.8,"",1002.8,"",7,-1.0,"",2.0,"",6,"","25","9","2","","9","","","3","","","2","","",2,"",.0,"8",.0,"8","","8",0,"8","","",.0,"8",.0,"8",.0,"8",.0,"8",.0,"8",.0,"8",.0,"8",.0,"8",.0,"8",0,"8",0,"8",0,"8","","",0,"8",0,"8"
"352190360","P£OCK","2006","05","28","19","5","",0,"8",0,"8","","","",8,"",0,"8",0,"8",7,"",260,"",8,"",15,"",11.3,"",.0,"8","U","",9.4,"",70,"",6.0,"",989.6,"",1002.6,"",7,-1.0,"",.0,"8",0,"8","25","1","7","","9","","","/","","","/","","",0,"8",.0,"8",.0,"8","","8",0,"8","","",.0,"8",.0,"8",.0,"8",.0,"8",.0,"8",.0,"8",.0,"8",.0,"8",.0,"8",0,"8",0,"8",0,"8","","",0,"8",0,"8"
"352190360","P£OCK","2006","05","28","20","5","",0,"8",0,"8","","","",7,"",0,"8",0,"8",7,"",250,"",7,"",15,"",9.9,"",.0,"8","U","",10.1,"",83,"",7.1,"",989.5,"",1002.6,"",6,-1.0,"",.0,"8",0,"8","80","8","7","","9","","","/","","","/","","",0,"8",.0,"8",.0,"8","","8",0,"8","","",.0,"8",.0,"8",.0,"8",.0,"8",.0,"8",.0,"8",.0,"8",.0,"8",.0,"8",0,"8",0,"8",0,"8","","",0,"8",0,"8"
"352190360","P£OCK","2006","05","28","21","5","",0,"8",0,"8","","","",7,"",0,"8",0,"8",8,"",270,"",8,"",15,"",9.1,"",.0,"8","U","",10.0,"",87,"",7.0,"",990.5,"",1003.6,"",3,.7,"",.0,"8",0,"8","80","8","8","","9","","","/","","","/","","",0,"8",.0,"8",.0,"8","","8",0,"8","","",.0,"8",.0,"8",.0,"8",.0,"8",.0,"8",.0,"8",.0,"8",.0,"8",.0,"8",0,"8",0,"8",0,"8","","",0,"8",0,"8"
"352190360","P£OCK","2006","05","28","22","4","",0,"8",0,"8","","","",7,"",0,"8",0,"8",8,"",280,"",7,"",0,"",8.7,"",.0,"8","U","",9.9,"",88,"",6.8,"",991.3,"",1004.5,"",3,1.7,"",.0,"8",0,"8","80","8","8","","9","","","/","","","/","","",0,"8",.0,"8",.0,"8","","8",0,"8","","",.0,"8",.0,"8",.0,"8",.0,"8",.0,"8",.0,"8",.0,"8",.0,"8",.0,"8",0,"8",0,"8",0,"8","","",0,"8",0,"8"
"352190360","P£OCK","2006","05","28","23","6","",0,"8",0,"8","","","",8,"",0,"8",0,"8",8,"",270,"",7,"",13,"",8.7,"",.0,"8","U","",9.9,"",88,"",6.8,"",991.6,"",1004.8,"",1,2.1,"",.0,"8",0,"8","25","2","8","","5","","","/","","","/","","",0,"8",.0,"8",.0,"8","","8",0,"8","","",.0,"8",.0,"8",.0,"8",.0,"8",.0,"8",.0,"8",.0,"8",.0,"8",.0,"8",0,"8",0,"8",0,"8","","",0,"8",0,"8"
"352190360","P£OCK","2006","05","29","00","4","",0,"8",0,"8","","","",7,"",0,"8",0,"8",8,"",270,"",7,"",12,"",8.8,"",.0,"8","U","",9.8,"",87,"",6.8,"",991.9,"",1005.1,"",1,1.4,"",3.2,"",6,"","80","8","8","","9","","","/","","","/","","",2,"",.0,"8",.0,"8","","8",0,"8","","",.0,"8",.0,"8",.0,"8",.0,"8",.0,"8",.0,"8",.0,"8",.0,"8",.0,"8",0,"8",0,"8",0,"8","","",0,"8",0,"8"
"352190360","P£OCK","2006","05","29","01","4","",0,"8",0,"8","","","",6,"",0,"8",0,"8",8,"",270,"",7,"",12,"",8.4,"",.0,"8","U","",9.9,"",90,"",6.9,"",992.4,"",1005.6,"",3,1.1,"",.0,"8",0,"8","80","8","8","","9","","","/","","","/","","",0,"8",.0,"8",.0,"8","","8",0,"8","","",.0,"8",.0,"8",.0,"8",.0,"8",.0,"8",.0,"8",.0,"8",.0,"8",.0,"8",0,"8",0,"8",0,"8","","",0,"8",0,"8"
"352190360","P£OCK","2006","05","29","02","4","",0,"8",0,"8","","","",8,"",0,"8",0,"8",8,"",280,"",7,"",13,"",8.6,"",.0,"8","U","",9.6,"",86,"",6.4,"",992.7,"",1005.9,"",2,1.1,"",.0,"8",0,"8","25","2","8","","5","","","/","","","/","","",0,"8",.0,"8",.0,"8","","8",0,"8","","",.0,"8",.0,"8",.0,"8",.0,"8",.0,"8",.0,"8",.0,"8",.0,"8",.0,"8",0,"8",0,"8",0,"8","","",0,"8",0,"8"
"352190360","P£OCK","2006","05","29","03","4","",0,"8",0,"8","","","",8,"",0,"8",0,"8",8,"",270,"",6,"",0,"",8.7,"",.0,"8","U","",9.7,"",86,"",6.5,"",993.1,"",1006.3,"",2,1.2,"",.0,"8",0,"8","02","8","8","","5","","","/","","","/","","",0,"8",.0,"8",.0,"8","","8",0,"8","","",.0,"8",.0,"8",.0,"8",.0,"8",.0,"8",.0,"8",.0,"8",.0,"8",.0,"8",0,"8",0,"8",0,"8","","",0,"8",0,"8"
"352190360","P£OCK","2006","05","29","04","4","",0,"8",0,"8","","","",7,"",0,"8",0,"8",8,"",270,"",6,"",0,"",8.9,"",.0,"8","U","",9.8,"",86,"",6.7,"",993.5,"",1006.7,"",2,1.1,"",.0,"8",0,"8","80","2","8","","9","","","/","","","/","","",0,"8",.0,"8",.0,"8","","8",0,"8","","",.0,"8",.0,"8",.0,"8",.0,"8",.0,"8",.0,"8",.0,"8",.0,"8",.0,"8",0,"8",0,"8",0,"8","","",0,"8",0,"8"
"352190360","P£OCK","2006","05","29","05","4","",0,"8",0,"8","","","",8,"",0,"8",0,"8",8,"",270,"",6,"",11,"",9.1,"",.0,"8","U","",9.9,"",86,"",6.9,"",994.0,"",1007.2,"",2,1.3,"",.0,"8",0,"8","80","8","8","","9","","","/","","","/","","",0,"8",.0,"8",.0,"8","","8",0,"8","","",.0,"8",.0,"8",.0,"8",.0,"8",.0,"8",.0,"8",.0,"8",.0,"8",.0,"8",0,"8",0,"8",0,"8","","",0,"8",0,"8"
"352190360","P£OCK","2006","05","29","06","4","",0,"8",0,"8","","","",8,"",0,"8",0,"8",7,"",270,"",7,"",0,"",10.0,"",.0,"8","U","",10.1,"",82,"",7.1,"",994.4,"",1007.5,"",2,1.3,"",.2,"",6,"","25","2","7","","9","","","/","","","/","","",2,"",.0,"8",.0,"8","","8",0,"8","","",.0,"8",.0,"8",.0,"8",.0,"8",.0,"8",.0,"8",.0,"8",.0,"8",.0,"8",0,"8",0,"8",0,"8","","",0,"8",0,"8"
"352190360","P£OCK","2006","05","29","07","4","",0,"8",0,"8","","","",8,"",0,"8",0,"8",7,"",270,"",7,"",0,"",10.5,"",.0,"8","U","",9.9,"",78,"",6.8,"",994.5,"",1007.6,"",1,1.0,"",.0,"8",0,"8","01","2","7","","8","","","/","","","/","","",0,"8",.0,"8",.0,"8","","8",0,"8","","",.0,"8",.0,"8",.0,"8",.0,"8",.0,"8",.0,"8",.0,"8",.0,"8",.0,"8",0,"8",0,"8",0,"8","","",0,"8",0,"8"
"352190360","P£OCK","2006","05","29","08","5","",0,"8",0,"8","","","",8,"",0,"8",0,"8",7,"",270,"",7,"",0,"",11.3,"",.0,"8","U","",9.8,"",73,"",6.6,"",994.7,"",1007.8,"",2,.7,"",.0,"8",0,"8","01","2","6","","8","","","3","","","/","","",0,"8",.0,"8",.0,"8","","8",0,"8","","",.0,"8",.0,"8",.0,"8",.0,"8",.0,"8",.0,"8",.0,"8",.0,"8",.0,"8",0,"8",0,"8",0,"8","","",0,"8",0,"8"
"352190360","P£OCK","2006","05","29","09","5","",0,"8",0,"8","","","",8,"",0,"8",0,"8",7,"",240,"",5,"",0,"",10.8,"",.0,"8","U","",9.2,"",71,"",5.7,"",994.9,"",1008.0,"",2,.5,"",.0,"8",0,"8","80","2","7","","9","","","/","","","/","","",0,"8",.0,"8",.0,"8","","8",0,"8","","",.0,"8",.0,"8",.0,"8",.0,"8",.0,"8",.0,"8",.0,"8",.0,"8",.0,"8",0,"8",0,"8",0,"8","","",0,"8",0,"8"
"352190360","P£OCK","2006","05","29","10","5","",0,"8",0,"8","","","",8,"",0,"8",0,"8",7,"",250,"",4,"",0,"",11.5,"",.0,"8","U","",9.1,"",67,"",5.6,"",994.7,"",1007.8,"",0,.2,"",.0,"8",0,"8","25","2","6","","3","","","3","","","/","","",0,"8",.0,"8",.0,"8","","8",0,"8","","",.0,"8",.0,"8",.0,"8",.0,"8",.0,"8",.0,"8",.0,"8",.0,"8",.0,"8",0,"8",0,"8",0,"8","","",0,"8",0,"8"
"352190360","P£OCK","2006","05","29","11","5","",0,"8",0,"8","","","",8,"",0,"8",0,"8",7,"",260,"",5,"",0,"",12.8,"",.0,"8","U","",9.1,"",62,"",5.7,"",994.4,"",1007.4,"",8,-.3,"",.0,"8",0,"8","01","2","4","","3","","","3","","","1","","",0,"8",.0,"8",.0,"8","","8",0,"8","","",.0,"8",.0,"8",.0,"8",.0,"8",.0,"8",.0,"8",.0,"8",.0,"8",.0,"8",0,"8",0,"8",0,"8","","",0,"8",0,"8"
"352190360","P£OCK","2006","05","29","12","6","",0,"8",0,"8","","","",8,"",0,"8",0,"8",4,"",250,"",5,"",0,"",14.1,"",.0,"8","U","",10.1,"",63,"",7.2,"",993.8,"",1006.7,"",8,-1.1,"",.0,"",6,"","01","8","3","","3","","","3","","","1","","",2,"",.0,"8",.0,"8","","8",0,"8","","",.0,"8",.0,"8",.0,"8",.0,"8",.0,"8",.0,"8",.0,"8",.0,"8",.0,"8",0,"8",0,"8",0,"8","","",0,"8",0,"8"
"352190360","P£OCK","2006","05","29","13","6","",0,"8",0,"8","","","",8,"",0,"8",0,"8",4,"",230,"",5,"",0,"",14.0,"",.0,"8","U","",9.7,"",61,"",6.6,"",993.4,"",1006.3,"",7,-1.3,"",.0,"8",0,"8","01","0","3","","2","","","3","","","1","","",0,"8",.0,"8",.0,"8","","8",0,"8","","",.0,"8",.0,"8",.0,"8",.0,"8",.0,"8",.0,"8",.0,"8",.0,"8",.0,"8",0,"8",0,"8",0,"8","","",0,"8",0,"8"
"352190360","P£OCK","2006","05","29","14","6","",0,"8",0,"8","","","",8,"",0,"8",0,"8",6,"",250,"",6,"",0,"",13.5,"",.0,"8","U","",9.3,"",60,"",5.9,"",993.5,"",1006.5,"",5,-.9,"",.0,"8",0,"8","25","1","5","","9","","","3","","","1","","",0,"8",.0,"8",.0,"8","","8",0,"8","","",.0,"8",.0,"8",.0,"8",.0,"8",.0,"8",.0,"8",.0,"8",.0,"8",.0,"8",0,"8",0,"8",0,"8","","",0,"8",0,"8"
"352190360","P£OCK","2006","05","29","15","6","",0,"8",0,"8","","","",8,"",0,"8",0,"8",5,"",240,"",6,"",0,"",12.9,"",.0,"8","U","",9.1,"",61,"",5.6,"",993.4,"",1006.4,"",7,-.4,"",.0,"8",0,"8","01","8","3","","3","","","3","","","1","","",0,"8",.0,"8",.0,"8","","8",0,"8","","",.0,"8",.0,"8",.0,"8",.0,"8",.0,"8",.0,"8",.0,"8",.0,"8",.0,"8",0,"8",0,"8",0,"8","","",0,"8",0,"8"
"352190360","P£OCK","2006","05","29","16","6","",0,"8",0,"8","","","",9,"",0,"8",0,"8",5,"",220,"",4,"",0,"",13.1,"",.0,"8","U","",9.5,"",63,"",6.2,"",993.0,"",1006.0,"",8,-.4,"",.0,"8",0,"8","01","2","2","","2","","","3","","","1","","",0,"8",.0,"8",.0,"8","","8",0,"8","","",.0,"8",.0,"8",.0,"8",.0,"8",.0,"8",.0,"8",.0,"8",.0,"8",.0,"8",0,"8",0,"8",0,"8","","",0,"8",0,"8"
"352190360","P£OCK","2006","05","29","17","6","",0,"8",0,"8","","","",8,"",0,"8",0,"8",4,"",350,"",2,"",0,"",12.4,"",.0,"8","U","",9.5,"",66,"",6.2,"",992.8,"",1005.8,"",7,-.7,"",.0,"8",0,"8","01","1","2","","2","","","3","","","1","","",0,"8",.0,"8",.0,"8","","8",0,"8","","",.0,"8",.0,"8",.0,"8",.0,"8",.0,"8",.0,"8",.0,"8",.0,"8",.0,"8",0,"8",0,"8",0,"8","","",0,"8",0,"8"
"352190360","P£OCK","2006","05","29","18","6","",0,"8",0,"8","","","",8,"",0,"8",0,"8",7,"",350,"",2,"",0,"",11.2,"",.0,"8","U","",9.6,"",72,"",6.3,"",992.6,"",1005.7,"",6,-.8,"",.0,"",6,"","03","8","1","","9","","","3","","","6","","",1,"",.0,"8",.0,"8","","8",0,"8","","",.0,"8",.0,"8",.0,"8",.0,"8",.0,"8",.0,"8",.0,"8",.0,"8",.0,"8",0,"8",0,"8",0,"8","","",0,"8",0,"8"
"352190360","P£OCK","2006","05","29","19","6","",0,"8",0,"8","","","",9,"",0,"8",0,"8",7,"",120,"",1,"",0,"",10.4,"",.0,"8","U","",9.9,"",79,"",6.9,"",992.2,"",1005.3,"",8,-.8,"",.0,"8",0,"8","25","2","1","","9","","","3","","","8","","",0,"8",.0,"8",.0,"8","","8",0,"8","","",.0,"8",.0,"8",.0,"8",.0,"8",.0,"8",.0,"8",.0,"8",.0,"8",.0,"8",0,"8",0,"8",0,"8","","",0,"8",0,"8"
"352190360","P£OCK","2006","05","29","20","6","",0,"8",0,"8","","","",8,"",0,"8",0,"8",6,"",120,"",2,"",0,"",9.4,"",.0,"8","U","",9.5,"",81,"",6.3,"",992.3,"",1005.4,"",5,-.5,"",.0,"8",0,"8","01","2","1","","5","","","3","","","1","","",0,"8",.0,"8",.0,"8","","8",0,"8","","",.0,"8",.0,"8",.0,"8",.0,"8",.0,"8",.0,"8",.0,"8",.0,"8",.0,"8",0,"8",0,"8",0,"8","","",0,"8",0,"8"
"352190360","P£OCK","2006","05","29","21","6","",0,"8",0,"8","","","",8,"",0,"8",0,"8",7,"",140,"",2,"",0,"",9.1,"",.0,"8","U","",9.8,"",85,"",6.7,"",992.1,"",1005.2,"",7,-.5,"",.0,"8",0,"8","80","2","5","","9","","","3","","","/","","",0,"8",.0,"8",.0,"8","","8",0,"8","","",.0,"8",.0,"8",.0,"8",.0,"8",.0,"8",.0,"8",.0,"8",.0,"8",.0,"8",0,"8",0,"8",0,"8","","",0,"8",0,"8"
"352190360","P£OCK","2006","05","29","22","9","",0,"8",0,"8","","","",8,"",0,"8",0,"8",4,"",110,"",2,"",0,"",8.5,"",.0,"8","U","",9.6,"",87,"",6.5,"",991.7,"",1004.9,"",8,-.5,"",.0,"8",0,"8","25","1","4","","0","","","3","","","0","","",0,"8",.0,"8",.0,"8","","8",0,"8","","",.0,"8",.0,"8",.0,"8",.0,"8",.0,"8",.0,"8",.0,"8",.0,"8",.0,"8",0,"8",0,"8",0,"8","","",0,"8",0,"8"
"352190360","P£OCK","2006","05","29","23","9","",0,"8",0,"8","","","",8,"",0,"8",0,"8",5,"",120,"",1,"",0,"",8.0,"",.0,"8","U","",9.2,"",86,"",5.8,"",991.4,"",1004.6,"",7,-.9,"",.0,"8",0,"8","03","1","5","","0","","","3","","","0","","",0,"8",.0,"8",.0,"8","","8",0,"8","","",.0,"8",.0,"8",.0,"8",.0,"8",.0,"8",.0,"8",.0,"8",.0,"8",.0,"8",0,"8",0,"8",0,"8","","",0,"8",0,"8"
"352190360","P£OCK","2006","05","30","00","9","",0,"8",0,"8","","","",7,"",0,"8",0,"8",4,"",120,"",2,"",0,"",7.9,"",.0,"8","U","",9.4,"",88,"",6.0,"",990.9,"",1004.1,"",7,-1.2,"",.0,"",6,"","01","8","4","","0","","","3","","","0","","",1,"",.0,"8",.0,"8","","8",0,"8","","",.0,"8",.0,"8",.0,"8",.0,"8",.0,"8",.0,"8",.0,"8",.0,"8",.0,"8",0,"8",0,"8",0,"8","","",0,"8",0,"8"
"352190360","P£OCK","2006","05","30","01","9","",0,"8",0,"8","","","",8,"",0,"8",0,"8",2,"",130,"",2,"",0,"",7.5,"",.0,"8","U","",9.0,"",87,"",5.5,"",990.3,"",1003.5,"",8,-1.4,"",.0,"8",0,"8","01","0","2","","0","","","3","","","0","","",0,"8",.0,"8",.0,"8","","8",0,"8","","",.0,"8",.0,"8",.0,"8",.0,"8",.0,"8",.0,"8",.0,"8",.0,"8",.0,"8",0,"8",0,"8",0,"8","","",0,"8",0,"8"
"352190360","P£OCK","2006","05","30","02","6","",0,"8",0,"8","","","",7,"",0,"8",0,"8",2,"",140,"",1,"",0,"",6.4,"",.0,"8","U","",8.4,"",87,"",4.4,"",990.1,"",1003.3,"",7,-1.3,"",.0,"8",0,"8","03","0","1","","9","","","3","","","0","","",0,"8",.0,"8",.0,"8","","8",0,"8","","",.0,"8",.0,"8",.0,"8",.0,"8",.0,"8",.0,"8",.0,"8",.0,"8",.0,"8",0,"8",0,"8",0,"8","","",0,"8",0,"8"
"352190360","P£OCK","2006","05","30","03","6","",0,"8",0,"8","","","",7,"",0,"8",0,"8",3,"",120,"",2,"",0,"",6.3,"",.0,"8","U","",8.6,"",90,"",4.8,"",990.1,"",1003.4,"",6,-.8,"",.0,"8",0,"8","03","0","1","","9","","","3","","","1","","",0,"8",.0,"8",.0,"8","","8",0,"8","","",.0,"8",.0,"8",.0,"8",.0,"8",.0,"8",.0,"8",.0,"8",.0,"8",.0,"8",0,"8",0,"8",0,"8","","",0,"8",0,"8"
"352190360","P£OCK","2006","05","30","04","7","",0,"8",0,"8","","","",7,"",0,"8",0,"8",7,"",140,"",1,"",0,"",8.0,"",.0,"8","U","",9.4,"",88,"",6.1,"",990.0,"",1003.2,"",7,-.3,"",.0,"8",0,"8","80","1","2","","9","","","5","","","6","","",0,"8",.0,"8",.0,"8","","8",0,"8","","",.0,"8",.0,"8",.0,"8",.0,"8",.0,"8",.0,"8",.0,"8",.0,"8",.0,"8",0,"8",0,"8",0,"8","","",0,"8",0,"8"
"352190360","P£OCK","2006","05","30","05","7","",0,"8",0,"8","","","",7,"",0,"8",0,"8",7,"",140,"",1,"",0,"",8.5,"",.0,"8","U","",9.6,"",87,"",6.5,"",990.2,"",1003.3,"",3,.1,"",.0,"8",0,"8","25","2","1","","9","","","3","","","8","","",0,"8",.0,"8",.0,"8","","8",0,"8","","",.0,"8",.0,"8",.0,"8",.0,"8",.0,"8",.0,"8",.0,"8",.0,"8",.0,"8",0,"8",0,"8",0,"8","","",0,"8",0,"8"
"352190360","P£OCK","2006","05","30","06","7","",0,"8",0,"8","","","",8,"",0,"8",0,"8",7,"",290,"",2,"",0,"",11.0,"",.0,"8","U","",10.0,"",76,"",6.9,"",990.2,"",1003.2,"",1,.1,"",.0,"",6,"","01","8","1","","5","","","3","","","8","","",1,"",.0,"8",.0,"8","","8",0,"8","","",.0,"8",.0,"8",.0,"8",.0,"8",.0,"8",.0,"8",.0,"8",.0,"8",.0,"8",0,"8",0,"8",0,"8","","",0,"8",0,"8"
"352190360","P£OCK","2006","05","30","07","7","",0,"8",0,"8","","","",8,"",0,"8",0,"8",8,"",310,"",2,"",0,"",12.3,"",.0,"8","U","",9.4,"",66,"",6.1,"",990.2,"",1003.2,"",1,.2,"",.0,"8",0,"8","01","2","1","","5","","","3","","","7","","",0,"8",.0,"8",.0,"8","","8",0,"8","","",.0,"8",.0,"8",.0,"8",.0,"8",.0,"8",.0,"8",.0,"8",.0,"8",.0,"8",0,"8",0,"8",0,"8","","",0,"8",0,"8"
"352190360","P£OCK","2006","05","30","08","5","",0,"8",0,"8","","","",8,"",0,"8",0,"8",8,"",260,"",2,"",0,"",13.0,"",.0,"8","U","",9.9,"",66,"",6.8,"",990.1,"",1003.0,"",8,-.1,"",.0,"8",0,"8","03","2","2","","2","","","3","","","7","","",0,"8",.0,"8",.0,"8","","8",0,"8","","",.0,"8",.0,"8",.0,"8",.0,"8",.0,"8",.0,"8",.0,"8",.0,"8",.0,"8",0,"8",0,"8",0,"8","","",0,"8",0,"8"
"352190360","P£OCK","2006","05","30","09","5","",0,"8",0,"8","","","",8,"",0,"8",0,"8",8,"",210,"",2,"",0,"",13.9,"",.0,"8","U","",10.0,"",63,"",7.0,"",990.0,"",1002.9,"",8,-.2,"",.0,"8",0,"8","03","2","3","","2","","","3","","","7","","",0,"8",.0,"8",.0,"8","","8",0,"8","","",.0,"8",.0,"8",.0,"8",.0,"8",.0,"8",.0,"8",.0,"8",.0,"8",.0,"8",0,"8",0,"8",0,"8","","",0,"8",0,"8"
"352190360","P£OCK","2006","05","30","10","6","",0,"8",0,"8","","","",8,"",0,"8",0,"8",7,"",220,"",3,"",0,"",14.7,"",.0,"8","U","",8.3,"",50,"",4.4,"",989.8,"",1002.7,"",7,-.4,"",.0,"8",0,"8","03","2","3","","3","","","0","","","8","","",0,"8",.0,"8",.0,"8","","8",0,"8","","",.0,"8",.0,"8",.0,"8",.0,"8",.0,"8",.0,"8",.0,"8",.0,"8",.0,"8",0,"8",0,"8",0,"8","","",0,"8",0,"8"
"352190360","P£OCK","2006","05","30","11","6","",0,"8",0,"8","","","",8,"",0,"8",0,"8",7,"",280,"",4,"",0,"",14.1,"",.0,"8","U","",9.2,"",57,"",5.7,"",990.0,"",1002.9,"",5,-.1,"",.0,"8",0,"8","03","2","4","","9","","","0","","","8","","",0,"8",.0,"8",.0,"8","","8",0,"8","","",.0,"8",.0,"8",.0,"8",.0,"8",.0,"8",.0,"8",.0,"8",.0,"8",.0,"8",0,"8",0,"8",0,"8","","",0,"8",0,"8"
"352190360","P£OCK","2006","05","30","12","5","",0,"8",0,"8","","","",8,"",0,"8",0,"8",7,"",270,"",3,"",0,"",14.1,"",.0,"8","U","",10.3,"",64,"",7.4,"",990.2,"",1003.1,"",3,.2,"",.0,"9",0,"9","03","2","5","","9","","","3","","","8","","",1,"",.0,"8",.0,"8","","8",0,"8","","",.0,"8",.0,"8",.0,"8",.0,"8",.0,"8",.0,"8",.0,"8",.0,"8",.0,"8",0,"8",0,"8",0,"8","","",0,"8",0,"8"
"352190360","P£OCK","2006","05","30","13","5","",0,"8",0,"8","","","",8,"",0,"8",0,"8",7,"",260,"",3,"",0,"",15.0,"",.0,"8","U","",8.7,"",51,"",4.9,"",990.1,"",1002.9,"",0,.3,"",.0,"8",0,"8","01","2","4","","9","","","3","","","1","","",0,"8",.0,"8",.0,"8","","8",0,"8","","",.0,"8",.0,"8",.0,"8",.0,"8",.0,"8",.0,"8",.0,"8",.0,"8",.0,"8",0,"8",0,"8",0,"8","","",0,"8",0,"8"
"352190360","P£OCK","2006","05","30","14","5","",0,"8",0,"8","","","",8,"",0,"8",0,"8",7,"",290,"",4,"",0,"",12.8,"",.0,"8","U","",9.4,"",64,"",6.2,"",990.6,"",1003.6,"",2,.6,"",.0,"8",0,"8","25","2","5","","9","","","3","","","/","","",0,"8",.0,"8",.0,"8","","8",0,"8","","",.0,"8",.0,"8",.0,"8",.0,"8",.0,"8",.0,"8",.0,"8",.0,"8",.0,"8",0,"8",0,"8",0,"8","","",0,"8",0,"8"
"352190360","P£OCK","2006","05","30","15","5","",0,"8",0,"8","","","",8,"",0,"8",0,"8",4,"",290,"",3,"",0,"",14.3,"",.0,"8","U","",8.6,"",53,"",4.8,"",990.1,"",1003.0,"",7,-.1,"",.0,"8",0,"8","25","1","2","","9","","","3","","","1","","",0,"8",.0,"8",.0,"8","","8",0,"8","","",.0,"8",.0,"8",.0,"8",.0,"8",.0,"8",.0,"8",.0,"8",.0,"8",.0,"8",0,"8",0,"8",0,"8","","",0,"8",0,"8"
"352190360","P£OCK","2006","05","30","16","5","",0,"8",0,"8","","","",8,"",0,"8",0,"8",5,"",330,"",1,"",0,"",14.8,"",.0,"8","U","",7.7,"",46,"",3.3,"",990.3,"",1003.2,"",2,.2,"",.0,"8",0,"8","03","1","2","","9","","","3","","","1","","",0,"8",.0,"8",.0,"8","","8",0,"8","","",.0,"8",.0,"8",.0,"8",.0,"8",.0,"8",.0,"8",.0,"8",.0,"8",.0,"8",0,"8",0,"8",0,"8","","",0,"8",0,"8"
"352190360","P£OCK","2006","05","30","17","6","",0,"8",0,"8","","","",8,"",0,"8",0,"8",5,"",290,"",2,"",0,"",13.9,"",.0,"8","U","",9.2,"",58,"",5.8,"",990.3,"",1003.2,"",6,-.3,"",.0,"8",0,"8","02","2","2","","9","","","3","","","1","","",0,"8",.0,"8",.0,"8","","8",0,"8","","",.0,"8",.0,"8",.0,"8",.0,"8",.0,"8",.0,"8",.0,"8",.0,"8",.0,"8",0,"8",0,"8",0,"8","","",0,"8",0,"8"
"352190360","P£OCK","2006","05","30","18","6","",0,"8",0,"8","","","",8,"",0,"8",0,"8",7,"",300,"",2,"",0,"",13.2,"",.0,"8","U","",9.7,"",64,"",6.5,"",990.4,"",1003.3,"",2,.3,"",.0,"",6,"","01","8","1","","3","","","5","","","1","","",1,"",.0,"8",.0,"8","","8",0,"8","","",.0,"8",.0,"8",.0,"8",.0,"8",.0,"8",.0,"8",.0,"8",.0,"8",.0,"8",0,"8",0,"8",0,"8","","",0,"8",0,"8"
"352190360","P£OCK","2006","05","30","19","9","",0,"8",0,"8","","","",8,"",0,"8",0,"8",5,"",0,"",0,"",0,"",11.6,"",.0,"8","U","",10.0,"",73,"",6.9,"",990.8,"",1003.8,"",3,.5,"",.0,"8",0,"8","01","2","4","","0","","","3","","","1","","",0,"8",.0,"8",.0,"8","","8",0,"8","","",.0,"8",.0,"8",.0,"8",.0,"8",.0,"8",.0,"8",.0,"8",.0,"8",.0,"8",0,"8",0,"8",0,"8","","",0,"8",0,"8"
"352190360","P£OCK","2006","05","30","20","9","",0,"8",0,"8","","","",8,"",0,"8",0,"8",4,"",210,"",1,"",0,"",9.8,"",.0,"8","U","",9.4,"",78,"",6.1,"",990.8,"",1003.9,"",1,.5,"",.0,"8",0,"8","01","1","2","","0","","","3","","","1","","",0,"8",.0,"8",.0,"8","","8",0,"8","","",.0,"8",.0,"8",.0,"8",.0,"8",.0,"8",.0,"8",.0,"8",.0,"8",.0,"8",0,"8",0,"8",0,"8","","",0,"8",0,"8"
"352190360","P£OCK","2006","05","30","21","9","",0,"8",0,"8","","","",8,"",0,"8",0,"8",3,"",300,"",1,"",0,"",9.1,"",.0,"8","U","",9.2,"",80,"",5.8,"",990.4,"",1003.5,"",0,.0,"",.0,"8",0,"8","01","1","1","","0","","","3","","","1","","",0,"8",.0,"8",.0,"8","","8",0,"8","","",.0,"8",.0,"8",.0,"8",.0,"8",.0,"8",.0,"8",.0,"8",.0,"8",.0,"8",0,"8",0,"8",0,"8","","",0,"8",0,"8"
"352190360","P£OCK","2006","05","30","22","9","",0,"8",0,"8","","","",7,"",0,"8",0,"8",2,"",130,"",1,"",0,"",7.6,"",.0,"8","U","",8.9,"",85,"",5.2,"",990.7,"",1003.9,"",5,-.1,"",.0,"8",0,"8","01","0","0","","0","","","0","","","1","","",0,"8",.0,"8",.0,"8","","8",0,"8","","",.0,"8",.0,"8",.0,"8",.0,"8",.0,"8",.0,"8",.0,"8",.0,"8",.0,"8",0,"8",0,"8",0,"8","","",0,"8",0,"8"
"352190360","P£OCK","2006","05","30","23","9","",0,"8",0,"8","","","",7,"",0,"8",0,"8",2,"",350,"",2,"",0,"",7.7,"",.0,"8","U","",9.2,"",88,"",5.8,"",990.3,"",1003.5,"",7,-.5,"",.0,"8",0,"8","02","0","0","","0","","","0","","","1","","",0,"8",.0,"8",.0,"8","","8",0,"8","","",.0,"8",.0,"8",.0,"8",.0,"8",.0,"8",.0,"8",.0,"8",.0,"8",.0,"8",0,"8",0,"8",0,"8","","",0,"8",0,"8"
"352190360","P£OCK","2006","05","31","00","9","",0,"8",0,"8","","","",6,"",0,"8",0,"8",6,"",360,"",2,"",0,"",7.3,"",.0,"8","U","",9.3,"",91,"",5.9,"",989.9,"",1003.1,"",8,-.5,"",.0,"9",0,"9","10","1","0","","0","","","0","","","6","","",1,"",.0,"8",.0,"8","","8",0,"8","","",.0,"8",.0,"8",.0,"8",.0,"8",.0,"8",.0,"8",.0,"8",.0,"8",.0,"8",0,"8",0,"8",0,"8","","",0,"8",0,"8"
"352190360","P£OCK","2006","05","31","01","9","",0,"8",0,"8","","","",6,"",0,"8",0,"8",7,"",350,"",2,"",0,"",7.1,"",.0,"8","U","",9.2,"",91,"",5.7,"",989.6,"",1002.8,"",7,-1.1,"",.0,"8",0,"8","10","2","0","","0","","","0","","","6","","",0,"8",.0,"8",.0,"8","","8",0,"8","","",.0,"8",.0,"8",.0,"8",.0,"8",.0,"8",.0,"8",.0,"8",.0,"8",.0,"8",0,"8",0,"8",0,"8","","",0,"8",0,"8"
"352190360","P£OCK","2006","05","31","02","9","",0,"8",0,"8","","","",7,"",0,"8",0,"8",7,"",320,"",2,"",0,"",7.0,"",.0,"8","U","",9.1,"",91,"",5.6,"",990.3,"",1003.5,"",5,.0,"",.0,"8",0,"8","03","2","1","","0","","","3","","","8","","",0,"8",.0,"8",.0,"8","","8",0,"8","","",.0,"8",.0,"8",.0,"8",.0,"8",.0,"8",.0,"8",.0,"8",.0,"8",.0,"8",0,"8",0,"8",0,"8","","",0,"8",0,"8"
"352190360","P£OCK","2006","05","31","03","9","",0,"8",0,"8","","","",7,"",0,"8",0,"8",7,"",70,"",1,"",0,"",6.7,"",.0,"8","U","",8.7,"",89,"",5.0,"",990.4,"",1003.6,"",3,.5,"",.0,"8",0,"8","02","2","1","","0","","","3","","","8","","",0,"8",.0,"8",.0,"8","","8",0,"8","","",.0,"8",.0,"8",.0,"8",.0,"8",.0,"8",.0,"8",.0,"8",.0,"8",.0,"8",0,"8",0,"8",0,"8","","",0,"8",0,"8"
"352190360","P£OCK","2006","05","31","04","9","",0,"8",0,"8","","","",7,"",0,"8",0,"8",7,"",0,"",0,"",0,"",6.7,"",.0,"8","U","",9.0,"",92,"",5.5,"",990.7,"",1003.9,"",2,1.1,"",.0,"8",0,"8","02","2","1","","0","","","3","","","8","","",0,"8",.0,"8",.0,"8","","8",0,"8","","",.0,"8",.0,"8",.0,"8",.0,"8",.0,"8",.0,"8",.0,"8",.0,"8",.0,"8",0,"8",0,"8",0,"8","","",0,"8",0,"8"
"352190360","P£OCK","2006","05","31","05","9","",0,"8",0,"8","","","",7,"",0,"8",0,"8",8,"",350,"",2,"",0,"",8.1,"",.0,"8","U","",9.5,"",88,"",6.2,"",990.9,"",1004.1,"",2,.6,"",.0,"8",0,"8","03","2","1","","0","","","3","","","7","","",0,"8",.0,"8",.0,"8","","8",0,"8","","",.0,"8",.0,"8",.0,"8",.0,"8",.0,"8",.0,"8",.0,"8",.0,"8",.0,"8",0,"8",0,"8",0,"8","","",0,"8",0,"8"
"352190360","P£OCK","2006","05","31","06","9","",0,"8",0,"8","","","",8,"",0,"8",0,"8",8,"",330,"",3,"",0,"",9.6,"",.0,"8","U","",10.0,"",84,"",7.0,"",991.1,"",1004.2,"",2,.7,"",.0,"9",0,"9","02","2","1","","0","","","3","","","7","","",1,"",.0,"8",.0,"8","","8",0,"8","","",.0,"8",.0,"8",.0,"8",.0,"8",.0,"8",.0,"8",.0,"8",.0,"8",.0,"8",0,"8",0,"8",0,"8","","",0,"8",0,"8"
"352190360","P£OCK","2006","05","31","07","5","",0,"8",0,"8","","","",8,"",0,"8",0,"8",7,"",340,"",4,"",0,"",11.4,"",.0,"8","U","",10.4,"",77,"",7.5,"",991.1,"",1004.1,"",1,.4,"",.0,"8",0,"8","03","2","1","","2","","","0","","","8","","",0,"8",.0,"8",.0,"8","","8",0,"8","","",.0,"8",.0,"8",.0,"8",.0,"8",.0,"8",.0,"8",.0,"8",.0,"8",.0,"8",0,"8",0,"8",0,"8","","",0,"8",0,"8"
"352190360","P£OCK","2006","05","31","08","5","",0,"8",0,"8","","","",8,"",0,"8",0,"8",7,"",320,"",4,"",0,"",12.6,"",.0,"8","U","",10.5,"",72,"",7.7,"",991.0,"",1004.0,"",0,.1,"",.0,"8",0,"8","03","2","2","","2","","","0","","","8","","",0,"8",.0,"8",.0,"8","","8",0,"8","","",.0,"8",.0,"8",.0,"8",.0,"8",.0,"8",.0,"8",.0,"8",.0,"8",.0,"8",0,"8",0,"8",0,"8","","",0,"8",0,"8"
"352190360","P£OCK","2006","05","31","09","5","",0,"8",0,"8","","","",8,"",0,"8",0,"8",6,"",300,"",6,"",0,"",13.0,"",.0,"8","U","",9.1,"",61,"",5.6,"",991.2,"",1004.2,"",3,.1,"",.0,"8",0,"8","03","2","3","","3","","","0","","","8","","",0,"8",.0,"8",.0,"8","","8",0,"8","","",.0,"8",.0,"8",.0,"8",.0,"8",.0,"8",.0,"8",.0,"8",.0,"8",.0,"8",0,"8",0,"8",0,"8","","",0,"8",0,"8"
"352190360","P£OCK","2006","05","31","10","6","",0,"8",0,"8","","","",8,"",0,"8",0,"8",6,"",290,"",6,"",0,"",13.4,"",.0,"8","U","",9.4,"",61,"",6.0,"",991.5,"",1004.4,"",3,.4,"",.0,"8",0,"8","03","2","4","","3","","","0","","","8","","",0,"8",.0,"8",.0,"8","","8",0,"8","","",.0,"8",.0,"8",.0,"8",.0,"8",.0,"8",.0,"8",.0,"8",.0,"8",.0,"8",0,"8",0,"8",0,"8","","",0,"8",0,"8"
"352190360","P£OCK","2006","05","31","11","5","",0,"8",0,"8","","","",8,"",0,"8",0,"8",6,"",300,"",4,"",0,"",15.0,"",.0,"8","U","",9.5,"",56,"",6.3,"",991.8,"",1004.7,"",2,.8,"",.0,"8",0,"8","25","2","3","","9","","","3","","","8","","",0,"8",.0,"8",.0,"8","","8",0,"8","","",.0,"8",.0,"8",.0,"8",.0,"8",.0,"8",.0,"8",.0,"8",.0,"8",.0,"8",0,"8",0,"8",0,"8","","",0,"8",0,"8"
"352190360","P£OCK","2006","05","31","12","6","",0,"8",0,"8","","","",8,"",0,"8",0,"8",7,"",290,"",4,"",0,"",14.5,"",.0,"8","U","",8.9,"",54,"",5.3,"",992.0,"",1004.9,"",2,.8,"",.0,"",6,"","01","8","5","","3","","","3","","","/","","",1,"",.0,"8",.0,"8","","8",0,"8","","",.0,"8",.0,"8",.0,"8",.0,"8",.0,"8",.0,"8",.0,"8",.0,"8",.0,"8",0,"8",0,"8",0,"8","","",0,"8",0,"8"
"352190360","P£OCK","2006","05","31","13","6","",0,"8",0,"8","","","",8,"",0,"8",0,"8",7,"",270,"",5,"",0,"",14.1,"",.0,"8","U","",9.5,"",59,"",6.2,"",992.2,"",1005.1,"",2,.7,"",.0,"8",0,"8","80","8","6","","9","","","3","","","/","","",0,"8",.0,"8",.0,"8","","8",0,"8","","",.0,"8",.0,"8",.0,"8",.0,"8",.0,"8",.0,"8",.0,"8",.0,"8",.0,"8",0,"8",0,"8",0,"8","","",0,"8",0,"8"
"352190360","P£OCK","2006","05","31","14","6","",0,"8",0,"8","","","",8,"",0,"8",0,"8",6,"",270,"",6,"",0,"",15.9,"",.0,"8","U","",9.0,"",50,"",5.5,"",992.3,"",1005.1,"",2,.5,"",.0,"8",0,"8","25","2","3","","3","","","3","","","8","","",0,"8",.0,"8",.0,"8","","8",0,"8","","",.0,"8",.0,"8",.0,"8",.0,"8",.0,"8",.0,"8",.0,"8",.0,"8",.0,"8",0,"8",0,"8",0,"8","","",0,"8",0,"8"
"352190360","P£OCK","2006","05","31","15","6","",0,"8",0,"8","","","",8,"",0,"8",0,"8",7,"",300,"",8,"",0,"",11.7,"",.0,"8","U","",10.2,"",74,"",7.2,"",993.3,"",1006.3,"",3,1.3,"",.0,"8",0,"8","80","2","7","","9","","","/","","","/","","",0,"8",.0,"8",.0,"8","","8",0,"8","","",.0,"8",.0,"8",.0,"8",.0,"8",.0,"8",.0,"8",.0,"8",.0,"8",.0,"8",0,"8",0,"8",0,"8","","",0,"8",0,"8"
"352190360","P£OCK","2006","05","31","16","5","",0,"8",0,"8","","","",8,"",0,"8",0,"8",7,"",290,"",4,"",0,"",12.9,"",.0,"8","U","",11.0,"",74,"",8.4,"",993.6,"",1006.6,"",2,1.4,"",.0,"8",0,"8","25","2","3","","9","","","3","","","8","","",0,"8",.0,"8",.0,"8","","8",0,"8","","",.0,"8",.0,"8",.0,"8",.0,"8",.0,"8",.0,"8",.0,"8",.0,"8",.0,"8",0,"8",0,"8",0,"8","","",0,"8",0,"8"
"352190360","P£OCK","2006","05","31","17","5","",0,"8",0,"8","","","",9,"",0,"8",0,"8",7,"",300,"",7,"",0,"",11.9,"",.0,"8","U","",9.9,"",71,"",6.8,"",994.1,"",1007.1,"",2,1.8,"",.0,"8",0,"8","03","2","4","","9","","","3","","","8","","",0,"8",.0,"8",.0,"8","","8",0,"8","","",.0,"8",.0,"8",.0,"8",.0,"8",.0,"8",.0,"8",.0,"8",.0,"8",.0,"8",0,"8",0,"8",0,"8","","",0,"8",0,"8"
"352190360","P£OCK","2006","05","31","18","5","",0,"8",0,"8","","","",9,"",0,"8",0,"8",7,"",290,"",4,"",0,"",11.1,"",.0,"8","U","",10.0,"",76,"",7.0,"",994.4,"",1007.5,"",2,1.1,"",.5,"",6,"","01","8","2","","9","","","3","","","8","","",1,"",.0,"8",.0,"8","","8",0,"8","","",.0,"8",.0,"8",.0,"8",.0,"8",.0,"8",.0,"8",.0,"8",.0,"8",.0,"8",0,"8",0,"8",0,"8","","",0,"8",0,"8"
"352190360","P£OCK","2006","05","31","19","5","",0,"8",0,"8","","","",8,"",0,"8",0,"8",6,"",290,"",3,"",0,"",9.7,"",.0,"8","U","",9.9,"",82,"",6.8,"",995.2,"",1008.4,"",2,1.6,"",.0,"8",0,"8","01","2","2","","9","","","3","","","8","","",0,"8",.0,"8",.0,"8","","8",0,"8","","",.0,"8",.0,"8",.0,"8",.0,"8",.0,"8",.0,"8",.0,"8",.0,"8",.0,"8",0,"8",0,"8",0,"8","","",0,"8",0,"8"
"352190360","P£OCK","2006","05","31","20","5","",0,"8",0,"8","","","",8,"",0,"8",0,"8",6,"",280,"",3,"",0,"",10.0,"",.0,"8","U","",10.5,"",86,"",7.8,"",996.0,"",1009.2,"",3,1.9,"",.0,"8",0,"8","03","2","4","","9","","","3","","","1","","",0,"8",.0,"8",.0,"8","","8",0,"8","","",.0,"8",.0,"8",.0,"8",.0,"8",.0,"8",.0,"8",.0,"8",.0,"8",.0,"8",0,"8",0,"8",0,"8","","",0,"8",0,"8"
"352190360","P£OCK","2006","05","31","21","5","",0,"8",0,"8","","","",8,"",0,"8",0,"8",7,"",280,"",3,"",0,"",10.0,"",.0,"8","U","",10.9,"",89,"",8.3,"",996.3,"",1009.5,"",1,1.9,"",.0,"8",0,"8","80","2","7","","9","","","/","","","/","","",0,"8",.0,"8",.0,"8","","8",0,"8","","",.0,"8",.0,"8",.0,"8",.0,"8",.0,"8",.0,"8",.0,"8",.0,"8",.0,"8",0,"8",0,"8",0,"8","","",0,"8",0,"8"
"352190360","P£OCK","2006","05","31","22","5","",0,"8",0,"8","","","",7,"",0,"8",0,"8",8,"",280,"",2,"",0,"",10.2,"",.0,"8","U","",11.2,"",90,"",8.6,"",996.8,"",1010.0,"",2,1.6,"",.0,"8",0,"8","80","2","8","","9","","","/","","","/","","",0,"8",.0,"8",.0,"8","","8",0,"8","","",.0,"8",.0,"8",.0,"8",.0,"8",.0,"8",.0,"8",.0,"8",.0,"8",.0,"8",0,"8",0,"8",0,"8","","",0,"8",0,"8"
"352190360","P£OCK","2006","05","31","23","6","",0,"8",0,"8","","","",7,"",0,"8",0,"8",7,"",290,"",2,"",0,"",9.7,"",.0,"8","U","",10.7,"",89,"",8.0,"",997.1,"",1010.3,"",2,1.1,"",.0,"8",0,"8","25","2","7","","9","","","/","","","/","","",0,"8",.0,"8",.0,"8","","8",0,"8","","",.0,"8",.0,"8",.0,"8",.0,"8",.0,"8",.0,"8",.0,"8",.0,"8",.0,"8",0,"8",0,"8",0,"8","","",0,"8",0,"8"
"352190360","P£OCK","2006","06","01","00","6","",0,"8",0,"8","","","",6,"",0,"8",0,"8",7,"",290,"",2,"",0,"",9.6,"",.0,"8","U","",11.0,"",92,"",8.4,"",997.4,"",1010.6,"",1,1.1,"",.3,"",6,"","10","8","7","","5","","","/","","","/","","",1,"",.0,"8",.0,"8","","8",0,"8","","",.0,"8",.0,"8",.0,"8",.0,"8",.0,"8",.0,"8",.0,"8",.0,"8",.0,"8",0,"8",0,"8",0,"8","","",0,"8",0,"8"
"352190360","P£OCK","2006","06","01","01","6","",0,"8",0,"8","","","",8,"",0,"8",0,"8",7,"",310,"",2,"",0,"",9.3,"",.0,"8","U","",9.7,"",83,"",6.6,"",997.8,"",1011.0,"",2,1.0,"",.0,"8",0,"8","02","2","7","","5","","","/","","","/","","",0,"8",.0,"8",.0,"8","","8",0,"8","","",.0,"8",.0,"8",.0,"8",.0,"8",.0,"8",.0,"8",.0,"8",.0,"8",.0,"8",0,"8",0,"8",0,"8","","",0,"8",0,"8"
"352190360","P£OCK","2006","06","01","02","7","",0,"8",0,"8","","","",8,"",0,"8",0,"8",7,"",330,"",2,"",0,"",8.3,"",.0,"8","U","",9.2,"",84,"",5.8,"",998.2,"",1011.5,"",2,1.1,"",.0,"8",0,"8","02","2","7","","5","","","/","","","/","","",0,"8",.0,"8",.0,"8","","8",0,"8","","",.0,"8",.0,"8",.0,"8",.0,"8",.0,"8",.0,"8",.0,"8",.0,"8",.0,"8",0,"8",0,"8",0,"8","","",0,"8",0,"8"
"352190360","P£OCK","2006","06","01","03","7","",0,"8",0,"8","","","",8,"",0,"8",0,"8",4,"",240,"",1,"",0,"",7.0,"",.0,"8","U","",9.0,"",90,"",5.5,"",998.3,"",1011.6,"",1,.9,"",.0,"8",0,"8","01","1","3","","5","","","0","","","1","","",0,"8",.0,"8",.0,"8","","8",0,"8","","",.0,"8",.0,"8",.0,"8",.0,"8",.0,"8",.0,"8",.0,"8",.0,"8",.0,"8",0,"8",0,"8",0,"8","","",0,"8",0,"8"
"352190360","P£OCK","2006","06","01","04","7","",0,"8",0,"8","","","",8,"",0,"8",0,"8",3,"",250,"",1,"",0,"",8.3,"",.0,"8","U","",9.4,"",86,"",6.1,"",998.8,"",1012.1,"",2,1.0,"",.0,"8",0,"8","01","0","3","","5","","","0","","","0","","",0,"8",.0,"8",.0,"8","","8",0,"8","","",.0,"8",.0,"8",.0,"8",.0,"8",.0,"8",.0,"8",.0,"8",.0,"8",.0,"8",0,"8",0,"8",0,"8","","",0,"8",0,"8"
"352190360","P£OCK","2006","06","01","05","7","",0,"8",0,"8","","","",8,"",0,"8",0,"8",2,"",210,"",3,"",0,"",9.0,"",.0,"8","U","",9.7,"",85,"",6.6,"",999.1,"",1012.3,"",2,.9,"",.0,"8",0,"8","01","0","1","","5","","","3","","","0","","",0,"8",.0,"8",.0,"8","","8",0,"8","","",.0,"8",.0,"8",.0,"8",.0,"8",.0,"8",.0,"8",.0,"8",.0,"8",.0,"8",0,"8",0,"8",0,"8","","",0,"8",0,"8"
"352190360","P£OCK","2006","06","01","06","5","",0,"8",0,"8","","","",8,"",0,"8",0,"8",2,"",220,"",3,"",0,"",10.9,"",.0,"8","U","",9.6,"",74,"",6.4,"",999.5,"",1012.7,"",2,1.2,"",.0,"9",0,"9","03","1","1","","2","","","0","","","1","","",1,"",.0,"8",.0,"8","","8",0,"8","","",.0,"8",.0,"8",.0,"8",.0,"8",.0,"8",.0,"8",.0,"8",.0,"8",.0,"8",0,"8",0,"8",0,"8","","",0,"8",0,"8"
"352190360","P£OCK","2006","06","01","07","6","",0,"8",0,"8","","","",8,"",0,"8",0,"8",3,"",220,"",4,"",0,"",12.2,"",.0,"8","U","",9.6,"",68,"",6.5,"",999.6,"",1012.7,"",2,.8,"",.0,"8",0,"8","03","0","2","","2","","","0","","","1","","",0,"8",.0,"8",.0,"8","","8",0,"8","","",.0,"8",.0,"8",.0,"8",.0,"8",.0,"8",.0,"8",.0,"8",.0,"8",.0,"8",0,"8",0,"8",0,"8","","",0,"8",0,"8"
"352190360","P£OCK","2006","06","01","08","6","",0,"8",0,"8","","","",8,"",0,"8",0,"8",5,"",240,"",4,"",0,"",13.1,"",.0,"8","U","",9.3,"",62,"",6.0,"",1000.0,"",1013.1,"",2,.9,"",.0,"8",0,"8","03","1","3","","3","","","3","","","1","","",0,"8",.0,"8",.0,"8","","8",0,"8","","",.0,"8",.0,"8",.0,"8",.0,"8",.0,"8",.0,"8",.0,"8",.0,"8",.0,"8",0,"8",0,"8",0,"8","","",0,"8",0,"8"
"352190360","P£OCK","2006","06","01","09","6","",0,"8",0,"8","","","",8,"",0,"8",0,"8",7,"",230,"",4,"",0,"",13.7,"",.0,"8","U","",10.5,"",67,"",7.7,"",1000.5,"",1013.5,"",3,1.0,"",.0,"8",0,"8","03","1","3","","9","","","5","","","/","","",0,"8",.0,"8",.0,"8","","8",0,"8","","",.0,"8",.0,"8",.0,"8",.0,"8",.0,"8",.0,"8",.0,"8",.0,"8",.0,"8",0,"8",0,"8",0,"8","","",0,"8",0,"8"
"352190360","P£OCK","2006","06","01","10","5","",0,"8",0,"8","","","",8,"",0,"8",0,"8",7,"",230,"",4,"",0,"",14.3,"",.0,"8","U","",11.1,"",68,"",8.5,"",1000.7,"",1013.7,"",2,1.1,"",.0,"8",0,"8","03","2","4","","9","","","3","","","/","","",0,"8",.0,"8",.0,"8","","8",0,"8","","",.0,"8",.0,"8",.0,"8",.0,"8",.0,"8",.0,"8",.0,"8",.0,"8",.0,"8",0,"8",0,"8",0,"8","","",0,"8",0,"8"
"352190360","P£OCK","2006","06","01","11","5","",0,"8",0,"8","","","",7,"",0,"8",0,"8",7,"",290,"",3,"",0,"",11.3,"",.0,"8","U","",10.3,"",77,"",7.4,"",1001.7,"",1014.9,"",2,1.7,"",.0,"8",0,"8","92","8","7","","9","","","/","","","/","","",0,"8",.0,"8",.0,"8","","8",0,"8","","",.0,"8",.0,"8",.0,"8",.0,"8",.0,"8",.0,"8",.0,"8",.0,"8",.0,"8",0,"8",0,"8",0,"8","","",0,"8",0,"8"
"352190360","P£OCK","2006","06","01","12","5","",0,"8",0,"8","","","",7,"",0,"8",0,"8",7,"",310,"",2,"",0,"",11.0,"",.0,"8","U","",11.1,"",85,"",8.6,"",1002.0,"",1015.2,"",2,1.5,"",2.5,"",6,"","95","1","7","","9","","","/","","","/","","",2,"",.0,"8",.0,"8","","8",0,"8","","",.0,"8",.0,"8",.0,"8",.0,"8",.0,"8",.0,"8",.0,"8",.0,"8",.0,"8",0,"8",0,"8",0,"8","","",0,"8",0,"8"
"352190360","P£OCK","2006","06","01","13","5","",0,"8",0,"8","","","",8,"",0,"8",0,"8",7,"",270,"",4,"",9,"",12.6,"",.0,"8","U","",10.8,"",74,"",8.1,"",1002.3,"",1015.4,"",1,1.6,"",.0,"8",0,"8","25","2","7","","9","","","/","","","/","","",0,"8",.0,"8",.0,"8","","8",0,"8","","",.0,"8",.0,"8",.0,"8",.0,"8",.0,"8",.0,"8",.0,"8",.0,"8",.0,"8",0,"8",0,"8",0,"8","","",0,"8",0,"8"
"352190360","P£OCK","2006","06","01","14","4","",0,"8",0,"8","","","",7,"",0,"8",0,"8",7,"",30,"",2,"",0,"",11.4,"",.0,"8","U","",10.8,"",80,"",8.1,"",1003.0,"",1016.2,"",3,1.3,"",.0,"8",0,"8","81","2","7","","9","","","/","","","/","","",0,"8",.0,"8",.0,"8","","8",0,"8","","",.0,"8",.0,"8",.0,"8",.0,"8",.0,"8",.0,"8",.0,"8",.0,"8",.0,"8",0,"8",0,"8",0,"8","","",0,"8",0,"8"
"352190360","P£OCK","2006","06","01","15","5","",0,"8",0,"8","","","",8,"",0,"8",0,"8",7,"",70,"",5,"",0,"",10.6,"",.0,"8","U","",10.3,"",81,"",7.5,"",1003.6,"",1016.8,"",2,1.6,"",.0,"8",0,"8","17","8","7","","9","","","/","","","/","","",0,"8",.0,"8",.0,"8","","8",0,"8","","",.0,"8",.0,"8",.0,"8",.0,"8",.0,"8",.0,"8",.0,"8",.0,"8",.0,"8",0,"8",0,"8",0,"8","","",0,"8",0,"8"
"352190360","P£OCK","2006","06","01","16","5","",0,"8",0,"8","","","",8,"",0,"8",0,"8",7,"",130,"",1,"",0,"",10.7,"",.0,"8","U","",10.7,"",83,"",7.9,"",1004.2,"",1017.4,"",2,1.9,"",.0,"8",0,"8","29","9","7","","9","","","/","","","/","","",0,"8",.0,"8",.0,"8","","8",0,"8","","",.0,"8",.0,"8",.0,"8",.0,"8",.0,"8",.0,"8",.0,"8",.0,"8",.0,"8",0,"8",0,"8",0,"8","","",0,"8",0,"8"
"352190360","P£OCK","2006","06","01","17","5","",0,"8",0,"8","","","",8,"",0,"8",0,"8",7,"",170,"",2,"",0,"",11.2,"",.0,"8","U","",10.5,"",79,"",7.7,"",1005.0,"",1018.2,"",3,2.0,"",.0,"8",0,"8","02","2","7","","9","","","/","","","/","","",0,"8",.0,"8",.0,"8","","8",0,"8","","",.0,"8",.0,"8",.0,"8",.0,"8",.0,"8",.0,"8",.0,"8",.0,"8",.0,"8",0,"8",0,"8",0,"8","","",0,"8",0,"8"
"352190360","P£OCK","2006","06","01","18","6","",0,"8",0,"8","","","",8,"",0,"8",0,"8",7,"",160,"",2,"",0,"",11.0,"",.0,"8","U","",10.2,"",78,"",7.3,"",1005.7,"",1018.9,"",2,2.1,"",4.0,"",6,"","01","9","6","","5","","","3","","","/","","",2,"",.0,"8",.0,"8","","8",0,"8","","",.0,"8",.0,"8",.0,"8",.0,"8",.0,"8",.0,"8",.0,"8",.0,"8",.0,"8",0,"8",0,"8",0,"8","","",0,"8",0,"8"
"352190360","P£OCK","2006","06","01","19","6","",0,"8",0,"8","","","",8,"",0,"8",0,"8",5,"",150,"",2,"",0,"",10.5,"",.0,"8","U","",10.4,"",82,"",7.6,"",1006.5,"",1019.8,"",2,2.3,"",.0,"8",0,"8","01","2","1","","5","","","3","","","1","","",0,"8",.0,"8",.0,"8","","8",0,"8","","",.0,"8",.0,"8",.0,"8",.0,"8",.0,"8",.0,"8",.0,"8",.0,"8",.0,"8",0,"8",0,"8",0,"8","","",0,"8",0,"8"
"352190360","P£OCK","2006","06","01","20","9","",0,"8",0,"8","","","",7,"",0,"8",0,"8",2,"",240,"",2,"",0,"",10.3,"",.0,"8","U","",9.9,"",79,"",6.8,"",1007.1,"",1020.4,"",2,2.1,"",.0,"8",0,"8","01","1","1","","0","","","3","","","1","","",0,"8",.0,"8",.0,"8","","8",0,"8","","",.0,"8",.0,"8",.0,"8",.0,"8",.0,"8",.0,"8",.0,"8",.0,"8",.0,"8",0,"8",0,"8",0,"8","","",0,"8",0,"8"
"352190360","P£OCK","2006","06","01","21","9","",0,"8",0,"8","","","",7,"",0,"8",0,"8",0,"",0,"",0,"",0,"",8.0,"",.0,"8","U","",8.9,"",83,"",5.3,"",1008.0,"",1021.4,"",2,2.3,"",.0,"8",0,"8","01","1","0","","0","","","0","","","0","","",0,"8",.0,"8",.0,"8","","8",0,"8","","",.0,"8",.0,"8",.0,"8",.0,"8",.0,"8",.0,"8",.0,"8",.0,"8",.0,"8",0,"8",0,"8",0,"8","","",0,"8",0,"8"
"352190360","P£OCK","2006","06","01","22","9","",0,"8",0,"8","","","",7,"",0,"8",0,"8",0,"",290,"",2,"",0,"",8.0,"",.0,"8","U","",8.5,"",79,"",4.6,"",1008.8,"",1022.2,"",2,2.3,"",.0,"8",0,"8","02","0","0","","0","","","0","","","0","","",0,"8",.0,"8",.0,"8","","8",0,"8","","",.0,"8",.0,"8",.0,"8",.0,"8",.0,"8",.0,"8",.0,"8",.0,"8",.0,"8",0,"8",0,"8",0,"8","","",0,"8",0,"8"
"352190360","P£OCK","2006","06","01","23","9","",0,"8",0,"8","","","",7,"",0,"8",0,"8",0,"",0,"",0,"",0,"",6.4,"",.0,"8","U","",8.2,"",85,"",4.1,"",1009.3,"",1022.8,"",1,2.2,"",.0,"8",0,"8","02","0","0","","0","","","0","","","0","","",0,"8",.0,"8",.0,"8","","8",0,"8","","",.0,"8",.0,"8",.0,"8",.0,"8",.0,"8",.0,"8",.0,"8",.0,"8",.0,"8",0,"8",0,"8",0,"8","","",0,"8",0,"8"
"352190360","P£OCK","2006","06","02","00","9","",0,"8",0,"8","","","",6,"",0,"8",0,"8",0,"",0,"",0,"",0,"",5.5,"",.0,"8","U","",8.0,"",89,"",3.8,"",1009.4,"",1022.9,"",1,1.4,"",.0,"9",0,"9","10","1","0","","0","","","0","","","0","","",2,"",.0,"8",.0,"8","","8",0,"8","","",.0,"8",.0,"8",.0,"8",.0,"8",.0,"8",.0,"8",.0,"8",.0,"8",.0,"8",0,"8",0,"8",0,"8","","",0,"8",0,"8"
"352190360","P£OCK","2006","06","02","01","9","",0,"8",0,"8","","","",6,"",0,"8",0,"8",0,"",0,"",0,"",0,"",4.8,"",.0,"8","U","",7.9,"",92,"",3.6,"",1010.0,"",1023.6,"",2,1.2,"",.0,"8",0,"8","10","0","0","","0","","","0","","","0","","",0,"8",.0,"8",.0,"8","","8",0,"8","","",.0,"8",.0,"8",.0,"8",.0,"8",.0,"8",.0,"8",.0,"8",.0,"8",.0,"8",0,"8",0,"8",0,"8","","",0,"8",0,"8"
"352190360","P£OCK","2006","06","02","02","9","",0,"8",0,"8","","","",6,"",0,"8",0,"8",0,"",350,"",1,"",0,"",3.8,"",.0,"8","U","",7.5,"",93,"",2.8,"",1010.0,"",1023.6,"",1,.7,"",.0,"8",0,"8","10","0","0","","0","","","0","","","0","","",0,"8",.0,"8",.0,"8","","8",0,"8","","",.0,"8",.0,"8",.0,"8",.0,"8",.0,"8",.0,"8",.0,"8",.0,"8",.0,"8",0,"8",0,"8",0,"8","","",0,"8",0,"8"
"352190360","P£OCK","2006","06","02","03","9","",0,"8",0,"8","","","",6,"",0,"8",0,"8",0,"",360,"",2,"",0,"",5.0,"",.0,"8","U","",8.2,"",94,"",4.1,"",1010.5,"",1024.1,"",2,1.1,"",.0,"8",0,"8","10","0","0","","0","","","0","","","0","","",0,"8",.0,"8",.0,"8","","8",0,"8","","",.0,"8",.0,"8",.0,"8",.0,"8",.0,"8",.0,"8",.0,"8",.0,"8",.0,"8",0,"8",0,"8",0,"8","","",0,"8",0,"8"
"352190360","P£OCK","2006","06","02","04","9","",0,"8",0,"8","","","",6,"",0,"8",0,"8",0,"",30,"",1,"",0,"",7.0,"",.0,"8","U","",9.5,"",95,"",6.3,"",1011.4,"",1024.9,"",3,1.4,"",.0,"8",0,"8","10","0","0","","0","","","0","","","0","","",0,"8",.0,"8",.0,"8","","8",0,"8","","",.0,"8",.0,"8",.0,"8",.0,"8",.0,"8",.0,"8",.0,"8",.0,"8",.0,"8",0,"8",0,"8",0,"8","","",0,"8",0,"8"
"352190360","P£OCK","2006","06","02","05","9","",0,"8",0,"8","","","",7,"",0,"8",0,"8",1,"",40,"",3,"",0,"",9.2,"",.0,"8","U","",10.6,"",91,"",7.8,"",1011.9,"",1025.3,"",2,1.9,"",.0,"8",0,"8","03","0","0","","0","","","0","","","1","","",0,"8",.0,"8",.0,"8","","8",0,"8","","",.0,"8",.0,"8",.0,"8",.0,"8",.0,"8",.0,"8",.0,"8",.0,"8",.0,"8",0,"8",0,"8",0,"8","","",0,"8",0,"8"
"352190360","P£OCK","2006","06","02","06","5","",0,"8",0,"8","","","",8,"",0,"8",0,"8",2,"",30,"",3,"",0,"",10.6,"",.0,"8","U","",10.6,"",83,"",7.8,"",1012.3,"",1025.6,"",1,1.8,"",.0,"9",0,"9","03","0","1","","1","","","0","","","1","","",2,"",.0,"8",.0,"8","","8",0,"8","","",.0,"8",.0,"8",.0,"8",.0,"8",.0,"8",.0,"8",.0,"8",.0,"8",.0,"8",0,"8",0,"8",0,"8","","",0,"8",0,"8"
"352190360","P£OCK","2006","06","02","07","5","",0,"8",0,"8","","","",8,"",0,"8",0,"8",3,"",20,"",3,"",0,"",11.4,"",.0,"8","U","",10.8,"",80,"",8.1,"",1012.7,"",1026.0,"",2,1.3,"",.0,"8",0,"8","03","0","2","","1","","","0","","","1","","",0,"8",.0,"8",.0,"8","","8",0,"8","","",.0,"8",.0,"8",.0,"8",.0,"8",.0,"8",.0,"8",.0,"8",.0,"8",.0,"8",0,"8",0,"8",0,"8","","",0,"8",0,"8"
"352190360","P£OCK","2006","06","02","08","6","",0,"8",0,"8","","","",8,"",0,"8",0,"8",2,"",20,"",4,"",0,"",12.1,"",.0,"8","U","",9.7,"",69,"",6.6,"",1012.9,"",1026.2,"",1,1.0,"",.0,"8",0,"8","03","0","1","","2","","","0","","","1","","",0,"8",.0,"8",.0,"8","","8",0,"8","","",.0,"8",.0,"8",.0,"8",.0,"8",.0,"8",.0,"8",.0,"8",.0,"8",.0,"8",0,"8",0,"8",0,"8","","",0,"8",0,"8"
"352190360","P£OCK","2006","06","02","09","6","",0,"8",0,"8","","","",8,"",0,"8",0,"8",2,"",20,"",4,"",0,"",13.5,"",.0,"8","U","",10.5,"",68,"",7.7,"",1013.1,"",1026.3,"",1,.8,"",.0,"8",0,"8","02","0","1","","2","","","0","","","1","","",0,"8",.0,"8",.0,"8","","8",0,"8","","",.0,"8",.0,"8",.0,"8",.0,"8",.0,"8",.0,"8",.0,"8",.0,"8",.0,"8",0,"8",0,"8",0,"8","","",0,"8",0,"8"
"352190360","P£OCK","2006","06","02","10","5","",0,"8",0,"8","","","",8,"",0,"8",0,"8",3,"",360,"",5,"",0,"",13.8,"",.0,"8","U","",9.6,"",61,"",6.4,"",1012.8,"",1026.0,"",0,.1,"",.0,"8",0,"8","03","0","2","","2","","","0","","","1","","",0,"8",.0,"8",.0,"8","","8",0,"8","","",.0,"8",.0,"8",.0,"8",.0,"8",.0,"8",.0,"8",.0,"8",.0,"8",.0,"8",0,"8",0,"8",0,"8","","",0,"8",0,"8"
"352190360","P£OCK","2006","06","02","11","5","",0,"8",0,"8","","","",8,"",0,"8",0,"8",4,"",10,"",5,"",0,"",15.0,"",.0,"8","U","",10.0,"",59,"",7.0,"",1012.8,"",1025.9,"",6,-.1,"",.0,"8",0,"8","03","0","4","","2","","","0","","","0","","",0,"8",.0,"8",.0,"8","","8",0,"8","","",.0,"8",.0,"8",.0,"8",.0,"8",.0,"8",.0,"8",.0,"8",.0,"8",.0,"8",0,"8",0,"8",0,"8","","",0,"8",0,"8"
"352190360","P£OCK","2006","06","02","12","6","",0,"8",0,"8","","","",8,"",0,"8",0,"8",3,"",20,"",4,"",0,"",15.4,"",.0,"8","U","",9.6,"",55,"",6.4,"",1012.8,"",1025.9,"",6,-.3,"",.0,"9",0,"9","01","0","3","","2","","","0","","","0","","",1,"",.0,"8",.0,"8","","8",0,"8","","",.0,"8",.0,"8",.0,"8",.0,"8",.0,"8",.0,"8",.0,"8",.0,"8",.0,"8",0,"8",0,"8",0,"8","","",0,"8",0,"8"
"352190360","P£OCK","2006","06","02","13","6","",0,"8",0,"8","","","",8,"",0,"8",0,"8",4,"",30,"",4,"",0,"",16.4,"",.0,"8","U","",9.1,"",49,"",5.6,"",1012.4,"",1025.5,"",8,-.4,"",.0,"8",0,"8","03","0","3","","2","","","3","","","1","","",0,"8",.0,"8",.0,"8","","8",0,"8","","",.0,"8",.0,"8",.0,"8",.0,"8",.0,"8",.0,"8",.0,"8",.0,"8",.0,"8",0,"8",0,"8",0,"8","","",0,"8",0,"8"
"352190360","P£OCK","2006","06","02","14","6","",0,"8",0,"8","","","",8,"",0,"8",0,"8",4,"",40,"",4,"",0,"",16.9,"",.0,"8","U","",9.0,"",47,"",5.5,"",1012.0,"",1025.0,"",8,-.8,"",.0,"8",0,"8","02","0","3","","2","","","3","","","1","","",0,"8",.0,"8",.0,"8","","8",0,"8","","",.0,"8",.0,"8",.0,"8",.0,"8",.0,"8",.0,"8",.0,"8",.0,"8",.0,"8",0,"8",0,"8",0,"8","","",0,"8",0,"8"
"352190360","P£OCK","2006","06","02","15","7","",0,"8",0,"8","","","",8,"",0,"8",0,"8",4,"",20,"",4,"",0,"",17.0,"",.0,"8","U","",9.5,"",49,"",6.2,"",1011.4,"",1024.4,"",8,-1.4,"",.0,"8",0,"8","01","0","2","","2","","","3","","","1","","",0,"8",.0,"8",.0,"8","","8",0,"8","","",.0,"8",.0,"8",.0,"8",.0,"8",.0,"8",.0,"8",.0,"8",.0,"8",.0,"8",0,"8",0,"8",0,"8","","",0,"8",0,"8"
"352190360","P£OCK","2006","06","02","16","7","",0,"8",0,"8","","","",8,"",0,"8",0,"8",4,"",30,"",3,"",0,"",17.3,"",.0,"8","U","",9.7,"",49,"",6.5,"",1011.3,"",1024.3,"",7,-1.1,"",.0,"8",0,"8","02","0","2","","2","","","3","","","1","","",0,"8",.0,"8",.0,"8","","8",0,"8","","",.0,"8",.0,"8",.0,"8",.0,"8",.0,"8",.0,"8",.0,"8",.0,"8",.0,"8",0,"8",0,"8",0,"8","","",0,"8",0,"8"
"352190360","P£OCK","2006","06","02","17","7","",0,"8",0,"8","","","",8,"",0,"8",0,"8",3,"",20,"",3,"",0,"",15.9,"",.0,"8","U","",9.4,"",52,"",6.0,"",1011.3,"",1024.4,"",6,-.7,"",.0,"8",0,"8","01","0","2","","1","","","0","","","1","","",0,"8",.0,"8",.0,"8","","8",0,"8","","",.0,"8",.0,"8",.0,"8",.0,"8",.0,"8",.0,"8",.0,"8",.0,"8",.0,"8",0,"8",0,"8",0,"8","","",0,"8",0,"8"
"352190360","P£OCK","2006","06","02","18","9","",0,"8",0,"8","","","",8,"",0,"8",0,"8",3,"",30,"",2,"",0,"",15.6,"",.0,"8","U","",10.3,"",58,"",7.4,"",1011.1,"",1024.2,"",7,-.3,"",.0,"9",0,"9","01","0","2","","0","","","3","","","1","","",1,"",.0,"8",.0,"8","","8",0,"8","","",.0,"8",.0,"8",.0,"8",.0,"8",.0,"8",.0,"8",.0,"8",.0,"8",.0,"8",0,"8",0,"8",0,"8","","",0,"8",0,"8"
"352190360","P£OCK","2006","06","02","19","9","",0,"8",0,"8","","","",8,"",0,"8",0,"8",2,"",20,"",3,"",0,"",13.8,"",.0,"8","U","",9.8,"",62,"",6.6,"",1011.2,"",1024.4,"",5,-.1,"",.0,"8",0,"8","01","0","2","","0","","","3","","","0","","",0,"8",.0,"8",.0,"8","","8",0,"8","","",.0,"8",.0,"8",.0,"8",.0,"8",.0,"8",.0,"8",.0,"8",.0,"8",.0,"8",0,"8",0,"8",0,"8","","",0,"8",0,"8"
"352190360","P£OCK","2006","06","02","20","9","",0,"8",0,"8","","","",8,"",0,"8",0,"8",1,"",20,"",2,"",0,"",11.6,"",.0,"8","U","",9.5,"",70,"",6.3,"",1011.3,"",1024.6,"",5,.0,"",.0,"8",0,"8","01","0","1","","0","","","3","","","0","","",0,"8",.0,"8",.0,"8","","8",0,"8","","",.0,"8",.0,"8",.0,"8",.0,"8",.0,"8",.0,"8",.0,"8",.0,"8",.0,"8",0,"8",0,"8",0,"8","","",0,"8",0,"8"
"352190360","P£OCK","2006","06","02","21","9","",0,"8",0,"8","","","",8,"",0,"8",0,"8",1,"",20,"",3,"",0,"",10.5,"",.0,"8","U","",9.4,"",74,"",6.1,"",1010.9,"",1024.2,"",8,-.2,"",.0,"8",0,"8","02","0","1","","0","","","3","","","0","","",0,"8",.0,"8",.0,"8","","8",0,"8","","",.0,"8",.0,"8",.0,"8",.0,"8",.0,"8",.0,"8",.0,"8",.0,"8",.0,"8",0,"8",0,"8",0,"8","","",0,"8",0,"8"
"352190360","P£OCK","2006","06","02","22","9","",0,"8",0,"8","","","",8,"",0,"8",0,"8",2,"",360,"",2,"",0,"",9.5,"",.0,"8","U","",9.1,"",77,"",5.7,"",1011.3,"",1024.7,"",2,.1,"",.0,"8",0,"8","03","0","1","","0","","","3","","","1","","",0,"8",.0,"8",.0,"8","","8",0,"8","","",.0,"8",.0,"8",.0,"8",.0,"8",.0,"8",.0,"8",.0,"8",.0,"8",.0,"8",0,"8",0,"8",0,"8","","",0,"8",0,"8"
"352190360","P£OCK","2006","06","02","23","9","",0,"8",0,"8","","","",8,"",0,"8",0,"8",2,"",10,"",3,"",0,"",8.6,"",.0,"8","U","",9.0,"",81,"",5.5,"",1011.2,"",1024.6,"",7,-.1,"",.0,"8",0,"8","02","0","1","","0","","","3","","","1","","",0,"8",.0,"8",.0,"8","","8",0,"8","","",.0,"8",.0,"8",.0,"8",.0,"8",.0,"8",.0,"8",.0,"8",.0,"8",.0,"8",0,"8",0,"8",0,"8","","",0,"8",0,"8"
"352190360","P£OCK","2006","06","03","00","9","",0,"8",0,"8","","","",8,"",0,"8",0,"8",1,"",20,"",3,"",0,"",8.1,"",.0,"8","U","",8.8,"",82,"",5.2,"",1011.2,"",1024.6,"",1,.3,"",.0,"9",0,"9","01","0","1","","0","","","3","","","0","","",1,"",.0,"8",.0,"8","","8",0,"8","","",.0,"8",.0,"8",.0,"8",.0,"8",.0,"8",.0,"8",.0,"8",.0,"8",.0,"8",0,"8",0,"8",0,"8","","",0,"8",0,"8"
"352190360","P£OCK","2006","06","03","01","9","",0,"8",0,"8","","","",8,"",0,"8",0,"8",4,"",20,"",3,"",0,"",8.4,"",.0,"8","U","",8.9,"",81,"",5.3,"",1010.8,"",1024.2,"",7,-.5,"",.0,"8",0,"8","03","0","4","","0","","","5","","","0","","",0,"8",.0,"8",.0,"8","","8",0,"8","","",.0,"8",.0,"8",.0,"8",.0,"8",.0,"8",.0,"8",.0,"8",.0,"8",.0,"8",0,"8",0,"8",0,"8","","",0,"8",0,"8"
"352190360","P£OCK","2006","06","03","02","7","",0,"8",0,"8","","","",8,"",0,"8",0,"8",7,"",40,"",3,"",0,"",8.4,"",.0,"8","U","",8.9,"",81,"",5.3,"",1010.7,"",1024.1,"",8,-.5,"",.0,"8",0,"8","03","1","1","","5","","","5","","","/","","",0,"8",.0,"8",.0,"8","","8",0,"8","","",.0,"8",.0,"8",.0,"8",.0,"8",.0,"8",.0,"8",.0,"8",.0,"8",.0,"8",0,"8",0,"8",0,"8","","",0,"8",0,"8"
"352190360","P£OCK","2006","06","03","03","7","",0,"8",0,"8","","","",8,"",0,"8",0,"8",7,"",20,"",3,"",0,"",8.2,"",.0,"8","U","",9.0,"",83,"",5.5,"",1010.1,"",1023.5,"",7,-1.1,"",.0,"8",0,"8","02","1","1","","5","","","3","","","/","","",0,"8",.0,"8",.0,"8","","8",0,"8","","",.0,"8",.0,"8",.0,"8",.0,"8",.0,"8",.0,"8",.0,"8",.0,"8",.0,"8",0,"8",0,"8",0,"8","","",0,"8",0,"8"
"352190360","P£OCK","2006","06","03","04","9","",0,"8",0,"8","","","",8,"",0,"8",0,"8",7,"",10,"",3,"",0,"",8.7,"",.0,"8","U","",9.3,"",83,"",6.0,"",1010.0,"",1023.4,"",7,-.8,"",.0,"8",0,"8","01","2","5","","0","","","3","","","8","","",0,"8",.0,"8",.0,"8","","8",0,"8","","",.0,"8",.0,"8",.0,"8",.0,"8",.0,"8",.0,"8",.0,"8",.0,"8",.0,"8",0,"8",0,"8",0,"8","","",0,"8",0,"8"
"352190360","P£OCK","2006","06","03","05","6","",0,"8",0,"8","","","",8,"",0,"8",0,"8",7,"",20,"",2,"",0,"",9.8,"",.0,"8","U","",9.9,"",82,"",6.9,"",1009.9,"",1023.2,"",6,-.8,"",.0,"8",0,"8","03","2","1","","5","","","3","","","8","","",0,"8",.0,"8",.0,"8","","8",0,"8","","",.0,"8",.0,"8",.0,"8",.0,"8",.0,"8",.0,"8",.0,"8",.0,"8",.0,"8",0,"8",0,"8",0,"8","","",0,"8",0,"8"
"352190360","P£OCK","2006","06","03","06","9","",0,"8",0,"8","","","",8,"",0,"8",0,"8",7,"",20,"",3,"",0,"",11.1,"",.0,"8","U","",10.2,"",77,"",7.2,"",1009.7,"",1023.0,"",7,-.4,"",.0,"9",0,"9","01","1","7","","0","","","5","","","/","","",1,"",.0,"8",.0,"8","","8",0,"8","","",.0,"8",.0,"8",.0,"8",.0,"8",.0,"8",.0,"8",.0,"8",.0,"8",.0,"8",0,"8",0,"8",0,"8","","",0,"8",0,"8"
"352190360","P£OCK","2006","06","03","07","9","",0,"8",0,"8","","","",8,"",0,"8",0,"8",3,"",40,"",5,"",0,"",13.9,"",.0,"8","U","",10.3,"",65,"",7.4,"",1009.7,"",1022.9,"",6,-.3,"",.0,"8",0,"8","01","1","2","","0","","","3","","","1","","",0,"8",.0,"8",.0,"8","","8",0,"8","","",.0,"8",.0,"8",.0,"8",.0,"8",.0,"8",.0,"8",.0,"8",.0,"8",.0,"8",0,"8",0,"8",0,"8","","",0,"8",0,"8"
"352190360","P£OCK","2006","06","03","08","9","",0,"8",0,"8","","","",8,"",0,"8",0,"8",1,"",40,"",5,"",0,"",15.1,"",.0,"8","U","",9.8,"",57,"",6.6,"",1009.3,"",1022.4,"",7,-.6,"",.0,"8",0,"8","01","0","0","","0","","","0","","","1","","",0,"8",.0,"8",.0,"8","","8",0,"8","","",.0,"8",.0,"8",.0,"8",.0,"8",.0,"8",.0,"8",.0,"8",.0,"8",.0,"8",0,"8",0,"8",0,"8","","",0,"8",0,"8"
"352190360","P£OCK","2006","06","03","09","6","",0,"8",0,"8","","","",8,"",0,"8",0,"8",2,"",30,"",4,"",0,"",16.1,"",.0,"8","U","",9.3,"",51,"",6.0,"",1008.9,"",1021.9,"",8,-.8,"",.0,"8",0,"8","03","1","1","","1","","","0","","","1","","",0,"8",.0,"8",.0,"8","","8",0,"8","","",.0,"8",.0,"8",.0,"8",.0,"8",.0,"8",.0,"8",.0,"8",.0,"8",.0,"8",0,"8",0,"8",0,"8","","",0,"8",0,"8"
"352190360","P£OCK","2006","06","03","10","6","",0,"8",0,"8","","","",8,"",0,"8",0,"8",3,"",30,"",3,"",0,"",17.1,"",.0,"8","U","",9.5,"",49,"",6.3,"",1008.2,"",1021.2,"",8,-1.5,"",.0,"8",0,"8","03","0","3","","1","","","0","","","0","","",0,"8",.0,"8",.0,"8","","8",0,"8","","",.0,"8",.0,"8",.0,"8",.0,"8",.0,"8",.0,"8",.0,"8",.0,"8",.0,"8",0,"8",0,"8",0,"8","","",0,"8",0,"8"
"352190360","P£OCK","2006","06","03","11","6","",0,"8",0,"8","","","",8,"",0,"8",0,"8",4,"",20,"",3,"",0,"",17.4,"",.0,"8","U","",9.5,"",48,"",6.3,"",1007.8,"",1020.8,"",7,-1.5,"",.0,"8",0,"8","03","0","3","","1","","","0","","","1","","",0,"8",.0,"8",.0,"8","","8",0,"8","","",.0,"8",.0,"8",.0,"8",.0,"8",.0,"8",.0,"8",.0,"8",.0,"8",.0,"8",0,"8",0,"8",0,"8","","",0,"8",0,"8"
"352190360","P£OCK","2006","06","03","12","6","",0,"8",0,"8","","","",8,"",0,"8",0,"8",4,"",350,"",3,"",0,"",17.8,"",.0,"8","U","",8.9,"",44,"",5.4,"",1007.0,"",1019.9,"",7,-1.9,"",.0,"9",0,"9","02","1","3","","1","","","0","","","1","","",0,"",.0,"8",.0,"8","","8",0,"8","","",.0,"8",.0,"8",.0,"8",.0,"8",.0,"8",.0,"8",.0,"8",.0,"8",.0,"8",0,"8",0,"8",0,"8","","",0,"8",0,"8"
"352190360","P£OCK","2006","06","03","13","6","",0,"8",0,"8","","","",8,"",0,"8",0,"8",3,"",340,"",3,"",0,"",18.3,"",.0,"8","U","",9.0,"",43,"",5.5,"",1006.4,"",1019.3,"",7,-1.8,"",.0,"8",0,"8","01","0","2","","1","","","0","","","1","","",0,"8",.0,"8",.0,"8","","8",0,"8","","",.0,"8",.0,"8",.0,"8",.0,"8",.0,"8",.0,"8",.0,"8",.0,"8",.0,"8",0,"8",0,"8",0,"8","","",0,"8",0,"8"
"352190360","P£OCK","2006","06","03","14","7","",0,"8",0,"8","","","",8,"",0,"8",0,"8",3,"",320,"",2,"",0,"",18.3,"",.0,"8","U","",7.6,"",36,"",3.0,"",1005.8,"",1018.7,"",6,-2.0,"",.0,"8",0,"8","01","0","1","","1","","","0","","","2","","",0,"8",.0,"8",.0,"8","","8",0,"8","","",.0,"8",.0,"8",.0,"8",.0,"8",.0,"8",.0,"8",.0,"8",.0,"8",.0,"8",0,"8",0,"8",0,"8","","",0,"8",0,"8"
"352190360","P£OCK","2006","06","03","15","7","",0,"8",0,"8","","","",8,"",0,"8",0,"8",4,"",30,"",2,"",0,"",18.7,"",.0,"8","U","",8.4,"",39,"",4.5,"",1005.2,"",1018.1,"",7,-1.8,"",.0,"8",0,"8","03","0","1","","1","","","0","","","6","","",0,"8",.0,"8",.0,"8","","8",0,"8","","",.0,"8",.0,"8",.0,"8",.0,"8",.0,"8",.0,"8",.0,"8",.0,"8",.0,"8",0,"8",0,"8",0,"8","","",0,"8",0,"8"
"352190360","P£OCK","2006","06","03","16","7","",0,"8",0,"8","","","",8,"",0,"8",0,"8",6,"",50,"",2,"",0,"",18.8,"",.0,"8","U","",9.5,"",44,"",6.3,"",1004.7,"",1017.6,"",7,-1.7,"",.0,"8",0,"8","03","1","1","","1","","","3","","","6","","",0,"8",.0,"8",.0,"8","","8",0,"8","","",.0,"8",.0,"8",.0,"8",.0,"8",.0,"8",.0,"8",.0,"8",.0,"8",.0,"8",0,"8",0,"8",0,"8","","",0,"8",0,"8"
"352190360","P£OCK","2006","06","03","17","7","",0,"8",0,"8","","","",8,"",0,"8",0,"8",6,"",330,"",3,"",0,"",18.4,"",.0,"8","U","",8.7,"",41,"",4.9,"",1004.1,"",1017.0,"",7,-1.7,"",.0,"8",0,"8","01","2","1","","5","","","4","","","8","","",0,"8",.0,"8",.0,"8","","8",0,"8","","",.0,"8",.0,"8",.0,"8",.0,"8",.0,"8",.0,"8",.0,"8",.0,"8",.0,"8",0,"8",0,"8",0,"8","","",0,"8",0,"8"
"352190360","P£OCK","2006","06","03","18","7","",0,"8",0,"8","","","",8,"",0,"8",0,"8",4,"",330,"",2,"",0,"",17.1,"",.0,"8","U","",8.9,"",46,"",5.4,"",1003.6,"",1016.5,"",7,-1.6,"",.0,"9",0,"9","01","1","1","","5","","","4","","","8","","",0,"",.0,"8",.0,"8","","8",0,"8","","",.0,"8",.0,"8",.0,"8",.0,"8",.0,"8",.0,"8",.0,"8",.0,"8",.0,"8",0,"8",0,"8",0,"8","","",0,"8",0,"8"
"352190360","P£OCK","2006","06","03","19","9","",0,"8",0,"8","","","",9,"",0,"8",0,"8",3,"",330,"",2,"",0,"",14.9,"",.0,"8","U","",9.1,"",54,"",5.7,"",1003.2,"",1016.2,"",6,-1.5,"",.0,"8",0,"8","01","0","1","","0","","","3","","","8","","",0,"8",.0,"8",.0,"8","","8",0,"8","","",.0,"8",.0,"8",.0,"8",.0,"8",.0,"8",.0,"8",.0,"8",.0,"8",.0,"8",0,"8",0,"8",0,"8","","",0,"8",0,"8"
"352190360","P£OCK","2006","06","03","20","9","",0,"8",0,"8","","","",7,"",0,"8",0,"8",3,"",360,"",2,"",0,"",11.5,"",.0,"8","U","",9.5,"",70,"",6.2,"",1003.3,"",1016.5,"",5,-.8,"",.0,"8",0,"8","01","0","0","","0","","","0","","","8","","",0,"8",.0,"8",.0,"8","","8",0,"8","","",.0,"8",.0,"8",.0,"8",.0,"8",.0,"8",.0,"8",.0,"8",.0,"8",.0,"8",0,"8",0,"8",0,"8","","",0,"8",0,"8"
"352190360","P£OCK","2006","06","03","21","9","",0,"8",0,"8","","","",8,"",0,"8",0,"8",5,"",310,"",3,"",0,"",12.2,"",.0,"8","U","",10.5,"",74,"",7.7,"",1003.1,"",1016.2,"",7,-.5,"",.0,"8",0,"8","03","1","0","","0","","","0","","","6","","",0,"8",.0,"8",.0,"8","","8",0,"8","","",.0,"8",.0,"8",.0,"8",.0,"8",.0,"8",.0,"8",.0,"8",.0,"8",.0,"8",0,"8",0,"8",0,"8","","",0,"8",0,"8"
"352190360","P£OCK","2006","06","03","22","9","",0,"8",0,"8","","","",8,"",0,"8",0,"8",5,"",310,"",2,"",0,"",11.5,"",.0,"8","U","",11.5,"",85,"",9.1,"",1002.7,"",1015.9,"",8,-.5,"",.0,"8",0,"8","02","2","0","","0","","","0","","","8","","",0,"8",.0,"8",.0,"8","","8",0,"8","","",.0,"8",.0,"8",.0,"8",.0,"8",.0,"8",.0,"8",.0,"8",.0,"8",.0,"8",0,"8",0,"8",0,"8","","",0,"8",0,"8"
"352190360","P£OCK","2006","06","03","23","9","",0,"8",0,"8","","","",8,"",0,"8",0,"8",6,"",340,"",2,"",0,"",11.0,"",.0,"8","U","",11.4,"",87,"",8.9,"",1002.1,"",1015.3,"",8,-1.2,"",.0,"8",0,"8","03","2","0","","0","","","0","","","6","","",0,"8",.0,"8",.0,"8","","8",0,"8","","",.0,"8",.0,"8",.0,"8",.0,"8",.0,"8",.0,"8",.0,"8",.0,"8",.0,"8",0,"8",0,"8",0,"8","","",0,"8",0,"8"
"352190360","P£OCK","2006","06","04","00","9","",0,"8",0,"8","","","",8,"",0,"8",0,"8",6,"",320,"",2,"",0,"",10.3,"",.0,"8","U","",11.1,"",89,"",8.6,"",1001.4,"",1014.6,"",8,-1.7,"",.0,"9",0,"9","03","1","2","","0","","","3","","","8","","",0,"",.0,"8",.0,"8","","8",0,"8","","",.0,"8",.0,"8",.0,"8",.0,"8",.0,"8",.0,"8",.0,"8",.0,"8",.0,"8",0,"8",0,"8",0,"8","","",0,"8",0,"8"
"352190360","P£OCK","2006","06","04","01","4","",0,"8",0,"8","","","",8,"",0,"8",0,"8",7,"",310,"",3,"",0,"",10.6,"",.0,"8","U","",11.6,"",91,"",9.2,"",1001.0,"",1014.2,"",7,-1.7,"",.0,"8",0,"8","03","2","7","","5","","","/","","","/","","",0,"8",.0,"8",.0,"8","","8",0,"8","","",.0,"8",.0,"8",.0,"8",.0,"8",.0,"8",.0,"8",.0,"8",.0,"8",.0,"8",0,"8",0,"8",0,"8","","",0,"8",0,"8"
"352190360","P£OCK","2006","06","04","02","4","",0,"8",0,"8","","","",8,"",0,"8",0,"8",8,"",330,"",2,"",0,"",10.5,"",.0,"8","U","",11.5,"",91,"",9.1,"",1000.6,"",1013.8,"",6,-1.5,"",.0,"8",0,"8","01","2","5","","5","","","3","","","7","","",0,"8",.0,"8",.0,"8","","8",0,"8","","",.0,"8",.0,"8",.0,"8",.0,"8",.0,"8",.0,"8",.0,"8",.0,"8",.0,"8",0,"8",0,"8",0,"8","","",0,"8",0,"8"
"352190360","P£OCK","2006","06","04","03","9","",0,"8",0,"8","","","",7,"",0,"8",0,"8",7,"",310,"",2,"",0,"",9.9,"",.0,"8","U","",11.2,"",92,"",8.7,"",1000.0,"",1013.2,"",8,-1.4,"",.0,"8",0,"8","01","2","2","","0","","","3","","","8","","",0,"8",.0,"8",.0,"8","","8",0,"8","","",.0,"8",.0,"8",.0,"8",.0,"8",.0,"8",.0,"8",.0,"8",.0,"8",.0,"8",0,"8",0,"8",0,"8","","",0,"8",0,"8"
"352190360","P£OCK","2006","06","04","04","6","",0,"8",0,"8","","","",7,"",0,"8",0,"8",7,"",320,"",2,"",0,"",10.0,"",.0,"8","U","",11.4,"",93,"",8.9,"",1000.1,"",1013.3,"",5,-.9,"",.0,"8",0,"8","03","2","4","","5","","","3","","","8","","",0,"8",.0,"8",.0,"8","","8",0,"8","","",.0,"8",.0,"8",.0,"8",.0,"8",.0,"8",.0,"8",.0,"8",.0,"8",.0,"8",0,"8",0,"8",0,"8","","",0,"8",0,"8"
"352190360","P£OCK","2006","06","04","05","5","",0,"8",0,"8","","","",7,"",0,"8",0,"8",8,"",330,"",2,"",0,"",10.5,"",.0,"8","U","",11.8,"",93,"",9.4,"",1000.0,"",1013.2,"",7,-.6,"",.0,"8",0,"8","03","2","8","","5","","","/","","","/","","",0,"8",.0,"8",.0,"8","","8",0,"8","","",.0,"8",.0,"8",.0,"8",.0,"8",.0,"8",.0,"8",.0,"8",.0,"8",.0,"8",0,"8",0,"8",0,"8","","",0,"8",0,"8"
"352190360","P£OCK","2006","06","04","06","5","",0,"8",0,"8","","","",7,"",0,"8",0,"8",7,"",350,"",2,"",0,"",11.0,"",.0,"8","U","",11.8,"",90,"",9.4,"",999.8,"",1013.0,"",8,-.2,"",.0,"9",0,"9","01","2","7","","5","","","/","","","/","","",0,"",.0,"8",.0,"8","","8",0,"8","","",.0,"8",.0,"8",.0,"8",.0,"8",.0,"8",.0,"8",.0,"8",.0,"8",.0,"8",0,"8",0,"8",0,"8","","",0,"8",0,"8"
"352190360","P£OCK","2006","06","04","07","4","",0,"8",0,"8","","","",7,"",0,"8",0,"8",8,"",310,"",3,"",0,"",11.6,"",.0,"8","U","",12.3,"",90,"",10.0,"",999.5,"",1012.6,"",8,-.6,"",.0,"8",0,"8","03","2","7","","5","","","/","","","/","","",0,"8",.0,"8",.0,"8","","8",0,"8","","",.0,"8",.0,"8",.0,"8",.0,"8",.0,"8",.0,"8",.0,"8",.0,"8",.0,"8",0,"8",0,"8",0,"8","","",0,"8",0,"8"
"352190360","P£OCK","2006","06","04","08","4","",0,"8",0,"8","","","",8,"",0,"8",0,"8",8,"",320,"",4,"",0,"",12.1,"",.0,"8","U","",11.6,"",82,"",9.1,"",999.3,"",1012.4,"",7,-.7,"",.0,"8",0,"8","02","2","7","","5","","","/","","","/","","",0,"8",.0,"8",.0,"8","","8",0,"8","","",.0,"8",.0,"8",.0,"8",.0,"8",.0,"8",.0,"8",.0,"8",.0,"8",.0,"8",0,"8",0,"8",0,"8","","",0,"8",0,"8"
"352190360","P£OCK","2006","06","04","09","4","",0,"8",0,"8","","","",8,"",0,"8",0,"8",8,"",330,"",5,"",0,"",11.2,"",.0,"8","U","",11.3,"",85,"",8.8,"",999.6,"",1012.7,"",5,-.2,"",.0,"8",0,"8","25","2","8","","9","","","/","","","/","","",0,"8",.0,"8",.0,"8","","8",0,"8","","",.0,"8",.0,"8",.0,"8",.0,"8",.0,"8",.0,"8",.0,"8",.0,"8",.0,"8",0,"8",0,"8",0,"8","","",0,"8",0,"8"
"352190360","P£OCK","2006","06","04","10","5","",0,"8",0,"8","","","",8,"",0,"8",0,"8",8,"",320,"",4,"",0,"",11.9,"",.0,"8","U","",10.8,"",78,"",8.2,"",999.7,"",1012.8,"",3,.2,"",.0,"8",0,"8","25","2","8","","9","","","/","","","/","","",0,"8",.0,"8",.0,"8","","8",0,"8","","",.0,"8",.0,"8",.0,"8",.0,"8",.0,"8",.0,"8",.0,"8",.0,"8",.0,"8",0,"8",0,"8",0,"8","","",0,"8",0,"8"
"352190360","P£OCK","2006","06","04","11","5","",0,"8",0,"8","","","",7,"",0,"8",0,"8",8,"",310,"",5,"",0,"",12.0,"",.0,"8","U","",10.6,"",76,"",7.9,"",999.9,"",1013.0,"",2,.6,"",.0,"8",0,"8","80","8","8","","9","","","/","","","/","","",0,"8",.0,"8",.0,"8","","8",0,"8","","",.0,"8",.0,"8",.0,"8",.0,"8",.0,"8",.0,"8",.0,"8",.0,"8",.0,"8",0,"8",0,"8",0,"8","","",0,"8",0,"8"
"352190360","P£OCK","2006","06","04","12","4","",0,"8",0,"8","","","",8,"",0,"8",0,"8",8,"",300,"",4,"",0,"",12.8,"",.0,"8","U","",11.4,"",77,"",8.9,"",999.7,"",1012.8,"",0,.1,"",.2,"",6,"","80","2","8","","9","","","/","","","/","","",1,"",.0,"8",.0,"8","","8",0,"8","","",.0,"8",.0,"8",.0,"8",.0,"8",.0,"8",.0,"8",.0,"8",.0,"8",.0,"8",0,"8",0,"8",0,"8","","",0,"8",0,"8"
"352190360","P£OCK","2006","06","04","13","5","",0,"8",0,"8","","","",8,"",0,"8",0,"8",8,"",270,"",3,"",0,"",12.7,"",.0,"8","U","",10.4,"",71,"",7.6,"",999.6,"",1012.7,"",8,-.1,"",.0,"8",0,"8","25","2","7","","9","","","/","","","/","","",0,"8",.0,"8",.0,"8","","8",0,"8","","",.0,"8",.0,"8",.0,"8",.0,"8",.0,"8",.0,"8",.0,"8",.0,"8",.0,"8",0,"8",0,"8",0,"8","","",0,"8",0,"8"
"352190360","P£OCK","2006","06","04","14","6","",0,"8",0,"8","","","",8,"",0,"8",0,"8",7,"",300,"",4,"",0,"",14.5,"",.0,"8","U","",9.2,"",56,"",5.8,"",999.4,"",1012.4,"",7,-.5,"",.0,"8",0,"8","01","2","6","","8","","","3","","","/","","",0,"8",.0,"8",.0,"8","","8",0,"8","","",.0,"8",.0,"8",.0,"8",.0,"8",.0,"8",.0,"8",.0,"8",.0,"8",.0,"8",0,"8",0,"8",0,"8","","",0,"8",0,"8"
"352190360","P£OCK","2006","06","04","15","6","",0,"8",0,"8","","","",8,"",0,"8",0,"8",7,"",300,"",6,"",0,"",13.9,"",.0,"8","U","",8.4,"",53,"",4.5,"",999.4,"",1012.4,"",6,-.3,"",.0,"8",0,"8","03","8","7","","8","","","/","","","/","","",0,"8",.0,"8",.0,"8","","8",0,"8","","",.0,"8",.0,"8",.0,"8",.0,"8",.0,"8",.0,"8",.0,"8",.0,"8",.0,"8",0,"8",0,"8",0,"8","","",0,"8",0,"8"
"352190360","P£OCK","2006","06","04","16","6","",0,"8",0,"8","","","",8,"",0,"8",0,"8",6,"",290,"",5,"",0,"",13.9,"",.0,"8","U","",9.0,"",57,"",5.5,"",999.3,"",1012.3,"",7,-.3,"",.0,"8",0,"8","01","2","2","","8","","","3","","","1","","",0,"8",.0,"8",.0,"8","","8",0,"8","","",.0,"8",.0,"8",.0,"8",.0,"8",.0,"8",.0,"8",.0,"8",.0,"8",.0,"8",0,"8",0,"8",0,"8","","",0,"8",0,"8"
"352190360","P£OCK","2006","06","04","17","6","",0,"8",0,"8","","","",8,"",0,"8",0,"8",6,"",300,"",6,"",0,"",13.4,"",.0,"8","U","",9.2,"",60,"",5.8,"",999.5,"",1012.5,"",3,.1,"",.0,"8",0,"8","03","2","4","","8","","","3","","","0","","",0,"8",.0,"8",.0,"8","","8",0,"8","","",.0,"8",.0,"8",.0,"8",.0,"8",.0,"8",.0,"8",.0,"8",.0,"8",.0,"8",0,"8",0,"8",0,"8","","",0,"8",0,"8"
"352190360","P£OCK","2006","06","04","18","6","",0,"8",0,"8","","","",8,"",0,"8",0,"8",5,"",280,"",4,"",0,"",12.7,"",.0,"8","U","",9.2,"",63,"",5.8,"",999.6,"",1012.7,"",3,.2,"",.0,"",6,"","01","8","3","","5","","","3","","","0","","",0,"",.0,"8",.0,"8","","8",0,"8","","",.0,"8",.0,"8",.0,"8",.0,"8",.0,"8",.0,"8",.0,"8",.0,"8",.0,"8",0,"8",0,"8",0,"8","","",0,"8",0,"8"
"352190360","P£OCK","2006","06","04","19","6","",0,"8",0,"8","","","",8,"",0,"8",0,"8",5,"",290,"",3,"",0,"",11.2,"",.0,"8","U","",9.3,"",70,"",5.9,"",999.9,"",1013.1,"",2,.6,"",.0,"8",0,"8","02","2","3","","5","","","3","","","0","","",0,"8",.0,"8",.0,"8","","8",0,"8","","",.0,"8",.0,"8",.0,"8",.0,"8",.0,"8",.0,"8",.0,"8",.0,"8",.0,"8",0,"8",0,"8",0,"8","","",0,"8",0,"8"
"352190360","P£OCK","2006","06","04","20","6","",0,"8",0,"8","","","",8,"",0,"8",0,"8",5,"",270,"",4,"",0,"",10.9,"",.0,"8","U","",10.3,"",79,"",7.4,"",1000.1,"",1013.3,"",2,.6,"",.0,"8",0,"8","02","2","3","","5","","","3","","","0","","",0,"8",.0,"8",.0,"8","","8",0,"8","","",.0,"8",.0,"8",.0,"8",.0,"8",.0,"8",.0,"8",.0,"8",.0,"8",.0,"8",0,"8",0,"8",0,"8","","",0,"8",0,"8"
"352190360","P£OCK","2006","06","04","21","6","",0,"8",0,"8","","","",8,"",0,"8",0,"8",7,"",260,"",5,"",0,"",11.1,"",.0,"8","U","",10.6,"",80,"",7.8,"",999.9,"",1013.1,"",0,.3,"",.0,"8",0,"8","01","2","2","","5","","","5","","","/","","",0,"8",.0,"8",.0,"8","","8",0,"8","","",.0,"8",.0,"8",.0,"8",.0,"8",.0,"8",.0,"8",.0,"8",.0,"8",.0,"8",0,"8",0,"8",0,"8","","",0,"8",0,"8"
"352190360","P£OCK","2006","06","04","22","5","",0,"8",0,"8","","","",7,"",0,"8",0,"8",7,"",280,"",3,"",0,"",10.6,"",.0,"8","U","",11.0,"",86,"",8.4,"",999.3,"",1012.5,"",8,-.6,"",.0,"8",0,"8","25","2","5","","9","","","3","","","/","","",0,"8",.0,"8",.0,"8","","8",0,"8","","",.0,"8",.0,"8",.0,"8",.0,"8",.0,"8",.0,"8",.0,"8",.0,"8",.0,"8",0,"8",0,"8",0,"8","","",0,"8",0,"8"
"352190360","P£OCK","2006","06","04","23","6","",0,"8",0,"8","","","",7,"",0,"8",0,"8",7,"",270,"",6,"",0,"",11.2,"",.0,"8","U","",11.0,"",83,"",8.4,"",999.1,"",1012.2,"",7,-1.0,"",.0,"8",0,"8","03","2","7","","9","","","/","","","/","","",0,"8",.0,"8",.0,"8","","8",0,"8","","",.0,"8",.0,"8",.0,"8",.0,"8",.0,"8",.0,"8",.0,"8",.0,"8",.0,"8",0,"8",0,"8",0,"8","","",0,"8",0,"8"
"352190360","P£OCK","2006","06","05","00","4","",0,"8",0,"8","","","",7,"",0,"8",0,"8",7,"",290,"",3,"",0,"",10.2,"",.0,"8","U","",11.1,"",89,"",8.5,"",999.0,"",1012.2,"",6,-.9,"",.0,"",6,"","02","8","7","","9","","","/","","","/","","",0,"",.0,"8",.0,"8","","8",0,"8","","",.0,"8",.0,"8",.0,"8",.0,"8",.0,"8",.0,"8",.0,"8",.0,"8",.0,"8",0,"8",0,"8",0,"8","","",0,"8",0,"8"
"352190360","P£OCK","2006","06","05","01","4","",0,"8",0,"8","","","",7,"",0,"8",0,"8",8,"",300,"",3,"",0,"",10.2,"",.0,"8","U","",11.1,"",89,"",8.5,"",998.8,"",1012.0,"",7,-.5,"",.0,"8",0,"8","01","2","8","","5","","","/","","","/","","",0,"8",.0,"8",.0,"8","","8",0,"8","","",.0,"8",.0,"8",.0,"8",.0,"8",.0,"8",.0,"8",.0,"8",.0,"8",.0,"8",0,"8",0,"8",0,"8","","",0,"8",0,"8"
"352190360","P£OCK","2006","06","05","02","4","",0,"8",0,"8","","","",7,"",0,"8",0,"8",7,"",330,"",3,"",0,"",9.0,"",.0,"8","U","",9.7,"",85,"",6.6,"",999.1,"",1012.3,"",5,.0,"",.0,"8",0,"8","01","2","7","","5","","","/","","","/","","",0,"8",.0,"8",.0,"8","","8",0,"8","","",.0,"8",.0,"8",.0,"8",.0,"8",.0,"8",.0,"8",.0,"8",.0,"8",.0,"8",0,"8",0,"8",0,"8","","",0,"8",0,"8"
"352190360","P£OCK","2006","06","05","03","5","",0,"8",0,"8","","","",7,"",0,"8",0,"8",2,"",300,"",3,"",0,"",7.8,"",.0,"8","U","",9.4,"",89,"",6.1,"",999.1,"",1012.4,"",1,.1,"",.0,"8",0,"8","01","1","1","","5","","","3","","","0","","",0,"8",.0,"8",.0,"8","","8",0,"8","","",.0,"8",.0,"8",.0,"8",.0,"8",.0,"8",.0,"8",.0,"8",.0,"8",.0,"8",0,"8",0,"8",0,"8","","",0,"8",0,"8"
"352190360","P£OCK","2006","06","05","04","3","",0,"8",0,"8","","","",7,"",0,"8",0,"8",8,"",310,"",3,"",0,"",8.3,"",.0,"8","U","",9.7,"",89,"",6.6,"",999.2,"",1012.5,"",2,.4,"",.0,"8",0,"8","03","1","8","","5","","","/","","","/","","",0,"8",.0,"8",.0,"8","","8",0,"8","","",.0,"8",.0,"8",.0,"8",.0,"8",.0,"8",.0,"8",.0,"8",.0,"8",.0,"8",0,"8",0,"8",0,"8","","",0,"8",0,"8"
"352190360","P£OCK","2006","06","05","05","3","",0,"8",0,"8","","","",7,"",0,"8",0,"8",8,"",300,"",3,"",0,"",8.7,"",.0,"8","U","",10.0,"",89,"",7.0,"",999.8,"",1013.1,"",3,.7,"",.0,"8",0,"8","80","2","8","","9","","","/","","","/","","",0,"8",.0,"8",.0,"8","","8",0,"8","","",.0,"8",.0,"8",.0,"8",.0,"8",.0,"8",.0,"8",.0,"8",.0,"8",.0,"8",0,"8",0,"8",0,"8","","",0,"8",0,"8"
"352190360","P£OCK","2006","06","05","06","3","",0,"8",0,"8","","","",6,"",0,"8",0,"8",8,"",320,"",3,"",0,"",9.0,"",.0,"8","U","",10.2,"",89,"",7.3,"",1000.3,"",1013.6,"",2,1.2,"",.2,"",6,"","80","1","8","","9","","","/","","","/","","",1,"",.0,"8",.0,"8","","8",0,"8","","",.0,"8",.0,"8",.0,"8",.0,"8",.0,"8",.0,"8",.0,"8",.0,"8",.0,"8",0,"8",0,"8",0,"8","","",0,"8",0,"8"
"352190360","P£OCK","2006","06","05","07","3","",0,"8",0,"8","","","",6,"",0,"8",0,"8",8,"",310,"",3,"",0,"",9.0,"",.0,"8","U","",10.2,"",89,"",7.3,"",1000.6,"",1013.9,"",1,1.4,"",.0,"8",0,"8","80","8","8","","9","","","/","","","/","","",0,"8",.0,"8",.0,"8","","8",0,"8","","",.0,"8",.0,"8",.0,"8",.0,"8",.0,"8",.0,"8",.0,"8",.0,"8",.0,"8",0,"8",0,"8",0,"8","","",0,"8",0,"8"
"352190360","P£OCK","2006","06","05","08","3","",0,"8",0,"8","","","",6,"",0,"8",0,"8",8,"",290,"",4,"",0,"",9.7,"",.0,"8","U","",10.7,"",89,"",8.0,"",1000.7,"",1013.9,"",1,.9,"",.0,"8",0,"8","80","8","8","","9","","","/","","","/","","",0,"8",.0,"8",.0,"8","","8",0,"8","","",.0,"8",.0,"8",.0,"8",.0,"8",.0,"8",.0,"8",.0,"8",.0,"8",.0,"8",0,"8",0,"8",0,"8","","",0,"8",0,"8"
"352190360","P£OCK","2006","06","05","09","4","",0,"8",0,"8","","","",7,"",0,"8",0,"8",8,"",300,"",5,"",0,"",10.5,"",.0,"8","U","",10.9,"",86,"",8.3,"",1001.4,"",1014.6,"",2,1.1,"",.0,"8",0,"8","25","8","8","","9","","","/","","","/","","",0,"8",.0,"8",.0,"8","","8",0,"8","","",.0,"8",.0,"8",.0,"8",.0,"8",.0,"8",.0,"8",.0,"8",.0,"8",.0,"8",0,"8",0,"8",0,"8","","",0,"8",0,"8"
"352190360","P£OCK","2006","06","05","10","5","",0,"8",0,"8","","","",8,"",0,"8",0,"8",7,"",310,"",4,"",0,"",12.1,"",.0,"8","U","",10.9,"",77,"",8.2,"",1001.6,"",1014.7,"",2,1.0,"",.0,"8",0,"8","01","2","3","","9","","","3","","","/","","",0,"8",.0,"8",.0,"8","","8",0,"8","","",.0,"8",.0,"8",.0,"8",.0,"8",.0,"8",.0,"8",.0,"8",.0,"8",.0,"8",0,"8",0,"8",0,"8","","",0,"8",0,"8"
"352190360","P£OCK","2006","06","05","11","5","",0,"8",0,"8","","","",8,"",0,"8",0,"8",7,"",290,"",3,"",0,"",12.9,"",.0,"8","U","",11.3,"",76,"",8.8,"",1001.9,"",1015.0,"",2,1.2,"",.0,"8",0,"8","25","2","4","","9","","","3","","","/","","",0,"8",.0,"8",.0,"8","","8",0,"8","","",.0,"8",.0,"8",.0,"8",.0,"8",.0,"8",.0,"8",.0,"8",.0,"8",.0,"8",0,"8",0,"8",0,"8","","",0,"8",0,"8"
"352190360","P£OCK","2006","06","05","12","6","",0,"8",0,"8","","","",8,"",0,"8",0,"8",7,"",320,"",5,"",0,"",14.4,"",.0,"8","U","",9.5,"",58,"",6.2,"",1001.8,"",1014.8,"",0,.4,"",1.1,"",6,"","25","8","5","","9","","","3","","","/","","",1,"",.0,"8",.0,"8","","8",0,"8","","",.0,"8",.0,"8",.0,"8",.0,"8",.0,"8",.0,"8",.0,"8",.0,"8",.0,"8",0,"8",0,"8",0,"8","","",0,"8",0,"8"
"352190360","P£OCK","2006","06","05","13","5","",0,"8",0,"8","","","",8,"",0,"8",0,"8",7,"",340,"",3,"",0,"",12.0,"",.0,"8","U","",9.5,"",68,"",6.3,"",1002.2,"",1015.3,"",2,.6,"",.0,"8",0,"8","25","2","5","","9","","","3","","","/","","",0,"8",.0,"8",.0,"8","","8",0,"8","","",.0,"8",.0,"8",.0,"8",.0,"8",.0,"8",.0,"8",.0,"8",.0,"8",.0,"8",0,"8",0,"8",0,"8","","",0,"8",0,"8"
"352190360","P£OCK","2006","06","05","14","5","",0,"8",0,"8","","","",8,"",0,"8",0,"8",7,"",310,"",5,"",0,"",15.0,"",.0,"8","U","",9.9,"",58,"",6.8,"",1002.0,"",1015.0,"",0,.1,"",.0,"8",0,"8","01","2","2","","9","","","3","","","1","","",0,"8",.0,"8",.0,"8","","8",0,"8","","",.0,"8",.0,"8",.0,"8",.0,"8",.0,"8",.0,"8",.0,"8",.0,"8",.0,"8",0,"8",0,"8",0,"8","","",0,"8",0,"8"
"352190360","P£OCK","2006","06","05","15","6","",0,"8",0,"8","","","",8,"",0,"8",0,"8",6,"",340,"",5,"",0,"",15.6,"",.0,"8","U","",8.3,"",47,"",4.3,"",1002.2,"",1015.2,"",2,.4,"",.0,"8",0,"8","03","8","3","","9","","","3","","","1","","",0,"8",.0,"8",.0,"8","","8",0,"8","","",.0,"8",.0,"8",.0,"8",.0,"8",.0,"8",.0,"8",.0,"8",.0,"8",.0,"8",0,"8",0,"8",0,"8","","",0,"8",0,"8"
"352190360","P£OCK","2006","06","05","16","7","",0,"8",0,"8","","","",9,"",0,"8",0,"8",7,"",330,"",3,"",0,"",14.4,"",.0,"8","U","",7.9,"",48,"",3.5,"",1002.6,"",1015.6,"",3,.4,"",.0,"8",0,"8","03","2","4","","9","","","3","","","/","","",0,"8",.0,"8",.0,"8","","8",0,"8","","",.0,"8",.0,"8",.0,"8",.0,"8",.0,"8",.0,"8",.0,"8",.0,"8",.0,"8",0,"8",0,"8",0,"8","","",0,"8",0,"8"
"352190360","P£OCK","2006","06","05","17","7","",0,"8",0,"8","","","",9,"",0,"8",0,"8",7,"",320,"",2,"",0,"",13.5,"",.0,"8","U","",8.3,"",54,"",4.4,"",1003.1,"",1016.2,"",3,1.1,"",.0,"8",0,"8","01","2","1","","2","","","5","","","/","","",0,"8",.0,"8",.0,"8","","8",0,"8","","",.0,"8",.0,"8",.0,"8",.0,"8",.0,"8",.0,"8",.0,"8",.0,"8",.0,"8",0,"8",0,"8",0,"8","","",0,"8",0,"8"
"352190360","P£OCK","2006","06","05","18","7","",0,"8",0,"8","","","",9,"",0,"8",0,"8",7,"",330,"",3,"",0,"",12.9,"",.0,"8","U","",8.2,"",55,"",4.1,"",1003.6,"",1016.7,"",2,1.4,"",.1,"",6,"","01","8","4","","5","","","3","","","/","","",1,"",.0,"8",.0,"8","","8",0,"8","","",.0,"8",.0,"8",.0,"8",.0,"8",.0,"8",.0,"8",.0,"8",.0,"8",.0,"8",0,"8",0,"8",0,"8","","",0,"8",0,"8"
"352190360","P£OCK","2006","06","05","19","9","",0,"8",0,"8","","","",9,"",0,"8",0,"8",7,"",310,"",2,"",0,"",12.1,"",.0,"8","U","",8.7,"",62,"",5.0,"",1004.0,"",1017.2,"",2,1.4,"",.0,"8",0,"8","01","2","7","","0","","","3","","","/","","",0,"8",.0,"8",.0,"8","","8",0,"8","","",.0,"8",.0,"8",.0,"8",.0,"8",.0,"8",.0,"8",.0,"8",.0,"8",.0,"8",0,"8",0,"8",0,"8","","",0,"8",0,"8"
"352190360","P£OCK","2006","06","05","20","9","",0,"8",0,"8","","","",9,"",0,"8",0,"8",7,"",310,"",2,"",0,"",11.5,"",.0,"8","U","",8.5,"",63,"",4.7,"",1004.5,"",1017.7,"",2,1.4,"",.0,"8",0,"8","02","2","7","","0","","","3","","","/","","",0,"8",.0,"8",.0,"8","","8",0,"8","","",.0,"8",.0,"8",.0,"8",.0,"8",.0,"8",.0,"8",.0,"8",.0,"8",.0,"8",0,"8",0,"8",0,"8","","",0,"8",0,"8"
"352190360","P£OCK","2006","06","05","21","9","",0,"8",0,"8","","","",9,"",0,"8",0,"8",1,"",300,"",2,"",0,"",9.8,"",.0,"8","U","",8.6,"",71,"",4.8,"",1005.0,"",1018.3,"",2,1.4,"",.0,"8",0,"8","01","1","1","","0","","","3","","","0","","",0,"8",.0,"8",.0,"8","","8",0,"8","","",.0,"8",.0,"8",.0,"8",.0,"8",.0,"8",.0,"8",.0,"8",.0,"8",.0,"8",0,"8",0,"8",0,"8","","",0,"8",0,"8"
"352190360","P£OCK","2006","06","05","22","9","",0,"8",0,"8","","","",9,"",0,"8",0,"8",0,"",310,"",2,"",0,"",8.6,"",.0,"8","U","",8.4,"",75,"",4.4,"",1005.3,"",1018.6,"",1,1.3,"",.0,"8",0,"8","01","0","0","","0","","","0","","","0","","",0,"8",.0,"8",.0,"8","","8",0,"8","","",.0,"8",.0,"8",.0,"8",.0,"8",.0,"8",.0,"8",.0,"8",.0,"8",.0,"8",0,"8",0,"8",0,"8","","",0,"8",0,"8"
"352190360","P£OCK","2006","06","05","23","9","",0,"8",0,"8","","","",9,"",0,"8",0,"8",0,"",290,"",3,"",0,"",7.7,"",.0,"8","U","",8.2,"",78,"",4.1,"",1005.6,"",1019.0,"",1,1.1,"",.0,"8",0,"8","02","0","0","","0","","","0","","","0","","",0,"8",.0,"8",.0,"8","","8",0,"8","","",.0,"8",.0,"8",.0,"8",.0,"8",.0,"8",.0,"8",.0,"8",.0,"8",.0,"8",0,"8",0,"8",0,"8","","",0,"8",0,"8"
"352190360","P£OCK","2006","06","06","00","9","",0,"8",0,"8","","","",9,"",0,"8",0,"8",0,"",300,"",2,"",0,"",7.3,"",.0,"8","U","",8.2,"",80,"",4.1,"",1005.7,"",1019.1,"",1,.7,"",.0,"9",0,"9","02","1","0","","0","","","0","","","0","","",1,"",.0,"8",.0,"8","","8",0,"8","","",.0,"8",.0,"8",.0,"8",.0,"8",.0,"8",.0,"8",.0,"8",.0,"8",.0,"8",0,"8",0,"8",0,"8","","",0,"8",0,"8"
"352190360","P£OCK","2006","06","06","01","9","",0,"8",0,"8","","","",8,"",0,"8",0,"8",1,"",300,"",2,"",0,"",6.3,"",.0,"8","U","",7.9,"",83,"",3.6,"",1005.9,"",1019.4,"",2,.6,"",.0,"8",0,"8","03","0","1","","0","","","3","","","0","","",0,"8",.0,"8",.0,"8","","8",0,"8","","",.0,"8",.0,"8",.0,"8",.0,"8",.0,"8",.0,"8",.0,"8",.0,"8",.0,"8",0,"8",0,"8",0,"8","","",0,"8",0,"8"
"352190360","P£OCK","2006","06","06","02","9","",0,"8",0,"8","","","",8,"",0,"8",0,"8",2,"",290,"",2,"",0,"",5.9,"",.0,"8","U","",7.9,"",85,"",3.6,"",1006.0,"",1019.5,"",2,.4,"",.0,"8",0,"8","01","0","0","","0","","","0","","","2","","",0,"8",.0,"8",.0,"8","","8",0,"8","","",.0,"8",.0,"8",.0,"8",.0,"8",.0,"8",.0,"8",.0,"8",.0,"8",.0,"8",0,"8",0,"8",0,"8","","",0,"8",0,"8"
"352190360","P£OCK","2006","06","06","03","9","",0,"8",0,"8","","","",8,"",0,"8",0,"8",1,"",300,"",2,"",0,"",5.6,"",.0,"8","U","",7.9,"",87,"",3.6,"",1006.3,"",1019.8,"",2,.6,"",.0,"8",0,"8","01","0","0","","0","","","0","","","1","","",0,"8",.0,"8",.0,"8","","8",0,"8","","",.0,"8",.0,"8",.0,"8",.0,"8",.0,"8",.0,"8",.0,"8",.0,"8",.0,"8",0,"8",0,"8",0,"8","","",0,"8",0,"8"
"352190360","P£OCK","2006","06","06","04","9","",0,"8",0,"8","","","",8,"",0,"8",0,"8",1,"",300,"",3,"",0,"",7.3,"",.0,"8","U","",8.6,"",84,"",4.8,"",1006.5,"",1019.9,"",2,.6,"",.0,"8",0,"8","02","0","0","","0","","","0","","","1","","",0,"8",.0,"8",.0,"8","","8",0,"8","","",.0,"8",.0,"8",.0,"8",.0,"8",.0,"8",.0,"8",.0,"8",.0,"8",.0,"8",0,"8",0,"8",0,"8","","",0,"8",0,"8"
"352190360","P£OCK","2006","06","06","05","9","",0,"8",0,"8","","","",8,"",0,"8",0,"8",2,"",300,"",3,"",0,"",9.4,"",.0,"8","U","",9.2,"",78,"",5.8,"",1006.6,"",1019.9,"",1,.6,"",.0,"8",0,"8","03","0","1","","0","","","3","","","1","","",0,"8",.0,"8",.0,"8","","8",0,"8","","",.0,"8",.0,"8",.0,"8",.0,"8",.0,"8",.0,"8",.0,"8",.0,"8",.0,"8",0,"8",0,"8",0,"8","","",0,"8",0,"8"
"352190360","P£OCK","2006","06","06","06","9","",0,"8",0,"8","","","",8,"",0,"8",0,"8",2,"",300,"",5,"",0,"",11.2,"",.0,"8","U","",9.3,"",70,"",5.9,"",1006.9,"",1020.1,"",2,.6,"",.0,"9",0,"9","02","0","1","","0","","","3","","","1","","",1,"",.0,"8",.0,"8","","8",0,"8","","",.0,"8",.0,"8",.0,"8",.0,"8",.0,"8",.0,"8",.0,"8",.0,"8",.0,"8",0,"8",0,"8",0,"8","","",0,"8",0,"8"
"352190360","P£OCK","2006","06","06","07","6","",0,"8",0,"8","","","",8,"",0,"8",0,"8",3,"",310,"",6,"",0,"",12.4,"",.0,"8","U","",8.5,"",59,"",4.6,"",1007.2,"",1020.4,"",3,.7,"",.0,"8",0,"8","03","0","2","","1","","","3","","","1","","",0,"8",.0,"8",.0,"8","","8",0,"8","","",.0,"8",.0,"8",.0,"8",.0,"8",.0,"8",.0,"8",.0,"8",.0,"8",.0,"8",0,"8",0,"8",0,"8","","",0,"8",0,"8"
"352190360","P£OCK","2006","06","06","08","6","",0,"8",0,"8","","","",8,"",0,"8",0,"8",5,"",320,"",5,"",0,"",12.5,"",.0,"8","U","",8.1,"",56,"",4.0,"",1007.6,"",1020.8,"",2,1.0,"",.0,"8",0,"8","03","1","4","","2","","","3","","","1","","",0,"8",.0,"8",.0,"8","","8",0,"8","","",.0,"8",.0,"8",.0,"8",.0,"8",.0,"8",.0,"8",.0,"8",.0,"8",.0,"8",0,"8",0,"8",0,"8","","",0,"8",0,"8"
"352190360","P£OCK","2006","06","06","09","6","",0,"8",0,"8","","","",8,"",0,"8",0,"8",4,"",320,"",5,"",0,"",14.1,"",.0,"8","U","",8.8,"",55,"",5.2,"",1007.9,"",1021.0,"",2,1.0,"",.0,"8",0,"8","03","1","3","","3","","","3","","","1","","",0,"8",.0,"8",.0,"8","","8",0,"8","","",.0,"8",.0,"8",.0,"8",.0,"8",.0,"8",.0,"8",.0,"8",.0,"8",.0,"8",0,"8",0,"8",0,"8","","",0,"8",0,"8"
"352190360","P£OCK","2006","06","06","10","6","",0,"8",0,"8","","","",9,"",0,"8",0,"8",4,"",310,"",4,"",0,"",14.8,"",.0,"8","U","",8.7,"",52,"",5.0,"",1008.2,"",1021.3,"",2,1.0,"",.0,"8",0,"8","01","0","3","","3","","","3","","","1","","",0,"8",.0,"8",.0,"8","","8",0,"8","","",.0,"8",.0,"8",.0,"8",.0,"8",.0,"8",.0,"8",.0,"8",.0,"8",.0,"8",0,"8",0,"8",0,"8","","",0,"8",0,"8"
"352190360","P£OCK","2006","06","06","11","6","",0,"8",0,"8","","","",9,"",0,"8",0,"8",4,"",310,"",5,"",0,"",15.7,"",.0,"8","U","",8.5,"",48,"",4.7,"",1008.1,"",1021.2,"",0,.5,"",.0,"8",0,"8","01","0","3","","2","","","3","","","1","","",0,"8",.0,"8",.0,"8","","8",0,"8","","",.0,"8",.0,"8",.0,"8",.0,"8",.0,"8",.0,"8",.0,"8",.0,"8",.0,"8",0,"8",0,"8",0,"8","","",0,"8",0,"8"
"352190360","P£OCK","2006","06","06","12","7","",0,"8",0,"8","","","",9,"",0,"8",0,"8",4,"",300,"",4,"",0,"",15.6,"",.0,"8","U","",7.4,"",42,"",2.7,"",1008.0,"",1021.1,"",0,.1,"",.0,"9",0,"9","01","1","3","","2","","","0","","","1","","",0,"",.0,"8",.0,"8","","8",0,"8","","",.0,"8",.0,"8",.0,"8",.0,"8",.0,"8",.0,"8",.0,"8",.0,"8",.0,"8",0,"8",0,"8",0,"8","","",0,"8",0,"8"
"352190360","P£OCK","2006","06","06","13","7","",0,"8",0,"8","","","",8,"",0,"8",0,"8",3,"",290,"",4,"",0,"",16.9,"",.0,"8","U","",7.3,"",38,"",2.5,"",1007.8,"",1020.8,"",7,-.4,"",.0,"8",0,"8","01","0","2","","2","","","0","","","1","","",0,"8",.0,"8",.0,"8","","8",0,"8","","",.0,"8",.0,"8",.0,"8",.0,"8",.0,"8",.0,"8",.0,"8",.0,"8",.0,"8",0,"8",0,"8",0,"8","","",0,"8",0,"8"
"352190360","P£OCK","2006","06","06","14","6","",0,"8",0,"8","","","",8,"",0,"8",0,"8",4,"",290,"",4,"",10,"",15.4,"",.0,"8","U","",8.7,"",50,"",5.0,"",1007.9,"",1021.0,"",5,-.2,"",.0,"8",0,"8","03","0","3","","3","","","3","","","1","","",0,"8",.0,"8",.0,"8","","8",0,"8","","",.0,"8",.0,"8",.0,"8",.0,"8",.0,"8",.0,"8",.0,"8",.0,"8",.0,"8",0,"8",0,"8",0,"8","","",0,"8",0,"8"
"352190360","P£OCK","2006","06","06","15","6","",0,"8",0,"8","","","",8,"",0,"8",0,"8",5,"",270,"",4,"",0,"",16.7,"",.0,"8","U","",9.7,"",51,"",6.5,"",1008.0,"",1021.0,"",5,.0,"",.0,"8",0,"8","03","1","4","","9","","","3","","","1","","",0,"8",.0,"8",.0,"8","","8",0,"8","","",.0,"8",.0,"8",.0,"8",.0,"8",.0,"8",.0,"8",.0,"8",.0,"8",.0,"8",0,"8",0,"8",0,"8","","",0,"8",0,"8"
"352190360","P£OCK","2006","06","06","16","6","",0,"8",0,"8","","","",8,"",0,"8",0,"8",5,"",290,"",4,"",0,"",14.9,"",.0,"8","U","",9.1,"",54,"",5.7,"",1008.3,"",1021.4,"",3,.5,"",.0,"8",0,"8","02","2","4","","9","","","3","","","1","","",0,"8",.0,"8",.0,"8","","8",0,"8","","",.0,"8",.0,"8",.0,"8",.0,"8",.0,"8",.0,"8",.0,"8",.0,"8",.0,"8",0,"8",0,"8",0,"8","","",0,"8",0,"8"
"352190360","P£OCK","2006","06","06","17","6","",0,"8",0,"8","","","",8,"",0,"8",0,"8",6,"",360,"",4,"",0,"",13.7,"",.0,"8","U","",8.9,"",57,"",5.3,"",1008.8,"",1022.0,"",3,.9,"",.0,"8",0,"8","80","2","5","","9","","","3","","","1","","",0,"8",.0,"8",.0,"8","","8",0,"8","","",.0,"8",.0,"8",.0,"8",.0,"8",.0,"8",.0,"8",.0,"8",.0,"8",.0,"8",0,"8",0,"8",0,"8","","",0,"8",0,"8"
"352190360","P£OCK","2006","06","06","18","4","",0,"8",0,"8","","","",8,"",0,"8",0,"8",7,"",10,"",3,"",0,"",13.7,"",.0,"8","U","",10.3,"",66,"",7.5,"",1009.3,"",1022.5,"",3,1.3,"",.3,"",6,"","17","8","5","","9","","","3","","","1","","",1,"",.0,"8",.0,"8","","8",0,"8","","",.0,"8",.0,"8",.0,"8",.0,"8",.0,"8",.0,"8",.0,"8",.0,"8",.0,"8",0,"8",0,"8",0,"8","","",0,"8",0,"8"
"352190360","P£OCK","2006","06","06","19","5","",0,"8",0,"8","","","",9,"",0,"8",0,"8",7,"",0,"",0,"",0,"",12.1,"",.0,"8","U","",9.6,"",68,"",6.4,"",1010.2,"",1023.4,"",3,1.9,"",.0,"8",0,"8","01","2","2","","9","","","3","","","/","","",0,"8",.0,"8",.0,"8","","8",0,"8","","",.0,"8",.0,"8",.0,"8",.0,"8",.0,"8",.0,"8",.0,"8",.0,"8",.0,"8",0,"8",0,"8",0,"8","","",0,"8",0,"8"
"352190360","P£OCK","2006","06","06","20","9","",0,"8",0,"8","","","",9,"",0,"8",0,"8",7,"",360,"",2,"",0,"",11.2,"",.0,"8","U","",7.8,"",59,"",3.5,"",1010.7,"",1024.0,"",2,1.9,"",.0,"8",0,"8","01","2","7","","0","","","5","","","/","","",0,"8",.0,"8",.0,"8","","8",0,"8","","",.0,"8",.0,"8",.0,"8",.0,"8",.0,"8",.0,"8",.0,"8",.0,"8",.0,"8",0,"8",0,"8",0,"8","","",0,"8",0,"8"
"352190360","P£OCK","2006","06","06","21","9","",0,"8",0,"8","","","",9,"",0,"8",0,"8",7,"",10,"",4,"",0,"",10.1,"",.0,"8","U","",7.7,"",62,"",3.1,"",1011.2,"",1024.6,"",1,1.9,"",.0,"8",0,"8","02","2","7","","0","","","3","","","/","","",0,"8",.0,"8",.0,"8","","8",0,"8","","",.0,"8",.0,"8",.0,"8",.0,"8",.0,"8",.0,"8",.0,"8",.0,"8",.0,"8",0,"8",0,"8",0,"8","","",0,"8",0,"8"
"352190360","P£OCK","2006","06","06","22","9","",0,"8",0,"8","","","",9,"",0,"8",0,"8",4,"",360,"",2,"",0,"",8.8,"",.0,"8","U","",7.7,"",68,"",3.2,"",1011.7,"",1025.1,"",2,1.5,"",.0,"8",0,"8","01","1","4","","0","","","3","","","0","","",0,"8",.0,"8",.0,"8","","8",0,"8","","",.0,"8",.0,"8",.0,"8",.0,"8",.0,"8",.0,"8",.0,"8",.0,"8",.0,"8",0,"8",0,"8",0,"8","","",0,"8",0,"8"
"352190360","P£OCK","2006","06","06","23","9","",0,"8",0,"8","","","",9,"",0,"8",0,"8",1,"",340,"",2,"",0,"",7.1,"",.0,"8","U","",7.3,"",72,"",2.4,"",1012.1,"",1025.6,"",2,1.4,"",.0,"8",0,"8","01","0","1","","0","","","3","","","0","","",0,"8",.0,"8",.0,"8","","8",0,"8","","",.0,"8",.0,"8",.0,"8",.0,"8",.0,"8",.0,"8",.0,"8",.0,"8",.0,"8",0,"8",0,"8",0,"8","","",0,"8",0,"8"
"352190360","P£OCK","2006","06","07","00","9","",0,"8",0,"8","","","",8,"",0,"8",0,"8",1,"",310,"",1,"",0,"",5.8,"",.0,"8","U","",6.8,"",74,"",1.5,"",1012.1,"",1025.7,"",1,.9,"",.0,"9",0,"9","02","1","1","","0","","","3","","","0","","",1,"",.0,"8",.0,"8","","8",0,"8","","",.0,"8",.0,"8",.0,"8",.0,"8",.0,"8",.0,"8",.0,"8",.0,"8",.0,"8",0,"8",0,"8",0,"8","","",0,"8",0,"8"
"352190360","P£OCK","2006","06","07","01","9","",0,"8",0,"8","","","",8,"",0,"8",0,"8",1,"",310,"",1,"",0,"",5.2,"",.0,"8","U","",7.0,"",79,"",1.9,"",1012.2,"",1025.8,"",2,.5,"",.0,"8",0,"8","01","0","0","","0","","","0","","","2","","",0,"8",.0,"8",.0,"8","","8",0,"8","","",.0,"8",.0,"8",.0,"8",.0,"8",.0,"8",.0,"8",.0,"8",.0,"8",.0,"8",0,"8",0,"8",0,"8","","",0,"8",0,"8"
"352190360","P£OCK","2006","06","07","02","9","",0,"8",0,"8","","","",8,"",0,"8",0,"8",3,"",340,"",2,"",0,"",4.2,"",.0,"8","U","",6.8,"",83,"",1.6,"",1011.8,"",1025.4,"",8,-.3,"",.0,"8",0,"8","03","0","1","","0","","","3","","","1","","",0,"8",.0,"8",.0,"8","","8",0,"8","","",.0,"8",.0,"8",.0,"8",.0,"8",.0,"8",.0,"8",.0,"8",.0,"8",.0,"8",0,"8",0,"8",0,"8","","",0,"8",0,"8"
"352190360","P£OCK","2006","06","07","03","9","",0,"8",0,"8","","","",8,"",0,"8",0,"8",3,"",320,"",1,"",0,"",4.1,"",.0,"8","U","",6.8,"",83,"",1.5,"",1012.1,"",1025.8,"",4,.0,"",.0,"8",0,"8","02","0","1","","0","","","3","","","1","","",0,"8",.0,"8",.0,"8","","8",0,"8","","",.0,"8",.0,"8",.0,"8",.0,"8",.0,"8",.0,"8",.0,"8",.0,"8",.0,"8",0,"8",0,"8",0,"8","","",0,"8",0,"8"
"352190360","P£OCK","2006","06","07","04","9","",0,"8",0,"8","","","",8,"",0,"8",0,"8",4,"",330,"",1,"",0,"",5.9,"",.0,"8","U","",7.7,"",83,"",3.2,"",1012.2,"",1025.8,"",5,.0,"",.0,"8",0,"8","03","0","2","","0","","","3","","","1","","",0,"8",.0,"8",.0,"8","","8",0,"8","","",.0,"8",.0,"8",.0,"8",.0,"8",.0,"8",.0,"8",.0,"8",.0,"8",.0,"8",0,"8",0,"8",0,"8","","",0,"8",0,"8"
"352190360","P£OCK","2006","06","07","05","9","",0,"8",0,"8","","","",8,"",0,"8",0,"8",6,"",300,"",1,"",0,"",7.4,"",.0,"8","U","",8.0,"",78,"",3.8,"",1012.4,"",1025.9,"",2,.6,"",.0,"8",0,"8","03","1","5","","0","","","5","","","1","","",0,"8",.0,"8",.0,"8","","8",0,"8","","",.0,"8",.0,"8",.0,"8",.0,"8",.0,"8",.0,"8",.0,"8",.0,"8",.0,"8",0,"8",0,"8",0,"8","","",0,"8",0,"8"
"352190360","P£OCK","2006","06","07","06","6","",0,"8",0,"8","","","",8,"",0,"8",0,"8",7,"",320,"",1,"",0,"",7.7,"",.0,"8","U","",8.6,"",82,"",4.8,"",1012.7,"",1026.2,"",3,.6,"",.0,"",6,"","80","1","5","","9","","","3","","","/","","",1,"",.0,"8",.0,"8","","8",0,"8","","",.0,"8",.0,"8",.0,"8",.0,"8",.0,"8",.0,"8",.0,"8",.0,"8",.0,"8",0,"8",0,"8",0,"8","","",0,"8",0,"8"
"352190360","P£OCK","2006","06","07","07","6","",0,"8",0,"8","","","",8,"",0,"8",0,"8",7,"",330,"",2,"",0,"",9.1,"",.0,"8","U","",8.8,"",76,"",5.1,"",1013.1,"",1026.5,"",3,.9,"",.0,"8",0,"8","25","2","5","","9","","","3","","","/","","",0,"8",.0,"8",.0,"8","","8",0,"8","","",.0,"8",.0,"8",.0,"8",.0,"8",.0,"8",.0,"8",.0,"8",.0,"8",.0,"8",0,"8",0,"8",0,"8","","",0,"8",0,"8"
"352190360","P£OCK","2006","06","07","08","6","",0,"8",0,"8","","","",8,"",0,"8",0,"8",7,"",310,"",2,"",0,"",9.8,"",.0,"8","U","",8.1,"",67,"",4.0,"",1013.3,"",1026.7,"",2,.9,"",.0,"8",0,"8","02","2","5","","9","","","3","","","/","","",0,"8",.0,"8",.0,"8","","8",0,"8","","",.0,"8",.0,"8",.0,"8",.0,"8",.0,"8",.0,"8",.0,"8",.0,"8",.0,"8",0,"8",0,"8",0,"8","","",0,"8",0,"8"
"352190360","P£OCK","2006","06","07","09","6","",0,"8",0,"8","","","",8,"",0,"8",0,"8",7,"",300,"",2,"",0,"",11.3,"",.0,"8","U","",7.8,"",58,"",3.3,"",1013.4,"",1026.7,"",1,.7,"",.0,"8",0,"8","01","8","5","","5","","","3","","","/","","",0,"8",.0,"8",.0,"8","","8",0,"8","","",.0,"8",.0,"8",.0,"8",.0,"8",.0,"8",.0,"8",.0,"8",.0,"8",.0,"8",0,"8",0,"8",0,"8","","",0,"8",0,"8"
"352190360","P£OCK","2006","06","07","10","7","",0,"8",0,"8","","","",8,"",0,"8",0,"8",7,"",240,"",2,"",0,"",12.5,"",.0,"8","U","",7.7,"",53,"",3.2,"",1013.3,"",1026.6,"",0,.2,"",.0,"8",0,"8","02","2","5","","5","","","3","","","/","","",0,"8",.0,"8",.0,"8","","8",0,"8","","",.0,"8",.0,"8",.0,"8",.0,"8",.0,"8",.0,"8",.0,"8",.0,"8",.0,"8",0,"8",0,"8",0,"8","","",0,"8",0,"8"
"352190360","P£OCK","2006","06","07","11","6","",0,"8",0,"8","","","",8,"",0,"8",0,"8",7,"",280,"",5,"",0,"",13.0,"",.0,"8","U","",7.3,"",49,"",2.5,"",1013.1,"",1026.3,"",8,-.2,"",.0,"8",0,"8","03","2","4","","8","","","3","","","/","","",0,"8",.0,"8",.0,"8","","8",0,"8","","",.0,"8",.0,"8",.0,"8",.0,"8",.0,"8",.0,"8",.0,"8",.0,"8",.0,"8",0,"8",0,"8",0,"8","","",0,"8",0,"8"
"352190360","P£OCK","2006","06","07","12","6","",0,"8",0,"8","","","",8,"",0,"8",0,"8",6,"",320,"",3,"",0,"",13.3,"",.0,"8","U","",8.2,"",54,"",4.2,"",1012.7,"",1025.9,"",8,-.7,"",.0,"",6,"","03","8","4","","9","","","3","","","1","","",0,"",.0,"8",.0,"8","","8",0,"8","","",.0,"8",.0,"8",.0,"8",.0,"8",.0,"8",.0,"8",.0,"8",.0,"8",.0,"8",0,"8",0,"8",0,"8","","",0,"8",0,"8"
"352190360","P£OCK","2006","06","07","13","6","",0,"8",0,"8","","","",8,"",0,"8",0,"8",4,"",280,"",4,"",0,"",14.4,"",.0,"8","U","",7.4,"",45,"",2.6,"",1012.0,"",1025.2,"",8,-1.3,"",.0,"8",0,"8","01","1","2","","5","","","3","","","1","","",0,"8",.0,"8",.0,"8","","8",0,"8","","",.0,"8",.0,"8",.0,"8",.0,"8",.0,"8",.0,"8",.0,"8",.0,"8",.0,"8",0,"8",0,"8",0,"8","","",0,"8",0,"8"
"352190360","P£OCK","2006","06","07","14","6","",0,"8",0,"8","","","",8,"",0,"8",0,"8",5,"",270,"",3,"",0,"",14.8,"",.0,"8","U","",7.9,"",47,"",3.6,"",1011.6,"",1024.7,"",7,-1.5,"",.0,"8",0,"8","03","1","3","","3","","","3","","","1","","",0,"8",.0,"8",.0,"8","","8",0,"8","","",.0,"8",.0,"8",.0,"8",.0,"8",.0,"8",.0,"8",.0,"8",.0,"8",.0,"8",0,"8",0,"8",0,"8","","",0,"8",0,"8"
"352190360","P£OCK","2006","06","07","15","6","",0,"8",0,"8","","","",9,"",0,"8",0,"8",7,"",280,"",1,"",0,"",14.5,"",.0,"8","U","",8.7,"",53,"",5.0,"",1011.1,"",1024.2,"",7,-1.6,"",.0,"8",0,"8","03","1","7","","3","","","/","","","/","","",0,"8",.0,"8",.0,"8","","8",0,"8","","",.0,"8",.0,"8",.0,"8",.0,"8",.0,"8",.0,"8",.0,"8",.0,"8",.0,"8",0,"8",0,"8",0,"8","","",0,"8",0,"8"
"352190360","P£OCK","2006","06","07","16","6","",0,"8",0,"8","","","",8,"",0,"8",0,"8",8,"",310,"",2,"",0,"",12.4,"",.0,"8","U","",10.2,"",71,"",7.3,"",1011.1,"",1024.3,"",6,-.9,"",.0,"8",0,"8","80","8","8","","9","","","/","","","/","","",0,"8",.0,"8",.0,"8","","8",0,"8","","",.0,"8",.0,"8",.0,"8",.0,"8",.0,"8",.0,"8",.0,"8",.0,"8",.0,"8",0,"8",0,"8",0,"8","","",0,"8",0,"8"
"352190360","P£OCK","2006","06","07","17","6","",0,"8",0,"8","","","",8,"",0,"8",0,"8",7,"",70,"",2,"",0,"",12.8,"",.0,"8","U","",10.3,"",70,"",7.5,"",1010.8,"",1024.0,"",7,-.8,"",.0,"8",0,"8","25","2","5","","9","","","3","","","/","","",0,"8",.0,"8",.0,"8","","8",0,"8","","",.0,"8",.0,"8",.0,"8",.0,"8",.0,"8",.0,"8",.0,"8",.0,"8",.0,"8",0,"8",0,"8",0,"8","","",0,"8",0,"8"
"352190360","P£OCK","2006","06","07","18","6","",0,"8",0,"8","","","",8,"",0,"8",0,"8",5,"",290,"",3,"",0,"",13.0,"",.0,"8","U","",10.3,"",69,"",7.4,"",1011.2,"",1024.4,"",3,.1,"",.0,"",6,"","01","8","2","","9","","","3","","","1","","",0,"",.0,"8",.0,"8","","8",0,"8","","",.0,"8",.0,"8",.0,"8",.0,"8",.0,"8",.0,"8",.0,"8",.0,"8",.0,"8",0,"8",0,"8",0,"8","","",0,"8",0,"8"
"352190360","P£OCK","2006","06","07","19","9","",0,"8",0,"8","","","",8,"",0,"8",0,"8",3,"",310,"",1,"",0,"",11.2,"",.0,"8","U","",10.0,"",75,"",6.9,"",1011.5,"",1024.8,"",3,.4,"",.0,"8",0,"8","01","1","2","","0","","","3","","","1","","",0,"8",.0,"8",.0,"8","","8",0,"8","","",.0,"8",.0,"8",.0,"8",.0,"8",.0,"8",.0,"8",.0,"8",.0,"8",.0,"8",0,"8",0,"8",0,"8","","",0,"8",0,"8"
"352190360","P£OCK","2006","06","07","20","9","",0,"8",0,"8","","","",8,"",0,"8",0,"8",2,"",300,"",2,"",0,"",9.8,"",.0,"8","U","",9.6,"",79,"",6.3,"",1012.1,"",1025.5,"",2,1.3,"",.0,"8",0,"8","01","0","0","","0","","","0","","","1","","",0,"8",.0,"8",.0,"8","","8",0,"8","","",.0,"8",.0,"8",.0,"8",.0,"8",.0,"8",.0,"8",.0,"8",.0,"8",.0,"8",0,"8",0,"8",0,"8","","",0,"8",0,"8"
"352190360","P£OCK","2006","06","07","21","9","",0,"8",0,"8","","","",8,"",0,"8",0,"8",1,"",310,"",1,"",0,"",8.6,"",.0,"8","U","",8.8,"",79,"",5.2,"",1012.3,"",1025.7,"",2,1.1,"",.0,"8",0,"8","01","1","0","","0","","","0","","","1","","",0,"8",.0,"8",.0,"8","","8",0,"8","","",.0,"8",.0,"8",.0,"8",.0,"8",.0,"8",.0,"8",.0,"8",.0,"8",.0,"8",0,"8",0,"8",0,"8","","",0,"8",0,"8"
"352190360","P£OCK","2006","06","07","22","9","",0,"8",0,"8","","","",8,"",0,"8",0,"8",2,"",320,"",1,"",0,"",6.9,"",.0,"8","U","",7.7,"",77,"",3.1,"",1012.4,"",1025.9,"",1,.9,"",.0,"8",0,"8","03","0","1","","0","","","3","","","1","","",0,"8",.0,"8",.0,"8","","8",0,"8","","",.0,"8",.0,"8",.0,"8",.0,"8",.0,"8",.0,"8",.0,"8",.0,"8",.0,"8",0,"8",0,"8",0,"8","","",0,"8",0,"8"
"352190360","P£OCK","2006","06","07","23","9","",0,"8",0,"8","","","",8,"",0,"8",0,"8",2,"",360,"",2,"",0,"",6.0,"",.0,"8","U","",7.8,"",83,"",3.3,"",1012.4,"",1026.0,"",1,.3,"",.0,"8",0,"8","03","0","2","","0","","","3","","","0","","",0,"8",.0,"8",.0,"8","","8",0,"8","","",.0,"8",.0,"8",.0,"8",.0,"8",.0,"8",.0,"8",.0,"8",.0,"8",.0,"8",0,"8",0,"8",0,"8","","",0,"8",0,"8"
"352190360","P£OCK","2006","06","08","00","9","",0,"8",0,"8","","","",8,"",0,"8",0,"8",2,"",320,"",1,"",0,"",4.8,"",.0,"8","U","",7.2,"",84,"",2.3,"",1012.5,"",1026.1,"",2,.2,"",.0,"9",0,"9","01","1","1","","0","","","3","","","1","","",0,"",.0,"8",.0,"8","","8",0,"8","","",.0,"8",.0,"8",.0,"8",.0,"8",.0,"8",.0,"8",.0,"8",.0,"8",.0,"8",0,"8",0,"8",0,"8","","",0,"8",0,"8"
"352190360","P£OCK","2006","06","08","01","9","",0,"8",0,"8","","","",8,"",0,"8",0,"8",4,"",320,"",1,"",0,"",5.1,"",.0,"8","U","",7.0,"",80,"",1.9,"",1012.5,"",1026.1,"",1,.1,"",.0,"8",0,"8","03","0","1","","0","","","3","","","6","","",0,"8",.0,"8",.0,"8","","8",0,"8","","",.0,"8",.0,"8",.0,"8",.0,"8",.0,"8",.0,"8",.0,"8",.0,"8",.0,"8",0,"8",0,"8",0,"8","","",0,"8",0,"8"
"352190360","P£OCK","2006","06","08","02","9","",0,"8",0,"8","","","",7,"",0,"8",0,"8",4,"",0,"",0,"",0,"",3.1,"",.0,"8","U","",6.7,"",88,"",1.3,"",1012.3,"",1026.0,"",8,-.1,"",.0,"8",0,"8","02","0","1","","0","","","3","","","8","","",0,"8",.0,"8",.0,"8","","8",0,"8","","",.0,"8",.0,"8",.0,"8",.0,"8",.0,"8",.0,"8",.0,"8",.0,"8",.0,"8",0,"8",0,"8",0,"8","","",0,"8",0,"8"
"352190360","P£OCK","2006","06","08","03","9","",0,"8",0,"8","","","",7,"",0,"8",0,"8",4,"",0,"",0,"",0,"",2.7,"",.0,"8","U","",6.7,"",90,"",1.2,"",1012.4,"",1026.1,"",5,-.1,"",.0,"8",0,"8","02","0","1","","0","","","3","","","8","","",0,"8",.0,"8",.0,"8","","8",0,"8","","",.0,"8",.0,"8",.0,"8",.0,"8",.0,"8",.0,"8",.0,"8",.0,"8",.0,"8",0,"8",0,"8",0,"8","","",0,"8",0,"8"
"352190360","P£OCK","2006","06","08","04","9","",0,"8",0,"8","","","",8,"",0,"8",0,"8",5,"",0,"",0,"",0,"",5.2,"",.0,"8","U","",8.1,"",92,"",4.0,"",1012.7,"",1026.3,"",3,.2,"",.0,"8",0,"8","03","1","1","","0","","","3","","","6","","",0,"8",.0,"8",.0,"8","","8",0,"8","","",.0,"8",.0,"8",.0,"8",.0,"8",.0,"8",.0,"8",.0,"8",.0,"8",.0,"8",0,"8",0,"8",0,"8","","",0,"8",0,"8"
"352190360","P£OCK","2006","06","08","05","9","",0,"8",0,"8","","","",8,"",0,"8",0,"8",6,"",0,"",0,"",0,"",8.0,"",.0,"8","U","",8.9,"",83,"",5.3,"",1012.8,"",1026.3,"",2,.5,"",.0,"8",0,"8","03","2","3","","0","","","3","","","6","","",0,"8",.0,"8",.0,"8","","8",0,"8","","",.0,"8",.0,"8",.0,"8",.0,"8",.0,"8",.0,"8",.0,"8",.0,"8",.0,"8",0,"8",0,"8",0,"8","","",0,"8",0,"8"
"352190360","P£OCK","2006","06","08","06","9","",0,"8",0,"8","","","",7,"",0,"8",0,"8",7,"",0,"",0,"",0,"",10.5,"",.0,"8","U","",9.4,"",74,"",6.1,"",1012.9,"",1026.3,"",1,.5,"",.0,"9",0,"9","03","1","3","","0","","","3","","","6","","",0,"",.0,"8",.0,"8","","8",0,"8","","",.0,"8",.0,"8",.0,"8",.0,"8",.0,"8",.0,"8",.0,"8",.0,"8",.0,"8",0,"8",0,"8",0,"8","","",0,"8",0,"8"
"352190360","P£OCK","2006","06","08","07","9","",0,"8",0,"8","","","",8,"",0,"8",0,"8",8,"",240,"",2,"",0,"",13.1,"",.0,"8","U","",7.8,"",52,"",3.5,"",1012.9,"",1026.1,"",1,.2,"",.0,"8",0,"8","01","2","1","","0","","","3","","","7","","",0,"8",.0,"8",.0,"8","","8",0,"8","","",.0,"8",.0,"8",.0,"8",.0,"8",.0,"8",.0,"8",.0,"8",.0,"8",.0,"8",0,"8",0,"8",0,"8","","",0,"8",0,"8"
"352190360","P£OCK","2006","06","08","08","9","",0,"8",0,"8","","","",8,"",0,"8",0,"8",7,"",300,"",2,"",0,"",14.3,"",.0,"8","U","",8.9,"",55,"",5.4,"",1013.0,"",1026.2,"",2,.2,"",.0,"8",0,"8","01","2","1","","0","","","3","","","8","","",0,"8",.0,"8",.0,"8","","8",0,"8","","",.0,"8",.0,"8",.0,"8",.0,"8",.0,"8",.0,"8",.0,"8",.0,"8",.0,"8",0,"8",0,"8",0,"8","","",0,"8",0,"8"
"352190360","P£OCK","2006","06","08","09","9","",0,"8",0,"8","","","",8,"",0,"8",0,"8",8,"",320,"",3,"",0,"",15.7,"",.0,"8","U","",9.8,"",55,"",6.7,"",1013.1,"",1026.2,"",3,.2,"",.0,"8",0,"8","03","2","1","","0","","","3","","","7","","",0,"8",.0,"8",.0,"8","","8",0,"8","","",.0,"8",.0,"8",.0,"8",.0,"8",.0,"8",.0,"8",.0,"8",.0,"8",.0,"8",0,"8",0,"8",0,"8","","",0,"8",0,"8"
"352190360","P£OCK","2006","06","08","10","6","",0,"8",0,"8","","","",8,"",0,"8",0,"8",8,"",290,"",4,"",0,"",16.7,"",.0,"8","U","",8.7,"",46,"",5.0,"",1012.9,"",1026.0,"",0,.0,"",.0,"8",0,"8","03","2","1","","1","","","3","","","7","","",0,"8",.0,"8",.0,"8","","8",0,"8","","",.0,"8",.0,"8",.0,"8",.0,"8",.0,"8",.0,"8",.0,"8",.0,"8",.0,"8",0,"8",0,"8",0,"8","","",0,"8",0,"8"
"352190360","P£OCK","2006","06","08","11","6","",0,"8",0,"8","","","",8,"",0,"8",0,"8",8,"",290,"",3,"",0,"",17.1,"",.0,"8","U","",8.9,"",46,"",5.4,"",1012.9,"",1025.9,"",6,-.1,"",.0,"8",0,"8","03","2","1","","2","","","3","","","7","","",0,"8",.0,"8",.0,"8","","8",0,"8","","",.0,"8",.0,"8",.0,"8",.0,"8",.0,"8",.0,"8",.0,"8",.0,"8",.0,"8",0,"8",0,"8",0,"8","","",0,"8",0,"8"
"352190360","P£OCK","2006","06","08","12","7","",0,"8",0,"8","","","",8,"",0,"8",0,"8",7,"",270,"",3,"",0,"",18.5,"",.0,"8","U","",9.1,"",43,"",5.7,"",1012.5,"",1025.5,"",7,-.6,"",.0,"9",0,"9","03","2","1","","2","","","3","","","8","","",0,"",.0,"8",.0,"8","","8",0,"8","","",.0,"8",.0,"8",.0,"8",.0,"8",.0,"8",.0,"8",.0,"8",.0,"8",.0,"8",0,"8",0,"8",0,"8","","",0,"8",0,"8"
"352190360","P£OCK","2006","06","08","13","7","",0,"8",0,"8","","","",8,"",0,"8",0,"8",7,"",320,"",3,"",0,"",17.9,"",.0,"8","U","",8.8,"",43,"",5.1,"",1012.4,"",1025.4,"",8,-.5,"",.0,"8",0,"8","03","2","2","","2","","","5","","","/","","",0,"8",.0,"8",.0,"8","","8",0,"8","","",.0,"8",.0,"8",.0,"8",.0,"8",.0,"8",.0,"8",.0,"8",.0,"8",.0,"8",0,"8",0,"8",0,"8","","",0,"8",0,"8"
"352190360","P£OCK","2006","06","08","14","6","",0,"8",0,"8","","","",8,"",0,"8",0,"8",8,"",350,"",4,"",0,"",16.4,"",.0,"8","U","",10.6,"",57,"",7.9,"",1012.5,"",1025.6,"",5,-.4,"",.0,"8",0,"8","01","2","1","","2","","","7","","","/","","",0,"8",.0,"8",.0,"8","","8",0,"8","","",.0,"8",.0,"8",.0,"8",.0,"8",.0,"8",.0,"8",.0,"8",.0,"8",.0,"8",0,"8",0,"8",0,"8","","",0,"8",0,"8"
"352190360","P£OCK","2006","06","08","15","9","",0,"8",0,"8","","","",8,"",0,"8",0,"8",7,"",310,"",3,"",0,"",17.7,"",.0,"8","U","",10.7,"",53,"",8.0,"",1012.2,"",1025.2,"",7,-.3,"",.0,"8",0,"8","01","2","7","","0","","","7","","","/","","",0,"8",.0,"8",.0,"8","","8",0,"8","","",.0,"8",.0,"8",.0,"8",.0,"8",.0,"8",.0,"8",.0,"8",.0,"8",.0,"8",0,"8",0,"8",0,"8","","",0,"8",0,"8"
"352190360","P£OCK","2006","06","08","16","7","",0,"8",0,"8","","","",8,"",0,"8",0,"8",7,"",300,"",3,"",0,"",17.5,"",.0,"8","U","",9.0,"",45,"",5.4,"",1011.9,"",1024.9,"",8,-.5,"",.0,"8",0,"8","03","2","1","","5","","","7","","","/","","",0,"8",.0,"8",.0,"8","","8",0,"8","","",.0,"8",.0,"8",.0,"8",.0,"8",.0,"8",.0,"8",.0,"8",.0,"8",.0,"8",0,"8",0,"8",0,"8","","",0,"8",0,"8"
"352190360","P£OCK","2006","06","08","17","7","",0,"8",0,"8","","","",8,"",0,"8",0,"8",6,"",320,"",2,"",0,"",17.7,"",.0,"8","U","",9.3,"",46,"",5.9,"",1011.8,"",1024.8,"",6,-.7,"",.0,"8",0,"8","03","2","1","","2","","","3","","","0","","",0,"8",.0,"8",.0,"8","","8",0,"8","","",.0,"8",.0,"8",.0,"8",.0,"8",.0,"8",.0,"8",.0,"8",.0,"8",.0,"8",0,"8",0,"8",0,"8","","",0,"8",0,"8"
"352190360","P£OCK","2006","06","08","18","7","",0,"8",0,"8","","","",8,"",0,"8",0,"8",5,"",300,"",2,"",0,"",16.6,"",.0,"8","U","",9.8,"",52,"",6.7,"",1011.7,"",1024.8,"",6,-.5,"",.0,"9",0,"9","01","2","1","","4","","","3","","","0","","",0,"",.0,"8",.0,"8","","8",0,"8","","",.0,"8",.0,"8",.0,"8",.0,"8",.0,"8",.0,"8",.0,"8",.0,"8",.0,"8",0,"8",0,"8",0,"8","","",0,"8",0,"8"
"352190360","P£OCK","2006","06","08","19","9","",0,"8",0,"8","","","",8,"",0,"8",0,"8",3,"",310,"",1,"",0,"",14.4,"",.0,"8","U","",9.7,"",59,"",6.5,"",1011.9,"",1025.1,"",5,.0,"",.0,"8",0,"8","01","1","2","","0","","","3","","","1","","",0,"8",.0,"8",.0,"8","","8",0,"8","","",.0,"8",.0,"8",.0,"8",.0,"8",.0,"8",.0,"8",.0,"8",.0,"8",.0,"8",0,"8",0,"8",0,"8","","",0,"8",0,"8"
"352190360","P£OCK","2006","06","08","20","9","",0,"8",0,"8","","","",8,"",0,"8",0,"8",2,"",310,"",2,"",0,"",12.8,"",.0,"8","U","",9.7,"",66,"",6.6,"",1012.0,"",1025.2,"",3,.2,"",.0,"8",0,"8","01","0","1","","0","","","3","","","1","","",0,"8",.0,"8",.0,"8","","8",0,"8","","",.0,"8",.0,"8",.0,"8",.0,"8",.0,"8",.0,"8",.0,"8",.0,"8",.0,"8",0,"8",0,"8",0,"8","","",0,"8",0,"8"
"352190360","P£OCK","2006","06","08","21","9","",0,"8",0,"8","","","",8,"",0,"8",0,"8",1,"",10,"",2,"",0,"",9.8,"",.0,"8","U","",9.7,"",80,"",6.5,"",1011.9,"",1025.3,"",0,.2,"",.0,"8",0,"8","01","1","0","","0","","","0","","","1","","",0,"8",.0,"8",.0,"8","","8",0,"8","","",.0,"8",.0,"8",.0,"8",.0,"8",.0,"8",.0,"8",.0,"8",.0,"8",.0,"8",0,"8",0,"8",0,"8","","",0,"8",0,"8"
"352190360","P£OCK","2006","06","08","22","9","",0,"8",0,"8","","","",7,"",0,"8",0,"8",0,"",30,"",2,"",0,"",9.0,"",.0,"8","U","",9.6,"",84,"",6.4,"",1012.1,"",1025.5,"",2,.2,"",.0,"8",0,"8","01","0","0","","0","","","0","","","0","","",0,"8",.0,"8",.0,"8","","8",0,"8","","",.0,"8",.0,"8",.0,"8",.0,"8",.0,"8",.0,"8",.0,"8",.0,"8",.0,"8",0,"8",0,"8",0,"8","","",0,"8",0,"8"
"352190360","P£OCK","2006","06","08","23","9","",0,"8",0,"8","","","",7,"",0,"8",0,"8",0,"",0,"",0,"",0,"",8.2,"",.0,"8","U","",9.1,"",84,"",5.7,"",1012.0,"",1025.5,"",4,.0,"",.0,"8",0,"8","02","0","0","","0","","","0","","","0","","",0,"8",.0,"8",.0,"8","","8",0,"8","","",.0,"8",.0,"8",.0,"8",.0,"8",.0,"8",.0,"8",.0,"8",.0,"8",.0,"8",0,"8",0,"8",0,"8","","",0,"8",0,"8"
"352190360","P£OCK","2006","06","09","00","9","",0,"8",0,"8","","","",7,"",0,"8",0,"8",1,"",10,"",1,"",0,"",7.7,"",.0,"8","U","",9.2,"",88,"",5.8,"",1011.8,"",1025.3,"",8,-.1,"",.0,"9",0,"9","03","1","1","","0","","","3","","","0","","",0,"",.0,"8",.0,"8","","8",0,"8","","",.0,"8",.0,"8",.0,"8",.0,"8",.0,"8",.0,"8",.0,"8",.0,"8",.0,"8",0,"8",0,"8",0,"8","","",0,"8",0,"8"
"352190360","P£OCK","2006","06","09","01","6","",0,"8",0,"8","","","",7,"",0,"8",0,"8",2,"",20,"",3,"",0,"",7.5,"",.0,"8","U","",9.3,"",90,"",6.0,"",1011.7,"",1025.2,"",7,-.4,"",.0,"8",0,"8","03","0","1","","5","","","3","","","0","","",0,"8",.0,"8",.0,"8","","8",0,"8","","",.0,"8",.0,"8",.0,"8",.0,"8",.0,"8",.0,"8",.0,"8",.0,"8",.0,"8",0,"8",0,"8",0,"8","","",0,"8",0,"8"
"352190360","P£OCK","2006","06","09","02","6","",0,"8",0,"8","","","",7,"",0,"8",0,"8",3,"",20,"",2,"",0,"",8.3,"",.0,"8","U","",9.7,"",89,"",6.6,"",1011.6,"",1025.0,"",7,-.4,"",.0,"8",0,"8","03","0","1","","5","","","3","","","0","","",0,"8",.0,"8",.0,"8","","8",0,"8","","",.0,"8",.0,"8",.0,"8",.0,"8",.0,"8",.0,"8",.0,"8",.0,"8",.0,"8",0,"8",0,"8",0,"8","","",0,"8",0,"8"
"352190360","P£OCK","2006","06","09","03","6","",0,"8",0,"8","","","",7,"",0,"8",0,"8",2,"",30,"",2,"",0,"",7.9,"",.0,"8","U","",9.4,"",88,"",6.0,"",1011.5,"",1025.0,"",7,-.3,"",.0,"8",0,"8","01","0","1","","5","","","3","","","0","","",0,"8",.0,"8",.0,"8","","8",0,"8","","",.0,"8",.0,"8",.0,"8",.0,"8",.0,"8",.0,"8",.0,"8",.0,"8",.0,"8",0,"8",0,"8",0,"8","","",0,"8",0,"8"
"352190360","P£OCK","2006","06","09","04","9","",0,"8",0,"8","","","",8,"",0,"8",0,"8",1,"",20,"",2,"",0,"",10.2,"",.0,"8","U","",10.3,"",83,"",7.4,"",1011.6,"",1025.0,"",5,-.1,"",.0,"8",0,"8","01","0","1","","0","","","3","","","0","","",0,"8",.0,"8",.0,"8","","8",0,"8","","",.0,"8",.0,"8",.0,"8",.0,"8",.0,"8",.0,"8",.0,"8",.0,"8",.0,"8",0,"8",0,"8",0,"8","","",0,"8",0,"8"
"352190360","P£OCK","2006","06","09","05","9","",0,"8",0,"8","","","",8,"",0,"8",0,"8",2,"",30,"",3,"",0,"",11.7,"",.0,"8","U","",10.8,"",79,"",8.2,"",1011.7,"",1025.0,"",3,.1,"",.0,"8",0,"8","03","0","1","","0","","","8","","","1","","",0,"8",.0,"8",.0,"8","","8",0,"8","","",.0,"8",.0,"8",.0,"8",.0,"8",.0,"8",.0,"8",.0,"8",.0,"8",.0,"8",0,"8",0,"8",0,"8","","",0,"8",0,"8"
"352190360","P£OCK","2006","06","09","06","9","",0,"8",0,"8","","","",8,"",0,"8",0,"8",5,"",40,"",3,"",0,"",12.9,"",.0,"8","U","",10.7,"",72,"",8.0,"",1011.9,"",1025.1,"",2,.4,"",.0,"9",0,"9","03","1","1","","0","","","8","","","4","","",0,"",.0,"8",.0,"8","","8",0,"8","","",.0,"8",.0,"8",.0,"8",.0,"8",.0,"8",.0,"8",.0,"8",.0,"8",.0,"8",0,"8",0,"8",0,"8","","",0,"8",0,"8"
"352190360","P£OCK","2006","06","09","07","9","",0,"8",0,"8","","","",8,"",0,"8",0,"8",6,"",360,"",3,"",0,"",14.4,"",.0,"8","U","",11.1,"",68,"",8.6,"",1011.8,"",1025.0,"",0,.2,"",.0,"8",0,"8","03","2","2","","0","","","3","","","6","","",0,"8",.0,"8",.0,"8","","8",0,"8","","",.0,"8",.0,"8",.0,"8",.0,"8",.0,"8",.0,"8",.0,"8",.0,"8",.0,"8",0,"8",0,"8",0,"8","","",0,"8",0,"8"
"352190360","P£OCK","2006","06","09","08","5","",0,"8",0,"8","","","",8,"",0,"8",0,"8",6,"",360,"",3,"",0,"",15.8,"",.0,"8","U","",12.2,"",68,"",9.9,"",1011.6,"",1024.7,"",8,-.1,"",.0,"8",0,"8","03","2","1","","1","","","5","","","8","","",0,"8",.0,"8",.0,"8","","8",0,"8","","",.0,"8",.0,"8",.0,"8",.0,"8",.0,"8",.0,"8",.0,"8",.0,"8",.0,"8",0,"8",0,"8",0,"8","","",0,"8",0,"8"
"352190360","P£OCK","2006","06","09","09","6","",0,"8",0,"8","","","",8,"",0,"8",0,"8",7,"",330,"",4,"",0,"",15.8,"",.0,"8","U","",10.7,"",60,"",8.0,"",1011.4,"",1024.5,"",7,-.5,"",.0,"8",0,"8","03","2","2","","2","","","3","","","6","","",0,"8",.0,"8",.0,"8","","8",0,"8","","",.0,"8",.0,"8",.0,"8",.0,"8",.0,"8",.0,"8",.0,"8",.0,"8",.0,"8",0,"8",0,"8",0,"8","","",0,"8",0,"8"
"352190360","P£OCK","2006","06","09","10","6","",0,"8",0,"8","","","",8,"",0,"8",0,"8",8,"",340,"",3,"",0,"",16.4,"",.0,"8","U","",10.4,"",56,"",7.6,"",1011.1,"",1024.2,"",7,-.7,"",.0,"8",0,"8","03","2","3","","2","","","3","","","7","","",0,"8",.0,"8",.0,"8","","8",0,"8","","",.0,"8",.0,"8",.0,"8",.0,"8",.0,"8",.0,"8",.0,"8",.0,"8",.0,"8",0,"8",0,"8",0,"8","","",0,"8",0,"8"
"352190360","P£OCK","2006","06","09","11","6","",0,"8",0,"8","","","",8,"",0,"8",0,"8",8,"",330,"",4,"",0,"",17.0,"",.0,"8","U","",10.4,"",54,"",7.6,"",1010.6,"",1023.6,"",8,-1.0,"",.0,"8",0,"8","01","2","2","","2","","","3","","","7","","",0,"8",.0,"8",.0,"8","","8",0,"8","","",.0,"8",.0,"8",.0,"8",.0,"8",.0,"8",.0,"8",.0,"8",.0,"8",.0,"8",0,"8",0,"8",0,"8","","",0,"8",0,"8"
"352190360","P£OCK","2006","06","09","12","6","",0,"8",0,"8","","","",8,"",0,"8",0,"8",8,"",340,"",3,"",0,"",16.4,"",.0,"8","U","",10.2,"",55,"",7.3,"",1010.2,"",1023.2,"",7,-1.2,"",.0,"9",0,"9","03","2","2","","2","","","5","","","7","","",0,"",.0,"8",.0,"8","","8",0,"8","","",.0,"8",.0,"8",.0,"8",.0,"8",.0,"8",.0,"8",.0,"8",.0,"8",.0,"8",0,"8",0,"8",0,"8","","",0,"8",0,"8"
"352190360","P£OCK","2006","06","09","13","6","",0,"8",0,"8","","","",8,"",0,"8",0,"8",8,"",340,"",4,"",0,"",14.5,"",.0,"8","U","",11.4,"",69,"",8.9,"",1010.2,"",1023.3,"",6,-.9,"",.0,"8",0,"8","61","6","3","","5","","","7","","","/","","",0,"8",.0,"8",.0,"8","","8",0,"8","","",.0,"8",.0,"8",.0,"8",.0,"8",.0,"8",.0,"8",.0,"8",.0,"8",.0,"8",0,"8",0,"8",0,"8","","",0,"8",0,"8"
"352190360","P£OCK","2006","06","09","14","6","",0,"8",0,"8","","","",8,"",0,"8",0,"8",8,"",350,"",3,"",0,"",14.4,"",.0,"8","U","",11.1,"",68,"",8.6,"",1010.0,"",1023.1,"",7,-.6,"",.0,"8",0,"8","61","6","4","","5","","","2","","","/","","",0,"8",.0,"8",.0,"8","","8",0,"8","","",.0,"8",.0,"8",.0,"8",.0,"8",.0,"8",.0,"8",.0,"8",.0,"8",.0,"8",0,"8",0,"8",0,"8","","",0,"8",0,"8"
"352190360","P£OCK","2006","06","09","15","5","",0,"8",0,"8","","","",7,"",0,"8",0,"8",8,"",350,"",2,"",0,"",12.9,"",.0,"8","U","",10.8,"",73,"",8.2,"",1009.8,"",1023.0,"",8,-.4,"",.0,"8",0,"8","63","6","4","","5","","","2","","","/","","",0,"8",.0,"8",.0,"8","","8",0,"8","","",.0,"8",.0,"8",.0,"8",.0,"8",.0,"8",.0,"8",.0,"8",.0,"8",.0,"8",0,"8",0,"8",0,"8","","",0,"8",0,"8"
"352190360","P£OCK","2006","06","09","16","5","",0,"8",0,"8","","","",8,"",0,"8",0,"8",8,"",300,"",2,"",0,"",12.5,"",.0,"8","U","",11.9,"",82,"",9.5,"",1009.6,"",1022.8,"",7,-.6,"",.0,"8",0,"8","61","6","4","","5","","","2","","","/","","",0,"8",.0,"8",.0,"8","","8",0,"8","","",.0,"8",.0,"8",.0,"8",.0,"8",.0,"8",.0,"8",.0,"8",.0,"8",.0,"8",0,"8",0,"8",0,"8","","",0,"8",0,"8"
"352190360","P£OCK","2006","06","09","17","5","",0,"8",0,"8","","","",6,"",0,"8",0,"8",8,"",340,"",2,"",0,"",11.1,"",.0,"8","U","",11.7,"",89,"",9.4,"",1009.6,"",1022.9,"",6,-.4,"",.0,"8",0,"8","63","6","5","","5","","","2","","","/","","",0,"8",.0,"8",.0,"8","","8",0,"8","","",.0,"8",.0,"8",.0,"8",.0,"8",.0,"8",.0,"8",.0,"8",.0,"8",.0,"8",0,"8",0,"8",0,"8","","",0,"8",0,"8"
"352190360","P£OCK","2006","06","09","18","5","",0,"8",0,"8","","","",7,"",0,"8",0,"8",7,"",320,"",2,"",0,"",11.2,"",.0,"8","U","",12.0,"",90,"",9.6,"",1009.5,"",1022.8,"",7,-.3,"",4.0,"",6,"","80","6","3","","9","","","7","","","/","","",2,"",.0,"8",.0,"8","","8",0,"8","","",.0,"8",.0,"8",.0,"8",.0,"8",.0,"8",.0,"8",.0,"8",.0,"8",.0,"8",0,"8",0,"8",0,"8","","",0,"8",0,"8"
"352190360","P£OCK","2006","06","09","19","9","",0,"8",0,"8","","","",7,"",0,"8",0,"8",7,"",330,"",2,"",0,"",11.0,"",.0,"8","U","",11.8,"",90,"",9.4,"",1009.6,"",1022.9,"",5,.0,"",.0,"8",0,"8","25","2","7","","0","","","7","","","/","","",0,"8",.0,"8",.0,"8","","8",0,"8","","",.0,"8",.0,"8",.0,"8",.0,"8",.0,"8",.0,"8",.0,"8",.0,"8",.0,"8",0,"8",0,"8",0,"8","","",0,"8",0,"8"
"352190360","P£OCK","2006","06","09","20","9","",0,"8",0,"8","","","",6,"",0,"8",0,"8",7,"",330,"",1,"",0,"",10.5,"",.0,"8","U","",11.5,"",91,"",9.1,"",1009.7,"",1023.0,"",3,.1,"",.0,"8",0,"8","10","2","4","","0","","","3","","","8","","",0,"8",.0,"8",.0,"8","","8",0,"8","","",.0,"8",.0,"8",.0,"8",.0,"8",.0,"8",.0,"8",.0,"8",.0,"8",.0,"8",0,"8",0,"8",0,"8","","",0,"8",0,"8"
"352190360","P£OCK","2006","06","09","21","7","",0,"8",0,"8","","","",6,"",0,"8",0,"8",7,"",320,"",1,"",0,"",10.1,"",.0,"8","U","",11.4,"",92,"",8.9,"",1009.8,"",1023.1,"",2,.3,"",.0,"8",0,"8","10","8","5","","5","","","3","","","8","","",0,"8",.0,"8",.0,"8","","8",0,"8","","",.0,"8",.0,"8",.0,"8",.0,"8",.0,"8",.0,"8",.0,"8",.0,"8",.0,"8",0,"8",0,"8",0,"8","","",0,"8",0,"8"
"352190360","P£OCK","2006","06","09","22","9","",0,"8",0,"8","","","",6,"",0,"8",0,"8",8,"",350,"",2,"",0,"",10.0,"",.0,"8","U","",11.4,"",93,"",8.9,"",1009.9,"",1023.2,"",2,.3,"",.0,"8",0,"8","10","2","8","","0","","","3","","","/","","",0,"8",.0,"8",.0,"8","","8",0,"8","","",.0,"8",.0,"8",.0,"8",.0,"8",.0,"8",.0,"8",.0,"8",.0,"8",.0,"8",0,"8",0,"8",0,"8","","",0,"8",0,"8"
"352190360","P£OCK","2006","06","09","23","9","",0,"8",0,"8","","","",6,"",0,"8",0,"8",8,"",10,"",2,"",0,"",10.0,"",.0,"8","U","",11.4,"",93,"",8.9,"",1009.9,"",1023.2,"",1,.2,"",.0,"8",0,"8","10","2","8","","0","","","3","","","/","","",0,"8",.0,"8",.0,"8","","8",0,"8","","",.0,"8",.0,"8",.0,"8",.0,"8",.0,"8",.0,"8",.0,"8",.0,"8",.0,"8",0,"8",0,"8",0,"8","","",0,"8",0,"8"
"352190360","P£OCK","2006","06","10","00","9","",0,"8",0,"8","","","",6,"",0,"8",0,"8",5,"",10,"",2,"",0,"",9.1,"",.0,"8","U","",10.5,"",91,"",7.7,"",1009.9,"",1023.3,"",1,.1,"",.1,"",6,"","10","8","2","","0","","","3","","","1","","",1,"",.0,"8",.0,"8","","8",0,"8","","",.0,"8",.0,"8",.0,"8",.0,"8",.0,"8",.0,"8",.0,"8",.0,"8",.0,"8",0,"8",0,"8",0,"8","","",0,"8",0,"8"
"352190360","P£OCK","2006","06","10","01","9","",0,"8",0,"8","","","",5,"",0,"8",0,"8",2,"",20,"",2,"",0,"",8.1,"",.0,"8","U","",9.9,"",92,"",6.9,"",1009.9,"",1023.3,"",4,.0,"",.0,"8",0,"8","10","1","1","","0","","","3","","","1","","",0,"8",.0,"8",.0,"8","","8",0,"8","","",.0,"8",.0,"8",.0,"8",.0,"8",.0,"8",.0,"8",.0,"8",.0,"8",.0,"8",0,"8",0,"8",0,"8","","",0,"8",0,"8"
"352190360","P£OCK","2006","06","10","02","9","",0,"8",0,"8","","","",6,"",0,"8",0,"8",2,"",30,"",3,"",0,"",7.9,"",.0,"8","U","",9.9,"",93,"",6.8,"",1010.1,"",1023.5,"",3,.2,"",.0,"8",0,"8","10","0","1","","0","","","3","","","1","","",0,"8",.0,"8",.0,"8","","8",0,"8","","",.0,"8",.0,"8",.0,"8",.0,"8",.0,"8",.0,"8",.0,"8",.0,"8",.0,"8",0,"8",0,"8",0,"8","","",0,"8",0,"8"
"352190360","P£OCK","2006","06","10","03","9","",0,"8",0,"8","","","",7,"",0,"8",0,"8",1,"",30,"",2,"",0,"",7.5,"",.0,"8","U","",9.4,"",91,"",6.1,"",1010.4,"",1023.9,"",3,.5,"",.0,"8",0,"8","01","1","0","","0","","","0","","","1","","",0,"8",.0,"8",.0,"8","","8",0,"8","","",.0,"8",.0,"8",.0,"8",.0,"8",.0,"8",.0,"8",.0,"8",.0,"8",.0,"8",0,"8",0,"8",0,"8","","",0,"8",0,"8"
"352190360","P£OCK","2006","06","10","04","9","",0,"8",0,"8","","","",7,"",0,"8",0,"8",2,"",30,"",3,"",0,"",8.9,"",.0,"8","U","",10.0,"",88,"",7.0,"",1010.6,"",1024.0,"",2,.7,"",.0,"8",0,"8","03","0","1","","0","","","3","","","1","","",0,"8",.0,"8",.0,"8","","8",0,"8","","",.0,"8",.0,"8",.0,"8",.0,"8",.0,"8",.0,"8",.0,"8",.0,"8",.0,"8",0,"8",0,"8",0,"8","","",0,"8",0,"8"
"352190360","P£OCK","2006","06","10","05","9","",0,"8",0,"8","","","",8,"",0,"8",0,"8",2,"",40,"",3,"",0,"",10.4,"",.0,"8","U","",10.6,"",84,"",7.8,"",1011.0,"",1024.3,"",2,.9,"",.0,"8",0,"8","02","0","1","","0","","","3","","","1","","",0,"8",.0,"8",.0,"8","","8",0,"8","","",.0,"8",.0,"8",.0,"8",.0,"8",.0,"8",.0,"8",.0,"8",.0,"8",.0,"8",0,"8",0,"8",0,"8","","",0,"8",0,"8"
"352190360","P£OCK","2006","06","10","06","9","",0,"8",0,"8","","","",8,"",0,"8",0,"8",1,"",40,"",3,"",0,"",12.2,"",.0,"8","U","",11.1,"",78,"",8.5,"",1011.4,"",1024.7,"",3,1.0,"",.0,"9",0,"9","01","1","0","","0","","","0","","","1","","",1,"",.0,"8",.0,"8","","8",0,"8","","",.0,"8",.0,"8",.0,"8",.0,"8",.0,"8",.0,"8",.0,"8",.0,"8",.0,"8",0,"8",0,"8",0,"8","","",0,"8",0,"8"
"352190360","P£OCK","2006","06","10","07","9","",0,"8",0,"8","","","",8,"",0,"8",0,"8",2,"",40,"",4,"",0,"",14.1,"",.0,"8","U","",10.4,"",65,"",7.6,"",1012.0,"",1025.2,"",3,1.4,"",.0,"8",0,"8","03","0","0","","0","","","0","","","1","","",0,"8",.0,"8",.0,"8","","8",0,"8","","",.0,"8",.0,"8",.0,"8",.0,"8",.0,"8",.0,"8",.0,"8",.0,"8",.0,"8",0,"8",0,"8",0,"8","","",0,"8",0,"8"
"352190360","P£OCK","2006","06","10","08","6","",0,"8",0,"8","","","",8,"",0,"8",0,"8",2,"",30,"",4,"",0,"",15.6,"",.0,"8","U","",10.6,"",60,"",7.9,"",1012.3,"",1025.4,"",2,1.3,"",.0,"8",0,"8","03","0","1","","1","","","0","","","1","","",0,"8",.0,"8",.0,"8","","8",0,"8","","",.0,"8",.0,"8",.0,"8",.0,"8",.0,"8",.0,"8",.0,"8",.0,"8",.0,"8",0,"8",0,"8",0,"8","","",0,"8",0,"8"
"352190360","P£OCK","2006","06","10","09","6","",0,"8",0,"8","","","",8,"",0,"8",0,"8",4,"",50,"",4,"",0,"",16.7,"",.0,"8","U","",9.7,"",51,"",6.5,"",1012.5,"",1025.6,"",1,1.1,"",.0,"8",0,"8","03","0","2","","2","","","0","","","1","","",0,"8",.0,"8",.0,"8","","8",0,"8","","",.0,"8",.0,"8",.0,"8",.0,"8",.0,"8",.0,"8",.0,"8",.0,"8",.0,"8",0,"8",0,"8",0,"8","","",0,"8",0,"8"
"352190360","P£OCK","2006","06","10","10","6","",0,"8",0,"8","","","",8,"",0,"8",0,"8",4,"",30,"",4,"",0,"",17.5,"",.0,"8","U","",10.2,"",51,"",7.2,"",1012.6,"",1025.6,"",1,.6,"",.0,"8",0,"8","02","0","2","","2","","","0","","","1","","",0,"8",.0,"8",.0,"8","","8",0,"8","","",.0,"8",.0,"8",.0,"8",.0,"8",.0,"8",.0,"8",.0,"8",.0,"8",.0,"8",0,"8",0,"8",0,"8","","",0,"8",0,"8"
"352190360","P£OCK","2006","06","10","11","6","",0,"8",0,"8","","","",8,"",0,"8",0,"8",4,"",50,"",4,"",0,"",18.2,"",.0,"8","U","",9.4,"",45,"",6.1,"",1012.6,"",1025.6,"",1,.3,"",.0,"8",0,"8","02","0","2","","2","","","0","","","1","","",0,"8",.0,"8",.0,"8","","8",0,"8","","",.0,"8",.0,"8",.0,"8",.0,"8",.0,"8",.0,"8",.0,"8",.0,"8",.0,"8",0,"8",0,"8",0,"8","","",0,"8",0,"8"
"352190360","P£OCK","2006","06","10","12","6","",0,"8",0,"8","","","",8,"",0,"8",0,"8",4,"",20,"",5,"",0,"",17.8,"",.0,"8","U","",8.7,"",43,"",5.0,"",1012.5,"",1025.5,"",0,.0,"",.0,"9",0,"9","03","0","3","","2","","","0","","","1","","",0,"",.0,"8",.0,"8","","8",0,"8","","",.0,"8",.0,"8",.0,"8",.0,"8",.0,"8",.0,"8",.0,"8",.0,"8",.0,"8",0,"8",0,"8",0,"8","","",0,"8",0,"8"
"352190360","P£OCK","2006","06","10","13","7","",0,"8",0,"8","","","",8,"",0,"8",0,"8",4,"",30,"",5,"",0,"",19.1,"",.0,"8","U","",8.2,"",37,"",4.1,"",1012.4,"",1025.4,"",8,-.2,"",.0,"8",0,"8","01","0","3","","1","","","0","","","2","","",0,"8",.0,"8",.0,"8","","8",0,"8","","",.0,"8",.0,"8",.0,"8",.0,"8",.0,"8",.0,"8",.0,"8",.0,"8",.0,"8",0,"8",0,"8",0,"8","","",0,"8",0,"8"
"352190360","P£OCK","2006","06","10","14","7","",0,"8",0,"8","","","",8,"",0,"8",0,"8",3,"",30,"",5,"",0,"",19.6,"",.0,"8","U","",8.6,"",38,"",4.9,"",1012.4,"",1025.3,"",6,-.2,"",.0,"8",0,"8","01","0","2","","1","","","3","","","2","","",0,"8",.0,"8",.0,"8","","8",0,"8","","",.0,"8",.0,"8",.0,"8",.0,"8",.0,"8",.0,"8",.0,"8",.0,"8",.0,"8",0,"8",0,"8",0,"8","","",0,"8",0,"8"
"352190360","P£OCK","2006","06","10","15","7","",0,"8",0,"8","","","",8,"",0,"8",0,"8",2,"",10,"",4,"",0,"",19.3,"",.0,"8","U","",8.5,"",38,"",4.6,"",1012.2,"",1025.1,"",7,-.3,"",.0,"8",0,"8","01","0","1","","1","","","0","","","2","","",0,"8",.0,"8",.0,"8","","8",0,"8","","",.0,"8",.0,"8",.0,"8",.0,"8",.0,"8",.0,"8",.0,"8",.0,"8",.0,"8",0,"8",0,"8",0,"8","","",0,"8",0,"8"
"352190360","P£OCK","2006","06","10","16","7","",0,"8",0,"8","","","",8,"",0,"8",0,"8",3,"",30,"",4,"",0,"",19.3,"",.0,"8","U","",8.7,"",39,"",5.0,"",1012.4,"",1025.3,"",5,.0,"",.0,"8",0,"8","03","0","1","","1","","","3","","","1","","",0,"8",.0,"8",.0,"8","","8",0,"8","","",.0,"8",.0,"8",.0,"8",.0,"8",.0,"8",.0,"8",.0,"8",.0,"8",.0,"8",0,"8",0,"8",0,"8","","",0,"8",0,"8"
"352190360","P£OCK","2006","06","10","17","9","",0,"8",0,"8","","","",9,"",0,"8",0,"8",2,"",50,"",2,"",0,"",19.1,"",.0,"8","U","",8.4,"",38,"",4.4,"",1012.2,"",1025.1,"",7,-.2,"",.0,"8",0,"8","01","0","1","","0","","","4","","","1","","",0,"8",.0,"8",.0,"8","","8",0,"8","","",.0,"8",.0,"8",.0,"8",.0,"8",.0,"8",.0,"8",.0,"8",.0,"8",.0,"8",0,"8",0,"8",0,"8","","",0,"8",0,"8"
"352190360","P£OCK","2006","06","10","18","9","",0,"8",0,"8","","","",8,"",0,"8",0,"8",2,"",40,"",2,"",0,"",18.0,"",.0,"8","U","",10.1,"",49,"",7.1,"",1012.4,"",1025.4,"",2,.2,"",.0,"9",0,"9","02","0","1","","0","","","4","","","1","","",0,"",.0,"8",.0,"8","","8",0,"8","","",.0,"8",.0,"8",.0,"8",.0,"8",.0,"8",.0,"8",.0,"8",.0,"8",.0,"8",0,"8",0,"8",0,"8","","",0,"8",0,"8"
"352190360","P£OCK","2006","06","10","19","9","",0,"8",0,"8","","","",8,"",0,"8",0,"8",1,"",350,"",2,"",0,"",14.5,"",.0,"8","U","",10.5,"",64,"",7.8,"",1012.9,"",1026.1,"",3,.5,"",.0,"8",0,"8","01","0","0","","0","","","0","","","1","","",0,"8",.0,"8",.0,"8","","8",0,"8","","",.0,"8",.0,"8",.0,"8",.0,"8",.0,"8",.0,"8",.0,"8",.0,"8",.0,"8",0,"8",0,"8",0,"8","","",0,"8",0,"8"
"352190360","P£OCK","2006","06","10","20","9","",0,"8",0,"8","","","",8,"",0,"8",0,"8",2,"",0,"",0,"",0,"",12.4,"",.0,"8","U","",10.9,"",76,"",8.3,"",1013.4,"",1026.7,"",3,1.2,"",.0,"8",0,"8","03","0","1","","0","","","3","","","1","","",0,"8",.0,"8",.0,"8","","8",0,"8","","",.0,"8",.0,"8",.0,"8",.0,"8",.0,"8",.0,"8",.0,"8",.0,"8",.0,"8",0,"8",0,"8",0,"8","","",0,"8",0,"8"
"352190360","P£OCK","2006","06","10","21","9","",0,"8",0,"8","","","",7,"",0,"8",0,"8",2,"",360,"",2,"",0,"",10.9,"",.0,"8","U","",10.7,"",82,"",7.9,"",1013.8,"",1027.1,"",2,1.4,"",.0,"8",0,"8","02","0","1","","0","","","3","","","1","","",0,"8",.0,"8",.0,"8","","8",0,"8","","",.0,"8",.0,"8",.0,"8",.0,"8",.0,"8",.0,"8",.0,"8",.0,"8",.0,"8",0,"8",0,"8",0,"8","","",0,"8",0,"8"
"352190360","P£OCK","2006","06","10","22","9","",0,"8",0,"8","","","",7,"",0,"8",0,"8",2,"",320,"",1,"",0,"",10.6,"",.0,"8","U","",10.3,"",81,"",7.5,"",1014.1,"",1027.5,"",1,1.2,"",.0,"8",0,"8","02","0","1","","0","","","3","","","1","","",0,"8",.0,"8",.0,"8","","8",0,"8","","",.0,"8",.0,"8",.0,"8",.0,"8",.0,"8",.0,"8",.0,"8",.0,"8",.0,"8",0,"8",0,"8",0,"8","","",0,"8",0,"8"
"352190360","P£OCK","2006","06","10","23","9","",0,"8",0,"8","","","",7,"",0,"8",0,"8",3,"",0,"",0,"",0,"",10.1,"",.0,"8","U","",10.2,"",83,"",7.3,"",1014.3,"",1027.7,"",1,.9,"",.0,"8",0,"8","03","0","2","","0","","","3","","","1","","",0,"8",.0,"8",.0,"8","","8",0,"8","","",.0,"8",.0,"8",.0,"8",.0,"8",.0,"8",.0,"8",.0,"8",.0,"8",.0,"8",0,"8",0,"8",0,"8","","",0,"8",0,"8"
"352190360","P£OCK","2006","06","11","00","9","",0,"8",0,"8","","","",7,"",0,"8",0,"8",4,"",360,"",1,"",0,"",9.4,"",.0,"8","U","",9.9,"",84,"",6.8,"",1014.4,"",1027.8,"",1,.6,"",.0,"9",0,"9","03","0","2","","0","","","3","","","6","","",0,"",.0,"8",.0,"8","","8",0,"8","","",.0,"8",.0,"8",.0,"8",.0,"8",.0,"8",.0,"8",.0,"8",.0,"8",.0,"8",0,"8",0,"8",0,"8","","",0,"8",0,"8"
"352190360","P£OCK","2006","06","11","01","9","",0,"8",0,"8","","","",6,"",0,"8",0,"8",4,"",0,"",0,"",0,"",8.7,"",.0,"8","U","",9.7,"",86,"",6.5,"",1014.3,"",1027.8,"",0,.2,"",.0,"8",0,"8","10","0","2","","0","","","3","","","8","","",0,"8",.0,"8",.0,"8","","8",0,"8","","",.0,"8",.0,"8",.0,"8",.0,"8",.0,"8",.0,"8",.0,"8",.0,"8",.0,"8",0,"8",0,"8",0,"8","","",0,"8",0,"8"
"352190360","P£OCK","2006","06","11","02","9","",0,"8",0,"8","","","",7,"",0,"8",0,"8",4,"",310,"",2,"",0,"",9.7,"",.0,"8","U","",10.8,"",90,"",8.1,"",1014.3,"",1027.7,"",4,.0,"",.0,"8",0,"8","02","0","2","","0","","","3","","","8","","",0,"8",.0,"8",.0,"8","","8",0,"8","","",.0,"8",.0,"8",.0,"8",.0,"8",.0,"8",.0,"8",.0,"8",.0,"8",.0,"8",0,"8",0,"8",0,"8","","",0,"8",0,"8"
"352190360","P£OCK","2006","06","11","03","7","",0,"8",0,"8","","","",7,"",0,"8",0,"8",5,"",0,"",0,"",0,"",9.1,"",.0,"8","U","",10.3,"",89,"",7.4,"",1014.6,"",1028.0,"",3,.2,"",.0,"8",0,"8","03","1","3","","5","","","3","","","1","","",0,"8",.0,"8",.0,"8","","8",0,"8","","",.0,"8",.0,"8",.0,"8",.0,"8",.0,"8",.0,"8",.0,"8",.0,"8",.0,"8",0,"8",0,"8",0,"8","","",0,"8",0,"8"
"352190360","P£OCK","2006","06","11","04","4","",0,"8",0,"8","","","",8,"",0,"8",0,"8",4,"",310,"",2,"",0,"",12.0,"",.0,"8","U","",11.6,"",83,"",9.2,"",1014.7,"",1028.0,"",3,.4,"",.0,"8",0,"8","03","1","2","","2","","","3","","","1","","",0,"8",.0,"8",.0,"8","","8",0,"8","","",.0,"8",.0,"8",.0,"8",.0,"8",.0,"8",.0,"8",.0,"8",.0,"8",.0,"8",0,"8",0,"8",0,"8","","",0,"8",0,"8"
"352190360","P£OCK","2006","06","11","05","5","",0,"8",0,"8","","","",8,"",0,"8",0,"8",4,"",290,"",1,"",0,"",13.6,"",.0,"8","U","",12.1,"",78,"",9.8,"",1015.0,"",1028.2,"",2,.7,"",.0,"8",0,"8","02","0","2","","2","","","3","","","1","","",0,"8",.0,"8",.0,"8","","8",0,"8","","",.0,"8",.0,"8",.0,"8",.0,"8",.0,"8",.0,"8",.0,"8",.0,"8",.0,"8",0,"8",0,"8",0,"8","","",0,"8",0,"8"
"352190360","P£OCK","2006","06","11","06","6","",0,"8",0,"8","","","",8,"",0,"8",0,"8",2,"",310,"",3,"",0,"",16.3,"",.0,"8","U","",11.3,"",61,"",8.8,"",1015.1,"",1028.2,"",2,.5,"",.0,"9",0,"9","01","1","1","","5","","","3","","","1","","",0,"",.0,"8",.0,"8","","8",0,"8","","",.0,"8",.0,"8",.0,"8",.0,"8",.0,"8",.0,"8",.0,"8",.0,"8",.0,"8",0,"8",0,"8",0,"8","","",0,"8",0,"8"
"352190360","P£OCK","2006","06","11","07","7","",0,"8",0,"8","","","",8,"",0,"8",0,"8",5,"",300,"",4,"",0,"",17.9,"",.0,"8","U","",10.2,"",50,"",7.3,"",1015.1,"",1028.1,"",1,.4,"",.0,"8",0,"8","03","1","4","","5","","","0","","","1","","",0,"8",.0,"8",.0,"8","","8",0,"8","","",.0,"8",.0,"8",.0,"8",.0,"8",.0,"8",.0,"8",.0,"8",.0,"8",.0,"8",0,"8",0,"8",0,"8","","",0,"8",0,"8"
"352190360","P£OCK","2006","06","11","08","9","",0,"8",0,"8","","","",8,"",0,"8",0,"8",2,"",320,"",5,"",0,"",18.6,"",.0,"8","U","",10.7,"",50,"",8.0,"",1015.1,"",1028.1,"",1,.1,"",.0,"8",0,"8","01","1","1","","0","","","3","","","1","","",0,"8",.0,"8",.0,"8","","8",0,"8","","",.0,"8",.0,"8",.0,"8",.0,"8",.0,"8",.0,"8",.0,"8",.0,"8",.0,"8",0,"8",0,"8",0,"8","","",0,"8",0,"8"
"352190360","P£OCK","2006","06","11","09","9","",0,"8",0,"8","","","",8,"",0,"8",0,"8",2,"",310,"",4,"",0,"",20.1,"",.0,"8","U","",10.8,"",46,"",8.1,"",1014.8,"",1027.7,"",8,-.3,"",.0,"8",0,"8","02","1","1","","0","","","3","","","1","","",0,"8",.0,"8",.0,"8","","8",0,"8","","",.0,"8",.0,"8",.0,"8",.0,"8",.0,"8",.0,"8",.0,"8",.0,"8",.0,"8",0,"8",0,"8",0,"8","","",0,"8",0,"8"
"352190360","P£OCK","2006","06","11","10","6","",0,"8",0,"8","","","",8,"",0,"8",0,"8",2,"",350,"",4,"",0,"",21.0,"",.0,"8","U","",12.2,"",49,"",9.9,"",1014.9,"",1027.8,"",5,-.2,"",.0,"8",0,"8","03","0","1","","1","","","0","","","1","","",0,"8",.0,"8",.0,"8","","8",0,"8","","",.0,"8",.0,"8",.0,"8",.0,"8",.0,"8",.0,"8",.0,"8",.0,"8",.0,"8",0,"8",0,"8",0,"8","","",0,"8",0,"8"
"352190360","P£OCK","2006","06","11","11","6","",0,"8",0,"8","","","",8,"",0,"8",0,"8",3,"",20,"",5,"",0,"",21.5,"",.0,"8","U","",11.8,"",46,"",9.4,"",1014.8,"",1027.7,"",7,-.3,"",.0,"8",0,"8","03","0","2","","1","","","0","","","1","","",0,"8",.0,"8",.0,"8","","8",0,"8","","",.0,"8",.0,"8",.0,"8",.0,"8",.0,"8",.0,"8",.0,"8",.0,"8",.0,"8",0,"8",0,"8",0,"8","","",0,"8",0,"8"
"352190360","P£OCK","2006","06","11","12","7","",0,"8",0,"8","","","",8,"",0,"8",0,"8",3,"",350,"",4,"",0,"",22.1,"",.0,"8","U","",11.4,"",43,"",8.9,"",1014.4,"",1027.2,"",8,-.4,"",.0,"9",0,"9","02","1","2","","1","","","0","","","1","","",0,"",.0,"8",.0,"8","","8",0,"8","","",.0,"8",.0,"8",.0,"8",.0,"8",.0,"8",.0,"8",.0,"8",.0,"8",.0,"8",0,"8",0,"8",0,"8","","",0,"8",0,"8"
"352190360","P£OCK","2006","06","11","13","7","",0,"8",0,"8","","","",8,"",0,"8",0,"8",2,"",350,"",4,"",0,"",22.8,"",.0,"8","U","",10.8,"",39,"",8.1,"",1014.3,"",1027.1,"",7,-.6,"",.0,"8",0,"8","01","0","1","","1","","","0","","","2","","",0,"8",.0,"8",.0,"8","","8",0,"8","","",.0,"8",.0,"8",.0,"8",.0,"8",.0,"8",.0,"8",.0,"8",.0,"8",.0,"8",0,"8",0,"8",0,"8","","",0,"8",0,"8"
"352190360","P£OCK","2006","06","11","14","7","",0,"8",0,"8","","","",8,"",0,"8",0,"8",2,"",340,"",4,"",0,"",23.0,"",.0,"8","U","",10.4,"",37,"",7.5,"",1014.1,"",1026.9,"",7,-.7,"",.0,"8",0,"8","02","0","1","","1","","","0","","","2","","",0,"8",.0,"8",.0,"8","","8",0,"8","","",.0,"8",.0,"8",.0,"8",.0,"8",.0,"8",.0,"8",.0,"8",.0,"8",.0,"8",0,"8",0,"8",0,"8","","",0,"8",0,"8"
"352190360","P£OCK","2006","06","11","15","7","",0,"8",0,"8","","","",8,"",0,"8",0,"8",1,"",10,"",5,"",0,"",22.9,"",.0,"8","U","",11.1,"",40,"",8.6,"",1014.0,"",1026.8,"",7,-.4,"",.0,"8",0,"8","01","0","1","","1","","","0","","","2","","",0,"8",.0,"8",.0,"8","","8",0,"8","","",.0,"8",.0,"8",.0,"8",.0,"8",.0,"8",.0,"8",.0,"8",.0,"8",.0,"8",0,"8",0,"8",0,"8","","",0,"8",0,"8"
"352190360","P£OCK","2006","06","11","16","9","",0,"8",0,"8","","","",8,"",0,"8",0,"8",1,"",350,"",4,"",0,"",22.7,"",.0,"8","U","",11.6,"",42,"",9.1,"",1013.9,"",1026.7,"",7,-.4,"",.0,"8",0,"8","01","0","0","","0","","","0","","","1","","",0,"8",.0,"8",.0,"8","","8",0,"8","","",.0,"8",.0,"8",.0,"8",.0,"8",.0,"8",.0,"8",.0,"8",.0,"8",.0,"8",0,"8",0,"8",0,"8","","",0,"8",0,"8"
"352190360","P£OCK","2006","06","11","17","9","",0,"8",0,"8","","","",8,"",0,"8",0,"8",1,"",360,"",3,"",0,"",22.0,"",.0,"8","U","",11.9,"",45,"",9.5,"",1014.0,"",1026.8,"",5,-.1,"",.0,"8",0,"8","02","0","0","","0","","","0","","","1","","",0,"8",.0,"8",.0,"8","","8",0,"8","","",.0,"8",.0,"8",.0,"8",.0,"8",.0,"8",.0,"8",.0,"8",.0,"8",.0,"8",0,"8",0,"8",0,"8","","",0,"8",0,"8"
"352190360","P£OCK","2006","06","11","18","9","",0,"8",0,"8","","","",8,"",0,"8",0,"8",6,"",360,"",2,"",0,"",20.5,"",.0,"8","U","",12.5,"",52,"",10.3,"",1014.1,"",1027.0,"",3,.1,"",.0,"9",0,"9","03","1","0","","0","","","0","","","6","","",0,"",.0,"8",.0,"8","","8",0,"8","","",.0,"8",.0,"8",.0,"8",.0,"8",.0,"8",.0,"8",.0,"8",.0,"8",.0,"8",0,"8",0,"8",0,"8","","",0,"8",0,"8"
"352190360","P£OCK","2006","06","11","19","9","",0,"8",0,"8","","","",9,"",0,"8",0,"8",7,"",350,"",2,"",0,"",18.8,"",.0,"8","U","",11.7,"",54,"",9.3,"",1014.5,"",1027.5,"",3,.6,"",.0,"8",0,"8","03","2","0","","0","","","0","","","6","","",0,"8",.0,"8",.0,"8","","8",0,"8","","",.0,"8",.0,"8",.0,"8",.0,"8",.0,"8",.0,"8",.0,"8",.0,"8",.0,"8",0,"8",0,"8",0,"8","","",0,"8",0,"8"
"352190360","P£OCK","2006","06","11","20","9","",0,"8",0,"8","","","",8,"",0,"8",0,"8",7,"",340,"",2,"",0,"",16.7,"",.0,"8","U","",11.8,"",62,"",9.4,"",1014.9,"",1028.0,"",3,.9,"",.0,"8",0,"8","02","2","0","","0","","","0","","","8","","",0,"8",.0,"8",.0,"8","","8",0,"8","","",.0,"8",.0,"8",.0,"8",.0,"8",.0,"8",.0,"8",.0,"8",.0,"8",.0,"8",0,"8",0,"8",0,"8","","",0,"8",0,"8"
"352190360","P£OCK","2006","06","11","21","9","",0,"8",0,"8","","","",9,"",0,"8",0,"8",6,"",350,"",2,"",0,"",15.2,"",.0,"8","U","",11.5,"",67,"",9.1,"",1015.1,"",1028.3,"",1,1.0,"",.0,"8",0,"8","01","2","0","","0","","","0","","","8","","",0,"8",.0,"8",.0,"8","","8",0,"8","","",.0,"8",.0,"8",.0,"8",.0,"8",.0,"8",.0,"8",.0,"8",.0,"8",.0,"8",0,"8",0,"8",0,"8","","",0,"8",0,"8"
"352190360","P£OCK","2006","06","11","22","9","",0,"8",0,"8","","","",9,"",0,"8",0,"8",6,"",10,"",1,"",0,"",13.3,"",.0,"8","U","",11.3,"",74,"",8.8,"",1015.1,"",1028.4,"",1,.6,"",.0,"8",0,"8","02","2","0","","0","","","0","","","8","","",0,"8",.0,"8",.0,"8","","8",0,"8","","",.0,"8",.0,"8",.0,"8",.0,"8",.0,"8",.0,"8",.0,"8",.0,"8",.0,"8",0,"8",0,"8",0,"8","","",0,"8",0,"8"
"352190360","P£OCK","2006","06","11","23","9","",0,"8",0,"8","","","",8,"",0,"8",0,"8",5,"",340,"",1,"",0,"",11.4,"",.0,"8","U","",10.9,"",81,"",8.3,"",1015.4,"",1028.7,"",2,.5,"",.0,"8",0,"8","01","2","0","","0","","","0","","","8","","",0,"8",.0,"8",.0,"8","","8",0,"8","","",.0,"8",.0,"8",.0,"8",.0,"8",.0,"8",.0,"8",.0,"8",.0,"8",.0,"8",0,"8",0,"8",0,"8","","",0,"8",0,"8"
"352190360","P£OCK","2006","06","12","00","9","",0,"8",0,"8","","","",8,"",0,"8",0,"8",5,"",0,"",0,"",0,"",10.7,"",.0,"8","U","",11.0,"",86,"",8.5,"",1015.3,"",1028.7,"",0,.2,"",.0,"9",0,"9","02","2","0","","0","","","0","","","8","","",0,"",.0,"8",.0,"8","","8",0,"8","","",.0,"8",.0,"8",.0,"8",.0,"8",.0,"8",.0,"8",.0,"8",.0,"8",.0,"8",0,"8",0,"8",0,"8","","",0,"8",0,"8"
"352190360","P£OCK","2006","06","12","01","9","",0,"8",0,"8","","","",8,"",0,"8",0,"8",5,"",40,"",1,"",0,"",9.7,"",.0,"8","U","",10.6,"",88,"",7.8,"",1015.3,"",1028.7,"",0,.2,"",.0,"8",0,"8","02","2","0","","0","","","0","","","8","","",0,"8",.0,"8",.0,"8","","8",0,"8","","",.0,"8",.0,"8",.0,"8",.0,"8",.0,"8",.0,"8",.0,"8",.0,"8",.0,"8",0,"8",0,"8",0,"8","","",0,"8",0,"8"
"352190360","P£OCK","2006","06","12","02","9","",0,"8",0,"8","","","",8,"",0,"8",0,"8",3,"",30,"",1,"",0,"",9.1,"",.0,"8","U","",10.4,"",90,"",7.5,"",1015.2,"",1028.7,"",7,-.2,"",.0,"8",0,"8","01","1","0","","0","","","0","","","1","","",0,"8",.0,"8",.0,"8","","8",0,"8","","",.0,"8",.0,"8",.0,"8",.0,"8",.0,"8",.0,"8",.0,"8",.0,"8",.0,"8",0,"8",0,"8",0,"8","","",0,"8",0,"8"
"352190360","P£OCK","2006","06","12","03","9","",0,"8",0,"8","","","",8,"",0,"8",0,"8",3,"",0,"",0,"",0,"",9.2,"",.0,"8","U","",10.7,"",92,"",8.0,"",1015.5,"",1029.0,"",3,.2,"",.0,"8",0,"8","02","1","0","","0","","","0","","","1","","",0,"8",.0,"8",.0,"8","","8",0,"8","","",.0,"8",.0,"8",.0,"8",.0,"8",.0,"8",.0,"8",.0,"8",.0,"8",.0,"8",0,"8",0,"8",0,"8","","",0,"8",0,"8"
"352190360","P£OCK","2006","06","12","04","9","",0,"8",0,"8","","","",8,"",0,"8",0,"8",3,"",350,"",1,"",0,"",12.5,"",.0,"8","U","",12.4,"",86,"",10.2,"",1015.7,"",1029.0,"",3,.4,"",.0,"8",0,"8","02","0","0","","0","","","0","","","1","","",0,"8",.0,"8",.0,"8","","8",0,"8","","",.0,"8",.0,"8",.0,"8",.0,"8",.0,"8",.0,"8",.0,"8",.0,"8",.0,"8",0,"8",0,"8",0,"8","","",0,"8",0,"8"
"352190360","P£OCK","2006","06","12","05","9","",0,"8",0,"8","","","",8,"",0,"8",0,"8",2,"",10,"",2,"",0,"",15.4,"",.0,"8","U","",13.3,"",76,"",11.2,"",1015.9,"",1029.1,"",2,.7,"",.0,"8",0,"8","01","0","0","","0","","","0","","","1","","",0,"8",.0,"8",.0,"8","","8",0,"8","","",.0,"8",.0,"8",.0,"8",.0,"8",.0,"8",.0,"8",.0,"8",.0,"8",.0,"8",0,"8",0,"8",0,"8","","",0,"8",0,"8"
"352190360","P£OCK","2006","06","12","06","9","",0,"8",0,"8","","","",8,"",0,"8",0,"8",1,"",360,"",1,"",0,"",18.4,"",.0,"8","U","",13.7,"",65,"",11.7,"",1015.9,"",1028.9,"",1,.4,"",.0,"9",0,"9","01","1","0","","0","","","0","","","1","","",0,"",.0,"8",.0,"8","","8",0,"8","","",.0,"8",.0,"8",.0,"8",.0,"8",.0,"8",.0,"8",.0,"8",.0,"8",.0,"8",0,"8",0,"8",0,"8","","",0,"8",0,"8"
"352190360","P£OCK","2006","06","12","07","9","",0,"8",0,"8","","","",8,"",0,"8",0,"8",1,"",340,"",1,"",0,"",19.6,"",.0,"8","U","",13.2,"",58,"",11.1,"",1015.7,"",1028.7,"",0,.0,"",.0,"8",0,"8","02","0","0","","0","","","0","","","1","","",0,"8",.0,"8",.0,"8","","8",0,"8","","",.0,"8",.0,"8",.0,"8",.0,"8",.0,"8",.0,"8",.0,"8",.0,"8",.0,"8",0,"8",0,"8",0,"8","","",0,"8",0,"8"
"352190360","P£OCK","2006","06","12","08","7","",0,"8",0,"8","","","",8,"",0,"8",0,"8",2,"",300,"",3,"",0,"",21.0,"",.0,"8","U","",13.4,"",54,"",11.3,"",1015.3,"",1028.2,"",8,-.6,"",.0,"8",0,"8","03","0","1","","5","","","0","","","1","","",0,"8",.0,"8",.0,"8","","8",0,"8","","",.0,"8",.0,"8",.0,"8",.0,"8",.0,"8",.0,"8",.0,"8",.0,"8",.0,"8",0,"8",0,"8",0,"8","","",0,"8",0,"8"
"352190360","P£OCK","2006","06","12","09","7","",0,"8",0,"8","","","",8,"",0,"8",0,"8",2,"",280,"",2,"",0,"",22.1,"",.0,"8","U","",13.5,"",51,"",11.5,"",1014.9,"",1027.8,"",8,-1.0,"",.0,"8",0,"8","02","0","1","","5","","","0","","","1","","",0,"8",.0,"8",.0,"8","","8",0,"8","","",.0,"8",.0,"8",.0,"8",.0,"8",.0,"8",.0,"8",.0,"8",.0,"8",.0,"8",0,"8",0,"8",0,"8","","",0,"8",0,"8"
"352190360","P£OCK","2006","06","12","10","6","",0,"8",0,"8","","","",8,"",0,"8",0,"8",5,"",270,"",3,"",0,"",23.3,"",.0,"8","U","",13.4,"",47,"",11.4,"",1014.5,"",1027.3,"",7,-1.2,"",.0,"8",0,"8","03","1","2","","1","","","0","","","6","","",0,"8",.0,"8",.0,"8","","8",0,"8","","",.0,"8",.0,"8",.0,"8",.0,"8",.0,"8",.0,"8",.0,"8",.0,"8",.0,"8",0,"8",0,"8",0,"8","","",0,"8",0,"8"
"352190360","P£OCK","2006","06","12","11","7","",0,"8",0,"8","","","",8,"",0,"8",0,"8",5,"",270,"",2,"",0,"",24.5,"",.0,"8","U","",12.3,"",40,"",10.0,"",1014.1,"",1026.8,"",7,-1.2,"",.0,"8",0,"8","02","2","2","","1","","","0","","","8","","",0,"8",.0,"8",.0,"8","","8",0,"8","","",.0,"8",.0,"8",.0,"8",.0,"8",.0,"8",.0,"8",.0,"8",.0,"8",.0,"8",0,"8",0,"8",0,"8","","",0,"8",0,"8"
"352190360","P£OCK","2006","06","12","12","7","",0,"8",0,"8","","","",8,"",0,"8",0,"8",3,"",320,"",3,"",0,"",24.8,"",.0,"8","U","",11.6,"",37,"",9.1,"",1013.7,"",1026.4,"",7,-1.2,"",.0,"9",0,"9","03","1","2","","2","","","0","","","1","","",0,"",.0,"8",.0,"8","","8",0,"8","","",.0,"8",.0,"8",.0,"8",.0,"8",.0,"8",.0,"8",.0,"8",.0,"8",.0,"8",0,"8",0,"8",0,"8","","",0,"8",0,"8"
"352190360","P£OCK","2006","06","12","13","7","",0,"8",0,"8","","","",8,"",0,"8",0,"8",3,"",360,"",3,"",0,"",24.3,"",.0,"8","U","",13.0,"",43,"",10.9,"",1013.3,"",1026.0,"",7,-1.2,"",.0,"8",0,"8","02","0","2","","2","","","0","","","1","","",0,"8",.0,"8",.0,"8","","8",0,"8","","",.0,"8",.0,"8",.0,"8",.0,"8",.0,"8",.0,"8",.0,"8",.0,"8",.0,"8",0,"8",0,"8",0,"8","","",0,"8",0,"8"
"352190360","P£OCK","2006","06","12","14","7","",0,"8",0,"8","","","",8,"",0,"8",0,"8",4,"",360,"",3,"",0,"",25.1,"",.0,"8","U","",14.3,"",45,"",12.3,"",1012.9,"",1025.6,"",7,-1.2,"",.0,"8",0,"8","03","0","2","","2","","","0","","","6","","",0,"8",.0,"8",.0,"8","","8",0,"8","","",.0,"8",.0,"8",.0,"8",.0,"8",.0,"8",.0,"8",.0,"8",.0,"8",.0,"8",0,"8",0,"8",0,"8","","",0,"8",0,"8"
"352190360","P£OCK","2006","06","12","15","6","",0,"8",0,"8","","","",8,"",0,"8",0,"8",7,"",10,"",4,"",0,"",25.5,"",.0,"8","U","",14.3,"",44,"",12.3,"",1012.0,"",1024.7,"",8,-1.7,"",.0,"8",0,"8","03","1","3","","9","","","0","","","6","","",0,"8",.0,"8",.0,"8","","8",0,"8","","",.0,"8",.0,"8",.0,"8",.0,"8",.0,"8",.0,"8",.0,"8",.0,"8",.0,"8",0,"8",0,"8",0,"8","","",0,"8",0,"8"
"352190360","P£OCK","2006","06","12","16","6","",0,"8",0,"8","","","",8,"",0,"8",0,"8",7,"",350,"",4,"",0,"",25.0,"",.0,"8","U","",14.2,"",45,"",12.2,"",1011.7,"",1024.4,"",7,-1.6,"",.0,"8",0,"8","03","2","4","","9","","","0","","","8","","",0,"8",.0,"8",.0,"8","","8",0,"8","","",.0,"8",.0,"8",.0,"8",.0,"8",.0,"8",.0,"8",.0,"8",.0,"8",.0,"8",0,"8",0,"8",0,"8","","",0,"8",0,"8"
"352190360","P£OCK","2006","06","12","17","5","",0,"8",0,"8","","","",8,"",0,"8",0,"8",7,"",90,"",5,"",0,"",19.9,"",.0,"8","U","",14.1,"",61,"",12.2,"",1012.2,"",1025.1,"",5,-.7,"",.0,"8",0,"8","13","2","5","","9","","","0","","","8","","",0,"8",.0,"8",.0,"8","","8",0,"8","","",.0,"8",.0,"8",.0,"8",.0,"8",.0,"8",.0,"8",.0,"8",.0,"8",.0,"8",0,"8",0,"8",0,"8","","",0,"8",0,"8"
"352190360","P£OCK","2006","06","12","18","5","",0,"8",0,"8","","","",8,"",0,"8",0,"8",5,"",60,"",1,"",0,"",20.7,"",.0,"8","U","",16.3,"",67,"",14.3,"",1011.8,"",1024.7,"",7,-.2,"",.0,"9",0,"9","01","1","2","","9","","","3","","","8","","",0,"",.0,"8",.0,"8","","8",0,"8","","",.0,"8",.0,"8",.0,"8",.0,"8",.0,"8",.0,"8",.0,"8",.0,"8",.0,"8",0,"8",0,"8",0,"8","","",0,"8",0,"8"
"352190360","P£OCK","2006","06","12","19","9","",0,"8",0,"8","","","",8,"",0,"8",0,"8",4,"",10,"",1,"",0,"",19.5,"",.0,"8","U","",14.7,"",65,"",12.7,"",1011.9,"",1024.8,"",2,.2,"",.0,"8",0,"8","01","1","2","","0","","","3","","","1","","",0,"8",.0,"8",.0,"8","","8",0,"8","","",.0,"8",.0,"8",.0,"8",.0,"8",.0,"8",.0,"8",.0,"8",.0,"8",.0,"8",0,"8",0,"8",0,"8","","",0,"8",0,"8"
"352190360","P£OCK","2006","06","12","20","5","",0,"8",0,"8","","","",8,"",0,"8",0,"8",4,"",70,"",1,"",0,"",17.1,"",.0,"8","U","",15.2,"",78,"",13.2,"",1012.3,"",1025.3,"",3,.1,"",.0,"8",0,"8","13","0","1","","9","","","3","","","1","","",0,"8",.0,"8",.0,"8","","8",0,"8","","",.0,"8",.0,"8",.0,"8",.0,"8",.0,"8",.0,"8",.0,"8",.0,"8",.0,"8",0,"8",0,"8",0,"8","","",0,"8",0,"8"
"352190360","P£OCK","2006","06","12","21","9","",0,"8",0,"8","","","",7,"",0,"8",0,"8",2,"",0,"",0,"",0,"",15.6,"",.0,"8","U","",14.9,"",84,"",12.9,"",1012.4,"",1025.5,"",2,.6,"",.0,"8",0,"8","01","1","1","","0","","","3","","","1","","",0,"8",.0,"8",.0,"8","","8",0,"8","","",.0,"8",.0,"8",.0,"8",.0,"8",.0,"8",.0,"8",.0,"8",.0,"8",.0,"8",0,"8",0,"8",0,"8","","",0,"8",0,"8"
"352190360","P£OCK","2006","06","12","22","9","",0,"8",0,"8","","","",8,"",0,"8",0,"8",1,"",100,"",2,"",0,"",15.4,"",.0,"8","U","",14.0,"",80,"",12.0,"",1012.7,"",1025.8,"",2,.8,"",.0,"8",0,"8","01","0","0","","0","","","0","","","1","","",0,"8",.0,"8",.0,"8","","8",0,"8","","",.0,"8",.0,"8",.0,"8",.0,"8",.0,"8",.0,"8",.0,"8",.0,"8",.0,"8",0,"8",0,"8",0,"8","","",0,"8",0,"8"
"352190360","P£OCK","2006","06","12","23","9","",0,"8",0,"8","","","",8,"",0,"8",0,"8",0,"",90,"",3,"",0,"",14.4,"",.0,"8","U","",12.9,"",79,"",10.8,"",1012.7,"",1025.9,"",1,.4,"",.0,"8",0,"8","01","0","0","","0","","","0","","","0","","",0,"8",.0,"8",.0,"8","","8",0,"8","","",.0,"8",.0,"8",.0,"8",.0,"8",.0,"8",.0,"8",.0,"8",.0,"8",.0,"8",0,"8",0,"8",0,"8","","",0,"8",0,"8"
"352190360","P£OCK","2006","06","13","00","9","",0,"8",0,"8","","","",8,"",0,"8",0,"8",1,"",100,"",2,"",0,"",13.9,"",.0,"8","U","",11.6,"",73,"",9.1,"",1012.7,"",1025.9,"",1,.3,"",.0,"9",0,"9","03","1","0","","0","","","0","","","1","","",0,"",.0,"8",.0,"8","","8",0,"8","","",.0,"8",.0,"8",.0,"8",.0,"8",.0,"8",.0,"8",.0,"8",.0,"8",.0,"8",0,"8",0,"8",0,"8","","",0,"8",0,"8"
"352190360","P£OCK","2006","06","13","01","9","",0,"8",0,"8","","","",8,"",0,"8",0,"8",2,"",90,"",2,"",0,"",12.9,"",.0,"8","U","",10.7,"",72,"",8.0,"",1012.6,"",1025.8,"",8,-.1,"",.0,"8",0,"8","03","0","0","","0","","","0","","","1","","",0,"8",.0,"8",.0,"8","","8",0,"8","","",.0,"8",.0,"8",.0,"8",.0,"8",.0,"8",.0,"8",.0,"8",.0,"8",.0,"8",0,"8",0,"8",0,"8","","",0,"8",0,"8"
"352190360","P£OCK","2006","06","13","02","9","",0,"8",0,"8","","","",8,"",0,"8",0,"8",2,"",90,"",1,"",0,"",12.0,"",.0,"8","U","",10.4,"",74,"",7.5,"",1012.6,"",1025.9,"",6,-.1,"",.0,"8",0,"8","02","0","0","","0","","","0","","","1","","",0,"8",.0,"8",.0,"8","","8",0,"8","","",.0,"8",.0,"8",.0,"8",.0,"8",.0,"8",.0,"8",.0,"8",.0,"8",.0,"8",0,"8",0,"8",0,"8","","",0,"8",0,"8"
"352190360","P£OCK","2006","06","13","03","9","",0,"8",0,"8","","","",8,"",0,"8",0,"8",2,"",80,"",1,"",0,"",11.2,"",.0,"8","U","",10.5,"",79,"",7.7,"",1012.7,"",1026.0,"",5,.0,"",.0,"8",0,"8","02","0","0","","0","","","0","","","1","","",0,"8",.0,"8",.0,"8","","8",0,"8","","",.0,"8",.0,"8",.0,"8",.0,"8",.0,"8",.0,"8",.0,"8",.0,"8",.0,"8",0,"8",0,"8",0,"8","","",0,"8",0,"8"
"352190360","P£OCK","2006","06","13","04","9","",0,"8",0,"8","","","",8,"",0,"8",0,"8",1,"",80,"",1,"",0,"",14.2,"",.0,"8","U","",11.8,"",73,"",9.4,"",1013.0,"",1026.2,"",3,.4,"",.0,"8",0,"8","01","0","0","","0","","","0","","","1","","",0,"8",.0,"8",.0,"8","","8",0,"8","","",.0,"8",.0,"8",.0,"8",.0,"8",.0,"8",.0,"8",.0,"8",.0,"8",.0,"8",0,"8",0,"8",0,"8","","",0,"8",0,"8"
"352190360","P£OCK","2006","06","13","05","9","",0,"8",0,"8","","","",8,"",0,"8",0,"8",1,"",100,"",2,"",0,"",16.5,"",.0,"8","U","",12.2,"",65,"",9.9,"",1013.2,"",1026.3,"",2,.6,"",.0,"8",0,"8","02","0","0","","0","","","0","","","1","","",0,"8",.0,"8",.0,"8","","8",0,"8","","",.0,"8",.0,"8",.0,"8",.0,"8",.0,"8",.0,"8",.0,"8",.0,"8",.0,"8",0,"8",0,"8",0,"8","","",0,"8",0,"8"
"352190360","P£OCK","2006","06","13","06","9","",0,"8",0,"8","","","",8,"",0,"8",0,"8",1,"",120,"",2,"",0,"",17.9,"",.0,"8","U","",12.1,"",59,"",9.8,"",1013.3,"",1026.3,"",1,.6,"",.0,"9",0,"9","02","0","0","","0","","","0","","","1","","",0,"",.0,"8",.0,"8","","8",0,"8","","",.0,"8",.0,"8",.0,"8",.0,"8",.0,"8",.0,"8",.0,"8",.0,"8",.0,"8",0,"8",0,"8",0,"8","","",0,"8",0,"8"
"352190360","P£OCK","2006","06","13","07","9","",0,"8",0,"8","","","",8,"",0,"8",0,"8",1,"",130,"",2,"",0,"",19.9,"",.0,"8","U","",12.3,"",53,"",10.0,"",1013.3,"",1026.2,"",1,.3,"",.0,"8",0,"8","02","0","0","","0","","","0","","","1","","",0,"8",.0,"8",.0,"8","","8",0,"8","","",.0,"8",.0,"8",.0,"8",.0,"8",.0,"8",.0,"8",.0,"8",.0,"8",.0,"8",0,"8",0,"8",0,"8","","",0,"8",0,"8"
"352190360","P£OCK","2006","06","13","08","9","",0,"8",0,"8","","","",8,"",0,"8",0,"8",1,"",110,"",3,"",0,"",21.1,"",.0,"8","U","",10.5,"",42,"",7.7,"",1013.2,"",1026.1,"",0,.0,"",.0,"8",0,"8","02","0","0","","0","","","0","","","1","","",0,"8",.0,"8",.0,"8","","8",0,"8","","",.0,"8",.0,"8",.0,"8",.0,"8",.0,"8",.0,"8",.0,"8",.0,"8",.0,"8",0,"8",0,"8",0,"8","","",0,"8",0,"8"
"352190360","P£OCK","2006","06","13","09","9","",0,"8",0,"8","","","",8,"",0,"8",0,"8",1,"",120,"",3,"",0,"",21.3,"",.0,"8","U","",10.4,"",41,"",7.5,"",1013.0,"",1025.9,"",8,-.3,"",.0,"8",0,"8","02","0","0","","0","","","0","","","1","","",0,"8",.0,"8",.0,"8","","8",0,"8","","",.0,"8",.0,"8",.0,"8",.0,"8",.0,"8",.0,"8",.0,"8",.0,"8",.0,"8",0,"8",0,"8",0,"8","","",0,"8",0,"8"
"352190360","P£OCK","2006","06","13","10","7","",0,"8",0,"8","","","",8,"",0,"8",0,"8",1,"",100,"",4,"",0,"",21.9,"",.0,"8","U","",10.7,"",41,"",8.0,"",1012.9,"",1025.7,"",7,-.4,"",.0,"8",0,"8","03","0","1","","1","","","0","","","0","","",0,"8",.0,"8",.0,"8","","8",0,"8","","",.0,"8",.0,"8",.0,"8",.0,"8",.0,"8",.0,"8",.0,"8",.0,"8",.0,"8",0,"8",0,"8",0,"8","","",0,"8",0,"8"
"352190360","P£OCK","2006","06","13","11","7","",0,"8",0,"8","","","",8,"",0,"8",0,"8",1,"",110,"",2,"",0,"",22.1,"",.0,"8","U","",10.1,"",38,"",7.1,"",1012.5,"",1025.3,"",7,-.7,"",.0,"8",0,"8","03","0","1","","1","","","0","","","0","","",0,"8",.0,"8",.0,"8","","8",0,"8","","",.0,"8",.0,"8",.0,"8",.0,"8",.0,"8",.0,"8",.0,"8",.0,"8",.0,"8",0,"8",0,"8",0,"8","","",0,"8",0,"8"
"352190360","P£OCK","2006","06","13","12","7","",0,"8",0,"8","","","",8,"",0,"8",0,"8",2,"",60,"",3,"",0,"",22.8,"",.0,"8","U","",10.5,"",38,"",7.7,"",1012.0,"",1024.8,"",8,-1.0,"",.0,"9",0,"9","03","0","1","","1","","","0","","","1","","",0,"",.0,"8",.0,"8","","8",0,"8","","",.0,"8",.0,"8",.0,"8",.0,"8",.0,"8",.0,"8",.0,"8",.0,"8",.0,"8",0,"8",0,"8",0,"8","","",0,"8",0,"8"
"352190360","P£OCK","2006","06","13","13","7","",0,"8",0,"8","","","",8,"",0,"8",0,"8",2,"",80,"",2,"",0,"",23.1,"",.0,"8","U","",11.6,"",41,"",9.1,"",1011.4,"",1024.2,"",8,-1.5,"",.0,"8",0,"8","02","0","1","","1","","","0","","","1","","",0,"8",.0,"8",.0,"8","","8",0,"8","","",.0,"8",.0,"8",.0,"8",.0,"8",.0,"8",.0,"8",.0,"8",.0,"8",.0,"8",0,"8",0,"8",0,"8","","",0,"8",0,"8"
"352190360","P£OCK","2006","06","13","14","7","",0,"8",0,"8","","","",8,"",0,"8",0,"8",2,"",90,"",2,"",0,"",23.3,"",.0,"8","U","",9.7,"",34,"",6.5,"",1010.9,"",1023.6,"",7,-1.6,"",.0,"8",0,"8","02","0","1","","1","","","0","","","1","","",0,"8",.0,"8",.0,"8","","8",0,"8","","",.0,"8",.0,"8",.0,"8",.0,"8",.0,"8",.0,"8",.0,"8",.0,"8",.0,"8",0,"8",0,"8",0,"8","","",0,"8",0,"8"
"352190360","P£OCK","2006","06","13","15","7","",0,"8",0,"8","","","",8,"",0,"8",0,"8",1,"",50,"",3,"",0,"",23.1,"",.0,"8","U","",9.9,"",35,"",6.8,"",1010.4,"",1023.2,"",7,-1.6,"",.0,"8",0,"8","01","0","1","","1","","","0","","","1","","",0,"8",.0,"8",.0,"8","","8",0,"8","","",.0,"8",.0,"8",.0,"8",.0,"8",.0,"8",.0,"8",.0,"8",.0,"8",.0,"8",0,"8",0,"8",0,"8","","",0,"8",0,"8"
"352190360","P£OCK","2006","06","13","16","9","",0,"8",0,"8","","","",8,"",0,"8",0,"8",1,"",60,"",2,"",0,"",23.1,"",.0,"8","U","",9.6,"",34,"",6.4,"",1009.9,"",1022.6,"",7,-1.5,"",.0,"8",0,"8","01","0","0","","0","","","0","","","1","","",0,"8",.0,"8",.0,"8","","8",0,"8","","",.0,"8",.0,"8",.0,"8",.0,"8",.0,"8",.0,"8",.0,"8",.0,"8",.0,"8",0,"8",0,"8",0,"8","","",0,"8",0,"8"
"352190360","P£OCK","2006","06","13","17","9","",0,"8",0,"8","","","",9,"",0,"8",0,"8",2,"",60,"",1,"",0,"",22.9,"",.0,"8","U","",10.9,"",39,"",8.2,"",1009.5,"",1022.2,"",7,-1.4,"",.0,"8",0,"8","03","0","0","","0","","","0","","","1","","",0,"8",.0,"8",.0,"8","","8",0,"8","","",.0,"8",.0,"8",.0,"8",.0,"8",.0,"8",.0,"8",.0,"8",.0,"8",.0,"8",0,"8",0,"8",0,"8","","",0,"8",0,"8"
"352190360","P£OCK","2006","06","13","18","9","",0,"8",0,"8","","","",8,"",0,"8",0,"8",2,"",0,"",0,"",0,"",21.8,"",.0,"8","U","",11.5,"",44,"",9.0,"",1009.0,"",1021.8,"",7,-1.4,"",.0,"9",0,"9","02","0","0","","0","","","0","","","1","","",0,"",.0,"8",.0,"8","","8",0,"8","","",.0,"8",.0,"8",.0,"8",.0,"8",.0,"8",.0,"8",.0,"8",.0,"8",.0,"8",0,"8",0,"8",0,"8","","",0,"8",0,"8"
"352190360","P£OCK","2006","06","13","19","9","",0,"8",0,"8","","","",8,"",0,"8",0,"8",2,"",0,"",0,"",0,"",17.9,"",.0,"8","U","",13.3,"",65,"",11.2,"",1008.9,"",1021.9,"",6,-1.0,"",.0,"8",0,"8","02","0","0","","0","","","0","","","1","","",0,"8",.0,"8",.0,"8","","8",0,"8","","",.0,"8",.0,"8",.0,"8",.0,"8",.0,"8",.0,"8",.0,"8",.0,"8",.0,"8",0,"8",0,"8",0,"8","","",0,"8",0,"8"
"352190360","P£OCK","2006","06","13","20","9","",0,"8",0,"8","","","",8,"",0,"8",0,"8",1,"",50,"",1,"",0,"",14.8,"",.0,"8","U","",12.6,"",75,"",10.4,"",1008.9,"",1022.0,"",6,-.6,"",.0,"8",0,"8","01","0","0","","0","","","0","","","1","","",0,"8",.0,"8",.0,"8","","8",0,"8","","",.0,"8",.0,"8",.0,"8",.0,"8",.0,"8",.0,"8",.0,"8",.0,"8",.0,"8",0,"8",0,"8",0,"8","","",0,"8",0,"8"
"352190360","P£OCK","2006","06","13","21","9","",0,"8",0,"8","","","",8,"",0,"8",0,"8",1,"",20,"",2,"",0,"",13.5,"",.0,"8","U","",12.4,"",80,"",10.1,"",1008.7,"",1021.9,"",7,-.3,"",.0,"8",0,"8","02","0","0","","0","","","0","","","1","","",0,"8",.0,"8",.0,"8","","8",0,"8","","",.0,"8",.0,"8",.0,"8",.0,"8",.0,"8",.0,"8",.0,"8",.0,"8",.0,"8",0,"8",0,"8",0,"8","","",0,"8",0,"8"
"352190360","P£OCK","2006","06","13","22","9","",0,"8",0,"8","","","",8,"",0,"8",0,"8",0,"",50,"",2,"",0,"",12.9,"",.0,"8","U","",11.7,"",79,"",9.3,"",1008.6,"",1021.8,"",8,-.3,"",.0,"8",0,"8","01","0","0","","0","","","0","","","0","","",0,"8",.0,"8",.0,"8","","8",0,"8","","",.0,"8",.0,"8",.0,"8",.0,"8",.0,"8",.0,"8",.0,"8",.0,"8",.0,"8",0,"8",0,"8",0,"8","","",0,"8",0,"8"
"352190360","P£OCK","2006","06","13","23","9","",0,"8",0,"8","","","",8,"",0,"8",0,"8",0,"",90,"",1,"",0,"",12.1,"",.0,"8","U","",11.0,"",78,"",8.4,"",1008.3,"",1021.5,"",7,-.6,"",.0,"8",0,"8","02","0","0","","0","","","0","","","0","","",0,"8",.0,"8",.0,"8","","8",0,"8","","",.0,"8",.0,"8",.0,"8",.0,"8",.0,"8",.0,"8",.0,"8",.0,"8",.0,"8",0,"8",0,"8",0,"8","","",0,"8",0,"8"
"352190360","P£OCK","2006","06","14","00","9","",0,"8",0,"8","","","",8,"",0,"8",0,"8",1,"",100,"",1,"",0,"",11.5,"",.0,"8","U","",10.6,"",78,"",7.8,"",1008.1,"",1021.3,"",7,-.6,"",.0,"9",0,"9","03","0","0","","0","","","0","","","1","","",0,"",.0,"8",.0,"8","","8",0,"8","","",.0,"8",.0,"8",.0,"8",.0,"8",.0,"8",.0,"8",.0,"8",.0,"8",.0,"8",0,"8",0,"8",0,"8","","",0,"8",0,"8"
"352190360","P£OCK","2006","06","14","01","9","",0,"8",0,"8","","","",8,"",0,"8",0,"8",1,"",80,"",1,"",0,"",10.5,"",.0,"8","U","",10.4,"",82,"",7.6,"",1007.7,"",1021.0,"",7,-.9,"",.0,"8",0,"8","02","0","0","","0","","","0","","","1","","",0,"8",.0,"8",.0,"8","","8",0,"8","","",.0,"8",.0,"8",.0,"8",.0,"8",.0,"8",.0,"8",.0,"8",.0,"8",.0,"8",0,"8",0,"8",0,"8","","",0,"8",0,"8"
"352190360","P£OCK","2006","06","14","02","9","",0,"8",0,"8","","","",8,"",0,"8",0,"8",1,"",0,"",0,"",0,"",9.5,"",.0,"8","U","",10.2,"",86,"",7.3,"",1007.4,"",1020.7,"",7,-.9,"",.0,"8",0,"8","02","0","0","","0","","","0","","","1","","",0,"8",.0,"8",.0,"8","","8",0,"8","","",.0,"8",.0,"8",.0,"8",.0,"8",.0,"8",.0,"8",.0,"8",.0,"8",.0,"8",0,"8",0,"8",0,"8","","",0,"8",0,"8"
"352190360","P£OCK","2006","06","14","03","9","",0,"8",0,"8","","","",8,"",0,"8",0,"8",0,"",40,"",2,"",0,"",9.7,"",.0,"8","U","",10.2,"",85,"",7.3,"",1007.5,"",1020.8,"",5,-.6,"",.0,"8",0,"8","01","0","0","","0","","","0","","","0","","",0,"8",.0,"8",.0,"8","","8",0,"8","","",.0,"8",.0,"8",.0,"8",.0,"8",.0,"8",.0,"8",.0,"8",.0,"8",.0,"8",0,"8",0,"8",0,"8","","",0,"8",0,"8"
"352190360","P£OCK","2006","06","14","04","9","",0,"8",0,"8","","","",8,"",0,"8",0,"8",0,"",40,"",2,"",0,"",12.5,"",.0,"8","U","",11.9,"",82,"",9.5,"",1007.4,"",1020.6,"",7,-.3,"",.0,"8",0,"8","02","0","0","","0","","","0","","","0","","",0,"8",.0,"8",.0,"8","","8",0,"8","","",.0,"8",.0,"8",.0,"8",.0,"8",.0,"8",.0,"8",.0,"8",.0,"8",.0,"8",0,"8",0,"8",0,"8","","",0,"8",0,"8"
"352190360","P£OCK","2006","06","14","05","9","",0,"8",0,"8","","","",8,"",0,"8",0,"8",0,"",40,"",1,"",0,"",16.3,"",.0,"8","U","",12.9,"",70,"",10.8,"",1007.3,"",1020.3,"",8,-.1,"",.0,"8",0,"8","02","0","0","","0","","","0","","","0","","",0,"8",.0,"8",.0,"8","","8",0,"8","","",.0,"8",.0,"8",.0,"8",.0,"8",.0,"8",.0,"8",.0,"8",.0,"8",.0,"8",0,"8",0,"8",0,"8","","",0,"8",0,"8"
"352190360","P£OCK","2006","06","14","06","9","",0,"8",0,"8","","","",8,"",0,"8",0,"8",0,"",60,"",1,"",0,"",18.8,"",.0,"8","U","",12.1,"",56,"",9.8,"",1006.9,"",1019.8,"",8,-.6,"",.0,"9",0,"9","02","0","0","","0","","","0","","","0","","",0,"",.0,"8",.0,"8","","8",0,"8","","",.0,"8",.0,"8",.0,"8",.0,"8",.0,"8",.0,"8",.0,"8",.0,"8",.0,"8",0,"8",0,"8",0,"8","","",0,"8",0,"8"
"352190360","P£OCK","2006","06","14","07","9","",0,"8",0,"8","","","",8,"",0,"8",0,"8",0,"",50,"",1,"",0,"",20.7,"",.0,"8","U","",12.7,"",52,"",10.5,"",1006.8,"",1019.6,"",7,-.6,"",.0,"8",0,"8","02","0","0","","0","","","0","","","0","","",0,"8",.0,"8",.0,"8","","8",0,"8","","",.0,"8",.0,"8",.0,"8",.0,"8",.0,"8",.0,"8",.0,"8",.0,"8",.0,"8",0,"8",0,"8",0,"8","","",0,"8",0,"8"
"352190360","P£OCK","2006","06","14","08","6","",0,"8",0,"8","","","",8,"",0,"8",0,"8",1,"",90,"",2,"",0,"",22.1,"",.0,"8","U","",11.1,"",42,"",8.6,"",1006.8,"",1019.5,"",6,-.5,"",.0,"8",0,"8","03","0","1","","1","","","0","","","0","","",0,"8",.0,"8",.0,"8","","8",0,"8","","",.0,"8",.0,"8",.0,"8",.0,"8",.0,"8",.0,"8",.0,"8",.0,"8",.0,"8",0,"8",0,"8",0,"8","","",0,"8",0,"8"
"352190360","P£OCK","2006","06","14","09","6","",0,"8",0,"8","","","",8,"",0,"8",0,"8",1,"",100,"",2,"",0,"",22.7,"",.0,"8","U","",11.8,"",43,"",9.5,"",1006.6,"",1019.3,"",7,-.3,"",.0,"8",0,"8","03","0","1","","2","","","0","","","0","","",0,"8",.0,"8",.0,"8","","8",0,"8","","",.0,"8",.0,"8",.0,"8",.0,"8",.0,"8",.0,"8",.0,"8",.0,"8",.0,"8",0,"8",0,"8",0,"8","","",0,"8",0,"8"
"352190360","P£OCK","2006","06","14","10","7","",0,"8",0,"8","","","",8,"",0,"8",0,"8",2,"",90,"",3,"",0,"",23.1,"",.0,"8","U","",11.3,"",40,"",8.8,"",1006.2,"",1018.9,"",8,-.6,"",.0,"8",0,"8","03","0","2","","2","","","0","","","0","","",0,"8",.0,"8",.0,"8","","8",0,"8","","",.0,"8",.0,"8",.0,"8",.0,"8",.0,"8",.0,"8",.0,"8",.0,"8",.0,"8",0,"8",0,"8",0,"8","","",0,"8",0,"8"
"352190360","P£OCK","2006","06","14","11","7","",0,"8",0,"8","","","",8,"",0,"8",0,"8",3,"",160,"",2,"",0,"",23.1,"",.0,"8","U","",9.9,"",35,"",6.8,"",1005.9,"",1018.6,"",7,-.9,"",.0,"8",0,"8","03","0","3","","2","","","0","","","0","","",0,"8",.0,"8",.0,"8","","8",0,"8","","",.0,"8",.0,"8",.0,"8",.0,"8",.0,"8",.0,"8",.0,"8",.0,"8",.0,"8",0,"8",0,"8",0,"8","","",0,"8",0,"8"
"352190360","P£OCK","2006","06","14","12","7","",0,"8",0,"8","","","",8,"",0,"8",0,"8",3,"",70,"",2,"",0,"",23.9,"",.0,"8","U","",10.4,"",35,"",7.5,"",1005.3,"",1018.0,"",7,-1.3,"",.0,"9",0,"9","02","0","3","","2","","","0","","","0","","",0,"",.0,"8",.0,"8","","8",0,"8","","",.0,"8",.0,"8",.0,"8",.0,"8",.0,"8",.0,"8",.0,"8",.0,"8",.0,"8",0,"8",0,"8",0,"8","","",0,"8",0,"8"
"352190360","P£OCK","2006","06","14","13","7","",0,"8",0,"8","","","",8,"",0,"8",0,"8",2,"",250,"",1,"",0,"",24.3,"",.0,"8","U","",9.7,"",32,"",6.5,"",1005.0,"",1017.6,"",7,-1.2,"",.0,"8",0,"8","01","0","2","","2","","","0","","","0","","",0,"8",.0,"8",.0,"8","","8",0,"8","","",.0,"8",.0,"8",.0,"8",.0,"8",.0,"8",.0,"8",.0,"8",.0,"8",.0,"8",0,"8",0,"8",0,"8","","",0,"8",0,"8"
"352190360","P£OCK","2006","06","14","14","8","",0,"8",0,"8","","","",8,"",0,"8",0,"8",2,"",90,"",2,"",0,"",24.3,"",.0,"8","U","",9.4,"",31,"",6.1,"",1004.7,"",1017.3,"",6,-1.2,"",.0,"8",0,"8","02","0","2","","2","","","0","","","0","","",0,"8",.0,"8",.0,"8","","8",0,"8","","",.0,"8",.0,"8",.0,"8",.0,"8",.0,"8",.0,"8",.0,"8",.0,"8",.0,"8",0,"8",0,"8",0,"8","","",0,"8",0,"8"
"352190360","P£OCK","2006","06","14","15","7","",0,"8",0,"8","","","",8,"",0,"8",0,"8",2,"",60,"",1,"",0,"",24.3,"",.0,"8","U","",10.3,"",34,"",7.4,"",1004.3,"",1016.9,"",7,-1.0,"",.0,"8",0,"8","02","0","2","","2","","","0","","","0","","",0,"8",.0,"8",.0,"8","","8",0,"8","","",.0,"8",.0,"8",.0,"8",.0,"8",.0,"8",.0,"8",.0,"8",.0,"8",.0,"8",0,"8",0,"8",0,"8","","",0,"8",0,"8"
"352190360","P£OCK","2006","06","14","16","7","",0,"8",0,"8","","","",8,"",0,"8",0,"8",1,"",110,"",1,"",0,"",24.2,"",.0,"8","U","",11.1,"",37,"",8.6,"",1004.0,"",1016.6,"",7,-1.0,"",.0,"8",0,"8","01","0","1","","2","","","0","","","0","","",0,"8",.0,"8",.0,"8","","8",0,"8","","",.0,"8",.0,"8",.0,"8",.0,"8",.0,"8",.0,"8",.0,"8",.0,"8",.0,"8",0,"8",0,"8",0,"8","","",0,"8",0,"8"
"352190360","P£OCK","2006","06","14","17","7","",0,"8",0,"8","","","",8,"",0,"8",0,"8",1,"",140,"",1,"",0,"",23.6,"",.0,"8","U","",12.2,"",42,"",9.9,"",1004.1,"",1016.7,"",5,-.6,"",.0,"8",0,"8","01","0","1","","2","","","0","","","0","","",0,"8",.0,"8",.0,"8","","8",0,"8","","",.0,"8",.0,"8",.0,"8",.0,"8",.0,"8",.0,"8",.0,"8",.0,"8",.0,"8",0,"8",0,"8",0,"8","","",0,"8",0,"8"
"352190360","P£OCK","2006","06","14","18","9","",0,"8",0,"8","","","",8,"",0,"8",0,"8",1,"",0,"",0,"",0,"",23.0,"",.0,"8","U","",14.0,"",50,"",12.0,"",1004.2,"",1016.9,"",5,-.1,"",.0,"9",0,"9","01","0","1","","0","","","6","","","0","","",0,"",.0,"8",.0,"8","","8",0,"8","","",.0,"8",.0,"8",.0,"8",.0,"8",.0,"8",.0,"8",.0,"8",.0,"8",.0,"8",0,"8",0,"8",0,"8","","",0,"8",0,"8"
"352190360","P£OCK","2006","06","14","19","9","",0,"8",0,"8","","","",8,"",0,"8",0,"8",2,"",0,"",0,"",0,"",18.9,"",.0,"8","U","",13.3,"",61,"",11.2,"",1004.2,"",1017.1,"",1,.2,"",.0,"8",0,"8","03","0","1","","0","","","8","","","1","","",0,"8",.0,"8",.0,"8","","8",0,"8","","",.0,"8",.0,"8",.0,"8",.0,"8",.0,"8",.0,"8",.0,"8",.0,"8",.0,"8",0,"8",0,"8",0,"8","","",0,"8",0,"8"
"352190360","P£OCK","2006","06","14","20","7","",0,"8",0,"8","","","",8,"",0,"8",0,"8",3,"",80,"",1,"",0,"",15.6,"",.0,"8","U","",13.3,"",75,"",11.2,"",1004.1,"",1017.1,"",0,.0,"",.0,"8",0,"8","03","0","1","","5","","","3","","","1","","",0,"8",.0,"8",.0,"8","","8",0,"8","","",.0,"8",.0,"8",.0,"8",.0,"8",.0,"8",.0,"8",.0,"8",.0,"8",.0,"8",0,"8",0,"8",0,"8","","",0,"8",0,"8"
"352190360","P£OCK","2006","06","14","21","9","",0,"8",0,"8","","","",7,"",0,"8",0,"8",1,"",0,"",0,"",0,"",14.6,"",.0,"8","U","",12.8,"",77,"",10.6,"",1004.2,"",1017.2,"",5,.0,"",.0,"8",0,"8","01","0","0","","0","","","0","","","1","","",0,"8",.0,"8",.0,"8","","8",0,"8","","",.0,"8",.0,"8",.0,"8",.0,"8",.0,"8",.0,"8",.0,"8",.0,"8",.0,"8",0,"8",0,"8",0,"8","","",0,"8",0,"8"
"352190360","P£OCK","2006","06","14","22","9","",0,"8",0,"8","","","",7,"",0,"8",0,"8",1,"",60,"",1,"",0,"",13.9,"",.0,"8","U","",12.5,"",79,"",10.3,"",1004.1,"",1017.2,"",7,-.1,"",.0,"8",0,"8","02","0","0","","0","","","0","","","1","","",0,"8",.0,"8",.0,"8","","8",0,"8","","",.0,"8",.0,"8",.0,"8",.0,"8",.0,"8",.0,"8",.0,"8",.0,"8",.0,"8",0,"8",0,"8",0,"8","","",0,"8",0,"8"
"352190360","P£OCK","2006","06","14","23","9","",0,"8",0,"8","","","",7,"",0,"8",0,"8",1,"",110,"",2,"",0,"",12.8,"",.0,"8","U","",12.2,"",83,"",10.0,"",1004.3,"",1017.4,"",2,.2,"",.0,"8",0,"8","02","0","0","","0","","","0","","","1","","",0,"8",.0,"8",.0,"8","","8",0,"8","","",.0,"8",.0,"8",.0,"8",.0,"8",.0,"8",.0,"8",.0,"8",.0,"8",.0,"8",0,"8",0,"8",0,"8","","",0,"8",0,"8"
"352190360","P£OCK","2006","06","15","00","9","",0,"8",0,"8","","","",7,"",0,"8",0,"8",2,"",30,"",1,"",0,"",12.1,"",.0,"8","U","",11.6,"",82,"",9.1,"",1004.4,"",1017.6,"",3,.2,"",.0,"9",0,"9","03","0","1","","0","","","3","","","1","","",0,"",.0,"8",.0,"8","","8",0,"8","","",.0,"8",.0,"8",.0,"8",.0,"8",.0,"8",.0,"8",.0,"8",.0,"8",.0,"8",0,"8",0,"8",0,"8","","",0,"8",0,"8"
"352190360","P£OCK","2006","06","15","01","9","",0,"8",0,"8","","","",7,"",0,"8",0,"8",2,"",0,"",0,"",0,"",11.6,"",.0,"8","U","",11.5,"",84,"",9.0,"",1004.5,"",1017.7,"",2,.4,"",.0,"8",0,"8","02","0","1","","0","","","3","","","1","","",0,"8",.0,"8",.0,"8","","8",0,"8","","",.0,"8",.0,"8",.0,"8",.0,"8",.0,"8",.0,"8",.0,"8",.0,"8",.0,"8",0,"8",0,"8",0,"8","","",0,"8",0,"8"
"352190360","P£OCK","2006","06","15","02","8","",0,"8",0,"8","","","",7,"",0,"8",0,"8",3,"",70,"",1,"",0,"",10.8,"",.0,"8","U","",11.0,"",85,"",8.4,"",1004.7,"",1017.9,"",2,.4,"",.0,"8",0,"8","03","0","1","","5","","","3","","","1","","",0,"8",.0,"8",.0,"8","","8",0,"8","","",.0,"8",.0,"8",.0,"8",.0,"8",.0,"8",.0,"8",.0,"8",.0,"8",.0,"8",0,"8",0,"8",0,"8","","",0,"8",0,"8"
"352190360","P£OCK","2006","06","15","03","8","",0,"8",0,"8","","","",7,"",0,"8",0,"8",4,"",0,"",0,"",0,"",11.0,"",.0,"8","U","",11.1,"",85,"",8.6,"",1004.8,"",1018.0,"",2,.4,"",.0,"8",0,"8","03","0","1","","5","","","3","","","4","","",0,"8",.0,"8",.0,"8","","8",0,"8","","",.0,"8",.0,"8",.0,"8",.0,"8",.0,"8",.0,"8",.0,"8",.0,"8",.0,"8",0,"8",0,"8",0,"8","","",0,"8",0,"8"
"352190360","P£OCK","2006","06","15","04","9","",0,"8",0,"8","","","",7,"",0,"8",0,"8",2,"",100,"",1,"",0,"",13.6,"",.0,"8","U","",13.1,"",84,"",10.9,"",1004.6,"",1017.7,"",0,.1,"",.0,"8",0,"8","01","0","1","","0","","","3","","","1","","",0,"8",.0,"8",.0,"8","","8",0,"8","","",.0,"8",.0,"8",.0,"8",.0,"8",.0,"8",.0,"8",.0,"8",.0,"8",.0,"8",0,"8",0,"8",0,"8","","",0,"8",0,"8"
"352190360","P£OCK","2006","06","15","05","9","",0,"8",0,"8","","","",8,"",0,"8",0,"8",2,"",290,"",2,"",0,"",18.4,"",.0,"8","U","",13.9,"",66,"",11.9,"",1004.6,"",1017.5,"",6,-.1,"",.0,"8",0,"8","01","0","0","","0","","","0","","","1","","",0,"8",.0,"8",.0,"8","","8",0,"8","","",.0,"8",.0,"8",.0,"8",.0,"8",.0,"8",.0,"8",.0,"8",.0,"8",.0,"8",0,"8",0,"8",0,"8","","",0,"8",0,"8"
"352190360","P£OCK","2006","06","15","06","9","",0,"8",0,"8","","","",8,"",0,"8",0,"8",5,"",290,"",2,"",0,"",20.3,"",.0,"8","U","",12.6,"",53,"",10.4,"",1004.6,"",1017.4,"",6,-.2,"",.0,"9",0,"9","03","1","0","","0","","","0","","","6","","",0,"",.0,"8",.0,"8","","8",0,"8","","",.0,"8",.0,"8",.0,"8",.0,"8",.0,"8",.0,"8",.0,"8",.0,"8",.0,"8",0,"8",0,"8",0,"8","","",0,"8",0,"8"
"352190360","P£OCK","2006","06","15","07","9","",0,"8",0,"8","","","",8,"",0,"8",0,"8",7,"",280,"",3,"",0,"",22.2,"",.0,"8","U","",13.6,"",51,"",11.6,"",1004.7,"",1017.4,"",3,.1,"",.0,"8",0,"8","03","2","1","","0","","","3","","","6","","",0,"8",.0,"8",.0,"8","","8",0,"8","","",.0,"8",.0,"8",.0,"8",.0,"8",.0,"8",.0,"8",.0,"8",.0,"8",.0,"8",0,"8",0,"8",0,"8","","",0,"8",0,"8"
"352190360","P£OCK","2006","06","15","08","9","",0,"8",0,"8","","","",8,"",0,"8",0,"8",7,"",290,"",3,"",0,"",22.5,"",.0,"8","U","",12.8,"",47,"",10.6,"",1004.6,"",1017.3,"",0,.0,"",.0,"8",0,"8","02","2","1","","0","","","3","","","8","","",0,"8",.0,"8",.0,"8","","8",0,"8","","",.0,"8",.0,"8",.0,"8",.0,"8",.0,"8",.0,"8",.0,"8",.0,"8",.0,"8",0,"8",0,"8",0,"8","","",0,"8",0,"8"
"352190360","P£OCK","2006","06","15","09","9","",0,"8",0,"8","","","",8,"",0,"8",0,"8",5,"",270,"",3,"",0,"",23.8,"",.0,"8","U","",14.1,"",48,"",12.1,"",1004.6,"",1017.2,"",4,.0,"",.0,"8",0,"8","01","2","1","","0","","","3","","","8","","",0,"8",.0,"8",.0,"8","","8",0,"8","","",.0,"8",.0,"8",.0,"8",.0,"8",.0,"8",.0,"8",.0,"8",.0,"8",.0,"8",0,"8",0,"8",0,"8","","",0,"8",0,"8"
"352190360","P£OCK","2006","06","15","10","7","",0,"8",0,"8","","","",8,"",0,"8",0,"8",4,"",290,"",4,"",0,"",25.4,"",.0,"8","U","",13.6,"",42,"",11.6,"",1004.4,"",1017.0,"",7,-.3,"",.0,"8",0,"8","03","1","1","","5","","","0","","","8","","",0,"8",.0,"8",.0,"8","","8",0,"8","","",.0,"8",.0,"8",.0,"8",.0,"8",.0,"8",.0,"8",.0,"8",.0,"8",.0,"8",0,"8",0,"8",0,"8","","",0,"8",0,"8"
"352190360","P£OCK","2006","06","15","11","7","",0,"8",0,"8","","","",8,"",0,"8",0,"8",4,"",290,"",4,"",0,"",26.2,"",.0,"8","U","",11.5,"",34,"",9.1,"",1004.0,"",1016.5,"",8,-.6,"",.0,"8",0,"8","03","0","1","","1","","","3","","","1","","",0,"8",.0,"8",.0,"8","","8",0,"8","","",.0,"8",.0,"8",.0,"8",.0,"8",.0,"8",.0,"8",.0,"8",.0,"8",.0,"8",0,"8",0,"8",0,"8","","",0,"8",0,"8"
"352190360","P£OCK","2006","06","15","12","7","",0,"8",0,"8","","","",8,"",0,"8",0,"8",4,"",300,"",5,"",0,"",26.1,"",.0,"8","U","",12.5,"",37,"",10.3,"",1003.9,"",1016.4,"",7,-.7,"",.0,"9",0,"9","03","1","1","","2","","","3","","","2","","",0,"",.0,"8",.0,"8","","8",0,"8","","",.0,"8",.0,"8",.0,"8",.0,"8",.0,"8",.0,"8",.0,"8",.0,"8",.0,"8",0,"8",0,"8",0,"8","","",0,"8",0,"8"
"352190360","P£OCK","2006","06","15","13","6","",0,"8",0,"8","","","",8,"",0,"8",0,"8",6,"",320,"",4,"",0,"",25.9,"",.0,"8","U","",13.3,"",40,"",11.3,"",1003.6,"",1016.1,"",7,-.8,"",.0,"8",0,"8","03","1","4","","3","","","3","","","2","","",0,"8",.0,"8",.0,"8","","8",0,"8","","",.0,"8",.0,"8",.0,"8",.0,"8",.0,"8",.0,"8",.0,"8",.0,"8",.0,"8",0,"8",0,"8",0,"8","","",0,"8",0,"8"
"352190360","P£OCK","2006","06","15","14","6","",0,"8",0,"8","","","",8,"",0,"8",0,"8",7,"",310,"",4,"",0,"",25.7,"",.0,"8","U","",13.2,"",40,"",11.1,"",1003.8,"",1016.4,"",5,-.2,"",.0,"8",0,"8","03","2","5","","3","","","3","","","/","","",0,"8",.0,"8",.0,"8","","8",0,"8","","",.0,"8",.0,"8",.0,"8",.0,"8",.0,"8",.0,"8",.0,"8",.0,"8",.0,"8",0,"8",0,"8",0,"8","","",0,"8",0,"8"
"352190360","P£OCK","2006","06","15","15","6","",0,"8",0,"8","","","",8,"",0,"8",0,"8",6,"",310,"",3,"",0,"",25.2,"",.0,"8","U","",13.1,"",41,"",11.0,"",1003.7,"",1016.3,"",7,-.2,"",.0,"8",0,"8","01","1","3","","3","","","3","","","0","","",0,"8",.0,"8",.0,"8","","8",0,"8","","",.0,"8",.0,"8",.0,"8",.0,"8",.0,"8",.0,"8",.0,"8",.0,"8",.0,"8",0,"8",0,"8",0,"8","","",0,"8",0,"8"
"352190360","P£OCK","2006","06","15","16","6","",0,"8",0,"8","","","",8,"",0,"8",0,"8",6,"",340,"",3,"",0,"",24.2,"",.0,"8","U","",15.4,"",51,"",13.4,"",1003.9,"",1016.5,"",2,.3,"",.0,"8",0,"8","01","2","2","","5","","","3","","","0","","",0,"8",.0,"8",.0,"8","","8",0,"8","","",.0,"8",.0,"8",.0,"8",.0,"8",.0,"8",.0,"8",.0,"8",.0,"8",.0,"8",0,"8",0,"8",0,"8","","",0,"8",0,"8"
"352190360","P£OCK","2006","06","15","17","6","",0,"8",0,"8","","","",8,"",0,"8",0,"8",7,"",320,"",2,"",0,"",23.3,"",.0,"8","U","",14.6,"",51,"",12.6,"",1003.9,"",1016.6,"",1,.1,"",.0,"8",0,"8","03","2","2","","5","","","5","","","/","","",0,"8",.0,"8",.0,"8","","8",0,"8","","",.0,"8",.0,"8",.0,"8",.0,"8",.0,"8",.0,"8",.0,"8",.0,"8",.0,"8",0,"8",0,"8",0,"8","","",0,"8",0,"8"
"352190360","P£OCK","2006","06","15","18","9","",0,"8",0,"8","","","",8,"",0,"8",0,"8",7,"",320,"",2,"",0,"",22.5,"",.0,"8","U","",15.5,"",57,"",13.6,"",1003.8,"",1016.5,"",0,.1,"",.0,"9",0,"9","01","1","7","","0","","","3","","","/","","",0,"",.0,"8",.0,"8","","8",0,"8","","",.0,"8",.0,"8",.0,"8",.0,"8",.0,"8",.0,"8",.0,"8",.0,"8",.0,"8",0,"8",0,"8",0,"8","","",0,"8",0,"8"
"352190360","P£OCK","2006","06","15","19","9","",0,"8",0,"8","","","",8,"",0,"8",0,"8",7,"",330,"",1,"",0,"",21.1,"",.0,"8","U","",17.0,"",68,"",15.0,"",1003.9,"",1016.7,"",5,.0,"",.0,"8",0,"8","01","2","6","","0","","","3","","","1","","",0,"8",.0,"8",.0,"8","","8",0,"8","","",.0,"8",.0,"8",.0,"8",.0,"8",.0,"8",.0,"8",.0,"8",.0,"8",.0,"8",0,"8",0,"8",0,"8","","",0,"8",0,"8"
"352190360","P£OCK","2006","06","15","20","7","",0,"8",0,"8","","","",8,"",0,"8",0,"8",6,"",350,"",2,"",0,"",19.5,"",.0,"8","U","",17.0,"",75,"",14.9,"",1004.3,"",1017.1,"",3,.4,"",.0,"8",0,"8","03","2","2","","5","","","3","","","1","","",0,"8",.0,"8",.0,"8","","8",0,"8","","",.0,"8",.0,"8",.0,"8",.0,"8",.0,"8",.0,"8",.0,"8",.0,"8",.0,"8",0,"8",0,"8",0,"8","","",0,"8",0,"8"
"352190360","P£OCK","2006","06","15","21","9","",0,"8",0,"8","","","",8,"",0,"8",0,"8",2,"",10,"",3,"",0,"",17.5,"",.0,"8","U","",16.0,"",80,"",14.0,"",1004.1,"",1017.0,"",0,.3,"",.0,"8",0,"8","01","1","1","","0","","","3","","","1","","",0,"8",.0,"8",.0,"8","","8",0,"8","","",.0,"8",.0,"8",.0,"8",.0,"8",.0,"8",.0,"8",.0,"8",.0,"8",.0,"8",0,"8",0,"8",0,"8","","",0,"8",0,"8"
"352190360","P£OCK","2006","06","15","22","9","",0,"8",0,"8","","","",8,"",0,"8",0,"8",1,"",10,"",4,"",0,"",16.6,"",.0,"8","U","",15.1,"",80,"",13.1,"",1004.4,"",1017.4,"",2,.5,"",.0,"8",0,"8","01","0","1","","0","","","3","","","0","","",0,"8",.0,"8",.0,"8","","8",0,"8","","",.0,"8",.0,"8",.0,"8",.0,"8",.0,"8",.0,"8",.0,"8",.0,"8",.0,"8",0,"8",0,"8",0,"8","","",0,"8",0,"8"
"352190360","P£OCK","2006","06","15","23","9","",0,"8",0,"8","","","",8,"",0,"8",0,"8",1,"",360,"",2,"",0,"",15.3,"",.0,"8","U","",14.6,"",84,"",12.6,"",1004.5,"",1017.5,"",3,.2,"",.0,"8",0,"8","02","0","1","","0","","","3","","","0","","",0,"8",.0,"8",.0,"8","","8",0,"8","","",.0,"8",.0,"8",.0,"8",.0,"8",.0,"8",.0,"8",.0,"8",.0,"8",.0,"8",0,"8",0,"8",0,"8","","",0,"8",0,"8"
"352190360","P£OCK","2006","06","16","00","9","",0,"8",0,"8","","","",8,"",0,"8",0,"8",2,"",10,"",2,"",0,"",14.2,"",.0,"8","U","",14.1,"",87,"",12.1,"",1004.5,"",1017.6,"",1,.4,"",.0,"9",0,"9","03","1","2","","0","","","3","","","0","","",0,"",.0,"8",.0,"8","","8",0,"8","","",.0,"8",.0,"8",.0,"8",.0,"8",.0,"8",.0,"8",.0,"8",.0,"8",.0,"8",0,"8",0,"8",0,"8","","",0,"8",0,"8"
"352190360","P£OCK","2006","06","16","01","7","",0,"8",0,"8","","","",7,"",0,"8",0,"8",4,"",10,"",2,"",0,"",14.0,"",.0,"8","U","",14.2,"",89,"",12.2,"",1004.4,"",1017.5,"",0,.0,"",.0,"8",0,"8","03","0","3","","5","","","3","","","0","","",0,"8",.0,"8",.0,"8","","8",0,"8","","",.0,"8",.0,"8",.0,"8",.0,"8",.0,"8",.0,"8",.0,"8",.0,"8",.0,"8",0,"8",0,"8",0,"8","","",0,"8",0,"8"
"352190360","P£OCK","2006","06","16","02","7","",0,"8",0,"8","","","",7,"",0,"8",0,"8",6,"",10,"",2,"",0,"",13.8,"",.0,"8","U","",14.2,"",90,"",12.2,"",1004.4,"",1017.5,"",6,-.1,"",.0,"8",0,"8","03","1","4","","5","","","3","","","0","","",0,"8",.0,"8",.0,"8","","8",0,"8","","",.0,"8",.0,"8",.0,"8",.0,"8",.0,"8",.0,"8",.0,"8",.0,"8",.0,"8",0,"8",0,"8",0,"8","","",0,"8",0,"8"
"352190360","P£OCK","2006","06","16","03","6","",0,"8",0,"8","","","",6,"",0,"8",0,"8",5,"",10,"",2,"",0,"",13.0,"",.0,"8","U","",13.6,"",91,"",11.6,"",1004.3,"",1017.4,"",7,-.2,"",.0,"8",0,"8","10","1","2","","5","","","8","","","1","","",0,"8",.0,"8",.0,"8","","8",0,"8","","",.0,"8",.0,"8",.0,"8",.0,"8",.0,"8",.0,"8",.0,"8",.0,"8",.0,"8",0,"8",0,"8",0,"8","","",0,"8",0,"8"
"352190360","P£OCK","2006","06","16","04","6","",0,"8",0,"8","","","",7,"",0,"8",0,"8",2,"",40,"",3,"",0,"",13.6,"",.0,"8","U","",14.0,"",90,"",12.0,"",1004.2,"",1017.3,"",8,-.2,"",.0,"8",0,"8","01","1","1","","5","","","0","","","1","","",0,"8",.0,"8",.0,"8","","8",0,"8","","",.0,"8",.0,"8",.0,"8",.0,"8",.0,"8",.0,"8",.0,"8",.0,"8",.0,"8",0,"8",0,"8",0,"8","","",0,"8",0,"8"
"352190360","P£OCK","2006","06","16","05","9","",0,"8",0,"8","","","",8,"",0,"8",0,"8",2,"",50,"",3,"",0,"",15.1,"",.0,"8","U","",14.4,"",84,"",12.4,"",1004.5,"",1017.5,"",3,.1,"",.0,"8",0,"8","01","0","2","","0","","","3","","","0","","",0,"8",.0,"8",.0,"8","","8",0,"8","","",.0,"8",.0,"8",.0,"8",.0,"8",.0,"8",.0,"8",.0,"8",.0,"8",.0,"8",0,"8",0,"8",0,"8","","",0,"8",0,"8"
"352190360","P£OCK","2006","06","16","06","9","",0,"8",0,"8","","","",8,"",0,"8",0,"8",3,"",90,"",2,"",0,"",17.2,"",.0,"8","U","",14.7,"",75,"",12.7,"",1004.6,"",1017.5,"",3,.3,"",.0,"9",0,"9","03","1","2","","0","","","3","","","1","","",0,"",.0,"8",.0,"8","","8",0,"8","","",.0,"8",.0,"8",.0,"8",.0,"8",.0,"8",.0,"8",.0,"8",.0,"8",.0,"8",0,"8",0,"8",0,"8","","",0,"8",0,"8"
"352190360","P£OCK","2006","06","16","07","9","",0,"8",0,"8","","","",8,"",0,"8",0,"8",2,"",90,"",3,"",0,"",19.1,"",.0,"8","U","",15.2,"",69,"",13.3,"",1004.4,"",1017.2,"",0,.2,"",.0,"8",0,"8","01","0","1","","0","","","3","","","1","","",0,"8",.0,"8",.0,"8","","8",0,"8","","",.0,"8",.0,"8",.0,"8",.0,"8",.0,"8",.0,"8",.0,"8",.0,"8",.0,"8",0,"8",0,"8",0,"8","","",0,"8",0,"8"
"352190360","P£OCK","2006","06","16","08","6","",0,"8",0,"8","","","",8,"",0,"8",0,"8",2,"",90,"",2,"",0,"",20.1,"",.0,"8","U","",14.8,"",63,"",12.8,"",1004.7,"",1017.5,"",2,.2,"",.0,"8",0,"8","03","0","1","","1","","","3","","","1","","",0,"8",.0,"8",.0,"8","","8",0,"8","","",.0,"8",.0,"8",.0,"8",.0,"8",.0,"8",.0,"8",.0,"8",.0,"8",.0,"8",0,"8",0,"8",0,"8","","",0,"8",0,"8"
"352190360","P£OCK","2006","06","16","09","9","",0,"8",0,"8","","","",8,"",0,"8",0,"8",1,"",40,"",3,"",0,"",21.1,"",.0,"8","U","",12.7,"",51,"",10.6,"",1004.7,"",1017.5,"",1,.1,"",.0,"8",0,"8","01","0","0","","0","","","0","","","2","","",0,"8",.0,"8",.0,"8","","8",0,"8","","",.0,"8",.0,"8",.0,"8",.0,"8",.0,"8",.0,"8",.0,"8",.0,"8",.0,"8",0,"8",0,"8",0,"8","","",0,"8",0,"8"
"352190360","P£OCK","2006","06","16","10","9","",0,"8",0,"8","","","",8,"",0,"8",0,"8",1,"",30,"",3,"",0,"",21.9,"",.0,"8","U","",13.9,"",53,"",11.9,"",1004.7,"",1017.4,"",1,.3,"",.0,"8",0,"8","02","0","0","","0","","","0","","","2","","",0,"8",.0,"8",.0,"8","","8",0,"8","","",.0,"8",.0,"8",.0,"8",.0,"8",.0,"8",.0,"8",.0,"8",.0,"8",.0,"8",0,"8",0,"8",0,"8","","",0,"8",0,"8"
"352190360","P£OCK","2006","06","16","11","9","",0,"8",0,"8","","","",8,"",0,"8",0,"8",0,"",20,"",2,"",0,"",22.5,"",.0,"8","U","",12.5,"",46,"",10.3,"",1004.5,"",1017.2,"",8,-.2,"",.0,"8",0,"8","01","0","0","","0","","","0","","","0","","",0,"8",.0,"8",.0,"8","","8",0,"8","","",.0,"8",.0,"8",.0,"8",.0,"8",.0,"8",.0,"8",.0,"8",.0,"8",.0,"8",0,"8",0,"8",0,"8","","",0,"8",0,"8"
"352190360","P£OCK","2006","06","16","12","7","",0,"8",0,"8","","","",8,"",0,"8",0,"8",2,"",50,"",2,"",0,"",23.5,"",.0,"8","U","",11.8,"",41,"",9.5,"",1004.2,"",1016.9,"",8,-.5,"",.0,"9",0,"9","03","0","1","","1","","","3","","","1","","",0,"",.0,"8",.0,"8","","8",0,"8","","",.0,"8",.0,"8",.0,"8",.0,"8",.0,"8",.0,"8",.0,"8",.0,"8",.0,"8",0,"8",0,"8",0,"8","","",0,"8",0,"8"
"352190360","P£OCK","2006","06","16","13","9","",0,"8",0,"8","","","",8,"",0,"8",0,"8",2,"",90,"",3,"",0,"",24.1,"",.0,"8","U","",11.4,"",38,"",8.9,"",1003.7,"",1016.3,"",8,-1.0,"",.0,"8",0,"8","01","0","1","","0","","","3","","","1","","",0,"8",.0,"8",.0,"8","","8",0,"8","","",.0,"8",.0,"8",.0,"8",.0,"8",.0,"8",.0,"8",.0,"8",.0,"8",.0,"8",0,"8",0,"8",0,"8","","",0,"8",0,"8"
"352190360","P£OCK","2006","06","16","14","9","",0,"8",0,"8","","","",8,"",0,"8",0,"8",1,"",70,"",1,"",0,"",24.8,"",.0,"8","U","",11.2,"",36,"",8.7,"",1003.3,"",1015.9,"",7,-1.2,"",.0,"8",0,"8","01","0","0","","0","","","0","","","1","","",0,"8",.0,"8",.0,"8","","8",0,"8","","",.0,"8",.0,"8",.0,"8",.0,"8",.0,"8",.0,"8",.0,"8",.0,"8",.0,"8",0,"8",0,"8",0,"8","","",0,"8",0,"8"
"352190360","P£OCK","2006","06","16","15","9","",0,"8",0,"8","","","",8,"",0,"8",0,"8",1,"",30,"",2,"",0,"",24.9,"",.0,"8","U","",12.6,"",40,"",10.4,"",1002.9,"",1015.5,"",7,-1.3,"",.0,"8",0,"8","02","0","0","","0","","","0","","","1","","",0,"8",.0,"8",.0,"8","","8",0,"8","","",.0,"8",.0,"8",.0,"8",.0,"8",.0,"8",.0,"8",.0,"8",.0,"8",.0,"8",0,"8",0,"8",0,"8","","",0,"8",0,"8"
"352190360","P£OCK","2006","06","16","16","9","",0,"8",0,"8","","","",8,"",0,"8",0,"8",1,"",70,"",1,"",0,"",24.8,"",.0,"8","U","",10.9,"",35,"",8.3,"",1002.6,"",1015.2,"",7,-1.1,"",.0,"8",0,"8","02","0","0","","0","","","0","","","1","","",0,"8",.0,"8",.0,"8","","8",0,"8","","",.0,"8",.0,"8",.0,"8",.0,"8",.0,"8",.0,"8",.0,"8",.0,"8",.0,"8",0,"8",0,"8",0,"8","","",0,"8",0,"8"
"352190360","P£OCK","2006","06","16","17","9","",0,"8",0,"8","","","",8,"",0,"8",0,"8",1,"",120,"",3,"",0,"",23.7,"",.0,"8","U","",12.9,"",44,"",10.7,"",1002.6,"",1015.2,"",6,-.7,"",.0,"8",0,"8","02","0","0","","0","","","0","","","1","","",0,"8",.0,"8",.0,"8","","8",0,"8","","",.0,"8",.0,"8",.0,"8",.0,"8",.0,"8",.0,"8",.0,"8",.0,"8",.0,"8",0,"8",0,"8",0,"8","","",0,"8",0,"8"
"352190360","P£OCK","2006","06","16","18","9","",0,"8",0,"8","","","",8,"",0,"8",0,"8",1,"",120,"",1,"",0,"",22.7,"",.0,"8","U","",14.0,"",51,"",12.0,"",1002.7,"",1015.4,"",5,-.2,"",.0,"9",0,"9","02","0","0","","0","","","0","","","1","","",0,"",.0,"8",.0,"8","","8",0,"8","","",.0,"8",.0,"8",.0,"8",.0,"8",.0,"8",.0,"8",.0,"8",.0,"8",.0,"8",0,"8",0,"8",0,"8","","",0,"8",0,"8"
"352190360","P£OCK","2006","06","16","19","9","",0,"8",0,"8","","","",8,"",0,"8",0,"8",1,"",130,"",1,"",0,"",19.8,"",.0,"8","U","",13.6,"",59,"",11.6,"",1002.7,"",1015.5,"",1,.1,"",.0,"8",0,"8","02","0","0","","0","","","0","","","1","","",0,"8",.0,"8",.0,"8","","8",0,"8","","",.0,"8",.0,"8",.0,"8",.0,"8",.0,"8",.0,"8",.0,"8",.0,"8",.0,"8",0,"8",0,"8",0,"8","","",0,"8",0,"8"
"352190360","P£OCK","2006","06","16","20","9","",0,"8",0,"8","","","",8,"",0,"8",0,"8",4,"",80,"",2,"",0,"",17.1,"",.0,"8","U","",13.2,"",68,"",11.1,"",1002.7,"",1015.6,"",1,.1,"",.0,"8",0,"8","03","0","0","","0","","","0","","","6","","",0,"8",.0,"8",.0,"8","","8",0,"8","","",.0,"8",.0,"8",.0,"8",.0,"8",.0,"8",.0,"8",.0,"8",.0,"8",.0,"8",0,"8",0,"8",0,"8","","",0,"8",0,"8"
"352190360","P£OCK","2006","06","16","21","9","",0,"8",0,"8","","","",8,"",0,"8",0,"8",6,"",50,"",1,"",0,"",15.8,"",.0,"8","U","",13.1,"",73,"",11.0,"",1003.2,"",1016.2,"",3,.5,"",.0,"8",0,"8","03","1","0","","0","","","0","","","6","","",0,"8",.0,"8",.0,"8","","8",0,"8","","",.0,"8",.0,"8",.0,"8",.0,"8",.0,"8",.0,"8",.0,"8",.0,"8",.0,"8",0,"8",0,"8",0,"8","","",0,"8",0,"8"
"352190360","P£OCK","2006","06","16","22","9","",0,"8",0,"8","","","",8,"",0,"8",0,"8",7,"",50,"",2,"",0,"",15.8,"",.0,"8","U","",12.4,"",69,"",10.1,"",1003.2,"",1016.2,"",1,.5,"",.0,"8",0,"8","03","2","0","","0","","","0","","","6","","",0,"8",.0,"8",.0,"8","","8",0,"8","","",.0,"8",.0,"8",.0,"8",.0,"8",.0,"8",.0,"8",.0,"8",.0,"8",.0,"8",0,"8",0,"8",0,"8","","",0,"8",0,"8"
"352190360","P£OCK","2006","06","16","23","9","",0,"8",0,"8","","","",8,"",0,"8",0,"8",7,"",70,"",1,"",0,"",15.7,"",.0,"8","U","",11.9,"",67,"",9.6,"",1003.2,"",1016.2,"",1,.5,"",.0,"8",0,"8","02","2","0","","0","","","0","","","8","","",0,"8",.0,"8",.0,"8","","8",0,"8","","",.0,"8",.0,"8",.0,"8",.0,"8",.0,"8",.0,"8",.0,"8",.0,"8",.0,"8",0,"8",0,"8",0,"8","","",0,"8",0,"8"
"352190360","P£OCK","2006","06","17","00","9","",0,"8",0,"8","","","",8,"",0,"8",0,"8",8,"",80,"",2,"",0,"",15.4,"",.0,"8","U","",10.5,"",60,"",7.7,"",1003.1,"",1016.1,"",8,-.1,"",.0,"9",0,"9","03","1","0","","0","","","0","","","7","","",0,"",.0,"8",.0,"8","","8",0,"8","","",.0,"8",.0,"8",.0,"8",.0,"8",.0,"8",.0,"8",.0,"8",.0,"8",.0,"8",0,"8",0,"8",0,"8","","",0,"8",0,"8"
"352190360","P£OCK","2006","06","17","01","9","",0,"8",0,"8","","","",9,"",0,"8",0,"8",8,"",90,"",2,"",0,"",14.7,"",.0,"8","U","",9.8,"",59,"",6.8,"",1003.0,"",1016.0,"",8,-.2,"",.0,"8",0,"8","02","2","0","","0","","","0","","","7","","",0,"8",.0,"8",.0,"8","","8",0,"8","","",.0,"8",.0,"8",.0,"8",.0,"8",.0,"8",.0,"8",.0,"8",.0,"8",.0,"8",0,"8",0,"8",0,"8","","",0,"8",0,"8"
"352190360","P£OCK","2006","06","17","02","9","",0,"8",0,"8","","","",8,"",0,"8",0,"8",8,"",120,"",1,"",0,"",14.2,"",.0,"8","U","",10.0,"",62,"",7.0,"",1002.9,"",1016.0,"",7,-.3,"",.0,"8",0,"8","02","2","0","","0","","","0","","","7","","",0,"8",.0,"8",.0,"8","","8",0,"8","","",.0,"8",.0,"8",.0,"8",.0,"8",.0,"8",.0,"8",.0,"8",.0,"8",.0,"8",0,"8",0,"8",0,"8","","",0,"8",0,"8"
"352190360","P£OCK","2006","06","17","03","9","",0,"8",0,"8","","","",8,"",0,"8",0,"8",6,"",100,"",2,"",0,"",13.6,"",.0,"8","U","",10.4,"",67,"",7.6,"",1003.0,"",1016.1,"",5,-.1,"",.0,"8",0,"8","03","2","1","","0","","","3","","","8","","",0,"8",.0,"8",.0,"8","","8",0,"8","","",.0,"8",.0,"8",.0,"8",.0,"8",.0,"8",.0,"8",.0,"8",.0,"8",.0,"8",0,"8",0,"8",0,"8","","",0,"8",0,"8"
"352190360","P£OCK","2006","06","17","04","9","",0,"8",0,"8","","","",8,"",0,"8",0,"8",6,"",120,"",4,"",0,"",16.1,"",.0,"8","U","",10.6,"",58,"",7.8,"",1002.7,"",1015.7,"",7,-.3,"",.0,"8",0,"8","03","2","3","","0","","","3","","","8","","",0,"8",.0,"8",.0,"8","","8",0,"8","","",.0,"8",.0,"8",.0,"8",.0,"8",.0,"8",.0,"8",.0,"8",.0,"8",.0,"8",0,"8",0,"8",0,"8","","",0,"8",0,"8"
"352190360","P£OCK","2006","06","17","05","6","",0,"8",0,"8","","","",8,"",0,"8",0,"8",6,"",120,"",3,"",0,"",18.4,"",.0,"8","U","",11.0,"",52,"",8.4,"",1002.8,"",1015.7,"",5,-.1,"",.0,"8",0,"8","03","2","1","","9","","","5","","","8","","",0,"8",.0,"8",.0,"8","","8",0,"8","","",.0,"8",.0,"8",.0,"8",.0,"8",.0,"8",.0,"8",.0,"8",.0,"8",.0,"8",0,"8",0,"8",0,"8","","",0,"8",0,"8"
"352190360","P£OCK","2006","06","17","06","9","",0,"8",0,"8","","","",8,"",0,"8",0,"8",7,"",100,"",3,"",0,"",19.0,"",.0,"8","U","",11.8,"",54,"",9.5,"",1002.8,"",1015.6,"",6,-.2,"",.0,"9",0,"9","01","2","6","","0","","","5","","","8","","",0,"",.0,"8",.0,"8","","8",0,"8","","",.0,"8",.0,"8",.0,"8",.0,"8",.0,"8",.0,"8",.0,"8",.0,"8",.0,"8",0,"8",0,"8",0,"8","","",0,"8",0,"8"
"352190360","P£OCK","2006","06","17","07","6","",0,"8",0,"8","","","",8,"",0,"8",0,"8",7,"",110,"",3,"",0,"",19.7,"",.0,"8","U","",12.6,"",55,"",10.4,"",1003.0,"",1015.8,"",2,.3,"",.0,"8",0,"8","03","2","1","","5","","","5","","","/","","",0,"8",.0,"8",.0,"8","","8",0,"8","","",.0,"8",.0,"8",.0,"8",.0,"8",.0,"8",.0,"8",.0,"8",.0,"8",.0,"8",0,"8",0,"8",0,"8","","",0,"8",0,"8"
"352190360","P£OCK","2006","06","17","08","6","",0,"8",0,"8","","","",8,"",0,"8",0,"8",7,"",110,"",4,"",0,"",22.1,"",.0,"8","U","",12.2,"",46,"",9.9,"",1003.0,"",1015.7,"",1,.2,"",.0,"8",0,"8","03","2","2","","9","","","3","","","8","","",0,"8",.0,"8",.0,"8","","8",0,"8","","",.0,"8",.0,"8",.0,"8",.0,"8",.0,"8",.0,"8",.0,"8",.0,"8",.0,"8",0,"8",0,"8",0,"8","","",0,"8",0,"8"
"352190360","P£OCK","2006","06","17","09","6","",0,"8",0,"8","","","",8,"",0,"8",0,"8",7,"",130,"",4,"",0,"",23.0,"",.0,"8","U","",12.1,"",43,"",9.7,"",1003.2,"",1015.9,"",2,.4,"",.0,"8",0,"8","01","2","1","","9","","","3","","","8","","",0,"8",.0,"8",.0,"8","","8",0,"8","","",.0,"8",.0,"8",.0,"8",.0,"8",.0,"8",.0,"8",.0,"8",.0,"8",.0,"8",0,"8",0,"8",0,"8","","",0,"8",0,"8"
"352190360","P£OCK","2006","06","17","10","6","",0,"8",0,"8","","","",8,"",0,"8",0,"8",7,"",90,"",3,"",0,"",23.6,"",.0,"8","U","",13.9,"",48,"",11.9,"",1003.2,"",1015.8,"",1,.2,"",.0,"8",0,"8","03","2","1","","9","","","3","","","8","","",0,"8",.0,"8",.0,"8","","8",0,"8","","",.0,"8",.0,"8",.0,"8",.0,"8",.0,"8",.0,"8",.0,"8",.0,"8",.0,"8",0,"8",0,"8",0,"8","","",0,"8",0,"8"
"352190360","P£OCK","2006","06","17","11","6","",0,"8",0,"8","","","",8,"",0,"8",0,"8",7,"",120,"",4,"",0,"",23.0,"",.0,"8","U","",14.0,"",50,"",12.0,"",1003.3,"",1016.0,"",2,.3,"",.0,"8",0,"8","03","2","3","","9","","","3","","","/","","",0,"8",.0,"8",.0,"8","","8",0,"8","","",.0,"8",.0,"8",.0,"8",.0,"8",.0,"8",.0,"8",.0,"8",.0,"8",.0,"8",0,"8",0,"8",0,"8","","",0,"8",0,"8"
"352190360","P£OCK","2006","06","17","12","6","",0,"8",0,"8","","","",8,"",0,"8",0,"8",7,"",130,"",4,"",0,"",23.3,"",.0,"8","U","",16.3,"",57,"",14.3,"",1003.4,"",1016.1,"",3,.2,"",.0,"9",0,"9","01","2","3","","9","","","3","","","/","","",0,"",.0,"8",.0,"8","","8",0,"8","","",.0,"8",.0,"8",.0,"8",.0,"8",.0,"8",.0,"8",.0,"8",.0,"8",.0,"8",0,"8",0,"8",0,"8","","",0,"8",0,"8"
"352190360","P£OCK","2006","06","17","13","5","",0,"8",0,"8","","","",7,"",0,"8",0,"8",8,"",130,"",2,"",0,"",22.5,"",.0,"8","U","",17.4,"",64,"",15.3,"",1002.8,"",1015.5,"",8,-.4,"",.0,"8",0,"8","80","2","6","","9","","","7","","","/","","",0,"8",.0,"8",.0,"8","","8",0,"8","","",.0,"8",.0,"8",.0,"8",.0,"8",.0,"8",.0,"8",.0,"8",.0,"8",.0,"8",0,"8",0,"8",0,"8","","",0,"8",0,"8"
"352190360","P£OCK","2006","06","17","14","5","",0,"8",0,"8","","","",7,"",0,"8",0,"8",7,"",160,"",1,"",0,"",23.1,"",.0,"8","U","",20.0,"",71,"",17.6,"",1002.5,"",1015.2,"",8,-.8,"",.0,"8",0,"8","25","8","5","","9","","","3","","","1","","",0,"8",.0,"8",.0,"8","","8",0,"8","","",.0,"8",.0,"8",.0,"8",.0,"8",.0,"8",.0,"8",.0,"8",.0,"8",.0,"8",0,"8",0,"8",0,"8","","",0,"8",0,"8"
"352190360","P£OCK","2006","06","17","15","5","",0,"8",0,"8","","","",7,"",0,"8",0,"8",8,"",270,"",2,"",0,"",22.8,"",.0,"8","U","",18.3,"",66,"",16.1,"",1002.4,"",1015.1,"",6,-1.0,"",.0,"8",0,"8","01","8","3","","5","","","7","","","/","","",0,"8",.0,"8",.0,"8","","8",0,"8","","",.0,"8",.0,"8",.0,"8",.0,"8",.0,"8",.0,"8",.0,"8",.0,"8",.0,"8",0,"8",0,"8",0,"8","","",0,"8",0,"8"
"352190360","P£OCK","2006","06","17","16","6","",0,"8",0,"8","","","",7,"",0,"8",0,"8",8,"",300,"",2,"",0,"",22.1,"",.0,"8","U","",18.6,"",70,"",16.4,"",1002.7,"",1015.4,"",5,-.1,"",.0,"8",0,"8","01","2","2","","5","","","7","","","/","","",0,"8",.0,"8",.0,"8","","8",0,"8","","",.0,"8",.0,"8",.0,"8",.0,"8",.0,"8",.0,"8",.0,"8",.0,"8",.0,"8",0,"8",0,"8",0,"8","","",0,"8",0,"8"
"352190360","P£OCK","2006","06","17","17","6","",0,"8",0,"8","","","",7,"",0,"8",0,"8",8,"",220,"",1,"",0,"",21.5,"",.0,"8","U","",18.7,"",73,"",16.5,"",1002.8,"",1015.5,"",3,.3,"",.0,"8",0,"8","80","2","6","","9","","","7","","","/","","",0,"8",.0,"8",.0,"8","","8",0,"8","","",.0,"8",.0,"8",.0,"8",.0,"8",.0,"8",.0,"8",.0,"8",.0,"8",.0,"8",0,"8",0,"8",0,"8","","",0,"8",0,"8"
"352190360","P£OCK","2006","06","17","18","6","",0,"8",0,"8","","","",7,"",0,"8",0,"8",7,"",80,"",1,"",0,"",21.3,"",.0,"8","U","",19.5,"",77,"",17.1,"",1002.5,"",1015.2,"",0,.1,"",.0,"",6,"","25","2","2","","9","","","3","","","/","","",0,"",.0,"8",.0,"8","","8",0,"8","","",.0,"8",.0,"8",.0,"8",.0,"8",.0,"8",.0,"8",.0,"8",.0,"8",.0,"8",0,"8",0,"8",0,"8","","",0,"8",0,"8"
"352190360","P£OCK","2006","06","17","19","6","",0,"8",0,"8","","","",6,"",0,"8",0,"8",6,"",360,"",2,"",0,"",19.7,"",.0,"8","U","",19.2,"",84,"",16.9,"",1002.0,"",1014.8,"",8,-.7,"",.0,"8",0,"8","10","2","1","","9","","","3","","","8","","",0,"8",.0,"8",.0,"8","","8",0,"8","","",.0,"8",.0,"8",.0,"8",.0,"8",.0,"8",.0,"8",.0,"8",.0,"8",.0,"8",0,"8",0,"8",0,"8","","",0,"8",0,"8"
"352190360","P£OCK","2006","06","17","20","4","",0,"8",0,"8","","","",5,"",0,"8",0,"8",8,"",40,"",1,"",0,"",18.6,"",.0,"8","U","",19.5,"",91,"",17.1,"",1002.3,"",1015.1,"",5,-.5,"",.0,"8",0,"8","10","2","8","","5","","","/","","","/","","",0,"8",.0,"8",.0,"8","","8",0,"8","","",.0,"8",.0,"8",.0,"8",.0,"8",.0,"8",.0,"8",.0,"8",.0,"8",.0,"8",0,"8",0,"8",0,"8","","",0,"8",0,"8"
"352190360","P£OCK","2006","06","17","21","4","",0,"8",0,"8","","","",5,"",0,"8",0,"8",8,"",360,"",2,"",0,"",19.1,"",.0,"8","U","",20.1,"",91,"",17.6,"",1002.3,"",1015.1,"",6,-.2,"",.0,"8",0,"8","95","2","8","","9","","","/","","","/","","",0,"8",.0,"8",.0,"8","","8",0,"8","","",.0,"8",.0,"8",.0,"8",.0,"8",.0,"8",.0,"8",.0,"8",.0,"8",.0,"8",0,"8",0,"8",0,"8","","",0,"8",0,"8"
"352190360","P£OCK","2006","06","17","22","4","",0,"8",0,"8","","","",6,"",0,"8",0,"8",7,"",310,"",2,"",0,"",18.9,"",.0,"8","U","",19.6,"",90,"",17.2,"",1002.1,"",1014.9,"",0,.1,"",.0,"8",0,"8","17","9","4","","9","","","3","","","/","","",0,"8",.0,"8",.0,"8","","8",0,"8","","",.0,"8",.0,"8",.0,"8",.0,"8",.0,"8",.0,"8",.0,"8",.0,"8",.0,"8",0,"8",0,"8",0,"8","","",0,"8",0,"8"
"352190360","P£OCK","2006","06","17","23","5","",0,"8",0,"8","","","",5,"",0,"8",0,"8",8,"",110,"",1,"",0,"",18.4,"",.0,"8","U","",19.2,"",91,"",16.9,"",1002.5,"",1015.4,"",3,.2,"",.0,"8",0,"8","29","9","4","","9","","","3","","","/","","",0,"8",.0,"8",.0,"8","","8",0,"8","","",.0,"8",.0,"8",.0,"8",.0,"8",.0,"8",.0,"8",.0,"8",.0,"8",.0,"8",0,"8",0,"8",0,"8","","",0,"8",0,"8"
"352190360","P£OCK","2006","06","18","00","5","",0,"8",0,"8","","","",5,"",0,"8",0,"8",8,"",290,"",2,"",0,"",18.2,"",.0,"8","U","",18.8,"",90,"",16.5,"",1002.5,"",1015.4,"",1,.2,"",4.7,"",6,"","80","9","6","","9","","","3","","","/","","",2,"",.0,"8",.0,"8","","8",0,"8","","",.0,"8",.0,"8",.0,"8",.0,"8",.0,"8",.0,"8",.0,"8",.0,"8",.0,"8",0,"8",0,"8",0,"8","","",0,"8",0,"8"
"352190360","P£OCK","2006","06","18","01","5","",0,"8",0,"8","","","",5,"",0,"8",0,"8",8,"",290,"",2,"",0,"",17.5,"",.0,"8","U","",18.2,"",91,"",16.0,"",1002.4,"",1015.3,"",0,.3,"",.0,"8",0,"8","95","8","8","","9","","","/","","","/","","",0,"8",.0,"8",.0,"8","","8",0,"8","","",.0,"8",.0,"8",.0,"8",.0,"8",.0,"8",.0,"8",.0,"8",.0,"8",.0,"8",0,"8",0,"8",0,"8","","",0,"8",0,"8"
"352190360","P£OCK","2006","06","18","02","5","",0,"8",0,"8","","","",5,"",0,"8",0,"8",8,"",320,"",2,"",0,"",16.9,"",.0,"8","U","",17.9,"",93,"",15.8,"",1001.6,"",1014.5,"",8,-.9,"",.0,"8",0,"8","91","9","5","","9","","","3","","","/","","",0,"8",.0,"8",.0,"8","","8",0,"8","","",.0,"8",.0,"8",.0,"8",.0,"8",.0,"8",.0,"8",.0,"8",.0,"8",.0,"8",0,"8",0,"8",0,"8","","",0,"8",0,"8"
"352190360","P£OCK","2006","06","18","03","4","",0,"8",0,"8","","","",5,"",0,"8",0,"8",8,"",280,"",2,"",0,"",16.6,"",.0,"8","U","",17.5,"",93,"",15.5,"",1002.6,"",1015.5,"",3,.1,"",.0,"8",0,"8","25","9","4","","5","","","3","","","/","","",0,"8",.0,"8",.0,"8","","8",0,"8","","",.0,"8",.0,"8",.0,"8",.0,"8",.0,"8",.0,"8",.0,"8",.0,"8",.0,"8",0,"8",0,"8",0,"8","","",0,"8",0,"8"
"352190360","P£OCK","2006","06","18","04","6","",0,"8",0,"8","","","",5,"",0,"8",0,"8",7,"",270,"",2,"",0,"",16.3,"",.0,"8","U","",17.0,"",92,"",15.0,"",1002.8,"",1015.8,"",3,.4,"",.0,"8",0,"8","10","2","4","","5","","","3","","","8","","",0,"8",.0,"8",.0,"8","","8",0,"8","","",.0,"8",.0,"8",.0,"8",.0,"8",.0,"8",.0,"8",.0,"8",.0,"8",.0,"8",0,"8",0,"8",0,"8","","",0,"8",0,"8"
"352190360","P£OCK","2006","06","18","05","4","",0,"8",0,"8","","","",6,"",0,"8",0,"8",7,"",280,"",4,"",0,"",15.6,"",.0,"8","U","",16.1,"",91,"",14.1,"",1003.3,"",1016.3,"",2,1.7,"",.0,"8",0,"8","10","2","7","","5","","","/","","","/","","",0,"8",.0,"8",.0,"8","","8",0,"8","","",.0,"8",.0,"8",.0,"8",.0,"8",.0,"8",.0,"8",.0,"8",.0,"8",.0,"8",0,"8",0,"8",0,"8","","",0,"8",0,"8"
"352190360","P£OCK","2006","06","18","06","4","",0,"8",0,"8","","","",7,"",0,"8",0,"8",7,"",280,"",5,"",0,"",15.8,"",.0,"8","U","",15.4,"",86,"",13.5,"",1003.6,"",1016.6,"",2,1.0,"",2.6,"",6,"","02","9","7","","5","","","/","","","/","","",2,"",.0,"8",.0,"8","","8",0,"8","","",.0,"8",.0,"8",.0,"8",.0,"8",.0,"8",.0,"8",.0,"8",.0,"8",.0,"8",0,"8",0,"8",0,"8","","",0,"8",0,"8"
"352190360","P£OCK","2006","06","18","07","4","",0,"8",0,"8","","","",7,"",0,"8",0,"8",6,"",290,"",5,"",0,"",16.8,"",.0,"8","U","",14.7,"",77,"",12.7,"",1003.7,"",1016.6,"",1,.9,"",.0,"8",0,"8","01","2","3","","5","","","3","","","0","","",0,"8",.0,"8",.0,"8","","8",0,"8","","",.0,"8",.0,"8",.0,"8",.0,"8",.0,"8",.0,"8",.0,"8",.0,"8",.0,"8",0,"8",0,"8",0,"8","","",0,"8",0,"8"
"352190360","P£OCK","2006","06","18","08","5","",0,"8",0,"8","","","",8,"",0,"8",0,"8",7,"",290,"",4,"",0,"",17.3,"",.0,"8","U","",13.2,"",67,"",11.1,"",1003.8,"",1016.7,"",1,.5,"",.0,"8",0,"8","03","2","5","","3","","","3","","","1","","",0,"8",.0,"8",.0,"8","","8",0,"8","","",.0,"8",.0,"8",.0,"8",.0,"8",.0,"8",.0,"8",.0,"8",.0,"8",.0,"8",0,"8",0,"8",0,"8","","",0,"8",0,"8"
"352190360","P£OCK","2006","06","18","09","6","",0,"8",0,"8","","","",7,"",0,"8",0,"8",7,"",280,"",4,"",0,"",17.7,"",.0,"8","U","",13.3,"",66,"",11.3,"",1003.9,"",1016.8,"",2,.3,"",.0,"8",0,"8","03","2","6","","3","","","3","","","/","","",0,"8",.0,"8",.0,"8","","8",0,"8","","",.0,"8",.0,"8",.0,"8",.0,"8",.0,"8",.0,"8",.0,"8",.0,"8",.0,"8",0,"8",0,"8",0,"8","","",0,"8",0,"8"
"352190360","P£OCK","2006","06","18","10","6","",0,"8",0,"8","","","",7,"",0,"8",0,"8",7,"",260,"",3,"",0,"",18.7,"",.0,"8","U","",14.4,"",67,"",12.4,"",1004.0,"",1016.9,"",2,.3,"",.0,"8",0,"8","03","2","3","","9","","","3","","","/","","",0,"8",.0,"8",.0,"8","","8",0,"8","","",.0,"8",.0,"8",.0,"8",.0,"8",.0,"8",.0,"8",.0,"8",.0,"8",.0,"8",0,"8",0,"8",0,"8","","",0,"8",0,"8"
"352190360","P£OCK","2006","06","18","11","6","",0,"8",0,"8","","","",7,"",0,"8",0,"8",7,"",290,"",5,"",0,"",17.6,"",.0,"8","U","",13.9,"",69,"",11.8,"",1004.1,"",1017.0,"",2,.3,"",.0,"8",0,"8","25","2","3","","9","","","3","","","/","","",0,"8",.0,"8",.0,"8","","8",0,"8","","",.0,"8",.0,"8",.0,"8",.0,"8",.0,"8",.0,"8",.0,"8",.0,"8",.0,"8",0,"8",0,"8",0,"8","","",0,"8",0,"8"
"352190360","P£OCK","2006","06","18","12","6","",0,"8",0,"8","","","",8,"",0,"8",0,"8",6,"",250,"",4,"",0,"",18.9,"",.0,"8","U","",13.9,"",64,"",11.9,"",1003.9,"",1016.8,"",0,.0,"",.1,"",6,"","01","8","1","","9","","","3","","","3","","",2,"",.0,"8",.0,"8","","8",0,"8","","",.0,"8",.0,"8",.0,"8",.0,"8",.0,"8",.0,"8",.0,"8",.0,"8",.0,"8",0,"8",0,"8",0,"8","","",0,"8",0,"8"
"352190360","P£OCK","2006","06","18","13","6","",0,"8",0,"8","","","",8,"",0,"8",0,"8",7,"",260,"",2,"",0,"",19.6,"",.0,"8","U","",12.7,"",56,"",10.6,"",1003.6,"",1016.4,"",8,-.4,"",.0,"8",0,"8","03","2","5","","9","","","3","","","/","","",0,"8",.0,"8",.0,"8","","8",0,"8","","",.0,"8",.0,"8",.0,"8",.0,"8",.0,"8",.0,"8",.0,"8",.0,"8",.0,"8",0,"8",0,"8",0,"8","","",0,"8",0,"8"
"352190360","P£OCK","2006","06","18","14","5","",0,"8",0,"8","","","",8,"",0,"8",0,"8",7,"",290,"",4,"",0,"",19.0,"",.0,"8","U","",14.0,"",64,"",12.0,"",1003.7,"",1016.5,"",5,-.4,"",.0,"8",0,"8","17","8","5","","9","","","3","","","/","","",0,"8",.0,"8",.0,"8","","8",0,"8","","",.0,"8",.0,"8",.0,"8",.0,"8",.0,"8",.0,"8",.0,"8",.0,"8",.0,"8",0,"8",0,"8",0,"8","","",0,"8",0,"8"
"352190360","P£OCK","2006","06","18","15","5","",0,"8",0,"8","","","",7,"",0,"8",0,"8",8,"",300,"",5,"",0,"",15.2,"",.0,"8","U","",13.8,"",80,"",11.8,"",1004.1,"",1017.1,"",3,.2,"",.0,"8",0,"8","95","2","8","","9","","","/","","","/","","",0,"8",.0,"8",.0,"8","","8",0,"8","","",.0,"8",.0,"8",.0,"8",.0,"8",.0,"8",.0,"8",.0,"8",.0,"8",.0,"8",0,"8",0,"8",0,"8","","",0,"8",0,"8"
"352190360","P£OCK","2006","06","18","16","6","",0,"8",0,"8","","","",8,"",0,"8",0,"8",7,"",290,"",2,"",0,"",15.7,"",.0,"8","U","",14.2,"",80,"",12.3,"",1003.8,"",1016.8,"",0,.2,"",.0,"8",0,"8","91","8","5","","9","","","3","","","/","","",0,"8",.0,"8",.0,"8","","8",0,"8","","",.0,"8",.0,"8",.0,"8",.0,"8",.0,"8",.0,"8",.0,"8",.0,"8",.0,"8",0,"8",0,"8",0,"8","","",0,"8",0,"8"
"352190360","P£OCK","2006","06","18","17","6","",0,"8",0,"8","","","",8,"",0,"8",0,"8",6,"",200,"",2,"",0,"",16.5,"",.0,"8","U","",14.4,"",77,"",12.5,"",1003.7,"",1016.7,"",0,.0,"",.0,"8",0,"8","25","2","2","","9","","","3","","","1","","",0,"8",.0,"8",.0,"8","","8",0,"8","","",.0,"8",.0,"8",.0,"8",.0,"8",.0,"8",.0,"8",.0,"8",.0,"8",.0,"8",0,"8",0,"8",0,"8","","",0,"8",0,"8"
"352190360","P£OCK","2006","06","18","18","7","",0,"8",0,"8","","","",8,"",0,"8",0,"8",3,"",230,"",2,"",0,"",16.7,"",.0,"8","U","",14.2,"",75,"",12.2,"",1003.5,"",1016.4,"",7,-.6,"",.8,"",6,"","01","9","1","","5","","","3","","","2","","",1,"",.0,"8",.0,"8","","8",0,"8","","",.0,"8",.0,"8",.0,"8",.0,"8",.0,"8",.0,"8",.0,"8",.0,"8",.0,"8",0,"8",0,"8",0,"8","","",0,"8",0,"8"
"352190360","P£OCK","2006","06","18","19","9","",0,"8",0,"8","","","",7,"",0,"8",0,"8",2,"",200,"",1,"",0,"",14.7,"",.0,"8","U","",13.9,"",83,"",11.8,"",1003.7,"",1016.7,"",5,-.1,"",.0,"8",0,"8","01","0","1","","0","","","3","","","1","","",0,"8",.0,"8",.0,"8","","8",0,"8","","",.0,"8",.0,"8",.0,"8",.0,"8",.0,"8",.0,"8",.0,"8",.0,"8",.0,"8",0,"8",0,"8",0,"8","","",0,"8",0,"8"
"352190360","P£OCK","2006","06","18","20","9","",0,"8",0,"8","","","",7,"",0,"8",0,"8",1,"",230,"",1,"",0,"",14.1,"",.0,"8","U","",14.0,"",87,"",12.0,"",1003.9,"",1017.0,"",3,.2,"",.0,"8",0,"8","01","0","1","","0","","","3","","","0","","",0,"8",.0,"8",.0,"8","","8",0,"8","","",.0,"8",.0,"8",.0,"8",.0,"8",.0,"8",.0,"8",.0,"8",.0,"8",.0,"8",0,"8",0,"8",0,"8","","",0,"8",0,"8"
"352190360","P£OCK","2006","06","18","21","9","",0,"8",0,"8","","","",6,"",0,"8",0,"8",1,"",210,"",2,"",0,"",13.9,"",.0,"8","U","",14.4,"",91,"",12.5,"",1004.0,"",1017.1,"",2,.5,"",.0,"8",0,"8","10","0","1","","0","","","3","","","0","","",0,"8",.0,"8",.0,"8","","8",0,"8","","",.0,"8",.0,"8",.0,"8",.0,"8",.0,"8",.0,"8",.0,"8",.0,"8",.0,"8",0,"8",0,"8",0,"8","","",0,"8",0,"8"
"352190360","P£OCK","2006","06","18","22","9","",0,"8",0,"8","","","",5,"",0,"8",0,"8",0,"",0,"",0,"",0,"",12.8,"",.0,"8","U","",13.6,"",92,"",11.5,"",1003.9,"",1017.0,"",0,.2,"",.0,"8",0,"8","10","0","0","","0","","","0","","","0","","",0,"8",.0,"8",.0,"8","","8",0,"8","","",.0,"8",.0,"8",.0,"8",.0,"8",.0,"8",.0,"8",.0,"8",.0,"8",.0,"8",0,"8",0,"8",0,"8","","",0,"8",0,"8"
"352190360","P£OCK","2006","06","18","23","9","",0,"8",0,"8","","","",4,"",0,"8",0,"8",0,"",200,"",1,"",0,"",12.3,"",.0,"8","U","",13.4,"",94,"",11.4,"",1004.2,"",1017.4,"",2,.3,"",.0,"8",0,"8","10","0","0","","0","","","0","","","0","","",0,"8",.0,"8",.0,"8","","8",0,"8","","",.0,"8",.0,"8",.0,"8",.0,"8",.0,"8",.0,"8",.0,"8",.0,"8",.0,"8",0,"8",0,"8",0,"8","","",0,"8",0,"8"
"352190360","P£OCK","2006","06","19","00","9","",0,"8",0,"8","","","",5,"",0,"8",0,"8",1,"",0,"",0,"",0,"",12.7,"",.0,"8","U","",13.8,"",94,"",11.8,"",1004.1,"",1017.2,"",0,.1,"",.0,"9",0,"9","28","0","1","","0","","","3","","","0","","",1,"",.0,"8",.0,"8","","8",0,"8","","",.0,"8",.0,"8",.0,"8",.0,"8",.0,"8",.0,"8",.0,"8",.0,"8",.0,"8",0,"8",0,"8",0,"8","","",0,"8",0,"8"
"352190360","P£OCK","2006","06","19","01","5","",0,"8",0,"8","","","",5,"",0,"8",0,"8",7,"",190,"",1,"",0,"",11.6,"",.0,"8","U","",12.8,"",94,"",10.7,"",1004.3,"",1017.5,"",2,.4,"",.0,"8",0,"8","10","1","7","","5","","","/","","","/","","",0,"8",.0,"8",.0,"8","","8",0,"8","","",.0,"8",.0,"8",.0,"8",.0,"8",.0,"8",.0,"8",.0,"8",.0,"8",.0,"8",0,"8",0,"8",0,"8","","",0,"8",0,"8"
"352190360","P£OCK","2006","06","19","02","5","",0,"8",0,"8","","","",5,"",0,"8",0,"8",7,"",300,"",1,"",0,"",13.7,"",.0,"8","U","",14.9,"",95,"",12.9,"",1004.4,"",1017.5,"",3,.2,"",.0,"8",0,"8","10","2","7","","5","","","/","","","/","","",0,"8",.0,"8",.0,"8","","8",0,"8","","",.0,"8",.0,"8",.0,"8",.0,"8",.0,"8",.0,"8",.0,"8",.0,"8",.0,"8",0,"8",0,"8",0,"8","","",0,"8",0,"8"
"352190360","P£OCK","2006","06","19","03","5","",0,"8",0,"8","","","",6,"",0,"8",0,"8",7,"",280,"",2,"",0,"",13.9,"",.0,"8","U","",14.9,"",94,"",12.9,"",1004.3,"",1017.4,"",0,.2,"",.0,"8",0,"8","10","1","6","","5","","","3","","","/","","",0,"8",.0,"8",.0,"8","","8",0,"8","","",.0,"8",.0,"8",.0,"8",.0,"8",.0,"8",.0,"8",.0,"8",.0,"8",.0,"8",0,"8",0,"8",0,"8","","",0,"8",0,"8"
"352190360","P£OCK","2006","06","19","04","9","",0,"8",0,"8","","","",5,"",0,"8",0,"8",0,"",10,"",2,"",0,"",14.3,"",.0,"8","U","",15.0,"",92,"",13.0,"",1003.9,"",1017.0,"",8,-.4,"",.0,"8",0,"8","10","1","0","","0","","","0","","","0","","",0,"8",.0,"8",.0,"8","","8",0,"8","","",.0,"8",.0,"8",.0,"8",.0,"8",.0,"8",.0,"8",.0,"8",.0,"8",.0,"8",0,"8",0,"8",0,"8","","",0,"8",0,"8"
"352190360","P£OCK","2006","06","19","05","9","",0,"8",0,"8","","","",6,"",0,"8",0,"8",1,"",330,"",2,"",0,"",15.4,"",.0,"8","U","",15.5,"",89,"",13.6,"",1004.2,"",1017.2,"",5,-.2,"",.0,"8",0,"8","10","0","1","","0","","","3","","","0","","",0,"8",.0,"8",.0,"8","","8",0,"8","","",.0,"8",.0,"8",.0,"8",.0,"8",.0,"8",.0,"8",.0,"8",.0,"8",.0,"8",0,"8",0,"8",0,"8","","",0,"8",0,"8"
"352190360","P£OCK","2006","06","19","06","9","",0,"8",0,"8","","","",7,"",0,"8",0,"8",1,"",310,"",1,"",0,"",17.0,"",.0,"8","U","",15.7,"",81,"",13.7,"",1004.4,"",1017.3,"",3,.1,"",.0,"9",0,"9","02","1","1","","0","","","3","","","0","","",1,"",.0,"8",.0,"8","","8",0,"8","","",.0,"8",.0,"8",.0,"8",.0,"8",.0,"8",.0,"8",.0,"8",.0,"8",.0,"8",0,"8",0,"8",0,"8","","",0,"8",0,"8"
"352190360","P£OCK","2006","06","19","07","5","",0,"8",0,"8","","","",7,"",0,"8",0,"8",1,"",320,"",3,"",0,"",18.1,"",.0,"8","U","",15.1,"",73,"",13.2,"",1004.4,"",1017.3,"",1,.5,"",.0,"8",0,"8","03","0","1","","1","","","0","","","0","","",0,"8",.0,"8",.0,"8","","8",0,"8","","",.0,"8",.0,"8",.0,"8",.0,"8",.0,"8",.0,"8",.0,"8",.0,"8",.0,"8",0,"8",0,"8",0,"8","","",0,"8",0,"8"
"352190360","P£OCK","2006","06","19","08","5","",0,"8",0,"8","","","",8,"",0,"8",0,"8",2,"",330,"",3,"",0,"",19.4,"",.0,"8","U","",15.3,"",68,"",13.3,"",1004.3,"",1017.1,"",0,.1,"",.0,"8",0,"8","03","0","2","","1","","","0","","","0","","",0,"8",.0,"8",.0,"8","","8",0,"8","","",.0,"8",.0,"8",.0,"8",.0,"8",.0,"8",.0,"8",.0,"8",.0,"8",.0,"8",0,"8",0,"8",0,"8","","",0,"8",0,"8"
"352190360","P£OCK","2006","06","19","09","5","",0,"8",0,"8","","","",8,"",0,"8",0,"8",2,"",30,"",3,"",0,"",20.3,"",.0,"8","U","",15.0,"",63,"",13.0,"",1004.4,"",1017.2,"",5,.0,"",.0,"8",0,"8","02","0","2","","1","","","0","","","0","","",0,"8",.0,"8",.0,"8","","8",0,"8","","",.0,"8",.0,"8",.0,"8",.0,"8",.0,"8",.0,"8",.0,"8",.0,"8",.0,"8",0,"8",0,"8",0,"8","","",0,"8",0,"8"
"352190360","P£OCK","2006","06","19","10","6","",0,"8",0,"8","","","",8,"",0,"8",0,"8",3,"",360,"",1,"",0,"",20.9,"",.0,"8","U","",15.0,"",61,"",13.1,"",1004.2,"",1017.0,"",7,-.2,"",.0,"8",0,"8","03","0","3","","2","","","0","","","0","","",0,"8",.0,"8",.0,"8","","8",0,"8","","",.0,"8",.0,"8",.0,"8",.0,"8",.0,"8",.0,"8",.0,"8",.0,"8",.0,"8",0,"8",0,"8",0,"8","","",0,"8",0,"8"
"352190360","P£OCK","2006","06","19","11","6","",0,"8",0,"8","","","",8,"",0,"8",0,"8",3,"",90,"",2,"",0,"",21.7,"",.0,"8","U","",14.8,"",57,"",12.8,"",1003.8,"",1016.5,"",8,-.5,"",.0,"8",0,"8","02","0","3","","2","","","0","","","0","","",0,"8",.0,"8",.0,"8","","8",0,"8","","",.0,"8",.0,"8",.0,"8",.0,"8",.0,"8",.0,"8",.0,"8",.0,"8",.0,"8",0,"8",0,"8",0,"8","","",0,"8",0,"8"
"352190360","P£OCK","2006","06","19","12","6","",0,"8",0,"8","","","",8,"",0,"8",0,"8",3,"",80,"",2,"",0,"",22.8,"",.0,"8","U","",15.2,"",55,"",13.3,"",1003.6,"",1016.3,"",7,-.8,"",.0,"9",0,"9","03","0","3","","2","","","0","","","0","","",0,"",.0,"8",.0,"8","","8",0,"8","","",.0,"8",.0,"8",.0,"8",.0,"8",.0,"8",.0,"8",.0,"8",.0,"8",.0,"8",0,"8",0,"8",0,"8","","",0,"8",0,"8"
"352190360","P£OCK","2006","06","19","13","6","",0,"8",0,"8","","","",8,"",0,"8",0,"8",2,"",90,"",2,"",0,"",23.4,"",.0,"8","U","",14.4,"",50,"",12.4,"",1003.4,"",1016.0,"",6,-.8,"",.0,"8",0,"8","01","0","2","","2","","","0","","","0","","",0,"8",.0,"8",.0,"8","","8",0,"8","","",.0,"8",.0,"8",.0,"8",.0,"8",.0,"8",.0,"8",.0,"8",.0,"8",.0,"8",0,"8",0,"8",0,"8","","",0,"8",0,"8"
"352190360","P£OCK","2006","06","19","14","6","",0,"8",0,"8","","","",8,"",0,"8",0,"8",2,"",0,"",0,"",0,"",23.7,"",.0,"8","U","",14.6,"",50,"",12.7,"",1003.2,"",1015.8,"",7,-.6,"",.0,"8",0,"8","01","0","2","","2","","","0","","","0","","",0,"8",.0,"8",.0,"8","","8",0,"8","","",.0,"8",.0,"8",.0,"8",.0,"8",.0,"8",.0,"8",.0,"8",.0,"8",.0,"8",0,"8",0,"8",0,"8","","",0,"8",0,"8"
"352190360","P£OCK","2006","06","19","15","6","",0,"8",0,"8","","","",8,"",0,"8",0,"8",1,"",120,"",3,"",0,"",23.2,"",.0,"8","U","",14.5,"",51,"",12.5,"",1002.9,"",1015.6,"",7,-.7,"",.0,"8",0,"8","01","0","1","","1","","","0","","","0","","",0,"8",.0,"8",.0,"8","","8",0,"8","","",.0,"8",.0,"8",.0,"8",.0,"8",.0,"8",.0,"8",.0,"8",.0,"8",.0,"8",0,"8",0,"8",0,"8","","",0,"8",0,"8"
"352190360","P£OCK","2006","06","19","16","6","",0,"8",0,"8","","","",8,"",0,"8",0,"8",1,"",80,"",2,"",0,"",23.4,"",.0,"8","U","",14.6,"",51,"",12.7,"",1002.8,"",1015.4,"",7,-.6,"",.0,"8",0,"8","02","0","1","","1","","","0","","","0","","",0,"8",.0,"8",.0,"8","","8",0,"8","","",.0,"8",.0,"8",.0,"8",.0,"8",.0,"8",.0,"8",.0,"8",.0,"8",.0,"8",0,"8",0,"8",0,"8","","",0,"8",0,"8"
"352190360","P£OCK","2006","06","19","17","9","",0,"8",0,"8","","","",8,"",0,"8",0,"8",1,"",110,"",3,"",0,"",22.8,"",.0,"8","U","",13.6,"",49,"",11.5,"",1002.8,"",1015.5,"",6,-.4,"",.0,"8",0,"8","01","0","0","","0","","","0","","","1","","",0,"8",.0,"8",.0,"8","","8",0,"8","","",.0,"8",.0,"8",.0,"8",.0,"8",.0,"8",.0,"8",.0,"8",.0,"8",.0,"8",0,"8",0,"8",0,"8","","",0,"8",0,"8"
"352190360","P£OCK","2006","06","19","18","9","",0,"8",0,"8","","","",8,"",0,"8",0,"8",3,"",120,"",1,"",0,"",21.6,"",.0,"8","U","",14.4,"",56,"",12.4,"",1002.8,"",1015.5,"",6,-.1,"",.0,"9",0,"9","03","0","0","","0","","","0","","","4","","",0,"",.0,"8",.0,"8","","8",0,"8","","",.0,"8",.0,"8",.0,"8",.0,"8",.0,"8",.0,"8",.0,"8",.0,"8",.0,"8",0,"8",0,"8",0,"8","","",0,"8",0,"8"
"352190360","P£OCK","2006","06","19","19","9","",0,"8",0,"8","","","",8,"",0,"8",0,"8",3,"",80,"",2,"",0,"",19.1,"",.0,"8","U","",15.4,"",70,"",13.5,"",1002.8,"",1015.6,"",4,.0,"",.0,"8",0,"8","03","0","1","","0","","","3","","","1","","",0,"8",.0,"8",.0,"8","","8",0,"8","","",.0,"8",.0,"8",.0,"8",.0,"8",.0,"8",.0,"8",.0,"8",.0,"8",.0,"8",0,"8",0,"8",0,"8","","",0,"8",0,"8"
"352190360","P£OCK","2006","06","19","20","9","",0,"8",0,"8","","","",7,"",0,"8",0,"8",2,"",80,"",2,"",0,"",16.5,"",.0,"8","U","",14.6,"",78,"",12.6,"",1003.1,"",1016.0,"",3,.3,"",.0,"8",0,"8","01","0","0","","0","","","0","","","1","","",0,"8",.0,"8",.0,"8","","8",0,"8","","",.0,"8",.0,"8",.0,"8",.0,"8",.0,"8",.0,"8",.0,"8",.0,"8",.0,"8",0,"8",0,"8",0,"8","","",0,"8",0,"8"
"352190360","P£OCK","2006","06","19","21","9","",0,"8",0,"8","","","",7,"",0,"8",0,"8",2,"",80,"",2,"",0,"",14.8,"",.0,"8","U","",14.1,"",84,"",12.1,"",1003.2,"",1016.2,"",3,.4,"",.0,"8",0,"8","02","0","0","","0","","","0","","","1","","",0,"8",.0,"8",.0,"8","","8",0,"8","","",.0,"8",.0,"8",.0,"8",.0,"8",.0,"8",.0,"8",.0,"8",.0,"8",.0,"8",0,"8",0,"8",0,"8","","",0,"8",0,"8"
"352190360","P£OCK","2006","06","19","22","9","",0,"8",0,"8","","","",7,"",0,"8",0,"8",1,"",80,"",2,"",0,"",14.6,"",.0,"8","U","",13.8,"",83,"",11.7,"",1003.1,"",1016.1,"",0,.3,"",.0,"8",0,"8","01","0","0","","0","","","0","","","1","","",0,"8",.0,"8",.0,"8","","8",0,"8","","",.0,"8",.0,"8",.0,"8",.0,"8",.0,"8",.0,"8",.0,"8",.0,"8",.0,"8",0,"8",0,"8",0,"8","","",0,"8",0,"8"
"352190360","P£OCK","2006","06","19","23","9","",0,"8",0,"8","","","",8,"",0,"8",0,"8",0,"",90,"",3,"",0,"",15.8,"",.0,"8","U","",13.6,"",76,"",11.6,"",1002.9,"",1015.9,"",8,-.2,"",.0,"8",0,"8","01","0","0","","0","","","0","","","0","","",0,"8",.0,"8",.0,"8","","8",0,"8","","",.0,"8",.0,"8",.0,"8",.0,"8",.0,"8",.0,"8",.0,"8",.0,"8",.0,"8",0,"8",0,"8",0,"8","","",0,"8",0,"8"
"352190360","P£OCK","2006","06","20","00","9","",0,"8",0,"8","","","",8,"",0,"8",0,"8",0,"",120,"",1,"",0,"",15.1,"",.0,"8","U","",13.2,"",77,"",11.1,"",1003.3,"",1016.3,"",3,.1,"",.0,"9",0,"9","02","0","0","","0","","","0","","","0","","",0,"",.0,"8",.0,"8","","8",0,"8","","",.0,"8",.0,"8",.0,"8",.0,"8",.0,"8",.0,"8",.0,"8",.0,"8",.0,"8",0,"8",0,"8",0,"8","","",0,"8",0,"8"
"352190360","P£OCK","2006","06","20","01","9","",0,"8",0,"8","","","",7,"",0,"8",0,"8",0,"",90,"",2,"",0,"",14.3,"",.0,"8","U","",13.3,"",82,"",11.3,"",1003.0,"",1016.0,"",7,-.1,"",.0,"8",0,"8","02","0","0","","0","","","0","","","0","","",0,"8",.0,"8",.0,"8","","8",0,"8","","",.0,"8",.0,"8",.0,"8",.0,"8",.0,"8",.0,"8",.0,"8",.0,"8",.0,"8",0,"8",0,"8",0,"8","","",0,"8",0,"8"
"352190360","P£OCK","2006","06","20","02","9","",0,"8",0,"8","","","",7,"",0,"8",0,"8",0,"",90,"",2,"",0,"",13.6,"",.0,"8","U","",12.9,"",83,"",10.8,"",1003.2,"",1016.3,"",2,.3,"",.0,"8",0,"8","02","0","0","","0","","","0","","","0","","",0,"8",.0,"8",.0,"8","","8",0,"8","","",.0,"8",.0,"8",.0,"8",.0,"8",.0,"8",.0,"8",.0,"8",.0,"8",.0,"8",0,"8",0,"8",0,"8","","",0,"8",0,"8"
"352190360","P£OCK","2006","06","20","03","9","",0,"8",0,"8","","","",7,"",0,"8",0,"8",1,"",90,"",2,"",0,"",13.9,"",.0,"8","U","",13.3,"",84,"",11.2,"",1003.3,"",1016.4,"",5,.0,"",.0,"8",0,"8","03","0","0","","0","","","0","","","1","","",0,"8",.0,"8",.0,"8","","8",0,"8","","",.0,"8",.0,"8",.0,"8",.0,"8",.0,"8",.0,"8",.0,"8",.0,"8",.0,"8",0,"8",0,"8",0,"8","","",0,"8",0,"8"
"352190360","P£OCK","2006","06","20","04","9","",0,"8",0,"8","","","",7,"",0,"8",0,"8",1,"",110,"",2,"",0,"",16.3,"",.0,"8","U","",14.6,"",79,"",12.6,"",1003.2,"",1016.2,"",0,.2,"",.0,"8",0,"8","02","0","0","","0","","","0","","","1","","",0,"8",.0,"8",.0,"8","","8",0,"8","","",.0,"8",.0,"8",.0,"8",.0,"8",.0,"8",.0,"8",.0,"8",.0,"8",.0,"8",0,"8",0,"8",0,"8","","",0,"8",0,"8"
"352190360","P£OCK","2006","06","20","05","9","",0,"8",0,"8","","","",7,"",0,"8",0,"8",2,"",130,"",2,"",0,"",18.5,"",.0,"8","U","",15.3,"",72,"",13.4,"",1003.3,"",1016.2,"",2,.1,"",.0,"8",0,"8","03","0","1","","0","","","3","","","1","","",0,"8",.0,"8",.0,"8","","8",0,"8","","",.0,"8",.0,"8",.0,"8",.0,"8",.0,"8",.0,"8",.0,"8",.0,"8",.0,"8",0,"8",0,"8",0,"8","","",0,"8",0,"8"
"352190360","P£OCK","2006","06","20","06","9","",0,"8",0,"8","","","",8,"",0,"8",0,"8",2,"",140,"",3,"",0,"",20.4,"",.0,"8","U","",15.5,"",65,"",13.6,"",1003.2,"",1016.0,"",7,-.1,"",.0,"9",0,"9","01","0","0","","0","","","0","","","1","","",0,"",.0,"8",.0,"8","","8",0,"8","","",.0,"8",.0,"8",.0,"8",.0,"8",.0,"8",.0,"8",.0,"8",.0,"8",.0,"8",0,"8",0,"8",0,"8","","",0,"8",0,"8"
"352190360","P£OCK","2006","06","20","07","9","",0,"8",0,"8","","","",8,"",0,"8",0,"8",1,"",140,"",3,"",0,"",21.8,"",.0,"8","U","",15.4,"",59,"",13.4,"",1003.3,"",1016.0,"",2,.1,"",.0,"8",0,"8","01","0","0","","0","","","0","","","1","","",0,"8",.0,"8",.0,"8","","8",0,"8","","",.0,"8",.0,"8",.0,"8",.0,"8",.0,"8",.0,"8",.0,"8",.0,"8",.0,"8",0,"8",0,"8",0,"8","","",0,"8",0,"8"
"352190360","P£OCK","2006","06","20","08","9","",0,"8",0,"8","","","",8,"",0,"8",0,"8",1,"",140,"",3,"",0,"",23.3,"",.0,"8","U","",15.1,"",53,"",13.2,"",1003.4,"",1016.1,"",3,.1,"",.0,"8",0,"8","02","0","0","","0","","","0","","","1","","",0,"8",.0,"8",.0,"8","","8",0,"8","","",.0,"8",.0,"8",.0,"8",.0,"8",.0,"8",.0,"8",.0,"8",.0,"8",.0,"8",0,"8",0,"8",0,"8","","",0,"8",0,"8"
"352190360","P£OCK","2006","06","20","09","9","",0,"8",0,"8","","","",8,"",0,"8",0,"8",1,"",130,"",3,"",0,"",24.2,"",.0,"8","U","",15.7,"",52,"",13.7,"",1003.6,"",1016.2,"",2,.4,"",.0,"8",0,"8","02","0","0","","0","","","0","","","1","","",0,"8",.0,"8",.0,"8","","8",0,"8","","",.0,"8",.0,"8",.0,"8",.0,"8",.0,"8",.0,"8",.0,"8",.0,"8",.0,"8",0,"8",0,"8",0,"8","","",0,"8",0,"8"
"352190360","P£OCK","2006","06","20","10","7","",0,"8",0,"8","","","",8,"",0,"8",0,"8",2,"",120,"",3,"",0,"",25.0,"",.0,"8","U","",14.5,"",46,"",12.6,"",1003.8,"",1016.4,"",2,.5,"",.0,"8",0,"8","03","0","1","","1","","","8","","","0","","",0,"8",.0,"8",.0,"8","","8",0,"8","","",.0,"8",.0,"8",.0,"8",.0,"8",.0,"8",.0,"8",.0,"8",.0,"8",.0,"8",0,"8",0,"8",0,"8","","",0,"8",0,"8"
"352190360","P£OCK","2006","06","20","11","9","",0,"8",0,"8","","","",8,"",0,"8",0,"8",2,"",120,"",3,"",0,"",25.9,"",.0,"8","U","",16.0,"",48,"",14.0,"",1003.6,"",1016.1,"",0,.2,"",.0,"8",0,"8","01","0","1","","0","","","3","","","1","","",0,"8",.0,"8",.0,"8","","8",0,"8","","",.0,"8",.0,"8",.0,"8",.0,"8",.0,"8",.0,"8",.0,"8",.0,"8",.0,"8",0,"8",0,"8",0,"8","","",0,"8",0,"8"
"352190360","P£OCK","2006","06","20","12","7","",0,"8",0,"8","","","",8,"",0,"8",0,"8",2,"",120,"",3,"",0,"",26.2,"",.0,"8","U","",15.9,"",47,"",14.0,"",1003.2,"",1015.7,"",8,-.4,"",.0,"9",0,"9","03","0","1","","1","","","3","","","0","","",0,"",.0,"8",.0,"8","","8",0,"8","","",.0,"8",.0,"8",.0,"8",.0,"8",.0,"8",.0,"8",.0,"8",.0,"8",.0,"8",0,"8",0,"8",0,"8","","",0,"8",0,"8"
"352190360","P£OCK","2006","06","20","13","7","",0,"8",0,"8","","","",8,"",0,"8",0,"8",2,"",90,"",4,"",0,"",26.7,"",.0,"8","U","",16.1,"",46,"",14.1,"",1002.9,"",1015.4,"",7,-.9,"",.0,"8",0,"8","02","0","1","","1","","","3","","","0","","",0,"8",.0,"8",.0,"8","","8",0,"8","","",.0,"8",.0,"8",.0,"8",.0,"8",.0,"8",.0,"8",.0,"8",.0,"8",.0,"8",0,"8",0,"8",0,"8","","",0,"8",0,"8"
"352190360","P£OCK","2006","06","20","14","7","",0,"8",0,"8","","","",8,"",0,"8",0,"8",2,"",110,"",3,"",0,"",27.1,"",.0,"8","U","",16.1,"",45,"",14.1,"",1002.6,"",1015.1,"",7,-1.0,"",.0,"8",0,"8","02","0","1","","1","","","3","","","0","","",0,"8",.0,"8",.0,"8","","8",0,"8","","",.0,"8",.0,"8",.0,"8",.0,"8",.0,"8",.0,"8",.0,"8",.0,"8",.0,"8",0,"8",0,"8",0,"8","","",0,"8",0,"8"
"352190360","P£OCK","2006","06","20","15","9","",0,"8",0,"8","","","",8,"",0,"8",0,"8",0,"",100,"",4,"",0,"",27.0,"",.0,"8","U","",16.4,"",46,"",14.4,"",1002.3,"",1014.8,"",7,-.9,"",.0,"8",0,"8","01","0","0","","0","","","0","","","0","","",0,"8",.0,"8",.0,"8","","8",0,"8","","",.0,"8",.0,"8",.0,"8",.0,"8",.0,"8",.0,"8",.0,"8",.0,"8",.0,"8",0,"8",0,"8",0,"8","","",0,"8",0,"8"
"352190360","P£OCK","2006","06","20","16","9","",0,"8",0,"8","","","",8,"",0,"8",0,"8",1,"",80,"",3,"",0,"",26.8,"",.0,"8","U","",16.5,"",47,"",14.5,"",1002.2,"",1014.7,"",6,-.7,"",.0,"8",0,"8","03","0","1","","0","","","3","","","0","","",0,"8",.0,"8",.0,"8","","8",0,"8","","",.0,"8",.0,"8",.0,"8",.0,"8",.0,"8",.0,"8",.0,"8",.0,"8",.0,"8",0,"8",0,"8",0,"8","","",0,"8",0,"8"
"352190360","P£OCK","2006","06","20","17","9","",0,"8",0,"8","","","",8,"",0,"8",0,"8",2,"",100,"",2,"",0,"",25.6,"",.0,"8","U","",18.0,"",55,"",15.9,"",1002.3,"",1014.8,"",5,-.3,"",.0,"8",0,"8","03","0","2","","0","","","7","","","0","","",0,"8",.0,"8",.0,"8","","8",0,"8","","",.0,"8",.0,"8",.0,"8",.0,"8",.0,"8",.0,"8",.0,"8",.0,"8",.0,"8",0,"8",0,"8",0,"8","","",0,"8",0,"8"
"352190360","P£OCK","2006","06","20","18","6","",0,"8",0,"8","","","",8,"",0,"8",0,"8",2,"",90,"",3,"",0,"",24.1,"",.0,"8","U","",17.1,"",57,"",15.0,"",1002.4,"",1015.0,"",3,.1,"",.0,"9",0,"9","03","0","1","","9","","","3","","","0","","",0,"",.0,"8",.0,"8","","8",0,"8","","",.0,"8",.0,"8",.0,"8",.0,"8",.0,"8",.0,"8",.0,"8",.0,"8",.0,"8",0,"8",0,"8",0,"8","","",0,"8",0,"8"
"352190360","P£OCK","2006","06","20","19","6","",0,"8",0,"8","","","",8,"",0,"8",0,"8",2,"",90,"",2,"",0,"",22.4,"",.0,"8","U","",16.8,"",62,"",14.8,"",1002.8,"",1015.5,"",3,.6,"",.0,"8",0,"8","02","0","1","","9","","","3","","","0","","",0,"8",.0,"8",.0,"8","","8",0,"8","","",.0,"8",.0,"8",.0,"8",.0,"8",.0,"8",.0,"8",.0,"8",.0,"8",.0,"8",0,"8",0,"8",0,"8","","",0,"8",0,"8"
"352190360","P£OCK","2006","06","20","20","6","",0,"8",0,"8","","","",8,"",0,"8",0,"8",2,"",100,"",2,"",0,"",20.5,"",.0,"8","U","",15.9,"",66,"",13.9,"",1002.9,"",1015.7,"",2,.6,"",.0,"8",0,"8","02","0","1","","9","","","3","","","0","","",0,"8",.0,"8",.0,"8","","8",0,"8","","",.0,"8",.0,"8",.0,"8",.0,"8",.0,"8",.0,"8",.0,"8",.0,"8",.0,"8",0,"8",0,"8",0,"8","","",0,"8",0,"8"
"352190360","P£OCK","2006","06","20","21","9","",0,"8",0,"8","","","",8,"",0,"8",0,"8",1,"",100,"",1,"",0,"",19.5,"",.0,"8","U","",15.8,"",70,"",13.9,"",1003.1,"",1015.9,"",2,.7,"",.0,"8",0,"8","01","0","1","","0","","","3","","","0","","",0,"8",.0,"8",.0,"8","","8",0,"8","","",.0,"8",.0,"8",.0,"8",.0,"8",.0,"8",.0,"8",.0,"8",.0,"8",.0,"8",0,"8",0,"8",0,"8","","",0,"8",0,"8"
"352190360","P£OCK","2006","06","20","22","9","",0,"8",0,"8","","","",7,"",0,"8",0,"8",1,"",120,"",2,"",0,"",18.9,"",.0,"8","U","",16.3,"",75,"",14.4,"",1003.1,"",1015.9,"",1,.3,"",.0,"8",0,"8","02","0","1","","0","","","3","","","0","","",0,"8",.0,"8",.0,"8","","8",0,"8","","",.0,"8",.0,"8",.0,"8",.0,"8",.0,"8",.0,"8",.0,"8",.0,"8",.0,"8",0,"8",0,"8",0,"8","","",0,"8",0,"8"
"352190360","P£OCK","2006","06","20","23","9","",0,"8",0,"8","","","",7,"",0,"8",0,"8",0,"",130,"",2,"",0,"",19.1,"",.0,"8","U","",15.9,"",72,"",13.9,"",1003.1,"",1015.9,"",1,.2,"",.0,"8",0,"8","01","0","0","","0","","","0","","","0","","",0,"8",.0,"8",.0,"8","","8",0,"8","","",.0,"8",.0,"8",.0,"8",.0,"8",.0,"8",.0,"8",.0,"8",.0,"8",.0,"8",0,"8",0,"8",0,"8","","",0,"8",0,"8"
"352190360","P£OCK","2006","06","21","00","9","",0,"8",0,"8","","","",7,"",0,"8",0,"8",0,"",120,"",2,"",0,"",18.2,"",.0,"8","U","",15.4,"",74,"",13.5,"",1002.7,"",1015.6,"",8,-.4,"",.0,"9",0,"9","02","0","0","","0","","","0","","","0","","",0,"",.0,"8",.0,"8","","8",0,"8","","",.0,"8",.0,"8",.0,"8",.0,"8",.0,"8",.0,"8",.0,"8",.0,"8",.0,"8",0,"8",0,"8",0,"8","","",0,"8",0,"8"
"352190360","P£OCK","2006","06","21","01","9","",0,"8",0,"8","","","",7,"",0,"8",0,"8",0,"",100,"",2,"",0,"",17.2,"",.0,"8","U","",15.3,"",78,"",13.3,"",1002.5,"",1015.4,"",8,-.6,"",.0,"8",0,"8","02","0","0","","0","","","0","","","0","","",0,"8",.0,"8",.0,"8","","8",0,"8","","",.0,"8",.0,"8",.0,"8",.0,"8",.0,"8",.0,"8",.0,"8",.0,"8",.0,"8",0,"8",0,"8",0,"8","","",0,"8",0,"8"
"352190360","P£OCK","2006","06","21","02","9","",0,"8",0,"8","","","",7,"",0,"8",0,"8",1,"",110,"",2,"",0,"",17.6,"",.0,"8","U","",15.1,"",75,"",13.1,"",1002.2,"",1015.1,"",7,-.9,"",.0,"8",0,"8","03","0","0","","0","","","0","","","1","","",0,"8",.0,"8",.0,"8","","8",0,"8","","",.0,"8",.0,"8",.0,"8",.0,"8",.0,"8",.0,"8",.0,"8",.0,"8",.0,"8",0,"8",0,"8",0,"8","","",0,"8",0,"8"
"352190360","P£OCK","2006","06","21","03","9","",0,"8",0,"8","","","",7,"",0,"8",0,"8",4,"",120,"",2,"",0,"",17.4,"",.0,"8","U","",15.1,"",76,"",13.1,"",1002.5,"",1015.4,"",5,-.2,"",.0,"8",0,"8","03","0","0","","0","","","0","","","6","","",0,"8",.0,"8",.0,"8","","8",0,"8","","",.0,"8",.0,"8",.0,"8",.0,"8",.0,"8",.0,"8",.0,"8",.0,"8",.0,"8",0,"8",0,"8",0,"8","","",0,"8",0,"8"
"352190360","P£OCK","2006","06","21","04","9","",0,"8",0,"8","","","",7,"",0,"8",0,"8",5,"",120,"",3,"",0,"",17.1,"",.0,"8","U","",15.4,"",79,"",13.4,"",1002.5,"",1015.4,"",4,.0,"",.0,"8",0,"8","03","1","0","","0","","","0","","","6","","",0,"8",.0,"8",.0,"8","","8",0,"8","","",.0,"8",.0,"8",.0,"8",.0,"8",.0,"8",.0,"8",.0,"8",.0,"8",.0,"8",0,"8",0,"8",0,"8","","",0,"8",0,"8"
"352190360","P£OCK","2006","06","21","05","9","",0,"8",0,"8","","","",7,"",0,"8",0,"8",5,"",120,"",3,"",0,"",19.2,"",.0,"8","U","",17.1,"",77,"",15.1,"",1002.3,"",1015.1,"",0,.1,"",.0,"8",0,"8","02","2","0","","0","","","0","","","8","","",0,"8",.0,"8",.0,"8","","8",0,"8","","",.0,"8",.0,"8",.0,"8",.0,"8",.0,"8",.0,"8",.0,"8",.0,"8",.0,"8",0,"8",0,"8",0,"8","","",0,"8",0,"8"
"352190360","P£OCK","2006","06","21","06","9","",0,"8",0,"8","","","",7,"",0,"8",0,"8",5,"",130,"",3,"",0,"",21.3,"",.0,"8","U","",18.2,"",72,"",16.0,"",1002.2,"",1014.9,"",8,-.3,"",.0,"9",0,"9","02","1","0","","0","","","0","","","8","","",0,"",.0,"8",.0,"8","","8",0,"8","","",.0,"8",.0,"8",.0,"8",.0,"8",.0,"8",.0,"8",.0,"8",.0,"8",.0,"8",0,"8",0,"8",0,"8","","",0,"8",0,"8"
"352190360","P£OCK","2006","06","21","07","9","",0,"8",0,"8","","","",7,"",0,"8",0,"8",5,"",150,"",3,"",0,"",23.1,"",.0,"8","U","",19.5,"",69,"",17.1,"",1002.2,"",1014.8,"",6,-.3,"",.0,"8",0,"8","03","2","1","","0","","","3","","","8","","",0,"8",.0,"8",.0,"8","","8",0,"8","","",.0,"8",.0,"8",.0,"8",.0,"8",.0,"8",.0,"8",.0,"8",.0,"8",.0,"8",0,"8",0,"8",0,"8","","",0,"8",0,"8"
"352190360","P£OCK","2006","06","21","08","9","",0,"8",0,"8","","","",7,"",0,"8",0,"8",4,"",140,"",3,"",0,"",25.3,"",.0,"8","U","",21.2,"",66,"",18.5,"",1002.3,"",1014.9,"",5,.0,"",.0,"8",0,"8","01","1","1","","0","","","3","","","8","","",0,"8",.0,"8",.0,"8","","8",0,"8","","",.0,"8",.0,"8",.0,"8",.0,"8",.0,"8",.0,"8",.0,"8",.0,"8",.0,"8",0,"8",0,"8",0,"8","","",0,"8",0,"8"
"352190360","P£OCK","2006","06","21","09","9","",0,"8",0,"8","","","",7,"",0,"8",0,"8",2,"",140,"",3,"",0,"",26.7,"",.0,"8","U","",22.0,"",63,"",19.1,"",1002.1,"",1014.6,"",8,-.1,"",.0,"8",0,"8","01","1","1","","0","","","3","","","1","","",0,"8",.0,"8",.0,"8","","8",0,"8","","",.0,"8",.0,"8",.0,"8",.0,"8",.0,"8",.0,"8",.0,"8",.0,"8",.0,"8",0,"8",0,"8",0,"8","","",0,"8",0,"8"
"352190360","P£OCK","2006","06","21","10","6","",0,"8",0,"8","","","",7,"",0,"8",0,"8",3,"",140,"",5,"",0,"",27.5,"",.0,"8","U","",20.5,"",56,"",17.9,"",1001.5,"",1014.0,"",8,-.7,"",.0,"8",0,"8","03","0","2","","2","","","3","","","1","","",0,"8",.0,"8",.0,"8","","8",0,"8","","",.0,"8",.0,"8",.0,"8",.0,"8",.0,"8",.0,"8",.0,"8",.0,"8",.0,"8",0,"8",0,"8",0,"8","","",0,"8",0,"8"
"352190360","P£OCK","2006","06","21","11","6","",0,"8",0,"8","","","",8,"",0,"8",0,"8",4,"",150,"",3,"",0,"",28.6,"",.0,"8","U","",21.1,"",54,"",18.4,"",1001.2,"",1013.6,"",7,-1.1,"",.0,"8",0,"8","03","0","3","","2","","","0","","","1","","",0,"8",.0,"8",.0,"8","","8",0,"8","","",.0,"8",.0,"8",.0,"8",.0,"8",.0,"8",.0,"8",.0,"8",.0,"8",.0,"8",0,"8",0,"8",0,"8","","",0,"8",0,"8"
"352190360","P£OCK","2006","06","21","12","6","",0,"8",0,"8","","","",8,"",0,"8",0,"8",4,"",130,"",5,"",0,"",28.7,"",.0,"8","U","",20.0,"",51,"",17.6,"",1000.8,"",1013.2,"",7,-1.3,"",.0,"9",0,"9","02","1","3","","2","","","0","","","1","","",0,"",.0,"8",.0,"8","","8",0,"8","","",.0,"8",.0,"8",.0,"8",.0,"8",.0,"8",.0,"8",.0,"8",.0,"8",.0,"8",0,"8",0,"8",0,"8","","",0,"8",0,"8"
"352190360","P£OCK","2006","06","21","13","6","",0,"8",0,"8","","","",8,"",0,"8",0,"8",5,"",140,"",4,"",0,"",28.7,"",.0,"8","U","",18.9,"",48,"",16.6,"",1000.3,"",1012.7,"",8,-1.2,"",.0,"8",0,"8","03","1","3","","3","","","3","","","6","","",0,"8",.0,"8",.0,"8","","8",0,"8","","",.0,"8",.0,"8",.0,"8",.0,"8",.0,"8",.0,"8",.0,"8",.0,"8",.0,"8",0,"8",0,"8",0,"8","","",0,"8",0,"8"
"352190360","P£OCK","2006","06","21","14","6","",0,"8",0,"8","","","",8,"",0,"8",0,"8",6,"",140,"",4,"",0,"",29.1,"",.0,"8","U","",19.3,"",48,"",17.0,"",999.4,"",1011.8,"",8,-1.8,"",.0,"8",0,"8","01","2","2","","2","","","3","","","6","","",0,"8",.0,"8",.0,"8","","8",0,"8","","",.0,"8",.0,"8",.0,"8",.0,"8",.0,"8",.0,"8",.0,"8",.0,"8",.0,"8",0,"8",0,"8",0,"8","","",0,"8",0,"8"
"352190360","P£OCK","2006","06","21","15","6","",0,"8",0,"8","","","",8,"",0,"8",0,"8",8,"",140,"",4,"",0,"",29.1,"",.0,"8","U","",19.3,"",48,"",17.0,"",998.9,"",1011.3,"",7,-1.9,"",.0,"8",0,"8","01","1","1","","2","","","3","","","7","","",0,"8",.0,"8",.0,"8","","8",0,"8","","",.0,"8",.0,"8",.0,"8",.0,"8",.0,"8",.0,"8",.0,"8",.0,"8",.0,"8",0,"8",0,"8",0,"8","","",0,"8",0,"8"
"352190360","P£OCK","2006","06","21","16","6","",0,"8",0,"8","","","",8,"",0,"8",0,"8",8,"",150,"",3,"",0,"",28.8,"",.0,"8","U","",19.8,"",50,"",17.3,"",998.8,"",1011.2,"",6,-1.5,"",.0,"8",0,"8","03","2","1","","9","","","3","","","7","","",0,"8",.0,"8",.0,"8","","8",0,"8","","",.0,"8",.0,"8",.0,"8",.0,"8",.0,"8",.0,"8",.0,"8",.0,"8",.0,"8",0,"8",0,"8",0,"8","","",0,"8",0,"8"
"352190360","P£OCK","2006","06","21","17","6","",0,"8",0,"8","","","",8,"",0,"8",0,"8",8,"",140,"",2,"",0,"",27.0,"",.0,"8","U","",19.6,"",55,"",17.2,"",998.4,"",1010.8,"",7,-1.0,"",.0,"8",0,"8","03","2","3","","9","","","3","","","7","","",0,"8",.0,"8",.0,"8","","8",0,"8","","",.0,"8",.0,"8",.0,"8",.0,"8",.0,"8",.0,"8",.0,"8",.0,"8",.0,"8",0,"8",0,"8",0,"8","","",0,"8",0,"8"
"352190360","P£OCK","2006","06","21","18","5","",0,"8",0,"8","","","",6,"",0,"8",0,"8",8,"",310,"",3,"",10,"",19.1,"",.0,"8","U","",18.3,"",83,"",16.1,"",1000.5,"",1013.3,"",3,1.6,"",.4,"",6,"","95","1","8","","9","","","/","","","/","","",1,"",.0,"8",.0,"8","","8",0,"8","","",.0,"8",.0,"8",.0,"8",.0,"8",.0,"8",.0,"8",.0,"8",.0,"8",.0,"8",0,"8",0,"8",0,"8","","",0,"8",0,"8"
"352190360","P£OCK","2006","06","21","19","6","",0,"8",0,"8","","","",7,"",0,"8",0,"8",7,"",30,"",2,"",0,"",18.8,"",.0,"8","U","",19.3,"",89,"",16.9,"",999.7,"",1012.5,"",0,.9,"",.0,"8",0,"8","91","9","3","","9","","","3","","","/","","",0,"8",.0,"8",.0,"8","","8",0,"8","","",.0,"8",.0,"8",.0,"8",.0,"8",.0,"8",.0,"8",.0,"8",.0,"8",.0,"8",0,"8",0,"8",0,"8","","",0,"8",0,"8"
"352190360","P£OCK","2006","06","21","20","6","",0,"8",0,"8","","","",7,"",0,"8",0,"8",7,"",140,"",3,"",0,"",19.0,"",.0,"8","U","",19.7,"",90,"",17.3,"",1000.3,"",1013.1,"",2,1.9,"",.0,"8",0,"8","80","2","5","","9","","","3","","","/","","",0,"8",.0,"8",.0,"8","","8",0,"8","","",.0,"8",.0,"8",.0,"8",.0,"8",.0,"8",.0,"8",.0,"8",.0,"8",.0,"8",0,"8",0,"8",0,"8","","",0,"8",0,"8"
"352190360","P£OCK","2006","06","21","21","5","",0,"8",0,"8","","","",7,"",0,"8",0,"8",8,"",130,"",4,"",0,"",18.7,"",.0,"8","U","",19.6,"",91,"",17.2,"",1000.9,"",1013.7,"",3,.4,"",.0,"8",0,"8","80","9","8","","9","","","/","","","/","","",0,"8",.0,"8",.0,"8","","8",0,"8","","",.0,"8",.0,"8",.0,"8",.0,"8",.0,"8",.0,"8",.0,"8",.0,"8",.0,"8",0,"8",0,"8",0,"8","","",0,"8",0,"8"
"352190360","P£OCK","2006","06","21","22","5","",0,"8",0,"8","","","",7,"",0,"8",0,"8",8,"",160,"",3,"",0,"",19.1,"",.0,"8","U","",20.1,"",91,"",17.6,"",1001.7,"",1014.5,"",3,2.0,"",.0,"8",0,"8","25","8","6","","9","","","3","","","/","","",0,"8",.0,"8",.0,"8","","8",0,"8","","",.0,"8",.0,"8",.0,"8",.0,"8",.0,"8",.0,"8",.0,"8",.0,"8",.0,"8",0,"8",0,"8",0,"8","","",0,"8",0,"8"
"352190360","P£OCK","2006","06","21","23","9","",0,"8",0,"8","","","",6,"",0,"8",0,"8",7,"",140,"",2,"",0,"",18.8,"",.0,"8","U","",19.7,"",91,"",17.3,"",1001.1,"",1013.9,"",0,.8,"",.0,"8",0,"8","10","2","7","","0","","","3","","","/","","",0,"8",.0,"8",.0,"8","","8",0,"8","","",.0,"8",.0,"8",.0,"8",.0,"8",.0,"8",.0,"8",.0,"8",.0,"8",.0,"8",0,"8",0,"8",0,"8","","",0,"8",0,"8"
"352190360","P£OCK","2006","06","22","00","9","",0,"8",0,"8","","","",7,"",0,"8",0,"8",7,"",130,"",3,"",0,"",18.3,"",.0,"8","U","",18.9,"",90,"",16.6,"",1000.3,"",1013.1,"",8,-.6,"",2.7,"",6,"","01","9","5","","0","","","3","","","1","","",1,"",.0,"8",.0,"8","","8",0,"8","","",.0,"8",.0,"8",.0,"8",.0,"8",.0,"8",.0,"8",.0,"8",.0,"8",.0,"8",0,"8",0,"8",0,"8","","",0,"8",0,"8"
"352190360","P£OCK","2006","06","22","01","9","",0,"8",0,"8","","","",7,"",0,"8",0,"8",7,"",120,"",4,"",0,"",18.4,"",.0,"8","U","",18.2,"",86,"",16.0,"",999.2,"",1012.0,"",8,-2.5,"",.0,"8",0,"8","02","2","5","","0","","","3","","","1","","",0,"8",.0,"8",.0,"8","","8",0,"8","","",.0,"8",.0,"8",.0,"8",.0,"8",.0,"8",.0,"8",.0,"8",.0,"8",.0,"8",0,"8",0,"8",0,"8","","",0,"8",0,"8"
"352190360","P£OCK","2006","06","22","02","9","",0,"8",0,"8","","","",8,"",0,"8",0,"8",6,"",150,"",2,"",0,"",18.6,"",.0,"8","U","",17.7,"",83,"",15.7,"",999.2,"",1012.0,"",6,-1.9,"",.0,"8",0,"8","01","2","5","","0","","","3","","","1","","",0,"8",.0,"8",.0,"8","","8",0,"8","","",.0,"8",.0,"8",.0,"8",.0,"8",.0,"8",.0,"8",.0,"8",.0,"8",.0,"8",0,"8",0,"8",0,"8","","",0,"8",0,"8"
"352190360","P£OCK","2006","06","22","03","9","",0,"8",0,"8","","","",8,"",0,"8",0,"8",7,"",100,"",1,"",0,"",18.2,"",.0,"8","U","",17.9,"",86,"",15.8,"",999.4,"",1012.2,"",5,-.9,"",.0,"8",0,"8","03","2","6","","0","","","5","","","1","","",0,"8",.0,"8",.0,"8","","8",0,"8","","",.0,"8",.0,"8",.0,"8",.0,"8",.0,"8",.0,"8",.0,"8",.0,"8",.0,"8",0,"8",0,"8",0,"8","","",0,"8",0,"8"
"352190360","P£OCK","2006","06","22","04","6","",0,"8",0,"8","","","",7,"",0,"8",0,"8",7,"",110,"",2,"",0,"",18.4,"",.0,"8","U","",18.4,"",87,"",16.2,"",999.1,"",1011.9,"",8,-.1,"",.0,"8",0,"8","03","2","2","","3","","","3","","","1","","",0,"8",.0,"8",.0,"8","","8",0,"8","","",.0,"8",.0,"8",.0,"8",.0,"8",.0,"8",.0,"8",.0,"8",.0,"8",.0,"8",0,"8",0,"8",0,"8","","",0,"8",0,"8"
"352190360","P£OCK","2006","06","22","05","6","",0,"8",0,"8","","","",7,"",0,"8",0,"8",7,"",170,"",4,"",0,"",19.6,"",.0,"8","U","",18.4,"",81,"",16.2,"",999.7,"",1012.5,"",2,.5,"",.0,"8",0,"8","95","2","7","","9","","","/","","","/","","",0,"8",.0,"8",.0,"8","","8",0,"8","","",.0,"8",.0,"8",.0,"8",.0,"8",.0,"8",.0,"8",.0,"8",.0,"8",.0,"8",0,"8",0,"8",0,"8","","",0,"8",0,"8"
"352190360","P£OCK","2006","06","22","06","5","",0,"8",0,"8","","","",6,"",0,"8",0,"8",8,"",130,"",3,"",0,"",19.0,"",.0,"8","U","",18.2,"",83,"",16.0,"",999.6,"",1012.4,"",0,.2,"",12.2,"",6,"","95","2","8","","9","","","/","","","/","","",2,"",.0,"8",.0,"8","","8",0,"8","","",.0,"8",.0,"8",.0,"8",.0,"8",.0,"8",.0,"8",.0,"8",.0,"8",.0,"8",0,"8",0,"8",0,"8","","",0,"8",0,"8"
"352190360","P£OCK","2006","06","22","07","6","",0,"8",0,"8","","","",8,"",0,"8",0,"8",8,"",120,"",2,"",0,"",21.6,"",.0,"8","U","",20.8,"",81,"",18.2,"",999.9,"",1012.6,"",2,.8,"",.0,"8",0,"8","29","8","2","","9","","","3","","","7","","",0,"8",.0,"8",.0,"8","","8",0,"8","","",.0,"8",.0,"8",.0,"8",.0,"8",.0,"8",.0,"8",.0,"8",.0,"8",.0,"8",0,"8",0,"8",0,"8","","",0,"8",0,"8"
"352190360","P£OCK","2006","06","22","08","7","",0,"8",0,"8","","","",8,"",0,"8",0,"8",7,"",130,"",5,"",0,"",22.4,"",.0,"8","U","",20.0,"",74,"",17.5,"",999.6,"",1012.2,"",7,-.1,"",.0,"8",0,"8","01","2","2","","2","","","3","","","8","","",0,"8",.0,"8",.0,"8","","8",0,"8","","",.0,"8",.0,"8",.0,"8",.0,"8",.0,"8",.0,"8",.0,"8",.0,"8",.0,"8",0,"8",0,"8",0,"8","","",0,"8",0,"8"
"352190360","P£OCK","2006","06","22","09","7","",0,"8",0,"8","","","",8,"",0,"8",0,"8",7,"",140,"",3,"",0,"",22.4,"",.0,"8","U","",20.3,"",75,"",17.7,"",999.4,"",1012.0,"",8,-.2,"",.0,"8",0,"8","01","9","1","","5","","","5","","","/","","",0,"8",.0,"8",.0,"8","","8",0,"8","","",.0,"8",.0,"8",.0,"8",.0,"8",.0,"8",.0,"8",.0,"8",.0,"8",.0,"8",0,"8",0,"8",0,"8","","",0,"8",0,"8"
"352190360","P£OCK","2006","06","22","10","5","",0,"8",0,"8","","","",8,"",0,"8",0,"8",7,"",150,"",4,"",0,"",24.3,"",.0,"8","U","",22.1,"",73,"",19.1,"",999.1,"",1011.7,"",7,-.8,"",.0,"8",0,"8","03","2","1","","1","","","3","","","8","","",0,"8",.0,"8",.0,"8","","8",0,"8","","",.0,"8",.0,"8",.0,"8",.0,"8",.0,"8",.0,"8",.0,"8",.0,"8",.0,"8",0,"8",0,"8",0,"8","","",0,"8",0,"8"
"352190360","P£OCK","2006","06","22","11","6","",0,"8",0,"8","","","",8,"",0,"8",0,"8",8,"",130,"",4,"",0,"",25.3,"",.0,"8","U","",22.8,"",71,"",19.7,"",999.0,"",1011.5,"",7,-.6,"",.0,"8",0,"8","03","2","3","","2","","","3","","","7","","",0,"8",.0,"8",.0,"8","","8",0,"8","","",.0,"8",.0,"8",.0,"8",.0,"8",.0,"8",.0,"8",.0,"8",.0,"8",.0,"8",0,"8",0,"8",0,"8","","",0,"8",0,"8"
"352190360","P£OCK","2006","06","22","12","6","",0,"8",0,"8","","","",8,"",0,"8",0,"8",8,"",180,"",3,"",0,"",24.5,"",.0,"8","U","",19.6,"",64,"",17.2,"",999.0,"",1011.5,"",6,-.4,"",.1,"",6,"","80","9","3","","9","","","3","","","7","","",2,"",.0,"8",.0,"8","","8",0,"8","","",.0,"8",.0,"8",.0,"8",.0,"8",.0,"8",.0,"8",.0,"8",.0,"8",.0,"8",0,"8",0,"8",0,"8","","",0,"8",0,"8"
"352190360","P£OCK","2006","06","22","13","6","",0,"8",0,"8","","","",8,"",0,"8",0,"8",7,"",140,"",3,"",0,"",23.1,"",.0,"8","U","",19.7,"",70,"",17.3,"",998.9,"",1011.5,"",7,-.2,"",.0,"8",0,"8","25","2","5","","9","","","3","","","/","","",0,"8",.0,"8",.0,"8","","8",0,"8","","",.0,"8",.0,"8",.0,"8",.0,"8",.0,"8",.0,"8",.0,"8",.0,"8",.0,"8",0,"8",0,"8",0,"8","","",0,"8",0,"8"
"352190360","P£OCK","2006","06","22","14","6","",0,"8",0,"8","","","",8,"",0,"8",0,"8",7,"",120,"",4,"",0,"",23.4,"",.0,"8","U","",20.1,"",70,"",17.6,"",998.7,"",1011.3,"",8,-.3,"",.0,"8",0,"8","25","2","5","","9","","","3","","","/","","",0,"8",.0,"8",.0,"8","","8",0,"8","","",.0,"8",.0,"8",.0,"8",.0,"8",.0,"8",.0,"8",.0,"8",.0,"8",.0,"8",0,"8",0,"8",0,"8","","",0,"8",0,"8"
"352190360","P£OCK","2006","06","22","15","6","",0,"8",0,"8","","","",8,"",0,"8",0,"8",7,"",130,"",3,"",0,"",22.4,"",.0,"8","U","",19.5,"",72,"",17.1,"",998.4,"",1011.0,"",8,-.6,"",.0,"8",0,"8","25","2","3","","9","","","3","","","/","","",0,"8",.0,"8",.0,"8","","8",0,"8","","",.0,"8",.0,"8",.0,"8",.0,"8",.0,"8",.0,"8",.0,"8",.0,"8",.0,"8",0,"8",0,"8",0,"8","","",0,"8",0,"8"
"352190360","P£OCK","2006","06","22","16","6","",0,"8",0,"8","","","",8,"",0,"8",0,"8",7,"",170,"",2,"",0,"",22.9,"",.0,"8","U","",20.6,"",74,"",18.0,"",998.2,"",1010.8,"",7,-.7,"",.0,"8",0,"8","01","2","1","","9","","","5","","","/","","",0,"8",.0,"8",.0,"8","","8",0,"8","","",.0,"8",.0,"8",.0,"8",.0,"8",.0,"8",.0,"8",.0,"8",.0,"8",.0,"8",0,"8",0,"8",0,"8","","",0,"8",0,"8"
"352190360","P£OCK","2006","06","22","17","9","",0,"8",0,"8","","","",8,"",0,"8",0,"8",4,"",310,"",2,"",0,"",24.3,"",.0,"8","U","",16.7,"",55,"",14.7,"",998.0,"",1010.5,"",7,-.7,"",.0,"8",0,"8","01","1","3","","0","","","3","","","1","","",0,"8",.0,"8",.0,"8","","8",0,"8","","",.0,"8",.0,"8",.0,"8",.0,"8",.0,"8",.0,"8",.0,"8",.0,"8",.0,"8",0,"8",0,"8",0,"8","","",0,"8",0,"8"
"352190360","P£OCK","2006","06","22","18","9","",0,"8",0,"8","","","",8,"",0,"8",0,"8",3,"",200,"",1,"",0,"",23.8,"",.0,"8","U","",17.1,"",58,"",15.0,"",998.0,"",1010.6,"",6,-.4,"",.0,"",6,"","01","8","2","","0","","","3","","","1","","",1,"",.0,"8",.0,"8","","8",0,"8","","",.0,"8",.0,"8",.0,"8",.0,"8",.0,"8",.0,"8",.0,"8",.0,"8",.0,"8",0,"8",0,"8",0,"8","","",0,"8",0,"8"
"352190360","P£OCK","2006","06","22","19","9","",0,"8",0,"8","","","",8,"",0,"8",0,"8",3,"",120,"",2,"",0,"",21.5,"",.0,"8","U","",17.9,"",70,"",15.8,"",998.5,"",1011.2,"",3,.3,"",.0,"8",0,"8","02","0","2","","0","","","3","","","1","","",0,"8",.0,"8",.0,"8","","8",0,"8","","",.0,"8",.0,"8",.0,"8",.0,"8",.0,"8",.0,"8",.0,"8",.0,"8",.0,"8",0,"8",0,"8",0,"8","","",0,"8",0,"8"
"352190360","P£OCK","2006","06","22","20","9","",0,"8",0,"8","","","",7,"",0,"8",0,"8",3,"",140,"",2,"",0,"",18.8,"",.0,"8","U","",18.0,"",83,"",15.8,"",998.9,"",1011.7,"",3,.9,"",.0,"8",0,"8","02","0","2","","0","","","3","","","1","","",0,"8",.0,"8",.0,"8","","8",0,"8","","",.0,"8",.0,"8",.0,"8",.0,"8",.0,"8",.0,"8",.0,"8",.0,"8",.0,"8",0,"8",0,"8",0,"8","","",0,"8",0,"8"
"352190360","P£OCK","2006","06","22","21","9","",0,"8",0,"8","","","",7,"",0,"8",0,"8",2,"",140,"",1,"",0,"",17.6,"",.0,"8","U","",17.3,"",86,"",15.2,"",998.8,"",1011.6,"",0,.8,"",.0,"8",0,"8","01","0","0","","0","","","0","","","1","","",0,"8",.0,"8",.0,"8","","8",0,"8","","",.0,"8",.0,"8",.0,"8",.0,"8",.0,"8",.0,"8",.0,"8",.0,"8",.0,"8",0,"8",0,"8",0,"8","","",0,"8",0,"8"
"352190360","P£OCK","2006","06","22","22","9","",0,"8",0,"8","","","",6,"",0,"8",0,"8",1,"",90,"",1,"",0,"",17.1,"",.0,"8","U","",17.3,"",89,"",15.3,"",998.8,"",1011.7,"",1,.3,"",.0,"8",0,"8","10","0","0","","0","","","0","","","1","","",0,"8",.0,"8",.0,"8","","8",0,"8","","",.0,"8",.0,"8",.0,"8",.0,"8",.0,"8",.0,"8",.0,"8",.0,"8",.0,"8",0,"8",0,"8",0,"8","","",0,"8",0,"8"
"352190360","P£OCK","2006","06","22","23","9","",0,"8",0,"8","","","",6,"",0,"8",0,"8",4,"",150,"",1,"",0,"",17.0,"",.0,"8","U","",17.4,"",90,"",15.3,"",998.8,"",1011.7,"",6,-.1,"",.0,"8",0,"8","10","0","3","","0","","","3","","","1","","",0,"8",.0,"8",.0,"8","","8",0,"8","","",.0,"8",.0,"8",.0,"8",.0,"8",.0,"8",.0,"8",.0,"8",.0,"8",.0,"8",0,"8",0,"8",0,"8","","",0,"8",0,"8"
"352190360","P£OCK","2006","06","23","00","7","",0,"8",0,"8","","","",7,"",0,"8",0,"8",7,"",250,"",3,"",0,"",19.4,"",.0,"8","U","",17.3,"",77,"",15.3,"",998.9,"",1011.7,"",3,.1,"",.0,"9",0,"9","03","1","7","","5","","","/","","","/","","",1,"",.0,"8",.0,"8","","8",0,"8","","",.0,"8",.0,"8",.0,"8",.0,"8",.0,"8",.0,"8",.0,"8",.0,"8",.0,"8",0,"8",0,"8",0,"8","","",0,"8",0,"8"
"352190360","P£OCK","2006","06","23","01","7","",0,"8",0,"8","","","",8,"",0,"8",0,"8",8,"",290,"",3,"",0,"",19.8,"",.0,"8","U","",16.6,"",72,"",14.6,"",999.1,"",1011.9,"",3,.3,"",.0,"8",0,"8","03","2","8","","5","","","/","","","/","","",0,"8",.0,"8",.0,"8","","8",0,"8","","",.0,"8",.0,"8",.0,"8",.0,"8",.0,"8",.0,"8",.0,"8",.0,"8",.0,"8",0,"8",0,"8",0,"8","","",0,"8",0,"8"
"352190360","P£OCK","2006","06","23","02","7","",0,"8",0,"8","","","",8,"",0,"8",0,"8",8,"",230,"",2,"",0,"",19.4,"",.0,"8","U","",16.6,"",74,"",14.6,"",999.7,"",1012.5,"",3,.9,"",.0,"8",0,"8","01","2","6","","5","","","3","","","/","","",0,"8",.0,"8",.0,"8","","8",0,"8","","",.0,"8",.0,"8",.0,"8",.0,"8",.0,"8",.0,"8",.0,"8",.0,"8",.0,"8",0,"8",0,"8",0,"8","","",0,"8",0,"8"
"352190360","P£OCK","2006","06","23","03","7","",0,"8",0,"8","","","",7,"",0,"8",0,"8",8,"",280,"",3,"",0,"",19.2,"",.0,"8","U","",17.3,"",78,"",15.3,"",1000.1,"",1012.9,"",2,1.2,"",.0,"8",0,"8","02","2","6","","5","","","3","","","/","","",0,"8",.0,"8",.0,"8","","8",0,"8","","",.0,"8",.0,"8",.0,"8",.0,"8",.0,"8",.0,"8",.0,"8",.0,"8",.0,"8",0,"8",0,"8",0,"8","","",0,"8",0,"8"
"352190360","P£OCK","2006","06","23","04","7","",0,"8",0,"8","","","",6,"",0,"8",0,"8",8,"",330,"",3,"",0,"",18.4,"",.0,"8","U","",18.6,"",88,"",16.4,"",1000.6,"",1013.4,"",2,1.5,"",.0,"8",0,"8","25","2","6","","5","","","3","","","/","","",0,"8",.0,"8",.0,"8","","8",0,"8","","",.0,"8",.0,"8",.0,"8",.0,"8",.0,"8",.0,"8",.0,"8",.0,"8",.0,"8",0,"8",0,"8",0,"8","","",0,"8",0,"8"
"352190360","P£OCK","2006","06","23","05","2","",0,"8",0,"8","","","",6,"",0,"8",0,"8",8,"",320,"",3,"",0,"",18.4,"",.0,"8","U","",19.0,"",90,"",16.7,"",1001.5,"",1014.3,"",3,1.8,"",.0,"8",0,"8","10","2","8","","5","","","/","","","/","","",0,"8",.0,"8",.0,"8","","8",0,"8","","",.0,"8",.0,"8",.0,"8",.0,"8",.0,"8",.0,"8",.0,"8",.0,"8",.0,"8",0,"8",0,"8",0,"8","","",0,"8",0,"8"
"352190360","P£OCK","2006","06","23","06","2","",0,"8",0,"8","","","",6,"",0,"8",0,"8",8,"",330,"",4,"",0,"",17.5,"",.0,"8","U","",18.0,"",90,"",15.8,"",1002.4,"",1015.3,"",3,2.3,"",.0,"",6,"","10","8","7","","6","","","/","","","/","","",1,"",.0,"8",.0,"8","","8",0,"8","","",.0,"8",.0,"8",.0,"8",.0,"8",.0,"8",.0,"8",.0,"8",.0,"8",.0,"8",0,"8",0,"8",0,"8","","",0,"8",0,"8"
"352190360","P£OCK","2006","06","23","07","4","",0,"8",0,"8","","","",8,"",0,"8",0,"8",7,"",350,"",4,"",0,"",17.7,"",.0,"8","U","",14.8,"",73,"",12.8,"",1003.0,"",1015.9,"",1,2.4,"",.0,"8",0,"8","01","2","5","","5","","","3","","","/","","",0,"8",.0,"8",.0,"8","","8",0,"8","","",.0,"8",.0,"8",.0,"8",.0,"8",.0,"8",.0,"8",.0,"8",.0,"8",.0,"8",0,"8",0,"8",0,"8","","",0,"8",0,"8"
"352190360","P£OCK","2006","06","23","08","5","",0,"8",0,"8","","","",8,"",0,"8",0,"8",7,"",350,"",4,"",0,"",18.4,"",.0,"8","U","",15.6,"",74,"",13.7,"",1003.7,"",1016.6,"",2,2.2,"",.0,"8",0,"8","02","2","5","","5","","","3","","","/","","",0,"8",.0,"8",.0,"8","","8",0,"8","","",.0,"8",.0,"8",.0,"8",.0,"8",.0,"8",.0,"8",.0,"8",.0,"8",.0,"8",0,"8",0,"8",0,"8","","",0,"8",0,"8"
"352190360","P£OCK","2006","06","23","09","5","",0,"8",0,"8","","","",8,"",0,"8",0,"8",8,"",330,"",3,"",0,"",18.5,"",.0,"8","U","",15.7,"",74,"",13.8,"",1004.1,"",1017.0,"",2,1.7,"",.0,"8",0,"8","03","2","5","","2","","","3","","","/","","",0,"8",.0,"8",.0,"8","","8",0,"8","","",.0,"8",.0,"8",.0,"8",.0,"8",.0,"8",.0,"8",.0,"8",.0,"8",.0,"8",0,"8",0,"8",0,"8","","",0,"8",0,"8"
"352190360","P£OCK","2006","06","23","10","5","",0,"8",0,"8","","","",8,"",0,"8",0,"8",7,"",10,"",3,"",0,"",19.6,"",.0,"8","U","",17.3,"",76,"",15.3,"",1004.4,"",1017.2,"",1,1.4,"",.0,"8",0,"8","01","2","3","","2","","","3","","","1","","",0,"8",.0,"8",.0,"8","","8",0,"8","","",.0,"8",.0,"8",.0,"8",.0,"8",.0,"8",.0,"8",.0,"8",.0,"8",.0,"8",0,"8",0,"8",0,"8","","",0,"8",0,"8"
"352190360","P£OCK","2006","06","23","11","5","",0,"8",0,"8","","","",8,"",0,"8",0,"8",5,"",350,"",3,"",0,"",20.3,"",.0,"8","U","",16.9,"",71,"",14.9,"",1004.3,"",1017.1,"",0,.6,"",.0,"8",0,"8","03","2","3","","3","","","3","","","1","","",0,"8",.0,"8",.0,"8","","8",0,"8","","",.0,"8",.0,"8",.0,"8",.0,"8",.0,"8",.0,"8",.0,"8",.0,"8",.0,"8",0,"8",0,"8",0,"8","","",0,"8",0,"8"
"352190360","P£OCK","2006","06","23","12","6","",0,"8",0,"8","","","",8,"",0,"8",0,"8",4,"",340,"",3,"",0,"",21.4,"",.0,"8","U","",14.2,"",56,"",12.3,"",1004.3,"",1017.0,"",1,.2,"",.0,"9",0,"9","01","1","3","","3","","","0","","","1","","",1,"",.0,"8",.0,"8","","8",0,"8","","",.0,"8",.0,"8",.0,"8",.0,"8",.0,"8",.0,"8",.0,"8",.0,"8",.0,"8",0,"8",0,"8",0,"8","","",0,"8",0,"8"
"352190360","P£OCK","2006","06","23","13","6","",0,"8",0,"8","","","",8,"",0,"8",0,"8",6,"",330,"",2,"",0,"",21.8,"",.0,"8","U","",14.3,"",55,"",12.4,"",1004.4,"",1017.1,"",5,.0,"",.0,"8",0,"8","03","1","5","","3","","","0","","","1","","",0,"8",.0,"8",.0,"8","","8",0,"8","","",.0,"8",.0,"8",.0,"8",.0,"8",.0,"8",.0,"8",.0,"8",.0,"8",.0,"8",0,"8",0,"8",0,"8","","",0,"8",0,"8"
"352190360","P£OCK","2006","06","23","14","6","",0,"8",0,"8","","","",8,"",0,"8",0,"8",6,"",300,"",3,"",0,"",22.4,"",.0,"8","U","",13.0,"",48,"",10.8,"",1004.3,"",1017.0,"",0,.0,"",.0,"8",0,"8","01","2","3","","3","","","0","","","6","","",0,"8",.0,"8",.0,"8","","8",0,"8","","",.0,"8",.0,"8",.0,"8",.0,"8",.0,"8",.0,"8",.0,"8",.0,"8",.0,"8",0,"8",0,"8",0,"8","","",0,"8",0,"8"
"352190360","P£OCK","2006","06","23","15","6","",0,"8",0,"8","","","",8,"",0,"8",0,"8",6,"",330,"",3,"",0,"",21.5,"",.0,"8","U","",12.0,"",47,"",9.7,"",1004.2,"",1016.9,"",8,-.1,"",.0,"8",0,"8","01","1","2","","2","","","3","","","8","","",0,"8",.0,"8",.0,"8","","8",0,"8","","",.0,"8",.0,"8",.0,"8",.0,"8",.0,"8",.0,"8",.0,"8",.0,"8",.0,"8",0,"8",0,"8",0,"8","","",0,"8",0,"8"
"352190360","P£OCK","2006","06","23","16","6","",0,"8",0,"8","","","",8,"",0,"8",0,"8",6,"",330,"",3,"",0,"",22.0,"",.0,"8","U","",11.9,"",45,"",9.5,"",1004.4,"",1017.1,"",5,.0,"",.0,"8",0,"8","01","2","2","","2","","","3","","","8","","",0,"8",.0,"8",.0,"8","","8",0,"8","","",.0,"8",.0,"8",.0,"8",.0,"8",.0,"8",.0,"8",.0,"8",.0,"8",.0,"8",0,"8",0,"8",0,"8","","",0,"8",0,"8"
"352190360","P£OCK","2006","06","23","17","6","",0,"8",0,"8","","","",8,"",0,"8",0,"8",6,"",20,"",2,"",0,"",20.8,"",.0,"8","U","",14.5,"",59,"",12.5,"",1004.8,"",1017.6,"",3,.5,"",.0,"8",0,"8","03","2","2","","2","","","3","","","8","","",0,"8",.0,"8",.0,"8","","8",0,"8","","",.0,"8",.0,"8",.0,"8",.0,"8",.0,"8",.0,"8",.0,"8",.0,"8",.0,"8",0,"8",0,"8",0,"8","","",0,"8",0,"8"
"352190360","P£OCK","2006","06","23","18","6","",0,"8",0,"8","","","",8,"",0,"8",0,"8",6,"",10,"",3,"",0,"",19.3,"",.0,"8","U","",14.3,"",64,"",12.3,"",1005.1,"",1017.9,"",2,.9,"",.0,"9",0,"9","02","1","2","","2","","","3","","","8","","",1,"",.0,"8",.0,"8","","8",0,"8","","",.0,"8",.0,"8",.0,"8",.0,"8",.0,"8",.0,"8",.0,"8",.0,"8",.0,"8",0,"8",0,"8",0,"8","","",0,"8",0,"8"
"352190360","P£OCK","2006","06","23","19","6","",0,"8",0,"8","","","",8,"",0,"8",0,"8",6,"",50,"",2,"",0,"",17.6,"",.0,"8","U","",15.5,"",77,"",13.5,"",1005.6,"",1018.5,"",2,1.2,"",.0,"8",0,"8","03","2","3","","2","","","3","","","1","","",0,"8",.0,"8",.0,"8","","8",0,"8","","",.0,"8",.0,"8",.0,"8",.0,"8",.0,"8",.0,"8",.0,"8",.0,"8",.0,"8",0,"8",0,"8",0,"8","","",0,"8",0,"8"
"352190360","P£OCK","2006","06","23","20","6","",0,"8",0,"8","","","",7,"",0,"8",0,"8",5,"",50,"",2,"",0,"",16.2,"",.0,"8","U","",15.1,"",82,"",13.1,"",1006.1,"",1019.1,"",2,1.3,"",.0,"8",0,"8","01","2","2","","2","","","3","","","1","","",0,"8",.0,"8",.0,"8","","8",0,"8","","",.0,"8",.0,"8",.0,"8",.0,"8",.0,"8",.0,"8",.0,"8",.0,"8",.0,"8",0,"8",0,"8",0,"8","","",0,"8",0,"8"
"352190360","P£OCK","2006","06","23","21","6","",0,"8",0,"8","","","",7,"",0,"8",0,"8",5,"",40,"",1,"",0,"",15.3,"",.0,"8","U","",14.9,"",86,"",13.0,"",1006.6,"",1019.6,"",2,1.5,"",.0,"8",0,"8","01","2","1","","5","","","3","","","1","","",0,"8",.0,"8",.0,"8","","8",0,"8","","",.0,"8",.0,"8",.0,"8",.0,"8",.0,"8",.0,"8",.0,"8",.0,"8",.0,"8",0,"8",0,"8",0,"8","","",0,"8",0,"8"
"352190360","P£OCK","2006","06","23","22","9","",0,"8",0,"8","","","",7,"",0,"8",0,"8",5,"",80,"",1,"",0,"",14.9,"",.0,"8","U","",14.9,"",88,"",12.9,"",1006.7,"",1019.8,"",1,1.1,"",.0,"8",0,"8","01","2","5","","0","","","5","","","1","","",0,"8",.0,"8",.0,"8","","8",0,"8","","",.0,"8",.0,"8",.0,"8",.0,"8",.0,"8",.0,"8",.0,"8",.0,"8",.0,"8",0,"8",0,"8",0,"8","","",0,"8",0,"8"
"352190360","P£OCK","2006","06","23","23","9","",0,"8",0,"8","","","",7,"",0,"8",0,"8",3,"",80,"",2,"",0,"",14.7,"",.0,"8","U","",14.4,"",86,"",12.4,"",1006.8,"",1019.9,"",1,.7,"",.0,"8",0,"8","01","1","2","","0","","","3","","","1","","",0,"8",.0,"8",.0,"8","","8",0,"8","","",.0,"8",.0,"8",.0,"8",.0,"8",.0,"8",.0,"8",.0,"8",.0,"8",.0,"8",0,"8",0,"8",0,"8","","",0,"8",0,"8"
"352190360","P£OCK","2006","06","24","00","9","",0,"8",0,"8","","","",7,"",0,"8",0,"8",3,"",70,"",1,"",0,"",14.1,"",.0,"8","U","",13.5,"",84,"",11.4,"",1006.9,"",1020.0,"",2,.3,"",.0,"9",0,"9","02","1","2","","0","","","3","","","1","","",1,"",.0,"8",.0,"8","","8",0,"8","","",.0,"8",.0,"8",.0,"8",.0,"8",.0,"8",.0,"8",.0,"8",.0,"8",.0,"8",0,"8",0,"8",0,"8","","",0,"8",0,"8"
"352190360","P£OCK","2006","06","24","01","9","",0,"8",0,"8","","","",7,"",0,"8",0,"8",3,"",80,"",2,"",0,"",13.0,"",.0,"8","U","",13.2,"",88,"",11.1,"",1007.0,"",1020.2,"",2,.3,"",.0,"8",0,"8","02","0","2","","0","","","3","","","1","","",0,"8",.0,"8",.0,"8","","8",0,"8","","",.0,"8",.0,"8",.0,"8",.0,"8",.0,"8",.0,"8",.0,"8",.0,"8",.0,"8",0,"8",0,"8",0,"8","","",0,"8",0,"8"
"352190360","P£OCK","2006","06","24","02","9","",0,"8",0,"8","","","",6,"",0,"8",0,"8",3,"",70,"",1,"",0,"",12.2,"",.0,"8","U","",12.8,"",90,"",10.6,"",1007.2,"",1020.4,"",2,.4,"",.0,"8",0,"8","10","0","2","","0","","","3","","","1","","",0,"8",.0,"8",.0,"8","","8",0,"8","","",.0,"8",.0,"8",.0,"8",.0,"8",.0,"8",.0,"8",.0,"8",.0,"8",.0,"8",0,"8",0,"8",0,"8","","",0,"8",0,"8"
"352190360","P£OCK","2006","06","24","03","9","",0,"8",0,"8","","","",6,"",0,"8",0,"8",5,"",90,"",2,"",0,"",12.2,"",.0,"8","U","",12.9,"",91,"",10.8,"",1007.3,"",1020.5,"",2,.4,"",.0,"8",0,"8","10","1","4","","0","","","5","","","1","","",0,"8",.0,"8",.0,"8","","8",0,"8","","",.0,"8",.0,"8",.0,"8",.0,"8",.0,"8",.0,"8",.0,"8",.0,"8",.0,"8",0,"8",0,"8",0,"8","","",0,"8",0,"8"
"352190360","P£OCK","2006","06","24","04","9","",0,"8",0,"8","","","",7,"",0,"8",0,"8",5,"",80,"",2,"",0,"",13.1,"",.0,"8","U","",13.5,"",90,"",11.5,"",1007.6,"",1020.8,"",2,.6,"",.0,"8",0,"8","03","2","5","","0","","","5","","","0","","",0,"8",.0,"8",.0,"8","","8",0,"8","","",.0,"8",.0,"8",.0,"8",.0,"8",.0,"8",.0,"8",.0,"8",.0,"8",.0,"8",0,"8",0,"8",0,"8","","",0,"8",0,"8"
"352190360","P£OCK","2006","06","24","05","9","",0,"8",0,"8","","","",7,"",0,"8",0,"8",5,"",120,"",3,"",0,"",15.5,"",.0,"8","U","",14.6,"",83,"",12.6,"",1007.8,"",1020.9,"",2,.6,"",.0,"8",0,"8","02","2","5","","0","","","3","","","0","","",0,"8",.0,"8",.0,"8","","8",0,"8","","",.0,"8",.0,"8",.0,"8",.0,"8",.0,"8",.0,"8",.0,"8",.0,"8",.0,"8",0,"8",0,"8",0,"8","","",0,"8",0,"8"
"352190360","P£OCK","2006","06","24","06","6","",0,"8",0,"8","","","",7,"",0,"8",0,"8",6,"",110,"",4,"",0,"",17.7,"",.0,"8","U","",14.8,"",73,"",12.8,"",1008.3,"",1021.3,"",2,1.0,"",.0,"9",0,"9","03","1","1","","5","","","5","","","0","","",1,"",.0,"8",.0,"8","","8",0,"8","","",.0,"8",.0,"8",.0,"8",.0,"8",.0,"8",.0,"8",.0,"8",.0,"8",.0,"8",0,"8",0,"8",0,"8","","",0,"8",0,"8"
"352190360","P£OCK","2006","06","24","07","6","",0,"8",0,"8","","","",8,"",0,"8",0,"8",7,"",110,"",3,"",0,"",18.2,"",.0,"8","U","",12.9,"",62,"",10.8,"",1008.5,"",1021.4,"",2,.9,"",.0,"8",0,"8","03","2","1","","5","","","5","","","/","","",0,"8",.0,"8",.0,"8","","8",0,"8","","",.0,"8",.0,"8",.0,"8",.0,"8",.0,"8",.0,"8",.0,"8",.0,"8",.0,"8",0,"8",0,"8",0,"8","","",0,"8",0,"8"
"352190360","P£OCK","2006","06","24","08","6","",0,"8",0,"8","","","",8,"",0,"8",0,"8",7,"",100,"",3,"",0,"",19.3,"",.0,"8","U","",12.5,"",56,"",10.3,"",1008.7,"",1021.6,"",1,.9,"",.0,"8",0,"8","01","2","1","","5","","","3","","","1","","",0,"8",.0,"8",.0,"8","","8",0,"8","","",.0,"8",.0,"8",.0,"8",.0,"8",.0,"8",.0,"8",.0,"8",.0,"8",.0,"8",0,"8",0,"8",0,"8","","",0,"8",0,"8"
"352190360","P£OCK","2006","06","24","09","6","",0,"8",0,"8","","","",8,"",0,"8",0,"8",7,"",90,"",3,"",0,"",19.7,"",.0,"8","U","",13.1,"",57,"",10.9,"",1008.8,"",1021.7,"",2,.5,"",.0,"8",0,"8","03","2","1","","2","","","3","","","1","","",0,"8",.0,"8",.0,"8","","8",0,"8","","",.0,"8",.0,"8",.0,"8",.0,"8",.0,"8",.0,"8",.0,"8",.0,"8",.0,"8",0,"8",0,"8",0,"8","","",0,"8",0,"8"
"352190360","P£OCK","2006","06","24","10","6","",0,"8",0,"8","","","",8,"",0,"8",0,"8",4,"",90,"",3,"",0,"",20.3,"",.0,"8","U","",13.5,"",57,"",11.5,"",1008.4,"",1021.2,"",8,-.1,"",.0,"8",0,"8","01","1","2","","2","","","3","","","1","","",0,"8",.0,"8",.0,"8","","8",0,"8","","",.0,"8",.0,"8",.0,"8",.0,"8",.0,"8",.0,"8",.0,"8",.0,"8",.0,"8",0,"8",0,"8",0,"8","","",0,"8",0,"8"
"352190360","P£OCK","2006","06","24","11","6","",0,"8",0,"8","","","",8,"",0,"8",0,"8",7,"",90,"",2,"",0,"",21.0,"",.0,"8","U","",12.9,"",52,"",10.8,"",1008.2,"",1021.0,"",8,-.5,"",.0,"8",0,"8","03","1","5","","2","","","3","","","1","","",0,"8",.0,"8",.0,"8","","8",0,"8","","",.0,"8",.0,"8",.0,"8",.0,"8",.0,"8",.0,"8",.0,"8",.0,"8",.0,"8",0,"8",0,"8",0,"8","","",0,"8",0,"8"
"352190360","P£OCK","2006","06","24","12","6","",0,"8",0,"8","","","",8,"",0,"8",0,"8",7,"",70,"",3,"",0,"",21.8,"",.0,"8","U","",13.5,"",52,"",11.5,"",1007.8,"",1020.6,"",7,-1.0,"",.0,"9",0,"9","03","1","5","","9","","","3","","","/","","",1,"",.0,"8",.0,"8","","8",0,"8","","",.0,"8",.0,"8",.0,"8",.0,"8",.0,"8",.0,"8",.0,"8",.0,"8",.0,"8",0,"8",0,"8",0,"8","","",0,"8",0,"8"
"352190360","P£OCK","2006","06","24","13","6","",0,"8",0,"8","","","",8,"",0,"8",0,"8",8,"",60,"",2,"",0,"",20.4,"",.0,"8","U","",14.1,"",59,"",12.1,"",1007.7,"",1020.5,"",7,-.7,"",.0,"8",0,"8","03","2","6","","9","","","3","","","/","","",0,"8",.0,"8",.0,"8","","8",0,"8","","",.0,"8",.0,"8",.0,"8",.0,"8",.0,"8",.0,"8",.0,"8",.0,"8",.0,"8",0,"8",0,"8",0,"8","","",0,"8",0,"8"
"352190360","P£OCK","2006","06","24","14","6","",0,"8",0,"8","","","",8,"",0,"8",0,"8",7,"",40,"",3,"",0,"",21.1,"",.0,"8","U","",15.5,"",62,"",13.5,"",1007.5,"",1020.3,"",7,-.7,"",.0,"8",0,"8","01","2","4","","3","","","3","","","/","","",0,"8",.0,"8",.0,"8","","8",0,"8","","",.0,"8",.0,"8",.0,"8",.0,"8",.0,"8",.0,"8",.0,"8",.0,"8",.0,"8",0,"8",0,"8",0,"8","","",0,"8",0,"8"
"352190360","P£OCK","2006","06","24","15","7","",0,"8",0,"8","","","",8,"",0,"8",0,"8",7,"",70,"",3,"",0,"",21.1,"",.0,"8","U","",13.7,"",55,"",11.7,"",1007.1,"",1019.9,"",8,-.7,"",.0,"8",0,"8","01","2","7","","5","","","/","","","/","","",0,"8",.0,"8",.0,"8","","8",0,"8","","",.0,"8",.0,"8",.0,"8",.0,"8",.0,"8",.0,"8",.0,"8",.0,"8",.0,"8",0,"8",0,"8",0,"8","","",0,"8",0,"8"
"352190360","P£OCK","2006","06","24","16","9","",0,"8",0,"8","","","",8,"",0,"8",0,"8",4,"",60,"",3,"",0,"",21.1,"",.0,"8","U","",14.0,"",56,"",12.0,"",1006.7,"",1019.5,"",8,-1.0,"",.0,"8",0,"8","01","1","4","","0","","","3","","","0","","",0,"8",.0,"8",.0,"8","","8",0,"8","","",.0,"8",.0,"8",.0,"8",.0,"8",.0,"8",.0,"8",.0,"8",.0,"8",.0,"8",0,"8",0,"8",0,"8","","",0,"8",0,"8"
"352190360","P£OCK","2006","06","24","17","9","",0,"8",0,"8","","","",8,"",0,"8",0,"8",5,"",60,"",2,"",0,"",20.4,"",.0,"8","U","",13.6,"",57,"",11.6,"",1006.8,"",1019.6,"",5,-.7,"",.0,"8",0,"8","01","1","1","","0","","","3","","","4","","",0,"8",.0,"8",.0,"8","","8",0,"8","","",.0,"8",.0,"8",.0,"8",.0,"8",.0,"8",.0,"8",.0,"8",.0,"8",.0,"8",0,"8",0,"8",0,"8","","",0,"8",0,"8"
"352190360","P£OCK","2006","06","24","18","9","",0,"8",0,"8","","","",8,"",0,"8",0,"8",7,"",70,"",1,"",0,"",18.6,"",.0,"8","U","",14.1,"",66,"",12.1,"",1006.9,"",1019.8,"",5,-.2,"",.0,"9",0,"9","03","1","1","","0","","","3","","","6","","",1,"",.0,"8",.0,"8","","8",0,"8","","",.0,"8",.0,"8",.0,"8",.0,"8",.0,"8",.0,"8",.0,"8",.0,"8",.0,"8",0,"8",0,"8",0,"8","","",0,"8",0,"8"
"352190360","P£OCK","2006","06","24","19","9","",0,"8",0,"8","","","",8,"",0,"8",0,"8",7,"",60,"",2,"",0,"",17.3,"",.0,"8","U","",13.6,"",69,"",11.6,"",1007.4,"",1020.4,"",3,.7,"",.0,"8",0,"8","02","2","1","","0","","","3","","","8","","",0,"8",.0,"8",.0,"8","","8",0,"8","","",.0,"8",.0,"8",.0,"8",.0,"8",.0,"8",.0,"8",.0,"8",.0,"8",.0,"8",0,"8",0,"8",0,"8","","",0,"8",0,"8"
"352190360","P£OCK","2006","06","24","20","9","",0,"8",0,"8","","","",8,"",0,"8",0,"8",7,"",70,"",2,"",0,"",16.0,"",.0,"8","U","",13.8,"",76,"",11.8,"",1007.6,"",1020.6,"",2,.8,"",.0,"8",0,"8","01","2","0","","0","","","0","","","8","","",0,"8",.0,"8",.0,"8","","8",0,"8","","",.0,"8",.0,"8",.0,"8",.0,"8",.0,"8",.0,"8",.0,"8",.0,"8",.0,"8",0,"8",0,"8",0,"8","","",0,"8",0,"8"
"352190360","P£OCK","2006","06","24","21","9","",0,"8",0,"8","","","",8,"",0,"8",0,"8",7,"",70,"",1,"",0,"",15.2,"",.0,"8","U","",12.9,"",75,"",10.8,"",1007.5,"",1020.6,"",0,.6,"",.0,"8",0,"8","02","2","0","","0","","","0","","","8","","",0,"8",.0,"8",.0,"8","","8",0,"8","","",.0,"8",.0,"8",.0,"8",.0,"8",.0,"8",.0,"8",.0,"8",.0,"8",.0,"8",0,"8",0,"8",0,"8","","",0,"8",0,"8"
"352190360","P£OCK","2006","06","24","22","9","",0,"8",0,"8","","","",8,"",0,"8",0,"8",7,"",90,"",2,"",0,"",15.0,"",.0,"8","U","",12.4,"",73,"",10.2,"",1007.4,"",1020.5,"",0,.0,"",.0,"8",0,"8","02","2","0","","0","","","0","","","8","","",0,"8",.0,"8",.0,"8","","8",0,"8","","",.0,"8",.0,"8",.0,"8",.0,"8",.0,"8",.0,"8",.0,"8",.0,"8",.0,"8",0,"8",0,"8",0,"8","","",0,"8",0,"8"
"352190360","P£OCK","2006","06","24","23","9","",0,"8",0,"8","","","",8,"",0,"8",0,"8",7,"",90,"",2,"",0,"",14.4,"",.0,"8","U","",12.1,"",74,"",9.8,"",1007.5,"",1020.6,"",5,-.1,"",.0,"8",0,"8","02","2","0","","0","","","0","","","8","","",0,"8",.0,"8",.0,"8","","8",0,"8","","",.0,"8",.0,"8",.0,"8",.0,"8",.0,"8",.0,"8",.0,"8",.0,"8",.0,"8",0,"8",0,"8",0,"8","","",0,"8",0,"8"
"352190360","P£OCK","2006","06","25","00","9","",0,"8",0,"8","","","",8,"",0,"8",0,"8",7,"",80,"",2,"",0,"",13.8,"",.0,"8","U","",12.0,"",76,"",9.6,"",1007.4,"",1020.5,"",7,-.1,"",.0,"9",0,"9","02","2","0","","0","","","0","","","8","","",1,"",.0,"8",.0,"8","","8",0,"8","","",.0,"8",.0,"8",.0,"8",.0,"8",.0,"8",.0,"8",.0,"8",.0,"8",.0,"8",0,"8",0,"8",0,"8","","",0,"8",0,"8"
"352190360","P£OCK","2006","06","25","01","9","",0,"8",0,"8","","","",8,"",0,"8",0,"8",7,"",90,"",2,"",0,"",13.4,"",.0,"8","U","",11.8,"",77,"",9.4,"",1007.5,"",1020.6,"",2,.1,"",.0,"8",0,"8","02","2","0","","0","","","0","","","8","","",0,"8",.0,"8",.0,"8","","8",0,"8","","",.0,"8",.0,"8",.0,"8",.0,"8",.0,"8",.0,"8",.0,"8",.0,"8",.0,"8",0,"8",0,"8",0,"8","","",0,"8",0,"8"
"352190360","P£OCK","2006","06","25","02","9","",0,"8",0,"8","","","",8,"",0,"8",0,"8",5,"",90,"",2,"",0,"",13.7,"",.0,"8","U","",12.0,"",77,"",9.7,"",1007.5,"",1020.6,"",4,.0,"",.0,"8",0,"8","01","2","0","","0","","","0","","","8","","",0,"8",.0,"8",.0,"8","","8",0,"8","","",.0,"8",.0,"8",.0,"8",.0,"8",.0,"8",.0,"8",.0,"8",.0,"8",.0,"8",0,"8",0,"8",0,"8","","",0,"8",0,"8"
"352190360","P£OCK","2006","06","25","03","9","",0,"8",0,"8","","","",8,"",0,"8",0,"8",3,"",90,"",3,"",0,"",13.9,"",.0,"8","U","",12.0,"",76,"",9.7,"",1007.5,"",1020.6,"",1,.1,"",.0,"8",0,"8","01","1","0","","0","","","0","","","8","","",0,"8",.0,"8",.0,"8","","8",0,"8","","",.0,"8",.0,"8",.0,"8",.0,"8",.0,"8",.0,"8",.0,"8",.0,"8",.0,"8",0,"8",0,"8",0,"8","","",0,"8",0,"8"
"352190360","P£OCK","2006","06","25","04","9","",0,"8",0,"8","","","",8,"",0,"8",0,"8",1,"",100,"",3,"",0,"",15.3,"",.0,"8","U","",13.0,"",75,"",10.9,"",1007.3,"",1020.4,"",8,-.2,"",.0,"8",0,"8","01","0","0","","0","","","0","","","1","","",0,"8",.0,"8",.0,"8","","8",0,"8","","",.0,"8",.0,"8",.0,"8",.0,"8",.0,"8",.0,"8",.0,"8",.0,"8",.0,"8",0,"8",0,"8",0,"8","","",0,"8",0,"8"
"352190360","P£OCK","2006","06","25","05","9","",0,"8",0,"8","","","",8,"",0,"8",0,"8",0,"",110,"",3,"",0,"",17.3,"",.0,"8","U","",13.2,"",67,"",11.1,"",1007.6,"",1020.6,"",3,.1,"",.0,"8",0,"8","01","0","0","","0","","","0","","","0","","",0,"8",.0,"8",.0,"8","","8",0,"8","","",.0,"8",.0,"8",.0,"8",.0,"8",.0,"8",.0,"8",.0,"8",.0,"8",.0,"8",0,"8",0,"8",0,"8","","",0,"8",0,"8"
"352190360","P£OCK","2006","06","25","06","9","",0,"8",0,"8","","","",8,"",0,"8",0,"8",1,"",120,"",3,"",0,"",19.1,"",.0,"8","U","",14.1,"",64,"",12.1,"",1007.6,"",1020.5,"",1,.1,"",.0,"9",0,"9","03","1","0","","0","","","0","","","1","","",0,"",.0,"8",.0,"8","","8",0,"8","","",.0,"8",.0,"8",.0,"8",.0,"8",.0,"8",.0,"8",.0,"8",.0,"8",.0,"8",0,"8",0,"8",0,"8","","",0,"8",0,"8"
"352190360","P£OCK","2006","06","25","07","9","",0,"8",0,"8","","","",8,"",0,"8",0,"8",1,"",140,"",3,"",0,"",20.6,"",.0,"8","U","",13.6,"",56,"",11.5,"",1007.6,"",1020.4,"",1,.3,"",.0,"8",0,"8","02","0","0","","0","","","0","","","1","","",0,"8",.0,"8",.0,"8","","8",0,"8","","",.0,"8",.0,"8",.0,"8",.0,"8",.0,"8",.0,"8",.0,"8",.0,"8",.0,"8",0,"8",0,"8",0,"8","","",0,"8",0,"8"
"352190360","P£OCK","2006","06","25","08","6","",0,"8",0,"8","","","",8,"",0,"8",0,"8",2,"",130,"",4,"",0,"",21.9,"",.0,"8","U","",13.4,"",51,"",11.3,"",1007.6,"",1020.4,"",4,.0,"",.0,"8",0,"8","03","0","1","","1","","","0","","","1","","",0,"8",.0,"8",.0,"8","","8",0,"8","","",.0,"8",.0,"8",.0,"8",.0,"8",.0,"8",.0,"8",.0,"8",.0,"8",.0,"8",0,"8",0,"8",0,"8","","",0,"8",0,"8"
"352190360","P£OCK","2006","06","25","09","9","",0,"8",0,"8","","","",8,"",0,"8",0,"8",1,"",140,"",4,"",0,"",23.1,"",.0,"8","U","",13.8,"",49,"",11.8,"",1007.6,"",1020.3,"",4,.0,"",.0,"8",0,"8","01","0","0","","0","","","0","","","1","","",0,"8",.0,"8",.0,"8","","8",0,"8","","",.0,"8",.0,"8",.0,"8",.0,"8",.0,"8",.0,"8",.0,"8",.0,"8",.0,"8",0,"8",0,"8",0,"8","","",0,"8",0,"8"
"352190360","P£OCK","2006","06","25","10","9","",0,"8",0,"8","","","",8,"",0,"8",0,"8",2,"",120,"",4,"",0,"",24.3,"",.0,"8","U","",13.0,"",43,"",10.9,"",1007.2,"",1019.9,"",8,-.4,"",.0,"8",0,"8","03","0","1","","0","","","3","","","1","","",0,"8",.0,"8",.0,"8","","8",0,"8","","",.0,"8",.0,"8",.0,"8",.0,"8",.0,"8",.0,"8",.0,"8",.0,"8",.0,"8",0,"8",0,"8",0,"8","","",0,"8",0,"8"
"352190360","P£OCK","2006","06","25","11","7","",0,"8",0,"8","","","",8,"",0,"8",0,"8",2,"",100,"",5,"",0,"",24.6,"",.0,"8","U","",12.7,"",41,"",10.5,"",1006.9,"",1019.5,"",8,-.7,"",.0,"8",0,"8","03","0","1","","1","","","0","","","1","","",0,"8",.0,"8",.0,"8","","8",0,"8","","",.0,"8",.0,"8",.0,"8",.0,"8",.0,"8",.0,"8",.0,"8",.0,"8",.0,"8",0,"8",0,"8",0,"8","","",0,"8",0,"8"
"352190360","P£OCK","2006","06","25","12","7","",0,"8",0,"8","","","",8,"",0,"8",0,"8",3,"",90,"",4,"",0,"",25.3,"",.0,"8","U","",12.9,"",40,"",10.7,"",1006.6,"",1019.2,"",7,-1.0,"",.0,"9",0,"9","03","0","1","","1","","","3","","","1","","",0,"",.0,"8",.0,"8","","8",0,"8","","",.0,"8",.0,"8",.0,"8",.0,"8",.0,"8",.0,"8",.0,"8",.0,"8",.0,"8",0,"8",0,"8",0,"8","","",0,"8",0,"8"
"352190360","P£OCK","2006","06","25","13","9","",0,"8",0,"8","","","",8,"",0,"8",0,"8",3,"",120,"",4,"",0,"",25.7,"",.0,"8","U","",13.5,"",41,"",11.5,"",1006.3,"",1018.9,"",7,-.9,"",.0,"8",0,"8","01","0","1","","0","","","3","","","1","","",0,"8",.0,"8",.0,"8","","8",0,"8","","",.0,"8",.0,"8",.0,"8",.0,"8",.0,"8",.0,"8",.0,"8",.0,"8",.0,"8",0,"8",0,"8",0,"8","","",0,"8",0,"8"
"352190360","P£OCK","2006","06","25","14","9","",0,"8",0,"8","","","",8,"",0,"8",0,"8",3,"",110,"",4,"",0,"",26.0,"",.0,"8","U","",13.1,"",39,"",11.0,"",1005.7,"",1018.3,"",8,-1.2,"",.0,"8",0,"8","02","0","1","","0","","","3","","","1","","",0,"8",.0,"8",.0,"8","","8",0,"8","","",.0,"8",.0,"8",.0,"8",.0,"8",.0,"8",.0,"8",.0,"8",.0,"8",.0,"8",0,"8",0,"8",0,"8","","",0,"8",0,"8"
"352190360","P£OCK","2006","06","25","15","9","",0,"8",0,"8","","","",8,"",0,"8",0,"8",3,"",90,"",4,"",0,"",26.0,"",.0,"8","U","",12.7,"",38,"",10.6,"",1005.1,"",1017.7,"",8,-1.5,"",.0,"8",0,"8","02","0","1","","0","","","3","","","1","","",0,"8",.0,"8",.0,"8","","8",0,"8","","",.0,"8",.0,"8",.0,"8",.0,"8",.0,"8",.0,"8",.0,"8",.0,"8",.0,"8",0,"8",0,"8",0,"8","","",0,"8",0,"8"
"352190360","P£OCK","2006","06","25","16","9","",0,"8",0,"8","","","",8,"",0,"8",0,"8",4,"",80,"",2,"",0,"",25.4,"",.0,"8","U","",14.6,"",45,"",12.6,"",1004.7,"",1017.3,"",6,-1.6,"",.0,"8",0,"8","03","0","1","","0","","","3","","","6","","",0,"8",.0,"8",.0,"8","","8",0,"8","","",.0,"8",.0,"8",.0,"8",.0,"8",.0,"8",.0,"8",.0,"8",.0,"8",.0,"8",0,"8",0,"8",0,"8","","",0,"8",0,"8"
"352190360","P£OCK","2006","06","25","17","9","",0,"8",0,"8","","","",8,"",0,"8",0,"8",5,"",70,"",2,"",0,"",24.5,"",.0,"8","U","",15.6,"",51,"",13.7,"",1004.2,"",1016.8,"",7,-1.5,"",.0,"8",0,"8","03","1","1","","0","","","3","","","6","","",0,"8",.0,"8",.0,"8","","8",0,"8","","",.0,"8",.0,"8",.0,"8",.0,"8",.0,"8",.0,"8",.0,"8",.0,"8",.0,"8",0,"8",0,"8",0,"8","","",0,"8",0,"8"
"352190360","P£OCK","2006","06","25","18","9","",0,"8",0,"8","","","",8,"",0,"8",0,"8",4,"",60,"",2,"",0,"",23.2,"",.0,"8","U","",16.7,"",59,"",14.7,"",1004.2,"",1016.9,"",6,-.9,"",.0,"9",0,"9","01","1","1","","0","","","3","","","1","","",0,"",.0,"8",.0,"8","","8",0,"8","","",.0,"8",.0,"8",.0,"8",.0,"8",.0,"8",.0,"8",.0,"8",.0,"8",.0,"8",0,"8",0,"8",0,"8","","",0,"8",0,"8"
"352190360","P£OCK","2006","06","25","19","9","",0,"8",0,"8","","","",8,"",0,"8",0,"8",3,"",70,"",1,"",0,"",21.1,"",.0,"8","U","",16.0,"",64,"",14.0,"",1004.7,"",1017.5,"",5,.0,"",.0,"8",0,"8","01","0","0","","0","","","0","","","1","","",0,"8",.0,"8",.0,"8","","8",0,"8","","",.0,"8",.0,"8",.0,"8",.0,"8",.0,"8",.0,"8",.0,"8",.0,"8",.0,"8",0,"8",0,"8",0,"8","","",0,"8",0,"8"
"352190360","P£OCK","2006","06","25","20","9","",0,"8",0,"8","","","",8,"",0,"8",0,"8",3,"",80,"",3,"",0,"",20.0,"",.0,"8","U","",14.0,"",60,"",12.0,"",1004.7,"",1017.5,"",1,.5,"",.0,"8",0,"8","02","0","0","","0","","","0","","","1","","",0,"8",.0,"8",.0,"8","","8",0,"8","","",.0,"8",.0,"8",.0,"8",.0,"8",.0,"8",.0,"8",.0,"8",.0,"8",.0,"8",0,"8",0,"8",0,"8","","",0,"8",0,"8"
"352190360","P£OCK","2006","06","25","21","9","",0,"8",0,"8","","","",8,"",0,"8",0,"8",3,"",80,"",3,"",0,"",18.9,"",.0,"8","U","",13.3,"",61,"",11.2,"",1004.5,"",1017.4,"",0,.3,"",.0,"8",0,"8","02","0","0","","0","","","0","","","1","","",0,"8",.0,"8",.0,"8","","8",0,"8","","",.0,"8",.0,"8",.0,"8",.0,"8",.0,"8",.0,"8",.0,"8",.0,"8",.0,"8",0,"8",0,"8",0,"8","","",0,"8",0,"8"
"352190360","P£OCK","2006","06","25","22","9","",0,"8",0,"8","","","",8,"",0,"8",0,"8",2,"",90,"",3,"",0,"",18.7,"",.0,"8","U","",13.3,"",62,"",11.3,"",1004.2,"",1017.1,"",8,-.5,"",.0,"8",0,"8","01","0","0","","0","","","0","","","1","","",0,"8",.0,"8",.0,"8","","8",0,"8","","",.0,"8",.0,"8",.0,"8",.0,"8",.0,"8",.0,"8",.0,"8",.0,"8",.0,"8",0,"8",0,"8",0,"8","","",0,"8",0,"8"
"352190360","P£OCK","2006","06","25","23","9","",0,"8",0,"8","","","",8,"",0,"8",0,"8",2,"",100,"",3,"",0,"",18.1,"",.0,"8","U","",13.7,"",66,"",11.6,"",1004.2,"",1017.1,"",6,-.5,"",.0,"8",0,"8","02","0","0","","0","","","0","","","1","","",0,"8",.0,"8",.0,"8","","8",0,"8","","",.0,"8",.0,"8",.0,"8",.0,"8",.0,"8",.0,"8",.0,"8",.0,"8",.0,"8",0,"8",0,"8",0,"8","","",0,"8",0,"8"
"352190360","P£OCK","2006","06","26","00","9","",0,"8",0,"8","","","",8,"",0,"8",0,"8",3,"",100,"",3,"",0,"",17.6,"",.0,"8","U","",13.9,"",69,"",11.8,"",1004.3,"",1017.2,"",5,-.2,"",.0,"9",0,"9","03","0","0","","0","","","0","","","1","","",0,"",.0,"8",.0,"8","","8",0,"8","","",.0,"8",.0,"8",.0,"8",.0,"8",.0,"8",.0,"8",.0,"8",.0,"8",.0,"8",0,"8",0,"8",0,"8","","",0,"8",0,"8"
"352190360","P£OCK","2006","06","26","01","9","",0,"8",0,"8","","","",8,"",0,"8",0,"8",3,"",100,"",3,"",0,"",17.3,"",.0,"8","U","",13.6,"",69,"",11.6,"",1004.4,"",1017.3,"",3,.2,"",.0,"8",0,"8","02","0","0","","0","","","0","","","1","","",0,"8",.0,"8",.0,"8","","8",0,"8","","",.0,"8",.0,"8",.0,"8",.0,"8",.0,"8",.0,"8",.0,"8",.0,"8",.0,"8",0,"8",0,"8",0,"8","","",0,"8",0,"8"
"352190360","P£OCK","2006","06","26","02","9","",0,"8",0,"8","","","",8,"",0,"8",0,"8",4,"",100,"",3,"",0,"",17.5,"",.0,"8","U","",13.6,"",68,"",11.5,"",1003.6,"",1016.5,"",8,-.6,"",.0,"8",0,"8","03","0","1","","0","","","3","","","1","","",0,"8",.0,"8",.0,"8","","8",0,"8","","",.0,"8",.0,"8",.0,"8",.0,"8",.0,"8",.0,"8",.0,"8",.0,"8",.0,"8",0,"8",0,"8",0,"8","","",0,"8",0,"8"
"352190360","P£OCK","2006","06","26","03","9","",0,"8",0,"8","","","",8,"",0,"8",0,"8",3,"",100,"",4,"",0,"",17.2,"",.0,"8","U","",14.1,"",72,"",12.1,"",1003.3,"",1016.2,"",8,-1.0,"",.0,"8",0,"8","01","0","1","","0","","","3","","","1","","",0,"8",.0,"8",.0,"8","","8",0,"8","","",.0,"8",.0,"8",.0,"8",.0,"8",.0,"8",.0,"8",.0,"8",.0,"8",.0,"8",0,"8",0,"8",0,"8","","",0,"8",0,"8"
"352190360","P£OCK","2006","06","26","04","9","",0,"8",0,"8","","","",8,"",0,"8",0,"8",2,"",110,"",5,"",0,"",18.3,"",.0,"8","U","",14.9,"",71,"",12.9,"",1002.8,"",1015.7,"",7,-1.6,"",.0,"8",0,"8","01","0","1","","0","","","3","","","1","","",0,"8",.0,"8",.0,"8","","8",0,"8","","",.0,"8",.0,"8",.0,"8",.0,"8",.0,"8",.0,"8",.0,"8",.0,"8",.0,"8",0,"8",0,"8",0,"8","","",0,"8",0,"8"
"352190360","P£OCK","2006","06","26","05","9","",0,"8",0,"8","","","",8,"",0,"8",0,"8",2,"",120,"",5,"",0,"",20.1,"",.0,"8","U","",16.2,"",69,"",14.2,"",1002.8,"",1015.6,"",6,-.8,"",.0,"8",0,"8","01","0","0","","0","","","0","","","1","","",0,"8",.0,"8",.0,"8","","8",0,"8","","",.0,"8",.0,"8",.0,"8",.0,"8",.0,"8",.0,"8",.0,"8",.0,"8",.0,"8",0,"8",0,"8",0,"8","","",0,"8",0,"8"
"352190360","P£OCK","2006","06","26","06","9","",0,"8",0,"8","","","",8,"",0,"8",0,"8",3,"",120,"",6,"",0,"",21.3,"",.0,"8","U","",16.4,"",65,"",14.5,"",1002.5,"",1015.2,"",7,-.8,"",.0,"9",0,"9","03","0","1","","0","","","3","","","1","","",0,"",.0,"8",.0,"8","","8",0,"8","","",.0,"8",.0,"8",.0,"8",.0,"8",.0,"8",.0,"8",.0,"8",.0,"8",.0,"8",0,"8",0,"8",0,"8","","",0,"8",0,"8"
"352190360","P£OCK","2006","06","26","07","9","",0,"8",0,"8","","","",8,"",0,"8",0,"8",4,"",130,"",4,"",0,"",22.4,"",.0,"8","U","",17.8,"",66,"",15.7,"",1002.5,"",1015.2,"",6,-.3,"",.0,"8",0,"8","01","0","0","","0","","","0","","","6","","",0,"8",.0,"8",.0,"8","","8",0,"8","","",.0,"8",.0,"8",.0,"8",.0,"8",.0,"8",.0,"8",.0,"8",.0,"8",.0,"8",0,"8",0,"8",0,"8","","",0,"8",0,"8"
"352190360","P£OCK","2006","06","26","08","9","",0,"8",0,"8","","","",8,"",0,"8",0,"8",1,"",130,"",5,"",0,"",23.8,"",.0,"8","U","",19.1,"",65,"",16.8,"",1002.1,"",1014.7,"",7,-.7,"",.0,"8",0,"8","01","0","0","","0","","","0","","","2","","",0,"8",.0,"8",.0,"8","","8",0,"8","","",.0,"8",.0,"8",.0,"8",.0,"8",.0,"8",.0,"8",.0,"8",.0,"8",.0,"8",0,"8",0,"8",0,"8","","",0,"8",0,"8"
"352190360","P£OCK","2006","06","26","09","9","",0,"8",0,"8","","","",8,"",0,"8",0,"8",1,"",120,"",5,"",0,"",25.0,"",.0,"8","U","",19.3,"",61,"",17.0,"",1002.0,"",1014.6,"",8,-.5,"",.0,"8",0,"8","03","0","1","","0","","","3","","","0","","",0,"8",.0,"8",.0,"8","","8",0,"8","","",.0,"8",.0,"8",.0,"8",.0,"8",.0,"8",.0,"8",.0,"8",.0,"8",.0,"8",0,"8",0,"8",0,"8","","",0,"8",0,"8"
"352190360","P£OCK","2006","06","26","10","9","",0,"8",0,"8","","","",8,"",0,"8",0,"8",1,"",110,"",4,"",0,"",26.6,"",.0,"8","U","",21.2,"",61,"",18.5,"",1001.7,"",1014.2,"",7,-.8,"",.0,"8",0,"8","02","0","1","","0","","","4","","","0","","",0,"8",.0,"8",.0,"8","","8",0,"8","","",.0,"8",.0,"8",.0,"8",.0,"8",.0,"8",.0,"8",.0,"8",.0,"8",.0,"8",0,"8",0,"8",0,"8","","",0,"8",0,"8"
"352190360","P£OCK","2006","06","26","11","7","",0,"8",0,"8","","","",8,"",0,"8",0,"8",2,"",130,"",5,"",0,"",28.1,"",.0,"8","U","",21.2,"",56,"",18.5,"",1001.2,"",1013.6,"",8,-.9,"",.0,"8",0,"8","03","0","1","","2","","","3","","","0","","",0,"8",.0,"8",.0,"8","","8",0,"8","","",.0,"8",.0,"8",.0,"8",.0,"8",.0,"8",.0,"8",.0,"8",.0,"8",.0,"8",0,"8",0,"8",0,"8","","",0,"8",0,"8"
"352190360","P£OCK","2006","06","26","12","6","",0,"8",0,"8","","","",8,"",0,"8",0,"8",3,"",140,"",5,"",0,"",29.1,"",.0,"8","U","",21.3,"",53,"",18.5,"",1000.7,"",1013.1,"",8,-1.3,"",.0,"9",0,"9","17","0","2","","9","","","3","","","0","","",0,"",.0,"8",.0,"8","","8",0,"8","","",.0,"8",.0,"8",.0,"8",.0,"8",.0,"8",.0,"8",.0,"8",.0,"8",.0,"8",0,"8",0,"8",0,"8","","",0,"8",0,"8"
"352190360","P£OCK","2006","06","26","13","7","",0,"8",0,"8","","","",8,"",0,"8",0,"8",2,"",130,"",5,"",0,"",30.0,"",.0,"8","U","",22.0,"",52,"",19.1,"",999.6,"",1011.9,"",8,-2.1,"",.0,"8",0,"8","29","0","2","","9","","","0","","","0","","",0,"8",.0,"8",.0,"8","","8",0,"8","","",.0,"8",.0,"8",.0,"8",.0,"8",.0,"8",.0,"8",.0,"8",.0,"8",.0,"8",0,"8",0,"8",0,"8","","",0,"8",0,"8"
"352190360","P£OCK","2006","06","26","14","6","",0,"8",0,"8","","","",8,"",0,"8",0,"8",7,"",130,"",3,"",0,"",28.1,"",.0,"8","U","",21.2,"",56,"",18.5,"",999.5,"",1011.9,"",7,-1.7,"",.0,"8",0,"8","17","1","7","","9","","","/","","","/","","",0,"8",.0,"8",.0,"8","","8",0,"8","","",.0,"8",.0,"8",.0,"8",.0,"8",.0,"8",.0,"8",.0,"8",.0,"8",.0,"8",0,"8",0,"8",0,"8","","",0,"8",0,"8"
"352190360","P£OCK","2006","06","26","15","6","",0,"8",0,"8","","","",8,"",0,"8",0,"8",6,"",100,"",1,"",0,"",28.7,"",.0,"8","U","",24.7,"",63,"",21.0,"",999.1,"",1011.5,"",7,-1.6,"",.0,"8",0,"8","17","8","6","","9","","","0","","","0","","",0,"8",.0,"8",.0,"8","","8",0,"8","","",.0,"8",.0,"8",.0,"8",.0,"8",.0,"8",.0,"8",.0,"8",.0,"8",.0,"8",0,"8",0,"8",0,"8","","",0,"8",0,"8"
"352190360","P£OCK","2006","06","26","16","6","",0,"8",0,"8","","","",8,"",0,"8",0,"8",7,"",320,"",1,"",0,"",27.5,"",.0,"8","U","",20.9,"",57,"",18.2,"",999.4,"",1011.8,"",5,-.2,"",.0,"8",0,"8","17","9","7","","9","","","/","","","/","","",0,"8",.0,"8",.0,"8","","8",0,"8","","",.0,"8",.0,"8",.0,"8",.0,"8",.0,"8",.0,"8",.0,"8",.0,"8",.0,"8",0,"8",0,"8",0,"8","","",0,"8",0,"8"
"352190360","P£OCK","2006","06","26","17","5","",0,"8",0,"8","","","",7,"",0,"8",0,"8",7,"",220,"",4,"",9,"",24.6,"",.0,"8","U","",20.1,"",65,"",17.6,"",999.3,"",1011.8,"",7,-.2,"",.0,"8",0,"8","95","9","7","","9","","","/","","","/","","",0,"8",.0,"8",.0,"8","","8",0,"8","","",.0,"8",.0,"8",.0,"8",.0,"8",.0,"8",.0,"8",.0,"8",.0,"8",.0,"8",0,"8",0,"8",0,"8","","",0,"8",0,"8"
"352190360","P£OCK","2006","06","26","18","6","",0,"8",0,"8","","","",7,"",0,"8",0,"8",7,"",190,"",1,"",0,"",21.2,"",.0,"8","U","",20.8,"",83,"",18.2,"",999.4,"",1012.1,"",2,.3,"",2.2,"",6,"","29","9","7","","9","","","/","","","/","","",2,"",.0,"8",.0,"8","","8",0,"8","","",.0,"8",.0,"8",.0,"8",.0,"8",.0,"8",.0,"8",.0,"8",.0,"8",.0,"8",0,"8",0,"8",0,"8","","",0,"8",0,"8"
"352190360","P£OCK","2006","06","26","19","6","",0,"8",0,"8","","","",7,"",0,"8",0,"8",7,"",30,"",4,"",0,"",22.9,"",.0,"8","U","",22.0,"",79,"",19.1,"",1000.6,"",1013.2,"",3,1.2,"",.0,"8",0,"8","17","2","7","","9","","","/","","","/","","",0,"8",.0,"8",.0,"8","","8",0,"8","","",.0,"8",.0,"8",.0,"8",.0,"8",.0,"8",.0,"8",.0,"8",.0,"8",.0,"8",0,"8",0,"8",0,"8","","",0,"8",0,"8"
"352190360","P£OCK","2006","06","26","20","6","",0,"8",0,"8","","","",7,"",0,"8",0,"8",7,"",130,"",2,"",0,"",21.7,"",.0,"8","U","",21.0,"",81,"",18.3,"",1001.3,"",1014.0,"",2,2.0,"",.0,"8",0,"8","29","2","5","","9","","","3","","","2","","",0,"8",.0,"8",.0,"8","","8",0,"8","","",.0,"8",.0,"8",.0,"8",.0,"8",.0,"8",.0,"8",.0,"8",.0,"8",.0,"8",0,"8",0,"8",0,"8","","",0,"8",0,"8"
"352190360","P£OCK","2006","06","26","21","6","",0,"8",0,"8","","","",7,"",0,"8",0,"8",7,"",120,"",2,"",0,"",21.4,"",.0,"8","U","",21.1,"",83,"",18.4,"",1001.6,"",1014.3,"",1,2.2,"",.0,"8",0,"8","01","9","2","","9","","","0","","","6","","",0,"8",.0,"8",.0,"8","","8",0,"8","","",.0,"8",.0,"8",.0,"8",.0,"8",.0,"8",.0,"8",.0,"8",.0,"8",.0,"8",0,"8",0,"8",0,"8","","",0,"8",0,"8"
"352190360","P£OCK","2006","06","26","22","6","",0,"8",0,"8","","","",6,"",0,"8",0,"8",5,"",60,"",2,"",0,"",20.1,"",.0,"8","U","",20.4,"",87,"",17.9,"",1002.4,"",1015.2,"",2,1.8,"",.0,"8",0,"8","10","2","1","","9","","","0","","","8","","",0,"8",.0,"8",.0,"8","","8",0,"8","","",.0,"8",.0,"8",.0,"8",.0,"8",.0,"8",.0,"8",.0,"8",.0,"8",.0,"8",0,"8",0,"8",0,"8","","",0,"8",0,"8"
"352190360","P£OCK","2006","06","26","23","9","",0,"8",0,"8","","","",6,"",0,"8",0,"8",4,"",110,"",1,"",0,"",19.9,"",.0,"8","U","",20.2,"",87,"",17.7,"",1002.7,"",1015.5,"",2,1.4,"",.0,"8",0,"8","10","1","0","","0","","","0","","","8","","",0,"8",.0,"8",.0,"8","","8",0,"8","","",.0,"8",.0,"8",.0,"8",.0,"8",.0,"8",.0,"8",.0,"8",.0,"8",.0,"8",0,"8",0,"8",0,"8","","",0,"8",0,"8"
"352190360","P£OCK","2006","06","27","00","9","",0,"8",0,"8","","","",6,"",0,"8",0,"8",4,"",110,"",2,"",0,"",19.4,"",.0,"8","U","",20.5,"",91,"",17.9,"",1002.3,"",1015.1,"",0,.7,"",.0,"9",0,"9","10","9","1","","0","","","3","","","8","","",2,"",.0,"8",.0,"8","","8",0,"8","","",.0,"8",.0,"8",.0,"8",.0,"8",.0,"8",.0,"8",.0,"8",.0,"8",.0,"8",0,"8",0,"8",0,"8","","",0,"8",0,"8"
"352190360","P£OCK","2006","06","27","01","9","",0,"8",0,"8","","","",6,"",0,"8",0,"8",4,"",100,"",1,"",0,"",18.4,"",.0,"8","U","",19.4,"",92,"",17.1,"",1002.3,"",1015.2,"",6,-.1,"",.0,"8",0,"8","10","0","1","","0","","","3","","","8","","",0,"8",.0,"8",.0,"8","","8",0,"8","","",.0,"8",.0,"8",.0,"8",.0,"8",.0,"8",.0,"8",.0,"8",.0,"8",.0,"8",0,"8",0,"8",0,"8","","",0,"8",0,"8"
"352190360","P£OCK","2006","06","27","02","9","",0,"8",0,"8","","","",5,"",0,"8",0,"8",4,"",150,"",1,"",0,"",17.9,"",.0,"8","U","",19.0,"",93,"",16.8,"",1002.5,"",1015.4,"",5,-.2,"",.0,"8",0,"8","10","0","0","","0","","","0","","","8","","",0,"8",.0,"8",.0,"8","","8",0,"8","","",.0,"8",.0,"8",.0,"8",.0,"8",.0,"8",.0,"8",.0,"8",.0,"8",.0,"8",0,"8",0,"8",0,"8","","",0,"8",0,"8"
"352190360","P£OCK","2006","06","27","03","9","",0,"8",0,"8","","","",5,"",0,"8",0,"8",5,"",130,"",1,"",0,"",17.9,"",.0,"8","U","",19.2,"",94,"",16.9,"",1002.9,"",1015.8,"",3,.6,"",.0,"8",0,"8","10","1","1","","0","","","3","","","8","","",0,"8",.0,"8",.0,"8","","8",0,"8","","",.0,"8",.0,"8",.0,"8",.0,"8",.0,"8",.0,"8",.0,"8",.0,"8",.0,"8",0,"8",0,"8",0,"8","","",0,"8",0,"8"
"352190360","P£OCK","2006","06","27","04","7","",0,"8",0,"8","","","",6,"",0,"8",0,"8",5,"",290,"",2,"",0,"",19.4,"",.0,"8","U","",21.4,"",95,"",18.6,"",1003.4,"",1016.2,"",3,1.1,"",.0,"8",0,"8","10","1","1","","1","","","0","","","8","","",0,"8",.0,"8",.0,"8","","8",0,"8","","",.0,"8",.0,"8",.0,"8",.0,"8",.0,"8",.0,"8",.0,"8",.0,"8",.0,"8",0,"8",0,"8",0,"8","","",0,"8",0,"8"
"352190360","P£OCK","2006","06","27","05","7","",0,"8",0,"8","","","",7,"",0,"8",0,"8",5,"",290,"",3,"",0,"",21.0,"",.0,"8","U","",21.6,"",87,"",18.8,"",1003.6,"",1016.4,"",2,1.1,"",.0,"8",0,"8","03","2","1","","2","","","0","","","8","","",0,"8",.0,"8",.0,"8","","8",0,"8","","",.0,"8",.0,"8",.0,"8",.0,"8",.0,"8",.0,"8",.0,"8",.0,"8",.0,"8",0,"8",0,"8",0,"8","","",0,"8",0,"8"
"352190360","P£OCK","2006","06","27","06","5","",0,"8",0,"8","","","",7,"",0,"8",0,"8",3,"",290,"",3,"",0,"",22.8,"",.0,"8","U","",20.5,"",74,"",17.9,"",1003.8,"",1016.5,"",1,.9,"",.0,"9",0,"9","01","1","1","","1","","","0","","","1","","",1,"",.0,"8",.0,"8","","8",0,"8","","",.0,"8",.0,"8",.0,"8",.0,"8",.0,"8",.0,"8",.0,"8",.0,"8",.0,"8",0,"8",0,"8",0,"8","","",0,"8",0,"8"
"352190360","P£OCK","2006","06","27","07","9","",0,"8",0,"8","","","",8,"",0,"8",0,"8",1,"",300,"",4,"",0,"",24.6,"",.0,"8","U","",19.4,"",63,"",17.1,"",1004.1,"",1016.7,"",2,.7,"",.0,"8",0,"8","01","0","0","","0","","","0","","","1","","",0,"8",.0,"8",.0,"8","","8",0,"8","","",.0,"8",.0,"8",.0,"8",.0,"8",.0,"8",.0,"8",.0,"8",.0,"8",.0,"8",0,"8",0,"8",0,"8","","",0,"8",0,"8"
"352190360","P£OCK","2006","06","27","08","9","",0,"8",0,"8","","","",8,"",0,"8",0,"8",0,"",290,"",4,"",0,"",25.7,"",.0,"8","U","",17.1,"",52,"",15.1,"",1004.4,"",1017.0,"",2,.8,"",.0,"8",0,"8","01","0","0","","0","","","0","","","0","","",0,"8",.0,"8",.0,"8","","8",0,"8","","",.0,"8",.0,"8",.0,"8",.0,"8",.0,"8",.0,"8",.0,"8",.0,"8",.0,"8",0,"8",0,"8",0,"8","","",0,"8",0,"8"
"352190360","P£OCK","2006","06","27","09","6","",0,"8",0,"8","","","",8,"",0,"8",0,"8",1,"",290,"",2,"",0,"",26.5,"",.0,"8","U","",16.9,"",49,"",14.9,"",1004.7,"",1017.2,"",2,.9,"",.0,"8",0,"8","03","0","1","","1","","","0","","","0","","",0,"8",.0,"8",.0,"8","","8",0,"8","","",.0,"8",.0,"8",.0,"8",.0,"8",.0,"8",.0,"8",.0,"8",.0,"8",.0,"8",0,"8",0,"8",0,"8","","",0,"8",0,"8"
"352190360","P£OCK","2006","06","27","10","6","",0,"8",0,"8","","","",8,"",0,"8",0,"8",3,"",280,"",3,"",0,"",26.5,"",.0,"8","U","",16.2,"",47,"",14.3,"",1004.9,"",1017.4,"",2,.8,"",.0,"8",0,"8","03","0","2","","1","","","0","","","1","","",0,"8",.0,"8",.0,"8","","8",0,"8","","",.0,"8",.0,"8",.0,"8",.0,"8",.0,"8",.0,"8",.0,"8",.0,"8",.0,"8",0,"8",0,"8",0,"8","","",0,"8",0,"8"
"352190360","P£OCK","2006","06","27","11","7","",0,"8",0,"8","","","",8,"",0,"8",0,"8",4,"",290,"",4,"",0,"",27.6,"",.0,"8","U","",16.2,"",44,"",14.2,"",1004.6,"",1017.1,"",0,.2,"",.0,"8",0,"8","03","0","3","","2","","","0","","","1","","",0,"8",.0,"8",.0,"8","","8",0,"8","","",.0,"8",.0,"8",.0,"8",.0,"8",.0,"8",.0,"8",.0,"8",.0,"8",.0,"8",0,"8",0,"8",0,"8","","",0,"8",0,"8"
"352190360","P£OCK","2006","06","27","12","7","",0,"8",0,"8","","","",8,"",0,"8",0,"8",6,"",290,"",3,"",0,"",28.6,"",.0,"8","U","",15.2,"",39,"",13.3,"",1004.2,"",1016.6,"",8,-.5,"",.0,"9",0,"9","01","1","2","","1","","","0","","","6","","",0,"",.0,"8",.0,"8","","8",0,"8","","",.0,"8",.0,"8",.0,"8",.0,"8",.0,"8",.0,"8",.0,"8",.0,"8",.0,"8",0,"8",0,"8",0,"8","","",0,"8",0,"8"
"352190360","P£OCK","2006","06","27","13","7","",0,"8",0,"8","","","",8,"",0,"8",0,"8",5,"",290,"",4,"",0,"",28.7,"",.0,"8","U","",15.3,"",39,"",13.4,"",1004.0,"",1016.4,"",7,-.9,"",.0,"8",0,"8","01","2","1","","1","","","0","","","8","","",0,"8",.0,"8",.0,"8","","8",0,"8","","",.0,"8",.0,"8",.0,"8",.0,"8",.0,"8",.0,"8",.0,"8",.0,"8",.0,"8",0,"8",0,"8",0,"8","","",0,"8",0,"8"
"352190360","P£OCK","2006","06","27","14","8","",0,"8",0,"8","","","",8,"",0,"8",0,"8",3,"",290,"",4,"",0,"",29.0,"",.0,"8","U","",14.4,"",36,"",12.4,"",1003.5,"",1015.9,"",7,-1.1,"",.0,"8",0,"8","01","1","1","","1","","","0","","","8","","",0,"8",.0,"8",.0,"8","","8",0,"8","","",.0,"8",.0,"8",.0,"8",.0,"8",.0,"8",.0,"8",.0,"8",.0,"8",.0,"8",0,"8",0,"8",0,"8","","",0,"8",0,"8"
"352190360","P£OCK","2006","06","27","15","8","",0,"8",0,"8","","","",8,"",0,"8",0,"8",2,"",290,"",3,"",0,"",29.1,"",.0,"8","U","",14.1,"",35,"",12.1,"",1002.9,"",1015.3,"",8,-1.3,"",.0,"8",0,"8","01","1","1","","1","","","0","","","1","","",0,"8",.0,"8",.0,"8","","8",0,"8","","",.0,"8",.0,"8",.0,"8",.0,"8",.0,"8",.0,"8",.0,"8",.0,"8",.0,"8",0,"8",0,"8",0,"8","","",0,"8",0,"8"
"352190360","P£OCK","2006","06","27","16","8","",0,"8",0,"8","","","",8,"",0,"8",0,"8",2,"",310,"",3,"",0,"",28.7,"",.0,"8","U","",16.1,"",41,"",14.1,"",1002.8,"",1015.2,"",6,-1.2,"",.0,"8",0,"8","02","0","1","","1","","","0","","","1","","",0,"8",.0,"8",.0,"8","","8",0,"8","","",.0,"8",.0,"8",.0,"8",.0,"8",.0,"8",.0,"8",.0,"8",.0,"8",.0,"8",0,"8",0,"8",0,"8","","",0,"8",0,"8"
"352190360","P£OCK","2006","06","27","17","8","",0,"8",0,"8","","","",8,"",0,"8",0,"8",2,"",320,"",2,"",0,"",27.6,"",.0,"8","U","",16.6,"",45,"",14.6,"",1002.7,"",1015.2,"",6,-.8,"",.0,"8",0,"8","01","0","1","","5","","","0","","","2","","",0,"8",.0,"8",.0,"8","","8",0,"8","","",.0,"8",.0,"8",.0,"8",.0,"8",.0,"8",.0,"8",.0,"8",.0,"8",.0,"8",0,"8",0,"8",0,"8","","",0,"8",0,"8"
"352190360","P£OCK","2006","06","27","18","8","",0,"8",0,"8","","","",8,"",0,"8",0,"8",4,"",350,"",1,"",0,"",25.0,"",.0,"8","U","",19.6,"",62,"",17.2,"",1003.0,"",1015.6,"",3,.1,"",.0,"9",0,"9","03","1","1","","5","","","3","","","1","","",0,"",.0,"8",.0,"8","","8",0,"8","","",.0,"8",.0,"8",.0,"8",.0,"8",.0,"8",.0,"8",.0,"8",.0,"8",.0,"8",0,"8",0,"8",0,"8","","",0,"8",0,"8"
"352190360","P£OCK","2006","06","27","19","9","",0,"8",0,"8","","","",8,"",0,"8",0,"8",3,"",40,"",2,"",0,"",22.7,"",.0,"8","U","",18.4,"",67,"",16.3,"",1003.1,"",1015.8,"",3,.3,"",.0,"8",0,"8","01","0","3","","0","","","3","","","1","","",0,"8",.0,"8",.0,"8","","8",0,"8","","",.0,"8",.0,"8",.0,"8",.0,"8",.0,"8",.0,"8",.0,"8",.0,"8",.0,"8",0,"8",0,"8",0,"8","","",0,"8",0,"8"
"352190360","P£OCK","2006","06","27","20","9","",0,"8",0,"8","","","",7,"",0,"8",0,"8",4,"",110,"",1,"",0,"",20.9,"",.0,"8","U","",18.2,"",74,"",16.1,"",1003.2,"",1016.0,"",1,.5,"",.0,"8",0,"8","03","0","4","","0","","","3","","","1","","",0,"8",.0,"8",.0,"8","","8",0,"8","","",.0,"8",.0,"8",.0,"8",.0,"8",.0,"8",.0,"8",.0,"8",.0,"8",.0,"8",0,"8",0,"8",0,"8","","",0,"8",0,"8"
"352190360","P£OCK","2006","06","27","21","9","",0,"8",0,"8","","","",7,"",0,"8",0,"8",6,"",120,"",1,"",0,"",20.2,"",.0,"8","U","",18.7,"",79,"",16.4,"",1003.3,"",1016.1,"",2,.3,"",.0,"8",0,"8","03","1","5","","0","","","5","","","1","","",0,"8",.0,"8",.0,"8","","8",0,"8","","",.0,"8",.0,"8",.0,"8",.0,"8",.0,"8",.0,"8",.0,"8",.0,"8",.0,"8",0,"8",0,"8",0,"8","","",0,"8",0,"8"
"352190360","P£OCK","2006","06","27","22","9","",0,"8",0,"8","","","",7,"",0,"8",0,"8",6,"",20,"",1,"",0,"",19.1,"",.0,"8","U","",18.5,"",84,"",16.3,"",1003.1,"",1015.9,"",0,.0,"",.0,"8",0,"8","02","2","5","","0","","","3","","","1","","",0,"8",.0,"8",.0,"8","","8",0,"8","","",.0,"8",.0,"8",.0,"8",.0,"8",.0,"8",.0,"8",.0,"8",.0,"8",.0,"8",0,"8",0,"8",0,"8","","",0,"8",0,"8"
"352190360","P£OCK","2006","06","27","23","9","",0,"8",0,"8","","","",7,"",0,"8",0,"8",5,"",110,"",1,"",0,"",18.6,"",.0,"8","U","",18.4,"",86,"",16.2,"",1002.9,"",1015.8,"",8,-.3,"",.0,"8",0,"8","01","2","5","","0","","","3","","","0","","",0,"8",.0,"8",.0,"8","","8",0,"8","","",.0,"8",.0,"8",.0,"8",.0,"8",.0,"8",.0,"8",.0,"8",.0,"8",.0,"8",0,"8",0,"8",0,"8","","",0,"8",0,"8"
"352190360","P£OCK","2006","06","28","00","9","",0,"8",0,"8","","","",7,"",0,"8",0,"8",5,"",220,"",1,"",0,"",19.1,"",.0,"8","U","",17.6,"",80,"",15.6,"",1002.6,"",1015.4,"",7,-.7,"",.0,"9",0,"9","02","1","5","","0","","","3","","","0","","",0,"",.0,"8",.0,"8","","8",0,"8","","",.0,"8",.0,"8",.0,"8",.0,"8",.0,"8",.0,"8",.0,"8",.0,"8",.0,"8",0,"8",0,"8",0,"8","","",0,"8",0,"8"
"352190360","P£OCK","2006","06","28","01","9","",0,"8",0,"8","","","",7,"",0,"8",0,"8",5,"",180,"",1,"",0,"",18.8,"",.0,"8","U","",18.0,"",83,"",15.8,"",1003.3,"",1016.1,"",3,.2,"",.0,"8",0,"8","02","2","5","","0","","","3","","","0","","",0,"8",.0,"8",.0,"8","","8",0,"8","","",.0,"8",.0,"8",.0,"8",.0,"8",.0,"8",.0,"8",.0,"8",.0,"8",.0,"8",0,"8",0,"8",0,"8","","",0,"8",0,"8"
"352190360","P£OCK","2006","06","28","02","6","",0,"8",0,"8","","","",7,"",0,"8",0,"8",7,"",80,"",1,"",0,"",17.6,"",.0,"8","U","",17.5,"",87,"",15.4,"",1002.9,"",1015.8,"",0,.0,"",.0,"8",0,"8","03","2","2","","9","","","3","","","1","","",0,"8",.0,"8",.0,"8","","8",0,"8","","",.0,"8",.0,"8",.0,"8",.0,"8",.0,"8",.0,"8",.0,"8",.0,"8",.0,"8",0,"8",0,"8",0,"8","","",0,"8",0,"8"
"352190360","P£OCK","2006","06","28","03","6","",0,"8",0,"8","","","",7,"",0,"8",0,"8",7,"",330,"",3,"",0,"",18.3,"",.0,"8","U","",18.0,"",86,"",15.9,"",1002.9,"",1015.8,"",1,.3,"",.0,"8",0,"8","01","2","1","","5","","","5","","","/","","",0,"8",.0,"8",.0,"8","","8",0,"8","","",.0,"8",.0,"8",.0,"8",.0,"8",.0,"8",.0,"8",.0,"8",.0,"8",.0,"8",0,"8",0,"8",0,"8","","",0,"8",0,"8"
"352190360","P£OCK","2006","06","28","04","6","",0,"8",0,"8","","","",7,"",0,"8",0,"8",7,"",20,"",5,"",0,"",17.8,"",.0,"8","U","",18.5,"",91,"",16.3,"",1003.0,"",1015.9,"",5,-.3,"",.0,"8",0,"8","03","2","3","","5","","","3","","","/","","",0,"8",.0,"8",.0,"8","","8",0,"8","","",.0,"8",.0,"8",.0,"8",.0,"8",.0,"8",.0,"8",.0,"8",.0,"8",.0,"8",0,"8",0,"8",0,"8","","",0,"8",0,"8"
"352190360","P£OCK","2006","06","28","05","3","",0,"8",0,"8","","","",7,"",0,"8",0,"8",7,"",360,"",4,"",0,"",17.8,"",.0,"8","U","",17.1,"",84,"",15.1,"",1003.5,"",1016.4,"",3,.6,"",.0,"8",0,"8","01","2","2","","5","","","3","","","/","","",0,"8",.0,"8",.0,"8","","8",0,"8","","",.0,"8",.0,"8",.0,"8",.0,"8",.0,"8",.0,"8",.0,"8",.0,"8",.0,"8",0,"8",0,"8",0,"8","","",0,"8",0,"8"
"352190360","P£OCK","2006","06","28","06","4","",0,"8",0,"8","","","",8,"",0,"8",0,"8",7,"",10,"",5,"",0,"",18.6,"",.0,"8","U","",16.5,"",77,"",14.5,"",1003.8,"",1016.7,"",2,.9,"",.0,"9",0,"9","03","2","2","","9","","","3","","","/","","",0,"",.0,"8",.0,"8","","8",0,"8","","",.0,"8",.0,"8",.0,"8",.0,"8",.0,"8",.0,"8",.0,"8",.0,"8",.0,"8",0,"8",0,"8",0,"8","","",0,"8",0,"8"
"352190360","P£OCK","2006","06","28","07","5","",0,"8",0,"8","","","",8,"",0,"8",0,"8",4,"",30,"",4,"",0,"",19.2,"",.0,"8","U","",16.4,"",74,"",14.5,"",1003.8,"",1016.6,"",1,.8,"",.0,"8",0,"8","01","1","2","","2","","","3","","","0","","",0,"8",.0,"8",.0,"8","","8",0,"8","","",.0,"8",.0,"8",.0,"8",.0,"8",.0,"8",.0,"8",.0,"8",.0,"8",.0,"8",0,"8",0,"8",0,"8","","",0,"8",0,"8"
"352190360","P£OCK","2006","06","28","08","5","",0,"8",0,"8","","","",8,"",0,"8",0,"8",6,"",20,"",4,"",0,"",20.5,"",.0,"8","U","",16.8,"",70,"",14.8,"",1004.7,"",1017.5,"",2,1.2,"",.0,"8",0,"8","01","1","4","","5","","","3","","","0","","",0,"8",.0,"8",.0,"8","","8",0,"8","","",.0,"8",.0,"8",.0,"8",.0,"8",.0,"8",.0,"8",.0,"8",.0,"8",.0,"8",0,"8",0,"8",0,"8","","",0,"8",0,"8"
"352190360","P£OCK","2006","06","28","09","6","",0,"8",0,"8","","","",8,"",0,"8",0,"8",6,"",360,"",5,"",0,"",20.9,"",.0,"8","U","",16.3,"",66,"",14.3,"",1005.0,"",1017.8,"",3,1.2,"",.0,"8",0,"8","03","1","6","","5","","","3","","","0","","",0,"8",.0,"8",.0,"8","","8",0,"8","","",.0,"8",.0,"8",.0,"8",.0,"8",.0,"8",.0,"8",.0,"8",.0,"8",.0,"8",0,"8",0,"8",0,"8","","",0,"8",0,"8"
"352190360","P£OCK","2006","06","28","10","5","",0,"8",0,"8","","","",8,"",0,"8",0,"8",6,"",350,"",4,"",0,"",20.9,"",.0,"8","U","",16.0,"",65,"",14.1,"",1005.1,"",1017.9,"",1,1.3,"",.0,"8",0,"8","03","2","6","","8","","","0","","","0","","",0,"8",.0,"8",.0,"8","","8",0,"8","","",.0,"8",.0,"8",.0,"8",.0,"8",.0,"8",.0,"8",.0,"8",.0,"8",.0,"8",0,"8",0,"8",0,"8","","",0,"8",0,"8"
"352190360","P£OCK","2006","06","28","11","5","",0,"8",0,"8","","","",8,"",0,"8",0,"8",3,"",340,"",3,"",0,"",21.2,"",.0,"8","U","",16.8,"",67,"",14.8,"",1005.3,"",1018.1,"",2,.6,"",.0,"8",0,"8","01","1","1","","1","","","3","","","0","","",0,"8",.0,"8",.0,"8","","8",0,"8","","",.0,"8",.0,"8",.0,"8",.0,"8",.0,"8",.0,"8",.0,"8",.0,"8",.0,"8",0,"8",0,"8",0,"8","","",0,"8",0,"8"
"352190360","P£OCK","2006","06","28","12","5","",0,"8",0,"8","","","",8,"",0,"8",0,"8",5,"",360,"",4,"",0,"",22.4,"",.0,"8","U","",15.7,"",58,"",13.7,"",1005.3,"",1018.0,"",1,.3,"",.0,"9",0,"9","03","1","4","","2","","","3","","","0","","",0,"",.0,"8",.0,"8","","8",0,"8","","",.0,"8",.0,"8",.0,"8",.0,"8",.0,"8",.0,"8",.0,"8",.0,"8",.0,"8",0,"8",0,"8",0,"8","","",0,"8",0,"8"
"352190360","P£OCK","2006","06","28","13","5","",0,"8",0,"8","","","",8,"",0,"8",0,"8",5,"",310,"",4,"",0,"",22.7,"",.0,"8","U","",16.2,"",59,"",14.3,"",1005.3,"",1018.0,"",1,.2,"",.0,"8",0,"8","03","2","4","","2","","","3","","","0","","",0,"8",.0,"8",.0,"8","","8",0,"8","","",.0,"8",.0,"8",.0,"8",.0,"8",.0,"8",.0,"8",.0,"8",.0,"8",.0,"8",0,"8",0,"8",0,"8","","",0,"8",0,"8"
"352190360","P£OCK","2006","06","28","14","6","",0,"8",0,"8","","","",8,"",0,"8",0,"8",3,"",320,"",3,"",0,"",23.5,"",.0,"8","U","",15.9,"",55,"",13.9,"",1005.4,"",1018.1,"",3,.1,"",.0,"8",0,"8","01","1","2","","2","","","3","","","0","","",0,"8",.0,"8",.0,"8","","8",0,"8","","",.0,"8",.0,"8",.0,"8",.0,"8",.0,"8",.0,"8",.0,"8",.0,"8",.0,"8",0,"8",0,"8",0,"8","","",0,"8",0,"8"
"352190360","P£OCK","2006","06","28","15","6","",0,"8",0,"8","","","",8,"",0,"8",0,"8",2,"",340,"",2,"",0,"",24.0,"",.0,"8","U","",15.2,"",51,"",13.2,"",1005.0,"",1017.6,"",8,-.3,"",.0,"8",0,"8","01","1","1","","2","","","0","","","1","","",0,"8",.0,"8",.0,"8","","8",0,"8","","",.0,"8",.0,"8",.0,"8",.0,"8",.0,"8",.0,"8",.0,"8",.0,"8",.0,"8",0,"8",0,"8",0,"8","","",0,"8",0,"8"
"352190360","P£OCK","2006","06","28","16","6","",0,"8",0,"8","","","",8,"",0,"8",0,"8",3,"",340,"",2,"",0,"",24.0,"",.0,"8","U","",14.9,"",50,"",12.9,"",1004.8,"",1017.4,"",8,-.5,"",.0,"8",0,"8","03","0","1","","2","","","3","","","1","","",0,"8",.0,"8",.0,"8","","8",0,"8","","",.0,"8",.0,"8",.0,"8",.0,"8",.0,"8",.0,"8",.0,"8",.0,"8",.0,"8",0,"8",0,"8",0,"8","","",0,"8",0,"8"
"352190360","P£OCK","2006","06","28","17","6","",0,"8",0,"8","","","",8,"",0,"8",0,"8",4,"",350,"",2,"",0,"",23.4,"",.0,"8","U","",15.5,"",54,"",13.6,"",1004.7,"",1017.4,"",6,-.7,"",.0,"8",0,"8","03","0","1","","2","","","3","","","1","","",0,"8",.0,"8",.0,"8","","8",0,"8","","",.0,"8",.0,"8",.0,"8",.0,"8",.0,"8",.0,"8",.0,"8",.0,"8",.0,"8",0,"8",0,"8",0,"8","","",0,"8",0,"8"
"352190360","P£OCK","2006","06","28","18","6","",0,"8",0,"8","","","",8,"",0,"8",0,"8",5,"",350,"",1,"",0,"",22.1,"",.0,"8","U","",15.9,"",60,"",14.0,"",1004.9,"",1017.6,"",5,-.1,"",.0,"9",0,"9","03","1","3","","9","","","3","","","1","","",0,"",.0,"8",.0,"8","","8",0,"8","","",.0,"8",.0,"8",.0,"8",.0,"8",.0,"8",.0,"8",.0,"8",.0,"8",.0,"8",0,"8",0,"8",0,"8","","",0,"8",0,"8"
"352190360","P£OCK","2006","06","28","19","6","",0,"8",0,"8","","","",8,"",0,"8",0,"8",7,"",360,"",2,"",0,"",20.7,"",.0,"8","U","",16.6,"",68,"",14.6,"",1005.6,"",1018.4,"",3,.8,"",.0,"8",0,"8","03","2","5","","9","","","3","","","/","","",0,"8",.0,"8",.0,"8","","8",0,"8","","",.0,"8",.0,"8",.0,"8",.0,"8",.0,"8",.0,"8",.0,"8",.0,"8",.0,"8",0,"8",0,"8",0,"8","","",0,"8",0,"8"
"352190360","P£OCK","2006","06","28","20","6","",0,"8",0,"8","","","",8,"",0,"8",0,"8",7,"",40,"",1,"",0,"",19.6,"",.0,"8","U","",17.3,"",76,"",15.3,"",1006.0,"",1018.8,"",2,1.3,"",.0,"8",0,"8","01","2","5","","5","","","3","","","/","","",0,"8",.0,"8",.0,"8","","8",0,"8","","",.0,"8",.0,"8",.0,"8",.0,"8",.0,"8",.0,"8",.0,"8",.0,"8",.0,"8",0,"8",0,"8",0,"8","","",0,"8",0,"8"
"352190360","P£OCK","2006","06","28","21","6","",0,"8",0,"8","","","",8,"",0,"8",0,"8",7,"",360,"",3,"",0,"",18.9,"",.0,"8","U","",17.0,"",78,"",15.0,"",1006.4,"",1019.3,"",1,1.5,"",.0,"8",0,"8","01","2","4","","5","","","3","","","/","","",0,"8",.0,"8",.0,"8","","8",0,"8","","",.0,"8",.0,"8",.0,"8",.0,"8",.0,"8",.0,"8",.0,"8",.0,"8",.0,"8",0,"8",0,"8",0,"8","","",0,"8",0,"8"
"352190360","P£OCK","2006","06","28","22","6","",0,"8",0,"8","","","",8,"",0,"8",0,"8",7,"",10,"",4,"",0,"",17.1,"",.0,"8","U","",15.8,"",81,"",13.8,"",1006.8,"",1019.8,"",2,1.2,"",.0,"8",0,"8","01","2","2","","5","","","3","","","/","","",0,"8",.0,"8",.0,"8","","8",0,"8","","",.0,"8",.0,"8",.0,"8",.0,"8",.0,"8",.0,"8",.0,"8",.0,"8",.0,"8",0,"8",0,"8",0,"8","","",0,"8",0,"8"
"352190360","P£OCK","2006","06","28","23","7","",0,"8",0,"8","","","",8,"",0,"8",0,"8",7,"",360,"",4,"",0,"",16.0,"",.0,"8","U","",15.2,"",84,"",13.3,"",1007.4,"",1020.4,"",3,1.4,"",.0,"8",0,"8","03","2","5","","5","","","3","","","/","","",0,"8",.0,"8",.0,"8","","8",0,"8","","",.0,"8",.0,"8",.0,"8",.0,"8",.0,"8",.0,"8",.0,"8",.0,"8",.0,"8",0,"8",0,"8",0,"8","","",0,"8",0,"8"
"352190360","P£OCK","2006","06","29","00","6","",0,"8",0,"8","","","",8,"",0,"8",0,"8",7,"",10,"",4,"",0,"",15.5,"",.0,"8","U","",14.8,"",84,"",12.8,"",1007.9,"",1021.0,"",2,1.5,"",.0,"9",0,"9","02","2","5","","5","","","3","","","/","","",0,"",.0,"8",.0,"8","","8",0,"8","","",.0,"8",.0,"8",.0,"8",.0,"8",.0,"8",.0,"8",.0,"8",.0,"8",.0,"8",0,"8",0,"8",0,"8","","",0,"8",0,"8"
"352190360","P£OCK","2006","06","29","01","6","",0,"8",0,"8","","","",8,"",0,"8",0,"8",7,"",10,"",5,"",0,"",15.0,"",.0,"8","U","",14.1,"",83,"",12.1,"",1008.1,"",1021.2,"",1,1.3,"",.0,"8",0,"8","01","2","4","","5","","","3","","","/","","",0,"8",.0,"8",.0,"8","","8",0,"8","","",.0,"8",.0,"8",.0,"8",.0,"8",.0,"8",.0,"8",.0,"8",.0,"8",.0,"8",0,"8",0,"8",0,"8","","",0,"8",0,"8"
"352190360","P£OCK","2006","06","29","02","6","",0,"8",0,"8","","","",8,"",0,"8",0,"8",7,"",20,"",3,"",0,"",14.7,"",.0,"8","U","",13.9,"",83,"",11.8,"",1008.4,"",1021.5,"",2,1.0,"",.0,"8",0,"8","02","2","4","","5","","","3","","","/","","",0,"8",.0,"8",.0,"8","","8",0,"8","","",.0,"8",.0,"8",.0,"8",.0,"8",.0,"8",.0,"8",.0,"8",.0,"8",.0,"8",0,"8",0,"8",0,"8","","",0,"8",0,"8"
"352190360","P£OCK","2006","06","29","03","6","",0,"8",0,"8","","","",8,"",0,"8",0,"8",8,"",10,"",3,"",0,"",14.5,"",.0,"8","U","",13.8,"",84,"",11.8,"",1008.9,"",1022.0,"",3,1.0,"",.0,"8",0,"8","03","2","8","","5","","","/","","","/","","",0,"8",.0,"8",.0,"8","","8",0,"8","","",.0,"8",.0,"8",.0,"8",.0,"8",.0,"8",.0,"8",.0,"8",.0,"8",.0,"8",0,"8",0,"8",0,"8","","",0,"8",0,"8"
"352190360","P£OCK","2006","06","29","04","5","",0,"8",0,"8","","","",8,"",0,"8",0,"8",8,"",10,"",3,"",0,"",14.6,"",.0,"8","U","",13.8,"",83,"",11.7,"",1009.2,"",1022.3,"",2,1.1,"",.0,"8",0,"8","02","2","8","","5","","","/","","","/","","",0,"8",.0,"8",.0,"8","","8",0,"8","","",.0,"8",.0,"8",.0,"8",.0,"8",.0,"8",.0,"8",.0,"8",.0,"8",.0,"8",0,"8",0,"8",0,"8","","",0,"8",0,"8"
"352190360","P£OCK","2006","06","29","05","5","",0,"8",0,"8","","","",8,"",0,"8",0,"8",8,"",360,"",3,"",0,"",15.0,"",.0,"8","U","",13.6,"",80,"",11.6,"",1009.8,"",1022.9,"",2,1.4,"",.0,"8",0,"8","02","2","8","","5","","","/","","","/","","",0,"8",.0,"8",.0,"8","","8",0,"8","","",.0,"8",.0,"8",.0,"8",.0,"8",.0,"8",.0,"8",.0,"8",.0,"8",.0,"8",0,"8",0,"8",0,"8","","",0,"8",0,"8"
"352190360","P£OCK","2006","06","29","06","5","",0,"8",0,"8","","","",8,"",0,"8",0,"8",8,"",20,"",3,"",0,"",15.2,"",.0,"8","U","",13.1,"",76,"",11.0,"",1010.1,"",1023.2,"",2,1.2,"",.0,"9",0,"9","02","2","8","","5","","","/","","","/","","",0,"",.0,"8",.0,"8","","8",0,"8","","",.0,"8",.0,"8",.0,"8",.0,"8",.0,"8",.0,"8",.0,"8",.0,"8",.0,"8",0,"8",0,"8",0,"8","","",0,"8",0,"8"
"352190360","P£OCK","2006","06","29","07","5","",0,"8",0,"8","","","",8,"",0,"8",0,"8",6,"",30,"",3,"",0,"",16.8,"",.0,"8","U","",13.2,"",69,"",11.1,"",1010.0,"",1023.0,"",0,.8,"",.0,"8",0,"8","01","2","3","","5","","","3","","","1","","",0,"8",.0,"8",.0,"8","","8",0,"8","","",.0,"8",.0,"8",.0,"8",.0,"8",.0,"8",.0,"8",.0,"8",.0,"8",.0,"8",0,"8",0,"8",0,"8","","",0,"8",0,"8"
"352190360","P£OCK","2006","06","29","08","6","",0,"8",0,"8","","","",8,"",0,"8",0,"8",6,"",30,"",2,"",0,"",17.2,"",.0,"8","U","",13.5,"",69,"",11.5,"",1010.1,"",1023.1,"",2,.3,"",.0,"8",0,"8","02","2","3","","5","","","3","","","1","","",0,"8",.0,"8",.0,"8","","8",0,"8","","",.0,"8",.0,"8",.0,"8",.0,"8",.0,"8",.0,"8",.0,"8",.0,"8",.0,"8",0,"8",0,"8",0,"8","","",0,"8",0,"8"
"352190360","P£OCK","2006","06","29","09","6","",0,"8",0,"8","","","",8,"",0,"8",0,"8",5,"",10,"",3,"",0,"",18.6,"",.0,"8","U","",13.0,"",61,"",10.9,"",1010.1,"",1023.0,"",4,.0,"",.0,"8",0,"8","03","2","1","","2","","","3","","","1","","",0,"8",.0,"8",.0,"8","","8",0,"8","","",.0,"8",.0,"8",.0,"8",.0,"8",.0,"8",.0,"8",.0,"8",.0,"8",.0,"8",0,"8",0,"8",0,"8","","",0,"8",0,"8"
"352190360","P£OCK","2006","06","29","10","6","",0,"8",0,"8","","","",8,"",0,"8",0,"8",4,"",360,"",3,"",0,"",19.7,"",.0,"8","U","",12.8,"",56,"",10.7,"",1010.4,"",1023.3,"",2,.4,"",.0,"8",0,"8","03","1","2","","2","","","3","","","1","","",0,"8",.0,"8",.0,"8","","8",0,"8","","",.0,"8",.0,"8",.0,"8",.0,"8",.0,"8",.0,"8",.0,"8",.0,"8",.0,"8",0,"8",0,"8",0,"8","","",0,"8",0,"8"
"352190360","P£OCK","2006","06","29","11","6","",0,"8",0,"8","","","",8,"",0,"8",0,"8",5,"",360,"",3,"",0,"",20.3,"",.0,"8","U","",12.8,"",54,"",10.7,"",1010.3,"",1023.2,"",0,.2,"",.0,"8",0,"8","03","1","4","","2","","","3","","","1","","",0,"8",.0,"8",.0,"8","","8",0,"8","","",.0,"8",.0,"8",.0,"8",.0,"8",.0,"8",.0,"8",.0,"8",.0,"8",.0,"8",0,"8",0,"8",0,"8","","",0,"8",0,"8"
"352190360","P£OCK","2006","06","29","12","6","",0,"8",0,"8","","","",8,"",0,"8",0,"8",5,"",330,"",3,"",0,"",21.3,"",.0,"8","U","",13.4,"",53,"",11.3,"",1010.0,"",1022.8,"",8,-.1,"",.0,"9",0,"9","02","1","4","","2","","","3","","","1","","",0,"",.0,"8",.0,"8","","8",0,"8","","",.0,"8",.0,"8",.0,"8",.0,"8",.0,"8",.0,"8",.0,"8",.0,"8",.0,"8",0,"8",0,"8",0,"8","","",0,"8",0,"8"
"352190360","P£OCK","2006","06","29","13","6","",0,"8",0,"8","","","",8,"",0,"8",0,"8",4,"",350,"",3,"",0,"",21.2,"",.0,"8","U","",12.8,"",51,"",10.7,"",1009.7,"",1022.5,"",8,-.7,"",.0,"8",0,"8","01","1","2","","2","","","3","","","6","","",0,"8",.0,"8",.0,"8","","8",0,"8","","",.0,"8",.0,"8",.0,"8",.0,"8",.0,"8",.0,"8",.0,"8",.0,"8",.0,"8",0,"8",0,"8",0,"8","","",0,"8",0,"8"
"352190360","P£OCK","2006","06","29","14","6","",0,"8",0,"8","","","",8,"",0,"8",0,"8",4,"",330,"",4,"",0,"",21.5,"",.0,"8","U","",13.0,"",51,"",10.9,"",1009.2,"",1022.0,"",8,-1.1,"",.0,"8",0,"8","01","0","2","","2","","","0","","","8","","",0,"8",.0,"8",.0,"8","","8",0,"8","","",.0,"8",.0,"8",.0,"8",.0,"8",.0,"8",.0,"8",.0,"8",.0,"8",.0,"8",0,"8",0,"8",0,"8","","",0,"8",0,"8"
"352190360","P£OCK","2006","06","29","15","6","",0,"8",0,"8","","","",8,"",0,"8",0,"8",3,"",20,"",5,"",0,"",21.1,"",.0,"8","U","",13.5,"",54,"",11.4,"",1009.1,"",1021.9,"",7,-.9,"",.0,"8",0,"8","01","1","2","","1","","","0","","","1","","",0,"8",.0,"8",.0,"8","","8",0,"8","","",.0,"8",.0,"8",.0,"8",.0,"8",.0,"8",.0,"8",.0,"8",.0,"8",.0,"8",0,"8",0,"8",0,"8","","",0,"8",0,"8"
"352190360","P£OCK","2006","06","29","16","6","",0,"8",0,"8","","","",8,"",0,"8",0,"8",3,"",360,"",3,"",0,"",20.7,"",.0,"8","U","",12.4,"",51,"",10.2,"",1009.6,"",1022.4,"",5,-.1,"",.0,"8",0,"8","01","0","1","","1","","","0","","","1","","",0,"8",.0,"8",.0,"8","","8",0,"8","","",.0,"8",.0,"8",.0,"8",.0,"8",.0,"8",.0,"8",.0,"8",.0,"8",.0,"8",0,"8",0,"8",0,"8","","",0,"8",0,"8"
"352190360","P£OCK","2006","06","29","17","9","",0,"8",0,"8","","","",8,"",0,"8",0,"8",6,"",10,"",3,"",0,"",20.2,"",.0,"8","U","",12.5,"",53,"",10.3,"",1009.4,"",1022.3,"",0,.2,"",.0,"8",0,"8","01","1","1","","0","","","3","","","6","","",0,"8",.0,"8",.0,"8","","8",0,"8","","",.0,"8",.0,"8",.0,"8",.0,"8",.0,"8",.0,"8",.0,"8",.0,"8",.0,"8",0,"8",0,"8",0,"8","","",0,"8",0,"8"
"352190360","P£OCK","2006","06","29","18","9","",0,"8",0,"8","","","",8,"",0,"8",0,"8",8,"",360,"",3,"",0,"",19.3,"",.0,"8","U","",13.4,"",60,"",11.3,"",1009.3,"",1022.2,"",0,.2,"",.0,"9",0,"9","01","1","0","","0","","","0","","","7","","",0,"",.0,"8",.0,"8","","8",0,"8","","",.0,"8",.0,"8",.0,"8",.0,"8",.0,"8",.0,"8",.0,"8",.0,"8",.0,"8",0,"8",0,"8",0,"8","","",0,"8",0,"8"
"352190360","P£OCK","2006","06","29","19","9","",0,"8",0,"8","","","",8,"",0,"8",0,"8",8,"",350,"",3,"",0,"",17.3,"",.0,"8","U","",13.0,"",66,"",10.9,"",1010.2,"",1023.2,"",3,.6,"",.0,"8",0,"8","02","2","0","","0","","","0","","","7","","",0,"8",.0,"8",.0,"8","","8",0,"8","","",.0,"8",.0,"8",.0,"8",.0,"8",.0,"8",.0,"8",.0,"8",.0,"8",.0,"8",0,"8",0,"8",0,"8","","",0,"8",0,"8"
"352190360","P£OCK","2006","06","29","20","9","",0,"8",0,"8","","","",8,"",0,"8",0,"8",6,"",360,"",3,"",0,"",15.6,"",.0,"8","U","",13.1,"",74,"",11.0,"",1010.4,"",1023.5,"",3,1.0,"",.0,"8",0,"8","01","2","0","","0","","","0","","","8","","",0,"8",.0,"8",.0,"8","","8",0,"8","","",.0,"8",.0,"8",.0,"8",.0,"8",.0,"8",.0,"8",.0,"8",.0,"8",.0,"8",0,"8",0,"8",0,"8","","",0,"8",0,"8"
"352190360","P£OCK","2006","06","29","21","9","",0,"8",0,"8","","","",8,"",0,"8",0,"8",4,"",20,"",5,"",0,"",14.8,"",.0,"8","U","",12.6,"",75,"",10.4,"",1010.4,"",1023.5,"",1,1.1,"",.0,"8",0,"8","01","1","0","","0","","","0","","","8","","",0,"8",.0,"8",.0,"8","","8",0,"8","","",.0,"8",.0,"8",.0,"8",.0,"8",.0,"8",.0,"8",.0,"8",.0,"8",.0,"8",0,"8",0,"8",0,"8","","",0,"8",0,"8"
"352190360","P£OCK","2006","06","29","22","9","",0,"8",0,"8","","","",8,"",0,"8",0,"8",4,"",30,"",3,"",0,"",13.8,"",.0,"8","U","",12.6,"",80,"",10.4,"",1011.0,"",1024.2,"",2,.8,"",.0,"8",0,"8","02","0","0","","0","","","0","","","8","","",0,"8",.0,"8",.0,"8","","8",0,"8","","",.0,"8",.0,"8",.0,"8",.0,"8",.0,"8",.0,"8",.0,"8",.0,"8",.0,"8",0,"8",0,"8",0,"8","","",0,"8",0,"8"
"352190360","P£OCK","2006","06","29","23","9","",0,"8",0,"8","","","",8,"",0,"8",0,"8",4,"",20,"",3,"",0,"",12.7,"",.0,"8","U","",12.5,"",85,"",10.2,"",1011.4,"",1024.6,"",3,1.0,"",.0,"8",0,"8","02","0","0","","0","","","0","","","8","","",0,"8",.0,"8",.0,"8","","8",0,"8","","",.0,"8",.0,"8",.0,"8",.0,"8",.0,"8",.0,"8",.0,"8",.0,"8",.0,"8",0,"8",0,"8",0,"8","","",0,"8",0,"8"
"352190360","P£OCK","2006","06","30","00","9","",0,"8",0,"8","","","",8,"",0,"8",0,"8",4,"",40,"",3,"",0,"",12.7,"",.0,"8","U","",12.6,"",86,"",10.4,"",1011.1,"",1024.3,"",0,.7,"",.0,"9",0,"9","02","1","0","","0","","","0","","","8","","",0,"",.0,"8",.0,"8","","8",0,"8","","",.0,"8",.0,"8",.0,"8",.0,"8",.0,"8",.0,"8",.0,"8",.0,"8",.0,"8",0,"8",0,"8",0,"8","","",0,"8",0,"8"
"352190360","P£OCK","2006","06","30","01","9","",0,"8",0,"8","","","",8,"",0,"8",0,"8",4,"",40,"",3,"",0,"",12.6,"",.0,"8","U","",12.5,"",86,"",10.3,"",1010.9,"",1024.1,"",8,-.1,"",.0,"8",0,"8","02","0","0","","0","","","0","","","8","","",0,"8",.0,"8",.0,"8","","8",0,"8","","",.0,"8",.0,"8",.0,"8",.0,"8",.0,"8",.0,"8",.0,"8",.0,"8",.0,"8",0,"8",0,"8",0,"8","","",0,"8",0,"8"
"352190360","P£OCK","2006","06","30","02","9","",0,"8",0,"8","","","",8,"",0,"8",0,"8",4,"",40,"",3,"",0,"",12.1,"",.0,"8","U","",12.4,"",88,"",10.2,"",1010.9,"",1024.2,"",6,-.5,"",.0,"8",0,"8","02","0","0","","0","","","0","","","8","","",0,"8",.0,"8",.0,"8","","8",0,"8","","",.0,"8",.0,"8",.0,"8",.0,"8",.0,"8",.0,"8",.0,"8",.0,"8",.0,"8",0,"8",0,"8",0,"8","","",0,"8",0,"8"
"352190360","P£OCK","2006","06","30","03","9","",0,"8",0,"8","","","",8,"",0,"8",0,"8",7,"",40,"",2,"",0,"",11.9,"",.0,"8","U","",12.4,"",89,"",10.1,"",1011.1,"",1024.4,"",5,.0,"",.0,"8",0,"8","03","1","0","","0","","","0","","","6","","",0,"8",.0,"8",.0,"8","","8",0,"8","","",.0,"8",.0,"8",.0,"8",.0,"8",.0,"8",.0,"8",.0,"8",.0,"8",.0,"8",0,"8",0,"8",0,"8","","",0,"8",0,"8"
"352190360","P£OCK","2006","06","30","04","9","",0,"8",0,"8","","","",8,"",0,"8",0,"8",7,"",40,"",3,"",0,"",12.9,"",.0,"8","U","",12.9,"",87,"",10.8,"",1011.1,"",1024.3,"",1,.2,"",.0,"8",0,"8","03","2","1","","0","","","3","","","8","","",0,"8",.0,"8",.0,"8","","8",0,"8","","",.0,"8",.0,"8",.0,"8",.0,"8",.0,"8",.0,"8",.0,"8",.0,"8",.0,"8",0,"8",0,"8",0,"8","","",0,"8",0,"8"
"352190360","P£OCK","2006","06","30","05","7","",0,"8",0,"8","","","",8,"",0,"8",0,"8",7,"",50,"",4,"",0,"",14.9,"",.0,"8","U","",13.9,"",82,"",11.9,"",1011.3,"",1024.4,"",2,.4,"",.0,"8",0,"8","03","2","3","","5","","","0","","","8","","",0,"8",.0,"8",.0,"8","","8",0,"8","","",.0,"8",.0,"8",.0,"8",.0,"8",.0,"8",.0,"8",.0,"8",.0,"8",.0,"8",0,"8",0,"8",0,"8","","",0,"8",0,"8"
"352190360","P£OCK","2006","06","30","06","9","",0,"8",0,"8","","","",8,"",0,"8",0,"8",7,"",50,"",4,"",0,"",16.5,"",.0,"8","U","",14.4,"",77,"",12.5,"",1011.4,"",1024.5,"",3,.3,"",.0,"9",0,"9","01","1","2","","0","","","3","","","8","","",0,"",.0,"8",.0,"8","","8",0,"8","","",.0,"8",.0,"8",.0,"8",.0,"8",.0,"8",.0,"8",.0,"8",.0,"8",.0,"8",0,"8",0,"8",0,"8","","",0,"8",0,"8"
"352190360","P£OCK","2006","06","30","07","6","",0,"8",0,"8","","","",8,"",0,"8",0,"8",7,"",60,"",4,"",0,"",17.7,"",.0,"8","U","",14.3,"",71,"",12.4,"",1011.7,"",1024.7,"",2,.6,"",.0,"8",0,"8","03","2","5","","5","","","3","","","8","","",0,"8",.0,"8",.0,"8","","8",0,"8","","",.0,"8",.0,"8",.0,"8",.0,"8",.0,"8",.0,"8",.0,"8",.0,"8",.0,"8",0,"8",0,"8",0,"8","","",0,"8",0,"8"
"352190360","P£OCK","2006","06","30","08","6","",0,"8",0,"8","","","",8,"",0,"8",0,"8",7,"",60,"",3,"",0,"",19.1,"",.0,"8","U","",14.8,"",67,"",12.8,"",1011.7,"",1024.6,"",1,.4,"",.0,"8",0,"8","03","2","1","","2","","","3","","","8","","",0,"8",.0,"8",.0,"8","","8",0,"8","","",.0,"8",.0,"8",.0,"8",.0,"8",.0,"8",.0,"8",.0,"8",.0,"8",.0,"8",0,"8",0,"8",0,"8","","",0,"8",0,"8"
"352190360","P£OCK","2006","06","30","09","6","",0,"8",0,"8","","","",8,"",0,"8",0,"8",7,"",50,"",4,"",0,"",20.0,"",.0,"8","U","",14.5,"",62,"",12.5,"",1011.7,"",1024.6,"",1,.3,"",.0,"8",0,"8","03","2","5","","2","","","3","","","8","","",0,"8",.0,"8",.0,"8","","8",0,"8","","",.0,"8",.0,"8",.0,"8",.0,"8",.0,"8",.0,"8",.0,"8",.0,"8",.0,"8",0,"8",0,"8",0,"8","","",0,"8",0,"8"
"352190360","P£OCK","2006","06","30","10","6","",0,"8",0,"8","","","",8,"",0,"8",0,"8",7,"",30,"",5,"",0,"",22.1,"",.0,"8","U","",15.1,"",57,"",13.2,"",1011.6,"",1024.4,"",8,-.1,"",.0,"8",0,"8","01","2","4","","2","","","3","","","8","","",0,"8",.0,"8",.0,"8","","8",0,"8","","",.0,"8",.0,"8",.0,"8",.0,"8",.0,"8",.0,"8",.0,"8",.0,"8",.0,"8",0,"8",0,"8",0,"8","","",0,"8",0,"8"
"352190360","P£OCK","2006","06","30","11","6","",0,"8",0,"8","","","",8,"",0,"8",0,"8",7,"",60,"",4,"",10,"",22.2,"",.0,"8","U","",13.6,"",51,"",11.6,"",1011.3,"",1024.1,"",8,-.4,"",.0,"8",0,"8","01","2","4","","2","","","0","","","8","","",0,"8",.0,"8",.0,"8","","8",0,"8","","",.0,"8",.0,"8",.0,"8",.0,"8",.0,"8",.0,"8",.0,"8",.0,"8",.0,"8",0,"8",0,"8",0,"8","","",0,"8",0,"8"
"352190360","P£OCK","2006","06","30","12","6","",0,"8",0,"8","","","",8,"",0,"8",0,"8",7,"",50,"",4,"",0,"",21.8,"",.0,"8","U","",13.5,"",52,"",11.5,"",1011.3,"",1024.1,"",6,-.4,"",.0,"9",0,"9","01","2","3","","2","","","0","","","8","","",0,"",.0,"8",.0,"8","","8",0,"8","","",.0,"8",.0,"8",.0,"8",.0,"8",.0,"8",.0,"8",.0,"8",.0,"8",.0,"8",0,"8",0,"8",0,"8","","",0,"8",0,"8"
"352190360","P£OCK","2006","06","30","13","7","",0,"8",0,"8","","","",8,"",0,"8",0,"8",7,"",50,"",4,"",0,"",22.8,"",.0,"8","U","",12.7,"",46,"",10.6,"",1011.2,"",1024.0,"",7,-.4,"",.0,"8",0,"8","02","2","3","","2","","","0","","","8","","",0,"8",.0,"8",.0,"8","","8",0,"8","","",.0,"8",.0,"8",.0,"8",.0,"8",.0,"8",.0,"8",.0,"8",.0,"8",.0,"8",0,"8",0,"8",0,"8","","",0,"8",0,"8"
"352190360","P£OCK","2006","06","30","14","7","",0,"8",0,"8","","","",8,"",0,"8",0,"8",7,"",40,"",4,"",0,"",22.0,"",.0,"8","U","",13.7,"",52,"",11.7,"",1011.1,"",1023.9,"",8,-.2,"",.0,"8",0,"8","01","2","2","","2","","","0","","","8","","",0,"8",.0,"8",.0,"8","","8",0,"8","","",.0,"8",.0,"8",.0,"8",.0,"8",.0,"8",.0,"8",.0,"8",.0,"8",.0,"8",0,"8",0,"8",0,"8","","",0,"8",0,"8"
"352190360","P£OCK","2006","06","30","15","7","",0,"8",0,"8","","","",8,"",0,"8",0,"8",7,"",50,"",4,"",0,"",22.1,"",.0,"8","U","",12.7,"",48,"",10.6,"",1011.1,"",1023.9,"",6,-.2,"",.0,"8",0,"8","01","2","1","","2","","","3","","","8","","",0,"8",.0,"8",.0,"8","","8",0,"8","","",.0,"8",.0,"8",.0,"8",.0,"8",.0,"8",.0,"8",.0,"8",.0,"8",.0,"8",0,"8",0,"8",0,"8","","",0,"8",0,"8"
"352190360","P£OCK","2006","06","30","16","7","",0,"8",0,"8","","","",8,"",0,"8",0,"8",7,"",40,"",3,"",0,"",21.5,"",.0,"8","U","",14.1,"",55,"",12.1,"",1011.3,"",1024.1,"",3,.1,"",.0,"8",0,"8","01","2","1","","5","","","3","","","8","","",0,"8",.0,"8",.0,"8","","8",0,"8","","",.0,"8",.0,"8",.0,"8",.0,"8",.0,"8",.0,"8",.0,"8",.0,"8",.0,"8",0,"8",0,"8",0,"8","","",0,"8",0,"8"
"352190360","P£OCK","2006","06","30","17","7","",0,"8",0,"8","","","",8,"",0,"8",0,"8",7,"",20,"",2,"",0,"",20.7,"",.0,"8","U","",14.9,"",61,"",12.9,"",1011.2,"",1024.1,"",0,.1,"",.0,"8",0,"8","02","2","1","","5","","","3","","","8","","",0,"8",.0,"8",.0,"8","","8",0,"8","","",.0,"8",.0,"8",.0,"8",.0,"8",.0,"8",.0,"8",.0,"8",.0,"8",.0,"8",0,"8",0,"8",0,"8","","",0,"8",0,"8"
"352190360","P£OCK","2006","06","30","18","7","",0,"8",0,"8","","","",8,"",0,"8",0,"8",6,"",10,"",2,"",0,"",19.9,"",.0,"8","U","",14.6,"",63,"",12.6,"",1011.3,"",1024.2,"",2,.2,"",.0,"9",0,"9","01","2","1","","5","","","3","","","8","","",0,"",.0,"8",.0,"8","","8",0,"8","","",.0,"8",.0,"8",.0,"8",.0,"8",.0,"8",.0,"8",.0,"8",.0,"8",.0,"8",0,"8",0,"8",0,"8","","",0,"8",0,"8"
"352190360","P£OCK","2006","06","30","19","7","",0,"8",0,"8","","","",8,"",0,"8",0,"8",6,"",10,"",2,"",0,"",18.6,"",.0,"8","U","",14.3,"",67,"",12.3,"",1011.4,"",1024.4,"",3,.1,"",.0,"8",0,"8","03","2","3","","5","","","3","","","8","","",0,"8",.0,"8",.0,"8","","8",0,"8","","",.0,"8",.0,"8",.0,"8",.0,"8",.0,"8",.0,"8",.0,"8",.0,"8",.0,"8",0,"8",0,"8",0,"8","","",0,"8",0,"8"
"352190360","P£OCK","2006","06","30","20","9","",0,"8",0,"8","","","",8,"",0,"8",0,"8",6,"",20,"",3,"",0,"",17.4,"",.0,"8","U","",14.1,"",71,"",12.1,"",1011.8,"",1024.8,"",3,.6,"",.0,"8",0,"8","01","2","2","","0","","","3","","","8","","",0,"8",.0,"8",.0,"8","","8",0,"8","","",.0,"8",.0,"8",.0,"8",.0,"8",.0,"8",.0,"8",.0,"8",.0,"8",.0,"8",0,"8",0,"8",0,"8","","",0,"8",0,"8"
"352190360","P£OCK","2006","06","30","21","9","",0,"8",0,"8","","","",8,"",0,"8",0,"8",6,"",20,"",3,"",0,"",16.0,"",.0,"8","U","",14.0,"",77,"",12.0,"",1012.2,"",1025.3,"",3,.9,"",.0,"8",0,"8","01","2","0","","0","","","0","","","8","","",0,"8",.0,"8",.0,"8","","8",0,"8","","",.0,"8",.0,"8",.0,"8",.0,"8",.0,"8",.0,"8",.0,"8",.0,"8",.0,"8",0,"8",0,"8",0,"8","","",0,"8",0,"8"
"352190360","P£OCK","2006","06","30","22","9","",0,"8",0,"8","","","",9,"",0,"8",0,"8",5,"",20,"",3,"",0,"",15.3,"",.0,"8","U","",13.7,"",79,"",11.7,"",1012.5,"",1025.6,"",2,1.1,"",.0,"8",0,"8","03","2","1","","0","","","3","","","8","","",0,"8",.0,"8",.0,"8","","8",0,"8","","",.0,"8",.0,"8",.0,"8",.0,"8",.0,"8",.0,"8",.0,"8",.0,"8",.0,"8",0,"8",0,"8",0,"8","","",0,"8",0,"8"
"352190360","P£OCK","2006","06","30","23","8","",0,"8",0,"8","","","",8,"",0,"8",0,"8",5,"",20,"",4,"",0,"",15.5,"",.0,"8","U","",13.9,"",79,"",11.9,"",1012.7,"",1025.8,"",1,.9,"",.0,"8",0,"8","03","2","3","","5","","","3","","","8","","",0,"8",.0,"8",.0,"8","","8",0,"8","","",.0,"8",.0,"8",.0,"8",.0,"8",.0,"8",.0,"8",.0,"8",.0,"8",.0,"8",0,"8",0,"8",0,"8","","",0,"8",0,"8"
"352190360","P£OCK","2006","07","01","00","8","",0,"8",0,"8","","","",8,"",0,"8",0,"8",5,"",20,"",3,"",0,"",15.6,"",.0,"8","U","",14.3,"",81,"",12.3,"",1013.0,"",1026.1,"",2,.8,"",.0,"9",0,"9","02","2","3","","5","","","3","","","8","","",0,"",.0,"8",.0,"8","","8",0,"8","","",.0,"8",.0,"8",.0,"8",.0,"8",.0,"8",.0,"8",.0,"8",.0,"8",.0,"8",0,"8",0,"8",0,"8","","",0,"8",0,"8"
"352190360","P£OCK","2006","07","01","01","8","",0,"8",0,"8","","","",8,"",0,"8",0,"8",5,"",20,"",4,"",0,"",14.8,"",.0,"8","U","",14.3,"",85,"",12.3,"",1012.7,"",1025.9,"",0,.2,"",.0,"8",0,"8","02","2","3","","5","","","3","","","8","","",0,"8",.0,"8",.0,"8","","8",0,"8","","",.0,"8",.0,"8",.0,"8",.0,"8",.0,"8",.0,"8",.0,"8",.0,"8",.0,"8",0,"8",0,"8",0,"8","","",0,"8",0,"8"
"352190360","P£OCK","2006","07","01","02","9","",0,"8",0,"8","","","",8,"",0,"8",0,"8",5,"",30,"",4,"",0,"",14.6,"",.0,"8","U","",14.3,"",86,"",12.3,"",1012.8,"",1026.0,"",2,.1,"",.0,"8",0,"8","01","2","2","","0","","","3","","","8","","",0,"8",.0,"8",.0,"8","","8",0,"8","","",.0,"8",.0,"8",.0,"8",.0,"8",.0,"8",.0,"8",.0,"8",.0,"8",.0,"8",0,"8",0,"8",0,"8","","",0,"8",0,"8"
"352190360","P£OCK","2006","07","01","03","9","",0,"8",0,"8","","","",8,"",0,"8",0,"8",5,"",40,"",4,"",0,"",15.3,"",.0,"8","U","",14.1,"",81,"",12.1,"",1013.1,"",1026.2,"",3,.1,"",.0,"8",0,"8","02","2","2","","0","","","3","","","8","","",0,"8",.0,"8",.0,"8","","8",0,"8","","",.0,"8",.0,"8",.0,"8",.0,"8",.0,"8",.0,"8",.0,"8",.0,"8",.0,"8",0,"8",0,"8",0,"8","","",0,"8",0,"8"
"352190360","P£OCK","2006","07","01","04","9","",0,"8",0,"8","","","",8,"",0,"8",0,"8",7,"",50,"",3,"",0,"",15.7,"",.0,"8","U","",13.2,"",74,"",11.1,"",1013.4,"",1026.5,"",3,.7,"",.0,"8",0,"8","01","2","1","","0","","","3","","","6","","",0,"8",.0,"8",.0,"8","","8",0,"8","","",.0,"8",.0,"8",.0,"8",.0,"8",.0,"8",.0,"8",.0,"8",.0,"8",.0,"8",0,"8",0,"8",0,"8","","",0,"8",0,"8"
"352190360","P£OCK","2006","07","01","05","9","",0,"8",0,"8","","","",8,"",0,"8",0,"8",7,"",60,"",3,"",0,"",16.7,"",.0,"8","U","",12.5,"",66,"",10.3,"",1013.9,"",1027.0,"",3,1.1,"",.0,"8",0,"8","02","2","1","","0","","","3","","","8","","",0,"8",.0,"8",.0,"8","","8",0,"8","","",.0,"8",.0,"8",.0,"8",.0,"8",.0,"8",.0,"8",.0,"8",.0,"8",.0,"8",0,"8",0,"8",0,"8","","",0,"8",0,"8"
"352190360","P£OCK","2006","07","01","06","9","",0,"8",0,"8","","","",8,"",0,"8",0,"8",7,"",70,"",3,"",0,"",17.6,"",.0,"8","U","",12.9,"",64,"",10.7,"",1014.3,"",1027.3,"",2,1.2,"",.0,"9",0,"9","01","2","0","","0","","","0","","","8","","",0,"",.0,"8",.0,"8","","8",0,"8","","",.0,"8",.0,"8",.0,"8",.0,"8",.0,"8",.0,"8",.0,"8",.0,"8",.0,"8",0,"8",0,"8",0,"8","","",0,"8",0,"8"
"352190360","P£OCK","2006","07","01","07","9","",0,"8",0,"8","","","",8,"",0,"8",0,"8",7,"",60,"",4,"",0,"",18.7,"",.0,"8","U","",12.9,"",60,"",10.8,"",1014.6,"",1027.6,"",1,1.2,"",.0,"8",0,"8","02","2","0","","0","","","0","","","8","","",0,"8",.0,"8",.0,"8","","8",0,"8","","",.0,"8",.0,"8",.0,"8",.0,"8",.0,"8",.0,"8",.0,"8",.0,"8",.0,"8",0,"8",0,"8",0,"8","","",0,"8",0,"8"
"352190360","P£OCK","2006","07","01","08","5","",0,"8",0,"8","","","",8,"",0,"8",0,"8",7,"",80,"",4,"",0,"",20.3,"",.0,"8","U","",12.1,"",51,"",9.8,"",1014.8,"",1027.7,"",1,.9,"",.0,"8",0,"8","03","2","1","","1","","","0","","","8","","",0,"8",.0,"8",.0,"8","","8",0,"8","","",.0,"8",.0,"8",.0,"8",.0,"8",.0,"8",.0,"8",.0,"8",.0,"8",.0,"8",0,"8",0,"8",0,"8","","",0,"8",0,"8"
"352190360","P£OCK","2006","07","01","09","6","",0,"8",0,"8","","","",8,"",0,"8",0,"8",7,"",70,"",4,"",0,"",21.3,"",.0,"8","U","",11.6,"",46,"",9.2,"",1014.9,"",1027.8,"",1,.6,"",.0,"8",0,"8","03","2","1","","1","","","0","","","8","","",0,"8",.0,"8",.0,"8","","8",0,"8","","",.0,"8",.0,"8",.0,"8",.0,"8",.0,"8",.0,"8",.0,"8",.0,"8",.0,"8",0,"8",0,"8",0,"8","","",0,"8",0,"8"
"352190360","P£OCK","2006","07","01","10","7","",0,"8",0,"8","","","",8,"",0,"8",0,"8",7,"",70,"",4,"",0,"",22.0,"",.0,"8","U","",10.0,"",38,"",7.0,"",1014.9,"",1027.8,"",1,.3,"",.0,"8",0,"8","02","2","1","","1","","","0","","","8","","",0,"8",.0,"8",.0,"8","","8",0,"8","","",.0,"8",.0,"8",.0,"8",.0,"8",.0,"8",.0,"8",.0,"8",.0,"8",.0,"8",0,"8",0,"8",0,"8","","",0,"8",0,"8"
"352190360","P£OCK","2006","07","01","11","7","",0,"8",0,"8","","","",8,"",0,"8",0,"8",7,"",80,"",4,"",0,"",23.1,"",.0,"8","U","",9.3,"",33,"",5.9,"",1014.7,"",1027.5,"",8,-.1,"",.0,"8",0,"8","02","2","1","","1","","","0","","","8","","",0,"8",.0,"8",.0,"8","","8",0,"8","","",.0,"8",.0,"8",.0,"8",.0,"8",.0,"8",.0,"8",.0,"8",.0,"8",.0,"8",0,"8",0,"8",0,"8","","",0,"8",0,"8"
"352190360","P£OCK","2006","07","01","12","8","",0,"8",0,"8","","","",8,"",0,"8",0,"8",5,"",50,"",5,"",11,"",23.6,"",.0,"8","U","",9.6,"",33,"",6.4,"",1014.5,"",1027.3,"",8,-.4,"",.0,"9",0,"9","01","2","1","","1","","","0","","","8","","",0,"",.0,"8",.0,"8","","8",0,"8","","",.0,"8",.0,"8",.0,"8",.0,"8",.0,"8",.0,"8",.0,"8",.0,"8",.0,"8",0,"8",0,"8",0,"8","","",0,"8",0,"8"
"352190360","P£OCK","2006","07","01","13","8","",0,"8",0,"8","","","",8,"",0,"8",0,"8",5,"",50,"",5,"",0,"",23.2,"",.0,"8","U","",10.2,"",36,"",7.3,"",1014.2,"",1027.0,"",7,-.7,"",.0,"8",0,"8","03","2","2","","1","","","0","","","8","","",0,"8",.0,"8",.0,"8","","8",0,"8","","",.0,"8",.0,"8",.0,"8",.0,"8",.0,"8",.0,"8",.0,"8",.0,"8",.0,"8",0,"8",0,"8",0,"8","","",0,"8",0,"8"
"352190360","P£OCK","2006","07","01","14","8","",0,"8",0,"8","","","",8,"",0,"8",0,"8",5,"",60,"",5,"",0,"",24.3,"",.0,"8","U","",10.3,"",34,"",7.4,"",1014.0,"",1026.7,"",7,-.7,"",.0,"8",0,"8","03","2","3","","1","","","0","","","1","","",0,"8",.0,"8",.0,"8","","8",0,"8","","",.0,"8",.0,"8",.0,"8",.0,"8",.0,"8",.0,"8",.0,"8",.0,"8",.0,"8",0,"8",0,"8",0,"8","","",0,"8",0,"8"
"352190360","P£OCK","2006","07","01","15","8","",0,"8",0,"8","","","",8,"",0,"8",0,"8",3,"",80,"",4,"",0,"",24.3,"",.0,"8","U","",9.4,"",31,"",6.1,"",1013.9,"",1026.6,"",6,-.6,"",.0,"8",0,"8","01","1","2","","1","","","0","","","1","","",0,"8",.0,"8",.0,"8","","8",0,"8","","",.0,"8",.0,"8",.0,"8",.0,"8",.0,"8",.0,"8",.0,"8",.0,"8",.0,"8",0,"8",0,"8",0,"8","","",0,"8",0,"8"
"352190360","P£OCK","2006","07","01","16","8","",0,"8",0,"8","","","",8,"",0,"8",0,"8",3,"",70,"",4,"",0,"",24.2,"",.0,"8","U","",8.7,"",29,"",5.0,"",1013.8,"",1026.5,"",7,-.4,"",.0,"8",0,"8","01","0","1","","1","","","0","","","1","","",0,"8",.0,"8",.0,"8","","8",0,"8","","",.0,"8",.0,"8",.0,"8",.0,"8",.0,"8",.0,"8",.0,"8",.0,"8",.0,"8",0,"8",0,"8",0,"8","","",0,"8",0,"8"
"352190360","P£OCK","2006","07","01","17","9","",0,"8",0,"8","","","",8,"",0,"8",0,"8",2,"",50,"",3,"",0,"",23.2,"",.0,"8","U","",9.9,"",35,"",6.9,"",1013.8,"",1026.6,"",6,-.2,"",.0,"8",0,"8","01","0","1","","0","","","3","","","1","","",0,"8",.0,"8",.0,"8","","8",0,"8","","",.0,"8",.0,"8",.0,"8",.0,"8",.0,"8",.0,"8",.0,"8",.0,"8",.0,"8",0,"8",0,"8",0,"8","","",0,"8",0,"8"
"352190360","P£OCK","2006","07","01","18","9","",0,"8",0,"8","","","",8,"",0,"8",0,"8",4,"",50,"",3,"",0,"",21.3,"",.0,"8","U","",10.6,"",42,"",7.9,"",1013.9,"",1026.8,"",5,.0,"",.0,"9",0,"9","03","1","1","","0","","","3","","","6","","",0,"",.0,"8",.0,"8","","8",0,"8","","",.0,"8",.0,"8",.0,"8",.0,"8",.0,"8",.0,"8",.0,"8",.0,"8",.0,"8",0,"8",0,"8",0,"8","","",0,"8",0,"8"
"352190360","P£OCK","2006","07","01","19","9","",0,"8",0,"8","","","",8,"",0,"8",0,"8",4,"",50,"",2,"",0,"",18.4,"",.0,"8","U","",11.0,"",52,"",8.4,"",1014.2,"",1027.2,"",3,.4,"",.0,"8",0,"8","02","0","1","","0","","","3","","","8","","",0,"8",.0,"8",.0,"8","","8",0,"8","","",.0,"8",.0,"8",.0,"8",.0,"8",.0,"8",.0,"8",.0,"8",.0,"8",.0,"8",0,"8",0,"8",0,"8","","",0,"8",0,"8"
"352190360","P£OCK","2006","07","01","20","9","",0,"8",0,"8","","","",8,"",0,"8",0,"8",3,"",60,"",1,"",0,"",16.6,"",.0,"8","U","",10.7,"",57,"",8.0,"",1014.6,"",1027.7,"",3,.8,"",.0,"8",0,"8","01","0","0","","0","","","0","","","8","","",0,"8",.0,"8",.0,"8","","8",0,"8","","",.0,"8",.0,"8",.0,"8",.0,"8",.0,"8",.0,"8",.0,"8",.0,"8",.0,"8",0,"8",0,"8",0,"8","","",0,"8",0,"8"
"352190360","P£OCK","2006","07","01","21","9","",0,"8",0,"8","","","",8,"",0,"8",0,"8",2,"",40,"",3,"",0,"",14.8,"",.0,"8","U","",10.9,"",65,"",8.3,"",1014.9,"",1028.1,"",2,1.0,"",.0,"8",0,"8","01","0","0","","0","","","0","","","1","","",0,"8",.0,"8",.0,"8","","8",0,"8","","",.0,"8",.0,"8",.0,"8",.0,"8",.0,"8",.0,"8",.0,"8",.0,"8",.0,"8",0,"8",0,"8",0,"8","","",0,"8",0,"8"
"352190360","P£OCK","2006","07","01","22","9","",0,"8",0,"8","","","",8,"",0,"8",0,"8",2,"",40,"",3,"",0,"",14.2,"",.0,"8","U","",10.8,"",67,"",8.2,"",1015.1,"",1028.3,"",1,.9,"",.0,"8",0,"8","02","0","0","","0","","","0","","","1","","",0,"8",.0,"8",.0,"8","","8",0,"8","","",.0,"8",.0,"8",.0,"8",.0,"8",.0,"8",.0,"8",.0,"8",.0,"8",.0,"8",0,"8",0,"8",0,"8","","",0,"8",0,"8"
"352190360","P£OCK","2006","07","01","23","9","",0,"8",0,"8","","","",8,"",0,"8",0,"8",1,"",40,"",3,"",0,"",13.5,"",.0,"8","U","",11.0,"",71,"",8.3,"",1015.3,"",1028.5,"",2,.7,"",.0,"8",0,"8","01","0","0","","0","","","0","","","1","","",0,"8",.0,"8",.0,"8","","8",0,"8","","",.0,"8",.0,"8",.0,"8",.0,"8",.0,"8",.0,"8",.0,"8",.0,"8",.0,"8",0,"8",0,"8",0,"8","","",0,"8",0,"8"
"352190360","P£OCK","2006","07","02","00","9","",0,"8",0,"8","","","",8,"",0,"8",0,"8",1,"",40,"",3,"",0,"",13.4,"",.0,"8","U","",11.2,"",73,"",8.7,"",1015.3,"",1028.5,"",1,.4,"",.0,"9",0,"9","02","0","0","","0","","","0","","","1","","",0,"",.0,"8",.0,"8","","8",0,"8","","",.0,"8",.0,"8",.0,"8",.0,"8",.0,"8",.0,"8",.0,"8",.0,"8",.0,"8",0,"8",0,"8",0,"8","","",0,"8",0,"8"
"352190360","P£OCK","2006","07","02","01","9","",0,"8",0,"8","","","",8,"",0,"8",0,"8",2,"",30,"",3,"",0,"",13.1,"",.0,"8","U","",11.4,"",76,"",9.0,"",1015.4,"",1028.7,"",2,.3,"",.0,"8",0,"8","03","0","1","","0","","","3","","","1","","",0,"8",.0,"8",.0,"8","","8",0,"8","","",.0,"8",.0,"8",.0,"8",.0,"8",.0,"8",.0,"8",.0,"8",.0,"8",.0,"8",0,"8",0,"8",0,"8","","",0,"8",0,"8"
"352190360","P£OCK","2006","07","02","02","9","",0,"8",0,"8","","","",8,"",0,"8",0,"8",2,"",50,"",3,"",0,"",13.0,"",.0,"8","U","",11.4,"",76,"",8.9,"",1015.5,"",1028.8,"",3,.2,"",.0,"8",0,"8","02","0","1","","0","","","3","","","1","","",0,"8",.0,"8",.0,"8","","8",0,"8","","",.0,"8",.0,"8",.0,"8",.0,"8",.0,"8",.0,"8",.0,"8",.0,"8",.0,"8",0,"8",0,"8",0,"8","","",0,"8",0,"8"
"352190360","P£OCK","2006","07","02","03","9","",0,"8",0,"8","","","",8,"",0,"8",0,"8",2,"",50,"",3,"",0,"",12.5,"",.0,"8","U","",11.6,"",80,"",9.1,"",1015.6,"",1028.9,"",2,.3,"",.0,"8",0,"8","02","0","1","","0","","","3","","","1","","",0,"8",.0,"8",.0,"8","","8",0,"8","","",.0,"8",.0,"8",.0,"8",.0,"8",.0,"8",.0,"8",.0,"8",.0,"8",.0,"8",0,"8",0,"8",0,"8","","",0,"8",0,"8"
"352190360","P£OCK","2006","07","02","04","9","",0,"8",0,"8","","","",8,"",0,"8",0,"8",3,"",50,"",2,"",0,"",14.2,"",.0,"8","U","",12.6,"",78,"",10.4,"",1015.8,"",1029.0,"",2,.4,"",.0,"8",0,"8","03","0","2","","0","","","3","","","1","","",0,"8",.0,"8",.0,"8","","8",0,"8","","",.0,"8",.0,"8",.0,"8",.0,"8",.0,"8",.0,"8",.0,"8",.0,"8",.0,"8",0,"8",0,"8",0,"8","","",0,"8",0,"8"
"352190360","P£OCK","2006","07","02","05","9","",0,"8",0,"8","","","",8,"",0,"8",0,"8",3,"",60,"",2,"",0,"",16.5,"",.0,"8","U","",13.3,"",71,"",11.2,"",1015.8,"",1028.9,"",1,.3,"",.0,"8",0,"8","02","0","2","","0","","","3","","","1","","",0,"8",.0,"8",.0,"8","","8",0,"8","","",.0,"8",.0,"8",.0,"8",.0,"8",.0,"8",.0,"8",.0,"8",.0,"8",.0,"8",0,"8",0,"8",0,"8","","",0,"8",0,"8"
"352190360","P£OCK","2006","07","02","06","6","",0,"8",0,"8","","","",8,"",0,"8",0,"8",3,"",70,"",2,"",0,"",19.8,"",.0,"8","U","",13.6,"",59,"",11.6,"",1015.9,"",1028.9,"",2,.3,"",.0,"9",0,"9","03","0","1","","1","","","3","","","1","","",0,"",.0,"8",.0,"8","","8",0,"8","","",.0,"8",.0,"8",.0,"8",.0,"8",.0,"8",.0,"8",.0,"8",.0,"8",.0,"8",0,"8",0,"8",0,"8","","",0,"8",0,"8"
"352190360","P£OCK","2006","07","02","07","9","",0,"8",0,"8","","","",8,"",0,"8",0,"8",3,"",90,"",3,"",0,"",21.1,"",.0,"8","U","",13.5,"",54,"",11.4,"",1015.8,"",1028.7,"",0,.0,"",.0,"8",0,"8","01","0","2","","0","","","3","","","1","","",0,"8",.0,"8",.0,"8","","8",0,"8","","",.0,"8",.0,"8",.0,"8",.0,"8",.0,"8",.0,"8",.0,"8",.0,"8",.0,"8",0,"8",0,"8",0,"8","","",0,"8",0,"8"
"352190360","P£OCK","2006","07","02","08","9","",0,"8",0,"8","","","",8,"",0,"8",0,"8",2,"",130,"",4,"",0,"",22.5,"",.0,"8","U","",12.5,"",46,"",10.3,"",1015.7,"",1028.5,"",8,-.1,"",.0,"8",0,"8","01","0","1","","0","","","3","","","1","","",0,"8",.0,"8",.0,"8","","8",0,"8","","",.0,"8",.0,"8",.0,"8",.0,"8",.0,"8",.0,"8",.0,"8",.0,"8",.0,"8",0,"8",0,"8",0,"8","","",0,"8",0,"8"
"352190360","P£OCK","2006","07","02","09","7","",0,"8",0,"8","","","",8,"",0,"8",0,"8",2,"",100,"",4,"",0,"",23.0,"",.0,"8","U","",11.8,"",42,"",9.4,"",1015.7,"",1028.5,"",6,-.2,"",.0,"8",0,"8","03","0","1","","2","","","0","","","1","","",0,"8",.0,"8",.0,"8","","8",0,"8","","",.0,"8",.0,"8",.0,"8",.0,"8",.0,"8",.0,"8",.0,"8",.0,"8",.0,"8",0,"8",0,"8",0,"8","","",0,"8",0,"8"
"352190360","P£OCK","2006","07","02","10","7","",0,"8",0,"8","","","",8,"",0,"8",0,"8",3,"",80,"",4,"",0,"",24.4,"",.0,"8","U","",11.6,"",38,"",9.2,"",1015.5,"",1028.3,"",7,-.3,"",.0,"8",0,"8","03","0","2","","2","","","0","","","1","","",0,"8",.0,"8",.0,"8","","8",0,"8","","",.0,"8",.0,"8",.0,"8",.0,"8",.0,"8",.0,"8",.0,"8",.0,"8",.0,"8",0,"8",0,"8",0,"8","","",0,"8",0,"8"
"352190360","P£OCK","2006","07","02","11","7","",0,"8",0,"8","","","",8,"",0,"8",0,"8",4,"",80,"",3,"",0,"",24.2,"",.0,"8","U","",12.1,"",40,"",9.7,"",1015.3,"",1028.1,"",8,-.4,"",.0,"8",0,"8","03","0","3","","2","","","0","","","1","","",0,"8",.0,"8",.0,"8","","8",0,"8","","",.0,"8",.0,"8",.0,"8",.0,"8",.0,"8",.0,"8",.0,"8",.0,"8",.0,"8",0,"8",0,"8",0,"8","","",0,"8",0,"8"
"352190360","P£OCK","2006","07","02","12","7","",0,"8",0,"8","","","",9,"",0,"8",0,"8",3,"",90,"",4,"",0,"",25.2,"",.0,"8","U","",11.5,"",36,"",9.1,"",1014.8,"",1027.5,"",8,-.9,"",.0,"9",0,"9","01","0","2","","2","","","0","","","1","","",0,"",.0,"8",.0,"8","","8",0,"8","","",.0,"8",.0,"8",.0,"8",.0,"8",.0,"8",.0,"8",.0,"8",.0,"8",.0,"8",0,"8",0,"8",0,"8","","",0,"8",0,"8"
"352190360","P£OCK","2006","07","02","13","7","",0,"8",0,"8","","","",8,"",0,"8",0,"8",3,"",60,"",4,"",0,"",24.8,"",.0,"8","U","",11.2,"",36,"",8.7,"",1014.4,"",1027.1,"",7,-1.1,"",.0,"8",0,"8","02","0","2","","2","","","0","","","1","","",0,"8",.0,"8",.0,"8","","8",0,"8","","",.0,"8",.0,"8",.0,"8",.0,"8",.0,"8",.0,"8",.0,"8",.0,"8",.0,"8",0,"8",0,"8",0,"8","","",0,"8",0,"8"
"352190360","P£OCK","2006","07","02","14","7","",0,"8",0,"8","","","",8,"",0,"8",0,"8",3,"",80,"",5,"",0,"",25.9,"",.0,"8","U","",11.0,"",33,"",8.4,"",1013.7,"",1026.4,"",7,-1.6,"",.0,"8",0,"8","02","0","2","","2","","","0","","","1","","",0,"8",.0,"8",.0,"8","","8",0,"8","","",.0,"8",.0,"8",.0,"8",.0,"8",.0,"8",.0,"8",.0,"8",.0,"8",.0,"8",0,"8",0,"8",0,"8","","",0,"8",0,"8"
"352190360","P£OCK","2006","07","02","15","7","",0,"8",0,"8","","","",8,"",0,"8",0,"8",3,"",90,"",4,"",0,"",25.7,"",.0,"8","U","",11.2,"",34,"",8.7,"",1013.3,"",1026.0,"",7,-1.5,"",.0,"8",0,"8","01","0","2","","1","","","0","","","1","","",0,"8",.0,"8",.0,"8","","8",0,"8","","",.0,"8",.0,"8",.0,"8",.0,"8",.0,"8",.0,"8",.0,"8",.0,"8",.0,"8",0,"8",0,"8",0,"8","","",0,"8",0,"8"
"352190360","P£OCK","2006","07","02","16","7","",0,"8",0,"8","","","",8,"",0,"8",0,"8",2,"",80,"",3,"",0,"",25.1,"",.0,"8","U","",10.8,"",34,"",8.1,"",1013.1,"",1025.8,"",6,-1.3,"",.0,"8",0,"8","01","0","1","","1","","","0","","","1","","",0,"8",.0,"8",.0,"8","","8",0,"8","","",.0,"8",.0,"8",.0,"8",.0,"8",.0,"8",.0,"8",.0,"8",.0,"8",.0,"8",0,"8",0,"8",0,"8","","",0,"8",0,"8"
"352190360","P£OCK","2006","07","02","17","9","",0,"8",0,"8","","","",8,"",0,"8",0,"8",1,"",90,"",3,"",0,"",24.4,"",.0,"8","U","",10.7,"",35,"",7.9,"",1012.9,"",1025.6,"",6,-.8,"",.0,"8",0,"8","01","0","0","","0","","","0","","","1","","",0,"8",.0,"8",.0,"8","","8",0,"8","","",.0,"8",.0,"8",.0,"8",.0,"8",.0,"8",.0,"8",.0,"8",.0,"8",.0,"8",0,"8",0,"8",0,"8","","",0,"8",0,"8"
"352190360","P£OCK","2006","07","02","18","9","",0,"8",0,"8","","","",8,"",0,"8",0,"8",0,"",90,"",3,"",0,"",22.8,"",.0,"8","U","",11.9,"",43,"",9.6,"",1012.9,"",1025.7,"",6,-.4,"",.0,"9",0,"9","01","0","0","","0","","","0","","","0","","",0,"",.0,"8",.0,"8","","8",0,"8","","",.0,"8",.0,"8",.0,"8",.0,"8",.0,"8",.0,"8",.0,"8",.0,"8",.0,"8",0,"8",0,"8",0,"8","","",0,"8",0,"8"
"352190360","P£OCK","2006","07","02","19","9","",0,"8",0,"8","","","",8,"",0,"8",0,"8",0,"",80,"",2,"",0,"",20.0,"",.0,"8","U","",12.6,"",54,"",10.4,"",1012.8,"",1025.7,"",7,-.3,"",.0,"8",0,"8","02","0","0","","0","","","0","","","0","","",0,"8",.0,"8",.0,"8","","8",0,"8","","",.0,"8",.0,"8",.0,"8",.0,"8",.0,"8",.0,"8",.0,"8",.0,"8",.0,"8",0,"8",0,"8",0,"8","","",0,"8",0,"8"
"352190360","P£OCK","2006","07","02","20","9","",0,"8",0,"8","","","",8,"",0,"8",0,"8",0,"",80,"",2,"",0,"",17.9,"",.0,"8","U","",11.5,"",56,"",9.0,"",1013.2,"",1026.2,"",3,.3,"",.0,"8",0,"8","02","0","0","","0","","","0","","","0","","",0,"8",.0,"8",.0,"8","","8",0,"8","","",.0,"8",.0,"8",.0,"8",.0,"8",.0,"8",.0,"8",.0,"8",.0,"8",.0,"8",0,"8",0,"8",0,"8","","",0,"8",0,"8"
"352190360","P£OCK","2006","07","02","21","9","",0,"8",0,"8","","","",8,"",0,"8",0,"8",0,"",100,"",2,"",0,"",16.6,"",.0,"8","U","",11.1,"",59,"",8.5,"",1013.5,"",1026.6,"",3,.6,"",.0,"8",0,"8","02","0","0","","0","","","0","","","0","","",0,"8",.0,"8",.0,"8","","8",0,"8","","",.0,"8",.0,"8",.0,"8",.0,"8",.0,"8",.0,"8",.0,"8",.0,"8",.0,"8",0,"8",0,"8",0,"8","","",0,"8",0,"8"
"352190360","P£OCK","2006","07","02","22","9","",0,"8",0,"8","","","",8,"",0,"8",0,"8",0,"",100,"",2,"",0,"",15.1,"",.0,"8","U","",11.1,"",65,"",8.6,"",1013.7,"",1026.9,"",1,.9,"",.0,"8",0,"8","02","0","0","","0","","","0","","","0","","",0,"8",.0,"8",.0,"8","","8",0,"8","","",.0,"8",.0,"8",.0,"8",.0,"8",.0,"8",.0,"8",.0,"8",.0,"8",.0,"8",0,"8",0,"8",0,"8","","",0,"8",0,"8"
"352190360","P£OCK","2006","07","02","23","9","",0,"8",0,"8","","","",9,"",0,"8",0,"8",0,"",100,"",2,"",0,"",14.4,"",.0,"8","U","",11.0,"",67,"",8.3,"",1013.9,"",1027.1,"",2,.7,"",.0,"8",0,"8","02","0","0","","0","","","0","","","0","","",0,"8",.0,"8",.0,"8","","8",0,"8","","",.0,"8",.0,"8",.0,"8",.0,"8",.0,"8",.0,"8",.0,"8",.0,"8",.0,"8",0,"8",0,"8",0,"8","","",0,"8",0,"8"
"352190360","P£OCK","2006","07","03","00","9","",0,"8",0,"8","","","",8,"",0,"8",0,"8",0,"",90,"",2,"",0,"",13.2,"",.0,"8","U","",10.3,"",68,"",7.4,"",1014.1,"",1027.3,"",2,.6,"",.0,"9",0,"9","02","0","0","","0","","","0","","","0","","",0,"",.0,"8",.0,"8","","8",0,"8","","",.0,"8",.0,"8",.0,"8",.0,"8",.0,"8",.0,"8",.0,"8",.0,"8",.0,"8",0,"8",0,"8",0,"8","","",0,"8",0,"8"
"352190360","P£OCK","2006","07","03","01","9","",0,"8",0,"8","","","",8,"",0,"8",0,"8",0,"",80,"",2,"",0,"",11.2,"",.0,"8","U","",10.0,"",75,"",6.9,"",1014.2,"",1027.5,"",2,.5,"",.0,"8",0,"8","02","0","0","","0","","","0","","","0","","",0,"8",.0,"8",.0,"8","","8",0,"8","","",.0,"8",.0,"8",.0,"8",.0,"8",.0,"8",.0,"8",.0,"8",.0,"8",.0,"8",0,"8",0,"8",0,"8","","",0,"8",0,"8"
"352190360","P£OCK","2006","07","03","02","9","",0,"8",0,"8","","","",8,"",0,"8",0,"8",0,"",70,"",2,"",0,"",11.0,"",.0,"8","U","",10.1,"",77,"",7.1,"",1014.3,"",1027.6,"",2,.4,"",.0,"8",0,"8","02","0","0","","0","","","0","","","0","","",0,"8",.0,"8",.0,"8","","8",0,"8","","",.0,"8",.0,"8",.0,"8",.0,"8",.0,"8",.0,"8",.0,"8",.0,"8",.0,"8",0,"8",0,"8",0,"8","","",0,"8",0,"8"
"352190360","P£OCK","2006","07","03","03","9","",0,"8",0,"8","","","",9,"",0,"8",0,"8",0,"",70,"",2,"",0,"",10.7,"",.0,"8","U","",10.1,"",79,"",7.2,"",1014.1,"",1027.5,"",0,.0,"",.0,"8",0,"8","02","0","0","","0","","","0","","","0","","",0,"8",.0,"8",.0,"8","","8",0,"8","","",.0,"8",.0,"8",.0,"8",.0,"8",.0,"8",.0,"8",.0,"8",.0,"8",.0,"8",0,"8",0,"8",0,"8","","",0,"8",0,"8"
"352190360","P£OCK","2006","07","03","04","9","",0,"8",0,"8","","","",8,"",0,"8",0,"8",0,"",60,"",1,"",0,"",13.2,"",.0,"8","U","",11.2,"",74,"",8.7,"",1014.3,"",1027.5,"",2,.1,"",.0,"8",0,"8","02","0","0","","0","","","0","","","0","","",0,"8",.0,"8",.0,"8","","8",0,"8","","",.0,"8",.0,"8",.0,"8",.0,"8",.0,"8",.0,"8",.0,"8",.0,"8",.0,"8",0,"8",0,"8",0,"8","","",0,"8",0,"8"
"352190360","P£OCK","2006","07","03","05","9","",0,"8",0,"8","","","",8,"",0,"8",0,"8",0,"",90,"",2,"",0,"",16.0,"",.0,"8","U","",11.8,"",65,"",9.4,"",1014.4,"",1027.5,"",3,.1,"",.0,"8",0,"8","02","0","0","","0","","","0","","","0","","",0,"8",.0,"8",.0,"8","","8",0,"8","","",.0,"8",.0,"8",.0,"8",.0,"8",.0,"8",.0,"8",.0,"8",.0,"8",.0,"8",0,"8",0,"8",0,"8","","",0,"8",0,"8"
"352190360","P£OCK","2006","07","03","06","9","",0,"8",0,"8","","","",8,"",0,"8",0,"8",0,"",120,"",3,"",0,"",17.7,"",.0,"8","U","",11.3,"",56,"",8.8,"",1014.4,"",1027.4,"",1,.3,"",.0,"9",0,"9","02","0","0","","0","","","0","","","0","","",0,"",.0,"8",.0,"8","","8",0,"8","","",.0,"8",.0,"8",.0,"8",.0,"8",.0,"8",.0,"8",.0,"8",.0,"8",.0,"8",0,"8",0,"8",0,"8","","",0,"8",0,"8"
"352190360","P£OCK","2006","07","03","07","9","",0,"8",0,"8","","","",8,"",0,"8",0,"8",0,"",120,"",4,"",0,"",19.5,"",.0,"8","U","",12.0,"",53,"",9.7,"",1014.2,"",1027.2,"",8,-.1,"",.0,"8",0,"8","02","0","0","","0","","","0","","","0","","",0,"8",.0,"8",.0,"8","","8",0,"8","","",.0,"8",.0,"8",.0,"8",.0,"8",.0,"8",.0,"8",.0,"8",.0,"8",.0,"8",0,"8",0,"8",0,"8","","",0,"8",0,"8"
"352190360","P£OCK","2006","07","03","08","9","",0,"8",0,"8","","","",8,"",0,"8",0,"8",1,"",120,"",5,"",0,"",20.7,"",.0,"8","U","",10.7,"",44,"",8.0,"",1013.9,"",1026.8,"",8,-.5,"",.0,"8",0,"8","03","0","0","","0","","","0","","","1","","",0,"8",.0,"8",.0,"8","","8",0,"8","","",.0,"8",.0,"8",.0,"8",.0,"8",.0,"8",.0,"8",.0,"8",.0,"8",.0,"8",0,"8",0,"8",0,"8","","",0,"8",0,"8"
"352190360","P£OCK","2006","07","03","09","9","",0,"8",0,"8","","","",8,"",0,"8",0,"8",0,"",110,"",4,"",0,"",21.6,"",.0,"8","U","",10.0,"",39,"",7.0,"",1013.7,"",1026.6,"",7,-.7,"",.0,"8",0,"8","01","0","0","","0","","","0","","","0","","",0,"8",.0,"8",.0,"8","","8",0,"8","","",.0,"8",.0,"8",.0,"8",.0,"8",.0,"8",.0,"8",.0,"8",.0,"8",.0,"8",0,"8",0,"8",0,"8","","",0,"8",0,"8"
"352190360","P£OCK","2006","07","03","10","9","",0,"8",0,"8","","","",8,"",0,"8",0,"8",0,"",100,"",4,"",0,"",22.2,"",.0,"8","U","",10.1,"",38,"",7.2,"",1013.4,"",1026.2,"",7,-.8,"",.0,"8",0,"8","02","0","0","","0","","","0","","","0","","",0,"8",.0,"8",.0,"8","","8",0,"8","","",.0,"8",.0,"8",.0,"8",.0,"8",.0,"8",.0,"8",.0,"8",.0,"8",.0,"8",0,"8",0,"8",0,"8","","",0,"8",0,"8"
"352190360","P£OCK","2006","07","03","11","9","",0,"8",0,"8","","","",8,"",0,"8",0,"8",0,"",90,"",5,"",0,"",23.0,"",.0,"8","U","",9.0,"",32,"",5.4,"",1012.9,"",1025.7,"",8,-1.0,"",.0,"8",0,"8","02","0","0","","0","","","0","","","0","","",0,"8",.0,"8",.0,"8","","8",0,"8","","",.0,"8",.0,"8",.0,"8",.0,"8",.0,"8",.0,"8",.0,"8",.0,"8",.0,"8",0,"8",0,"8",0,"8","","",0,"8",0,"8"
"352190360","P£OCK","2006","07","03","12","9","",0,"8",0,"8","","","",8,"",0,"8",0,"8",0,"",80,"",4,"",9,"",23.8,"",.0,"8","U","",9.4,"",32,"",6.1,"",1012.4,"",1025.1,"",7,-1.3,"",.0,"9",0,"9","02","0","0","","0","","","0","","","0","","",0,"",.0,"8",.0,"8","","8",0,"8","","",.0,"8",.0,"8",.0,"8",.0,"8",.0,"8",.0,"8",.0,"8",.0,"8",.0,"8",0,"8",0,"8",0,"8","","",0,"8",0,"8"
"352190360","P£OCK","2006","07","03","13","9","",0,"8",0,"8","","","",8,"",0,"8",0,"8",0,"",100,"",5,"",0,"",24.2,"",.0,"8","U","",9.0,"",30,"",5.5,"",1012.1,"",1024.8,"",7,-1.3,"",.0,"8",0,"8","02","0","0","","0","","","0","","","0","","",0,"8",.0,"8",.0,"8","","8",0,"8","","",.0,"8",.0,"8",.0,"8",.0,"8",.0,"8",.0,"8",.0,"8",.0,"8",.0,"8",0,"8",0,"8",0,"8","","",0,"8",0,"8"
"352190360","P£OCK","2006","07","03","14","9","",0,"8",0,"8","","","",8,"",0,"8",0,"8",0,"",90,"",4,"",0,"",24.2,"",.0,"8","U","",9.0,"",30,"",5.5,"",1011.7,"",1024.4,"",7,-1.2,"",.0,"8",0,"8","02","0","0","","0","","","0","","","0","","",0,"8",.0,"8",.0,"8","","8",0,"8","","",.0,"8",.0,"8",.0,"8",.0,"8",.0,"8",.0,"8",.0,"8",.0,"8",.0,"8",0,"8",0,"8",0,"8","","",0,"8",0,"8"
"352190360","P£OCK","2006","07","03","15","9","",0,"8",0,"8","","","",8,"",0,"8",0,"8",0,"",100,"",4,"",0,"",24.6,"",.0,"8","U","",8.9,"",29,"",5.4,"",1011.2,"",1023.9,"",8,-1.2,"",.0,"8",0,"8","02","0","0","","0","","","0","","","0","","",0,"8",.0,"8",.0,"8","","8",0,"8","","",.0,"8",.0,"8",.0,"8",.0,"8",.0,"8",.0,"8",.0,"8",.0,"8",.0,"8",0,"8",0,"8",0,"8","","",0,"8",0,"8"
"352190360","P£OCK","2006","07","03","16","9","",0,"8",0,"8","","","",8,"",0,"8",0,"8",0,"",80,"",3,"",0,"",24.5,"",.0,"8","U","",9.2,"",30,"",5.8,"",1010.6,"",1023.3,"",8,-1.5,"",.0,"8",0,"8","02","0","0","","0","","","0","","","0","","",0,"8",.0,"8",.0,"8","","8",0,"8","","",.0,"8",.0,"8",.0,"8",.0,"8",.0,"8",.0,"8",.0,"8",.0,"8",.0,"8",0,"8",0,"8",0,"8","","",0,"8",0,"8"
"352190360","P£OCK","2006","07","03","17","9","",0,"8",0,"8","","","",8,"",0,"8",0,"8",0,"",80,"",3,"",0,"",23.9,"",.0,"8","U","",10.1,"",34,"",7.1,"",1010.5,"",1023.2,"",6,-1.2,"",.0,"8",0,"8","02","0","0","","0","","","0","","","0","","",0,"8",.0,"8",.0,"8","","8",0,"8","","",.0,"8",.0,"8",.0,"8",.0,"8",.0,"8",.0,"8",.0,"8",.0,"8",.0,"8",0,"8",0,"8",0,"8","","",0,"8",0,"8"
"352190360","P£OCK","2006","07","03","18","9","",0,"8",0,"8","","","",8,"",0,"8",0,"8",0,"",70,"",1,"",0,"",22.5,"",.0,"8","U","",11.4,"",42,"",8.9,"",1010.4,"",1023.2,"",6,-.8,"",.0,"9",0,"9","02","0","0","","0","","","0","","","0","","",0,"",.0,"8",.0,"8","","8",0,"8","","",.0,"8",.0,"8",.0,"8",.0,"8",.0,"8",.0,"8",.0,"8",.0,"8",.0,"8",0,"8",0,"8",0,"8","","",0,"8",0,"8"
"352190360","P£OCK","2006","07","03","19","9","",0,"8",0,"8","","","",8,"",0,"8",0,"8",0,"",60,"",2,"",0,"",19.0,"",.0,"8","U","",12.7,"",58,"",10.5,"",1010.6,"",1023.5,"",5,.0,"",.0,"8",0,"8","02","0","0","","0","","","0","","","0","","",0,"8",.0,"8",.0,"8","","8",0,"8","","",.0,"8",.0,"8",.0,"8",.0,"8",.0,"8",.0,"8",.0,"8",.0,"8",.0,"8",0,"8",0,"8",0,"8","","",0,"8",0,"8"
"352190360","P£OCK","2006","07","03","20","9","",0,"8",0,"8","","","",8,"",0,"8",0,"8",0,"",80,"",2,"",0,"",17.0,"",.0,"8","U","",11.6,"",60,"",9.2,"",1010.8,"",1023.8,"",3,.3,"",.0,"8",0,"8","02","0","0","","0","","","0","","","0","","",0,"8",.0,"8",.0,"8","","8",0,"8","","",.0,"8",.0,"8",.0,"8",.0,"8",.0,"8",.0,"8",.0,"8",.0,"8",.0,"8",0,"8",0,"8",0,"8","","",0,"8",0,"8"
"352190360","P£OCK","2006","07","03","21","9","",0,"8",0,"8","","","",9,"",0,"8",0,"8",0,"",80,"",3,"",0,"",16.3,"",.0,"8","U","",11.1,"",60,"",8.5,"",1010.8,"",1023.9,"",1,.4,"",.0,"8",0,"8","02","0","0","","0","","","0","","","0","","",0,"8",.0,"8",.0,"8","","8",0,"8","","",.0,"8",.0,"8",.0,"8",.0,"8",.0,"8",.0,"8",.0,"8",.0,"8",.0,"8",0,"8",0,"8",0,"8","","",0,"8",0,"8"
"352190360","P£OCK","2006","07","03","22","9","",0,"8",0,"8","","","",9,"",0,"8",0,"8",0,"",90,"",3,"",0,"",16.3,"",.0,"8","U","",10.7,"",58,"",8.0,"",1010.9,"",1024.0,"",2,.3,"",.0,"8",0,"8","02","0","0","","0","","","0","","","0","","",0,"8",.0,"8",.0,"8","","8",0,"8","","",.0,"8",.0,"8",.0,"8",.0,"8",.0,"8",.0,"8",.0,"8",.0,"8",.0,"8",0,"8",0,"8",0,"8","","",0,"8",0,"8"
"352190360","P£OCK","2006","07","03","23","9","",0,"8",0,"8","","","",9,"",0,"8",0,"8",0,"",90,"",2,"",0,"",13.7,"",.0,"8","U","",10.6,"",68,"",7.9,"",1011.2,"",1024.4,"",3,.4,"",.0,"8",0,"8","02","0","0","","0","","","0","","","0","","",0,"8",.0,"8",.0,"8","","8",0,"8","","",.0,"8",.0,"8",.0,"8",.0,"8",.0,"8",.0,"8",.0,"8",.0,"8",.0,"8",0,"8",0,"8",0,"8","","",0,"8",0,"8"
"352190360","P£OCK","2006","07","04","00","9","",0,"8",0,"8","","","",8,"",0,"8",0,"8",0,"",100,"",1,"",0,"",13.1,"",.0,"8","U","",10.7,"",71,"",8.0,"",1011.2,"",1024.4,"",1,.4,"",.0,"9",0,"9","02","0","0","","0","","","0","","","0","","",0,"",.0,"8",.0,"8","","8",0,"8","","",.0,"8",.0,"8",.0,"8",.0,"8",.0,"8",.0,"8",.0,"8",.0,"8",.0,"8",0,"8",0,"8",0,"8","","",0,"8",0,"8"
"352190360","P£OCK","2006","07","04","01","9","",0,"8",0,"8","","","",8,"",0,"8",0,"8",0,"",90,"",2,"",0,"",11.9,"",.0,"8","U","",10.6,"",76,"",7.8,"",1011.1,"",1024.4,"",0,.2,"",.0,"8",0,"8","02","0","0","","0","","","0","","","0","","",0,"8",.0,"8",.0,"8","","8",0,"8","","",.0,"8",.0,"8",.0,"8",.0,"8",.0,"8",.0,"8",.0,"8",.0,"8",.0,"8",0,"8",0,"8",0,"8","","",0,"8",0,"8"
"352190360","P£OCK","2006","07","04","02","9","",0,"8",0,"8","","","",8,"",0,"8",0,"8",1,"",70,"",1,"",0,"",11.4,"",.0,"8","U","",10.6,"",79,"",7.9,"",1011.2,"",1024.5,"",5,.0,"",.0,"8",0,"8","03","0","0","","0","","","0","","","1","","",0,"8",.0,"8",.0,"8","","8",0,"8","","",.0,"8",.0,"8",.0,"8",.0,"8",.0,"8",.0,"8",.0,"8",.0,"8",.0,"8",0,"8",0,"8",0,"8","","",0,"8",0,"8"
"352190360","P£OCK","2006","07","04","03","9","",0,"8",0,"8","","","",8,"",0,"8",0,"8",1,"",90,"",1,"",0,"",10.7,"",.0,"8","U","",10.4,"",81,"",7.6,"",1011.5,"",1024.8,"",3,.3,"",.0,"8",0,"8","02","0","0","","0","","","0","","","1","","",0,"8",.0,"8",.0,"8","","8",0,"8","","",.0,"8",.0,"8",.0,"8",.0,"8",.0,"8",.0,"8",.0,"8",.0,"8",.0,"8",0,"8",0,"8",0,"8","","",0,"8",0,"8"
"352190360","P£OCK","2006","07","04","04","9","",0,"8",0,"8","","","",8,"",0,"8",0,"8",1,"",80,"",1,"",0,"",13.7,"",.0,"8","U","",12.0,"",77,"",9.7,"",1011.9,"",1025.1,"",3,.8,"",.0,"8",0,"8","02","0","0","","0","","","0","","","1","","",0,"8",.0,"8",.0,"8","","8",0,"8","","",.0,"8",.0,"8",.0,"8",.0,"8",.0,"8",.0,"8",.0,"8",.0,"8",.0,"8",0,"8",0,"8",0,"8","","",0,"8",0,"8"
"352190360","P£OCK","2006","07","04","05","9","",0,"8",0,"8","","","",8,"",0,"8",0,"8",1,"",110,"",2,"",0,"",17.6,"",.0,"8","U","",12.0,"",60,"",9.7,"",1012.3,"",1025.3,"",2,1.1,"",.0,"8",0,"8","02","0","0","","0","","","0","","","1","","",0,"8",.0,"8",.0,"8","","8",0,"8","","",.0,"8",.0,"8",.0,"8",.0,"8",.0,"8",.0,"8",.0,"8",.0,"8",.0,"8",0,"8",0,"8",0,"8","","",0,"8",0,"8"
"352190360","P£OCK","2006","07","04","06","9","",0,"8",0,"8","","","",8,"",0,"8",0,"8",0,"",130,"",2,"",0,"",19.2,"",.0,"8","U","",12.4,"",56,"",10.2,"",1012.2,"",1025.1,"",0,.7,"",.0,"9",0,"9","01","0","0","","0","","","0","","","0","","",0,"",.0,"8",.0,"8","","8",0,"8","","",.0,"8",.0,"8",.0,"8",.0,"8",.0,"8",.0,"8",.0,"8",.0,"8",.0,"8",0,"8",0,"8",0,"8","","",0,"8",0,"8"
"352190360","P£OCK","2006","07","04","07","9","",0,"8",0,"8","","","",8,"",0,"8",0,"8",0,"",120,"",2,"",0,"",21.5,"",.0,"8","U","",12.3,"",48,"",10.0,"",1012.3,"",1025.1,"",2,.4,"",.0,"8",0,"8","02","0","0","","0","","","0","","","0","","",0,"8",.0,"8",.0,"8","","8",0,"8","","",.0,"8",.0,"8",.0,"8",.0,"8",.0,"8",.0,"8",.0,"8",.0,"8",.0,"8",0,"8",0,"8",0,"8","","",0,"8",0,"8"
"352190360","P£OCK","2006","07","04","08","9","",0,"8",0,"8","","","",8,"",0,"8",0,"8",0,"",110,"",3,"",0,"",22.9,"",.0,"8","U","",11.7,"",42,"",9.3,"",1012.1,"",1024.9,"",7,-.2,"",.0,"8",0,"8","02","0","0","","0","","","0","","","0","","",0,"8",.0,"8",.0,"8","","8",0,"8","","",.0,"8",.0,"8",.0,"8",.0,"8",.0,"8",.0,"8",.0,"8",.0,"8",.0,"8",0,"8",0,"8",0,"8","","",0,"8",0,"8"
"352190360","P£OCK","2006","07","04","09","7","",0,"8",0,"8","","","",8,"",0,"8",0,"8",1,"",110,"",3,"",0,"",23.6,"",.0,"8","U","",10.2,"",35,"",7.2,"",1011.8,"",1024.5,"",8,-.4,"",.0,"8",0,"8","03","0","1","","1","","","0","","","0","","",0,"8",.0,"8",.0,"8","","8",0,"8","","",.0,"8",.0,"8",.0,"8",.0,"8",.0,"8",.0,"8",.0,"8",.0,"8",.0,"8",0,"8",0,"8",0,"8","","",0,"8",0,"8"
"352190360","P£OCK","2006","07","04","10","7","",0,"8",0,"8","","","",8,"",0,"8",0,"8",1,"",130,"",4,"",0,"",24.7,"",.0,"8","U","",10.9,"",35,"",8.2,"",1011.5,"",1024.2,"",7,-.8,"",.0,"8",0,"8","02","0","1","","1","","","0","","","0","","",0,"8",.0,"8",.0,"8","","8",0,"8","","",.0,"8",.0,"8",.0,"8",.0,"8",.0,"8",.0,"8",.0,"8",.0,"8",.0,"8",0,"8",0,"8",0,"8","","",0,"8",0,"8"
"352190360","P£OCK","2006","07","04","11","7","",0,"8",0,"8","","","",8,"",0,"8",0,"8",1,"",100,"",4,"",0,"",25.4,"",.0,"8","U","",10.7,"",33,"",8.0,"",1011.2,"",1023.9,"",7,-.9,"",.0,"8",0,"8","02","0","1","","1","","","0","","","0","","",0,"8",.0,"8",.0,"8","","8",0,"8","","",.0,"8",.0,"8",.0,"8",.0,"8",.0,"8",.0,"8",.0,"8",.0,"8",.0,"8",0,"8",0,"8",0,"8","","",0,"8",0,"8"
"352190360","P£OCK","2006","07","04","12","7","",0,"8",0,"8","","","",8,"",0,"8",0,"8",1,"",150,"",3,"",0,"",26.3,"",.0,"8","U","",11.3,"",33,"",8.7,"",1010.7,"",1023.3,"",8,-1.1,"",.0,"9",0,"9","03","0","1","","1","","","0","","","0","","",0,"",.0,"8",.0,"8","","8",0,"8","","",.0,"8",.0,"8",.0,"8",.0,"8",.0,"8",.0,"8",.0,"8",.0,"8",.0,"8",0,"8",0,"8",0,"8","","",0,"8",0,"8"
"352190360","P£OCK","2006","07","04","13","7","",0,"8",0,"8","","","",8,"",0,"8",0,"8",1,"",150,"",4,"",0,"",26.6,"",.0,"8","U","",10.8,"",31,"",8.1,"",1010.3,"",1022.9,"",7,-1.2,"",.0,"8",0,"8","02","0","1","","1","","","0","","","0","","",0,"8",.0,"8",.0,"8","","8",0,"8","","",.0,"8",.0,"8",.0,"8",.0,"8",.0,"8",.0,"8",.0,"8",.0,"8",.0,"8",0,"8",0,"8",0,"8","","",0,"8",0,"8"
"352190360","P£OCK","2006","07","04","14","7","",0,"8",0,"8","","","",8,"",0,"8",0,"8",1,"",130,"",3,"",0,"",26.8,"",.0,"8","U","",10.9,"",31,"",8.2,"",1009.9,"",1022.5,"",7,-1.3,"",.0,"8",0,"8","01","0","1","","1","","","0","","","0","","",0,"8",.0,"8",.0,"8","","8",0,"8","","",.0,"8",.0,"8",.0,"8",.0,"8",.0,"8",.0,"8",.0,"8",.0,"8",.0,"8",0,"8",0,"8",0,"8","","",0,"8",0,"8"
"352190360","P£OCK","2006","07","04","15","9","",0,"8",0,"8","","","",8,"",0,"8",0,"8",0,"",150,"",3,"",0,"",26.9,"",.0,"8","U","",11.3,"",32,"",8.8,"",1009.5,"",1022.1,"",7,-1.2,"",.0,"8",0,"8","01","0","0","","0","","","0","","","0","","",0,"8",.0,"8",.0,"8","","8",0,"8","","",.0,"8",.0,"8",.0,"8",.0,"8",.0,"8",.0,"8",.0,"8",.0,"8",.0,"8",0,"8",0,"8",0,"8","","",0,"8",0,"8"
"352190360","P£OCK","2006","07","04","16","9","",0,"8",0,"8","","","",8,"",0,"8",0,"8",0,"",130,"",4,"",0,"",26.7,"",.0,"8","U","",10.8,"",31,"",8.2,"",1009.3,"",1021.9,"",6,-1.0,"",.0,"8",0,"8","02","0","0","","0","","","0","","","0","","",0,"8",.0,"8",.0,"8","","8",0,"8","","",.0,"8",.0,"8",.0,"8",.0,"8",.0,"8",.0,"8",.0,"8",.0,"8",.0,"8",0,"8",0,"8",0,"8","","",0,"8",0,"8"
"352190360","P£OCK","2006","07","04","17","9","",0,"8",0,"8","","","",8,"",0,"8",0,"8",0,"",110,"",2,"",0,"",26.1,"",.0,"8","U","",10.8,"",32,"",8.1,"",1009.2,"",1021.8,"",6,-.7,"",.0,"8",0,"8","02","0","0","","0","","","0","","","0","","",0,"8",.0,"8",.0,"8","","8",0,"8","","",.0,"8",.0,"8",.0,"8",.0,"8",.0,"8",.0,"8",.0,"8",.0,"8",.0,"8",0,"8",0,"8",0,"8","","",0,"8",0,"8"
"352190360","P£OCK","2006","07","04","18","9","",0,"8",0,"8","","","",8,"",0,"8",0,"8",1,"",80,"",2,"",0,"",24.6,"",.0,"8","U","",13.3,"",43,"",11.2,"",1009.0,"",1021.7,"",7,-.5,"",.0,"9",0,"9","03","0","0","","0","","","0","","","1","","",0,"",.0,"8",.0,"8","","8",0,"8","","",.0,"8",.0,"8",.0,"8",.0,"8",.0,"8",.0,"8",.0,"8",.0,"8",.0,"8",0,"8",0,"8",0,"8","","",0,"8",0,"8"
"352190360","P£OCK","2006","07","04","19","9","",0,"8",0,"8","","","",8,"",0,"8",0,"8",1,"",90,"",2,"",0,"",20.5,"",.0,"8","U","",13.5,"",56,"",11.4,"",1009.2,"",1022.0,"",5,-.1,"",.0,"8",0,"8","02","0","0","","0","","","0","","","1","","",0,"8",.0,"8",.0,"8","","8",0,"8","","",.0,"8",.0,"8",.0,"8",.0,"8",.0,"8",.0,"8",.0,"8",.0,"8",.0,"8",0,"8",0,"8",0,"8","","",0,"8",0,"8"
"352190360","P£OCK","2006","07","04","20","9","",0,"8",0,"8","","","",8,"",0,"8",0,"8",1,"",90,"",2,"",0,"",18.3,"",.0,"8","U","",13.2,"",63,"",11.1,"",1009.5,"",1022.5,"",3,.3,"",.0,"8",0,"8","02","0","0","","0","","","0","","","1","","",0,"8",.0,"8",.0,"8","","8",0,"8","","",.0,"8",.0,"8",.0,"8",.0,"8",.0,"8",.0,"8",.0,"8",.0,"8",.0,"8",0,"8",0,"8",0,"8","","",0,"8",0,"8"
"352190360","P£OCK","2006","07","04","21","9","",0,"8",0,"8","","","",8,"",0,"8",0,"8",0,"",100,"",1,"",0,"",16.8,"",.0,"8","U","",13.0,"",68,"",10.9,"",1009.5,"",1022.5,"",1,.5,"",.0,"8",0,"8","01","0","0","","0","","","0","","","0","","",0,"8",.0,"8",.0,"8","","8",0,"8","","",.0,"8",.0,"8",.0,"8",.0,"8",.0,"8",.0,"8",.0,"8",.0,"8",.0,"8",0,"8",0,"8",0,"8","","",0,"8",0,"8"
"352190360","P£OCK","2006","07","04","22","9","",0,"8",0,"8","","","",8,"",0,"8",0,"8",0,"",100,"",2,"",0,"",16.2,"",.0,"8","U","",12.5,"",68,"",10.3,"",1009.7,"",1022.7,"",2,.5,"",.0,"8",0,"8","02","0","0","","0","","","0","","","0","","",0,"8",.0,"8",.0,"8","","8",0,"8","","",.0,"8",.0,"8",.0,"8",.0,"8",.0,"8",.0,"8",.0,"8",.0,"8",.0,"8",0,"8",0,"8",0,"8","","",0,"8",0,"8"
"352190360","P£OCK","2006","07","04","23","9","",0,"8",0,"8","","","",8,"",0,"8",0,"8",0,"",120,"",2,"",0,"",15.7,"",.0,"8","U","",12.3,"",69,"",10.0,"",1009.8,"",1022.9,"",3,.3,"",.0,"8",0,"8","02","0","0","","0","","","0","","","0","","",0,"8",.0,"8",.0,"8","","8",0,"8","","",.0,"8",.0,"8",.0,"8",.0,"8",.0,"8",.0,"8",.0,"8",.0,"8",.0,"8",0,"8",0,"8",0,"8","","",0,"8",0,"8"
"352190360","P£OCK","2006","07","05","00","9","",0,"8",0,"8","","","",8,"",0,"8",0,"8",1,"",90,"",2,"",0,"",14.3,"",.0,"8","U","",11.7,"",72,"",9.3,"",1009.9,"",1023.0,"",2,.4,"",.0,"9",0,"9","03","0","0","","0","","","0","","","1","","",0,"",.0,"8",.0,"8","","8",0,"8","","",.0,"8",.0,"8",.0,"8",.0,"8",.0,"8",.0,"8",.0,"8",.0,"8",.0,"8",0,"8",0,"8",0,"8","","",0,"8",0,"8"
"352190360","P£OCK","2006","07","05","01","9","",0,"8",0,"8","","","",8,"",0,"8",0,"8",1,"",110,"",2,"",0,"",13.9,"",.0,"8","U","",11.9,"",75,"",9.5,"",1009.9,"",1023.1,"",1,.2,"",.0,"8",0,"8","02","0","0","","0","","","0","","","1","","",0,"8",.0,"8",.0,"8","","8",0,"8","","",.0,"8",.0,"8",.0,"8",.0,"8",.0,"8",.0,"8",.0,"8",.0,"8",.0,"8",0,"8",0,"8",0,"8","","",0,"8",0,"8"
"352190360","P£OCK","2006","07","05","02","9","",0,"8",0,"8","","","",8,"",0,"8",0,"8",1,"",100,"",2,"",0,"",12.8,"",.0,"8","U","",11.4,"",77,"",8.9,"",1009.9,"",1023.1,"",1,.1,"",.0,"8",0,"8","02","0","0","","0","","","0","","","1","","",0,"8",.0,"8",.0,"8","","8",0,"8","","",.0,"8",.0,"8",.0,"8",.0,"8",.0,"8",.0,"8",.0,"8",.0,"8",.0,"8",0,"8",0,"8",0,"8","","",0,"8",0,"8"
"352190360","P£OCK","2006","07","05","03","9","",0,"8",0,"8","","","",8,"",0,"8",0,"8",2,"",110,"",2,"",0,"",13.1,"",.0,"8","U","",11.4,"",76,"",9.0,"",1010.0,"",1023.2,"",3,.1,"",.0,"8",0,"8","03","0","0","","0","","","0","","","1","","",0,"8",.0,"8",.0,"8","","8",0,"8","","",.0,"8",.0,"8",.0,"8",.0,"8",.0,"8",.0,"8",.0,"8",.0,"8",.0,"8",0,"8",0,"8",0,"8","","",0,"8",0,"8"
"352190360","P£OCK","2006","07","05","04","9","",0,"8",0,"8","","","",8,"",0,"8",0,"8",2,"",110,"",1,"",0,"",14.8,"",.0,"8","U","",11.9,"",71,"",9.6,"",1010.3,"",1023.4,"",3,.4,"",.0,"8",0,"8","02","0","0","","0","","","0","","","1","","",0,"8",.0,"8",.0,"8","","8",0,"8","","",.0,"8",.0,"8",.0,"8",.0,"8",.0,"8",.0,"8",.0,"8",.0,"8",.0,"8",0,"8",0,"8",0,"8","","",0,"8",0,"8"
"352190360","P£OCK","2006","07","05","05","9","",0,"8",0,"8","","","",8,"",0,"8",0,"8",2,"",120,"",2,"",0,"",18.3,"",.0,"8","U","",13.4,"",64,"",11.4,"",1010.4,"",1023.4,"",2,.5,"",.0,"8",0,"8","02","0","0","","0","","","0","","","1","","",0,"8",.0,"8",.0,"8","","8",0,"8","","",.0,"8",.0,"8",.0,"8",.0,"8",.0,"8",.0,"8",.0,"8",.0,"8",.0,"8",0,"8",0,"8",0,"8","","",0,"8",0,"8"
"352190360","P£OCK","2006","07","05","06","9","",0,"8",0,"8","","","",8,"",0,"8",0,"8",1,"",130,"",3,"",0,"",20.4,"",.0,"8","U","",12.9,"",54,"",10.8,"",1010.5,"",1023.4,"",1,.5,"",.0,"9",0,"9","01","0","0","","0","","","0","","","1","","",0,"",.0,"8",.0,"8","","8",0,"8","","",.0,"8",.0,"8",.0,"8",.0,"8",.0,"8",.0,"8",.0,"8",.0,"8",.0,"8",0,"8",0,"8",0,"8","","",0,"8",0,"8"
"352190360","P£OCK","2006","07","05","07","9","",0,"8",0,"8","","","",8,"",0,"8",0,"8",1,"",120,"",3,"",0,"",22.8,"",.0,"8","U","",13.0,"",47,"",10.9,"",1010.3,"",1023.1,"",0,.0,"",.0,"8",0,"8","02","0","0","","0","","","0","","","1","","",0,"8",.0,"8",.0,"8","","8",0,"8","","",.0,"8",.0,"8",.0,"8",.0,"8",.0,"8",.0,"8",.0,"8",.0,"8",.0,"8",0,"8",0,"8",0,"8","","",0,"8",0,"8"
"352190360","P£OCK","2006","07","05","08","9","",0,"8",0,"8","","","",8,"",0,"8",0,"8",3,"",140,"",3,"",0,"",24.6,"",.0,"8","U","",12.3,"",40,"",10.1,"",1010.4,"",1023.1,"",4,.0,"",.0,"8",0,"8","03","0","0","","0","","","0","","","4","","",0,"8",.0,"8",.0,"8","","8",0,"8","","",.0,"8",.0,"8",.0,"8",.0,"8",.0,"8",.0,"8",.0,"8",.0,"8",.0,"8",0,"8",0,"8",0,"8","","",0,"8",0,"8"
"352190360","P£OCK","2006","07","05","09","9","",0,"8",0,"8","","","",8,"",0,"8",0,"8",6,"",160,"",4,"",0,"",25.8,"",.0,"8","U","",11.6,"",35,"",9.2,"",1010.2,"",1022.8,"",7,-.3,"",.0,"8",0,"8","03","1","0","","0","","","0","","","6","","",0,"8",.0,"8",.0,"8","","8",0,"8","","",.0,"8",.0,"8",.0,"8",.0,"8",.0,"8",.0,"8",.0,"8",.0,"8",.0,"8",0,"8",0,"8",0,"8","","",0,"8",0,"8"
"352190360","P£OCK","2006","07","05","10","9","",0,"8",0,"8","","","",8,"",0,"8",0,"8",7,"",130,"",4,"",0,"",26.6,"",.0,"8","U","",11.1,"",32,"",8.5,"",1009.9,"",1022.5,"",8,-.4,"",.0,"8",0,"8","03","2","0","","0","","","0","","","6","","",0,"8",.0,"8",.0,"8","","8",0,"8","","",.0,"8",.0,"8",.0,"8",.0,"8",.0,"8",.0,"8",.0,"8",.0,"8",.0,"8",0,"8",0,"8",0,"8","","",0,"8",0,"8"
"352190360","P£OCK","2006","07","05","11","9","",0,"8",0,"8","","","",8,"",0,"8",0,"8",5,"",160,"",2,"",0,"",28.1,"",.0,"8","U","",11.4,"",30,"",8.9,"",1009.5,"",1022.0,"",8,-.9,"",.0,"8",0,"8","01","2","0","","0","","","0","","","8","","",0,"8",.0,"8",.0,"8","","8",0,"8","","",.0,"8",.0,"8",.0,"8",.0,"8",.0,"8",.0,"8",.0,"8",.0,"8",.0,"8",0,"8",0,"8",0,"8","","",0,"8",0,"8"
"352190360","P£OCK","2006","07","05","12","9","",0,"8",0,"8","","","",8,"",0,"8",0,"8",5,"",140,"",4,"",0,"",28.4,"",.0,"8","U","",9.3,"",24,"",5.9,"",1009.1,"",1021.6,"",7,-1.1,"",.0,"9",0,"9","02","1","0","","0","","","0","","","8","","",0,"",.0,"8",.0,"8","","8",0,"8","","",.0,"8",.0,"8",.0,"8",.0,"8",.0,"8",.0,"8",.0,"8",.0,"8",.0,"8",0,"8",0,"8",0,"8","","",0,"8",0,"8"
"352190360","P£OCK","2006","07","05","13","9","",0,"8",0,"8","","","",8,"",0,"8",0,"8",4,"",140,"",3,"",0,"",29.0,"",.0,"8","U","",9.6,"",24,"",6.4,"",1008.8,"",1021.3,"",7,-1.1,"",.0,"8",0,"8","01","1","0","","0","","","0","","","8","","",0,"8",.0,"8",.0,"8","","8",0,"8","","",.0,"8",.0,"8",.0,"8",.0,"8",.0,"8",.0,"8",.0,"8",.0,"8",.0,"8",0,"8",0,"8",0,"8","","",0,"8",0,"8"
"352190360","P£OCK","2006","07","05","14","9","",0,"8",0,"8","","","",8,"",0,"8",0,"8",4,"",140,"",3,"",0,"",29.2,"",.0,"8","U","",8.5,"",21,"",4.6,"",1008.2,"",1020.7,"",7,-1.3,"",.0,"8",0,"8","02","0","0","","0","","","0","","","8","","",0,"8",.0,"8",.0,"8","","8",0,"8","","",.0,"8",.0,"8",.0,"8",.0,"8",.0,"8",.0,"8",.0,"8",.0,"8",.0,"8",0,"8",0,"8",0,"8","","",0,"8",0,"8"
"352190360","P£OCK","2006","07","05","15","9","",0,"8",0,"8","","","",8,"",0,"8",0,"8",2,"",120,"",3,"",0,"",29.2,"",.0,"8","U","",9.3,"",23,"",5.9,"",1007.8,"",1020.3,"",7,-1.3,"",.0,"8",0,"8","01","1","0","","0","","","0","","","1","","",0,"8",.0,"8",.0,"8","","8",0,"8","","",.0,"8",.0,"8",.0,"8",.0,"8",.0,"8",.0,"8",.0,"8",.0,"8",.0,"8",0,"8",0,"8",0,"8","","",0,"8",0,"8"
"352190360","P£OCK","2006","07","05","16","9","",0,"8",0,"8","","","",8,"",0,"8",0,"8",2,"",140,"",2,"",0,"",29.0,"",.0,"8","U","",9.6,"",24,"",6.4,"",1007.5,"",1020.0,"",6,-1.3,"",.0,"8",0,"8","02","0","0","","0","","","0","","","1","","",0,"8",.0,"8",.0,"8","","8",0,"8","","",.0,"8",.0,"8",.0,"8",.0,"8",.0,"8",.0,"8",.0,"8",.0,"8",.0,"8",0,"8",0,"8",0,"8","","",0,"8",0,"8"
"352190360","P£OCK","2006","07","05","17","9","",0,"8",0,"8","","","",8,"",0,"8",0,"8",2,"",160,"",1,"",0,"",28.5,"",.0,"8","U","",10.9,"",28,"",8.2,"",1007.4,"",1019.9,"",6,-.8,"",.0,"8",0,"8","02","0","0","","0","","","0","","","1","","",0,"8",.0,"8",.0,"8","","8",0,"8","","",.0,"8",.0,"8",.0,"8",.0,"8",.0,"8",.0,"8",.0,"8",.0,"8",.0,"8",0,"8",0,"8",0,"8","","",0,"8",0,"8"
"352190360","P£OCK","2006","07","05","18","9","",0,"8",0,"8","","","",8,"",0,"8",0,"8",2,"",50,"",1,"",0,"",26.5,"",.0,"8","U","",14.2,"",41,"",12.2,"",1007.3,"",1019.9,"",6,-.5,"",.0,"9",0,"9","02","1","0","","0","","","0","","","1","","",0,"",.0,"8",.0,"8","","8",0,"8","","",.0,"8",.0,"8",.0,"8",.0,"8",.0,"8",.0,"8",.0,"8",.0,"8",.0,"8",0,"8",0,"8",0,"8","","",0,"8",0,"8"
"352190360","P£OCK","2006","07","05","19","9","",0,"8",0,"8","","","",8,"",0,"8",0,"8",1,"",70,"",1,"",0,"",22.6,"",.0,"8","U","",14.8,"",54,"",12.8,"",1007.6,"",1020.3,"",3,.1,"",.0,"8",0,"8","01","0","0","","0","","","0","","","1","","",0,"8",.0,"8",.0,"8","","8",0,"8","","",.0,"8",.0,"8",.0,"8",.0,"8",.0,"8",.0,"8",.0,"8",.0,"8",.0,"8",0,"8",0,"8",0,"8","","",0,"8",0,"8"
"352190360","P£OCK","2006","07","05","20","9","",0,"8",0,"8","","","",8,"",0,"8",0,"8",1,"",80,"",1,"",0,"",18.9,"",.0,"8","U","",14.2,"",65,"",12.2,"",1007.7,"",1020.6,"",3,.3,"",.0,"8",0,"8","02","0","0","","0","","","0","","","1","","",0,"8",.0,"8",.0,"8","","8",0,"8","","",.0,"8",.0,"8",.0,"8",.0,"8",.0,"8",.0,"8",.0,"8",.0,"8",.0,"8",0,"8",0,"8",0,"8","","",0,"8",0,"8"
"352190360","P£OCK","2006","07","05","21","9","",0,"8",0,"8","","","",8,"",0,"8",0,"8",0,"",90,"",1,"",0,"",17.2,"",.0,"8","U","",13.9,"",71,"",11.9,"",1007.5,"",1020.5,"",0,.2,"",.0,"8",0,"8","01","0","0","","0","","","0","","","0","","",0,"8",.0,"8",.0,"8","","8",0,"8","","",.0,"8",.0,"8",.0,"8",.0,"8",.0,"8",.0,"8",.0,"8",.0,"8",.0,"8",0,"8",0,"8",0,"8","","",0,"8",0,"8"
"352190360","P£OCK","2006","07","05","22","9","",0,"8",0,"8","","","",8,"",0,"8",0,"8",0,"",120,"",2,"",0,"",18.0,"",.0,"8","U","",13.2,"",64,"",11.1,"",1007.8,"",1020.7,"",2,.2,"",.0,"8",0,"8","02","0","0","","0","","","0","","","0","","",0,"8",.0,"8",.0,"8","","8",0,"8","","",.0,"8",.0,"8",.0,"8",.0,"8",.0,"8",.0,"8",.0,"8",.0,"8",.0,"8",0,"8",0,"8",0,"8","","",0,"8",0,"8"
"352190360","P£OCK","2006","07","05","23","9","",0,"8",0,"8","","","",8,"",0,"8",0,"8",0,"",150,"",2,"",0,"",16.9,"",.0,"8","U","",12.7,"",66,"",10.5,"",1008.0,"",1021.0,"",3,.3,"",.0,"8",0,"8","02","0","0","","0","","","0","","","0","","",0,"8",.0,"8",.0,"8","","8",0,"8","","",.0,"8",.0,"8",.0,"8",.0,"8",.0,"8",.0,"8",.0,"8",.0,"8",.0,"8",0,"8",0,"8",0,"8","","",0,"8",0,"8"
"352190360","P£OCK","2006","07","06","00","9","",0,"8",0,"8","","","",8,"",0,"8",0,"8",0,"",0,"",0,"",0,"",16.4,"",.0,"8","U","",12.8,"",69,"",10.7,"",1008.3,"",1021.3,"",2,.8,"",.0,"9",0,"9","02","0","0","","0","","","0","","","0","","",0,"",.0,"8",.0,"8","","8",0,"8","","",.0,"8",.0,"8",.0,"8",.0,"8",.0,"8",.0,"8",.0,"8",.0,"8",.0,"8",0,"8",0,"8",0,"8","","",0,"8",0,"8"
"352190360","P£OCK","2006","07","06","01","9","",0,"8",0,"8","","","",8,"",0,"8",0,"8",0,"",130,"",2,"",0,"",16.3,"",.0,"8","U","",13.1,"",71,"",11.0,"",1008.3,"",1021.3,"",1,.5,"",.0,"8",0,"8","02","0","0","","0","","","0","","","0","","",0,"8",.0,"8",.0,"8","","8",0,"8","","",.0,"8",.0,"8",.0,"8",.0,"8",.0,"8",.0,"8",.0,"8",.0,"8",.0,"8",0,"8",0,"8",0,"8","","",0,"8",0,"8"
"352190360","P£OCK","2006","07","06","02","9","",0,"8",0,"8","","","",7,"",0,"8",0,"8",0,"",140,"",2,"",0,"",15.0,"",.0,"8","U","",12.8,"",75,"",10.6,"",1008.2,"",1021.3,"",0,.2,"",.0,"8",0,"8","02","0","0","","0","","","0","","","0","","",0,"8",.0,"8",.0,"8","","8",0,"8","","",.0,"8",.0,"8",.0,"8",.0,"8",.0,"8",.0,"8",.0,"8",.0,"8",.0,"8",0,"8",0,"8",0,"8","","",0,"8",0,"8"
"352190360","P£OCK","2006","07","06","03","9","",0,"8",0,"8","","","",7,"",0,"8",0,"8",2,"",120,"",2,"",0,"",14.3,"",.0,"8","U","",12.9,"",79,"",10.7,"",1008.7,"",1021.8,"",3,.4,"",.0,"8",0,"8","03","0","2","","0","","","3","","","0","","",0,"8",.0,"8",.0,"8","","8",0,"8","","",.0,"8",.0,"8",.0,"8",.0,"8",.0,"8",.0,"8",.0,"8",.0,"8",.0,"8",0,"8",0,"8",0,"8","","",0,"8",0,"8"
"352190360","P£OCK","2006","07","06","04","9","",0,"8",0,"8","","","",7,"",0,"8",0,"8",3,"",120,"",2,"",0,"",17.3,"",.0,"8","U","",14.4,"",73,"",12.4,"",1008.8,"",1021.8,"",3,.5,"",.0,"8",0,"8","03","0","3","","0","","","3","","","0","","",0,"8",.0,"8",.0,"8","","8",0,"8","","",.0,"8",.0,"8",.0,"8",.0,"8",.0,"8",.0,"8",.0,"8",.0,"8",.0,"8",0,"8",0,"8",0,"8","","",0,"8",0,"8"
"352190360","P£OCK","2006","07","06","05","9","",0,"8",0,"8","","","",7,"",0,"8",0,"8",1,"",140,"",2,"",0,"",20.3,"",.0,"8","U","",16.6,"",70,"",14.6,"",1008.6,"",1021.5,"",0,.4,"",.0,"8",0,"8","01","0","1","","0","","","3","","","0","","",0,"8",.0,"8",.0,"8","","8",0,"8","","",.0,"8",.0,"8",.0,"8",.0,"8",.0,"8",.0,"8",.0,"8",.0,"8",.0,"8",0,"8",0,"8",0,"8","","",0,"8",0,"8"
"352190360","P£OCK","2006","07","06","06","9","",0,"8",0,"8","","","",8,"",0,"8",0,"8",0,"",140,"",2,"",0,"",22.3,"",.0,"8","U","",16.1,"",60,"",14.2,"",1008.6,"",1021.4,"",6,-.1,"",.0,"9",0,"9","01","0","0","","0","","","0","","","0","","",0,"",.0,"8",.0,"8","","8",0,"8","","",.0,"8",.0,"8",.0,"8",.0,"8",.0,"8",.0,"8",.0,"8",.0,"8",.0,"8",0,"8",0,"8",0,"8","","",0,"8",0,"8"
"352190360","P£OCK","2006","07","06","07","9","",0,"8",0,"8","","","",8,"",0,"8",0,"8",0,"",150,"",2,"",0,"",24.3,"",.0,"8","U","",15.8,"",52,"",13.8,"",1008.5,"",1021.2,"",7,-.3,"",.0,"8",0,"8","02","0","0","","0","","","0","","","0","","",0,"8",.0,"8",.0,"8","","8",0,"8","","",.0,"8",.0,"8",.0,"8",.0,"8",.0,"8",.0,"8",.0,"8",.0,"8",.0,"8",0,"8",0,"8",0,"8","","",0,"8",0,"8"
"352190360","P£OCK","2006","07","06","08","9","",0,"8",0,"8","","","",8,"",0,"8",0,"8",0,"",160,"",2,"",0,"",26.1,"",.0,"8","U","",14.5,"",43,"",12.5,"",1008.3,"",1020.9,"",8,-.3,"",.0,"8",0,"8","02","0","0","","0","","","0","","","0","","",0,"8",.0,"8",.0,"8","","8",0,"8","","",.0,"8",.0,"8",.0,"8",.0,"8",.0,"8",.0,"8",.0,"8",.0,"8",.0,"8",0,"8",0,"8",0,"8","","",0,"8",0,"8"
"352190360","P£OCK","2006","07","06","09","7","",0,"8",0,"8","","","",8,"",0,"8",0,"8",2,"",140,"",3,"",0,"",27.2,"",.0,"8","U","",13.7,"",38,"",11.6,"",1008.0,"",1020.5,"",8,-.6,"",.0,"8",0,"8","03","0","1","","1","","","0","","","1","","",0,"8",.0,"8",.0,"8","","8",0,"8","","",.0,"8",.0,"8",.0,"8",.0,"8",.0,"8",.0,"8",.0,"8",.0,"8",.0,"8",0,"8",0,"8",0,"8","","",0,"8",0,"8"
"352190360","P£OCK","2006","07","06","10","7","",0,"8",0,"8","","","",8,"",0,"8",0,"8",2,"",150,"",3,"",0,"",28.1,"",.0,"8","U","",12.1,"",32,"",9.9,"",1007.6,"",1020.1,"",8,-.9,"",.0,"8",0,"8","03","0","2","","1","","","0","","","0","","",0,"8",.0,"8",.0,"8","","8",0,"8","","",.0,"8",.0,"8",.0,"8",.0,"8",.0,"8",.0,"8",.0,"8",.0,"8",.0,"8",0,"8",0,"8",0,"8","","",0,"8",0,"8"
"352190360","P£OCK","2006","07","06","11","7","",0,"8",0,"8","","","",8,"",0,"8",0,"8",2,"",150,"",4,"",0,"",28.9,"",.0,"8","U","",11.9,"",30,"",9.6,"",1007.2,"",1019.7,"",7,-1.1,"",.0,"8",0,"8","02","0","2","","1","","","0","","","0","","",0,"8",.0,"8",.0,"8","","8",0,"8","","",.0,"8",.0,"8",.0,"8",.0,"8",.0,"8",.0,"8",.0,"8",.0,"8",.0,"8",0,"8",0,"8",0,"8","","",0,"8",0,"8"
"352190360","P£OCK","2006","07","06","12","7","",0,"8",0,"8","","","",8,"",0,"8",0,"8",2,"",200,"",3,"",0,"",29.5,"",.0,"8","U","",11.9,"",29,"",9.6,"",1006.7,"",1019.1,"",7,-1.3,"",.0,"9",0,"9","02","0","2","","1","","","0","","","0","","",0,"",.0,"8",.0,"8","","8",0,"8","","",.0,"8",.0,"8",.0,"8",.0,"8",.0,"8",.0,"8",.0,"8",.0,"8",.0,"8",0,"8",0,"8",0,"8","","",0,"8",0,"8"
"352190360","P£OCK","2006","07","06","13","7","",0,"8",0,"8","","","",8,"",0,"8",0,"8",2,"",160,"",3,"",0,"",29.6,"",.0,"8","U","",11.6,"",28,"",9.2,"",1006.2,"",1018.6,"",7,-1.4,"",.0,"8",0,"8","01","0","1","","1","","","0","","","1","","",0,"8",.0,"8",.0,"8","","8",0,"8","","",.0,"8",.0,"8",.0,"8",.0,"8",.0,"8",.0,"8",.0,"8",.0,"8",.0,"8",0,"8",0,"8",0,"8","","",0,"8",0,"8"
"352190360","P£OCK","2006","07","06","14","7","",0,"8",0,"8","","","",8,"",0,"8",0,"8",2,"",200,"",4,"",0,"",29.5,"",.0,"8","U","",11.5,"",28,"",9.1,"",1005.8,"",1018.2,"",7,-1.4,"",.0,"8",0,"8","02","0","1","","1","","","0","","","1","","",0,"8",.0,"8",.0,"8","","8",0,"8","","",.0,"8",.0,"8",.0,"8",.0,"8",.0,"8",.0,"8",.0,"8",.0,"8",.0,"8",0,"8",0,"8",0,"8","","",0,"8",0,"8"
"352190360","P£OCK","2006","07","06","15","7","",0,"8",0,"8","","","",8,"",0,"8",0,"8",2,"",170,"",4,"",0,"",29.6,"",.0,"8","U","",12.0,"",29,"",9.7,"",1005.3,"",1017.7,"",7,-1.4,"",.0,"8",0,"8","02","0","1","","1","","","0","","","1","","",0,"8",.0,"8",.0,"8","","8",0,"8","","",.0,"8",.0,"8",.0,"8",.0,"8",.0,"8",.0,"8",.0,"8",.0,"8",.0,"8",0,"8",0,"8",0,"8","","",0,"8",0,"8"
"352190360","P£OCK","2006","07","06","16","9","",0,"8",0,"8","","","",8,"",0,"8",0,"8",1,"",140,"",3,"",0,"",29.3,"",.0,"8","U","",11.4,"",28,"",8.9,"",1004.8,"",1017.2,"",7,-1.4,"",.0,"8",0,"8","01","0","0","","0","","","0","","","1","","",0,"8",.0,"8",.0,"8","","8",0,"8","","",.0,"8",.0,"8",.0,"8",.0,"8",.0,"8",.0,"8",.0,"8",.0,"8",.0,"8",0,"8",0,"8",0,"8","","",0,"8",0,"8"
"352190360","P£OCK","2006","07","06","17","9","",0,"8",0,"8","","","",8,"",0,"8",0,"8",2,"",150,"",2,"",0,"",28.5,"",.0,"8","U","",12.0,"",31,"",9.7,"",1004.5,"",1016.9,"",6,-1.3,"",.0,"8",0,"8","03","0","0","","0","","","0","","","1","","",0,"8",.0,"8",.0,"8","","8",0,"8","","",.0,"8",.0,"8",.0,"8",.0,"8",.0,"8",.0,"8",.0,"8",.0,"8",.0,"8",0,"8",0,"8",0,"8","","",0,"8",0,"8"
"352190360","P£OCK","2006","07","06","18","9","",0,"8",0,"8","","","",8,"",0,"8",0,"8",1,"",130,"",2,"",0,"",27.1,"",.0,"8","U","",13.6,"",38,"",11.6,"",1004.3,"",1016.8,"",6,-1.0,"",.0,"9",0,"9","01","0","0","","0","","","0","","","1","","",0,"",.0,"8",.0,"8","","8",0,"8","","",.0,"8",.0,"8",.0,"8",.0,"8",.0,"8",.0,"8",.0,"8",.0,"8",.0,"8",0,"8",0,"8",0,"8","","",0,"8",0,"8"
"352190360","P£OCK","2006","07","06","19","9","",0,"8",0,"8","","","",8,"",0,"8",0,"8",1,"",110,"",2,"",0,"",24.5,"",.0,"8","U","",14.1,"",46,"",12.1,"",1004.5,"",1017.1,"",5,-.3,"",.0,"8",0,"8","02","0","0","","0","","","0","","","1","","",0,"8",.0,"8",.0,"8","","8",0,"8","","",.0,"8",.0,"8",.0,"8",.0,"8",.0,"8",.0,"8",.0,"8",.0,"8",.0,"8",0,"8",0,"8",0,"8","","",0,"8",0,"8"
"352190360","P£OCK","2006","07","06","20","9","",0,"8",0,"8","","","",8,"",0,"8",0,"8",1,"",110,"",2,"",0,"",21.2,"",.0,"8","U","",14.3,"",57,"",12.3,"",1004.5,"",1017.3,"",4,.0,"",.0,"8",0,"8","02","0","0","","0","","","0","","","1","","",0,"8",.0,"8",.0,"8","","8",0,"8","","",.0,"8",.0,"8",.0,"8",.0,"8",.0,"8",.0,"8",.0,"8",.0,"8",.0,"8",0,"8",0,"8",0,"8","","",0,"8",0,"8"
"352190360","P£OCK","2006","07","06","21","9","",0,"8",0,"8","","","",8,"",0,"8",0,"8",1,"",110,"",2,"",0,"",19.5,"",.0,"8","U","",14.0,"",62,"",12.0,"",1004.5,"",1017.3,"",1,.2,"",.0,"8",0,"8","02","0","0","","0","","","0","","","1","","",0,"8",.0,"8",.0,"8","","8",0,"8","","",.0,"8",.0,"8",.0,"8",.0,"8",.0,"8",.0,"8",.0,"8",.0,"8",.0,"8",0,"8",0,"8",0,"8","","",0,"8",0,"8"
"352190360","P£OCK","2006","07","06","22","9","",0,"8",0,"8","","","",8,"",0,"8",0,"8",0,"",140,"",2,"",0,"",18.8,"",.0,"8","U","",14.3,"",66,"",12.3,"",1004.6,"",1017.5,"",3,.1,"",.0,"8",0,"8","01","0","0","","0","","","0","","","0","","",0,"8",.0,"8",.0,"8","","8",0,"8","","",.0,"8",.0,"8",.0,"8",.0,"8",.0,"8",.0,"8",.0,"8",.0,"8",.0,"8",0,"8",0,"8",0,"8","","",0,"8",0,"8"
"352190360","P£OCK","2006","07","06","23","9","",0,"8",0,"8","","","",8,"",0,"8",0,"8",0,"",150,"",1,"",0,"",17.0,"",.0,"8","U","",13.5,"",70,"",11.5,"",1004.7,"",1017.6,"",3,.2,"",.0,"8",0,"8","02","0","0","","0","","","0","","","0","","",0,"8",.0,"8",.0,"8","","8",0,"8","","",.0,"8",.0,"8",.0,"8",.0,"8",.0,"8",.0,"8",.0,"8",.0,"8",.0,"8",0,"8",0,"8",0,"8","","",0,"8",0,"8"
"352190360","P£OCK","2006","07","07","00","9","",0,"8",0,"8","","","",8,"",0,"8",0,"8",0,"",140,"",2,"",0,"",18.1,"",.0,"8","U","",13.7,"",66,"",11.6,"",1004.6,"",1017.5,"",0,.1,"",.0,"9",0,"9","02","0","0","","0","","","0","","","0","","",0,"",.0,"8",.0,"8","","8",0,"8","","",.0,"8",.0,"8",.0,"8",.0,"8",.0,"8",.0,"8",.0,"8",.0,"8",.0,"8",0,"8",0,"8",0,"8","","",0,"8",0,"8"
"352190360","P£OCK","2006","07","07","01","9","",0,"8",0,"8","","","",7,"",0,"8",0,"8",1,"",110,"",2,"",0,"",15.5,"",.0,"8","U","",13.4,"",76,"",11.3,"",1004.5,"",1017.5,"",8,-.1,"",.0,"8",0,"8","03","0","1","","0","","","3","","","0","","",0,"8",.0,"8",.0,"8","","8",0,"8","","",.0,"8",.0,"8",.0,"8",.0,"8",.0,"8",.0,"8",.0,"8",.0,"8",.0,"8",0,"8",0,"8",0,"8","","",0,"8",0,"8"
"352190360","P£OCK","2006","07","07","02","9","",0,"8",0,"8","","","",7,"",0,"8",0,"8",1,"",110,"",2,"",0,"",14.6,"",.0,"8","U","",13.6,"",82,"",11.6,"",1004.3,"",1017.4,"",7,-.4,"",.0,"8",0,"8","02","0","1","","0","","","3","","","0","","",0,"8",.0,"8",.0,"8","","8",0,"8","","",.0,"8",.0,"8",.0,"8",.0,"8",.0,"8",.0,"8",.0,"8",.0,"8",.0,"8",0,"8",0,"8",0,"8","","",0,"8",0,"8"
"352190360","P£OCK","2006","07","07","03","9","",0,"8",0,"8","","","",7,"",0,"8",0,"8",2,"",120,"",2,"",0,"",14.6,"",.0,"8","U","",13.6,"",82,"",11.6,"",1004.1,"",1017.1,"",7,-.5,"",.0,"8",0,"8","03","0","1","","0","","","3","","","1","","",0,"8",.0,"8",.0,"8","","8",0,"8","","",.0,"8",.0,"8",.0,"8",.0,"8",.0,"8",.0,"8",.0,"8",.0,"8",.0,"8",0,"8",0,"8",0,"8","","",0,"8",0,"8"
"352190360","P£OCK","2006","07","07","04","9","",0,"8",0,"8","","","",8,"",0,"8",0,"8",0,"",120,"",2,"",0,"",17.9,"",.0,"8","U","",14.7,"",72,"",12.8,"",1004.2,"",1017.1,"",5,-.3,"",.0,"8",0,"8","01","0","0","","0","","","0","","","0","","",0,"8",.0,"8",.0,"8","","8",0,"8","","",.0,"8",.0,"8",.0,"8",.0,"8",.0,"8",.0,"8",.0,"8",.0,"8",.0,"8",0,"8",0,"8",0,"8","","",0,"8",0,"8"
"352190360","P£OCK","2006","07","07","05","9","",0,"8",0,"8","","","",8,"",0,"8",0,"8",0,"",130,"",3,"",0,"",19.9,"",.0,"8","U","",16.0,"",69,"",14.0,"",1004.2,"",1017.0,"",6,-.1,"",.0,"8",0,"8","02","0","0","","0","","","0","","","0","","",0,"8",.0,"8",.0,"8","","8",0,"8","","",.0,"8",.0,"8",.0,"8",.0,"8",.0,"8",.0,"8",.0,"8",.0,"8",.0,"8",0,"8",0,"8",0,"8","","",0,"8",0,"8"
"352190360","P£OCK","2006","07","07","06","9","",0,"8",0,"8","","","",8,"",0,"8",0,"8",1,"",150,"",3,"",0,"",22.4,"",.0,"8","U","",16.5,"",61,"",14.5,"",1004.2,"",1016.9,"",1,.1,"",.0,"9",0,"9","03","0","0","","0","","","0","","","1","","",0,"",.0,"8",.0,"8","","8",0,"8","","",.0,"8",.0,"8",.0,"8",.0,"8",.0,"8",.0,"8",.0,"8",.0,"8",.0,"8",0,"8",0,"8",0,"8","","",0,"8",0,"8"
"352190360","P£OCK","2006","07","07","07","9","",0,"8",0,"8","","","",8,"",0,"8",0,"8",1,"",160,"",2,"",0,"",24.7,"",.0,"8","U","",16.5,"",53,"",14.5,"",1004.2,"",1016.8,"",4,.0,"",.0,"8",0,"8","02","0","0","","0","","","0","","","1","","",0,"8",.0,"8",.0,"8","","8",0,"8","","",.0,"8",.0,"8",.0,"8",.0,"8",.0,"8",.0,"8",.0,"8",.0,"8",.0,"8",0,"8",0,"8",0,"8","","",0,"8",0,"8"
"352190360","P£OCK","2006","07","07","08","7","",0,"8",0,"8","","","",8,"",0,"8",0,"8",2,"",190,"",3,"",0,"",27.5,"",.0,"8","U","",16.5,"",45,"",14.5,"",1004.1,"",1016.6,"",8,-.1,"",.0,"8",0,"8","03","0","1","","1","","","0","","","1","","",0,"8",.0,"8",.0,"8","","8",0,"8","","",.0,"8",.0,"8",.0,"8",.0,"8",.0,"8",.0,"8",.0,"8",.0,"8",.0,"8",0,"8",0,"8",0,"8","","",0,"8",0,"8"
"352190360","P£OCK","2006","07","07","09","8","",0,"8",0,"8","","","",8,"",0,"8",0,"8",4,"",220,"",3,"",0,"",28.1,"",.0,"8","U","",12.9,"",34,"",10.8,"",1003.8,"",1016.3,"",8,-.4,"",.0,"8",0,"8","03","0","4","","2","","","0","","","0","","",0,"8",.0,"8",.0,"8","","8",0,"8","","",.0,"8",.0,"8",.0,"8",.0,"8",.0,"8",.0,"8",.0,"8",.0,"8",.0,"8",0,"8",0,"8",0,"8","","",0,"8",0,"8"
"352190360","P£OCK","2006","07","07","10","8","",0,"8",0,"8","","","",8,"",0,"8",0,"8",3,"",210,"",4,"",0,"",29.5,"",.0,"8","U","",12.8,"",31,"",10.6,"",1003.6,"",1016.0,"",7,-.6,"",.0,"8",0,"8","01","0","3","","2","","","0","","","0","","",0,"8",.0,"8",.0,"8","","8",0,"8","","",.0,"8",.0,"8",.0,"8",.0,"8",.0,"8",.0,"8",.0,"8",.0,"8",.0,"8",0,"8",0,"8",0,"8","","",0,"8",0,"8"
"352190360","P£OCK","2006","07","07","11","8","",0,"8",0,"8","","","",8,"",0,"8",0,"8",2,"",190,"",3,"",0,"",29.7,"",.0,"8","U","",12.5,"",30,"",10.3,"",1003.2,"",1015.6,"",7,-.9,"",.0,"8",0,"8","01","0","2","","1","","","0","","","0","","",0,"8",.0,"8",.0,"8","","8",0,"8","","",.0,"8",.0,"8",.0,"8",.0,"8",.0,"8",.0,"8",.0,"8",.0,"8",.0,"8",0,"8",0,"8",0,"8","","",0,"8",0,"8"
"352190360","P£OCK","2006","07","07","12","8","",0,"8",0,"8","","","",8,"",0,"8",0,"8",2,"",160,"",5,"",0,"",30.2,"",.0,"8","U","",12.0,"",28,"",9.7,"",1002.9,"",1015.3,"",7,-.9,"",.0,"9",0,"9","02","0","2","","1","","","0","","","0","","",0,"",.0,"8",.0,"8","","8",0,"8","","",.0,"8",.0,"8",.0,"8",.0,"8",.0,"8",.0,"8",.0,"8",.0,"8",.0,"8",0,"8",0,"8",0,"8","","",0,"8",0,"8"
"352190360","P£OCK","2006","07","07","13","8","",0,"8",0,"8","","","",8,"",0,"8",0,"8",1,"",170,"",4,"",0,"",30.5,"",.0,"8","U","",11.3,"",26,"",8.8,"",1002.6,"",1014.9,"",7,-1.0,"",.0,"8",0,"8","01","0","1","","1","","","0","","","0","","",0,"8",.0,"8",.0,"8","","8",0,"8","","",.0,"8",.0,"8",.0,"8",.0,"8",.0,"8",.0,"8",.0,"8",.0,"8",.0,"8",0,"8",0,"8",0,"8","","",0,"8",0,"8"
"352190360","P£OCK","2006","07","07","14","8","",0,"8",0,"8","","","",8,"",0,"8",0,"8",1,"",150,"",3,"",0,"",30.8,"",.0,"8","U","",12.0,"",27,"",9.6,"",1002.2,"",1014.5,"",7,-1.0,"",.0,"8",0,"8","01","0","1","","1","","","0","","","0","","",0,"8",.0,"8",.0,"8","","8",0,"8","","",.0,"8",.0,"8",.0,"8",.0,"8",.0,"8",.0,"8",.0,"8",.0,"8",.0,"8",0,"8",0,"8",0,"8","","",0,"8",0,"8"
"352190360","P£OCK","2006","07","07","15","9","",0,"8",0,"8","","","",8,"",0,"8",0,"8",1,"",140,"",2,"",0,"",30.7,"",.0,"8","U","",12.8,"",29,"",10.6,"",1001.9,"",1014.2,"",7,-1.0,"",.0,"8",0,"8","01","0","0","","0","","","0","","","1","","",0,"8",.0,"8",.0,"8","","8",0,"8","","",.0,"8",.0,"8",.0,"8",.0,"8",.0,"8",.0,"8",.0,"8",.0,"8",.0,"8",0,"8",0,"8",0,"8","","",0,"8",0,"8"
"352190360","P£OCK","2006","07","07","16","9","",0,"8",0,"8","","","",8,"",0,"8",0,"8",0,"",170,"",3,"",0,"",30.2,"",.0,"8","U","",12.0,"",28,"",9.7,"",1001.8,"",1014.1,"",6,-.8,"",.0,"8",0,"8","01","0","0","","0","","","0","","","0","","",0,"8",.0,"8",.0,"8","","8",0,"8","","",.0,"8",.0,"8",.0,"8",.0,"8",.0,"8",.0,"8",.0,"8",.0,"8",.0,"8",0,"8",0,"8",0,"8","","",0,"8",0,"8"
"352190360","P£OCK","2006","07","07","17","9","",0,"8",0,"8","","","",8,"",0,"8",0,"8",0,"",140,"",2,"",0,"",29.3,"",.0,"8","U","",13.0,"",32,"",10.9,"",1001.4,"",1013.8,"",7,-.8,"",.0,"8",0,"8","02","0","0","","0","","","0","","","0","","",0,"8",.0,"8",.0,"8","","8",0,"8","","",.0,"8",.0,"8",.0,"8",.0,"8",.0,"8",.0,"8",.0,"8",.0,"8",.0,"8",0,"8",0,"8",0,"8","","",0,"8",0,"8"
"352190360","P£OCK","2006","07","07","18","9","",0,"8",0,"8","","","",8,"",0,"8",0,"8",0,"",100,"",2,"",0,"",27.4,"",.0,"8","U","",15.7,"",43,"",13.7,"",1001.4,"",1013.9,"",6,-.5,"",.0,"9",0,"9","02","0","0","","0","","","0","","","0","","",0,"",.0,"8",.0,"8","","8",0,"8","","",.0,"8",.0,"8",.0,"8",.0,"8",.0,"8",.0,"8",.0,"8",.0,"8",.0,"8",0,"8",0,"8",0,"8","","",0,"8",0,"8"
"352190360","P£OCK","2006","07","07","19","9","",0,"8",0,"8","","","",7,"",0,"8",0,"8",1,"",90,"",1,"",0,"",24.1,"",.0,"8","U","",15.9,"",53,"",13.9,"",1001.6,"",1014.2,"",5,-.2,"",.0,"8",0,"8","03","0","0","","0","","","0","","","1","","",0,"8",.0,"8",.0,"8","","8",0,"8","","",.0,"8",.0,"8",.0,"8",.0,"8",.0,"8",.0,"8",.0,"8",.0,"8",.0,"8",0,"8",0,"8",0,"8","","",0,"8",0,"8"
"352190360","P£OCK","2006","07","07","20","9","",0,"8",0,"8","","","",7,"",0,"8",0,"8",0,"",100,"",2,"",0,"",21.5,"",.0,"8","U","",15.6,"",61,"",13.7,"",1001.8,"",1014.5,"",3,.4,"",.0,"8",0,"8","01","0","0","","0","","","0","","","0","","",0,"8",.0,"8",.0,"8","","8",0,"8","","",.0,"8",.0,"8",.0,"8",.0,"8",.0,"8",.0,"8",.0,"8",.0,"8",.0,"8",0,"8",0,"8",0,"8","","",0,"8",0,"8"
"352190360","P£OCK","2006","07","07","21","9","",0,"8",0,"8","","","",7,"",0,"8",0,"8",0,"",90,"",2,"",0,"",20.0,"",.0,"8","U","",15.2,"",65,"",13.2,"",1001.8,"",1014.6,"",1,.4,"",.0,"8",0,"8","02","0","0","","0","","","0","","","0","","",0,"8",.0,"8",.0,"8","","8",0,"8","","",.0,"8",.0,"8",.0,"8",.0,"8",.0,"8",.0,"8",.0,"8",.0,"8",.0,"8",0,"8",0,"8",0,"8","","",0,"8",0,"8"
"352190360","P£OCK","2006","07","07","22","9","",0,"8",0,"8","","","",7,"",0,"8",0,"8",0,"",110,"",2,"",0,"",20.9,"",.0,"8","U","",13.8,"",56,"",11.8,"",1002.2,"",1014.9,"",2,.6,"",.0,"8",0,"8","02","0","0","","0","","","0","","","0","","",0,"8",.0,"8",.0,"8","","8",0,"8","","",.0,"8",.0,"8",.0,"8",.0,"8",.0,"8",.0,"8",.0,"8",.0,"8",.0,"8",0,"8",0,"8",0,"8","","",0,"8",0,"8"
"352190360","P£OCK","2006","07","07","23","9","",0,"8",0,"8","","","",8,"",0,"8",0,"8",0,"",110,"",2,"",0,"",20.4,"",.0,"8","U","",14.1,"",59,"",12.1,"",1002.3,"",1015.1,"",3,.5,"",.0,"8",0,"8","02","0","0","","0","","","0","","","0","","",0,"8",.0,"8",.0,"8","","8",0,"8","","",.0,"8",.0,"8",.0,"8",.0,"8",.0,"8",.0,"8",.0,"8",.0,"8",.0,"8",0,"8",0,"8",0,"8","","",0,"8",0,"8"
"352190360","P£OCK","2006","07","08","00","9","",0,"8",0,"8","","","",7,"",0,"8",0,"8",1,"",120,"",2,"",0,"",19.3,"",.0,"8","U","",14.3,"",64,"",12.3,"",1002.6,"",1015.4,"",2,.8,"",.0,"9",0,"9","03","0","1","","0","","","3","","","0","","",0,"",.0,"8",.0,"8","","8",0,"8","","",.0,"8",.0,"8",.0,"8",.0,"8",.0,"8",.0,"8",.0,"8",.0,"8",.0,"8",0,"8",0,"8",0,"8","","",0,"8",0,"8"
"352190360","P£OCK","2006","07","08","01","9","",0,"8",0,"8","","","",7,"",0,"8",0,"8",1,"",110,"",2,"",0,"",17.6,"",.0,"8","U","",14.1,"",70,"",12.1,"",1002.5,"",1015.4,"",0,.3,"",.0,"8",0,"8","02","0","1","","0","","","3","","","0","","",0,"8",.0,"8",.0,"8","","8",0,"8","","",.0,"8",.0,"8",.0,"8",.0,"8",.0,"8",.0,"8",.0,"8",.0,"8",.0,"8",0,"8",0,"8",0,"8","","",0,"8",0,"8"
"352190360","P£OCK","2006","07","08","02","9","",0,"8",0,"8","","","",7,"",0,"8",0,"8",2,"",110,"",2,"",0,"",17.9,"",.0,"8","U","",14.1,"",69,"",12.1,"",1002.5,"",1015.4,"",1,.2,"",.0,"8",0,"8","03","0","2","","0","","","3","","","0","","",0,"8",.0,"8",.0,"8","","8",0,"8","","",.0,"8",.0,"8",.0,"8",.0,"8",.0,"8",.0,"8",.0,"8",.0,"8",.0,"8",0,"8",0,"8",0,"8","","",0,"8",0,"8"
"352190360","P£OCK","2006","07","08","03","9","",0,"8",0,"8","","","",7,"",0,"8",0,"8",2,"",120,"",2,"",0,"",17.4,"",.0,"8","U","",14.3,"",72,"",12.3,"",1002.5,"",1015.4,"",6,-.1,"",.0,"8",0,"8","02","0","2","","0","","","3","","","0","","",0,"8",.0,"8",.0,"8","","8",0,"8","","",.0,"8",.0,"8",.0,"8",.0,"8",.0,"8",.0,"8",.0,"8",.0,"8",.0,"8",0,"8",0,"8",0,"8","","",0,"8",0,"8"
"352190360","P£OCK","2006","07","08","04","9","",0,"8",0,"8","","","",7,"",0,"8",0,"8",2,"",130,"",2,"",0,"",19.2,"",.0,"8","U","",14.6,"",66,"",12.7,"",1002.6,"",1015.4,"",3,.1,"",.0,"8",0,"8","02","0","2","","0","","","3","","","0","","",0,"8",.0,"8",.0,"8","","8",0,"8","","",.0,"8",.0,"8",.0,"8",.0,"8",.0,"8",.0,"8",.0,"8",.0,"8",.0,"8",0,"8",0,"8",0,"8","","",0,"8",0,"8"
"352190360","P£OCK","2006","07","08","05","9","",0,"8",0,"8","","","",8,"",0,"8",0,"8",1,"",130,"",2,"",0,"",21.8,"",.0,"8","U","",16.2,"",62,"",14.2,"",1002.6,"",1015.3,"",2,.1,"",.0,"8",0,"8","01","0","1","","0","","","3","","","0","","",0,"8",.0,"8",.0,"8","","8",0,"8","","",.0,"8",.0,"8",.0,"8",.0,"8",.0,"8",.0,"8",.0,"8",.0,"8",.0,"8",0,"8",0,"8",0,"8","","",0,"8",0,"8"
"352190360","P£OCK","2006","07","08","06","9","",0,"8",0,"8","","","",8,"",0,"8",0,"8",1,"",170,"",2,"",0,"",23.8,"",.0,"8","U","",15.6,"",53,"",13.6,"",1002.8,"",1015.4,"",2,.3,"",.0,"9",0,"9","02","0","1","","0","","","3","","","0","","",0,"",.0,"8",.0,"8","","8",0,"8","","",.0,"8",.0,"8",.0,"8",.0,"8",.0,"8",.0,"8",.0,"8",.0,"8",.0,"8",0,"8",0,"8",0,"8","","",0,"8",0,"8"
"352190360","P£OCK","2006","07","08","07","9","",0,"8",0,"8","","","",8,"",0,"8",0,"8",0,"",150,"",3,"",0,"",25.9,"",.0,"8","U","",16.0,"",48,"",14.0,"",1002.8,"",1015.3,"",1,.2,"",.0,"8",0,"8","01","0","0","","0","","","0","","","0","","",0,"8",.0,"8",.0,"8","","8",0,"8","","",.0,"8",.0,"8",.0,"8",.0,"8",.0,"8",.0,"8",.0,"8",.0,"8",.0,"8",0,"8",0,"8",0,"8","","",0,"8",0,"8"
"352190360","P£OCK","2006","07","08","08","9","",0,"8",0,"8","","","",8,"",0,"8",0,"8",0,"",140,"",3,"",0,"",27.7,"",.0,"8","U","",16.3,"",44,"",14.3,"",1003.0,"",1015.5,"",2,.4,"",.0,"8",0,"8","02","0","0","","0","","","0","","","0","","",0,"8",.0,"8",.0,"8","","8",0,"8","","",.0,"8",.0,"8",.0,"8",.0,"8",.0,"8",.0,"8",.0,"8",.0,"8",.0,"8",0,"8",0,"8",0,"8","","",0,"8",0,"8"
"352190360","P£OCK","2006","07","08","09","9","",0,"8",0,"8","","","",8,"",0,"8",0,"8",0,"",170,"",4,"",0,"",29.5,"",.0,"8","U","",13.2,"",32,"",11.1,"",1003.1,"",1015.5,"",3,.3,"",.0,"8",0,"8","02","0","0","","0","","","0","","","0","","",0,"8",.0,"8",.0,"8","","8",0,"8","","",.0,"8",.0,"8",.0,"8",.0,"8",.0,"8",.0,"8",.0,"8",.0,"8",.0,"8",0,"8",0,"8",0,"8","","",0,"8",0,"8"
"352190360","P£OCK","2006","07","08","10","8","",0,"8",0,"8","","","",8,"",0,"8",0,"8",1,"",130,"",5,"",0,"",30.5,"",.0,"8","U","",12.2,"",28,"",9.9,"",1002.8,"",1015.1,"",0,.0,"",.0,"8",0,"8","03","0","1","","1","","","0","","","0","","",0,"8",.0,"8",.0,"8","","8",0,"8","","",.0,"8",.0,"8",.0,"8",.0,"8",.0,"8",.0,"8",.0,"8",.0,"8",.0,"8",0,"8",0,"8",0,"8","","",0,"8",0,"8"
"352190360","P£OCK","2006","07","08","11","8","",0,"8",0,"8","","","",8,"",0,"8",0,"8",2,"",160,"",3,"",0,"",30.9,"",.0,"8","U","",11.6,"",26,"",9.2,"",1002.7,"",1015.0,"",8,-.3,"",.0,"8",0,"8","03","0","2","","1","","","0","","","0","","",0,"8",.0,"8",.0,"8","","8",0,"8","","",.0,"8",.0,"8",.0,"8",.0,"8",.0,"8",.0,"8",.0,"8",.0,"8",.0,"8",0,"8",0,"8",0,"8","","",0,"8",0,"8"
"352190360","P£OCK","2006","07","08","12","8","",0,"8",0,"8","","","",8,"",0,"8",0,"8",2,"",140,"",4,"",0,"",31.3,"",.0,"8","U","",12.3,"",27,"",10.1,"",1002.3,"",1014.6,"",7,-.8,"",.0,"9",0,"9","02","0","2","","1","","","0","","","0","","",0,"",.0,"8",.0,"8","","8",0,"8","","",.0,"8",.0,"8",.0,"8",.0,"8",.0,"8",.0,"8",.0,"8",.0,"8",.0,"8",0,"8",0,"8",0,"8","","",0,"8",0,"8"
"352190360","P£OCK","2006","07","08","13","8","",0,"8",0,"8","","","",8,"",0,"8",0,"8",1,"",130,"",5,"",0,"",31.7,"",.0,"8","U","",11.7,"",25,"",9.3,"",1002.2,"",1014.5,"",7,-.6,"",.0,"8",0,"8","01","0","1","","1","","","0","","","0","","",0,"8",.0,"8",.0,"8","","8",0,"8","","",.0,"8",.0,"8",.0,"8",.0,"8",.0,"8",.0,"8",.0,"8",.0,"8",.0,"8",0,"8",0,"8",0,"8","","",0,"8",0,"8"
"352190360","P£OCK","2006","07","08","14","8","",0,"8",0,"8","","","",8,"",0,"8",0,"8",1,"",100,"",3,"",0,"",32.2,"",.0,"8","U","",12.0,"",25,"",9.7,"",1002.0,"",1014.3,"",7,-.7,"",.0,"8",0,"8","02","0","1","","1","","","0","","","0","","",0,"8",.0,"8",.0,"8","","8",0,"8","","",.0,"8",.0,"8",.0,"8",.0,"8",.0,"8",.0,"8",.0,"8",.0,"8",.0,"8",0,"8",0,"8",0,"8","","",0,"8",0,"8"
"352190360","P£OCK","2006","07","08","15","8","",0,"8",0,"8","","","",8,"",0,"8",0,"8",1,"",130,"",3,"",0,"",31.9,"",.0,"8","U","",12.7,"",27,"",10.6,"",1001.5,"",1013.8,"",8,-.8,"",.0,"8",0,"8","02","0","1","","1","","","0","","","0","","",0,"8",.0,"8",.0,"8","","8",0,"8","","",.0,"8",.0,"8",.0,"8",.0,"8",.0,"8",.0,"8",.0,"8",.0,"8",.0,"8",0,"8",0,"8",0,"8","","",0,"8",0,"8"
"352190360","P£OCK","2006","07","08","16","7","",0,"8",0,"8","","","",8,"",0,"8",0,"8",2,"",160,"",3,"",0,"",31.2,"",.0,"8","U","",10.9,"",24,"",8.2,"",1002.0,"",1014.3,"",5,-.2,"",.0,"8",0,"8","03","0","1","","2","","","3","","","0","","",0,"8",.0,"8",.0,"8","","8",0,"8","","",.0,"8",.0,"8",.0,"8",.0,"8",.0,"8",.0,"8",.0,"8",.0,"8",.0,"8",0,"8",0,"8",0,"8","","",0,"8",0,"8"
"352190360","P£OCK","2006","07","08","17","6","",0,"8",0,"8","","","",8,"",0,"8",0,"8",3,"",150,"",2,"",0,"",29.2,"",.0,"8","U","",14.2,"",35,"",12.2,"",1001.9,"",1014.3,"",7,-.1,"",.0,"8",0,"8","03","0","2","","9","","","3","","","0","","",0,"8",.0,"8",.0,"8","","8",0,"8","","",.0,"8",.0,"8",.0,"8",.0,"8",.0,"8",.0,"8",.0,"8",.0,"8",.0,"8",0,"8",0,"8",0,"8","","",0,"8",0,"8"
"352190360","P£OCK","2006","07","08","18","6","",0,"8",0,"8","","","",7,"",0,"8",0,"8",4,"",230,"",5,"",0,"",25.2,"",.0,"8","U","",17.9,"",56,"",15.8,"",1002.8,"",1015.4,"",2,1.3,"",.0,"9",0,"9","03","0","2","","9","","","8","","","0","","",0,"",.0,"8",.0,"8","","8",0,"8","","",.0,"8",.0,"8",.0,"8",.0,"8",.0,"8",.0,"8",.0,"8",.0,"8",.0,"8",0,"8",0,"8",0,"8","","",0,"8",0,"8"
"352190360","P£OCK","2006","07","08","19","9","",0,"8",0,"8","","","",8,"",0,"8",0,"8",4,"",280,"",5,"",0,"",24.6,"",.0,"8","U","",14.8,"",48,"",12.9,"",1003.4,"",1016.0,"",3,1.4,"",.0,"8",0,"8","01","0","2","","0","","","3","","","3","","",0,"8",.0,"8",.0,"8","","8",0,"8","","",.0,"8",.0,"8",.0,"8",.0,"8",.0,"8",.0,"8",.0,"8",.0,"8",.0,"8",0,"8",0,"8",0,"8","","",0,"8",0,"8"
"352190360","P£OCK","2006","07","08","20","9","",0,"8",0,"8","","","",8,"",0,"8",0,"8",3,"",340,"",1,"",0,"",22.7,"",.0,"8","U","",16.5,"",60,"",14.5,"",1003.5,"",1016.2,"",1,1.6,"",.0,"8",0,"8","01","0","2","","0","","","3","","","1","","",0,"8",.0,"8",.0,"8","","8",0,"8","","",.0,"8",.0,"8",.0,"8",.0,"8",.0,"8",.0,"8",.0,"8",.0,"8",.0,"8",0,"8",0,"8",0,"8","","",0,"8",0,"8"
"352190360","P£OCK","2006","07","08","21","9","",0,"8",0,"8","","","",7,"",0,"8",0,"8",3,"",20,"",1,"",0,"",19.5,"",.0,"8","U","",16.5,"",73,"",14.5,"",1003.5,"",1016.3,"",1,.7,"",.0,"8",0,"8","02","0","2","","0","","","3","","","1","","",0,"8",.0,"8",.0,"8","","8",0,"8","","",.0,"8",.0,"8",.0,"8",.0,"8",.0,"8",.0,"8",.0,"8",.0,"8",.0,"8",0,"8",0,"8",0,"8","","",0,"8",0,"8"
"352190360","P£OCK","2006","07","08","22","9","",0,"8",0,"8","","","",7,"",0,"8",0,"8",3,"",280,"",1,"",0,"",18.7,"",.0,"8","U","",16.4,"",76,"",14.4,"",1004.2,"",1017.1,"",2,.8,"",.0,"8",0,"8","02","0","2","","0","","","3","","","1","","",0,"8",.0,"8",.0,"8","","8",0,"8","","",.0,"8",.0,"8",.0,"8",.0,"8",.0,"8",.0,"8",.0,"8",.0,"8",.0,"8",0,"8",0,"8",0,"8","","",0,"8",0,"8"
"352190360","P£OCK","2006","07","08","23","9","",0,"8",0,"8","","","",7,"",0,"8",0,"8",3,"",220,"",2,"",0,"",19.7,"",.0,"8","U","",17.4,"",76,"",15.3,"",1004.6,"",1017.4,"",3,1.1,"",.0,"8",0,"8","02","0","2","","0","","","3","","","1","","",0,"8",.0,"8",.0,"8","","8",0,"8","","",.0,"8",.0,"8",.0,"8",.0,"8",.0,"8",.0,"8",.0,"8",.0,"8",.0,"8",0,"8",0,"8",0,"8","","",0,"8",0,"8"
"352190360","P£OCK","2006","07","09","00","9","",0,"8",0,"8","","","",7,"",0,"8",0,"8",2,"",0,"",0,"",0,"",18.5,"",.0,"8","U","",16.6,"",78,"",14.6,"",1004.6,"",1017.5,"",1,1.1,"",.0,"9",0,"9","01","0","0","","0","","","0","","","1","","",0,"",.0,"8",.0,"8","","8",0,"8","","",.0,"8",.0,"8",.0,"8",.0,"8",.0,"8",.0,"8",.0,"8",.0,"8",.0,"8",0,"8",0,"8",0,"8","","",0,"8",0,"8"
"352190360","P£OCK","2006","07","09","01","9","",0,"8",0,"8","","","",7,"",0,"8",0,"8",2,"",290,"",1,"",0,"",17.7,"",.0,"8","U","",16.6,"",82,"",14.6,"",1004.9,"",1017.8,"",2,.7,"",.0,"8",0,"8","02","0","0","","0","","","0","","","1","","",0,"8",.0,"8",.0,"8","","8",0,"8","","",.0,"8",.0,"8",.0,"8",.0,"8",.0,"8",.0,"8",.0,"8",.0,"8",.0,"8",0,"8",0,"8",0,"8","","",0,"8",0,"8"
"352190360","P£OCK","2006","07","09","02","9","",0,"8",0,"8","","","",7,"",0,"8",0,"8",1,"",0,"",0,"",0,"",16.2,"",.0,"8","U","",15.1,"",82,"",13.1,"",1004.8,"",1017.8,"",0,.2,"",.0,"8",0,"8","01","0","0","","0","","","0","","","1","","",0,"8",.0,"8",.0,"8","","8",0,"8","","",.0,"8",.0,"8",.0,"8",.0,"8",.0,"8",.0,"8",.0,"8",.0,"8",.0,"8",0,"8",0,"8",0,"8","","",0,"8",0,"8"
"352190360","P£OCK","2006","07","09","03","9","",0,"8",0,"8","","","",6,"",0,"8",0,"8",3,"",360,"",1,"",0,"",15.4,"",.0,"8","U","",15.2,"",87,"",13.2,"",1004.8,"",1017.8,"",1,.2,"",.0,"8",0,"8","10","0","2","","0","","","3","","","1","","",0,"8",.0,"8",.0,"8","","8",0,"8","","",.0,"8",.0,"8",.0,"8",.0,"8",.0,"8",.0,"8",.0,"8",.0,"8",.0,"8",0,"8",0,"8",0,"8","","",0,"8",0,"8"
"352190360","P£OCK","2006","07","09","04","9","",0,"8",0,"8","","","",6,"",0,"8",0,"8",3,"",80,"",1,"",0,"",17.2,"",.0,"8","U","",17.4,"",89,"",15.4,"",1004.8,"",1017.7,"",6,-.1,"",.0,"8",0,"8","10","0","2","","0","","","3","","","1","","",0,"8",.0,"8",.0,"8","","8",0,"8","","",.0,"8",.0,"8",.0,"8",.0,"8",.0,"8",.0,"8",.0,"8",.0,"8",.0,"8",0,"8",0,"8",0,"8","","",0,"8",0,"8"
"352190360","P£OCK","2006","07","09","05","9","",0,"8",0,"8","","","",7,"",0,"8",0,"8",2,"",330,"",1,"",0,"",19.9,"",.0,"8","U","",18.8,"",81,"",16.5,"",1005.3,"",1018.1,"",3,.5,"",.0,"8",0,"8","01","0","0","","0","","","0","","","1","","",0,"8",.0,"8",.0,"8","","8",0,"8","","",.0,"8",.0,"8",.0,"8",.0,"8",.0,"8",.0,"8",.0,"8",.0,"8",.0,"8",0,"8",0,"8",0,"8","","",0,"8",0,"8"
"352190360","P£OCK","2006","07","09","06","9","",0,"8",0,"8","","","",7,"",0,"8",0,"8",0,"",60,"",1,"",0,"",22.1,"",.0,"8","U","",19.6,"",74,"",17.2,"",1005.3,"",1018.0,"",1,.5,"",.0,"9",0,"9","01","0","0","","0","","","0","","","0","","",0,"",.0,"8",.0,"8","","8",0,"8","","",.0,"8",.0,"8",.0,"8",.0,"8",.0,"8",.0,"8",.0,"8",.0,"8",.0,"8",0,"8",0,"8",0,"8","","",0,"8",0,"8"
"352190360","P£OCK","2006","07","09","07","9","",0,"8",0,"8","","","",8,"",0,"8",0,"8",0,"",320,"",1,"",0,"",23.9,"",.0,"8","U","",19.5,"",66,"",17.2,"",1005.6,"",1018.3,"",2,.8,"",.0,"8",0,"8","02","0","0","","0","","","0","","","0","","",0,"8",.0,"8",.0,"8","","8",0,"8","","",.0,"8",.0,"8",.0,"8",.0,"8",.0,"8",.0,"8",.0,"8",.0,"8",.0,"8",0,"8",0,"8",0,"8","","",0,"8",0,"8"
"352190360","P£OCK","2006","07","09","08","9","",0,"8",0,"8","","","",8,"",0,"8",0,"8",0,"",80,"",1,"",0,"",26.2,"",.0,"8","U","",20.0,"",59,"",17.6,"",1005.9,"",1018.5,"",3,.6,"",.0,"8",0,"8","02","0","0","","0","","","0","","","0","","",0,"8",.0,"8",.0,"8","","8",0,"8","","",.0,"8",.0,"8",.0,"8",.0,"8",.0,"8",.0,"8",.0,"8",.0,"8",.0,"8",0,"8",0,"8",0,"8","","",0,"8",0,"8"
"352190360","P£OCK","2006","07","09","09","5","",0,"8",0,"8","","","",8,"",0,"8",0,"8",1,"",300,"",1,"",0,"",26.9,"",.0,"8","U","",18.7,"",53,"",16.5,"",1005.9,"",1018.4,"",1,.6,"",.0,"8",0,"8","03","0","1","","1","","","0","","","0","","",0,"8",.0,"8",.0,"8","","8",0,"8","","",.0,"8",.0,"8",.0,"8",.0,"8",.0,"8",.0,"8",.0,"8",.0,"8",.0,"8",0,"8",0,"8",0,"8","","",0,"8",0,"8"
"352190360","P£OCK","2006","07","09","10","5","",0,"8",0,"8","","","",8,"",0,"8",0,"8",1,"",130,"",2,"",0,"",28.8,"",.0,"8","U","",19.0,"",48,"",16.7,"",1005.8,"",1018.3,"",0,.2,"",.0,"8",0,"8","03","0","1","","1","","","0","","","0","","",0,"8",.0,"8",.0,"8","","8",0,"8","","",.0,"8",.0,"8",.0,"8",.0,"8",.0,"8",.0,"8",.0,"8",.0,"8",.0,"8",0,"8",0,"8",0,"8","","",0,"8",0,"8"
"352190360","P£OCK","2006","07","09","11","6","",0,"8",0,"8","","","",8,"",0,"8",0,"8",1,"",80,"",2,"",0,"",29.7,"",.0,"8","U","",16.2,"",39,"",14.3,"",1005.6,"",1018.0,"",8,-.3,"",.0,"8",0,"8","03","0","1","","2","","","0","","","0","","",0,"8",.0,"8",.0,"8","","8",0,"8","","",.0,"8",.0,"8",.0,"8",.0,"8",.0,"8",.0,"8",.0,"8",.0,"8",.0,"8",0,"8",0,"8",0,"8","","",0,"8",0,"8"
"352190360","P£OCK","2006","07","09","12","7","",0,"8",0,"8","","","",8,"",0,"8",0,"8",2,"",160,"",3,"",0,"",30.3,"",.0,"8","U","",14.6,"",34,"",12.7,"",1005.3,"",1017.7,"",8,-.6,"",.0,"9",0,"9","03","0","2","","9","","","0","","","0","","",0,"",.0,"8",.0,"8","","8",0,"8","","",.0,"8",.0,"8",.0,"8",.0,"8",.0,"8",.0,"8",.0,"8",.0,"8",.0,"8",0,"8",0,"8",0,"8","","",0,"8",0,"8"
"352190360","P£OCK","2006","07","09","13","7","",0,"8",0,"8","","","",8,"",0,"8",0,"8",2,"",180,"",3,"",0,"",31.2,"",.0,"8","U","",14.1,"",31,"",12.1,"",1004.7,"",1017.0,"",8,-1.1,"",.0,"8",0,"8","02","0","2","","9","","","0","","","0","","",0,"8",.0,"8",.0,"8","","8",0,"8","","",.0,"8",.0,"8",.0,"8",.0,"8",.0,"8",.0,"8",.0,"8",.0,"8",.0,"8",0,"8",0,"8",0,"8","","",0,"8",0,"8"
"352190360","P£OCK","2006","07","09","14","7","",0,"8",0,"8","","","",8,"",0,"8",0,"8",3,"",130,"",2,"",0,"",31.1,"",.0,"8","U","",11.7,"",26,"",9.3,"",1004.2,"",1016.5,"",7,-1.4,"",.0,"8",0,"8","03","0","2","","9","","","0","","","3","","",0,"8",.0,"8",.0,"8","","8",0,"8","","",.0,"8",.0,"8",.0,"8",.0,"8",.0,"8",.0,"8",.0,"8",.0,"8",.0,"8",0,"8",0,"8",0,"8","","",0,"8",0,"8"
"352190360","P£OCK","2006","07","09","15","7","",0,"8",0,"8","","","",8,"",0,"8",0,"8",3,"",150,"",1,"",0,"",31.7,"",.0,"8","U","",13.1,"",28,"",11.0,"",1003.9,"",1016.2,"",6,-1.4,"",.0,"8",0,"8","01","0","1","","2","","","3","","","3","","",0,"8",.0,"8",.0,"8","","8",0,"8","","",.0,"8",.0,"8",.0,"8",.0,"8",.0,"8",.0,"8",.0,"8",.0,"8",.0,"8",0,"8",0,"8",0,"8","","",0,"8",0,"8"
"352190360","P£OCK","2006","07","09","16","7","",0,"8",0,"8","","","",8,"",0,"8",0,"8",3,"",110,"",3,"",0,"",31.2,"",.0,"8","U","",12.7,"",28,"",10.5,"",1003.9,"",1016.2,"",6,-.8,"",.0,"8",0,"8","03","0","1","","2","","","3","","","1","","",0,"8",.0,"8",.0,"8","","8",0,"8","","",.0,"8",.0,"8",.0,"8",.0,"8",.0,"8",.0,"8",.0,"8",.0,"8",.0,"8",0,"8",0,"8",0,"8","","",0,"8",0,"8"
"352190360","P£OCK","2006","07","09","17","7","",0,"8",0,"8","","","",8,"",0,"8",0,"8",2,"",140,"",2,"",0,"",29.2,"",.0,"8","U","",15.4,"",38,"",13.4,"",1004.1,"",1016.5,"",5,-.1,"",.0,"8",0,"8","03","0","1","","9","","","3","","","0","","",0,"8",.0,"8",.0,"8","","8",0,"8","","",.0,"8",.0,"8",.0,"8",.0,"8",.0,"8",.0,"8",.0,"8",.0,"8",.0,"8",0,"8",0,"8",0,"8","","",0,"8",0,"8"
"352190360","P£OCK","2006","07","09","18","6","",0,"8",0,"8","","","",8,"",0,"8",0,"8",4,"",80,"",1,"",0,"",26.7,"",.0,"8","U","",18.9,"",54,"",16.6,"",1004.5,"",1017.0,"",3,.6,"",.0,"9",0,"9","03","0","2","","9","","","3","","","1","","",0,"",.0,"8",.0,"8","","8",0,"8","","",.0,"8",.0,"8",.0,"8",.0,"8",.0,"8",.0,"8",.0,"8",.0,"8",.0,"8",0,"8",0,"8",0,"8","","",0,"8",0,"8"
"352190360","P£OCK","2006","07","09","19","6","",0,"8",0,"8","","","",8,"",0,"8",0,"8",4,"",0,"",0,"",0,"",24.3,"",.0,"8","U","",19.4,"",64,"",17.1,"",1005.0,"",1017.6,"",3,1.1,"",.0,"8",0,"8","01","0","2","","9","","","3","","","1","","",0,"8",.0,"8",.0,"8","","8",0,"8","","",.0,"8",.0,"8",.0,"8",.0,"8",.0,"8",.0,"8",.0,"8",.0,"8",.0,"8",0,"8",0,"8",0,"8","","",0,"8",0,"8"
"352190360","P£OCK","2006","07","09","20","6","",0,"8",0,"8","","","",7,"",0,"8",0,"8",3,"",0,"",0,"",0,"",21.8,"",.0,"8","U","",18.8,"",72,"",16.5,"",1005.3,"",1018.0,"",2,1.2,"",.0,"8",0,"8","01","0","1","","5","","","3","","","1","","",0,"8",.0,"8",.0,"8","","8",0,"8","","",.0,"8",.0,"8",.0,"8",.0,"8",.0,"8",.0,"8",.0,"8",.0,"8",.0,"8",0,"8",0,"8",0,"8","","",0,"8",0,"8"
"352190360","P£OCK","2006","07","09","21","9","",0,"8",0,"8","","","",7,"",0,"8",0,"8",2,"",100,"",1,"",0,"",20.1,"",.0,"8","U","",18.1,"",77,"",15.9,"",1005.6,"",1018.4,"",1,1.1,"",.0,"8",0,"8","01","0","1","","0","","","3","","","1","","",0,"8",.0,"8",.0,"8","","8",0,"8","","",.0,"8",.0,"8",.0,"8",.0,"8",.0,"8",.0,"8",.0,"8",.0,"8",.0,"8",0,"8",0,"8",0,"8","","",0,"8",0,"8"
"352190360","P£OCK","2006","07","09","22","9","",0,"8",0,"8","","","",7,"",0,"8",0,"8",1,"",100,"",2,"",0,"",19.6,"",.0,"8","U","",17.5,"",77,"",15.5,"",1005.8,"",1018.6,"",2,.8,"",.0,"8",0,"8","01","0","0","","0","","","0","","","1","","",0,"8",.0,"8",.0,"8","","8",0,"8","","",.0,"8",.0,"8",.0,"8",.0,"8",.0,"8",.0,"8",.0,"8",.0,"8",.0,"8",0,"8",0,"8",0,"8","","",0,"8",0,"8"
"352190360","P£OCK","2006","07","09","23","9","",0,"8",0,"8","","","",7,"",0,"8",0,"8",1,"",150,"",1,"",0,"",19.2,"",.0,"8","U","",16.4,"",74,"",14.5,"",1005.8,"",1018.7,"",1,.5,"",.0,"8",0,"8","02","0","0","","0","","","0","","","1","","",0,"8",.0,"8",.0,"8","","8",0,"8","","",.0,"8",.0,"8",.0,"8",.0,"8",.0,"8",.0,"8",.0,"8",.0,"8",.0,"8",0,"8",0,"8",0,"8","","",0,"8",0,"8"
"352190360","P£OCK","2006","07","10","00","9","",0,"8",0,"8","","","",7,"",0,"8",0,"8",1,"",50,"",2,"",0,"",17.4,"",.0,"8","U","",16.1,"",81,"",14.1,"",1005.9,"",1018.8,"",2,.3,"",.0,"9",0,"9","02","0","0","","0","","","0","","","1","","",0,"",.0,"8",.0,"8","","8",0,"8","","",.0,"8",.0,"8",.0,"8",.0,"8",.0,"8",.0,"8",.0,"8",.0,"8",.0,"8",0,"8",0,"8",0,"8","","",0,"8",0,"8"
"352190360","P£OCK","2006","07","10","01","9","",0,"8",0,"8","","","",7,"",0,"8",0,"8",1,"",120,"",2,"",0,"",17.3,"",.0,"8","U","",16.4,"",83,"",14.4,"",1006.2,"",1019.2,"",3,.4,"",.0,"8",0,"8","02","0","0","","0","","","0","","","1","","",0,"8",.0,"8",.0,"8","","8",0,"8","","",.0,"8",.0,"8",.0,"8",.0,"8",.0,"8",.0,"8",.0,"8",.0,"8",.0,"8",0,"8",0,"8",0,"8","","",0,"8",0,"8"
"352190360","P£OCK","2006","07","10","02","9","",0,"8",0,"8","","","",7,"",0,"8",0,"8",0,"",120,"",1,"",0,"",17.2,"",.0,"8","U","",16.3,"",83,"",14.3,"",1006.3,"",1019.3,"",2,.5,"",.0,"8",0,"8","01","0","0","","0","","","0","","","0","","",0,"8",.0,"8",.0,"8","","8",0,"8","","",.0,"8",.0,"8",.0,"8",.0,"8",.0,"8",.0,"8",.0,"8",.0,"8",.0,"8",0,"8",0,"8",0,"8","","",0,"8",0,"8"
"352190360","P£OCK","2006","07","10","03","9","",0,"8",0,"8","","","",7,"",0,"8",0,"8",0,"",160,"",1,"",0,"",16.6,"",.0,"8","U","",16.2,"",86,"",14.2,"",1006.8,"",1019.8,"",2,.9,"",.0,"8",0,"8","02","0","0","","0","","","0","","","0","","",0,"8",.0,"8",.0,"8","","8",0,"8","","",.0,"8",.0,"8",.0,"8",.0,"8",.0,"8",.0,"8",.0,"8",.0,"8",.0,"8",0,"8",0,"8",0,"8","","",0,"8",0,"8"
"352190360","P£OCK","2006","07","10","04","9","",0,"8",0,"8","","","",7,"",0,"8",0,"8",0,"",130,"",1,"",0,"",18.7,"",.0,"8","U","",18.1,"",84,"",15.9,"",1007.1,"",1020.0,"",2,.9,"",.0,"8",0,"8","02","0","0","","0","","","0","","","0","","",0,"8",.0,"8",.0,"8","","8",0,"8","","",.0,"8",.0,"8",.0,"8",.0,"8",.0,"8",.0,"8",.0,"8",.0,"8",.0,"8",0,"8",0,"8",0,"8","","",0,"8",0,"8"
"352190360","P£OCK","2006","07","10","05","9","",0,"8",0,"8","","","",7,"",0,"8",0,"8",0,"",120,"",1,"",0,"",21.9,"",.0,"8","U","",19.7,"",75,"",17.3,"",1007.3,"",1020.1,"",1,1.0,"",.0,"8",0,"8","02","0","0","","0","","","0","","","0","","",0,"8",.0,"8",.0,"8","","8",0,"8","","",.0,"8",.0,"8",.0,"8",.0,"8",.0,"8",.0,"8",.0,"8",.0,"8",.0,"8",0,"8",0,"8",0,"8","","",0,"8",0,"8"
"352190360","P£OCK","2006","07","10","06","9","",0,"8",0,"8","","","",7,"",0,"8",0,"8",0,"",180,"",1,"",0,"",24.5,"",.0,"8","U","",19.6,"",64,"",17.2,"",1007.7,"",1020.4,"",2,.9,"",.0,"9",0,"9","02","0","0","","0","","","0","","","0","","",0,"",.0,"8",.0,"8","","8",0,"8","","",.0,"8",.0,"8",.0,"8",.0,"8",.0,"8",.0,"8",.0,"8",.0,"8",.0,"8",0,"8",0,"8",0,"8","","",0,"8",0,"8"
"352190360","P£OCK","2006","07","10","07","9","",0,"8",0,"8","","","",7,"",0,"8",0,"8",0,"",200,"",2,"",0,"",26.7,"",.0,"8","U","",19.6,"",56,"",17.2,"",1007.8,"",1020.4,"",2,.7,"",.0,"8",0,"8","02","0","0","","0","","","0","","","0","","",0,"8",.0,"8",.0,"8","","8",0,"8","","",.0,"8",.0,"8",.0,"8",.0,"8",.0,"8",.0,"8",.0,"8",.0,"8",.0,"8",0,"8",0,"8",0,"8","","",0,"8",0,"8"
"352190360","P£OCK","2006","07","10","08","9","",0,"8",0,"8","","","",8,"",0,"8",0,"8",0,"",220,"",3,"",0,"",28.8,"",.0,"8","U","",18.2,"",46,"",16.0,"",1008.1,"",1020.6,"",2,.8,"",.0,"8",0,"8","02","0","0","","0","","","0","","","0","","",0,"8",.0,"8",.0,"8","","8",0,"8","","",.0,"8",.0,"8",.0,"8",.0,"8",.0,"8",.0,"8",.0,"8",.0,"8",.0,"8",0,"8",0,"8",0,"8","","",0,"8",0,"8"
"352190360","P£OCK","2006","07","10","09","7","",0,"8",0,"8","","","",8,"",0,"8",0,"8",1,"",250,"",3,"",0,"",29.9,"",.0,"8","U","",16.4,"",39,"",14.4,"",1008.3,"",1020.7,"",2,.6,"",.0,"8",0,"8","03","0","1","","1","","","0","","","0","","",0,"8",.0,"8",.0,"8","","8",0,"8","","",.0,"8",.0,"8",.0,"8",.0,"8",.0,"8",.0,"8",.0,"8",.0,"8",.0,"8",0,"8",0,"8",0,"8","","",0,"8",0,"8"
"352190360","P£OCK","2006","07","10","10","7","",0,"8",0,"8","","","",8,"",0,"8",0,"8",3,"",230,"",2,"",0,"",31.0,"",.0,"8","U","",15.7,"",35,"",13.7,"",1008.2,"",1020.6,"",0,.4,"",.0,"8",0,"8","03","0","3","","2","","","0","","","0","","",0,"8",.0,"8",.0,"8","","8",0,"8","","",.0,"8",.0,"8",.0,"8",.0,"8",.0,"8",.0,"8",.0,"8",.0,"8",.0,"8",0,"8",0,"8",0,"8","","",0,"8",0,"8"
"352190360","P£OCK","2006","07","10","11","7","",0,"8",0,"8","","","",8,"",0,"8",0,"8",4,"",240,"",3,"",0,"",30.3,"",.0,"8","U","",16.8,"",39,"",14.8,"",1008.2,"",1020.6,"",1,.1,"",.0,"8",0,"8","03","0","4","","2","","","0","","","0","","",0,"8",.0,"8",.0,"8","","8",0,"8","","",.0,"8",.0,"8",.0,"8",.0,"8",.0,"8",.0,"8",.0,"8",.0,"8",.0,"8",0,"8",0,"8",0,"8","","",0,"8",0,"8"
"352190360","P£OCK","2006","07","10","12","7","",0,"8",0,"8","","","",8,"",0,"8",0,"8",5,"",250,"",2,"",0,"",31.6,"",.0,"8","U","",15.8,"",34,"",13.8,"",1007.9,"",1020.3,"",7,-.4,"",.0,"",6,"","25","1","5","","9","","","0","","","0","","",0,"",.0,"8",.0,"8","","8",0,"8","","",.0,"8",.0,"8",.0,"8",.0,"8",.0,"8",.0,"8",.0,"8",.0,"8",.0,"8",0,"8",0,"8",0,"8","","",0,"8",0,"8"
"352190360","P£OCK","2006","07","10","13","8","",0,"8",0,"8","","","",8,"",0,"8",0,"8",5,"",230,"",2,"",0,"",32.0,"",.0,"8","U","",14.2,"",30,"",12.3,"",1007.9,"",1020.2,"",6,-.3,"",.0,"8",0,"8","02","2","5","","9","","","0","","","0","","",0,"8",.0,"8",.0,"8","","8",0,"8","","",.0,"8",.0,"8",.0,"8",.0,"8",.0,"8",.0,"8",.0,"8",.0,"8",.0,"8",0,"8",0,"8",0,"8","","",0,"8",0,"8"
"352190360","P£OCK","2006","07","10","14","8","",0,"8",0,"8","","","",8,"",0,"8",0,"8",5,"",330,"",1,"",0,"",31.3,"",.0,"8","U","",14.6,"",32,"",12.6,"",1007.6,"",1020.0,"",7,-.6,"",.0,"8",0,"8","02","2","5","","9","","","0","","","0","","",0,"8",.0,"8",.0,"8","","8",0,"8","","",.0,"8",.0,"8",.0,"8",.0,"8",.0,"8",.0,"8",.0,"8",.0,"8",.0,"8",0,"8",0,"8",0,"8","","",0,"8",0,"8"
"352190360","P£OCK","2006","07","10","15","8","",0,"8",0,"8","","","",8,"",0,"8",0,"8",5,"",300,"",5,"",0,"",28.9,"",.0,"8","U","",14.7,"",37,"",12.7,"",1007.7,"",1020.2,"",5,-.2,"",.0,"8",0,"8","02","2","5","","9","","","0","","","0","","",0,"8",.0,"8",.0,"8","","8",0,"8","","",.0,"8",.0,"8",.0,"8",.0,"8",.0,"8",.0,"8",.0,"8",.0,"8",.0,"8",0,"8",0,"8",0,"8","","",0,"8",0,"8"
"352190360","P£OCK","2006","07","10","16","8","",0,"8",0,"8","","","",8,"",0,"8",0,"8",6,"",330,"",2,"",0,"",27.4,"",.0,"8","U","",15.3,"",42,"",13.3,"",1007.8,"",1020.3,"",5,-.1,"",.0,"8",0,"8","29","2","6","","9","","","0","","","0","","",0,"8",.0,"8",.0,"8","","8",0,"8","","",.0,"8",.0,"8",.0,"8",.0,"8",.0,"8",.0,"8",.0,"8",.0,"8",.0,"8",0,"8",0,"8",0,"8","","",0,"8",0,"8"
"352190360","P£OCK","2006","07","10","17","7","",0,"8",0,"8","","","",8,"",0,"8",0,"8",6,"",120,"",1,"",0,"",28.7,"",.0,"8","U","",17.3,"",44,"",15.2,"",1007.8,"",1020.3,"",1,.2,"",.0,"8",0,"8","01","2","4","","9","","","6","","","0","","",0,"8",.0,"8",.0,"8","","8",0,"8","","",.0,"8",.0,"8",.0,"8",.0,"8",.0,"8",.0,"8",.0,"8",.0,"8",.0,"8",0,"8",0,"8",0,"8","","",0,"8",0,"8"
"352190360","P£OCK","2006","07","10","18","7","",0,"8",0,"8","","","",8,"",0,"8",0,"8",2,"",0,"",0,"",0,"",27.0,"",.0,"8","U","",19.6,"",55,"",17.2,"",1007.9,"",1020.5,"",2,.2,"",.0,"9",0,"9","01","9","1","","9","","","3","","","0","","",0,"",.0,"8",.0,"8","","8",0,"8","","",.0,"8",.0,"8",.0,"8",.0,"8",.0,"8",.0,"8",.0,"8",.0,"8",.0,"8",0,"8",0,"8",0,"8","","",0,"8",0,"8"
"352190360","P£OCK","2006","07","10","19","9","",0,"8",0,"8","","","",8,"",0,"8",0,"8",2,"",80,"",1,"",0,"",25.4,"",.0,"8","U","",17.5,"",54,"",15.4,"",1008.4,"",1021.0,"",3,.6,"",.0,"8",0,"8","01","0","2","","0","","","3","","","0","","",0,"8",.0,"8",.0,"8","","8",0,"8","","",.0,"8",.0,"8",.0,"8",.0,"8",.0,"8",.0,"8",.0,"8",.0,"8",.0,"8",0,"8",0,"8",0,"8","","",0,"8",0,"8"
"352190360","P£OCK","2006","07","10","20","9","",0,"8",0,"8","","","",7,"",0,"8",0,"8",1,"",90,"",2,"",0,"",22.9,"",.0,"8","U","",18.4,"",66,"",16.2,"",1008.8,"",1021.5,"",2,1.0,"",.0,"8",0,"8","01","0","1","","0","","","3","","","0","","",0,"8",.0,"8",.0,"8","","8",0,"8","","",.0,"8",.0,"8",.0,"8",.0,"8",.0,"8",.0,"8",.0,"8",.0,"8",.0,"8",0,"8",0,"8",0,"8","","",0,"8",0,"8"
"352190360","P£OCK","2006","07","10","21","9","",0,"8",0,"8","","","",7,"",0,"8",0,"8",1,"",110,"",1,"",0,"",20.4,"",.0,"8","U","",18.2,"",76,"",16.0,"",1009.0,"",1021.9,"",1,1.1,"",.0,"8",0,"8","02","0","1","","0","","","3","","","0","","",0,"8",.0,"8",.0,"8","","8",0,"8","","",.0,"8",.0,"8",.0,"8",.0,"8",.0,"8",.0,"8",.0,"8",.0,"8",.0,"8",0,"8",0,"8",0,"8","","",0,"8",0,"8"
"352190360","P£OCK","2006","07","10","22","9","",0,"8",0,"8","","","",7,"",0,"8",0,"8",1,"",40,"",3,"",0,"",21.6,"",.0,"8","U","",18.5,"",72,"",16.3,"",1009.8,"",1022.6,"",2,1.4,"",.0,"8",0,"8","02","0","1","","0","","","3","","","0","","",0,"8",.0,"8",.0,"8","","8",0,"8","","",.0,"8",.0,"8",.0,"8",.0,"8",.0,"8",.0,"8",.0,"8",.0,"8",.0,"8",0,"8",0,"8",0,"8","","",0,"8",0,"8"
"352190360","P£OCK","2006","07","10","23","9","",0,"8",0,"8","","","",7,"",0,"8",0,"8",1,"",70,"",2,"",0,"",21.1,"",.0,"8","U","",17.2,"",69,"",15.2,"",1009.8,"",1022.6,"",1,1.0,"",.0,"8",0,"8","02","0","1","","0","","","3","","","0","","",0,"8",.0,"8",.0,"8","","8",0,"8","","",.0,"8",.0,"8",.0,"8",.0,"8",.0,"8",.0,"8",.0,"8",.0,"8",.0,"8",0,"8",0,"8",0,"8","","",0,"8",0,"8"
"352190360","P£OCK","2006","07","11","00","9","",0,"8",0,"8","","","",7,"",0,"8",0,"8",1,"",60,"",2,"",0,"",19.9,"",.0,"8","U","",17.4,"",75,"",15.3,"",1009.8,"",1022.7,"",1,.8,"",.0,"9",0,"9","02","0","1","","0","","","3","","","0","","",0,"",.0,"8",.0,"8","","8",0,"8","","",.0,"8",.0,"8",.0,"8",.0,"8",.0,"8",.0,"8",.0,"8",.0,"8",.0,"8",0,"8",0,"8",0,"8","","",0,"8",0,"8"
"352190360","P£OCK","2006","07","11","01","9","",0,"8",0,"8","","","",7,"",0,"8",0,"8",2,"",40,"",2,"",0,"",19.5,"",.0,"8","U","",17.4,"",77,"",15.4,"",1009.9,"",1022.8,"",3,.1,"",.0,"8",0,"8","03","0","1","","0","","","3","","","1","","",0,"8",.0,"8",.0,"8","","8",0,"8","","",.0,"8",.0,"8",.0,"8",.0,"8",.0,"8",.0,"8",.0,"8",.0,"8",.0,"8",0,"8",0,"8",0,"8","","",0,"8",0,"8"
"352190360","P£OCK","2006","07","11","02","9","",0,"8",0,"8","","","",7,"",0,"8",0,"8",2,"",60,"",1,"",0,"",18.8,"",.0,"8","U","",17.3,"",80,"",15.3,"",1009.9,"",1022.8,"",1,.1,"",.0,"8",0,"8","03","0","2","","0","","","3","","","0","","",0,"8",.0,"8",.0,"8","","8",0,"8","","",.0,"8",.0,"8",.0,"8",.0,"8",.0,"8",.0,"8",.0,"8",.0,"8",.0,"8",0,"8",0,"8",0,"8","","",0,"8",0,"8"
"352190360","P£OCK","2006","07","11","03","9","",0,"8",0,"8","","","",7,"",0,"8",0,"8",2,"",0,"",0,"",0,"",18.3,"",.0,"8","U","",17.2,"",82,"",15.2,"",1010.0,"",1023.0,"",2,.2,"",.0,"8",0,"8","02","0","2","","0","","","8","","","0","","",0,"8",.0,"8",.0,"8","","8",0,"8","","",.0,"8",.0,"8",.0,"8",.0,"8",.0,"8",.0,"8",.0,"8",.0,"8",.0,"8",0,"8",0,"8",0,"8","","",0,"8",0,"8"
"352190360","P£OCK","2006","07","11","04","9","",0,"8",0,"8","","","",7,"",0,"8",0,"8",2,"",50,"",1,"",0,"",19.6,"",.0,"8","U","",18.4,"",81,"",16.2,"",1010.1,"",1023.0,"",3,.2,"",.0,"8",0,"8","02","0","2","","0","","","3","","","0","","",0,"8",.0,"8",.0,"8","","8",0,"8","","",.0,"8",.0,"8",.0,"8",.0,"8",.0,"8",.0,"8",.0,"8",.0,"8",.0,"8",0,"8",0,"8",0,"8","","",0,"8",0,"8"
"352190360","P£OCK","2006","07","11","05","9","",0,"8",0,"8","","","",7,"",0,"8",0,"8",1,"",80,"",2,"",0,"",21.8,"",.0,"8","U","",19.3,"",74,"",17.0,"",1010.1,"",1022.9,"",1,.2,"",.0,"8",0,"8","01","0","0","","0","","","0","","","1","","",0,"8",.0,"8",.0,"8","","8",0,"8","","",.0,"8",.0,"8",.0,"8",.0,"8",.0,"8",.0,"8",.0,"8",.0,"8",.0,"8",0,"8",0,"8",0,"8","","",0,"8",0,"8"
"352190360","P£OCK","2006","07","11","06","9","",0,"8",0,"8","","","",7,"",0,"8",0,"8",2,"",80,"",2,"",0,"",23.3,"",.0,"8","U","",19.4,"",68,"",17.1,"",1010.2,"",1022.9,"",2,.2,"",.0,"9",0,"9","03","0","1","","0","","","3","","","1","","",0,"",.0,"8",.0,"8","","8",0,"8","","",.0,"8",.0,"8",.0,"8",.0,"8",.0,"8",.0,"8",.0,"8",.0,"8",.0,"8",0,"8",0,"8",0,"8","","",0,"8",0,"8"
"352190360","P£OCK","2006","07","11","07","9","",0,"8",0,"8","","","",7,"",0,"8",0,"8",0,"",0,"",0,"",0,"",24.8,"",.0,"8","U","",19.0,"",61,"",16.8,"",1010.2,"",1022.9,"",1,.1,"",.0,"8",0,"8","01","0","0","","0","","","0","","","0","","",0,"8",.0,"8",.0,"8","","8",0,"8","","",.0,"8",.0,"8",.0,"8",.0,"8",.0,"8",.0,"8",.0,"8",.0,"8",.0,"8",0,"8",0,"8",0,"8","","",0,"8",0,"8"
"352190360","P£OCK","2006","07","11","08","9","",0,"8",0,"8","","","",8,"",0,"8",0,"8",0,"",130,"",1,"",0,"",26.7,"",.0,"8","U","",19.2,"",55,"",16.9,"",1010.2,"",1022.8,"",1,.1,"",.0,"8",0,"8","02","0","0","","0","","","0","","","0","","",0,"8",.0,"8",.0,"8","","8",0,"8","","",.0,"8",.0,"8",.0,"8",.0,"8",.0,"8",.0,"8",.0,"8",.0,"8",.0,"8",0,"8",0,"8",0,"8","","",0,"8",0,"8"
"352190360","P£OCK","2006","07","11","09","9","",0,"8",0,"8","","","",8,"",0,"8",0,"8",0,"",130,"",2,"",0,"",28.7,"",.0,"8","U","",18.9,"",48,"",16.6,"",1009.9,"",1022.4,"",8,-.3,"",.0,"8",0,"8","02","0","0","","0","","","0","","","0","","",0,"8",.0,"8",.0,"8","","8",0,"8","","",.0,"8",.0,"8",.0,"8",.0,"8",.0,"8",.0,"8",.0,"8",.0,"8",.0,"8",0,"8",0,"8",0,"8","","",0,"8",0,"8"
"352190360","P£OCK","2006","07","11","10","9","",0,"8",0,"8","","","",8,"",0,"8",0,"8",1,"",130,"",2,"",0,"",30.8,"",.0,"8","U","",18.2,"",41,"",16.0,"",1009.7,"",1022.1,"",8,-.5,"",.0,"8",0,"8","03","0","1","","0","","","3","","","0","","",0,"8",.0,"8",.0,"8","","8",0,"8","","",.0,"8",.0,"8",.0,"8",.0,"8",.0,"8",.0,"8",.0,"8",.0,"8",.0,"8",0,"8",0,"8",0,"8","","",0,"8",0,"8"
"352190360","P£OCK","2006","07","11","11","7","",0,"8",0,"8","","","",8,"",0,"8",0,"8",2,"",130,"",3,"",0,"",31.6,"",.0,"8","U","",15.8,"",34,"",13.8,"",1009.2,"",1021.6,"",7,-1.0,"",.0,"8",0,"8","03","0","2","","2","","","0","","","0","","",0,"8",.0,"8",.0,"8","","8",0,"8","","",.0,"8",.0,"8",.0,"8",.0,"8",.0,"8",.0,"8",.0,"8",.0,"8",.0,"8",0,"8",0,"8",0,"8","","",0,"8",0,"8"
"352190360","P£OCK","2006","07","11","12","7","",0,"8",0,"8","","","",8,"",0,"8",0,"8",3,"",180,"",3,"",0,"",32.4,"",.0,"8","U","",14.6,"",30,"",12.6,"",1008.6,"",1020.9,"",8,-1.3,"",.0,"9",0,"9","03","0","3","","2","","","0","","","0","","",0,"",.0,"8",.0,"8","","8",0,"8","","",.0,"8",.0,"8",.0,"8",.0,"8",.0,"8",.0,"8",.0,"8",.0,"8",.0,"8",0,"8",0,"8",0,"8","","",0,"8",0,"8"
"352190360","P£OCK","2006","07","11","13","7","",0,"8",0,"8","","","",8,"",0,"8",0,"8",4,"",230,"",2,"",0,"",33.2,"",.0,"8","U","",14.2,"",28,"",12.2,"",1008.2,"",1020.5,"",7,-1.5,"",.0,"8",0,"8","03","0","4","","3","","","0","","","0","","",0,"8",.0,"8",.0,"8","","8",0,"8","","",.0,"8",.0,"8",.0,"8",.0,"8",.0,"8",.0,"8",.0,"8",.0,"8",.0,"8",0,"8",0,"8",0,"8","","",0,"8",0,"8"
"352190360","P£OCK","2006","07","11","14","7","",0,"8",0,"8","","","",8,"",0,"8",0,"8",5,"",170,"",2,"",0,"",32.0,"",.0,"8","U","",14.7,"",31,"",12.8,"",1007.9,"",1020.2,"",6,-1.3,"",.0,"8",0,"8","03","1","4","","3","","","3","","","0","","",0,"8",.0,"8",.0,"8","","8",0,"8","","",.0,"8",.0,"8",.0,"8",.0,"8",.0,"8",.0,"8",.0,"8",.0,"8",.0,"8",0,"8",0,"8",0,"8","","",0,"8",0,"8"
"352190360","P£OCK","2006","07","11","15","7","",0,"8",0,"8","","","",8,"",0,"8",0,"8",6,"",150,"",2,"",0,"",31.6,"",.0,"8","U","",15.3,"",33,"",13.4,"",1007.5,"",1019.9,"",7,-1.1,"",.0,"8",0,"8","03","1","3","","9","","","3","","","1","","",0,"8",.0,"8",.0,"8","","8",0,"8","","",.0,"8",.0,"8",.0,"8",.0,"8",.0,"8",.0,"8",.0,"8",.0,"8",.0,"8",0,"8",0,"8",0,"8","","",0,"8",0,"8"
"352190360","P£OCK","2006","07","11","16","7","",0,"8",0,"8","","","",8,"",0,"8",0,"8",6,"",130,"",2,"",0,"",31.3,"",.0,"8","U","",16.9,"",37,"",14.9,"",1007.2,"",1019.6,"",7,-1.0,"",.0,"8",0,"8","01","2","3","","3","","","3","","","1","","",0,"8",.0,"8",.0,"8","","8",0,"8","","",.0,"8",.0,"8",.0,"8",.0,"8",.0,"8",.0,"8",.0,"8",.0,"8",.0,"8",0,"8",0,"8",0,"8","","",0,"8",0,"8"
"352190360","P£OCK","2006","07","11","17","7","",0,"8",0,"8","","","",8,"",0,"8",0,"8",5,"",280,"",1,"",0,"",29.9,"",.0,"8","U","",18.5,"",44,"",16.3,"",1007.3,"",1019.7,"",5,-.6,"",.0,"8",0,"8","03","2","3","","9","","","3","","","1","","",0,"8",.0,"8",.0,"8","","8",0,"8","","",.0,"8",.0,"8",.0,"8",.0,"8",.0,"8",.0,"8",.0,"8",.0,"8",.0,"8",0,"8",0,"8",0,"8","","",0,"8",0,"8"
"352190360","P£OCK","2006","07","11","18","6","",0,"8",0,"8","","","",7,"",0,"8",0,"8",7,"",230,"",4,"",0,"",25.8,"",.0,"8","U","",18.2,"",55,"",16.1,"",1008.0,"",1020.6,"",3,.5,"",.0,"",6,"","80","1","7","","9","","","/","","","/","","",0,"",.0,"8",.0,"8","","8",0,"8","","",.0,"8",.0,"8",.0,"8",.0,"8",.0,"8",.0,"8",.0,"8",.0,"8",.0,"8",0,"8",0,"8",0,"8","","",0,"8",0,"8"
"352190360","P£OCK","2006","07","11","19","6","",0,"8",0,"8","","","",8,"",0,"8",0,"8",7,"",240,"",2,"",0,"",24.5,"",.0,"8","U","",18.1,"",59,"",16.0,"",1007.9,"",1020.6,"",0,.7,"",.0,"8",0,"8","25","2","5","","9","","","3","","","/","","",0,"8",.0,"8",.0,"8","","8",0,"8","","",.0,"8",.0,"8",.0,"8",.0,"8",.0,"8",.0,"8",.0,"8",.0,"8",.0,"8",0,"8",0,"8",0,"8","","",0,"8",0,"8"
"352190360","P£OCK","2006","07","11","20","7","",0,"8",0,"8","","","",8,"",0,"8",0,"8",8,"",90,"",1,"",0,"",23.6,"",.0,"8","U","",20.3,"",70,"",17.8,"",1007.8,"",1020.5,"",0,.5,"",.0,"8",0,"8","01","2","2","","5","","","3","","","/","","",0,"8",.0,"8",.0,"8","","8",0,"8","","",.0,"8",.0,"8",.0,"8",.0,"8",.0,"8",.0,"8",.0,"8",.0,"8",.0,"8",0,"8",0,"8",0,"8","","",0,"8",0,"8"
"352190360","P£OCK","2006","07","11","21","9","",0,"8",0,"8","","","",8,"",0,"8",0,"8",8,"",110,"",2,"",0,"",23.7,"",.0,"8","U","",19.3,"",66,"",17.0,"",1007.7,"",1020.4,"",7,-.3,"",.0,"8",0,"8","01","8","8","","0","","","7","","","/","","",0,"8",.0,"8",.0,"8","","8",0,"8","","",.0,"8",.0,"8",.0,"8",.0,"8",.0,"8",.0,"8",.0,"8",.0,"8",.0,"8",0,"8",0,"8",0,"8","","",0,"8",0,"8"
"352190360","P£OCK","2006","07","11","22","9","",0,"8",0,"8","","","",8,"",0,"8",0,"8",8,"",340,"",1,"",0,"",23.0,"",.0,"8","U","",19.9,"",71,"",17.5,"",1008.4,"",1021.1,"",3,.5,"",.0,"8",0,"8","02","2","8","","0","","","7","","","/","","",0,"8",.0,"8",.0,"8","","8",0,"8","","",.0,"8",.0,"8",.0,"8",.0,"8",.0,"8",.0,"8",.0,"8",.0,"8",.0,"8",0,"8",0,"8",0,"8","","",0,"8",0,"8"
"352190360","P£OCK","2006","07","11","23","9","",0,"8",0,"8","","","",8,"",0,"8",0,"8",8,"",120,"",1,"",0,"",22.4,"",.0,"8","U","",20.3,"",75,"",17.7,"",1008.4,"",1021.2,"",1,.6,"",.0,"8",0,"8","01","2","8","","0","","","3","","","/","","",0,"8",.0,"8",.0,"8","","8",0,"8","","",.0,"8",.0,"8",.0,"8",.0,"8",.0,"8",.0,"8",.0,"8",.0,"8",.0,"8",0,"8",0,"8",0,"8","","",0,"8",0,"8"
"352190360","P£OCK","2006","07","12","00","9","",0,"8",0,"8","","","",7,"",0,"8",0,"8",8,"",0,"",0,"",0,"",22.0,"",.0,"8","U","",20.3,"",77,"",17.8,"",1008.3,"",1021.1,"",0,.6,"",.0,"",6,"","02","8","8","","0","","","3","","","/","","",0,"",.0,"8",.0,"8","","8",0,"8","","",.0,"8",.0,"8",.0,"8",.0,"8",.0,"8",.0,"8",.0,"8",.0,"8",.0,"8",0,"8",0,"8",0,"8","","",0,"8",0,"8"
"352190360","P£OCK","2006","07","12","01","9","",0,"8",0,"8","","","",7,"",0,"8",0,"8",8,"",200,"",1,"",0,"",22.3,"",.0,"8","U","",19.6,"",73,"",17.2,"",1008.0,"",1020.8,"",8,-.4,"",.0,"8",0,"8","03","2","8","","0","","","7","","","/","","",0,"8",.0,"8",.0,"8","","8",0,"8","","",.0,"8",.0,"8",.0,"8",.0,"8",.0,"8",.0,"8",.0,"8",.0,"8",.0,"8",0,"8",0,"8",0,"8","","",0,"8",0,"8"
"352190360","P£OCK","2006","07","12","02","6","",0,"8",0,"8","","","",7,"",0,"8",0,"8",7,"",170,"",1,"",0,"",22.3,"",.0,"8","U","",19.3,"",72,"",17.0,"",1008.0,"",1020.8,"",6,-.4,"",.0,"8",0,"8","80","2","5","","9","","","3","","","/","","",0,"8",.0,"8",.0,"8","","8",0,"8","","",.0,"8",.0,"8",.0,"8",.0,"8",.0,"8",.0,"8",.0,"8",.0,"8",.0,"8",0,"8",0,"8",0,"8","","",0,"8",0,"8"
"352190360","P£OCK","2006","07","12","03","6","",0,"8",0,"8","","","",6,"",0,"8",0,"8",7,"",110,"",2,"",0,"",21.7,"",.0,"8","U","",20.5,"",79,"",17.9,"",1008.1,"",1020.9,"",5,-.2,"",.0,"8",0,"8","81","2","5","","9","","","3","","","/","","",0,"8",.0,"8",.0,"8","","8",0,"8","","",.0,"8",.0,"8",.0,"8",.0,"8",.0,"8",.0,"8",.0,"8",.0,"8",.0,"8",0,"8",0,"8",0,"8","","",0,"8",0,"8"
"352190360","P£OCK","2006","07","12","04","6","",0,"8",0,"8","","","",6,"",0,"8",0,"8",7,"",230,"",2,"",0,"",21.4,"",.0,"8","U","",20.3,"",80,"",17.8,"",1008.3,"",1021.1,"",3,.3,"",.0,"8",0,"8","95","8","7","","9","","","/","","","/","","",0,"8",.0,"8",.0,"8","","8",0,"8","","",.0,"8",.0,"8",.0,"8",.0,"8",.0,"8",.0,"8",.0,"8",.0,"8",.0,"8",0,"8",0,"8",0,"8","","",0,"8",0,"8"
"352190360","P£OCK","2006","07","12","05","6","",0,"8",0,"8","","","",7,"",0,"8",0,"8",7,"",70,"",2,"",0,"",22.2,"",.0,"8","U","",20.8,"",78,"",18.2,"",1009.0,"",1021.8,"",3,1.0,"",.0,"8",0,"8","17","9","5","","9","","","3","","","3","","",0,"8",.0,"8",.0,"8","","8",0,"8","","",.0,"8",.0,"8",.0,"8",.0,"8",.0,"8",.0,"8",.0,"8",.0,"8",.0,"8",0,"8",0,"8",0,"8","","",0,"8",0,"8"
"352190360","P£OCK","2006","07","12","06","6","",0,"8",0,"8","","","",7,"",0,"8",0,"8",7,"",0,"",0,"",0,"",22.8,"",.0,"8","U","",22.2,"",80,"",19.2,"",1009.5,"",1022.3,"",2,1.4,"",2.5,"",6,"","17","8","7","","9","","","/","","","/","","",1,"",.0,"8",.0,"8","","8",0,"8","","",.0,"8",.0,"8",.0,"8",.0,"8",.0,"8",.0,"8",.0,"8",.0,"8",.0,"8",0,"8",0,"8",0,"8","","",0,"8",0,"8"
"352190360","P£OCK","2006","07","12","07","6","",0,"8",0,"8","","","",7,"",0,"8",0,"8",7,"",0,"",0,"",0,"",23.4,"",.0,"8","U","",21.2,"",74,"",18.5,"",1010.2,"",1022.9,"",2,1.9,"",.0,"8",0,"8","17","9","7","","9","","","/","","","/","","",0,"8",.0,"8",.0,"8","","8",0,"8","","",.0,"8",.0,"8",.0,"8",.0,"8",.0,"8",.0,"8",.0,"8",.0,"8",.0,"8",0,"8",0,"8",0,"8","","",0,"8",0,"8"
"352190360","P£OCK","2006","07","12","08","6","",0,"8",0,"8","","","",7,"",0,"8",0,"8",7,"",360,"",3,"",0,"",21.7,"",.0,"8","U","",19.9,"",77,"",17.5,"",1010.3,"",1023.1,"",2,1.3,"",.0,"8",0,"8","29","9","7","","9","","","/","","","/","","",0,"8",.0,"8",.0,"8","","8",0,"8","","",.0,"8",.0,"8",.0,"8",.0,"8",.0,"8",.0,"8",.0,"8",.0,"8",.0,"8",0,"8",0,"8",0,"8","","",0,"8",0,"8"
"352190360","P£OCK","2006","07","12","09","6","",0,"8",0,"8","","","",7,"",0,"8",0,"8",7,"",350,"",2,"",0,"",21.2,"",.0,"8","U","",21.6,"",86,"",18.8,"",1011.0,"",1023.8,"",2,1.5,"",.0,"8",0,"8","25","9","7","","9","","","/","","","/","","",0,"8",.0,"8",.0,"8","","8",0,"8","","",.0,"8",.0,"8",.0,"8",.0,"8",.0,"8",.0,"8",.0,"8",.0,"8",.0,"8",0,"8",0,"8",0,"8","","",0,"8",0,"8"
"352190360","P£OCK","2006","07","12","10","6","",0,"8",0,"8","","","",7,"",0,"8",0,"8",7,"",340,"",3,"",0,"",22.5,"",.0,"8","U","",22.0,"",81,"",19.1,"",1011.6,"",1024.4,"",3,1.4,"",.0,"8",0,"8","25","2","7","","9","","","/","","","/","","",0,"8",.0,"8",.0,"8","","8",0,"8","","",.0,"8",.0,"8",.0,"8",.0,"8",.0,"8",.0,"8",.0,"8",.0,"8",.0,"8",0,"8",0,"8",0,"8","","",0,"8",0,"8"
"352190360","P£OCK","2006","07","12","11","6","",0,"8",0,"8","","","",7,"",0,"8",0,"8",6,"",360,"",4,"",0,"",24.1,"",.0,"8","U","",21.3,"",71,"",18.5,"",1011.2,"",1023.9,"",0,.9,"",.0,"8",0,"8","01","2","4","","9","","","3","","","1","","",0,"8",.0,"8",.0,"8","","8",0,"8","","",.0,"8",.0,"8",.0,"8",.0,"8",.0,"8",.0,"8",.0,"8",.0,"8",.0,"8",0,"8",0,"8",0,"8","","",0,"8",0,"8"
"352190360","P£OCK","2006","07","12","12","6","",0,"8",0,"8","","","",8,"",0,"8",0,"8",5,"",30,"",3,"",0,"",27.0,"",.0,"8","U","",16.4,"",46,"",14.4,"",1010.5,"",1023.1,"",8,-.5,"",.6,"",6,"","01","9","2","","5","","","3","","","1","","",1,"",.0,"8",.0,"8","","8",0,"8","","",.0,"8",.0,"8",.0,"8",.0,"8",.0,"8",.0,"8",.0,"8",.0,"8",.0,"8",0,"8",0,"8",0,"8","","",0,"8",0,"8"
"352190360","P£OCK","2006","07","12","13","6","",0,"8",0,"8","","","",8,"",0,"8",0,"8",5,"",340,"",3,"",0,"",27.6,"",.0,"8","U","",18.1,"",49,"",15.9,"",1010.0,"",1022.6,"",7,-1.6,"",.0,"8",0,"8","03","2","2","","2","","","3","","","2","","",0,"8",.0,"8",.0,"8","","8",0,"8","","",.0,"8",.0,"8",.0,"8",.0,"8",.0,"8",.0,"8",.0,"8",.0,"8",.0,"8",0,"8",0,"8",0,"8","","",0,"8",0,"8"
"352190360","P£OCK","2006","07","12","14","6","",0,"8",0,"8","","","",8,"",0,"8",0,"8",4,"",320,"",3,"",0,"",27.8,"",.0,"8","U","",17.1,"",46,"",15.1,"",1009.5,"",1022.0,"",6,-1.7,"",.0,"8",0,"8","01","1","1","","2","","","3","","","2","","",0,"8",.0,"8",.0,"8","","8",0,"8","","",.0,"8",.0,"8",.0,"8",.0,"8",.0,"8",.0,"8",.0,"8",.0,"8",.0,"8",0,"8",0,"8",0,"8","","",0,"8",0,"8"
"352190360","P£OCK","2006","07","12","15","6","",0,"8",0,"8","","","",8,"",0,"8",0,"8",5,"",330,"",4,"",0,"",26.4,"",.0,"8","U","",19.9,"",58,"",17.5,"",1009.3,"",1021.9,"",6,-1.2,"",.0,"8",0,"8","01","1","1","","2","","","3","","","6","","",0,"8",.0,"8",.0,"8","","8",0,"8","","",.0,"8",.0,"8",.0,"8",.0,"8",.0,"8",.0,"8",.0,"8",.0,"8",.0,"8",0,"8",0,"8",0,"8","","",0,"8",0,"8"
"352190360","P£OCK","2006","07","12","16","6","",0,"8",0,"8","","","",8,"",0,"8",0,"8",6,"",340,"",4,"",0,"",26.4,"",.0,"8","U","",19.6,"",57,"",17.2,"",1008.8,"",1021.4,"",7,-1.2,"",.0,"8",0,"8","03","2","1","","2","","","3","","","6","","",0,"8",.0,"8",.0,"8","","8",0,"8","","",.0,"8",.0,"8",.0,"8",.0,"8",.0,"8",.0,"8",.0,"8",.0,"8",.0,"8",0,"8",0,"8",0,"8","","",0,"8",0,"8"
"352190360","P£OCK","2006","07","12","17","6","",0,"8",0,"8","","","",8,"",0,"8",0,"8",6,"",10,"",4,"",0,"",26.1,"",.0,"8","U","",18.9,"",56,"",16.6,"",1008.8,"",1021.4,"",6,-.7,"",.0,"8",0,"8","03","2","1","","3","","","0","","","8","","",0,"8",.0,"8",.0,"8","","8",0,"8","","",.0,"8",.0,"8",.0,"8",.0,"8",.0,"8",.0,"8",.0,"8",.0,"8",.0,"8",0,"8",0,"8",0,"8","","",0,"8",0,"8"
"352190360","P£OCK","2006","07","12","18","6","",0,"8",0,"8","","","",8,"",0,"8",0,"8",6,"",30,"",4,"",0,"",24.7,"",.0,"8","U","",18.6,"",60,"",16.4,"",1009.3,"",1022.0,"",5,.0,"",.0,"9",0,"9","03","1","2","","9","","","3","","","8","","",0,"",.0,"8",.0,"8","","8",0,"8","","",.0,"8",.0,"8",.0,"8",.0,"8",.0,"8",.0,"8",.0,"8",.0,"8",.0,"8",0,"8",0,"8",0,"8","","",0,"8",0,"8"
"352190360","P£OCK","2006","07","12","19","6","",0,"8",0,"8","","","",8,"",0,"8",0,"8",5,"",20,"",3,"",0,"",23.7,"",.0,"8","U","",18.4,"",63,"",16.2,"",1009.2,"",1021.9,"",0,.4,"",.0,"8",0,"8","01","2","2","","2","","","3","","","8","","",0,"8",.0,"8",.0,"8","","8",0,"8","","",.0,"8",.0,"8",.0,"8",.0,"8",.0,"8",.0,"8",.0,"8",.0,"8",.0,"8",0,"8",0,"8",0,"8","","",0,"8",0,"8"
"352190360","P£OCK","2006","07","12","20","9","",0,"8",0,"8","","","",8,"",0,"8",0,"8",4,"",10,"",3,"",0,"",21.9,"",.0,"8","U","",18.6,"",71,"",16.4,"",1009.5,"",1022.3,"",2,.7,"",.0,"8",0,"8","01","1","3","","0","","","3","","","1","","",0,"8",.0,"8",.0,"8","","8",0,"8","","",.0,"8",.0,"8",.0,"8",.0,"8",.0,"8",.0,"8",.0,"8",.0,"8",.0,"8",0,"8",0,"8",0,"8","","",0,"8",0,"8"
"352190360","P£OCK","2006","07","12","21","9","",0,"8",0,"8","","","",7,"",0,"8",0,"8",4,"",20,"",3,"",0,"",21.0,"",.0,"8","U","",19.1,"",77,"",16.8,"",1009.5,"",1022.3,"",1,.2,"",.0,"8",0,"8","02","1","3","","0","","","3","","","1","","",0,"8",.0,"8",.0,"8","","8",0,"8","","",.0,"8",.0,"8",.0,"8",.0,"8",.0,"8",.0,"8",.0,"8",.0,"8",.0,"8",0,"8",0,"8",0,"8","","",0,"8",0,"8"
"352190360","P£OCK","2006","07","12","22","9","",0,"8",0,"8","","","",7,"",0,"8",0,"8",4,"",20,"",3,"",0,"",20.5,"",.0,"8","U","",19.2,"",80,"",16.9,"",1009.2,"",1022.0,"",0,.0,"",.0,"8",0,"8","02","0","3","","0","","","3","","","1","","",0,"8",.0,"8",.0,"8","","8",0,"8","","",.0,"8",.0,"8",.0,"8",.0,"8",.0,"8",.0,"8",.0,"8",.0,"8",.0,"8",0,"8",0,"8",0,"8","","",0,"8",0,"8"
"352190360","P£OCK","2006","07","12","23","9","",0,"8",0,"8","","","",7,"",0,"8",0,"8",3,"",40,"",3,"",0,"",19.6,"",.0,"8","U","",19.3,"",85,"",17.0,"",1009.6,"",1022.5,"",3,.1,"",.0,"8",0,"8","01","0","1","","0","","","3","","","1","","",0,"8",.0,"8",.0,"8","","8",0,"8","","",.0,"8",.0,"8",.0,"8",.0,"8",.0,"8",.0,"8",.0,"8",.0,"8",.0,"8",0,"8",0,"8",0,"8","","",0,"8",0,"8"
"352190360","P£OCK","2006","07","13","00","9","",0,"8",0,"8","","","",6,"",0,"8",0,"8",4,"",40,"",2,"",0,"",19.1,"",.0,"8","U","",19.2,"",87,"",16.9,"",1009.3,"",1022.2,"",7,-.2,"",.0,"9",0,"9","10","1","0","","0","","","0","","","6","","",0,"",.0,"8",.0,"8","","8",0,"8","","",.0,"8",.0,"8",.0,"8",.0,"8",.0,"8",.0,"8",.0,"8",.0,"8",.0,"8",0,"8",0,"8",0,"8","","",0,"8",0,"8"
"352190360","P£OCK","2006","07","13","01","9","",0,"8",0,"8","","","",6,"",0,"8",0,"8",4,"",60,"",2,"",0,"",18.9,"",.0,"8","U","",18.7,"",86,"",16.5,"",1008.8,"",1021.7,"",8,-.4,"",.0,"8",0,"8","10","0","1","","0","","","3","","","8","","",0,"8",.0,"8",.0,"8","","8",0,"8","","",.0,"8",.0,"8",.0,"8",.0,"8",.0,"8",.0,"8",.0,"8",.0,"8",.0,"8",0,"8",0,"8",0,"8","","",0,"8",0,"8"
"352190360","P£OCK","2006","07","13","02","9","",0,"8",0,"8","","","",6,"",0,"8",0,"8",4,"",30,"",3,"",0,"",17.8,"",.0,"8","U","",17.7,"",87,"",15.6,"",1008.6,"",1021.6,"",7,-1.0,"",.0,"8",0,"8","10","0","1","","0","","","3","","","8","","",0,"8",.0,"8",.0,"8","","8",0,"8","","",.0,"8",.0,"8",.0,"8",.0,"8",.0,"8",.0,"8",.0,"8",.0,"8",.0,"8",0,"8",0,"8",0,"8","","",0,"8",0,"8"
"352190360","P£OCK","2006","07","13","03","9","",0,"8",0,"8","","","",6,"",0,"8",0,"8",6,"",40,"",3,"",0,"",18.1,"",.0,"8","U","",18.6,"",90,"",16.4,"",1008.7,"",1021.6,"",5,-.6,"",.0,"8",0,"8","10","1","1","","0","","","3","","","6","","",0,"8",.0,"8",.0,"8","","8",0,"8","","",.0,"8",.0,"8",.0,"8",.0,"8",.0,"8",.0,"8",.0,"8",.0,"8",.0,"8",0,"8",0,"8",0,"8","","",0,"8",0,"8"
"352190360","P£OCK","2006","07","13","04","9","",0,"8",0,"8","","","",6,"",0,"8",0,"8",7,"",40,"",3,"",0,"",19.3,"",.0,"8","U","",20.5,"",92,"",18.0,"",1008.7,"",1021.6,"",6,-.1,"",.0,"8",0,"8","10","2","3","","0","","","5","","","6","","",0,"8",.0,"8",.0,"8","","8",0,"8","","",.0,"8",.0,"8",.0,"8",.0,"8",.0,"8",.0,"8",.0,"8",.0,"8",.0,"8",0,"8",0,"8",0,"8","","",0,"8",0,"8"
"352190360","P£OCK","2006","07","13","05","9","",0,"8",0,"8","","","",6,"",0,"8",0,"8",6,"",60,"",2,"",0,"",20.9,"",.0,"8","U","",21.0,"",85,"",18.3,"",1008.8,"",1021.6,"",2,.2,"",.0,"8",0,"8","10","2","4","","0","","","8","","","8","","",0,"8",.0,"8",.0,"8","","8",0,"8","","",.0,"8",.0,"8",.0,"8",.0,"8",.0,"8",.0,"8",.0,"8",.0,"8",.0,"8",0,"8",0,"8",0,"8","","",0,"8",0,"8"
"352190360","P£OCK","2006","07","13","06","9","",0,"8",0,"8","","","",8,"",0,"8",0,"8",2,"",80,"",2,"",0,"",23.4,"",.0,"8","U","",20.1,"",70,"",17.6,"",1008.9,"",1021.6,"",3,.2,"",.0,"9",0,"9","01","1","1","","0","","","8","","","1","","",0,"",.0,"8",.0,"8","","8",0,"8","","",.0,"8",.0,"8",.0,"8",.0,"8",.0,"8",.0,"8",.0,"8",.0,"8",.0,"8",0,"8",0,"8",0,"8","","",0,"8",0,"8"
"352190360","P£OCK","2006","07","13","07","9","",0,"8",0,"8","","","",8,"",0,"8",0,"8",2,"",90,"",2,"",0,"",25.1,"",.0,"8","U","",19.1,"",60,"",16.8,"",1008.9,"",1021.5,"",1,.2,"",.0,"8",0,"8","02","0","1","","0","","","3","","","1","","",0,"8",.0,"8",.0,"8","","8",0,"8","","",.0,"8",.0,"8",.0,"8",.0,"8",.0,"8",.0,"8",.0,"8",.0,"8",.0,"8",0,"8",0,"8",0,"8","","",0,"8",0,"8"
"352190360","P£OCK","2006","07","13","08","9","",0,"8",0,"8","","","",8,"",0,"8",0,"8",3,"",60,"",1,"",0,"",27.0,"",.0,"8","U","",17.1,"",48,"",15.1,"",1008.9,"",1021.5,"",1,.1,"",.0,"8",0,"8","03","0","1","","0","","","3","","","1","","",0,"8",.0,"8",.0,"8","","8",0,"8","","",.0,"8",.0,"8",.0,"8",.0,"8",.0,"8",.0,"8",.0,"8",.0,"8",.0,"8",0,"8",0,"8",0,"8","","",0,"8",0,"8"
"352190360","P£OCK","2006","07","13","09","9","",0,"8",0,"8","","","",8,"",0,"8",0,"8",3,"",80,"",2,"",0,"",28.3,"",.0,"8","U","",16.9,"",44,"",14.9,"",1008.7,"",1021.2,"",8,-.2,"",.0,"8",0,"8","02","0","1","","0","","","3","","","1","","",0,"8",.0,"8",.0,"8","","8",0,"8","","",.0,"8",.0,"8",.0,"8",.0,"8",.0,"8",.0,"8",.0,"8",.0,"8",.0,"8",0,"8",0,"8",0,"8","","",0,"8",0,"8"
"352190360","P£OCK","2006","07","13","10","7","",0,"8",0,"8","","","",8,"",0,"8",0,"8",3,"",90,"",2,"",0,"",29.4,"",.0,"8","U","",14.7,"",36,"",12.8,"",1008.6,"",1021.1,"",8,-.3,"",.0,"8",0,"8","03","0","1","","2","","","3","","","1","","",0,"8",.0,"8",.0,"8","","8",0,"8","","",.0,"8",.0,"8",.0,"8",.0,"8",.0,"8",.0,"8",.0,"8",.0,"8",.0,"8",0,"8",0,"8",0,"8","","",0,"8",0,"8"
"352190360","P£OCK","2006","07","13","11","7","",0,"8",0,"8","","","",8,"",0,"8",0,"8",5,"",90,"",2,"",0,"",30.6,"",.0,"8","U","",15.8,"",36,"",13.8,"",1008.3,"",1020.7,"",7,-.6,"",.0,"8",0,"8","03","1","2","","2","","","3","","","1","","",0,"8",.0,"8",.0,"8","","8",0,"8","","",.0,"8",.0,"8",.0,"8",.0,"8",.0,"8",.0,"8",.0,"8",.0,"8",.0,"8",0,"8",0,"8",0,"8","","",0,"8",0,"8"
"352190360","P£OCK","2006","07","13","12","7","",0,"8",0,"8","","","",8,"",0,"8",0,"8",5,"",180,"",2,"",0,"",31.0,"",.0,"8","U","",14.3,"",32,"",12.4,"",1007.4,"",1019.8,"",8,-1.3,"",.0,"9",0,"9","03","1","2","","9","","","0","","","1","","",0,"",.0,"8",.0,"8","","8",0,"8","","",.0,"8",.0,"8",.0,"8",.0,"8",.0,"8",.0,"8",.0,"8",.0,"8",.0,"8",0,"8",0,"8",0,"8","","",0,"8",0,"8"
"352190360","P£OCK","2006","07","13","13","7","",0,"8",0,"8","","","",8,"",0,"8",0,"8",6,"",340,"",2,"",0,"",30.5,"",.0,"8","U","",14.4,"",33,"",12.4,"",1006.7,"",1019.1,"",7,-1.9,"",.0,"8",0,"8","03","2","3","","9","","","0","","","1","","",0,"8",.0,"8",.0,"8","","8",0,"8","","",.0,"8",.0,"8",.0,"8",.0,"8",.0,"8",.0,"8",.0,"8",.0,"8",.0,"8",0,"8",0,"8",0,"8","","",0,"8",0,"8"
"352190360","P£OCK","2006","07","13","14","6","",0,"8",0,"8","","","",8,"",0,"8",0,"8",6,"",0,"",0,"",0,"",29.6,"",.0,"8","U","",21.1,"",51,"",18.4,"",1006.1,"",1018.5,"",6,-2.2,"",.0,"8",0,"8","95","2","6","","9","","","0","","","0","","",0,"8",.0,"8",.0,"8","","8",0,"8","","",.0,"8",.0,"8",.0,"8",.0,"8",.0,"8",.0,"8",.0,"8",.0,"8",.0,"8",0,"8",0,"8",0,"8","","",0,"8",0,"8"
"352190360","P£OCK","2006","07","13","15","6","",0,"8",0,"8","","","",8,"",0,"8",0,"8",7,"",310,"",4,"",0,"",26.3,"",.0,"8","U","",17.1,"",50,"",15.0,"",1006.4,"",1019.0,"",5,-1.0,"",.0,"8",0,"8","17","8","7","","9","","","/","","","/","","",0,"8",.0,"8",.0,"8","","8",0,"8","","",.0,"8",.0,"8",.0,"8",.0,"8",.0,"8",.0,"8",.0,"8",.0,"8",.0,"8",0,"8",0,"8",0,"8","","",0,"8",0,"8"
"352190360","P£OCK","2006","07","13","16","6","",0,"8",0,"8","","","",8,"",0,"8",0,"8",7,"",110,"",3,"",0,"",23.9,"",.0,"8","U","",16.6,"",56,"",14.6,"",1006.8,"",1019.5,"",3,.1,"",.0,"8",0,"8","17","9","7","","9","","","/","","","/","","",0,"8",.0,"8",.0,"8","","8",0,"8","","",.0,"8",.0,"8",.0,"8",.0,"8",.0,"8",.0,"8",.0,"8",.0,"8",.0,"8",0,"8",0,"8",0,"8","","",0,"8",0,"8"
"352190360","P£OCK","2006","07","13","17","6","",0,"8",0,"8","","","",8,"",0,"8",0,"8",7,"",280,"",1,"",0,"",23.9,"",.0,"8","U","",17.8,"",60,"",15.7,"",1006.0,"",1018.7,"",8,-.1,"",.0,"8",0,"8","91","8","5","","9","","","3","","","/","","",0,"8",.0,"8",.0,"8","","8",0,"8","","",.0,"8",.0,"8",.0,"8",.0,"8",.0,"8",.0,"8",.0,"8",.0,"8",.0,"8",0,"8",0,"8",0,"8","","",0,"8",0,"8"
"352190360","P£OCK","2006","07","13","18","6","",0,"8",0,"8","","","",8,"",0,"8",0,"8",7,"",30,"",3,"",0,"",22.9,"",.0,"8","U","",18.4,"",66,"",16.2,"",1006.7,"",1019.4,"",2,.3,"",.0,"",6,"","25","9","5","","9","","","3","","","/","","",0,"",.0,"8",.0,"8","","8",0,"8","","",.0,"8",.0,"8",.0,"8",.0,"8",.0,"8",.0,"8",.0,"8",.0,"8",.0,"8",0,"8",0,"8",0,"8","","",0,"8",0,"8"
"352190360","P£OCK","2006","07","13","19","6","",0,"8",0,"8","","","",8,"",0,"8",0,"8",7,"",40,"",2,"",0,"",22.4,"",.0,"8","U","",17.0,"",63,"",15.0,"",1006.3,"",1019.0,"",7,-.5,"",.0,"8",0,"8","01","2","4","","9","","","3","","","/","","",0,"8",.0,"8",.0,"8","","8",0,"8","","",.0,"8",.0,"8",.0,"8",.0,"8",.0,"8",.0,"8",.0,"8",.0,"8",.0,"8",0,"8",0,"8",0,"8","","",0,"8",0,"8"
"352190360","P£OCK","2006","07","13","20","6","",0,"8",0,"8","","","",8,"",0,"8",0,"8",7,"",120,"",2,"",0,"",21.1,"",.0,"8","U","",18.0,"",72,"",15.9,"",1006.6,"",1019.4,"",2,.6,"",.0,"8",0,"8","01","2","4","","5","","","3","","","/","","",0,"8",.0,"8",.0,"8","","8",0,"8","","",.0,"8",.0,"8",.0,"8",.0,"8",.0,"8",.0,"8",.0,"8",.0,"8",.0,"8",0,"8",0,"8",0,"8","","",0,"8",0,"8"
"352190360","P£OCK","2006","07","13","21","6","",0,"8",0,"8","","","",8,"",0,"8",0,"8",7,"",20,"",2,"",0,"",20.2,"",.0,"8","U","",18.4,"",78,"",16.2,"",1006.9,"",1019.7,"",3,.2,"",.0,"8",0,"8","01","2","3","","5","","","3","","","/","","",0,"8",.0,"8",.0,"8","","8",0,"8","","",.0,"8",.0,"8",.0,"8",.0,"8",.0,"8",.0,"8",.0,"8",.0,"8",.0,"8",0,"8",0,"8",0,"8","","",0,"8",0,"8"
"352190360","P£OCK","2006","07","13","22","6","",0,"8",0,"8","","","",8,"",0,"8",0,"8",6,"",40,"",2,"",0,"",19.4,"",.0,"8","U","",18.0,"",80,"",15.9,"",1006.9,"",1019.8,"",1,.6,"",.0,"8",0,"8","01","2","1","","5","","","3","","","0","","",0,"8",.0,"8",.0,"8","","8",0,"8","","",.0,"8",.0,"8",.0,"8",.0,"8",.0,"8",.0,"8",.0,"8",.0,"8",.0,"8",0,"8",0,"8",0,"8","","",0,"8",0,"8"
"352190360","P£OCK","2006","07","13","23","9","",0,"8",0,"8","","","",7,"",0,"8",0,"8",6,"",70,"",1,"",0,"",18.6,"",.0,"8","U","",18.0,"",84,"",15.8,"",1006.7,"",1019.6,"",0,.1,"",.0,"8",0,"8","01","2","6","","0","","","3","","","0","","",0,"8",.0,"8",.0,"8","","8",0,"8","","",.0,"8",.0,"8",.0,"8",.0,"8",.0,"8",.0,"8",.0,"8",.0,"8",.0,"8",0,"8",0,"8",0,"8","","",0,"8",0,"8"
"352190360","P£OCK","2006","07","14","00","9","",0,"8",0,"8","","","",7,"",0,"8",0,"8",4,"",70,"",1,"",0,"",18.1,"",.0,"8","U","",17.8,"",86,"",15.7,"",1006.2,"",1019.1,"",8,-.7,"",.0,"9",0,"9","01","1","3","","0","","","3","","","1","","",0,"",.0,"8",.0,"8","","8",0,"8","","",.0,"8",.0,"8",.0,"8",.0,"8",.0,"8",.0,"8",.0,"8",.0,"8",.0,"8",0,"8",0,"8",0,"8","","",0,"8",0,"8"
"352190360","P£OCK","2006","07","14","01","9","",0,"8",0,"8","","","",7,"",0,"8",0,"8",4,"",40,"",1,"",0,"",18.5,"",.0,"8","U","",18.3,"",86,"",16.1,"",1005.8,"",1018.7,"",7,-1.1,"",.0,"8",0,"8","02","0","3","","0","","","3","","","1","","",0,"8",.0,"8",.0,"8","","8",0,"8","","",.0,"8",.0,"8",.0,"8",.0,"8",.0,"8",.0,"8",.0,"8",.0,"8",.0,"8",0,"8",0,"8",0,"8","","",0,"8",0,"8"
"352190360","P£OCK","2006","07","14","02","9","",0,"8",0,"8","","","",7,"",0,"8",0,"8",6,"",10,"",2,"",0,"",18.7,"",.0,"8","U","",18.5,"",86,"",16.3,"",1005.7,"",1018.6,"",6,-1.0,"",.0,"8",0,"8","03","1","6","","0","","","5","","","0","","",0,"8",.0,"8",.0,"8","","8",0,"8","","",.0,"8",.0,"8",.0,"8",.0,"8",.0,"8",.0,"8",.0,"8",.0,"8",.0,"8",0,"8",0,"8",0,"8","","",0,"8",0,"8"
"352190360","P£OCK","2006","07","14","03","9","",0,"8",0,"8","","","",7,"",0,"8",0,"8",6,"",60,"",1,"",0,"",19.1,"",.0,"8","U","",18.5,"",84,"",16.3,"",1005.8,"",1018.7,"",5,-.4,"",.0,"8",0,"8","02","1","6","","0","","","3","","","0","","",0,"8",.0,"8",.0,"8","","8",0,"8","","",.0,"8",.0,"8",.0,"8",.0,"8",.0,"8",.0,"8",.0,"8",.0,"8",.0,"8",0,"8",0,"8",0,"8","","",0,"8",0,"8"
"352190360","P£OCK","2006","07","14","04","9","",0,"8",0,"8","","","",7,"",0,"8",0,"8",7,"",10,"",2,"",0,"",19.3,"",.0,"8","U","",19.2,"",86,"",16.9,"",1006.0,"",1018.9,"",3,.2,"",.0,"8",0,"8","03","2","7","","0","","","5","","","/","","",0,"8",.0,"8",.0,"8","","8",0,"8","","",.0,"8",.0,"8",.0,"8",.0,"8",.0,"8",.0,"8",.0,"8",.0,"8",.0,"8",0,"8",0,"8",0,"8","","",0,"8",0,"8"
"352190360","P£OCK","2006","07","14","05","7","",0,"8",0,"8","","","",7,"",0,"8",0,"8",7,"",300,"",3,"",0,"",20.1,"",.0,"8","U","",20.7,"",88,"",18.0,"",1007.0,"",1019.8,"",3,1.3,"",.0,"8",0,"8","03","2","5","","5","","","3","","","/","","",0,"8",.0,"8",.0,"8","","8",0,"8","","",.0,"8",.0,"8",.0,"8",.0,"8",.0,"8",.0,"8",.0,"8",.0,"8",.0,"8",0,"8",0,"8",0,"8","","",0,"8",0,"8"
"352190360","P£OCK","2006","07","14","06","4","",0,"8",0,"8","","","",7,"",0,"8",0,"8",7,"",340,"",5,"",0,"",20.9,"",.0,"8","U","",20.0,"",81,"",17.5,"",1007.3,"",1020.1,"",2,1.5,"",.0,"9",0,"9","03","1","7","","9","","","/","","","/","","",0,"",.0,"8",.0,"8","","8",0,"8","","",.0,"8",.0,"8",.0,"8",.0,"8",.0,"8",.0,"8",.0,"8",.0,"8",.0,"8",0,"8",0,"8",0,"8","","",0,"8",0,"8"
"352190360","P£OCK","2006","07","14","07","4","",0,"8",0,"8","","","",8,"",0,"8",0,"8",7,"",320,"",4,"",0,"",19.9,"",.0,"8","U","",18.8,"",81,"",16.5,"",1007.5,"",1020.4,"",1,1.5,"",.0,"8",0,"8","25","2","7","","8","","","/","","","/","","",0,"8",.0,"8",.0,"8","","8",0,"8","","",.0,"8",.0,"8",.0,"8",.0,"8",.0,"8",.0,"8",.0,"8",.0,"8",.0,"8",0,"8",0,"8",0,"8","","",0,"8",0,"8"
"352190360","P£OCK","2006","07","14","08","5","",0,"8",0,"8","","","",7,"",0,"8",0,"8",7,"",350,"",3,"",0,"",18.5,"",.0,"8","U","",18.5,"",87,"",16.3,"",1007.5,"",1020.4,"",1,.5,"",.0,"8",0,"8","81","8","7","","9","","","/","","","/","","",0,"8",.0,"8",.0,"8","","8",0,"8","","",.0,"8",.0,"8",.0,"8",.0,"8",.0,"8",.0,"8",.0,"8",.0,"8",.0,"8",0,"8",0,"8",0,"8","","",0,"8",0,"8"
"352190360","P£OCK","2006","07","14","09","4","",0,"8",0,"8","","","",8,"",0,"8",0,"8",8,"",320,"",3,"",0,"",19.0,"",.0,"8","U","",18.9,"",86,"",16.6,"",1007.7,"",1020.6,"",2,.4,"",.0,"8",0,"8","25","8","3","","5","","","3","","","/","","",0,"8",.0,"8",.0,"8","","8",0,"8","","",.0,"8",.0,"8",.0,"8",.0,"8",.0,"8",.0,"8",.0,"8",.0,"8",.0,"8",0,"8",0,"8",0,"8","","",0,"8",0,"8"
"352190360","P£OCK","2006","07","14","10","6","",0,"8",0,"8","","","",8,"",0,"8",0,"8",8,"",320,"",3,"",0,"",19.0,"",.0,"8","U","",18.6,"",85,"",16.4,"",1008.0,"",1020.9,"",3,.5,"",.0,"8",0,"8","25","2","2","","5","","","7","","","/","","",0,"8",.0,"8",.0,"8","","8",0,"8","","",.0,"8",.0,"8",.0,"8",.0,"8",.0,"8",.0,"8",.0,"8",.0,"8",.0,"8",0,"8",0,"8",0,"8","","",0,"8",0,"8"
"352190360","P£OCK","2006","07","14","11","5","",0,"8",0,"8","","","",8,"",0,"8",0,"8",8,"",310,"",4,"",0,"",18.9,"",.0,"8","U","",16.8,"",77,"",14.8,"",1008.5,"",1021.4,"",3,1.0,"",.0,"8",0,"8","25","2","1","","2","","","7","","","/","","",0,"8",.0,"8",.0,"8","","8",0,"8","","",.0,"8",.0,"8",.0,"8",.0,"8",.0,"8",.0,"8",.0,"8",.0,"8",.0,"8",0,"8",0,"8",0,"8","","",0,"8",0,"8"
"352190360","P£OCK","2006","07","14","12","9","",0,"8",0,"8","","","",7,"",0,"8",0,"8",8,"",280,"",3,"",0,"",18.9,"",.0,"8","U","",17.4,"",80,"",15.4,"",1008.2,"",1021.1,"",0,.5,"",1.2,"",6,"","01","8","8","","0","","","7","","","/","","",1,"",.0,"8",.0,"8","","8",0,"8","","",.0,"8",.0,"8",.0,"8",.0,"8",.0,"8",.0,"8",.0,"8",.0,"8",.0,"8",0,"8",0,"8",0,"8","","",0,"8",0,"8"
"352190360","P£OCK","2006","07","14","13","5","",0,"8",0,"8","","","",7,"",0,"8",0,"8",8,"",280,"",4,"",0,"",19.9,"",.0,"8","U","",18.1,"",78,"",15.9,"",1008.1,"",1021.0,"",0,.1,"",.0,"8",0,"8","80","2","4","","9","","","7","","","/","","",0,"8",.0,"8",.0,"8","","8",0,"8","","",.0,"8",.0,"8",.0,"8",.0,"8",.0,"8",.0,"8",.0,"8",.0,"8",.0,"8",0,"8",0,"8",0,"8","","",0,"8",0,"8"
"352190360","P£OCK","2006","07","14","14","6","",0,"8",0,"8","","","",8,"",0,"8",0,"8",4,"",280,"",3,"",0,"",21.4,"",.0,"8","U","",16.8,"",66,"",14.8,"",1008.1,"",1020.9,"",6,-.4,"",.0,"8",0,"8","01","1","1","","9","","","3","","","0","","",0,"8",.0,"8",.0,"8","","8",0,"8","","",.0,"8",.0,"8",.0,"8",.0,"8",.0,"8",.0,"8",.0,"8",.0,"8",.0,"8",0,"8",0,"8",0,"8","","",0,"8",0,"8"
"352190360","P£OCK","2006","07","14","15","5","",0,"8",0,"8","","","",7,"",0,"8",0,"8",7,"",340,"",2,"",0,"",19.4,"",.0,"8","U","",18.2,"",81,"",16.1,"",1008.3,"",1021.2,"",3,.1,"",.0,"8",0,"8","25","1","7","","9","","","/","","","/","","",0,"8",.0,"8",.0,"8","","8",0,"8","","",.0,"8",.0,"8",.0,"8",.0,"8",.0,"8",.0,"8",.0,"8",.0,"8",.0,"8",0,"8",0,"8",0,"8","","",0,"8",0,"8"
"352190360","P£OCK","2006","07","14","16","6","",0,"8",0,"8","","","",8,"",0,"8",0,"8",3,"",320,"",3,"",0,"",22.0,"",.0,"8","U","",16.6,"",63,"",14.6,"",1007.9,"",1020.7,"",8,-.2,"",.0,"8",0,"8","01","1","2","","3","","","3","","","0","","",0,"8",.0,"8",.0,"8","","8",0,"8","","",.0,"8",.0,"8",.0,"8",.0,"8",.0,"8",.0,"8",.0,"8",.0,"8",.0,"8",0,"8",0,"8",0,"8","","",0,"8",0,"8"
"352190360","P£OCK","2006","07","14","17","6","",0,"8",0,"8","","","",8,"",0,"8",0,"8",2,"",330,"",4,"",0,"",22.2,"",.0,"8","U","",13.9,"",52,"",11.9,"",1007.8,"",1020.6,"",8,-.3,"",.0,"8",0,"8","01","0","2","","2","","","0","","","0","","",0,"8",.0,"8",.0,"8","","8",0,"8","","",.0,"8",.0,"8",.0,"8",.0,"8",.0,"8",.0,"8",.0,"8",.0,"8",.0,"8",0,"8",0,"8",0,"8","","",0,"8",0,"8"
"352190360","P£OCK","2006","07","14","18","6","",0,"8",0,"8","","","",8,"",0,"8",0,"8",1,"",330,"",4,"",0,"",20.6,"",.0,"8","U","",10.4,"",43,"",7.6,"",1008.4,"",1021.2,"",3,.1,"",.5,"",6,"","01","8","1","","2","","","0","","","0","","",1,"",.0,"8",.0,"8","","8",0,"8","","",.0,"8",.0,"8",.0,"8",.0,"8",.0,"8",.0,"8",.0,"8",.0,"8",.0,"8",0,"8",0,"8",0,"8","","",0,"8",0,"8"
"352190360","P£OCK","2006","07","14","19","9","",0,"8",0,"8","","","",8,"",0,"8",0,"8",0,"",350,"",3,"",0,"",17.9,"",.0,"8","U","",10.4,"",51,"",7.6,"",1009.4,"",1022.4,"",3,1.5,"",.0,"8",0,"8","01","0","0","","0","","","0","","","0","","",0,"8",.0,"8",.0,"8","","8",0,"8","","",.0,"8",.0,"8",.0,"8",.0,"8",.0,"8",.0,"8",.0,"8",.0,"8",.0,"8",0,"8",0,"8",0,"8","","",0,"8",0,"8"
"352190360","P£OCK","2006","07","14","20","9","",0,"8",0,"8","","","",8,"",0,"8",0,"8",0,"",340,"",2,"",0,"",16.1,"",.0,"8","U","",11.7,"",64,"",9.3,"",1009.9,"",1023.0,"",2,2.1,"",.0,"8",0,"8","02","0","0","","0","","","0","","","0","","",0,"8",.0,"8",.0,"8","","8",0,"8","","",.0,"8",.0,"8",.0,"8",.0,"8",.0,"8",.0,"8",.0,"8",.0,"8",.0,"8",0,"8",0,"8",0,"8","","",0,"8",0,"8"
"352190360","P£OCK","2006","07","14","21","9","",0,"8",0,"8","","","",8,"",0,"8",0,"8",0,"",300,"",2,"",0,"",14.4,"",.0,"8","U","",12.0,"",73,"",9.6,"",1010.2,"",1023.3,"",1,1.8,"",.0,"8",0,"8","02","0","0","","0","","","0","","","0","","",0,"8",.0,"8",.0,"8","","8",0,"8","","",.0,"8",.0,"8",.0,"8",.0,"8",.0,"8",.0,"8",.0,"8",.0,"8",.0,"8",0,"8",0,"8",0,"8","","",0,"8",0,"8"
"352190360","P£OCK","2006","07","14","22","9","",0,"8",0,"8","","","",8,"",0,"8",0,"8",0,"",300,"",3,"",0,"",13.6,"",.0,"8","U","",12.0,"",77,"",9.6,"",1010.3,"",1023.5,"",1,.9,"",.0,"8",0,"8","02","0","0","","0","","","0","","","0","","",0,"8",.0,"8",.0,"8","","8",0,"8","","",.0,"8",.0,"8",.0,"8",.0,"8",.0,"8",.0,"8",.0,"8",.0,"8",.0,"8",0,"8",0,"8",0,"8","","",0,"8",0,"8"
"352190360","P£OCK","2006","07","14","23","9","",0,"8",0,"8","","","",8,"",0,"8",0,"8",0,"",290,"",3,"",0,"",13.4,"",.0,"8","U","",11.8,"",77,"",9.4,"",1010.3,"",1023.5,"",1,.4,"",.0,"8",0,"8","02","0","0","","0","","","0","","","0","","",0,"8",.0,"8",.0,"8","","8",0,"8","","",.0,"8",.0,"8",.0,"8",.0,"8",.0,"8",.0,"8",.0,"8",.0,"8",.0,"8",0,"8",0,"8",0,"8","","",0,"8",0,"8"
"352190360","P£OCK","2006","07","15","00","9","",0,"8",0,"8","","","",8,"",0,"8",0,"8",0,"",310,"",3,"",0,"",13.5,"",.0,"8","U","",11.9,"",77,"",9.5,"",1010.5,"",1023.7,"",2,.3,"",.0,"9",0,"9","02","0","0","","0","","","0","","","0","","",1,"",.0,"8",.0,"8","","8",0,"8","","",.0,"8",.0,"8",.0,"8",.0,"8",.0,"8",.0,"8",.0,"8",.0,"8",.0,"8",0,"8",0,"8",0,"8","","",0,"8",0,"8"
"352190360","P£OCK","2006","07","15","01","9","",0,"8",0,"8","","","",8,"",0,"8",0,"8",0,"",310,"",2,"",0,"",12.9,"",.0,"8","U","",12.5,"",84,"",10.3,"",1010.5,"",1023.7,"",1,.2,"",.0,"8",0,"8","02","0","0","","0","","","0","","","0","","",0,"8",.0,"8",.0,"8","","8",0,"8","","",.0,"8",.0,"8",.0,"8",.0,"8",.0,"8",.0,"8",.0,"8",.0,"8",.0,"8",0,"8",0,"8",0,"8","","",0,"8",0,"8"
"352190360","P£OCK","2006","07","15","02","9","",0,"8",0,"8","","","",8,"",0,"8",0,"8",0,"",310,"",3,"",0,"",13.1,"",.0,"8","U","",13.1,"",87,"",11.0,"",1010.6,"",1023.8,"",2,.3,"",.0,"8",0,"8","02","0","0","","0","","","0","","","0","","",0,"8",.0,"8",.0,"8","","8",0,"8","","",.0,"8",.0,"8",.0,"8",.0,"8",.0,"8",.0,"8",.0,"8",.0,"8",.0,"8",0,"8",0,"8",0,"8","","",0,"8",0,"8"
"352190360","P£OCK","2006","07","15","03","9","",0,"8",0,"8","","","",8,"",0,"8",0,"8",0,"",320,"",3,"",0,"",12.9,"",.0,"8","U","",13.2,"",89,"",11.1,"",1010.7,"",1023.9,"",3,.2,"",.0,"8",0,"8","02","0","0","","0","","","0","","","0","","",0,"8",.0,"8",.0,"8","","8",0,"8","","",.0,"8",.0,"8",.0,"8",.0,"8",.0,"8",.0,"8",.0,"8",.0,"8",.0,"8",0,"8",0,"8",0,"8","","",0,"8",0,"8"
"352190360","P£OCK","2006","07","15","04","9","",0,"8",0,"8","","","",8,"",0,"8",0,"8",0,"",300,"",4,"",0,"",14.0,"",.0,"8","U","",14.0,"",88,"",12.0,"",1011.1,"",1024.3,"",3,.6,"",.0,"8",0,"8","02","0","0","","0","","","0","","","0","","",0,"8",.0,"8",.0,"8","","8",0,"8","","",.0,"8",.0,"8",.0,"8",.0,"8",.0,"8",.0,"8",.0,"8",.0,"8",.0,"8",0,"8",0,"8",0,"8","","",0,"8",0,"8"
"352190360","P£OCK","2006","07","15","05","4","",0,"8",0,"8","","","",8,"",0,"8",0,"8",1,"",320,"",4,"",0,"",15.9,"",.0,"8","U","",14.6,"",81,"",12.6,"",1011.6,"",1024.7,"",3,1.0,"",.0,"8",0,"8","03","0","1","","1","","","0","","","0","","",0,"8",.0,"8",.0,"8","","8",0,"8","","",.0,"8",.0,"8",.0,"8",.0,"8",.0,"8",.0,"8",.0,"8",.0,"8",.0,"8",0,"8",0,"8",0,"8","","",0,"8",0,"8"
"352190360","P£OCK","2006","07","15","06","5","",0,"8",0,"8","","","",8,"",0,"8",0,"8",1,"",340,"",6,"",0,"",17.8,"",.0,"8","U","",13.2,"",65,"",11.1,"",1011.9,"",1024.9,"",2,1.2,"",.0,"9",0,"9","03","0","1","","2","","","0","","","0","","",0,"",.0,"8",.0,"8","","8",0,"8","","",.0,"8",.0,"8",.0,"8",.0,"8",.0,"8",.0,"8",.0,"8",.0,"8",.0,"8",0,"8",0,"8",0,"8","","",0,"8",0,"8"
"352190360","P£OCK","2006","07","15","07","6","",0,"8",0,"8","","","",8,"",0,"8",0,"8",4,"",340,"",7,"",13,"",18.9,"",.0,"8","U","",11.5,"",53,"",9.1,"",1012.3,"",1025.3,"",2,1.2,"",.0,"8",0,"8","03","0","4","","2","","","0","","","0","","",0,"8",.0,"8",.0,"8","","8",0,"8","","",.0,"8",.0,"8",.0,"8",.0,"8",.0,"8",.0,"8",.0,"8",.0,"8",.0,"8",0,"8",0,"8",0,"8","","",0,"8",0,"8"
"352190360","P£OCK","2006","07","15","08","6","",0,"8",0,"8","","","",8,"",0,"8",0,"8",3,"",340,"",6,"",11,"",19.0,"",.0,"8","U","",10.3,"",47,"",7.4,"",1012.6,"",1025.6,"",2,1.0,"",.0,"8",0,"8","03","0","3","","2","","","0","","","0","","",0,"8",.0,"8",.0,"8","","8",0,"8","","",.0,"8",.0,"8",.0,"8",.0,"8",.0,"8",.0,"8",.0,"8",.0,"8",.0,"8",0,"8",0,"8",0,"8","","",0,"8",0,"8"
"352190360","P£OCK","2006","07","15","09","6","",0,"8",0,"8","","","",8,"",0,"8",0,"8",6,"",360,"",7,"",13,"",20.2,"",.0,"8","U","",9.7,"",41,"",6.5,"",1012.4,"",1025.3,"",0,.5,"",.0,"8",0,"8","03","1","6","","2","","","0","","","0","","",0,"8",.0,"8",.0,"8","","8",0,"8","","",.0,"8",.0,"8",.0,"8",.0,"8",.0,"8",.0,"8",.0,"8",.0,"8",.0,"8",0,"8",0,"8",0,"8","","",0,"8",0,"8"
"352190360","P£OCK","2006","07","15","10","7","",0,"8",0,"8","","","",8,"",0,"8",0,"8",4,"",360,"",7,"",12,"",21.9,"",.0,"8","U","",8.9,"",34,"",5.3,"",1012.3,"",1025.1,"",0,.0,"",.0,"8",0,"8","01","1","3","","2","","","6","","","0","","",0,"8",.0,"8",.0,"8","","8",0,"8","","",.0,"8",.0,"8",.0,"8",.0,"8",.0,"8",.0,"8",.0,"8",.0,"8",.0,"8",0,"8",0,"8",0,"8","","",0,"8",0,"8"
"352190360","P£OCK","2006","07","15","11","7","",0,"8",0,"8","","","",8,"",0,"8",0,"8",3,"",330,"",7,"",0,"",21.2,"",.0,"8","U","",7.5,"",30,"",2.9,"",1012.6,"",1025.5,"",5,.0,"",.0,"8",0,"8","01","0","3","","2","","","0","","","0","","",0,"8",.0,"8",.0,"8","","8",0,"8","","",.0,"8",.0,"8",.0,"8",.0,"8",.0,"8",.0,"8",.0,"8",.0,"8",.0,"8",0,"8",0,"8",0,"8","","",0,"8",0,"8"
"352190360","P£OCK","2006","07","15","12","7","",0,"8",0,"8","","","",8,"",0,"8",0,"8",3,"",330,"",7,"",0,"",21.0,"",.0,"8","U","",7.7,"",31,"",3.2,"",1012.6,"",1025.5,"",1,.2,"",.0,"9",0,"9","01","1","3","","1","","","0","","","0","","",0,"",.0,"8",.0,"8","","8",0,"8","","",.0,"8",.0,"8",.0,"8",.0,"8",.0,"8",.0,"8",.0,"8",.0,"8",.0,"8",0,"8",0,"8",0,"8","","",0,"8",0,"8"
"352190360","P£OCK","2006","07","15","13","7","",0,"8",0,"8","","","",8,"",0,"8",0,"8",3,"",340,"",7,"",12,"",21.1,"",.0,"8","U","",8.0,"",32,"",3.8,"",1012.4,"",1025.3,"",0,.1,"",.0,"8",0,"8","03","0","3","","2","","","0","","","0","","",0,"8",.0,"8",.0,"8","","8",0,"8","","",.0,"8",.0,"8",.0,"8",.0,"8",.0,"8",.0,"8",.0,"8",.0,"8",.0,"8",0,"8",0,"8",0,"8","","",0,"8",0,"8"
"352190360","P£OCK","2006","07","15","14","7","",0,"8",0,"8","","","",8,"",0,"8",0,"8",6,"",340,"",7,"",0,"",21.1,"",.0,"8","U","",8.5,"",34,"",4.6,"",1012.4,"",1025.3,"",6,-.2,"",.0,"8",0,"8","03","1","6","","2","","","0","","","0","","",0,"8",.0,"8",.0,"8","","8",0,"8","","",.0,"8",.0,"8",.0,"8",.0,"8",.0,"8",.0,"8",.0,"8",.0,"8",.0,"8",0,"8",0,"8",0,"8","","",0,"8",0,"8"
"352190360","P£OCK","2006","07","15","15","7","",0,"8",0,"8","","","",8,"",0,"8",0,"8",2,"",340,"",7,"",13,"",20.9,"",.0,"8","U","",8.9,"",36,"",5.3,"",1012.2,"",1025.1,"",7,-.4,"",.0,"8",0,"8","01","1","2","","4","","","0","","","0","","",0,"8",.0,"8",.0,"8","","8",0,"8","","",.0,"8",.0,"8",.0,"8",.0,"8",.0,"8",.0,"8",.0,"8",.0,"8",.0,"8",0,"8",0,"8",0,"8","","",0,"8",0,"8"
"352190360","P£OCK","2006","07","15","16","7","",0,"8",0,"8","","","",8,"",0,"8",0,"8",1,"",330,"",8,"",13,"",19.9,"",.0,"8","U","",8.1,"",35,"",4.0,"",1012.5,"",1025.4,"",3,.1,"",.0,"8",0,"8","01","0","1","","4","","","0","","","0","","",0,"8",.0,"8",.0,"8","","8",0,"8","","",.0,"8",.0,"8",.0,"8",.0,"8",.0,"8",.0,"8",.0,"8",.0,"8",.0,"8",0,"8",0,"8",0,"8","","",0,"8",0,"8"
"352190360","P£OCK","2006","07","15","17","7","",0,"8",0,"8","","","",8,"",0,"8",0,"8",1,"",340,"",6,"",12,"",18.8,"",.0,"8","U","",8.2,"",38,"",4.2,"",1012.8,"",1025.8,"",3,.4,"",.0,"8",0,"8","02","0","1","","4","","","0","","","0","","",0,"8",.0,"8",.0,"8","","8",0,"8","","",.0,"8",.0,"8",.0,"8",.0,"8",.0,"8",.0,"8",.0,"8",.0,"8",.0,"8",0,"8",0,"8",0,"8","","",0,"8",0,"8"
"352190360","P£OCK","2006","07","15","18","7","",0,"8",0,"8","","","",8,"",0,"8",0,"8",1,"",350,"",5,"",0,"",17.7,"",.0,"8","U","",8.7,"",43,"",5.0,"",1013.1,"",1026.1,"",2,.9,"",.0,"9",0,"9","02","1","1","","4","","","0","","","0","","",0,"",.0,"8",.0,"8","","8",0,"8","","",.0,"8",.0,"8",.0,"8",.0,"8",.0,"8",.0,"8",.0,"8",.0,"8",.0,"8",0,"8",0,"8",0,"8","","",0,"8",0,"8"
"352190360","P£OCK","2006","07","15","19","9","",0,"8",0,"8","","","",9,"",0,"8",0,"8",1,"",340,"",4,"",0,"",16.0,"",.0,"8","U","",9.4,"",52,"",6.1,"",1013.3,"",1026.4,"",2,.8,"",.0,"8",0,"8","01","0","1","","0","","","3","","","0","","",0,"8",.0,"8",.0,"8","","8",0,"8","","",.0,"8",.0,"8",.0,"8",.0,"8",.0,"8",.0,"8",.0,"8",.0,"8",.0,"8",0,"8",0,"8",0,"8","","",0,"8",0,"8"
"352190360","P£OCK","2006","07","15","20","9","",0,"8",0,"8","","","",9,"",0,"8",0,"8",1,"",320,"",3,"",0,"",14.6,"",.0,"8","U","",10.1,"",61,"",7.2,"",1013.6,"",1026.8,"",2,.8,"",.0,"8",0,"8","02","0","1","","0","","","3","","","0","","",0,"8",.0,"8",.0,"8","","8",0,"8","","",.0,"8",.0,"8",.0,"8",.0,"8",.0,"8",.0,"8",.0,"8",.0,"8",.0,"8",0,"8",0,"8",0,"8","","",0,"8",0,"8"
"352190360","P£OCK","2006","07","15","21","9","",0,"8",0,"8","","","",9,"",0,"8",0,"8",2,"",340,"",4,"",0,"",14.4,"",.0,"8","U","",11.0,"",67,"",8.3,"",1013.6,"",1026.8,"",1,.5,"",.0,"8",0,"8","03","0","1","","0","","","3","","","1","","",0,"8",.0,"8",.0,"8","","8",0,"8","","",.0,"8",.0,"8",.0,"8",.0,"8",.0,"8",.0,"8",.0,"8",.0,"8",.0,"8",0,"8",0,"8",0,"8","","",0,"8",0,"8"
"352190360","P£OCK","2006","07","15","22","9","",0,"8",0,"8","","","",9,"",0,"8",0,"8",2,"",340,"",4,"",0,"",13.7,"",.0,"8","U","",11.0,"",70,"",8.3,"",1013.6,"",1026.8,"",1,.3,"",.0,"8",0,"8","01","0","0","","0","","","0","","","1","","",0,"8",.0,"8",.0,"8","","8",0,"8","","",.0,"8",.0,"8",.0,"8",.0,"8",.0,"8",.0,"8",.0,"8",.0,"8",.0,"8",0,"8",0,"8",0,"8","","",0,"8",0,"8"
"352190360","P£OCK","2006","07","15","23","9","",0,"8",0,"8","","","",9,"",0,"8",0,"8",2,"",340,"",4,"",0,"",13.2,"",.0,"8","U","",10.9,"",72,"",8.3,"",1013.6,"",1026.8,"",4,.0,"",.0,"8",0,"8","02","0","0","","0","","","0","","","1","","",0,"8",.0,"8",.0,"8","","8",0,"8","","",.0,"8",.0,"8",.0,"8",.0,"8",.0,"8",.0,"8",.0,"8",.0,"8",.0,"8",0,"8",0,"8",0,"8","","",0,"8",0,"8"
"352190360","P£OCK","2006","07","16","00","9","",0,"8",0,"8","","","",9,"",0,"8",0,"8",2,"",340,"",3,"",0,"",12.7,"",.0,"8","U","",10.8,"",74,"",8.2,"",1013.5,"",1026.8,"",8,-.1,"",.0,"9",0,"9","02","0","0","","0","","","0","","","1","","",0,"",.0,"8",.0,"8","","8",0,"8","","",.0,"8",.0,"8",.0,"8",.0,"8",.0,"8",.0,"8",.0,"8",.0,"8",.0,"8",0,"8",0,"8",0,"8","","",0,"8",0,"8"
"352190360","P£OCK","2006","07","16","01","9","",0,"8",0,"8","","","",9,"",0,"8",0,"8",1,"",340,"",4,"",0,"",12.1,"",.0,"8","U","",10.7,"",76,"",8.0,"",1013.2,"",1026.5,"",8,-.4,"",.0,"8",0,"8","01","0","0","","0","","","0","","","1","","",0,"8",.0,"8",.0,"8","","8",0,"8","","",.0,"8",.0,"8",.0,"8",.0,"8",.0,"8",.0,"8",.0,"8",.0,"8",.0,"8",0,"8",0,"8",0,"8","","",0,"8",0,"8"
"352190360","P£OCK","2006","07","16","02","9","",0,"8",0,"8","","","",9,"",0,"8",0,"8",3,"",330,"",3,"",0,"",11.1,"",.0,"8","U","",10.6,"",80,"",7.8,"",1013.1,"",1026.4,"",7,-.5,"",.0,"8",0,"8","03","0","0","","0","","","0","","","1","","",0,"8",.0,"8",.0,"8","","8",0,"8","","",.0,"8",.0,"8",.0,"8",.0,"8",.0,"8",.0,"8",.0,"8",.0,"8",.0,"8",0,"8",0,"8",0,"8","","",0,"8",0,"8"
"352190360","P£OCK","2006","07","16","03","9","",0,"8",0,"8","","","",9,"",0,"8",0,"8",3,"",330,"",3,"",0,"",10.7,"",.0,"8","U","",10.4,"",81,"",7.6,"",1013.3,"",1026.7,"",5,-.2,"",.0,"8",0,"8","02","0","0","","0","","","0","","","1","","",0,"8",.0,"8",.0,"8","","8",0,"8","","",.0,"8",.0,"8",.0,"8",.0,"8",.0,"8",.0,"8",.0,"8",.0,"8",.0,"8",0,"8",0,"8",0,"8","","",0,"8",0,"8"
"352190360","P£OCK","2006","07","16","04","9","",0,"8",0,"8","","","",9,"",0,"8",0,"8",2,"",330,"",3,"",0,"",11.5,"",.0,"8","U","",10.6,"",78,"",7.8,"",1013.6,"",1026.9,"",3,.4,"",.0,"8",0,"8","01","0","0","","0","","","0","","","1","","",0,"8",.0,"8",.0,"8","","8",0,"8","","",.0,"8",.0,"8",.0,"8",.0,"8",.0,"8",.0,"8",.0,"8",.0,"8",.0,"8",0,"8",0,"8",0,"8","","",0,"8",0,"8"
"352190360","P£OCK","2006","07","16","05","9","",0,"8",0,"8","","","",9,"",0,"8",0,"8",1,"",350,"",4,"",0,"",13.3,"",.0,"8","U","",11.0,"",72,"",8.4,"",1014.0,"",1027.2,"",3,.9,"",.0,"8",0,"8","01","0","0","","0","","","0","","","1","","",0,"8",.0,"8",.0,"8","","8",0,"8","","",.0,"8",.0,"8",.0,"8",.0,"8",.0,"8",.0,"8",.0,"8",.0,"8",.0,"8",0,"8",0,"8",0,"8","","",0,"8",0,"8"
"352190360","P£OCK","2006","07","16","06","9","",0,"8",0,"8","","","",8,"",0,"8",0,"8",1,"",360,"",5,"",0,"",15.0,"",.0,"8","U","",11.1,"",65,"",8.5,"",1014.2,"",1027.4,"",2,.9,"",.0,"9",0,"9","02","0","0","","0","","","0","","","1","","",0,"",.0,"8",.0,"8","","8",0,"8","","",.0,"8",.0,"8",.0,"8",.0,"8",.0,"8",.0,"8",.0,"8",.0,"8",.0,"8",0,"8",0,"8",0,"8","","",0,"8",0,"8"
"352190360","P£OCK","2006","07","16","07","6","",0,"8",0,"8","","","",8,"",0,"8",0,"8",2,"",360,"",6,"",0,"",16.7,"",.0,"8","U","",10.8,"",57,"",8.1,"",1014.4,"",1027.5,"",1,.8,"",.0,"8",0,"8","03","0","1","","1","","","0","","","1","","",0,"8",.0,"8",.0,"8","","8",0,"8","","",.0,"8",.0,"8",.0,"8",.0,"8",.0,"8",.0,"8",.0,"8",.0,"8",.0,"8",0,"8",0,"8",0,"8","","",0,"8",0,"8"
"352190360","P£OCK","2006","07","16","08","6","",0,"8",0,"8","","","",8,"",0,"8",0,"8",3,"",360,"",6,"",0,"",18.4,"",.0,"8","U","",9.7,"",46,"",6.6,"",1014.3,"",1027.3,"",0,.3,"",.0,"8",0,"8","03","0","2","","1","","","0","","","1","","",0,"8",.0,"8",.0,"8","","8",0,"8","","",.0,"8",.0,"8",.0,"8",.0,"8",.0,"8",.0,"8",.0,"8",.0,"8",.0,"8",0,"8",0,"8",0,"8","","",0,"8",0,"8"
"352190360","P£OCK","2006","07","16","09","6","",0,"8",0,"8","","","",8,"",0,"8",0,"8",3,"",10,"",7,"",12,"",19.2,"",.0,"8","U","",9.1,"",41,"",5.6,"",1014.1,"",1027.1,"",8,-.1,"",.0,"8",0,"8","03","0","3","","1","","","0","","","1","","",0,"8",.0,"8",.0,"8","","8",0,"8","","",.0,"8",.0,"8",.0,"8",.0,"8",.0,"8",.0,"8",.0,"8",.0,"8",.0,"8",0,"8",0,"8",0,"8","","",0,"8",0,"8"
"352190360","P£OCK","2006","07","16","10","7","",0,"8",0,"8","","","",8,"",0,"8",0,"8",3,"",360,"",7,"",0,"",20.1,"",.0,"8","U","",8.7,"",37,"",4.9,"",1013.9,"",1026.8,"",7,-.5,"",.0,"8",0,"8","02","0","3","","1","","","0","","","1","","",0,"8",.0,"8",.0,"8","","8",0,"8","","",.0,"8",.0,"8",.0,"8",.0,"8",.0,"8",.0,"8",.0,"8",.0,"8",.0,"8",0,"8",0,"8",0,"8","","",0,"8",0,"8"
"352190360","P£OCK","2006","07","16","11","7","",0,"8",0,"8","","","",8,"",0,"8",0,"8",2,"",10,"",7,"",13,"",21.3,"",.0,"8","U","",8.6,"",34,"",4.8,"",1013.4,"",1026.3,"",8,-.9,"",.0,"8",0,"8","01","0","2","","1","","","0","","","0","","",0,"8",.0,"8",.0,"8","","8",0,"8","","",.0,"8",.0,"8",.0,"8",.0,"8",.0,"8",.0,"8",.0,"8",.0,"8",.0,"8",0,"8",0,"8",0,"8","","",0,"8",0,"8"
"352190360","P£OCK","2006","07","16","12","7","",0,"8",0,"8","","","",8,"",0,"8",0,"8",1,"",360,"",6,"",0,"",22.1,"",.0,"8","U","",8.5,"",32,"",4.6,"",1013.0,"",1025.8,"",7,-1.1,"",.0,"9",0,"9","01","0","1","","1","","","0","","","0","","",0,"",.0,"8",.0,"8","","8",0,"8","","",.0,"8",.0,"8",.0,"8",.0,"8",.0,"8",.0,"8",.0,"8",.0,"8",.0,"8",0,"8",0,"8",0,"8","","",0,"8",0,"8"
"352190360","P£OCK","2006","07","16","13","7","",0,"8",0,"8","","","",8,"",0,"8",0,"8",2,"",360,"",6,"",0,"",22.3,"",.0,"8","U","",8.3,"",31,"",4.3,"",1012.7,"",1025.5,"",6,-1.2,"",.0,"8",0,"8","03","0","1","","1","","","0","","","1","","",0,"8",.0,"8",.0,"8","","8",0,"8","","",.0,"8",.0,"8",.0,"8",.0,"8",.0,"8",.0,"8",.0,"8",.0,"8",.0,"8",0,"8",0,"8",0,"8","","",0,"8",0,"8"
"352190360","P£OCK","2006","07","16","14","7","",0,"8",0,"8","","","",8,"",0,"8",0,"8",2,"",360,"",7,"",0,"",22.5,"",.0,"8","U","",8.7,"",32,"",5.0,"",1012.4,"",1025.2,"",7,-1.0,"",.0,"8",0,"8","02","0","1","","1","","","0","","","1","","",0,"8",.0,"8",.0,"8","","8",0,"8","","",.0,"8",.0,"8",.0,"8",.0,"8",.0,"8",.0,"8",.0,"8",.0,"8",.0,"8",0,"8",0,"8",0,"8","","",0,"8",0,"8"
"352190360","P£OCK","2006","07","16","15","7","",0,"8",0,"8","","","",8,"",0,"8",0,"8",2,"",350,"",6,"",11,"",21.7,"",.0,"8","U","",9.1,"",35,"",5.6,"",1012.4,"",1025.2,"",6,-.6,"",.0,"8",0,"8","01","0","1","","4","","","0","","","1","","",0,"8",.0,"8",.0,"8","","8",0,"8","","",.0,"8",.0,"8",.0,"8",.0,"8",.0,"8",.0,"8",.0,"8",.0,"8",.0,"8",0,"8",0,"8",0,"8","","",0,"8",0,"8"
"352190360","P£OCK","2006","07","16","16","9","",0,"8",0,"8","","","",8,"",0,"8",0,"8",1,"",350,"",6,"",0,"",21.5,"",.0,"8","U","",9.2,"",36,"",5.8,"",1012.2,"",1025.0,"",7,-.5,"",.0,"8",0,"8","01","0","0","","0","","","0","","","1","","",0,"8",.0,"8",.0,"8","","8",0,"8","","",.0,"8",.0,"8",.0,"8",.0,"8",.0,"8",.0,"8",.0,"8",.0,"8",.0,"8",0,"8",0,"8",0,"8","","",0,"8",0,"8"
"352190360","P£OCK","2006","07","16","17","9","",0,"8",0,"8","","","",9,"",0,"8",0,"8",1,"",340,"",5,"",0,"",20.5,"",.0,"8","U","",9.4,"",39,"",6.1,"",1012.2,"",1025.1,"",6,-.2,"",.0,"8",0,"8","02","0","0","","0","","","0","","","1","","",0,"8",.0,"8",.0,"8","","8",0,"8","","",.0,"8",.0,"8",.0,"8",.0,"8",.0,"8",.0,"8",.0,"8",.0,"8",.0,"8",0,"8",0,"8",0,"8","","",0,"8",0,"8"
"352190360","P£OCK","2006","07","16","18","9","",0,"8",0,"8","","","",9,"",0,"8",0,"8",1,"",340,"",5,"",0,"",19.1,"",.0,"8","U","",9.7,"",44,"",6.6,"",1012.3,"",1025.3,"",5,-.1,"",.0,"9",0,"9","02","0","0","","0","","","0","","","1","","",0,"",.0,"8",.0,"8","","8",0,"8","","",.0,"8",.0,"8",.0,"8",.0,"8",.0,"8",.0,"8",.0,"8",.0,"8",.0,"8",0,"8",0,"8",0,"8","","",0,"8",0,"8"
"352190360","P£OCK","2006","07","16","19","9","",0,"8",0,"8","","","",9,"",0,"8",0,"8",2,"",350,"",4,"",0,"",17.2,"",.0,"8","U","",10.0,"",51,"",7.0,"",1012.6,"",1025.6,"",3,.4,"",.0,"8",0,"8","03","0","0","","0","","","0","","","1","","",0,"8",.0,"8",.0,"8","","8",0,"8","","",.0,"8",.0,"8",.0,"8",.0,"8",.0,"8",.0,"8",.0,"8",.0,"8",.0,"8",0,"8",0,"8",0,"8","","",0,"8",0,"8"
"352190360","P£OCK","2006","07","16","20","9","",0,"8",0,"8","","","",9,"",0,"8",0,"8",1,"",350,"",3,"",0,"",15.6,"",.0,"8","U","",10.6,"",60,"",7.9,"",1012.8,"",1025.9,"",2,.6,"",.0,"8",0,"8","01","0","0","","0","","","0","","","1","","",0,"8",.0,"8",.0,"8","","8",0,"8","","",.0,"8",.0,"8",.0,"8",.0,"8",.0,"8",.0,"8",.0,"8",.0,"8",.0,"8",0,"8",0,"8",0,"8","","",0,"8",0,"8"
"352190360","P£OCK","2006","07","16","21","9","",0,"8",0,"8","","","",9,"",0,"8",0,"8",0,"",350,"",3,"",0,"",14.4,"",.0,"8","U","",11.0,"",67,"",8.3,"",1013.0,"",1026.2,"",2,.7,"",.0,"8",0,"8","01","0","0","","0","","","0","","","0","","",0,"8",.0,"8",.0,"8","","8",0,"8","","",.0,"8",.0,"8",.0,"8",.0,"8",.0,"8",.0,"8",.0,"8",.0,"8",.0,"8",0,"8",0,"8",0,"8","","",0,"8",0,"8"
"352190360","P£OCK","2006","07","16","22","9","",0,"8",0,"8","","","",9,"",0,"8",0,"8",0,"",340,"",2,"",0,"",13.5,"",.0,"8","U","",11.3,"",73,"",8.8,"",1013.1,"",1026.3,"",2,.5,"",.0,"8",0,"8","02","0","0","","0","","","0","","","0","","",0,"8",.0,"8",.0,"8","","8",0,"8","","",.0,"8",.0,"8",.0,"8",.0,"8",.0,"8",.0,"8",.0,"8",.0,"8",.0,"8",0,"8",0,"8",0,"8","","",0,"8",0,"8"
"352190360","P£OCK","2006","07","16","23","9","",0,"8",0,"8","","","",9,"",0,"8",0,"8",0,"",340,"",2,"",0,"",12.7,"",.0,"8","U","",11.6,"",79,"",9.1,"",1012.7,"",1025.9,"",8,-.1,"",.0,"8",0,"8","02","0","0","","0","","","0","","","0","","",0,"8",.0,"8",.0,"8","","8",0,"8","","",.0,"8",.0,"8",.0,"8",.0,"8",.0,"8",.0,"8",.0,"8",.0,"8",.0,"8",0,"8",0,"8",0,"8","","",0,"8",0,"8"
"352190360","P£OCK","2006","07","17","00","9","",0,"8",0,"8","","","",9,"",0,"8",0,"8",0,"",340,"",2,"",0,"",12.2,"",.0,"8","U","",11.8,"",83,"",9.4,"",1012.5,"",1025.8,"",8,-.5,"",.0,"9",0,"9","02","0","0","","0","","","0","","","0","","",0,"",.0,"8",.0,"8","","8",0,"8","","",.0,"8",.0,"8",.0,"8",.0,"8",.0,"8",.0,"8",.0,"8",.0,"8",.0,"8",0,"8",0,"8",0,"8","","",0,"8",0,"8"
"352190360","P£OCK","2006","07","17","01","9","",0,"8",0,"8","","","",9,"",0,"8",0,"8",0,"",360,"",2,"",0,"",11.5,"",.0,"8","U","",11.8,"",87,"",9.4,"",1012.6,"",1025.9,"",5,-.5,"",.0,"8",0,"8","02","0","0","","0","","","0","","","0","","",0,"8",.0,"8",.0,"8","","8",0,"8","","",.0,"8",.0,"8",.0,"8",.0,"8",.0,"8",.0,"8",.0,"8",.0,"8",.0,"8",0,"8",0,"8",0,"8","","",0,"8",0,"8"
"352190360","P£OCK","2006","07","17","02","9","",0,"8",0,"8","","","",8,"",0,"8",0,"8",0,"",350,"",3,"",0,"",11.1,"",.0,"8","U","",11.7,"",89,"",9.4,"",1012.5,"",1025.8,"",7,-.2,"",.0,"8",0,"8","02","0","0","","0","","","0","","","0","","",0,"8",.0,"8",.0,"8","","8",0,"8","","",.0,"8",.0,"8",.0,"8",.0,"8",.0,"8",.0,"8",.0,"8",.0,"8",.0,"8",0,"8",0,"8",0,"8","","",0,"8",0,"8"
"352190360","P£OCK","2006","07","17","03","9","",0,"8",0,"8","","","",8,"",0,"8",0,"8",0,"",360,"",3,"",0,"",11.1,"",.0,"8","U","",11.7,"",89,"",9.4,"",1012.7,"",1026.0,"",2,.2,"",.0,"8",0,"8","02","0","0","","0","","","0","","","0","","",0,"8",.0,"8",.0,"8","","8",0,"8","","",.0,"8",.0,"8",.0,"8",.0,"8",.0,"8",.0,"8",.0,"8",.0,"8",.0,"8",0,"8",0,"8",0,"8","","",0,"8",0,"8"
"352190360","P£OCK","2006","07","17","04","9","",0,"8",0,"8","","","",8,"",0,"8",0,"8",0,"",10,"",2,"",0,"",11.9,"",.0,"8","U","",12.4,"",89,"",10.1,"",1012.8,"",1026.1,"",3,.2,"",.0,"8",0,"8","02","0","0","","0","","","0","","","0","","",0,"8",.0,"8",.0,"8","","8",0,"8","","",.0,"8",.0,"8",.0,"8",.0,"8",.0,"8",.0,"8",.0,"8",.0,"8",.0,"8",0,"8",0,"8",0,"8","","",0,"8",0,"8"
"352190360","P£OCK","2006","07","17","05","9","",0,"8",0,"8","","","",8,"",0,"8",0,"8",0,"",20,"",3,"",0,"",13.7,"",.0,"8","U","",12.7,"",81,"",10.5,"",1013.1,"",1026.3,"",2,.6,"",.0,"8",0,"8","02","0","0","","0","","","0","","","0","","",0,"8",.0,"8",.0,"8","","8",0,"8","","",.0,"8",.0,"8",.0,"8",.0,"8",.0,"8",.0,"8",.0,"8",.0,"8",.0,"8",0,"8",0,"8",0,"8","","",0,"8",0,"8"
"352190360","P£OCK","2006","07","17","06","9","",0,"8",0,"8","","","",8,"",0,"8",0,"8",0,"",20,"",3,"",0,"",16.2,"",.0,"8","U","",11.8,"",64,"",9.4,"",1013.3,"",1026.4,"",2,.6,"",.0,"9",0,"9","02","0","0","","0","","","0","","","0","","",0,"",.0,"8",.0,"8","","8",0,"8","","",.0,"8",.0,"8",.0,"8",.0,"8",.0,"8",.0,"8",.0,"8",.0,"8",.0,"8",0,"8",0,"8",0,"8","","",0,"8",0,"8"
"352190360","P£OCK","2006","07","17","07","9","",0,"8",0,"8","","","",8,"",0,"8",0,"8",0,"",360,"",3,"",0,"",18.5,"",.0,"8","U","",10.4,"",49,"",7.6,"",1013.2,"",1026.2,"",0,.4,"",.0,"8",0,"8","02","0","0","","0","","","0","","","0","","",0,"8",.0,"8",.0,"8","","8",0,"8","","",.0,"8",.0,"8",.0,"8",.0,"8",.0,"8",.0,"8",.0,"8",.0,"8",.0,"8",0,"8",0,"8",0,"8","","",0,"8",0,"8"
"352190360","P£OCK","2006","07","17","08","9","",0,"8",0,"8","","","",9,"",0,"8",0,"8",1,"",350,"",3,"",0,"",20.5,"",.0,"8","U","",9.6,"",40,"",6.4,"",1013.3,"",1026.2,"",2,.2,"",.0,"8",0,"8","03","0","0","","0","","","0","","","1","","",0,"8",.0,"8",.0,"8","","8",0,"8","","",.0,"8",.0,"8",.0,"8",.0,"8",.0,"8",.0,"8",.0,"8",.0,"8",.0,"8",0,"8",0,"8",0,"8","","",0,"8",0,"8"
"352190360","P£OCK","2006","07","17","09","9","",0,"8",0,"8","","","",8,"",0,"8",0,"8",1,"",350,"",4,"",0,"",22.2,"",.0,"8","U","",9.6,"",36,"",6.4,"",1013.1,"",1025.9,"",7,-.2,"",.0,"8",0,"8","03","0","0","","0","","","0","","","1","","",0,"8",.0,"8",.0,"8","","8",0,"8","","",.0,"8",.0,"8",.0,"8",.0,"8",.0,"8",.0,"8",.0,"8",.0,"8",.0,"8",0,"8",0,"8",0,"8","","",0,"8",0,"8"
"352190360","P£OCK","2006","07","17","10","9","",0,"8",0,"8","","","",8,"",0,"8",0,"8",1,"",20,"",4,"",0,"",22.0,"",.0,"8","U","",9.2,"",35,"",5.8,"",1012.9,"",1025.7,"",8,-.3,"",.0,"8",0,"8","02","0","0","","0","","","0","","","1","","",0,"8",.0,"8",.0,"8","","8",0,"8","","",.0,"8",.0,"8",.0,"8",.0,"8",.0,"8",.0,"8",.0,"8",.0,"8",.0,"8",0,"8",0,"8",0,"8","","",0,"8",0,"8"
"352190360","P£OCK","2006","07","17","11","9","",0,"8",0,"8","","","",9,"",0,"8",0,"8",1,"",10,"",4,"",0,"",23.4,"",.0,"8","U","",8.9,"",31,"",5.3,"",1012.4,"",1025.2,"",8,-.9,"",.0,"8",0,"8","02","0","0","","0","","","0","","","1","","",0,"8",.0,"8",.0,"8","","8",0,"8","","",.0,"8",.0,"8",.0,"8",.0,"8",.0,"8",.0,"8",.0,"8",.0,"8",.0,"8",0,"8",0,"8",0,"8","","",0,"8",0,"8"
"352190360","P£OCK","2006","07","17","12","9","",0,"8",0,"8","","","",9,"",0,"8",0,"8",1,"",340,"",3,"",0,"",24.2,"",.0,"8","U","",9.0,"",30,"",5.5,"",1011.8,"",1024.5,"",8,-1.3,"",.0,"9",0,"9","02","0","0","","0","","","0","","","1","","",0,"",.0,"8",.0,"8","","8",0,"8","","",.0,"8",.0,"8",.0,"8",.0,"8",.0,"8",.0,"8",.0,"8",.0,"8",.0,"8",0,"8",0,"8",0,"8","","",0,"8",0,"8"
"352190360","P£OCK","2006","07","17","13","9","",0,"8",0,"8","","","",9,"",0,"8",0,"8",2,"",20,"",4,"",0,"",24.9,"",.0,"8","U","",9.1,"",29,"",5.6,"",1011.4,"",1024.1,"",7,-1.5,"",.0,"8",0,"8","03","0","1","","0","","","3","","","1","","",0,"8",.0,"8",.0,"8","","8",0,"8","","",.0,"8",.0,"8",.0,"8",.0,"8",.0,"8",.0,"8",.0,"8",.0,"8",.0,"8",0,"8",0,"8",0,"8","","",0,"8",0,"8"
"352190360","P£OCK","2006","07","17","14","9","",0,"8",0,"8","","","",9,"",0,"8",0,"8",3,"",310,"",3,"",0,"",24.9,"",.0,"8","U","",9.7,"",31,"",6.6,"",1010.8,"",1023.5,"",7,-1.6,"",.0,"8",0,"8","01","0","0","","0","","","0","","","4","","",0,"8",.0,"8",.0,"8","","8",0,"8","","",.0,"8",.0,"8",.0,"8",.0,"8",.0,"8",.0,"8",.0,"8",.0,"8",.0,"8",0,"8",0,"8",0,"8","","",0,"8",0,"8"
"352190360","P£OCK","2006","07","17","15","9","",0,"8",0,"8","","","",8,"",0,"8",0,"8",6,"",340,"",4,"",9,"",25.1,"",.0,"8","U","",10.2,"",32,"",7.2,"",1010.6,"",1023.3,"",7,-1.2,"",.0,"8",0,"8","03","1","0","","0","","","0","","","6","","",0,"8",.0,"8",.0,"8","","8",0,"8","","",.0,"8",.0,"8",.0,"8",.0,"8",.0,"8",.0,"8",.0,"8",.0,"8",.0,"8",0,"8",0,"8",0,"8","","",0,"8",0,"8"
"352190360","P£OCK","2006","07","17","16","9","",0,"8",0,"8","","","",8,"",0,"8",0,"8",6,"",10,"",4,"",0,"",24.9,"",.0,"8","U","",10.4,"",33,"",7.5,"",1010.3,"",1023.0,"",7,-1.1,"",.0,"8",0,"8","02","2","0","","0","","","0","","","8","","",0,"8",.0,"8",.0,"8","","8",0,"8","","",.0,"8",.0,"8",.0,"8",.0,"8",.0,"8",.0,"8",.0,"8",.0,"8",.0,"8",0,"8",0,"8",0,"8","","",0,"8",0,"8"
"352190360","P£OCK","2006","07","17","17","9","",0,"8",0,"8","","","",9,"",0,"8",0,"8",6,"",360,"",3,"",0,"",24.5,"",.0,"8","U","",9.5,"",31,"",6.3,"",1010.2,"",1022.9,"",7,-.6,"",.0,"8",0,"8","02","2","0","","0","","","0","","","8","","",0,"8",.0,"8",.0,"8","","8",0,"8","","",.0,"8",.0,"8",.0,"8",.0,"8",.0,"8",.0,"8",.0,"8",.0,"8",.0,"8",0,"8",0,"8",0,"8","","",0,"8",0,"8"
"352190360","P£OCK","2006","07","17","18","9","",0,"8",0,"8","","","",9,"",0,"8",0,"8",7,"",350,"",2,"",0,"",23.2,"",.0,"8","U","",10.2,"",36,"",7.3,"",1010.0,"",1022.7,"",7,-.6,"",.0,"9",0,"9","03","1","0","","0","","","0","","","6","","",0,"",.0,"8",.0,"8","","8",0,"8","","",.0,"8",.0,"8",.0,"8",.0,"8",.0,"8",.0,"8",.0,"8",.0,"8",.0,"8",0,"8",0,"8",0,"8","","",0,"8",0,"8"
"352190360","P£OCK","2006","07","17","19","9","",0,"8",0,"8","","","",9,"",0,"8",0,"8",7,"",100,"",1,"",0,"",18.8,"",.0,"8","U","",12.1,"",56,"",9.8,"",1009.8,"",1022.7,"",7,-.5,"",.0,"8",0,"8","02","2","0","","0","","","0","","","8","","",0,"8",.0,"8",.0,"8","","8",0,"8","","",.0,"8",.0,"8",.0,"8",.0,"8",.0,"8",.0,"8",.0,"8",.0,"8",.0,"8",0,"8",0,"8",0,"8","","",0,"8",0,"8"
"352190360","P£OCK","2006","07","17","20","9","",0,"8",0,"8","","","",8,"",0,"8",0,"8",7,"",0,"",0,"",0,"",15.8,"",.0,"8","U","",12.0,"",67,"",9.7,"",1009.5,"",1022.6,"",7,-.7,"",.0,"8",0,"8","02","2","0","","0","","","0","","","8","","",0,"8",.0,"8",.0,"8","","8",0,"8","","",.0,"8",.0,"8",.0,"8",.0,"8",.0,"8",.0,"8",.0,"8",.0,"8",.0,"8",0,"8",0,"8",0,"8","","",0,"8",0,"8"
"352190360","P£OCK","2006","07","17","21","9","",0,"8",0,"8","","","",8,"",0,"8",0,"8",7,"",0,"",0,"",0,"",14.2,"",.0,"8","U","",12.1,"",75,"",9.8,"",1009.4,"",1022.5,"",7,-.6,"",.0,"8",0,"8","02","2","0","","0","","","0","","","8","","",0,"8",.0,"8",.0,"8","","8",0,"8","","",.0,"8",.0,"8",.0,"8",.0,"8",.0,"8",.0,"8",.0,"8",.0,"8",.0,"8",0,"8",0,"8",0,"8","","",0,"8",0,"8"
"352190360","P£OCK","2006","07","17","22","9","",0,"8",0,"8","","","",8,"",0,"8",0,"8",5,"",0,"",0,"",0,"",13.7,"",.0,"8","U","",12.2,"",78,"",9.9,"",1009.5,"",1022.7,"",5,-.3,"",.0,"8",0,"8","01","2","0","","0","","","0","","","8","","",0,"8",.0,"8",.0,"8","","8",0,"8","","",.0,"8",.0,"8",.0,"8",.0,"8",.0,"8",.0,"8",.0,"8",.0,"8",.0,"8",0,"8",0,"8",0,"8","","",0,"8",0,"8"
"352190360","P£OCK","2006","07","17","23","9","",0,"8",0,"8","","","",8,"",0,"8",0,"8",5,"",0,"",0,"",0,"",13.0,"",.0,"8","U","",11.8,"",79,"",9.4,"",1009.3,"",1022.5,"",7,-.2,"",.0,"8",0,"8","02","2","0","","0","","","0","","","8","","",0,"8",.0,"8",.0,"8","","8",0,"8","","",.0,"8",.0,"8",.0,"8",.0,"8",.0,"8",.0,"8",.0,"8",.0,"8",.0,"8",0,"8",0,"8",0,"8","","",0,"8",0,"8"
"352190360","P£OCK","2006","07","18","00","9","",0,"8",0,"8","","","",8,"",0,"8",0,"8",5,"",220,"",1,"",0,"",14.1,"",.0,"8","U","",12.2,"",76,"",9.9,"",1009.0,"",1022.1,"",8,-.4,"",.0,"9",0,"9","02","2","0","","0","","","0","","","8","","",0,"",.0,"8",.0,"8","","8",0,"8","","",.0,"8",.0,"8",.0,"8",.0,"8",.0,"8",.0,"8",.0,"8",.0,"8",.0,"8",0,"8",0,"8",0,"8","","",0,"8",0,"8"
"352190360","P£OCK","2006","07","18","01","9","",0,"8",0,"8","","","",8,"",0,"8",0,"8",5,"",290,"",2,"",0,"",14.3,"",.0,"8","U","",12.2,"",75,"",9.9,"",1008.9,"",1022.0,"",7,-.6,"",.0,"8",0,"8","02","2","0","","0","","","0","","","8","","",0,"8",.0,"8",.0,"8","","8",0,"8","","",.0,"8",.0,"8",.0,"8",.0,"8",.0,"8",.0,"8",.0,"8",.0,"8",.0,"8",0,"8",0,"8",0,"8","","",0,"8",0,"8"
"352190360","P£OCK","2006","07","18","02","9","",0,"8",0,"8","","","",8,"",0,"8",0,"8",5,"",290,"",1,"",0,"",11.8,"",.0,"8","U","",10.9,"",79,"",8.3,"",1008.7,"",1021.9,"",7,-.6,"",.0,"8",0,"8","02","2","0","","0","","","0","","","8","","",0,"8",.0,"8",.0,"8","","8",0,"8","","",.0,"8",.0,"8",.0,"8",.0,"8",.0,"8",.0,"8",.0,"8",.0,"8",.0,"8",0,"8",0,"8",0,"8","","",0,"8",0,"8"
"352190360","P£OCK","2006","07","18","03","9","",0,"8",0,"8","","","",8,"",0,"8",0,"8",3,"",0,"",0,"",0,"",10.4,"",.0,"8","U","",10.7,"",85,"",8.0,"",1008.8,"",1022.1,"",5,-.2,"",.0,"8",0,"8","01","1","0","","0","","","0","","","8","","",0,"8",.0,"8",.0,"8","","8",0,"8","","",.0,"8",.0,"8",.0,"8",.0,"8",.0,"8",.0,"8",.0,"8",.0,"8",.0,"8",0,"8",0,"8",0,"8","","",0,"8",0,"8"
"352190360","P£OCK","2006","07","18","04","9","",0,"8",0,"8","","","",8,"",0,"8",0,"8",1,"",0,"",0,"",0,"",12.4,"",.0,"8","U","",12.6,"",88,"",10.5,"",1008.8,"",1022.0,"",6,-.1,"",.0,"8",0,"8","01","0","0","","0","","","0","","","1","","",0,"8",.0,"8",.0,"8","","8",0,"8","","",.0,"8",.0,"8",.0,"8",.0,"8",.0,"8",.0,"8",.0,"8",.0,"8",.0,"8",0,"8",0,"8",0,"8","","",0,"8",0,"8"
"352190360","P£OCK","2006","07","18","05","9","",0,"8",0,"8","","","",8,"",0,"8",0,"8",1,"",290,"",3,"",0,"",18.0,"",.0,"8","U","",13.0,"",63,"",10.8,"",1008.6,"",1021.6,"",8,-.1,"",.0,"8",0,"8","02","0","0","","0","","","0","","","1","","",0,"8",.0,"8",.0,"8","","8",0,"8","","",.0,"8",.0,"8",.0,"8",.0,"8",.0,"8",.0,"8",.0,"8",.0,"8",.0,"8",0,"8",0,"8",0,"8","","",0,"8",0,"8"
"352190360","P£OCK","2006","07","18","06","9","",0,"8",0,"8","","","",8,"",0,"8",0,"8",1,"",290,"",5,"",0,"",21.1,"",.0,"8","U","",11.2,"",45,"",8.7,"",1008.3,"",1021.1,"",8,-.5,"",.0,"9",0,"9","03","1","1","","0","","","4","","","0","","",0,"",.0,"8",.0,"8","","8",0,"8","","",.0,"8",.0,"8",.0,"8",.0,"8",.0,"8",.0,"8",.0,"8",.0,"8",.0,"8",0,"8",0,"8",0,"8","","",0,"8",0,"8"
"352190360","P£OCK","2006","07","18","07","9","",0,"8",0,"8","","","",8,"",0,"8",0,"8",1,"",280,"",5,"",0,"",23.3,"",.0,"8","U","",10.8,"",38,"",8.2,"",1008.1,"",1020.8,"",7,-.7,"",.0,"8",0,"8","01","0","0","","0","","","0","","","2","","",0,"8",.0,"8",.0,"8","","8",0,"8","","",.0,"8",.0,"8",.0,"8",.0,"8",.0,"8",.0,"8",.0,"8",.0,"8",.0,"8",0,"8",0,"8",0,"8","","",0,"8",0,"8"
"352190360","P£OCK","2006","07","18","08","9","",0,"8",0,"8","","","",8,"",0,"8",0,"8",2,"",280,"",5,"",0,"",25.0,"",.0,"8","U","",11.1,"",35,"",8.5,"",1007.8,"",1020.4,"",7,-.8,"",.0,"8",0,"8","03","0","1","","0","","","4","","","1","","",0,"8",.0,"8",.0,"8","","8",0,"8","","",.0,"8",.0,"8",.0,"8",.0,"8",.0,"8",.0,"8",.0,"8",.0,"8",.0,"8",0,"8",0,"8",0,"8","","",0,"8",0,"8"
"352190360","P£OCK","2006","07","18","09","9","",0,"8",0,"8","","","",8,"",0,"8",0,"8",1,"",270,"",6,"",11,"",26.3,"",.0,"8","U","",10.2,"",30,"",7.3,"",1007.0,"",1019.6,"",8,-1.3,"",.0,"8",0,"8","01","0","1","","0","","","3","","","0","","",0,"8",.0,"8",.0,"8","","8",0,"8","","",.0,"8",.0,"8",.0,"8",.0,"8",.0,"8",.0,"8",.0,"8",.0,"8",.0,"8",0,"8",0,"8",0,"8","","",0,"8",0,"8"
"352190360","P£OCK","2006","07","18","10","9","",0,"8",0,"8","","","",8,"",0,"8",0,"8",1,"",270,"",7,"",0,"",27.4,"",.0,"8","U","",9.8,"",27,"",6.7,"",1006.5,"",1019.0,"",7,-1.6,"",.0,"8",0,"8","02","0","1","","0","","","3","","","0","","",0,"8",.0,"8",.0,"8","","8",0,"8","","",.0,"8",.0,"8",.0,"8",.0,"8",.0,"8",.0,"8",.0,"8",.0,"8",.0,"8",0,"8",0,"8",0,"8","","",0,"8",0,"8"
"352190360","P£OCK","2006","07","18","11","9","",0,"8",0,"8","","","",8,"",0,"8",0,"8",1,"",280,"",7,"",12,"",28.1,"",.0,"8","U","",9.1,"",24,"",5.6,"",1006.0,"",1018.5,"",6,-1.8,"",.0,"8",0,"8","02","0","1","","0","","","4","","","0","","",0,"8",.0,"8",.0,"8","","8",0,"8","","",.0,"8",.0,"8",.0,"8",.0,"8",.0,"8",.0,"8",.0,"8",.0,"8",.0,"8",0,"8",0,"8",0,"8","","",0,"8",0,"8"
"352190360","P£OCK","2006","07","18","12","9","",0,"8",0,"8","","","",8,"",0,"8",0,"8",1,"",280,"",7,"",0,"",29.1,"",.0,"8","U","",8.4,"",21,"",4.5,"",1005.4,"",1017.8,"",7,-1.6,"",.0,"9",0,"9","02","0","1","","0","","","4","","","0","","",0,"",.0,"8",.0,"8","","8",0,"8","","",.0,"8",.0,"8",.0,"8",.0,"8",.0,"8",.0,"8",.0,"8",.0,"8",.0,"8",0,"8",0,"8",0,"8","","",0,"8",0,"8"
"352190360","P£OCK","2006","07","18","13","9","",0,"8",0,"8","","","",8,"",0,"8",0,"8",1,"",290,"",6,"",0,"",30.2,"",.0,"8","U","",9.8,"",23,"",6.8,"",1005.1,"",1017.5,"",7,-1.4,"",.0,"8",0,"8","02","0","1","","0","","","4","","","0","","",0,"8",.0,"8",.0,"8","","8",0,"8","","",.0,"8",.0,"8",.0,"8",.0,"8",.0,"8",.0,"8",.0,"8",.0,"8",.0,"8",0,"8",0,"8",0,"8","","",0,"8",0,"8"
"352190360","P£OCK","2006","07","18","14","9","",0,"8",0,"8","","","",8,"",0,"8",0,"8",1,"",280,"",6,"",0,"",30.3,"",.0,"8","U","",9.9,"",23,"",6.9,"",1004.7,"",1017.1,"",7,-1.3,"",.0,"8",0,"8","01","0","0","","0","","","0","","","1","","",0,"8",.0,"8",.0,"8","","8",0,"8","","",.0,"8",.0,"8",.0,"8",.0,"8",.0,"8",.0,"8",.0,"8",.0,"8",.0,"8",0,"8",0,"8",0,"8","","",0,"8",0,"8"
"352190360","P£OCK","2006","07","18","15","9","",0,"8",0,"8","","","",8,"",0,"8",0,"8",1,"",280,"",6,"",0,"",30.5,"",.0,"8","U","",9.6,"",22,"",6.4,"",1004.2,"",1016.6,"",8,-1.2,"",.0,"8",0,"8","02","0","0","","0","","","0","","","2","","",0,"8",.0,"8",.0,"8","","8",0,"8","","",.0,"8",.0,"8",.0,"8",.0,"8",.0,"8",.0,"8",.0,"8",.0,"8",.0,"8",0,"8",0,"8",0,"8","","",0,"8",0,"8"
"352190360","P£OCK","2006","07","18","16","8","",0,"8",0,"8","","","",8,"",0,"8",0,"8",2,"",300,"",6,"",0,"",30.0,"",.0,"8","U","",8.9,"",21,"",5.3,"",1004.0,"",1016.4,"",7,-1.1,"",.0,"8",0,"8","03","0","1","","1","","","4","","","1","","",0,"8",.0,"8",.0,"8","","8",0,"8","","",.0,"8",.0,"8",.0,"8",.0,"8",.0,"8",.0,"8",.0,"8",.0,"8",.0,"8",0,"8",0,"8",0,"8","","",0,"8",0,"8"
"352190360","P£OCK","2006","07","18","17","8","",0,"8",0,"8","","","",8,"",0,"8",0,"8",1,"",310,"",4,"",0,"",29.1,"",.0,"8","U","",10.0,"",25,"",7.1,"",1003.8,"",1016.2,"",6,-.9,"",.0,"8",0,"8","01","0","1","","1","","","4","","","0","","",0,"8",.0,"8",.0,"8","","8",0,"8","","",.0,"8",.0,"8",.0,"8",.0,"8",.0,"8",.0,"8",.0,"8",.0,"8",.0,"8",0,"8",0,"8",0,"8","","",0,"8",0,"8"
"352190360","P£OCK","2006","07","18","18","9","",0,"8",0,"8","","","",8,"",0,"8",0,"8",0,"",310,"",3,"",0,"",27.5,"",.0,"8","U","",10.6,"",29,"",7.9,"",1003.8,"",1016.3,"",6,-.4,"",.0,"9",0,"9","01","0","0","","0","","","0","","","0","","",0,"",.0,"8",.0,"8","","8",0,"8","","",.0,"8",.0,"8",.0,"8",.0,"8",.0,"8",.0,"8",.0,"8",.0,"8",.0,"8",0,"8",0,"8",0,"8","","",0,"8",0,"8"
"352190360","P£OCK","2006","07","18","19","9","",0,"8",0,"8","","","",9,"",0,"8",0,"8",1,"",310,"",2,"",0,"",24.7,"",.0,"8","U","",10.9,"",35,"",8.2,"",1004.2,"",1016.8,"",3,.2,"",.0,"8",0,"8","03","0","1","","0","","","3","","","0","","",0,"8",.0,"8",.0,"8","","8",0,"8","","",.0,"8",.0,"8",.0,"8",.0,"8",.0,"8",.0,"8",.0,"8",.0,"8",.0,"8",0,"8",0,"8",0,"8","","",0,"8",0,"8"
"352190360","P£OCK","2006","07","18","20","9","",0,"8",0,"8","","","",8,"",0,"8",0,"8",0,"",330,"",1,"",0,"",21.9,"",.0,"8","U","",11.3,"",43,"",8.7,"",1004.5,"",1017.2,"",3,.7,"",.0,"8",0,"8","01","0","0","","0","","","0","","","0","","",0,"8",.0,"8",.0,"8","","8",0,"8","","",.0,"8",.0,"8",.0,"8",.0,"8",.0,"8",.0,"8",.0,"8",.0,"8",.0,"8",0,"8",0,"8",0,"8","","",0,"8",0,"8"
"352190360","P£OCK","2006","07","18","21","9","",0,"8",0,"8","","","",8,"",0,"8",0,"8",0,"",10,"",3,"",0,"",20.0,"",.0,"8","U","",13.5,"",58,"",11.5,"",1005.0,"",1017.8,"",2,1.2,"",.0,"8",0,"8","02","0","0","","0","","","0","","","0","","",0,"8",.0,"8",.0,"8","","8",0,"8","","",.0,"8",.0,"8",.0,"8",.0,"8",.0,"8",.0,"8",.0,"8",.0,"8",.0,"8",0,"8",0,"8",0,"8","","",0,"8",0,"8"
"352190360","P£OCK","2006","07","18","22","9","",0,"8",0,"8","","","",8,"",0,"8",0,"8",0,"",360,"",2,"",0,"",18.6,"",.0,"8","U","",14.8,"",69,"",12.8,"",1005.5,"",1018.4,"",3,1.3,"",.0,"8",0,"8","02","0","0","","0","","","0","","","0","","",0,"8",.0,"8",.0,"8","","8",0,"8","","",.0,"8",.0,"8",.0,"8",.0,"8",.0,"8",.0,"8",.0,"8",.0,"8",.0,"8",0,"8",0,"8",0,"8","","",0,"8",0,"8"
"352190360","P£OCK","2006","07","18","23","9","",0,"8",0,"8","","","",8,"",0,"8",0,"8",0,"",350,"",1,"",0,"",16.4,"",.0,"8","U","",13.8,"",74,"",11.8,"",1005.7,"",1018.7,"",1,1.2,"",.0,"8",0,"8","02","0","0","","0","","","0","","","0","","",0,"8",.0,"8",.0,"8","","8",0,"8","","",.0,"8",.0,"8",.0,"8",.0,"8",.0,"8",.0,"8",.0,"8",.0,"8",.0,"8",0,"8",0,"8",0,"8","","",0,"8",0,"8"
"352190360","P£OCK","2006","07","19","00","9","",0,"8",0,"8","","","",8,"",0,"8",0,"8",0,"",310,"",1,"",0,"",15.5,"",.0,"8","U","",14.4,"",82,"",12.4,"",1005.9,"",1018.9,"",1,.9,"",.0,"9",0,"9","02","0","0","","0","","","0","","","0","","",0,"",.0,"8",.0,"8","","8",0,"8","","",.0,"8",.0,"8",.0,"8",.0,"8",.0,"8",.0,"8",.0,"8",.0,"8",.0,"8",0,"8",0,"8",0,"8","","",0,"8",0,"8"
"352190360","P£OCK","2006","07","19","01","9","",0,"8",0,"8","","","",8,"",0,"8",0,"8",1,"",320,"",1,"",0,"",16.9,"",.0,"8","U","",15.0,"",78,"",13.0,"",1006.1,"",1019.1,"",2,.6,"",.0,"8",0,"8","03","0","1","","0","","","3","","","0","","",0,"8",.0,"8",.0,"8","","8",0,"8","","",.0,"8",.0,"8",.0,"8",.0,"8",.0,"8",.0,"8",.0,"8",.0,"8",.0,"8",0,"8",0,"8",0,"8","","",0,"8",0,"8"
"352190360","P£OCK","2006","07","19","02","5","",0,"8",0,"8","","","",8,"",0,"8",0,"8",5,"",330,"",1,"",0,"",16.6,"",.0,"8","U","",15.3,"",81,"",13.3,"",1006.6,"",1019.6,"",3,.9,"",.0,"8",0,"8","03","1","4","","5","","","3","","","0","","",0,"8",.0,"8",.0,"8","","8",0,"8","","",.0,"8",.0,"8",.0,"8",.0,"8",.0,"8",.0,"8",.0,"8",.0,"8",.0,"8",0,"8",0,"8",0,"8","","",0,"8",0,"8"
"352190360","P£OCK","2006","07","19","03","5","",0,"8",0,"8","","","",8,"",0,"8",0,"8",2,"",310,"",2,"",0,"",16.7,"",.0,"8","U","",15.7,"",83,"",13.8,"",1006.8,"",1019.8,"",2,.9,"",.0,"8",0,"8","01","1","1","","5","","","3","","","1","","",0,"8",.0,"8",.0,"8","","8",0,"8","","",.0,"8",.0,"8",.0,"8",.0,"8",.0,"8",.0,"8",.0,"8",.0,"8",.0,"8",0,"8",0,"8",0,"8","","",0,"8",0,"8"
"352190360","P£OCK","2006","07","19","04","5","",0,"8",0,"8","","","",8,"",0,"8",0,"8",6,"",310,"",1,"",0,"",17.6,"",.0,"8","U","",16.9,"",84,"",14.9,"",1007.5,"",1020.5,"",2,1.4,"",.0,"8",0,"8","03","1","4","","5","","","3","","","1","","",0,"8",.0,"8",.0,"8","","8",0,"8","","",.0,"8",.0,"8",.0,"8",.0,"8",.0,"8",.0,"8",.0,"8",.0,"8",.0,"8",0,"8",0,"8",0,"8","","",0,"8",0,"8"
"352190360","P£OCK","2006","07","19","05","5","",0,"8",0,"8","","","",8,"",0,"8",0,"8",7,"",360,"",3,"",0,"",18.4,"",.0,"8","U","",17.5,"",83,"",15.5,"",1007.9,"",1020.8,"",2,1.3,"",.0,"8",0,"8","03","2","7","","5","","","/","","","/","","",0,"8",.0,"8",.0,"8","","8",0,"8","","",.0,"8",.0,"8",.0,"8",.0,"8",.0,"8",.0,"8",.0,"8",.0,"8",.0,"8",0,"8",0,"8",0,"8","","",0,"8",0,"8"
"352190360","P£OCK","2006","07","19","06","4","",0,"8",0,"8","","","",8,"",0,"8",0,"8",6,"",20,"",3,"",0,"",20.6,"",.0,"8","U","",17.7,"",73,"",15.6,"",1008.3,"",1021.1,"",1,1.5,"",.0,"9",0,"9","03","1","6","","8","","","0","","","0","","",0,"",.0,"8",.0,"8","","8",0,"8","","",.0,"8",.0,"8",.0,"8",.0,"8",.0,"8",.0,"8",.0,"8",.0,"8",.0,"8",0,"8",0,"8",0,"8","","",0,"8",0,"8"
"352190360","P£OCK","2006","07","19","07","5","",0,"8",0,"8","","","",8,"",0,"8",0,"8",2,"",20,"",3,"",0,"",21.3,"",.0,"8","U","",15.2,"",60,"",13.2,"",1008.8,"",1021.6,"",2,1.3,"",.0,"8",0,"8","01","1","2","","2","","","3","","","0","","",0,"8",.0,"8",.0,"8","","8",0,"8","","",.0,"8",.0,"8",.0,"8",.0,"8",.0,"8",.0,"8",.0,"8",.0,"8",.0,"8",0,"8",0,"8",0,"8","","",0,"8",0,"8"
"352190360","P£OCK","2006","07","19","08","6","",0,"8",0,"8","","","",8,"",0,"8",0,"8",2,"",340,"",3,"",0,"",22.8,"",.0,"8","U","",14.4,"",52,"",12.4,"",1008.9,"",1021.6,"",2,1.0,"",.0,"8",0,"8","01","0","1","","2","","","3","","","0","","",0,"8",.0,"8",.0,"8","","8",0,"8","","",.0,"8",.0,"8",.0,"8",.0,"8",.0,"8",.0,"8",.0,"8",.0,"8",.0,"8",0,"8",0,"8",0,"8","","",0,"8",0,"8"
"352190360","P£OCK","2006","07","19","09","7","",0,"8",0,"8","","","",8,"",0,"8",0,"8",2,"",70,"",2,"",0,"",24.2,"",.0,"8","U","",14.5,"",48,"",12.5,"",1009.1,"",1021.8,"",2,.8,"",.0,"8",0,"8","02","1","1","","2","","","3","","","0","","",0,"8",.0,"8",.0,"8","","8",0,"8","","",.0,"8",.0,"8",.0,"8",.0,"8",.0,"8",.0,"8",.0,"8",.0,"8",.0,"8",0,"8",0,"8",0,"8","","",0,"8",0,"8"
"352190360","P£OCK","2006","07","19","10","7","",0,"8",0,"8","","","",8,"",0,"8",0,"8",2,"",310,"",2,"",0,"",24.9,"",.0,"8","U","",13.2,"",42,"",11.1,"",1008.9,"",1021.6,"",0,.1,"",.0,"8",0,"8","02","0","1","","2","","","4","","","0","","",0,"8",.0,"8",.0,"8","","8",0,"8","","",.0,"8",.0,"8",.0,"8",.0,"8",.0,"8",.0,"8",.0,"8",.0,"8",.0,"8",0,"8",0,"8",0,"8","","",0,"8",0,"8"
"352190360","P£OCK","2006","07","19","11","7","",0,"8",0,"8","","","",8,"",0,"8",0,"8",4,"",290,"",2,"",0,"",26.3,"",.0,"8","U","",13.7,"",40,"",11.6,"",1008.8,"",1021.4,"",8,-.1,"",.0,"8",0,"8","03","0","2","","2","","","4","","","0","","",0,"8",.0,"8",.0,"8","","8",0,"8","","",.0,"8",.0,"8",.0,"8",.0,"8",.0,"8",.0,"8",.0,"8",.0,"8",.0,"8",0,"8",0,"8",0,"8","","",0,"8",0,"8"
"352190360","P£OCK","2006","07","19","12","7","",0,"8",0,"8","","","",8,"",0,"8",0,"8",5,"",360,"",3,"",0,"",26.5,"",.0,"8","U","",13.1,"",38,"",11.0,"",1008.8,"",1021.4,"",6,-.3,"",.0,"9",0,"9","03","1","3","","2","","","4","","","0","","",0,"",.0,"8",.0,"8","","8",0,"8","","",.0,"8",.0,"8",.0,"8",.0,"8",.0,"8",.0,"8",.0,"8",.0,"8",.0,"8",0,"8",0,"8",0,"8","","",0,"8",0,"8"
"352190360","P£OCK","2006","07","19","13","8","",0,"8",0,"8","","","",8,"",0,"8",0,"8",4,"",350,"",3,"",0,"",27.0,"",.0,"8","U","",13.2,"",37,"",11.1,"",1008.7,"",1021.3,"",7,-.2,"",.0,"8",0,"8","01","1","3","","2","","","3","","","0","","",0,"8",.0,"8",.0,"8","","8",0,"8","","",.0,"8",.0,"8",.0,"8",.0,"8",.0,"8",.0,"8",.0,"8",.0,"8",.0,"8",0,"8",0,"8",0,"8","","",0,"8",0,"8"
"352190360","P£OCK","2006","07","19","14","8","",0,"8",0,"8","","","",8,"",0,"8",0,"8",4,"",330,"",2,"",0,"",27.5,"",.0,"8","U","",13.2,"",36,"",11.1,"",1008.4,"",1020.9,"",8,-.4,"",.0,"8",0,"8","02","0","3","","2","","","3","","","0","","",0,"8",.0,"8",.0,"8","","8",0,"8","","",.0,"8",.0,"8",.0,"8",.0,"8",.0,"8",.0,"8",.0,"8",.0,"8",.0,"8",0,"8",0,"8",0,"8","","",0,"8",0,"8"
"352190360","P£OCK","2006","07","19","15","8","",0,"8",0,"8","","","",8,"",0,"8",0,"8",3,"",20,"",3,"",0,"",27.2,"",.0,"8","U","",12.6,"",35,"",10.4,"",1008.4,"",1021.0,"",6,-.4,"",.0,"8",0,"8","01","1","1","","2","","","6","","","0","","",0,"8",.0,"8",.0,"8","","8",0,"8","","",.0,"8",.0,"8",.0,"8",.0,"8",.0,"8",.0,"8",.0,"8",.0,"8",.0,"8",0,"8",0,"8",0,"8","","",0,"8",0,"8"
"352190360","P£OCK","2006","07","19","16","9","",0,"8",0,"8","","","",8,"",0,"8",0,"8",1,"",10,"",4,"",0,"",26.7,"",.0,"8","U","",12.2,"",35,"",10.0,"",1008.4,"",1021.0,"",6,-.3,"",.0,"8",0,"8","01","0","1","","0","","","6","","","0","","",0,"8",.0,"8",.0,"8","","8",0,"8","","",.0,"8",.0,"8",.0,"8",.0,"8",.0,"8",.0,"8",.0,"8",.0,"8",.0,"8",0,"8",0,"8",0,"8","","",0,"8",0,"8"
"352190360","P£OCK","2006","07","19","17","9","",0,"8",0,"8","","","",8,"",0,"8",0,"8",2,"",30,"",4,"",0,"",26.0,"",.0,"8","U","",12.4,"",37,"",10.2,"",1008.3,"",1020.9,"",8,-.1,"",.0,"8",0,"8","03","0","1","","0","","","3","","","1","","",0,"8",.0,"8",.0,"8","","8",0,"8","","",.0,"8",.0,"8",.0,"8",.0,"8",.0,"8",.0,"8",.0,"8",.0,"8",.0,"8",0,"8",0,"8",0,"8","","",0,"8",0,"8"
"352190360","P£OCK","2006","07","19","18","9","",0,"8",0,"8","","","",9,"",0,"8",0,"8",0,"",40,"",3,"",0,"",24.4,"",.0,"8","U","",12.8,"",42,"",10.7,"",1008.5,"",1021.2,"",3,.1,"",.0,"9",0,"9","01","1","0","","0","","","0","","","0","","",0,"",.0,"8",.0,"8","","8",0,"8","","",.0,"8",.0,"8",.0,"8",.0,"8",.0,"8",.0,"8",.0,"8",.0,"8",.0,"8",0,"8",0,"8",0,"8","","",0,"8",0,"8"
"352190360","P£OCK","2006","07","19","19","9","",0,"8",0,"8","","","",9,"",0,"8",0,"8",0,"",50,"",2,"",0,"",21.7,"",.0,"8","U","",12.4,"",48,"",10.2,"",1008.8,"",1021.6,"",3,.4,"",.0,"8",0,"8","02","0","0","","0","","","0","","","0","","",0,"8",.0,"8",.0,"8","","8",0,"8","","",.0,"8",.0,"8",.0,"8",.0,"8",.0,"8",.0,"8",.0,"8",.0,"8",.0,"8",0,"8",0,"8",0,"8","","",0,"8",0,"8"
"352190360","P£OCK","2006","07","19","20","9","",0,"8",0,"8","","","",9,"",0,"8",0,"8",0,"",60,"",1,"",0,"",19.6,"",.0,"8","U","",12.5,"",55,"",10.3,"",1009.2,"",1022.1,"",3,.9,"",.0,"8",0,"8","02","0","0","","0","","","0","","","0","","",0,"8",.0,"8",.0,"8","","8",0,"8","","",.0,"8",.0,"8",.0,"8",.0,"8",.0,"8",.0,"8",.0,"8",.0,"8",.0,"8",0,"8",0,"8",0,"8","","",0,"8",0,"8"
"352190360","P£OCK","2006","07","19","21","9","",0,"8",0,"8","","","",9,"",0,"8",0,"8",0,"",60,"",2,"",0,"",18.4,"",.0,"8","U","",12.2,"",58,"",10.0,"",1009.5,"",1022.4,"",2,1.0,"",.0,"8",0,"8","02","0","0","","0","","","0","","","0","","",0,"8",.0,"8",.0,"8","","8",0,"8","","",.0,"8",.0,"8",.0,"8",.0,"8",.0,"8",.0,"8",.0,"8",.0,"8",.0,"8",0,"8",0,"8",0,"8","","",0,"8",0,"8"
"352190360","P£OCK","2006","07","19","22","9","",0,"8",0,"8","","","",9,"",0,"8",0,"8",0,"",90,"",2,"",0,"",18.1,"",.0,"8","U","",11.8,"",57,"",9.4,"",1009.7,"",1022.7,"",1,.9,"",.0,"8",0,"8","02","0","0","","0","","","0","","","0","","",0,"8",.0,"8",.0,"8","","8",0,"8","","",.0,"8",.0,"8",.0,"8",.0,"8",.0,"8",.0,"8",.0,"8",.0,"8",.0,"8",0,"8",0,"8",0,"8","","",0,"8",0,"8"
"352190360","P£OCK","2006","07","19","23","9","",0,"8",0,"8","","","",9,"",0,"8",0,"8",0,"",80,"",2,"",0,"",17.7,"",.0,"8","U","",10.9,"",54,"",8.3,"",1009.9,"",1022.9,"",2,.7,"",.0,"8",0,"8","02","0","0","","0","","","0","","","0","","",0,"8",.0,"8",.0,"8","","8",0,"8","","",.0,"8",.0,"8",.0,"8",.0,"8",.0,"8",.0,"8",.0,"8",.0,"8",.0,"8",0,"8",0,"8",0,"8","","",0,"8",0,"8"
"352190360","P£OCK","2006","07","20","00","9","",0,"8",0,"8","","","",9,"",0,"8",0,"8",1,"",100,"",3,"",0,"",17.5,"",.0,"8","U","",10.4,"",52,"",7.5,"",1010.0,"",1023.0,"",2,.5,"",.0,"9",0,"9","03","0","1","","0","","","3","","","0","","",0,"",.0,"8",.0,"8","","8",0,"8","","",.0,"8",.0,"8",.0,"8",.0,"8",.0,"8",.0,"8",.0,"8",.0,"8",.0,"8",0,"8",0,"8",0,"8","","",0,"8",0,"8"
"352190360","P£OCK","2006","07","20","01","9","",0,"8",0,"8","","","",9,"",0,"8",0,"8",2,"",100,"",3,"",0,"",17.3,"",.0,"8","U","",10.2,"",52,"",7.3,"",1010.1,"",1023.1,"",2,.4,"",.0,"8",0,"8","03","0","2","","0","","","3","","","0","","",0,"8",.0,"8",.0,"8","","8",0,"8","","",.0,"8",.0,"8",.0,"8",.0,"8",.0,"8",.0,"8",.0,"8",.0,"8",.0,"8",0,"8",0,"8",0,"8","","",0,"8",0,"8"
"352190360","P£OCK","2006","07","20","02","9","",0,"8",0,"8","","","",9,"",0,"8",0,"8",2,"",90,"",3,"",0,"",15.8,"",.0,"8","U","",10.6,"",59,"",7.8,"",1010.3,"",1023.4,"",2,.4,"",.0,"8",0,"8","02","0","2","","0","","","3","","","0","","",0,"8",.0,"8",.0,"8","","8",0,"8","","",.0,"8",.0,"8",.0,"8",.0,"8",.0,"8",.0,"8",.0,"8",.0,"8",.0,"8",0,"8",0,"8",0,"8","","",0,"8",0,"8"
"352190360","P£OCK","2006","07","20","03","7","",0,"8",0,"8","","","",9,"",0,"8",0,"8",3,"",90,"",3,"",0,"",16.1,"",.0,"8","U","",10.2,"",56,"",7.3,"",1010.4,"",1023.5,"",2,.4,"",.0,"8",0,"8","03","0","3","","5","","","0","","","0","","",0,"8",.0,"8",.0,"8","","8",0,"8","","",.0,"8",.0,"8",.0,"8",.0,"8",.0,"8",.0,"8",.0,"8",.0,"8",.0,"8",0,"8",0,"8",0,"8","","",0,"8",0,"8"
"352190360","P£OCK","2006","07","20","04","7","",0,"8",0,"8","","","",9,"",0,"8",0,"8",3,"",110,"",3,"",0,"",17.2,"",.0,"8","U","",10.4,"",53,"",7.5,"",1010.3,"",1023.3,"",0,.2,"",.0,"8",0,"8","01","0","1","","5","","","3","","","0","","",0,"8",.0,"8",.0,"8","","8",0,"8","","",.0,"8",.0,"8",.0,"8",.0,"8",.0,"8",.0,"8",.0,"8",.0,"8",.0,"8",0,"8",0,"8",0,"8","","",0,"8",0,"8"
"352190360","P£OCK","2006","07","20","05","7","",0,"8",0,"8","","","",9,"",0,"8",0,"8",2,"",110,"",4,"",0,"",19.1,"",.0,"8","U","",10.4,"",47,"",7.5,"",1010.3,"",1023.2,"",4,.0,"",.0,"8",0,"8","01","0","1","","5","","","3","","","0","","",0,"8",.0,"8",.0,"8","","8",0,"8","","",.0,"8",.0,"8",.0,"8",.0,"8",.0,"8",.0,"8",.0,"8",.0,"8",.0,"8",0,"8",0,"8",0,"8","","",0,"8",0,"8"
"352190360","P£OCK","2006","07","20","06","9","",0,"8",0,"8","","","",8,"",0,"8",0,"8",1,"",120,"",4,"",0,"",21.4,"",.0,"8","U","",9.7,"",38,"",6.5,"",1010.2,"",1023.0,"",7,-.2,"",.0,"9",0,"9","01","0","1","","0","","","3","","","0","","",0,"",.0,"8",.0,"8","","8",0,"8","","",.0,"8",.0,"8",.0,"8",.0,"8",.0,"8",.0,"8",.0,"8",.0,"8",.0,"8",0,"8",0,"8",0,"8","","",0,"8",0,"8"
"352190360","P£OCK","2006","07","20","07","9","",0,"8",0,"8","","","",8,"",0,"8",0,"8",1,"",130,"",4,"",0,"",24.0,"",.0,"8","U","",9.2,"",31,"",5.8,"",1010.3,"",1023.0,"",5,.0,"",.0,"8",0,"8","01","0","0","","0","","","0","","","1","","",0,"8",.0,"8",.0,"8","","8",0,"8","","",.0,"8",.0,"8",.0,"8",.0,"8",.0,"8",.0,"8",.0,"8",.0,"8",.0,"8",0,"8",0,"8",0,"8","","",0,"8",0,"8"
"352190360","P£OCK","2006","07","20","08","9","",0,"8",0,"8","","","",8,"",0,"8",0,"8",1,"",130,"",5,"",0,"",25.8,"",.0,"8","U","",9.6,"",29,"",6.4,"",1010.1,"",1022.7,"",7,-.2,"",.0,"8",0,"8","02","0","0","","0","","","0","","","1","","",0,"8",.0,"8",.0,"8","","8",0,"8","","",.0,"8",.0,"8",.0,"8",.0,"8",.0,"8",.0,"8",.0,"8",.0,"8",.0,"8",0,"8",0,"8",0,"8","","",0,"8",0,"8"
"352190360","P£OCK","2006","07","20","09","9","",0,"8",0,"8","","","",8,"",0,"8",0,"8",2,"",150,"",4,"",0,"",26.6,"",.0,"8","U","",9.7,"",28,"",6.6,"",1009.9,"",1022.5,"",8,-.3,"",.0,"8",0,"8","03","0","0","","0","","","0","","","1","","",0,"8",.0,"8",.0,"8","","8",0,"8","","",.0,"8",.0,"8",.0,"8",.0,"8",.0,"8",.0,"8",.0,"8",.0,"8",.0,"8",0,"8",0,"8",0,"8","","",0,"8",0,"8"
"352190360","P£OCK","2006","07","20","10","9","",0,"8",0,"8","","","",8,"",0,"8",0,"8",2,"",130,"",5,"",0,"",27.7,"",.0,"8","U","",10.4,"",28,"",7.5,"",1009.4,"",1021.9,"",8,-.9,"",.0,"8",0,"8","02","0","0","","0","","","0","","","1","","",0,"8",.0,"8",.0,"8","","8",0,"8","","",.0,"8",.0,"8",.0,"8",.0,"8",.0,"8",.0,"8",.0,"8",.0,"8",.0,"8",0,"8",0,"8",0,"8","","",0,"8",0,"8"
"352190360","P£OCK","2006","07","20","11","9","",0,"8",0,"8","","","",8,"",0,"8",0,"8",2,"",150,"",4,"",0,"",29.0,"",.0,"8","U","",10.4,"",26,"",7.5,"",1009.1,"",1021.6,"",7,-1.0,"",.0,"8",0,"8","02","0","0","","0","","","0","","","1","","",0,"8",.0,"8",.0,"8","","8",0,"8","","",.0,"8",.0,"8",.0,"8",.0,"8",.0,"8",.0,"8",.0,"8",.0,"8",.0,"8",0,"8",0,"8",0,"8","","",0,"8",0,"8"
"352190360","P£OCK","2006","07","20","12","9","",0,"8",0,"8","","","",8,"",0,"8",0,"8",6,"",120,"",4,"",0,"",29.7,"",.0,"8","U","",10.8,"",26,"",8.1,"",1008.5,"",1020.9,"",7,-1.4,"",.0,"9",0,"9","03","1","0","","0","","","0","","","6","","",0,"",.0,"8",.0,"8","","8",0,"8","","",.0,"8",.0,"8",.0,"8",.0,"8",.0,"8",.0,"8",.0,"8",.0,"8",.0,"8",0,"8",0,"8",0,"8","","",0,"8",0,"8"
"352190360","P£OCK","2006","07","20","13","9","",0,"8",0,"8","","","",8,"",0,"8",0,"8",7,"",140,"",3,"",0,"",30.6,"",.0,"8","U","",11.4,"",26,"",8.9,"",1008.0,"",1020.4,"",7,-1.4,"",.0,"8",0,"8","03","2","0","","0","","","0","","","6","","",0,"8",.0,"8",.0,"8","","8",0,"8","","",.0,"8",.0,"8",.0,"8",.0,"8",.0,"8",.0,"8",.0,"8",.0,"8",.0,"8",0,"8",0,"8",0,"8","","",0,"8",0,"8"
"352190360","P£OCK","2006","07","20","14","8","",0,"8",0,"8","","","",8,"",0,"8",0,"8",7,"",140,"",3,"",0,"",30.7,"",.0,"8","U","",11.5,"",26,"",9.0,"",1007.7,"",1020.1,"",6,-1.4,"",.0,"8",0,"8","03","2","1","","5","","","0","","","8","","",0,"8",.0,"8",.0,"8","","8",0,"8","","",.0,"8",.0,"8",.0,"8",.0,"8",.0,"8",.0,"8",.0,"8",.0,"8",.0,"8",0,"8",0,"8",0,"8","","",0,"8",0,"8"
"352190360","P£OCK","2006","07","20","15","8","",0,"8",0,"8","","","",8,"",0,"8",0,"8",7,"",130,"",4,"",0,"",30.6,"",.0,"8","U","",11.4,"",26,"",8.9,"",1007.2,"",1019.6,"",7,-1.3,"",.0,"8",0,"8","02","2","1","","5","","","0","","","8","","",0,"8",.0,"8",.0,"8","","8",0,"8","","",.0,"8",.0,"8",.0,"8",.0,"8",.0,"8",.0,"8",.0,"8",.0,"8",.0,"8",0,"8",0,"8",0,"8","","",0,"8",0,"8"
"352190360","P£OCK","2006","07","20","16","8","",0,"8",0,"8","","","",8,"",0,"8",0,"8",7,"",130,"",4,"",0,"",30.1,"",.0,"8","U","",11.5,"",27,"",9.0,"",1006.9,"",1019.3,"",7,-1.1,"",.0,"8",0,"8","02","2","1","","5","","","0","","","8","","",0,"8",.0,"8",.0,"8","","8",0,"8","","",.0,"8",.0,"8",.0,"8",.0,"8",.0,"8",.0,"8",.0,"8",.0,"8",.0,"8",0,"8",0,"8",0,"8","","",0,"8",0,"8"
"352190360","P£OCK","2006","07","20","17","9","",0,"8",0,"8","","","",8,"",0,"8",0,"8",7,"",120,"",5,"",0,"",29.4,"",.0,"8","U","",11.5,"",28,"",9.0,"",1006.6,"",1019.0,"",6,-1.1,"",.0,"8",0,"8","01","2","0","","0","","","0","","","8","","",0,"8",.0,"8",.0,"8","","8",0,"8","","",.0,"8",.0,"8",.0,"8",.0,"8",.0,"8",.0,"8",.0,"8",.0,"8",.0,"8",0,"8",0,"8",0,"8","","",0,"8",0,"8"
"352190360","P£OCK","2006","07","20","18","9","",0,"8",0,"8","","","",9,"",0,"8",0,"8",7,"",110,"",3,"",0,"",27.3,"",.0,"8","U","",11.2,"",31,"",8.7,"",1006.7,"",1019.2,"",5,-.5,"",.0,"9",0,"9","03","2","1","","0","","","4","","","8","","",0,"",.0,"8",.0,"8","","8",0,"8","","",.0,"8",.0,"8",.0,"8",.0,"8",.0,"8",.0,"8",.0,"8",.0,"8",.0,"8",0,"8",0,"8",0,"8","","",0,"8",0,"8"
"352190360","P£OCK","2006","07","20","19","9","",0,"8",0,"8","","","",8,"",0,"8",0,"8",7,"",100,"",3,"",0,"",24.9,"",.0,"8","U","",11.3,"",36,"",8.8,"",1006.6,"",1019.2,"",7,-.3,"",.0,"8",0,"8","01","2","0","","0","","","0","","","8","","",0,"8",.0,"8",.0,"8","","8",0,"8","","",.0,"8",.0,"8",.0,"8",.0,"8",.0,"8",.0,"8",.0,"8",.0,"8",.0,"8",0,"8",0,"8",0,"8","","",0,"8",0,"8"
"352190360","P£OCK","2006","07","20","20","9","",0,"8",0,"8","","","",8,"",0,"8",0,"8",6,"",90,"",3,"",0,"",23.0,"",.0,"8","U","",11.8,"",42,"",9.4,"",1006.9,"",1019.6,"",2,.3,"",.0,"8",0,"8","01","2","0","","0","","","0","","","8","","",0,"8",.0,"8",.0,"8","","8",0,"8","","",.0,"8",.0,"8",.0,"8",.0,"8",.0,"8",.0,"8",.0,"8",.0,"8",.0,"8",0,"8",0,"8",0,"8","","",0,"8",0,"8"
"352190360","P£OCK","2006","07","20","21","9","",0,"8",0,"8","","","",8,"",0,"8",0,"8",6,"",100,"",3,"",0,"",21.7,"",.0,"8","U","",11.7,"",45,"",9.2,"",1007.0,"",1019.8,"",3,.3,"",.0,"8",0,"8","02","2","0","","0","","","0","","","8","","",0,"8",.0,"8",.0,"8","","8",0,"8","","",.0,"8",.0,"8",.0,"8",.0,"8",.0,"8",.0,"8",.0,"8",.0,"8",.0,"8",0,"8",0,"8",0,"8","","",0,"8",0,"8"
"352190360","P£OCK","2006","07","20","22","9","",0,"8",0,"8","","","",8,"",0,"8",0,"8",7,"",120,"",3,"",0,"",21.0,"",.0,"8","U","",11.7,"",47,"",9.3,"",1006.9,"",1019.7,"",0,.3,"",.0,"8",0,"8","03","2","0","","0","","","0","","","6","","",0,"8",.0,"8",.0,"8","","8",0,"8","","",.0,"8",.0,"8",.0,"8",.0,"8",.0,"8",.0,"8",.0,"8",.0,"8",.0,"8",0,"8",0,"8",0,"8","","",0,"8",0,"8"
"352190360","P£OCK","2006","07","20","23","9","",0,"8",0,"8","","","",8,"",0,"8",0,"8",7,"",130,"",4,"",0,"",22.7,"",.0,"8","U","",10.7,"",39,"",8.0,"",1006.8,"",1019.5,"",8,-.1,"",.0,"8",0,"8","02","2","0","","0","","","0","","","8","","",0,"8",.0,"8",.0,"8","","8",0,"8","","",.0,"8",.0,"8",.0,"8",.0,"8",.0,"8",.0,"8",.0,"8",.0,"8",.0,"8",0,"8",0,"8",0,"8","","",0,"8",0,"8"
"352190360","P£OCK","2006","07","21","00","9","",0,"8",0,"8","","","",8,"",0,"8",0,"8",7,"",130,"",3,"",0,"",21.0,"",.0,"8","U","",11.2,"",45,"",8.6,"",1006.6,"",1019.4,"",7,-.4,"",.0,"9",0,"9","02","2","0","","0","","","0","","","8","","",0,"",.0,"8",.0,"8","","8",0,"8","","",.0,"8",.0,"8",.0,"8",.0,"8",.0,"8",.0,"8",.0,"8",.0,"8",.0,"8",0,"8",0,"8",0,"8","","",0,"8",0,"8"
"352190360","P£OCK","2006","07","21","01","9","",0,"8",0,"8","","","",9,"",0,"8",0,"8",7,"",130,"",4,"",0,"",20.9,"",.0,"8","U","",11.3,"",46,"",8.8,"",1006.2,"",1019.0,"",8,-.7,"",.0,"8",0,"8","02","2","0","","0","","","0","","","8","","",0,"8",.0,"8",.0,"8","","8",0,"8","","",.0,"8",.0,"8",.0,"8",.0,"8",.0,"8",.0,"8",.0,"8",.0,"8",.0,"8",0,"8",0,"8",0,"8","","",0,"8",0,"8"
"352190360","P£OCK","2006","07","21","02","9","",0,"8",0,"8","","","",9,"",0,"8",0,"8",7,"",120,"",3,"",0,"",20.9,"",.0,"8","U","",11.6,"",47,"",9.2,"",1006.0,"",1018.8,"",7,-.8,"",.0,"8",0,"8","03","2","1","","0","","","8","","","8","","",0,"8",.0,"8",.0,"8","","8",0,"8","","",.0,"8",.0,"8",.0,"8",.0,"8",.0,"8",.0,"8",.0,"8",.0,"8",.0,"8",0,"8",0,"8",0,"8","","",0,"8",0,"8"
"352190360","P£OCK","2006","07","21","03","6","",0,"8",0,"8","","","",9,"",0,"8",0,"8",6,"",120,"",4,"",0,"",20.2,"",.0,"8","U","",11.8,"",50,"",9.4,"",1005.8,"",1018.6,"",6,-.8,"",.0,"8",0,"8","03","2","1","","3","","","3","","","8","","",0,"8",.0,"8",.0,"8","","8",0,"8","","",.0,"8",.0,"8",.0,"8",.0,"8",.0,"8",.0,"8",.0,"8",.0,"8",.0,"8",0,"8",0,"8",0,"8","","",0,"8",0,"8"
"352190360","P£OCK","2006","07","21","04","6","",0,"8",0,"8","","","",8,"",0,"8",0,"8",6,"",130,"",3,"",0,"",20.8,"",.0,"8","U","",12.3,"",50,"",10.0,"",1005.7,"",1018.5,"",7,-.5,"",.0,"8",0,"8","03","2","1","","9","","","3","","","8","","",0,"8",.0,"8",.0,"8","","8",0,"8","","",.0,"8",.0,"8",.0,"8",.0,"8",.0,"8",.0,"8",.0,"8",.0,"8",.0,"8",0,"8",0,"8",0,"8","","",0,"8",0,"8"
"352190360","P£OCK","2006","07","21","05","6","",0,"8",0,"8","","","",8,"",0,"8",0,"8",6,"",140,"",4,"",0,"",21.9,"",.0,"8","U","",13.1,"",50,"",11.0,"",1005.6,"",1018.3,"",7,-.4,"",.0,"8",0,"8","29","2","1","","9","","","3","","","8","","",0,"8",.0,"8",.0,"8","","8",0,"8","","",.0,"8",.0,"8",.0,"8",.0,"8",.0,"8",.0,"8",.0,"8",.0,"8",.0,"8",0,"8",0,"8",0,"8","","",0,"8",0,"8"
"352190360","P£OCK","2006","07","21","06","6","",0,"8",0,"8","","","",8,"",0,"8",0,"8",7,"",140,"",3,"",0,"",23.6,"",.0,"8","U","",14.2,"",49,"",12.3,"",1005.3,"",1018.0,"",8,-.5,"",.0,"9",0,"9","03","9","2","","9","","","8","","","8","","",0,"",.0,"8",.0,"8","","8",0,"8","","",.0,"8",.0,"8",.0,"8",.0,"8",.0,"8",.0,"8",.0,"8",.0,"8",.0,"8",0,"8",0,"8",0,"8","","",0,"8",0,"8"
"352190360","P£OCK","2006","07","21","07","6","",0,"8",0,"8","","","",8,"",0,"8",0,"8",6,"",130,"",2,"",0,"",23.2,"",.0,"8","U","",15.9,"",56,"",13.9,"",1005.7,"",1018.4,"",5,.0,"",.0,"8",0,"8","25","2","1","","2","","","3","","","8","","",0,"8",.0,"8",.0,"8","","8",0,"8","","",.0,"8",.0,"8",.0,"8",.0,"8",.0,"8",.0,"8",.0,"8",.0,"8",.0,"8",0,"8",0,"8",0,"8","","",0,"8",0,"8"
"352190360","P£OCK","2006","07","21","08","9","",0,"8",0,"8","","","",8,"",0,"8",0,"8",2,"",120,"",3,"",0,"",26.8,"",.0,"8","U","",15.1,"",43,"",13.2,"",1005.4,"",1017.9,"",7,-.2,"",.0,"8",0,"8","01","1","1","","0","","","3","","","1","","",0,"8",.0,"8",.0,"8","","8",0,"8","","",.0,"8",.0,"8",.0,"8",.0,"8",.0,"8",.0,"8",.0,"8",.0,"8",.0,"8",0,"8",0,"8",0,"8","","",0,"8",0,"8"
"352190360","P£OCK","2006","07","21","09","9","",0,"8",0,"8","","","",8,"",0,"8",0,"8",2,"",150,"",3,"",0,"",28.9,"",.0,"8","U","",15.1,"",38,"",13.2,"",1005.1,"",1017.5,"",8,-.2,"",.0,"8",0,"8","03","8","1","","0","","","3","","","1","","",0,"8",.0,"8",.0,"8","","8",0,"8","","",.0,"8",.0,"8",.0,"8",.0,"8",.0,"8",.0,"8",.0,"8",.0,"8",.0,"8",0,"8",0,"8",0,"8","","",0,"8",0,"8"
"352190360","P£OCK","2006","07","21","10","9","",0,"8",0,"8","","","",8,"",0,"8",0,"8",2,"",180,"",3,"",0,"",30.7,"",.0,"8","U","",14.1,"",32,"",12.1,"",1004.8,"",1017.2,"",7,-.9,"",.0,"8",0,"8","02","0","1","","0","","","3","","","1","","",0,"8",.0,"8",.0,"8","","8",0,"8","","",.0,"8",.0,"8",.0,"8",.0,"8",.0,"8",.0,"8",.0,"8",.0,"8",.0,"8",0,"8",0,"8",0,"8","","",0,"8",0,"8"
"352190360","P£OCK","2006","07","21","11","9","",0,"8",0,"8","","","",8,"",0,"8",0,"8",6,"",160,"",3,"",8,"",31.9,"",.0,"8","U","",13.7,"",29,"",11.7,"",1004.4,"",1016.7,"",7,-1.0,"",.0,"8",0,"8","03","1","2","","0","","","3","","","6","","",0,"8",.0,"8",.0,"8","","8",0,"8","","",.0,"8",.0,"8",.0,"8",.0,"8",.0,"8",.0,"8",.0,"8",.0,"8",.0,"8",0,"8",0,"8",0,"8","","",0,"8",0,"8"
"352190360","P£OCK","2006","07","21","12","8","",0,"8",0,"8","","","",8,"",0,"8",0,"8",6,"",170,"",4,"",0,"",33.3,"",.0,"8","U","",13.8,"",27,"",11.8,"",1003.9,"",1016.1,"",8,-1.2,"",.0,"",6,"","03","8","1","","1","","","3","","","8","","",0,"",.0,"8",.0,"8","","8",0,"8","","",.0,"8",.0,"8",.0,"8",.0,"8",.0,"8",.0,"8",.0,"8",.0,"8",.0,"8",0,"8",0,"8",0,"8","","",0,"8",0,"8"
"352190360","P£OCK","2006","07","21","13","7","",0,"8",0,"8","","","",8,"",0,"8",0,"8",8,"",160,"",4,"",0,"",32.5,"",.0,"8","U","",13.7,"",28,"",11.6,"",1003.3,"",1015.6,"",8,-1.5,"",.0,"8",0,"8","03","2","2","","9","","","3","","","7","","",0,"8",.0,"8",.0,"8","","8",0,"8","","",.0,"8",.0,"8",.0,"8",.0,"8",.0,"8",.0,"8",.0,"8",.0,"8",.0,"8",0,"8",0,"8",0,"8","","",0,"8",0,"8"
"352190360","P£OCK","2006","07","21","14","6","",0,"8",0,"8","","","",8,"",0,"8",0,"8",7,"",240,"",4,"",0,"",31.6,"",.0,"8","U","",14.8,"",32,"",12.9,"",1003.0,"",1015.3,"",7,-1.4,"",.0,"8",0,"8","29","2","4","","9","","","5","","","/","","",0,"8",.0,"8",.0,"8","","8",0,"8","","",.0,"8",.0,"8",.0,"8",.0,"8",.0,"8",.0,"8",.0,"8",.0,"8",.0,"8",0,"8",0,"8",0,"8","","",0,"8",0,"8"
"352190360","P£OCK","2006","07","21","15","7","",0,"8",0,"8","","","",8,"",0,"8",0,"8",7,"",320,"",2,"",0,"",31.3,"",.0,"8","U","",12.8,"",28,"",10.6,"",1002.9,"",1015.2,"",6,-1.0,"",.0,"8",0,"8","01","9","1","","9","","","8","","","8","","",0,"8",.0,"8",.0,"8","","8",0,"8","","",.0,"8",.0,"8",.0,"8",.0,"8",.0,"8",.0,"8",.0,"8",.0,"8",.0,"8",0,"8",0,"8",0,"8","","",0,"8",0,"8"
"352190360","P£OCK","2006","07","21","16","7","",0,"8",0,"8","","","",8,"",0,"8",0,"8",3,"",60,"",2,"",0,"",30.6,"",.0,"8","U","",15.8,"",36,"",13.8,"",1002.3,"",1014.6,"",7,-1.0,"",.0,"8",0,"8","01","1","1","","3","","","3","","","1","","",0,"8",.0,"8",.0,"8","","8",0,"8","","",.0,"8",.0,"8",.0,"8",.0,"8",.0,"8",.0,"8",.0,"8",.0,"8",.0,"8",0,"8",0,"8",0,"8","","",0,"8",0,"8"
"352190360","P£OCK","2006","07","21","17","7","",0,"8",0,"8","","","",8,"",0,"8",0,"8",5,"",60,"",2,"",0,"",27.6,"",.0,"8","U","",16.2,"",44,"",14.2,"",1002.3,"",1014.8,"",6,-.7,"",.0,"8",0,"8","03","1","3","","9","","","8","","","0","","",0,"8",.0,"8",.0,"8","","8",0,"8","","",.0,"8",.0,"8",.0,"8",.0,"8",.0,"8",.0,"8",.0,"8",.0,"8",.0,"8",0,"8",0,"8",0,"8","","",0,"8",0,"8"
"352190360","P£OCK","2006","07","21","18","5","",0,"8",0,"8","","","",8,"",0,"8",0,"8",7,"",30,"",4,"",0,"",27.1,"",.0,"8","U","",17.2,"",48,"",15.1,"",1002.8,"",1015.3,"",5,-.1,"",.0,"",6,"","25","9","5","","9","","","3","","","/","","",0,"",.0,"8",.0,"8","","8",0,"8","","",.0,"8",.0,"8",.0,"8",.0,"8",.0,"8",.0,"8",.0,"8",.0,"8",.0,"8",0,"8",0,"8",0,"8","","",0,"8",0,"8"
"352190360","P£OCK","2006","07","21","19","5","",0,"8",0,"8","","","",8,"",0,"8",0,"8",7,"",80,"",4,"",0,"",24.7,"",.0,"8","U","",16.8,"",54,"",14.8,"",1002.2,"",1014.8,"",8,-.1,"",.0,"8",0,"8","17","2","7","","9","","","/","","","/","","",0,"8",.0,"8",.0,"8","","8",0,"8","","",.0,"8",.0,"8",.0,"8",.0,"8",.0,"8",.0,"8",.0,"8",.0,"8",.0,"8",0,"8",0,"8",0,"8","","",0,"8",0,"8"
"352190360","P£OCK","2006","07","21","20","5","",0,"8",0,"8","","","",8,"",0,"8",0,"8",6,"",40,"",3,"",0,"",20.3,"",.0,"8","U","",19.2,"",81,"",16.9,"",1003.4,"",1016.2,"",2,1.1,"",.0,"8",0,"8","17","9","5","","9","","","3","","","0","","",0,"8",.0,"8",.0,"8","","8",0,"8","","",.0,"8",.0,"8",.0,"8",.0,"8",.0,"8",.0,"8",.0,"8",.0,"8",.0,"8",0,"8",0,"8",0,"8","","",0,"8",0,"8"
"352190360","P£OCK","2006","07","21","21","5","",0,"8",0,"8","","","",7,"",0,"8",0,"8",5,"",120,"",2,"",0,"",20.1,"",.0,"8","U","",19.2,"",82,"",16.9,"",1003.8,"",1016.6,"",3,1.0,"",.0,"8",0,"8","17","9","4","","9","","","3","","","0","","",0,"8",.0,"8",.0,"8","","8",0,"8","","",.0,"8",.0,"8",.0,"8",.0,"8",.0,"8",.0,"8",.0,"8",.0,"8",.0,"8",0,"8",0,"8",0,"8","","",0,"8",0,"8"
"352190360","P£OCK","2006","07","21","22","9","",0,"8",0,"8","","","",7,"",0,"8",0,"8",1,"",100,"",1,"",0,"",19.2,"",.0,"8","U","",18.6,"",84,"",16.4,"",1003.0,"",1015.8,"",0,.8,"",.0,"8",0,"8","01","1","1","","0","","","3","","","0","","",0,"8",.0,"8",.0,"8","","8",0,"8","","",.0,"8",.0,"8",.0,"8",.0,"8",.0,"8",.0,"8",.0,"8",.0,"8",.0,"8",0,"8",0,"8",0,"8","","",0,"8",0,"8"
"352190360","P£OCK","2006","07","21","23","9","",0,"8",0,"8","","","",6,"",0,"8",0,"8",0,"",50,"",1,"",0,"",17.9,"",.0,"8","U","",18.2,"",89,"",16.1,"",1003.0,"",1015.9,"",6,-.4,"",.0,"8",0,"8","10","0","0","","0","","","0","","","0","","",0,"8",.0,"8",.0,"8","","8",0,"8","","",.0,"8",.0,"8",.0,"8",.0,"8",.0,"8",.0,"8",.0,"8",.0,"8",.0,"8",0,"8",0,"8",0,"8","","",0,"8",0,"8"
"352190360","P£OCK","2006","07","22","00","9","",0,"8",0,"8","","","",6,"",0,"8",0,"8",0,"",0,"",0,"",0,"",17.3,"",.0,"8","U","",17.5,"",89,"",15.5,"",1003.2,"",1016.1,"",5,-.6,"",3.5,"",6,"","10","9","0","","0","","","0","","","0","","",1,"",.0,"8",.0,"8","","8",0,"8","","",.0,"8",.0,"8",.0,"8",.0,"8",.0,"8",.0,"8",.0,"8",.0,"8",.0,"8",0,"8",0,"8",0,"8","","",0,"8",0,"8"
"352190360","P£OCK","2006","07","22","01","9","",0,"8",0,"8","","","",6,"",0,"8",0,"8",0,"",50,"",1,"",0,"",16.6,"",.0,"8","U","",17.3,"",92,"",15.3,"",1003.4,"",1016.3,"",3,.4,"",.0,"8",0,"8","10","0","0","","0","","","0","","","0","","",0,"8",.0,"8",.0,"8","","8",0,"8","","",.0,"8",.0,"8",.0,"8",.0,"8",.0,"8",.0,"8",.0,"8",.0,"8",.0,"8",0,"8",0,"8",0,"8","","",0,"8",0,"8"
"352190360","P£OCK","2006","07","22","02","9","",0,"8",0,"8","","","",6,"",0,"8",0,"8",0,"",140,"",1,"",0,"",16.4,"",.0,"8","U","",17.3,"",93,"",15.3,"",1002.9,"",1015.9,"",8,-.1,"",.0,"8",0,"8","10","0","0","","0","","","0","","","0","","",0,"8",.0,"8",.0,"8","","8",0,"8","","",.0,"8",.0,"8",.0,"8",.0,"8",.0,"8",.0,"8",.0,"8",.0,"8",.0,"8",0,"8",0,"8",0,"8","","",0,"8",0,"8"
"352190360","P£OCK","2006","07","22","03","9","",0,"8",0,"8","","","",6,"",0,"8",0,"8",1,"",0,"",0,"",0,"",16.3,"",.0,"8","U","",17.2,"",93,"",15.2,"",1002.8,"",1015.8,"",8,-.4,"",.0,"8",0,"8","10","0","1","","0","","","3","","","0","","",0,"8",.0,"8",.0,"8","","8",0,"8","","",.0,"8",.0,"8",.0,"8",.0,"8",.0,"8",.0,"8",.0,"8",.0,"8",.0,"8",0,"8",0,"8",0,"8","","",0,"8",0,"8"
"352190360","P£OCK","2006","07","22","04","9","",0,"8",0,"8","","","",6,"",0,"8",0,"8",2,"",340,"",1,"",0,"",17.7,"",.0,"8","U","",18.6,"",92,"",16.4,"",1002.7,"",1015.6,"",6,-.7,"",.0,"8",0,"8","10","0","1","","0","","","3","","","1","","",0,"8",.0,"8",.0,"8","","8",0,"8","","",.0,"8",.0,"8",.0,"8",.0,"8",.0,"8",.0,"8",.0,"8",.0,"8",.0,"8",0,"8",0,"8",0,"8","","",0,"8",0,"8"
"352190360","P£OCK","2006","07","22","05","9","",0,"8",0,"8","","","",6,"",0,"8",0,"8",3,"",320,"",1,"",0,"",18.5,"",.0,"8","U","",19.5,"",92,"",17.2,"",1003.1,"",1016.0,"",3,.2,"",.0,"8",0,"8","10","0","2","","0","","","3","","","2","","",0,"8",.0,"8",.0,"8","","8",0,"8","","",.0,"8",.0,"8",.0,"8",.0,"8",.0,"8",.0,"8",.0,"8",.0,"8",.0,"8",0,"8",0,"8",0,"8","","",0,"8",0,"8"
"352190360","P£OCK","2006","07","22","06","9","",0,"8",0,"8","","","",6,"",0,"8",0,"8",6,"",340,"",2,"",0,"",20.1,"",.0,"8","U","",20.0,"",85,"",17.5,"",1003.1,"",1015.9,"",1,.3,"",.0,"9",0,"9","10","1","5","","0","","","5","","","2","","",1,"",.0,"8",.0,"8","","8",0,"8","","",.0,"8",.0,"8",.0,"8",.0,"8",.0,"8",.0,"8",.0,"8",.0,"8",.0,"8",0,"8",0,"8",0,"8","","",0,"8",0,"8"
"352190360","P£OCK","2006","07","22","07","9","",0,"8",0,"8","","","",7,"",0,"8",0,"8",5,"",320,"",3,"",0,"",21.7,"",.0,"8","U","",19.9,"",77,"",17.5,"",1003.3,"",1016.0,"",2,.6,"",.0,"8",0,"8","01","2","4","","0","","","3","","","2","","",0,"8",.0,"8",.0,"8","","8",0,"8","","",.0,"8",.0,"8",.0,"8",.0,"8",.0,"8",.0,"8",.0,"8",.0,"8",.0,"8",0,"8",0,"8",0,"8","","",0,"8",0,"8"
"352190360","P£OCK","2006","07","22","08","6","",0,"8",0,"8","","","",8,"",0,"8",0,"8",3,"",330,"",3,"",0,"",23.4,"",.0,"8","U","",18.9,"",66,"",16.7,"",1003.4,"",1016.0,"",3,.3,"",.0,"8",0,"8","03","1","1","","2","","","3","","","0","","",0,"8",.0,"8",.0,"8","","8",0,"8","","",.0,"8",.0,"8",.0,"8",.0,"8",.0,"8",.0,"8",.0,"8",.0,"8",.0,"8",0,"8",0,"8",0,"8","","",0,"8",0,"8"
"352190360","P£OCK","2006","07","22","09","6","",0,"8",0,"8","","","",8,"",0,"8",0,"8",3,"",330,"",3,"",0,"",25.4,"",.0,"8","U","",17.8,"",55,"",15.7,"",1003.3,"",1015.9,"",0,.2,"",.0,"8",0,"8","03","1","1","","2","","","5","","","0","","",0,"8",.0,"8",.0,"8","","8",0,"8","","",.0,"8",.0,"8",.0,"8",.0,"8",.0,"8",.0,"8",.0,"8",.0,"8",.0,"8",0,"8",0,"8",0,"8","","",0,"8",0,"8"
"352190360","P£OCK","2006","07","22","10","6","",0,"8",0,"8","","","",8,"",0,"8",0,"8",7,"",290,"",4,"",0,"",25.4,"",.0,"8","U","",18.4,"",57,"",16.3,"",1003.4,"",1016.0,"",2,.1,"",.0,"8",0,"8","03","1","2","","3","","","5","","","/","","",0,"8",.0,"8",.0,"8","","8",0,"8","","",.0,"8",.0,"8",.0,"8",.0,"8",.0,"8",.0,"8",.0,"8",.0,"8",.0,"8",0,"8",0,"8",0,"8","","",0,"8",0,"8"
"352190360","P£OCK","2006","07","22","11","6","",0,"8",0,"8","","","",8,"",0,"8",0,"8",4,"",290,"",4,"",0,"",26.4,"",.0,"8","U","",16.8,"",49,"",14.8,"",1003.4,"",1015.9,"",4,.0,"",.0,"8",0,"8","01","1","2","","2","","","3","","","0","","",0,"8",.0,"8",.0,"8","","8",0,"8","","",.0,"8",.0,"8",.0,"8",.0,"8",.0,"8",.0,"8",.0,"8",.0,"8",.0,"8",0,"8",0,"8",0,"8","","",0,"8",0,"8"
"352190360","P£OCK","2006","07","22","12","7","",0,"8",0,"8","","","",8,"",0,"8",0,"8",3,"",280,"",5,"",0,"",28.3,"",.0,"8","U","",14.2,"",37,"",12.2,"",1003.0,"",1015.4,"",8,-.3,"",.0,"9",0,"9","01","1","2","","2","","","0","","","2","","",0,"",.0,"8",.0,"8","","8",0,"8","","",.0,"8",.0,"8",.0,"8",.0,"8",.0,"8",.0,"8",.0,"8",.0,"8",.0,"8",0,"8",0,"8",0,"8","","",0,"8",0,"8"
"352190360","P£OCK","2006","07","22","13","7","",0,"8",0,"8","","","",8,"",0,"8",0,"8",3,"",280,"",5,"",0,"",29.6,"",.0,"8","U","",13.2,"",32,"",11.2,"",1002.5,"",1014.9,"",8,-.9,"",.0,"8",0,"8","03","0","3","","2","","","0","","","0","","",0,"8",.0,"8",.0,"8","","8",0,"8","","",.0,"8",.0,"8",.0,"8",.0,"8",.0,"8",.0,"8",.0,"8",.0,"8",.0,"8",0,"8",0,"8",0,"8","","",0,"8",0,"8"
"352190360","P£OCK","2006","07","22","14","7","",0,"8",0,"8","","","",8,"",0,"8",0,"8",3,"",270,"",4,"",0,"",29.0,"",.0,"8","U","",15.2,"",38,"",13.2,"",1002.3,"",1014.7,"",7,-1.1,"",.0,"8",0,"8","03","0","3","","2","","","0","","","0","","",0,"8",.0,"8",.0,"8","","8",0,"8","","",.0,"8",.0,"8",.0,"8",.0,"8",.0,"8",.0,"8",.0,"8",.0,"8",.0,"8",0,"8",0,"8",0,"8","","",0,"8",0,"8"
"352190360","P£OCK","2006","07","22","15","6","",0,"8",0,"8","","","",8,"",0,"8",0,"8",3,"",290,"",5,"",0,"",28.4,"",.0,"8","U","",15.4,"",40,"",13.5,"",1002.3,"",1014.7,"",6,-.7,"",.0,"8",0,"8","03","0","3","","3","","","0","","","0","","",0,"8",.0,"8",.0,"8","","8",0,"8","","",.0,"8",.0,"8",.0,"8",.0,"8",.0,"8",.0,"8",.0,"8",.0,"8",.0,"8",0,"8",0,"8",0,"8","","",0,"8",0,"8"
"352190360","P£OCK","2006","07","22","16","7","",0,"8",0,"8","","","",8,"",0,"8",0,"8",3,"",290,"",5,"",0,"",28.2,"",.0,"8","U","",16.4,"",43,"",14.4,"",1002.1,"",1014.5,"",7,-.4,"",.0,"8",0,"8","01","0","2","","2","","","0","","","1","","",0,"8",.0,"8",.0,"8","","8",0,"8","","",.0,"8",.0,"8",.0,"8",.0,"8",.0,"8",.0,"8",.0,"8",.0,"8",.0,"8",0,"8",0,"8",0,"8","","",0,"8",0,"8"
"352190360","P£OCK","2006","07","22","17","7","",0,"8",0,"8","","","",8,"",0,"8",0,"8",2,"",310,"",3,"",0,"",27.4,"",.0,"8","U","",17.1,"",47,"",15.1,"",1001.9,"",1014.4,"",8,-.4,"",.0,"8",0,"8","01","0","1","","2","","","0","","","1","","",0,"8",.0,"8",.0,"8","","8",0,"8","","",.0,"8",.0,"8",.0,"8",.0,"8",.0,"8",.0,"8",.0,"8",.0,"8",.0,"8",0,"8",0,"8",0,"8","","",0,"8",0,"8"
"352190360","P£OCK","2006","07","22","18","7","",0,"8",0,"8","","","",8,"",0,"8",0,"8",2,"",30,"",3,"",0,"",25.3,"",.0,"8","U","",18.3,"",57,"",16.2,"",1002.0,"",1014.6,"",5,-.3,"",.0,"9",0,"9","02","0","1","","2","","","0","","","1","","",0,"",.0,"8",.0,"8","","8",0,"8","","",.0,"8",.0,"8",.0,"8",.0,"8",.0,"8",.0,"8",.0,"8",.0,"8",.0,"8",0,"8",0,"8",0,"8","","",0,"8",0,"8"
"352190360","P£OCK","2006","07","22","19","9","",0,"8",0,"8","","","",7,"",0,"8",0,"8",2,"",20,"",2,"",0,"",22.7,"",.0,"8","U","",19.3,"",70,"",16.9,"",1002.5,"",1015.2,"",3,.4,"",.0,"8",0,"8","01","0","1","","0","","","3","","","1","","",0,"8",.0,"8",.0,"8","","8",0,"8","","",.0,"8",.0,"8",.0,"8",.0,"8",.0,"8",.0,"8",.0,"8",.0,"8",.0,"8",0,"8",0,"8",0,"8","","",0,"8",0,"8"
"352190360","P£OCK","2006","07","22","20","9","",0,"8",0,"8","","","",7,"",0,"8",0,"8",1,"",10,"",1,"",0,"",21.6,"",.0,"8","U","",19.0,"",74,"",16.8,"",1003.2,"",1015.9,"",3,1.3,"",.0,"8",0,"8","01","0","0","","0","","","0","","","1","","",0,"8",.0,"8",.0,"8","","8",0,"8","","",.0,"8",.0,"8",.0,"8",.0,"8",.0,"8",.0,"8",.0,"8",.0,"8",.0,"8",0,"8",0,"8",0,"8","","",0,"8",0,"8"
"352190360","P£OCK","2006","07","22","21","9","",0,"8",0,"8","","","",7,"",0,"8",0,"8",0,"",10,"",2,"",0,"",19.9,"",.0,"8","U","",17.9,"",77,"",15.7,"",1003.4,"",1016.2,"",2,1.4,"",.0,"8",0,"8","01","0","0","","0","","","0","","","0","","",0,"8",.0,"8",.0,"8","","8",0,"8","","",.0,"8",.0,"8",.0,"8",.0,"8",.0,"8",.0,"8",.0,"8",.0,"8",.0,"8",0,"8",0,"8",0,"8","","",0,"8",0,"8"
"352190360","P£OCK","2006","07","22","22","9","",0,"8",0,"8","","","",8,"",0,"8",0,"8",0,"",40,"",1,"",0,"",19.2,"",.0,"8","U","",16.6,"",75,"",14.7,"",1003.8,"",1016.6,"",2,1.3,"",.0,"8",0,"8","02","0","0","","0","","","0","","","0","","",0,"8",.0,"8",.0,"8","","8",0,"8","","",.0,"8",.0,"8",.0,"8",.0,"8",.0,"8",.0,"8",.0,"8",.0,"8",.0,"8",0,"8",0,"8",0,"8","","",0,"8",0,"8"
"352190360","P£OCK","2006","07","22","23","9","",0,"8",0,"8","","","",8,"",0,"8",0,"8",0,"",360,"",3,"",0,"",18.6,"",.0,"8","U","",16.7,"",78,"",14.7,"",1003.9,"",1016.8,"",2,.7,"",.0,"8",0,"8","02","0","0","","0","","","0","","","0","","",0,"8",.0,"8",.0,"8","","8",0,"8","","",.0,"8",.0,"8",.0,"8",.0,"8",.0,"8",.0,"8",.0,"8",.0,"8",.0,"8",0,"8",0,"8",0,"8","","",0,"8",0,"8"
"352190360","P£OCK","2006","07","23","00","9","",0,"8",0,"8","","","",8,"",0,"8",0,"8",0,"",0,"",0,"",0,"",17.3,"",.0,"8","U","",16.4,"",83,"",14.4,"",1004.1,"",1017.0,"",2,.7,"",.0,"9",0,"9","02","0","0","","0","","","0","","","0","","",0,"",.0,"8",.0,"8","","8",0,"8","","",.0,"8",.0,"8",.0,"8",.0,"8",.0,"8",.0,"8",.0,"8",.0,"8",.0,"8",0,"8",0,"8",0,"8","","",0,"8",0,"8"
"352190360","P£OCK","2006","07","23","01","9","",0,"8",0,"8","","","",7,"",0,"8",0,"8",0,"",330,"",1,"",0,"",16.2,"",.0,"8","U","",15.8,"",86,"",13.9,"",1004.0,"",1017.0,"",0,.2,"",.0,"8",0,"8","02","0","0","","0","","","0","","","0","","",0,"8",.0,"8",.0,"8","","8",0,"8","","",.0,"8",.0,"8",.0,"8",.0,"8",.0,"8",.0,"8",.0,"8",.0,"8",.0,"8",0,"8",0,"8",0,"8","","",0,"8",0,"8"
"352190360","P£OCK","2006","07","23","02","9","",0,"8",0,"8","","","",6,"",0,"8",0,"8",1,"",350,"",1,"",0,"",15.4,"",.0,"8","U","",15.2,"",87,"",13.2,"",1004.0,"",1017.0,"",1,.1,"",.0,"8",0,"8","10","0","0","","0","","","0","","","1","","",0,"8",.0,"8",.0,"8","","8",0,"8","","",.0,"8",.0,"8",.0,"8",.0,"8",.0,"8",.0,"8",.0,"8",.0,"8",.0,"8",0,"8",0,"8",0,"8","","",0,"8",0,"8"
"352190360","P£OCK","2006","07","23","03","9","",0,"8",0,"8","","","",6,"",0,"8",0,"8",1,"",0,"",0,"",0,"",14.6,"",.0,"8","U","",15.1,"",91,"",13.1,"",1004.3,"",1017.4,"",3,.2,"",.0,"8",0,"8","10","0","0","","0","","","0","","","1","","",0,"8",.0,"8",.0,"8","","8",0,"8","","",.0,"8",.0,"8",.0,"8",.0,"8",.0,"8",.0,"8",.0,"8",.0,"8",.0,"8",0,"8",0,"8",0,"8","","",0,"8",0,"8"
"352190360","P£OCK","2006","07","23","04","9","",0,"8",0,"8","","","",6,"",0,"8",0,"8",2,"",330,"",1,"",0,"",15.7,"",.0,"8","U","",16.7,"",94,"",14.7,"",1004.4,"",1017.4,"",3,.4,"",.0,"8",0,"8","10","0","0","","0","","","0","","","1","","",0,"8",.0,"8",.0,"8","","8",0,"8","","",.0,"8",.0,"8",.0,"8",.0,"8",.0,"8",.0,"8",.0,"8",.0,"8",.0,"8",0,"8",0,"8",0,"8","","",0,"8",0,"8"
"352190360","P£OCK","2006","07","23","05","9","",0,"8",0,"8","","","",7,"",0,"8",0,"8",4,"",360,"",2,"",0,"",18.5,"",.0,"8","U","",18.5,"",87,"",16.3,"",1004.5,"",1017.4,"",1,.5,"",.0,"8",0,"8","03","0","0","","0","","","0","","","6","","",0,"8",.0,"8",.0,"8","","8",0,"8","","",.0,"8",.0,"8",.0,"8",.0,"8",.0,"8",.0,"8",.0,"8",.0,"8",.0,"8",0,"8",0,"8",0,"8","","",0,"8",0,"8"
"352190360","P£OCK","2006","07","23","06","9","",0,"8",0,"8","","","",7,"",0,"8",0,"8",4,"",320,"",1,"",0,"",21.0,"",.0,"8","U","",18.9,"",76,"",16.6,"",1004.7,"",1017.5,"",2,.4,"",.0,"9",0,"9","02","0","0","","0","","","0","","","8","","",0,"",.0,"8",.0,"8","","8",0,"8","","",.0,"8",.0,"8",.0,"8",.0,"8",.0,"8",.0,"8",.0,"8",.0,"8",.0,"8",0,"8",0,"8",0,"8","","",0,"8",0,"8"
"352190360","P£OCK","2006","07","23","07","9","",0,"8",0,"8","","","",8,"",0,"8",0,"8",6,"",10,"",2,"",0,"",23.0,"",.0,"8","U","",17.1,"",61,"",15.1,"",1004.9,"",1017.6,"",2,.5,"",.0,"8",0,"8","03","1","0","","0","","","0","","","6","","",0,"8",.0,"8",.0,"8","","8",0,"8","","",.0,"8",.0,"8",.0,"8",.0,"8",.0,"8",.0,"8",.0,"8",.0,"8",.0,"8",0,"8",0,"8",0,"8","","",0,"8",0,"8"
"352190360","P£OCK","2006","07","23","08","6","",0,"8",0,"8","","","",8,"",0,"8",0,"8",7,"",360,"",2,"",0,"",24.3,"",.0,"8","U","",16.1,"",53,"",14.1,"",1005.0,"",1017.6,"",2,.5,"",.0,"8",0,"8","03","2","1","","2","","","0","","","6","","",0,"8",.0,"8",.0,"8","","8",0,"8","","",.0,"8",.0,"8",.0,"8",.0,"8",.0,"8",.0,"8",.0,"8",.0,"8",.0,"8",0,"8",0,"8",0,"8","","",0,"8",0,"8"
"352190360","P£OCK","2006","07","23","09","9","",0,"8",0,"8","","","",8,"",0,"8",0,"8",7,"",300,"",3,"",0,"",25.6,"",.0,"8","U","",15.7,"",48,"",13.8,"",1005.0,"",1017.6,"",1,.3,"",.0,"8",0,"8","01","1","0","","0","","","0","","","8","","",0,"8",.0,"8",.0,"8","","8",0,"8","","",.0,"8",.0,"8",.0,"8",.0,"8",.0,"8",.0,"8",.0,"8",.0,"8",.0,"8",0,"8",0,"8",0,"8","","",0,"8",0,"8"
"352190360","P£OCK","2006","07","23","10","9","",0,"8",0,"8","","","",8,"",0,"8",0,"8",7,"",300,"",3,"",0,"",26.7,"",.0,"8","U","",16.4,"",47,"",14.5,"",1004.8,"",1017.3,"",8,-.1,"",.0,"8",0,"8","02","2","0","","0","","","0","","","8","","",0,"8",.0,"8",.0,"8","","8",0,"8","","",.0,"8",.0,"8",.0,"8",.0,"8",.0,"8",.0,"8",.0,"8",.0,"8",.0,"8",0,"8",0,"8",0,"8","","",0,"8",0,"8"
"352190360","P£OCK","2006","07","23","11","7","",0,"8",0,"8","","","",8,"",0,"8",0,"8",6,"",320,"",3,"",0,"",27.3,"",.0,"8","U","",14.5,"",40,"",12.5,"",1004.7,"",1017.2,"",8,-.3,"",.0,"8",0,"8","03","2","1","","1","","","0","","","8","","",0,"8",.0,"8",.0,"8","","8",0,"8","","",.0,"8",.0,"8",.0,"8",.0,"8",.0,"8",.0,"8",.0,"8",.0,"8",.0,"8",0,"8",0,"8",0,"8","","",0,"8",0,"8"
"352190360","P£OCK","2006","07","23","12","7","",0,"8",0,"8","","","",8,"",0,"8",0,"8",6,"",310,"",3,"",0,"",28.9,"",.0,"8","U","",15.5,"",39,"",13.6,"",1004.5,"",1016.9,"",7,-.5,"",.0,"9",0,"9","03","1","1","","2","","","0","","","8","","",0,"",.0,"8",.0,"8","","8",0,"8","","",.0,"8",.0,"8",.0,"8",.0,"8",.0,"8",.0,"8",.0,"8",.0,"8",.0,"8",0,"8",0,"8",0,"8","","",0,"8",0,"8"
"352190360","P£OCK","2006","07","23","13","7","",0,"8",0,"8","","","",8,"",0,"8",0,"8",6,"",310,"",3,"",0,"",28.9,"",.0,"8","U","",14.3,"",36,"",12.3,"",1004.3,"",1016.7,"",7,-.5,"",.0,"8",0,"8","03","2","2","","2","","","0","","","8","","",0,"8",.0,"8",.0,"8","","8",0,"8","","",.0,"8",.0,"8",.0,"8",.0,"8",.0,"8",.0,"8",.0,"8",.0,"8",.0,"8",0,"8",0,"8",0,"8","","",0,"8",0,"8"
"352190360","P£OCK","2006","07","23","14","7","",0,"8",0,"8","","","",8,"",0,"8",0,"8",6,"",360,"",4,"",0,"",28.3,"",.0,"8","U","",15.0,"",39,"",13.0,"",1004.2,"",1016.7,"",7,-.5,"",.0,"8",0,"8","01","2","2","","2","","","0","","","2","","",0,"8",.0,"8",.0,"8","","8",0,"8","","",.0,"8",.0,"8",.0,"8",.0,"8",.0,"8",.0,"8",.0,"8",.0,"8",.0,"8",0,"8",0,"8",0,"8","","",0,"8",0,"8"
"352190360","P£OCK","2006","07","23","15","7","",0,"8",0,"8","","","",8,"",0,"8",0,"8",5,"",340,"",3,"",0,"",28.3,"",.0,"8","U","",15.0,"",39,"",13.0,"",1004.1,"",1016.6,"",7,-.4,"",.0,"8",0,"8","01","2","1","","2","","","0","","","2","","",0,"8",.0,"8",.0,"8","","8",0,"8","","",.0,"8",.0,"8",.0,"8",.0,"8",.0,"8",.0,"8",.0,"8",.0,"8",.0,"8",0,"8",0,"8",0,"8","","",0,"8",0,"8"
"352190360","P£OCK","2006","07","23","16","7","",0,"8",0,"8","","","",8,"",0,"8",0,"8",5,"",360,"",3,"",0,"",28.4,"",.0,"8","U","",14.3,"",37,"",12.3,"",1004.0,"",1016.4,"",7,-.3,"",.0,"8",0,"8","01","2","1","","2","","","0","","","2","","",0,"8",.0,"8",.0,"8","","8",0,"8","","",.0,"8",.0,"8",.0,"8",.0,"8",.0,"8",.0,"8",.0,"8",.0,"8",.0,"8",0,"8",0,"8",0,"8","","",0,"8",0,"8"
"352190360","P£OCK","2006","07","23","17","7","",0,"8",0,"8","","","",8,"",0,"8",0,"8",3,"",350,"",2,"",0,"",27.7,"",.0,"8","U","",14.1,"",38,"",12.1,"",1004.0,"",1016.5,"",6,-.2,"",.0,"8",0,"8","01","1","1","","4","","","0","","","1","","",0,"8",.0,"8",.0,"8","","8",0,"8","","",.0,"8",.0,"8",.0,"8",.0,"8",.0,"8",.0,"8",.0,"8",.0,"8",.0,"8",0,"8",0,"8",0,"8","","",0,"8",0,"8"
"352190360","P£OCK","2006","07","23","18","7","",0,"8",0,"8","","","",8,"",0,"8",0,"8",3,"",20,"",3,"",0,"",26.1,"",.0,"8","U","",16.5,"",49,"",14.5,"",1004.0,"",1016.5,"",6,-.1,"",.0,"9",0,"9","03","1","1","","4","","","4","","","1","","",0,"",.0,"8",.0,"8","","8",0,"8","","",.0,"8",.0,"8",.0,"8",.0,"8",.0,"8",.0,"8",.0,"8",.0,"8",.0,"8",0,"8",0,"8",0,"8","","",0,"8",0,"8"
"352190360","P£OCK","2006","07","23","19","9","",0,"8",0,"8","","","",8,"",0,"8",0,"8",2,"",70,"",1,"",0,"",22.0,"",.0,"8","U","",17.4,"",66,"",15.4,"",1004.3,"",1017.0,"",3,.3,"",.0,"8",0,"8","01","0","1","","0","","","4","","","1","","",0,"8",.0,"8",.0,"8","","8",0,"8","","",.0,"8",.0,"8",.0,"8",.0,"8",.0,"8",.0,"8",.0,"8",.0,"8",.0,"8",0,"8",0,"8",0,"8","","",0,"8",0,"8"
"352190360","P£OCK","2006","07","23","20","9","",0,"8",0,"8","","","",7,"",0,"8",0,"8",2,"",50,"",2,"",0,"",19.6,"",.0,"8","U","",17.1,"",75,"",15.0,"",1004.7,"",1017.5,"",3,.7,"",.0,"8",0,"8","02","0","1","","0","","","3","","","1","","",0,"8",.0,"8",.0,"8","","8",0,"8","","",.0,"8",.0,"8",.0,"8",.0,"8",.0,"8",.0,"8",.0,"8",.0,"8",.0,"8",0,"8",0,"8",0,"8","","",0,"8",0,"8"
"352190360","P£OCK","2006","07","23","21","9","",0,"8",0,"8","","","",7,"",0,"8",0,"8",1,"",40,"",2,"",0,"",18.6,"",.0,"8","U","",16.7,"",78,"",14.7,"",1004.8,"",1017.7,"",2,.8,"",.0,"8",0,"8","01","0","0","","0","","","0","","","1","","",0,"8",.0,"8",.0,"8","","8",0,"8","","",.0,"8",.0,"8",.0,"8",.0,"8",.0,"8",.0,"8",.0,"8",.0,"8",.0,"8",0,"8",0,"8",0,"8","","",0,"8",0,"8"
"352190360","P£OCK","2006","07","23","22","9","",0,"8",0,"8","","","",7,"",0,"8",0,"8",0,"",40,"",2,"",0,"",17.4,"",.0,"8","U","",16.1,"",81,"",14.1,"",1004.9,"",1017.8,"",1,.6,"",.0,"8",0,"8","01","0","0","","0","","","0","","","0","","",0,"8",.0,"8",.0,"8","","8",0,"8","","",.0,"8",.0,"8",.0,"8",.0,"8",.0,"8",.0,"8",.0,"8",.0,"8",.0,"8",0,"8",0,"8",0,"8","","",0,"8",0,"8"
"352190360","P£OCK","2006","07","23","23","9","",0,"8",0,"8","","","",7,"",0,"8",0,"8",0,"",40,"",2,"",0,"",17.0,"",.0,"8","U","",15.9,"",82,"",13.9,"",1005.0,"",1018.0,"",2,.3,"",.0,"8",0,"8","02","0","0","","0","","","0","","","0","","",0,"8",.0,"8",.0,"8","","8",0,"8","","",.0,"8",.0,"8",.0,"8",.0,"8",.0,"8",.0,"8",.0,"8",.0,"8",.0,"8",0,"8",0,"8",0,"8","","",0,"8",0,"8"
"352190360","P£OCK","2006","07","24","00","9","",0,"8",0,"8","","","",7,"",0,"8",0,"8",0,"",40,"",3,"",0,"",16.9,"",.0,"8","U","",16.1,"",84,"",14.2,"",1005.1,"",1018.1,"",2,.3,"",.0,"9",0,"9","02","0","0","","0","","","0","","","0","","",0,"",.0,"8",.0,"8","","8",0,"8","","",.0,"8",.0,"8",.0,"8",.0,"8",.0,"8",.0,"8",.0,"8",.0,"8",.0,"8",0,"8",0,"8",0,"8","","",0,"8",0,"8"
"352190360","P£OCK","2006","07","24","01","9","",0,"8",0,"8","","","",7,"",0,"8",0,"8",1,"",40,"",2,"",0,"",16.7,"",.0,"8","U","",15.9,"",84,"",14.0,"",1005.0,"",1018.0,"",0,.1,"",.0,"8",0,"8","03","0","1","","0","","","3","","","0","","",0,"8",.0,"8",.0,"8","","8",0,"8","","",.0,"8",.0,"8",.0,"8",.0,"8",.0,"8",.0,"8",.0,"8",.0,"8",.0,"8",0,"8",0,"8",0,"8","","",0,"8",0,"8"
"352190360","P£OCK","2006","07","24","02","9","",0,"8",0,"8","","","",7,"",0,"8",0,"8",3,"",0,"",0,"",0,"",15.9,"",.0,"8","U","",15.3,"",85,"",13.4,"",1004.8,"",1017.8,"",8,-.2,"",.0,"8",0,"8","03","0","3","","0","","","3","","","0","","",0,"8",.0,"8",.0,"8","","8",0,"8","","",.0,"8",.0,"8",.0,"8",.0,"8",.0,"8",.0,"8",.0,"8",.0,"8",.0,"8",0,"8",0,"8",0,"8","","",0,"8",0,"8"
"352190360","P£OCK","2006","07","24","03","9","",0,"8",0,"8","","","",7,"",0,"8",0,"8",3,"",0,"",0,"",0,"",15.4,"",.0,"8","U","",15.4,"",88,"",13.4,"",1005.1,"",1018.1,"",5,.0,"",.0,"8",0,"8","01","0","2","","0","","","3","","","9","","",0,"8",.0,"8",.0,"8","","8",0,"8","","",.0,"8",.0,"8",.0,"8",.0,"8",.0,"8",.0,"8",.0,"8",.0,"8",.0,"8",0,"8",0,"8",0,"8","","",0,"8",0,"8"
"352190360","P£OCK","2006","07","24","04","9","",0,"8",0,"8","","","",7,"",0,"8",0,"8",3,"",0,"",0,"",0,"",15.8,"",.0,"8","U","",15.8,"",88,"",13.8,"",1005.1,"",1018.1,"",1,.1,"",.0,"8",0,"8","03","0","3","","0","","","3","","","0","","",0,"8",.0,"8",.0,"8","","8",0,"8","","",.0,"8",.0,"8",.0,"8",.0,"8",.0,"8",.0,"8",.0,"8",.0,"8",.0,"8",0,"8",0,"8",0,"8","","",0,"8",0,"8"
"352190360","P£OCK","2006","07","24","05","9","",0,"8",0,"8","","","",7,"",0,"8",0,"8",3,"",0,"",0,"",0,"",21.2,"",.0,"8","U","",18.8,"",75,"",16.6,"",1005.0,"",1017.8,"",0,.2,"",.0,"8",0,"8","02","0","3","","0","","","3","","","0","","",0,"8",.0,"8",.0,"8","","8",0,"8","","",.0,"8",.0,"8",.0,"8",.0,"8",.0,"8",.0,"8",.0,"8",.0,"8",.0,"8",0,"8",0,"8",0,"8","","",0,"8",0,"8"
"352190360","P£OCK","2006","07","24","06","9","",0,"8",0,"8","","","",8,"",0,"8",0,"8",2,"",160,"",1,"",0,"",24.0,"",.0,"8","U","",18.2,"",61,"",16.0,"",1005.0,"",1017.6,"",6,-.1,"",.0,"9",0,"9","01","0","2","","0","","","3","","","0","","",0,"",.0,"8",.0,"8","","8",0,"8","","",.0,"8",.0,"8",.0,"8",.0,"8",.0,"8",.0,"8",.0,"8",.0,"8",.0,"8",0,"8",0,"8",0,"8","","",0,"8",0,"8"
"352190360","P£OCK","2006","07","24","07","9","",0,"8",0,"8","","","",8,"",0,"8",0,"8",2,"",220,"",2,"",0,"",26.7,"",.0,"8","U","",16.1,"",46,"",14.1,"",1004.9,"",1017.4,"",7,-.2,"",.0,"8",0,"8","02","0","2","","0","","","3","","","0","","",0,"8",.0,"8",.0,"8","","8",0,"8","","",.0,"8",.0,"8",.0,"8",.0,"8",.0,"8",.0,"8",.0,"8",.0,"8",.0,"8",0,"8",0,"8",0,"8","","",0,"8",0,"8"
"352190360","P£OCK","2006","07","24","08","9","",0,"8",0,"8","","","",8,"",0,"8",0,"8",3,"",210,"",1,"",0,"",27.9,"",.0,"8","U","",16.1,"",43,"",14.2,"",1005.1,"",1017.6,"",3,.1,"",.0,"8",0,"8","03","0","3","","0","","","3","","","0","","",0,"8",.0,"8",.0,"8","","8",0,"8","","",.0,"8",.0,"8",.0,"8",.0,"8",.0,"8",.0,"8",.0,"8",.0,"8",.0,"8",0,"8",0,"8",0,"8","","",0,"8",0,"8"
"352190360","P£OCK","2006","07","24","09","8","",0,"8",0,"8","","","",8,"",0,"8",0,"8",3,"",220,"",1,"",0,"",29.7,"",.0,"8","U","",15.0,"",36,"",13.0,"",1005.1,"",1017.5,"",1,.1,"",.0,"8",0,"8","03","0","1","","1","","","3","","","1","","",0,"8",.0,"8",.0,"8","","8",0,"8","","",.0,"8",.0,"8",.0,"8",.0,"8",.0,"8",.0,"8",.0,"8",.0,"8",.0,"8",0,"8",0,"8",0,"8","","",0,"8",0,"8"
"352190360","P£OCK","2006","07","24","10","8","",0,"8",0,"8","","","",8,"",0,"8",0,"8",3,"",140,"",3,"",0,"",30.6,"",.0,"8","U","",14.0,"",32,"",12.0,"",1004.8,"",1017.2,"",8,-.1,"",.0,"8",0,"8","02","0","1","","1","","","3","","","1","","",0,"8",.0,"8",.0,"8","","8",0,"8","","",.0,"8",.0,"8",.0,"8",.0,"8",.0,"8",.0,"8",.0,"8",.0,"8",.0,"8",0,"8",0,"8",0,"8","","",0,"8",0,"8"
"352190360","P£OCK","2006","07","24","11","8","",0,"8",0,"8","","","",8,"",0,"8",0,"8",4,"",20,"",1,"",0,"",30.6,"",.0,"8","U","",12.7,"",29,"",10.5,"",1004.6,"",1017.0,"",8,-.5,"",.0,"8",0,"8","03","0","1","","2","","","3","","","1","","",0,"8",.0,"8",.0,"8","","8",0,"8","","",.0,"8",.0,"8",.0,"8",.0,"8",.0,"8",.0,"8",.0,"8",.0,"8",.0,"8",0,"8",0,"8",0,"8","","",0,"8",0,"8"
"352190360","P£OCK","2006","07","24","12","8","",0,"8",0,"8","","","",8,"",0,"8",0,"8",7,"",70,"",1,"",0,"",29.9,"",.0,"8","U","",13.5,"",32,"",11.4,"",1004.3,"",1016.7,"",7,-.8,"",.0,"9",0,"9","03","1","2","","2","","","5","","","/","","",0,"",.0,"8",.0,"8","","8",0,"8","","",.0,"8",.0,"8",.0,"8",.0,"8",.0,"8",.0,"8",.0,"8",.0,"8",.0,"8",0,"8",0,"8",0,"8","","",0,"8",0,"8"
"352190360","P£OCK","2006","07","24","13","8","",0,"8",0,"8","","","",8,"",0,"8",0,"8",7,"",240,"",1,"",0,"",30.2,"",.0,"8","U","",13.7,"",32,"",11.7,"",1004.1,"",1016.5,"",7,-.7,"",.0,"8",0,"8","03","2","4","","2","","","3","","","/","","",0,"8",.0,"8",.0,"8","","8",0,"8","","",.0,"8",.0,"8",.0,"8",.0,"8",.0,"8",.0,"8",.0,"8",.0,"8",.0,"8",0,"8",0,"8",0,"8","","",0,"8",0,"8"
"352190360","P£OCK","2006","07","24","14","8","",0,"8",0,"8","","","",8,"",0,"8",0,"8",7,"",330,"",2,"",0,"",30.3,"",.0,"8","U","",14.2,"",33,"",12.2,"",1003.5,"",1015.9,"",7,-1.1,"",.0,"8",0,"8","01","2","2","","2","","","3","","","/","","",0,"8",.0,"8",.0,"8","","8",0,"8","","",.0,"8",.0,"8",.0,"8",.0,"8",.0,"8",.0,"8",.0,"8",.0,"8",.0,"8",0,"8",0,"8",0,"8","","",0,"8",0,"8"
"352190360","P£OCK","2006","07","24","15","6","",0,"8",0,"8","","","",8,"",0,"8",0,"8",6,"",320,"",3,"",0,"",31.5,"",.0,"8","U","",12.5,"",27,"",10.2,"",1003.2,"",1015.5,"",7,-1.1,"",.0,"8",0,"8","03","2","3","","3","","","3","","","0","","",0,"8",.0,"8",.0,"8","","8",0,"8","","",.0,"8",.0,"8",.0,"8",.0,"8",.0,"8",.0,"8",.0,"8",.0,"8",.0,"8",0,"8",0,"8",0,"8","","",0,"8",0,"8"
"352190360","P£OCK","2006","07","24","16","6","",0,"8",0,"8","","","",8,"",0,"8",0,"8",6,"",260,"",3,"",0,"",29.7,"",.0,"8","U","",14.1,"",34,"",12.2,"",1003.0,"",1015.4,"",6,-1.1,"",.0,"8",0,"8","02","2","3","","3","","","3","","","0","","",0,"8",.0,"8",.0,"8","","8",0,"8","","",.0,"8",.0,"8",.0,"8",.0,"8",.0,"8",.0,"8",.0,"8",.0,"8",.0,"8",0,"8",0,"8",0,"8","","",0,"8",0,"8"
"352190360","P£OCK","2006","07","24","17","9","",0,"8",0,"8","","","",8,"",0,"8",0,"8",6,"",240,"",2,"",0,"",28.6,"",.0,"8","U","",14.4,"",37,"",12.5,"",1003.1,"",1015.5,"",5,-.4,"",.0,"8",0,"8","01","2","6","","0","","","3","","","0","","",0,"8",.0,"8",.0,"8","","8",0,"8","","",.0,"8",.0,"8",.0,"8",.0,"8",.0,"8",.0,"8",.0,"8",.0,"8",.0,"8",0,"8",0,"8",0,"8","","",0,"8",0,"8"
"352190360","P£OCK","2006","07","24","18","6","",0,"8",0,"8","","","",8,"",0,"8",0,"8",4,"",240,"",2,"",0,"",28.0,"",.0,"8","U","",14.3,"",38,"",12.4,"",1002.8,"",1015.2,"",7,-.4,"",.0,"9",0,"9","03","1","2","","9","","","3","","","0","","",0,"",.0,"8",.0,"8","","8",0,"8","","",.0,"8",.0,"8",.0,"8",.0,"8",.0,"8",.0,"8",.0,"8",.0,"8",.0,"8",0,"8",0,"8",0,"8","","",0,"8",0,"8"
"352190360","P£OCK","2006","07","24","19","6","",0,"8",0,"8","","","",8,"",0,"8",0,"8",7,"",80,"",1,"",0,"",25.4,"",.0,"8","U","",15.9,"",49,"",13.9,"",1003.1,"",1015.7,"",2,.1,"",.0,"8",0,"8","01","1","5","","5","","","3","","","1","","",0,"8",.0,"8",.0,"8","","8",0,"8","","",.0,"8",.0,"8",.0,"8",.0,"8",.0,"8",.0,"8",.0,"8",.0,"8",.0,"8",0,"8",0,"8",0,"8","","",0,"8",0,"8"
"352190360","P£OCK","2006","07","24","20","6","",0,"8",0,"8","","","",8,"",0,"8",0,"8",7,"",330,"",3,"",0,"",25.5,"",.0,"8","U","",16.9,"",52,"",14.9,"",1003.6,"",1016.2,"",3,.5,"",.0,"8",0,"8","25","2","7","","9","","","/","","","/","","",0,"8",.0,"8",.0,"8","","8",0,"8","","",.0,"8",.0,"8",.0,"8",.0,"8",.0,"8",.0,"8",.0,"8",.0,"8",.0,"8",0,"8",0,"8",0,"8","","",0,"8",0,"8"
"352190360","P£OCK","2006","07","24","21","7","",0,"8",0,"8","","","",8,"",0,"8",0,"8",7,"",320,"",2,"",0,"",23.9,"",.0,"8","U","",17.5,"",59,"",15.4,"",1004.0,"",1016.6,"",2,1.2,"",.0,"8",0,"8","01","8","1","","5","","","3","","","/","","",0,"8",.0,"8",.0,"8","","8",0,"8","","",.0,"8",.0,"8",.0,"8",.0,"8",.0,"8",.0,"8",.0,"8",.0,"8",.0,"8",0,"8",0,"8",0,"8","","",0,"8",0,"8"
"352190360","P£OCK","2006","07","24","22","9","",0,"8",0,"8","","","",8,"",0,"8",0,"8",7,"",300,"",3,"",0,"",22.9,"",.0,"8","U","",18.1,"",65,"",16.0,"",1004.5,"",1017.2,"",2,1.4,"",.0,"8",0,"8","01","2","7","","0","","","3","","","/","","",0,"8",.0,"8",.0,"8","","8",0,"8","","",.0,"8",.0,"8",.0,"8",.0,"8",.0,"8",.0,"8",.0,"8",.0,"8",.0,"8",0,"8",0,"8",0,"8","","",0,"8",0,"8"
"352190360","P£OCK","2006","07","24","23","9","",0,"8",0,"8","","","",7,"",0,"8",0,"8",7,"",310,"",2,"",0,"",22.0,"",.0,"8","U","",18.7,"",71,"",16.5,"",1004.6,"",1017.3,"",1,1.0,"",.0,"8",0,"8","02","2","7","","0","","","3","","","/","","",0,"8",.0,"8",.0,"8","","8",0,"8","","",.0,"8",.0,"8",.0,"8",.0,"8",.0,"8",.0,"8",.0,"8",.0,"8",.0,"8",0,"8",0,"8",0,"8","","",0,"8",0,"8"
"352190360","P£OCK","2006","07","25","00","9","",0,"8",0,"8","","","",7,"",0,"8",0,"8",1,"",300,"",3,"",0,"",20.7,"",.0,"8","U","",18.5,"",76,"",16.3,"",1004.7,"",1017.5,"",1,.7,"",.0,"",6,"","01","8","1","","0","","","3","","","0","","",0,"",.0,"8",.0,"8","","8",0,"8","","",.0,"8",.0,"8",.0,"8",.0,"8",.0,"8",.0,"8",.0,"8",.0,"8",.0,"8",0,"8",0,"8",0,"8","","",0,"8",0,"8"
"352190360","P£OCK","2006","07","25","01","9","",0,"8",0,"8","","","",7,"",0,"8",0,"8",0,"",300,"",2,"",0,"",19.2,"",.0,"8","U","",18.0,"",81,"",15.9,"",1004.7,"",1017.5,"",1,.2,"",.0,"8",0,"8","01","0","0","","0","","","0","","","0","","",0,"8",.0,"8",.0,"8","","8",0,"8","","",.0,"8",.0,"8",.0,"8",.0,"8",.0,"8",.0,"8",.0,"8",.0,"8",.0,"8",0,"8",0,"8",0,"8","","",0,"8",0,"8"
"352190360","P£OCK","2006","07","25","02","9","",0,"8",0,"8","","","",6,"",0,"8",0,"8",0,"",310,"",1,"",0,"",18.1,"",.0,"8","U","",17.8,"",86,"",15.7,"",1004.7,"",1017.6,"",1,.1,"",.0,"8",0,"8","10","0","0","","0","","","0","","","0","","",0,"8",.0,"8",.0,"8","","8",0,"8","","",.0,"8",.0,"8",.0,"8",.0,"8",.0,"8",.0,"8",.0,"8",.0,"8",.0,"8",0,"8",0,"8",0,"8","","",0,"8",0,"8"
"352190360","P£OCK","2006","07","25","03","9","",0,"8",0,"8","","","",5,"",0,"8",0,"8",1,"",320,"",1,"",0,"",17.5,"",.0,"8","U","",18.0,"",90,"",15.8,"",1004.9,"",1017.8,"",3,.2,"",.0,"8",0,"8","10","0","1","","0","","","3","","","0","","",0,"8",.0,"8",.0,"8","","8",0,"8","","",.0,"8",.0,"8",.0,"8",.0,"8",.0,"8",.0,"8",.0,"8",.0,"8",.0,"8",0,"8",0,"8",0,"8","","",0,"8",0,"8"
"352190360","P£OCK","2006","07","25","04","9","",0,"8",0,"8","","","",5,"",0,"8",0,"8",1,"",310,"",1,"",0,"",17.5,"",.0,"8","U","",18.4,"",92,"",16.2,"",1005.4,"",1018.3,"",3,.7,"",.0,"8",0,"8","10","0","1","","0","","","3","","","0","","",0,"8",.0,"8",.0,"8","","8",0,"8","","",.0,"8",.0,"8",.0,"8",.0,"8",.0,"8",.0,"8",.0,"8",.0,"8",.0,"8",0,"8",0,"8",0,"8","","",0,"8",0,"8"
"352190360","P£OCK","2006","07","25","05","9","",0,"8",0,"8","","","",6,"",0,"8",0,"8",0,"",310,"",2,"",0,"",19.1,"",.0,"8","U","",19.4,"",88,"",17.1,"",1005.5,"",1018.4,"",2,.8,"",.0,"8",0,"8","10","0","0","","0","","","0","","","0","","",0,"8",.0,"8",.0,"8","","8",0,"8","","",.0,"8",.0,"8",.0,"8",.0,"8",.0,"8",.0,"8",.0,"8",.0,"8",.0,"8",0,"8",0,"8",0,"8","","",0,"8",0,"8"
"352190360","P£OCK","2006","07","25","06","9","",0,"8",0,"8","","","",7,"",0,"8",0,"8",0,"",280,"",3,"",0,"",21.4,"",.0,"8","U","",19.6,"",77,"",17.2,"",1005.5,"",1018.3,"",1,.6,"",.0,"9",0,"9","02","0","0","","0","","","0","","","0","","",0,"",.0,"8",.0,"8","","8",0,"8","","",.0,"8",.0,"8",.0,"8",.0,"8",.0,"8",.0,"8",.0,"8",.0,"8",.0,"8",0,"8",0,"8",0,"8","","",0,"8",0,"8"
"352190360","P£OCK","2006","07","25","07","5","",0,"8",0,"8","","","",7,"",0,"8",0,"8",1,"",310,"",3,"",0,"",23.2,"",.0,"8","U","",18.4,"",65,"",16.3,"",1005.6,"",1018.3,"",2,.2,"",.0,"8",0,"8","03","0","1","","1","","","0","","","0","","",0,"8",.0,"8",.0,"8","","8",0,"8","","",.0,"8",.0,"8",.0,"8",.0,"8",.0,"8",.0,"8",.0,"8",.0,"8",.0,"8",0,"8",0,"8",0,"8","","",0,"8",0,"8"
"352190360","P£OCK","2006","07","25","08","6","",0,"8",0,"8","","","",8,"",0,"8",0,"8",3,"",310,"",3,"",0,"",24.8,"",.0,"8","U","",17.5,"",56,"",15.4,"",1005.4,"",1018.0,"",8,-.1,"",.0,"8",0,"8","03","0","3","","2","","","0","","","0","","",0,"8",.0,"8",.0,"8","","8",0,"8","","",.0,"8",.0,"8",.0,"8",.0,"8",.0,"8",.0,"8",.0,"8",.0,"8",.0,"8",0,"8",0,"8",0,"8","","",0,"8",0,"8"
"352190360","P£OCK","2006","07","25","09","6","",0,"8",0,"8","","","",8,"",0,"8",0,"8",3,"",280,"",4,"",0,"",25.8,"",.0,"8","U","",17.2,"",52,"",15.2,"",1005.4,"",1018.0,"",6,-.1,"",.0,"8",0,"8","01","0","3","","2","","","0","","","0","","",0,"8",.0,"8",.0,"8","","8",0,"8","","",.0,"8",.0,"8",.0,"8",.0,"8",.0,"8",.0,"8",.0,"8",.0,"8",.0,"8",0,"8",0,"8",0,"8","","",0,"8",0,"8"
"352190360","P£OCK","2006","07","25","10","7","",0,"8",0,"8","","","",8,"",0,"8",0,"8",3,"",300,"",4,"",0,"",26.6,"",.0,"8","U","",15.3,"",44,"",13.3,"",1005.4,"",1017.9,"",6,-.2,"",.0,"8",0,"8","02","0","3","","2","","","0","","","0","","",0,"8",.0,"8",.0,"8","","8",0,"8","","",.0,"8",.0,"8",.0,"8",.0,"8",.0,"8",.0,"8",.0,"8",.0,"8",.0,"8",0,"8",0,"8",0,"8","","",0,"8",0,"8"
"352190360","P£OCK","2006","07","25","11","8","",0,"8",0,"8","","","",8,"",0,"8",0,"8",4,"",320,"",4,"",0,"",27.9,"",.0,"8","U","",14.6,"",39,"",12.7,"",1005.3,"",1017.8,"",8,-.1,"",.0,"8",0,"8","03","0","4","","2","","","0","","","0","","",0,"8",.0,"8",.0,"8","","8",0,"8","","",.0,"8",.0,"8",.0,"8",.0,"8",.0,"8",.0,"8",.0,"8",.0,"8",.0,"8",0,"8",0,"8",0,"8","","",0,"8",0,"8"
"352190360","P£OCK","2006","07","25","12","7","",0,"8",0,"8","","","",8,"",0,"8",0,"8",3,"",350,"",4,"",0,"",27.8,"",.0,"8","U","",14.2,"",38,"",12.2,"",1005.1,"",1017.6,"",8,-.3,"",.0,"9",0,"9","01","0","3","","2","","","0","","","0","","",0,"",.0,"8",.0,"8","","8",0,"8","","",.0,"8",.0,"8",.0,"8",.0,"8",.0,"8",.0,"8",.0,"8",.0,"8",.0,"8",0,"8",0,"8",0,"8","","",0,"8",0,"8"
"352190360","P£OCK","2006","07","25","13","7","",0,"8",0,"8","","","",8,"",0,"8",0,"8",1,"",350,"",4,"",0,"",28.6,"",.0,"8","U","",12.1,"",31,"",9.8,"",1004.8,"",1017.2,"",8,-.6,"",.0,"8",0,"8","01","0","1","","2","","","0","","","0","","",0,"8",.0,"8",.0,"8","","8",0,"8","","",.0,"8",.0,"8",.0,"8",.0,"8",.0,"8",.0,"8",.0,"8",.0,"8",.0,"8",0,"8",0,"8",0,"8","","",0,"8",0,"8"
"352190360","P£OCK","2006","07","25","14","8","",0,"8",0,"8","","","",8,"",0,"8",0,"8",2,"",320,"",4,"",0,"",29.4,"",.0,"8","U","",13.9,"",34,"",11.9,"",1004.5,"",1016.9,"",7,-.8,"",.0,"8",0,"8","03","0","2","","2","","","0","","","0","","",0,"8",.0,"8",.0,"8","","8",0,"8","","",.0,"8",.0,"8",.0,"8",.0,"8",.0,"8",.0,"8",.0,"8",.0,"8",.0,"8",0,"8",0,"8",0,"8","","",0,"8",0,"8"
"352190360","P£OCK","2006","07","25","15","8","",0,"8",0,"8","","","",8,"",0,"8",0,"8",2,"",310,"",3,"",0,"",29.2,"",.0,"8","U","",13.7,"",34,"",11.7,"",1004.1,"",1016.5,"",7,-1.0,"",.0,"8",0,"8","03","0","2","","2","","","0","","","0","","",0,"8",.0,"8",.0,"8","","8",0,"8","","",.0,"8",.0,"8",.0,"8",.0,"8",.0,"8",.0,"8",.0,"8",.0,"8",.0,"8",0,"8",0,"8",0,"8","","",0,"8",0,"8"
"352190360","P£OCK","2006","07","25","16","8","",0,"8",0,"8","","","",8,"",0,"8",0,"8",2,"",310,"",3,"",0,"",29.2,"",.0,"8","U","",13.7,"",34,"",11.7,"",1003.9,"",1016.3,"",7,-.9,"",.0,"8",0,"8","02","0","2","","2","","","0","","","0","","",0,"8",.0,"8",.0,"8","","8",0,"8","","",.0,"8",.0,"8",.0,"8",.0,"8",.0,"8",.0,"8",.0,"8",.0,"8",.0,"8",0,"8",0,"8",0,"8","","",0,"8",0,"8"
"352190360","P£OCK","2006","07","25","17","8","",0,"8",0,"8","","","",8,"",0,"8",0,"8",2,"",350,"",3,"",0,"",28.4,"",.0,"8","U","",14.3,"",37,"",12.3,"",1004.1,"",1016.5,"",5,-.4,"",.0,"8",0,"8","01","0","1","","2","","","6","","","0","","",0,"8",.0,"8",.0,"8","","8",0,"8","","",.0,"8",.0,"8",.0,"8",.0,"8",.0,"8",.0,"8",.0,"8",.0,"8",.0,"8",0,"8",0,"8",0,"8","","",0,"8",0,"8"
"352190360","P£OCK","2006","07","25","18","8","",0,"8",0,"8","","","",8,"",0,"8",0,"8",1,"",20,"",3,"",0,"",26.9,"",.0,"8","U","",14.9,"",42,"",12.9,"",1004.3,"",1016.8,"",3,.2,"",.0,"9",0,"9","01","0","1","","4","","","0","","","0","","",0,"",.0,"8",.0,"8","","8",0,"8","","",.0,"8",.0,"8",.0,"8",.0,"8",.0,"8",.0,"8",.0,"8",.0,"8",.0,"8",0,"8",0,"8",0,"8","","",0,"8",0,"8"
"352190360","P£OCK","2006","07","25","19","8","",0,"8",0,"8","","","",8,"",0,"8",0,"8",1,"",30,"",2,"",0,"",23.5,"",.0,"8","U","",15.0,"",52,"",13.1,"",1004.8,"",1017.5,"",3,.9,"",.0,"8",0,"8","02","0","1","","5","","","0","","","0","","",0,"8",.0,"8",.0,"8","","8",0,"8","","",.0,"8",.0,"8",.0,"8",.0,"8",.0,"8",.0,"8",.0,"8",.0,"8",.0,"8",0,"8",0,"8",0,"8","","",0,"8",0,"8"
"352190360","P£OCK","2006","07","25","20","9","",0,"8",0,"8","","","",8,"",0,"8",0,"8",1,"",30,"",3,"",0,"",22.1,"",.0,"8","U","",15.1,"",57,"",13.2,"",1005.3,"",1018.0,"",3,1.2,"",.0,"8",0,"8","01","0","1","","0","","","3","","","0","","",0,"8",.0,"8",.0,"8","","8",0,"8","","",.0,"8",.0,"8",.0,"8",.0,"8",.0,"8",.0,"8",.0,"8",.0,"8",.0,"8",0,"8",0,"8",0,"8","","",0,"8",0,"8"
"352190360","P£OCK","2006","07","25","21","9","",0,"8",0,"8","","","",8,"",0,"8",0,"8",0,"",40,"",2,"",0,"",20.4,"",.0,"8","U","",15.1,"",63,"",13.1,"",1005.6,"",1018.4,"",1,1.3,"",.0,"8",0,"8","01","0","0","","0","","","0","","","0","","",0,"8",.0,"8",.0,"8","","8",0,"8","","",.0,"8",.0,"8",.0,"8",.0,"8",.0,"8",.0,"8",.0,"8",.0,"8",.0,"8",0,"8",0,"8",0,"8","","",0,"8",0,"8"
"352190360","P£OCK","2006","07","25","22","9","",0,"8",0,"8","","","",8,"",0,"8",0,"8",0,"",20,"",2,"",0,"",19.0,"",.0,"8","U","",15.1,"",69,"",13.2,"",1006.1,"",1019.0,"",2,1.3,"",.0,"8",0,"8","02","0","0","","0","","","0","","","0","","",0,"8",.0,"8",.0,"8","","8",0,"8","","",.0,"8",.0,"8",.0,"8",.0,"8",.0,"8",.0,"8",.0,"8",.0,"8",.0,"8",0,"8",0,"8",0,"8","","",0,"8",0,"8"
"352190360","P£OCK","2006","07","25","23","9","",0,"8",0,"8","","","",8,"",0,"8",0,"8",0,"",40,"",3,"",0,"",18.9,"",.0,"8","U","",15.2,"",70,"",13.3,"",1006.1,"",1019.0,"",1,.8,"",.0,"8",0,"8","02","0","0","","0","","","0","","","0","","",0,"8",.0,"8",.0,"8","","8",0,"8","","",.0,"8",.0,"8",.0,"8",.0,"8",.0,"8",.0,"8",.0,"8",.0,"8",.0,"8",0,"8",0,"8",0,"8","","",0,"8",0,"8"
"352190360","P£OCK","2006","07","26","00","9","",0,"8",0,"8","","","",8,"",0,"8",0,"8",0,"",20,"",2,"",0,"",17.6,"",.0,"8","U","",15.1,"",75,"",13.1,"",1006.1,"",1019.0,"",1,.5,"",.0,"9",0,"9","02","0","0","","0","","","0","","","0","","",0,"",.0,"8",.0,"8","","8",0,"8","","",.0,"8",.0,"8",.0,"8",.0,"8",.0,"8",.0,"8",.0,"8",.0,"8",.0,"8",0,"8",0,"8",0,"8","","",0,"8",0,"8"
"352190360","P£OCK","2006","07","26","01","9","",0,"8",0,"8","","","",7,"",0,"8",0,"8",0,"",20,"",3,"",0,"",16.3,"",.0,"8","U","",14.8,"",80,"",12.8,"",1006.0,"",1019.0,"",8,-.1,"",.0,"8",0,"8","02","0","0","","0","","","0","","","0","","",0,"8",.0,"8",.0,"8","","8",0,"8","","",.0,"8",.0,"8",.0,"8",.0,"8",.0,"8",.0,"8",.0,"8",.0,"8",.0,"8",0,"8",0,"8",0,"8","","",0,"8",0,"8"
"352190360","P£OCK","2006","07","26","02","9","",0,"8",0,"8","","","",7,"",0,"8",0,"8",0,"",50,"",3,"",0,"",16.5,"",.0,"8","U","",15.7,"",84,"",13.8,"",1005.9,"",1018.9,"",8,-.2,"",.0,"8",0,"8","02","0","0","","0","","","0","","","0","","",0,"8",.0,"8",.0,"8","","8",0,"8","","",.0,"8",.0,"8",.0,"8",.0,"8",.0,"8",.0,"8",.0,"8",.0,"8",.0,"8",0,"8",0,"8",0,"8","","",0,"8",0,"8"
"352190360","P£OCK","2006","07","26","03","9","",0,"8",0,"8","","","",7,"",0,"8",0,"8",1,"",50,"",2,"",0,"",16.2,"",.0,"8","U","",15.6,"",85,"",13.7,"",1005.9,"",1018.9,"",6,-.2,"",.0,"8",0,"8","03","0","0","","0","","","0","","","1","","",0,"8",.0,"8",.0,"8","","8",0,"8","","",.0,"8",.0,"8",.0,"8",.0,"8",.0,"8",.0,"8",.0,"8",.0,"8",.0,"8",0,"8",0,"8",0,"8","","",0,"8",0,"8"
"352190360","P£OCK","2006","07","26","04","9","",0,"8",0,"8","","","",7,"",0,"8",0,"8",1,"",0,"",0,"",0,"",16.2,"",.0,"8","U","",15.6,"",85,"",13.7,"",1006.0,"",1019.0,"",5,.0,"",.0,"8",0,"8","02","0","0","","0","","","0","","","1","","",0,"8",.0,"8",.0,"8","","8",0,"8","","",.0,"8",.0,"8",.0,"8",.0,"8",.0,"8",.0,"8",.0,"8",.0,"8",.0,"8",0,"8",0,"8",0,"8","","",0,"8",0,"8"
"352190360","P£OCK","2006","07","26","05","7","",0,"8",0,"8","","","",7,"",0,"8",0,"8",3,"",120,"",1,"",0,"",20.2,"",.0,"8","U","",18.2,"",77,"",16.0,"",1006.1,"",1018.9,"",3,.2,"",.0,"8",0,"8","03","0","2","","5","","","0","","","1","","",0,"8",.0,"8",.0,"8","","8",0,"8","","",.0,"8",.0,"8",.0,"8",.0,"8",.0,"8",.0,"8",.0,"8",.0,"8",.0,"8",0,"8",0,"8",0,"8","","",0,"8",0,"8"
"352190360","P£OCK","2006","07","26","06","6","",0,"8",0,"8","","","",8,"",0,"8",0,"8",3,"",120,"",2,"",0,"",22.2,"",.0,"8","U","",17.4,"",65,"",15.3,"",1006.1,"",1018.8,"",1,.2,"",.0,"9",0,"9","03","0","2","","1","","","0","","","1","","",0,"",.0,"8",.0,"8","","8",0,"8","","",.0,"8",.0,"8",.0,"8",.0,"8",.0,"8",.0,"8",.0,"8",.0,"8",.0,"8",0,"8",0,"8",0,"8","","",0,"8",0,"8"
"352190360","P£OCK","2006","07","26","07","6","",0,"8",0,"8","","","",8,"",0,"8",0,"8",6,"",120,"",2,"",0,"",24.4,"",.0,"8","U","",16.8,"",55,"",14.8,"",1006.0,"",1018.6,"",0,.0,"",.0,"8",0,"8","03","1","2","","2","","","3","","","6","","",0,"8",.0,"8",.0,"8","","8",0,"8","","",.0,"8",.0,"8",.0,"8",.0,"8",.0,"8",.0,"8",.0,"8",.0,"8",.0,"8",0,"8",0,"8",0,"8","","",0,"8",0,"8"
"352190360","P£OCK","2006","07","26","08","6","",0,"8",0,"8","","","",8,"",0,"8",0,"8",6,"",230,"",2,"",0,"",25.7,"",.0,"8","U","",15.5,"",47,"",13.5,"",1005.9,"",1018.5,"",8,-.2,"",.0,"8",0,"8","01","2","1","","2","","","3","","","8","","",0,"8",.0,"8",.0,"8","","8",0,"8","","",.0,"8",.0,"8",.0,"8",.0,"8",.0,"8",.0,"8",.0,"8",.0,"8",.0,"8",0,"8",0,"8",0,"8","","",0,"8",0,"8"
"352190360","P£OCK","2006","07","26","09","7","",0,"8",0,"8","","","",8,"",0,"8",0,"8",6,"",150,"",1,"",0,"",28.0,"",.0,"8","U","",14.7,"",39,"",12.8,"",1005.8,"",1018.3,"",7,-.3,"",.0,"8",0,"8","02","1","1","","2","","","8","","","8","","",0,"8",.0,"8",.0,"8","","8",0,"8","","",.0,"8",.0,"8",.0,"8",.0,"8",.0,"8",.0,"8",.0,"8",.0,"8",.0,"8",0,"8",0,"8",0,"8","","",0,"8",0,"8"
"352190360","P£OCK","2006","07","26","10","7","",0,"8",0,"8","","","",8,"",0,"8",0,"8",5,"",290,"",2,"",0,"",27.3,"",.0,"8","U","",15.6,"",43,"",13.6,"",1005.7,"",1018.2,"",7,-.3,"",.0,"8",0,"8","03","2","2","","2","","","0","","","8","","",0,"8",.0,"8",.0,"8","","8",0,"8","","",.0,"8",.0,"8",.0,"8",.0,"8",.0,"8",.0,"8",.0,"8",.0,"8",.0,"8",0,"8",0,"8",0,"8","","",0,"8",0,"8"
"352190360","P£OCK","2006","07","26","11","7","",0,"8",0,"8","","","",8,"",0,"8",0,"8",4,"",300,"",2,"",0,"",28.2,"",.0,"8","U","",13.7,"",36,"",11.7,"",1005.4,"",1017.9,"",8,-.5,"",.0,"8",0,"8","01","1","2","","2","","","0","","","2","","",0,"8",.0,"8",.0,"8","","8",0,"8","","",.0,"8",.0,"8",.0,"8",.0,"8",.0,"8",.0,"8",.0,"8",.0,"8",.0,"8",0,"8",0,"8",0,"8","","",0,"8",0,"8"
"352190360","P£OCK","2006","07","26","12","7","",0,"8",0,"8","","","",8,"",0,"8",0,"8",4,"",260,"",3,"",0,"",30.6,"",.0,"8","U","",13.1,"",30,"",11.0,"",1004.8,"",1017.2,"",8,-1.0,"",.0,"9",0,"9","03","1","3","","2","","","0","","","2","","",0,"",.0,"8",.0,"8","","8",0,"8","","",.0,"8",.0,"8",.0,"8",.0,"8",.0,"8",.0,"8",.0,"8",.0,"8",.0,"8",0,"8",0,"8",0,"8","","",0,"8",0,"8"
"352190360","P£OCK","2006","07","26","13","8","",0,"8",0,"8","","","",8,"",0,"8",0,"8",4,"",220,"",2,"",0,"",30.7,"",.0,"8","U","",12.8,"",29,"",10.6,"",1004.4,"",1016.8,"",7,-1.3,"",.0,"8",0,"8","03","0","3","","2","","","3","","","0","","",0,"8",.0,"8",.0,"8","","8",0,"8","","",.0,"8",.0,"8",.0,"8",.0,"8",.0,"8",.0,"8",.0,"8",.0,"8",.0,"8",0,"8",0,"8",0,"8","","",0,"8",0,"8"
"352190360","P£OCK","2006","07","26","14","8","",0,"8",0,"8","","","",8,"",0,"8",0,"8",3,"",280,"",3,"",0,"",30.7,"",.0,"8","U","",12.3,"",28,"",10.1,"",1003.7,"",1016.0,"",7,-1.7,"",.0,"8",0,"8","01","0","2","","2","","","3","","","0","","",0,"8",.0,"8",.0,"8","","8",0,"8","","",.0,"8",.0,"8",.0,"8",.0,"8",.0,"8",.0,"8",.0,"8",.0,"8",.0,"8",0,"8",0,"8",0,"8","","",0,"8",0,"8"
"352190360","P£OCK","2006","07","26","15","8","",0,"8",0,"8","","","",8,"",0,"8",0,"8",3,"",270,"",3,"",0,"",31.5,"",.0,"8","U","",12.5,"",27,"",10.2,"",1003.2,"",1015.5,"",7,-1.6,"",.0,"8",0,"8","01","0","2","","2","","","3","","","0","","",0,"8",.0,"8",.0,"8","","8",0,"8","","",.0,"8",.0,"8",.0,"8",.0,"8",.0,"8",.0,"8",.0,"8",.0,"8",.0,"8",0,"8",0,"8",0,"8","","",0,"8",0,"8"
"352190360","P£OCK","2006","07","26","16","7","",0,"8",0,"8","","","",8,"",0,"8",0,"8",3,"",230,"",2,"",0,"",31.2,"",.0,"8","U","",11.8,"",26,"",9.4,"",1002.7,"",1015.0,"",6,-1.7,"",.0,"8",0,"8","02","0","2","","2","","","3","","","0","","",0,"8",.0,"8",.0,"8","","8",0,"8","","",.0,"8",.0,"8",.0,"8",.0,"8",.0,"8",.0,"8",.0,"8",.0,"8",.0,"8",0,"8",0,"8",0,"8","","",0,"8",0,"8"
"352190360","P£OCK","2006","07","26","17","7","",0,"8",0,"8","","","",8,"",0,"8",0,"8",1,"",300,"",3,"",0,"",30.3,"",.0,"8","U","",11.6,"",27,"",9.2,"",1002.6,"",1014.9,"",6,-1.1,"",.0,"8",0,"8","01","0","1","","2","","","0","","","0","","",0,"8",.0,"8",.0,"8","","8",0,"8","","",.0,"8",.0,"8",.0,"8",.0,"8",.0,"8",.0,"8",.0,"8",.0,"8",.0,"8",0,"8",0,"8",0,"8","","",0,"8",0,"8"
"352190360","P£OCK","2006","07","26","18","7","",0,"8",0,"8","","","",8,"",0,"8",0,"8",2,"",20,"",2,"",0,"",28.0,"",.0,"8","U","",13.2,"",35,"",11.1,"",1002.7,"",1015.1,"",5,-.5,"",.0,"9",0,"9","01","0","1","","4","","","0","","","1","","",0,"",.0,"8",.0,"8","","8",0,"8","","",.0,"8",.0,"8",.0,"8",.0,"8",.0,"8",.0,"8",.0,"8",.0,"8",.0,"8",0,"8",0,"8",0,"8","","",0,"8",0,"8"
"352190360","P£OCK","2006","07","26","19","9","",0,"8",0,"8","","","",7,"",0,"8",0,"8",1,"",20,"",1,"",0,"",24.5,"",.0,"8","U","",14.7,"",48,"",12.8,"",1003.2,"",1015.8,"",3,.5,"",.0,"8",0,"8","01","0","1","","0","","","3","","","0","","",0,"8",.0,"8",.0,"8","","8",0,"8","","",.0,"8",.0,"8",.0,"8",.0,"8",.0,"8",.0,"8",.0,"8",.0,"8",.0,"8",0,"8",0,"8",0,"8","","",0,"8",0,"8"
"352190360","P£OCK","2006","07","26","20","9","",0,"8",0,"8","","","",7,"",0,"8",0,"8",0,"",20,"",4,"",0,"",23.7,"",.0,"8","U","",14.9,"",51,"",13.0,"",1003.7,"",1016.3,"",3,1.1,"",.0,"8",0,"8","01","0","0","","0","","","0","","","0","","",0,"8",.0,"8",.0,"8","","8",0,"8","","",.0,"8",.0,"8",.0,"8",.0,"8",.0,"8",.0,"8",.0,"8",.0,"8",.0,"8",0,"8",0,"8",0,"8","","",0,"8",0,"8"
"352190360","P£OCK","2006","07","26","21","9","",0,"8",0,"8","","","",8,"",0,"8",0,"8",0,"",30,"",3,"",0,"",21.5,"",.0,"8","U","",13.8,"",54,"",11.8,"",1004.0,"",1016.7,"",1,1.3,"",.0,"8",0,"8","02","0","0","","0","","","0","","","0","","",0,"8",.0,"8",.0,"8","","8",0,"8","","",.0,"8",.0,"8",.0,"8",.0,"8",.0,"8",.0,"8",.0,"8",.0,"8",.0,"8",0,"8",0,"8",0,"8","","",0,"8",0,"8"
"352190360","P£OCK","2006","07","26","22","9","",0,"8",0,"8","","","",8,"",0,"8",0,"8",0,"",40,"",3,"",0,"",20.7,"",.0,"8","U","",13.9,"",57,"",11.9,"",1004.1,"",1016.9,"",1,.9,"",.0,"8",0,"8","02","0","0","","0","","","0","","","0","","",0,"8",.0,"8",.0,"8","","8",0,"8","","",.0,"8",.0,"8",.0,"8",.0,"8",.0,"8",.0,"8",.0,"8",.0,"8",.0,"8",0,"8",0,"8",0,"8","","",0,"8",0,"8"
"352190360","P£OCK","2006","07","26","23","9","",0,"8",0,"8","","","",8,"",0,"8",0,"8",0,"",20,"",3,"",0,"",19.3,"",.0,"8","U","",13.4,"",60,"",11.3,"",1004.4,"",1017.2,"",2,.7,"",.0,"8",0,"8","02","0","0","","0","","","0","","","0","","",0,"8",.0,"8",.0,"8","","8",0,"8","","",.0,"8",.0,"8",.0,"8",.0,"8",.0,"8",.0,"8",.0,"8",.0,"8",.0,"8",0,"8",0,"8",0,"8","","",0,"8",0,"8"
"352190360","P£OCK","2006","07","27","00","9","",0,"8",0,"8","","","",8,"",0,"8",0,"8",0,"",20,"",3,"",0,"",18.2,"",.0,"8","U","",13.1,"",63,"",11.0,"",1004.4,"",1017.3,"",1,.4,"",.0,"9",0,"9","02","0","0","","0","","","0","","","0","","",0,"",.0,"8",.0,"8","","8",0,"8","","",.0,"8",.0,"8",.0,"8",.0,"8",.0,"8",.0,"8",.0,"8",.0,"8",.0,"8",0,"8",0,"8",0,"8","","",0,"8",0,"8"
"352190360","P£OCK","2006","07","27","01","9","",0,"8",0,"8","","","",8,"",0,"8",0,"8",0,"",20,"",3,"",0,"",17.2,"",.0,"8","U","",13.1,"",67,"",11.0,"",1004.3,"",1017.2,"",0,.2,"",.0,"8",0,"8","02","0","0","","0","","","0","","","0","","",0,"8",.0,"8",.0,"8","","8",0,"8","","",.0,"8",.0,"8",.0,"8",.0,"8",.0,"8",.0,"8",.0,"8",.0,"8",.0,"8",0,"8",0,"8",0,"8","","",0,"8",0,"8"
"352190360","P£OCK","2006","07","27","02","9","",0,"8",0,"8","","","",8,"",0,"8",0,"8",0,"",20,"",4,"",0,"",16.6,"",.0,"8","U","",13.0,"",69,"",10.9,"",1004.2,"",1017.2,"",8,-.2,"",.0,"8",0,"8","02","0","0","","0","","","0","","","0","","",0,"8",.0,"8",.0,"8","","8",0,"8","","",.0,"8",.0,"8",.0,"8",.0,"8",.0,"8",.0,"8",.0,"8",.0,"8",.0,"8",0,"8",0,"8",0,"8","","",0,"8",0,"8"
"352190360","P£OCK","2006","07","27","03","9","",0,"8",0,"8","","","",8,"",0,"8",0,"8",0,"",20,"",4,"",0,"",16.1,"",.0,"8","U","",13.3,"",73,"",11.3,"",1004.4,"",1017.4,"",5,.0,"",.0,"8",0,"8","02","0","0","","0","","","0","","","0","","",0,"8",.0,"8",.0,"8","","8",0,"8","","",.0,"8",.0,"8",.0,"8",.0,"8",.0,"8",.0,"8",.0,"8",.0,"8",.0,"8",0,"8",0,"8",0,"8","","",0,"8",0,"8"
"352190360","P£OCK","2006","07","27","04","9","",0,"8",0,"8","","","",8,"",0,"8",0,"8",0,"",20,"",3,"",0,"",16.3,"",.0,"8","U","",14.1,"",76,"",12.1,"",1004.6,"",1017.6,"",3,.3,"",.0,"8",0,"8","02","0","0","","0","","","0","","","0","","",0,"8",.0,"8",.0,"8","","8",0,"8","","",.0,"8",.0,"8",.0,"8",.0,"8",.0,"8",.0,"8",.0,"8",.0,"8",.0,"8",0,"8",0,"8",0,"8","","",0,"8",0,"8"
"352190360","P£OCK","2006","07","27","05","9","",0,"8",0,"8","","","",8,"",0,"8",0,"8",0,"",30,"",3,"",0,"",18.8,"",.0,"8","U","",14.7,"",68,"",12.8,"",1004.8,"",1017.7,"",2,.6,"",.0,"8",0,"8","02","0","0","","0","","","0","","","0","","",0,"8",.0,"8",.0,"8","","8",0,"8","","",.0,"8",.0,"8",.0,"8",.0,"8",.0,"8",.0,"8",.0,"8",.0,"8",.0,"8",0,"8",0,"8",0,"8","","",0,"8",0,"8"
"352190360","P£OCK","2006","07","27","06","9","",0,"8",0,"8","","","",8,"",0,"8",0,"8",0,"",40,"",3,"",0,"",21.3,"",.0,"8","U","",15.2,"",60,"",13.2,"",1005.0,"",1017.8,"",2,.6,"",.0,"9",0,"9","02","0","0","","0","","","0","","","0","","",0,"",.0,"8",.0,"8","","8",0,"8","","",.0,"8",.0,"8",.0,"8",.0,"8",.0,"8",.0,"8",.0,"8",.0,"8",.0,"8",0,"8",0,"8",0,"8","","",0,"8",0,"8"
"352190360","P£OCK","2006","07","27","07","9","",0,"8",0,"8","","","",8,"",0,"8",0,"8",0,"",30,"",3,"",0,"",24.2,"",.0,"8","U","",14.5,"",48,"",12.5,"",1005.0,"",1017.6,"",1,.4,"",.0,"8",0,"8","02","0","0","","0","","","0","","","0","","",0,"8",.0,"8",.0,"8","","8",0,"8","","",.0,"8",.0,"8",.0,"8",.0,"8",.0,"8",.0,"8",.0,"8",.0,"8",.0,"8",0,"8",0,"8",0,"8","","",0,"8",0,"8"
"352190360","P£OCK","2006","07","27","08","9","",0,"8",0,"8","","","",8,"",0,"8",0,"8",0,"",30,"",5,"",0,"",25.6,"",.0,"8","U","",14.1,"",43,"",12.1,"",1005.3,"",1017.9,"",2,.5,"",.0,"8",0,"8","02","0","0","","0","","","0","","","0","","",0,"8",.0,"8",.0,"8","","8",0,"8","","",.0,"8",.0,"8",.0,"8",.0,"8",.0,"8",.0,"8",.0,"8",.0,"8",.0,"8",0,"8",0,"8",0,"8","","",0,"8",0,"8"
"352190360","P£OCK","2006","07","27","09","9","",0,"8",0,"8","","","",8,"",0,"8",0,"8",0,"",20,"",5,"",0,"",26.9,"",.0,"8","U","",11.3,"",32,"",8.8,"",1005.3,"",1017.8,"",1,.3,"",.0,"8",0,"8","02","0","0","","0","","","0","","","0","","",0,"8",.0,"8",.0,"8","","8",0,"8","","",.0,"8",.0,"8",.0,"8",.0,"8",.0,"8",.0,"8",.0,"8",.0,"8",.0,"8",0,"8",0,"8",0,"8","","",0,"8",0,"8"
"352190360","P£OCK","2006","07","27","10","9","",0,"8",0,"8","","","",8,"",0,"8",0,"8",0,"",20,"",4,"",0,"",28.1,"",.0,"8","U","",10.6,"",28,"",7.9,"",1005.0,"",1017.5,"",0,.0,"",.0,"8",0,"8","02","0","0","","0","","","0","","","0","","",0,"8",.0,"8",.0,"8","","8",0,"8","","",.0,"8",.0,"8",.0,"8",.0,"8",.0,"8",.0,"8",.0,"8",.0,"8",.0,"8",0,"8",0,"8",0,"8","","",0,"8",0,"8"
"352190360","P£OCK","2006","07","27","11","9","",0,"8",0,"8","","","",8,"",0,"8",0,"8",0,"",360,"",4,"",0,"",28.7,"",.0,"8","U","",10.2,"",26,"",7.3,"",1005.0,"",1017.4,"",6,-.3,"",.0,"8",0,"8","02","0","0","","0","","","0","","","0","","",0,"8",.0,"8",.0,"8","","8",0,"8","","",.0,"8",.0,"8",.0,"8",.0,"8",.0,"8",.0,"8",.0,"8",.0,"8",.0,"8",0,"8",0,"8",0,"8","","",0,"8",0,"8"
"352190360","P£OCK","2006","07","27","12","7","",0,"8",0,"8","","","",8,"",0,"8",0,"8",1,"",20,"",3,"",0,"",29.2,"",.0,"8","U","",10.5,"",26,"",7.7,"",1004.7,"",1017.1,"",7,-.6,"",.0,"9",0,"9","03","0","1","","1","","","0","","","0","","",0,"",.0,"8",.0,"8","","8",0,"8","","",.0,"8",.0,"8",.0,"8",.0,"8",.0,"8",.0,"8",.0,"8",.0,"8",.0,"8",0,"8",0,"8",0,"8","","",0,"8",0,"8"
"352190360","P£OCK","2006","07","27","13","9","",0,"8",0,"8","","","",8,"",0,"8",0,"8",1,"",30,"",3,"",0,"",29.5,"",.0,"8","U","",10.7,"",26,"",8.0,"",1004.5,"",1016.9,"",8,-.5,"",.0,"8",0,"8","01","0","0","","0","","","0","","","1","","",0,"8",.0,"8",.0,"8","","8",0,"8","","",.0,"8",.0,"8",.0,"8",.0,"8",.0,"8",.0,"8",.0,"8",.0,"8",.0,"8",0,"8",0,"8",0,"8","","",0,"8",0,"8"
"352190360","P£OCK","2006","07","27","14","8","",0,"8",0,"8","","","",8,"",0,"8",0,"8",1,"",10,"",5,"",0,"",29.8,"",.0,"8","U","",10.0,"",24,"",7.1,"",1004.0,"",1016.4,"",7,-1.0,"",.0,"8",0,"8","03","0","1","","1","","","0","","","1","","",0,"8",.0,"8",.0,"8","","8",0,"8","","",.0,"8",.0,"8",.0,"8",.0,"8",.0,"8",.0,"8",.0,"8",.0,"8",.0,"8",0,"8",0,"8",0,"8","","",0,"8",0,"8"
"352190360","P£OCK","2006","07","27","15","8","",0,"8",0,"8","","","",8,"",0,"8",0,"8",1,"",20,"",5,"",0,"",29.1,"",.0,"8","U","",10.5,"",26,"",7.6,"",1003.6,"",1016.0,"",7,-1.1,"",.0,"8",0,"8","02","0","1","","1","","","0","","","1","","",0,"8",.0,"8",.0,"8","","8",0,"8","","",.0,"8",.0,"8",.0,"8",.0,"8",.0,"8",.0,"8",.0,"8",.0,"8",.0,"8",0,"8",0,"8",0,"8","","",0,"8",0,"8"
"352190360","P£OCK","2006","07","27","16","9","",0,"8",0,"8","","","",8,"",0,"8",0,"8",0,"",10,"",5,"",0,"",28.8,"",.0,"8","U","",10.3,"",26,"",7.4,"",1003.3,"",1015.7,"",6,-1.2,"",.0,"8",0,"8","01","0","0","","0","","","0","","","0","","",0,"8",.0,"8",.0,"8","","8",0,"8","","",.0,"8",.0,"8",.0,"8",.0,"8",.0,"8",.0,"8",.0,"8",.0,"8",.0,"8",0,"8",0,"8",0,"8","","",0,"8",0,"8"
"352190360","P£OCK","2006","07","27","17","9","",0,"8",0,"8","","","",8,"",0,"8",0,"8",1,"",20,"",5,"",0,"",27.8,"",.0,"8","U","",10.8,"",29,"",8.1,"",1003.2,"",1015.7,"",6,-.8,"",.0,"8",0,"8","03","0","0","","0","","","0","","","1","","",0,"8",.0,"8",.0,"8","","8",0,"8","","",.0,"8",.0,"8",.0,"8",.0,"8",.0,"8",.0,"8",.0,"8",.0,"8",.0,"8",0,"8",0,"8",0,"8","","",0,"8",0,"8"
"352190360","P£OCK","2006","07","27","18","9","",0,"8",0,"8","","","",8,"",0,"8",0,"8",1,"",20,"",5,"",0,"",25.8,"",.0,"8","U","",12.3,"",37,"",10.0,"",1003.4,"",1015.9,"",5,-.2,"",.0,"9",0,"9","02","0","0","","0","","","0","","","1","","",0,"",.0,"8",.0,"8","","8",0,"8","","",.0,"8",.0,"8",.0,"8",.0,"8",.0,"8",.0,"8",.0,"8",.0,"8",.0,"8",0,"8",0,"8",0,"8","","",0,"8",0,"8"
"352190360","P£OCK","2006","07","27","19","9","",0,"8",0,"8","","","",8,"",0,"8",0,"8",0,"",10,"",4,"",0,"",23.3,"",.0,"8","U","",12.6,"",44,"",10.4,"",1003.8,"",1016.5,"",3,.5,"",.0,"8",0,"8","01","0","0","","0","","","0","","","0","","",0,"8",.0,"8",.0,"8","","8",0,"8","","",.0,"8",.0,"8",.0,"8",.0,"8",.0,"8",.0,"8",.0,"8",.0,"8",.0,"8",0,"8",0,"8",0,"8","","",0,"8",0,"8"
"352190360","P£OCK","2006","07","27","20","9","",0,"8",0,"8","","","",8,"",0,"8",0,"8",1,"",360,"",3,"",0,"",21.2,"",.0,"8","U","",13.1,"",52,"",10.9,"",1004.2,"",1017.0,"",3,1.0,"",.0,"8",0,"8","03","0","1","","0","","","3","","","0","","",0,"8",.0,"8",.0,"8","","8",0,"8","","",.0,"8",.0,"8",.0,"8",.0,"8",.0,"8",.0,"8",.0,"8",.0,"8",.0,"8",0,"8",0,"8",0,"8","","",0,"8",0,"8"
"352190360","P£OCK","2006","07","27","21","9","",0,"8",0,"8","","","",8,"",0,"8",0,"8",1,"",10,"",3,"",0,"",19.7,"",.0,"8","U","",13.1,"",57,"",10.9,"",1004.2,"",1017.0,"",1,.8,"",.0,"8",0,"8","01","0","0","","0","","","0","","","2","","",0,"8",.0,"8",.0,"8","","8",0,"8","","",.0,"8",.0,"8",.0,"8",.0,"8",.0,"8",.0,"8",.0,"8",.0,"8",.0,"8",0,"8",0,"8",0,"8","","",0,"8",0,"8"
"352190360","P£OCK","2006","07","27","22","9","",0,"8",0,"8","","","",8,"",0,"8",0,"8",0,"",10,"",3,"",0,"",17.7,"",.0,"8","U","",12.7,"",63,"",10.6,"",1004.6,"",1017.5,"",2,.8,"",.0,"8",0,"8","01","0","0","","0","","","0","","","0","","",0,"8",.0,"8",.0,"8","","8",0,"8","","",.0,"8",.0,"8",.0,"8",.0,"8",.0,"8",.0,"8",.0,"8",.0,"8",.0,"8",0,"8",0,"8",0,"8","","",0,"8",0,"8"
"352190360","P£OCK","2006","07","27","23","9","",0,"8",0,"8","","","",8,"",0,"8",0,"8",0,"",360,"",2,"",0,"",16.4,"",.0,"8","U","",12.8,"",69,"",10.7,"",1004.9,"",1017.9,"",3,.7,"",.0,"8",0,"8","02","0","0","","0","","","0","","","0","","",0,"8",.0,"8",.0,"8","","8",0,"8","","",.0,"8",.0,"8",.0,"8",.0,"8",.0,"8",.0,"8",.0,"8",.0,"8",.0,"8",0,"8",0,"8",0,"8","","",0,"8",0,"8"
"352190360","P£OCK","2006","07","28","00","9","",0,"8",0,"8","","","",8,"",0,"8",0,"8",0,"",10,"",3,"",0,"",15.0,"",.0,"8","U","",12.4,"",73,"",10.2,"",1004.9,"",1017.9,"",1,.7,"",.0,"9",0,"9","02","0","0","","0","","","0","","","0","","",0,"",.0,"8",.0,"8","","8",0,"8","","",.0,"8",.0,"8",.0,"8",.0,"8",.0,"8",.0,"8",.0,"8",.0,"8",.0,"8",0,"8",0,"8",0,"8","","",0,"8",0,"8"
"352190360","P£OCK","2006","07","28","01","9","",0,"8",0,"8","","","",9,"",0,"8",0,"8",0,"",20,"",3,"",0,"",14.3,"",.0,"8","U","",11.9,"",73,"",9.5,"",1004.6,"",1017.7,"",0,.0,"",.0,"8",0,"8","02","0","0","","0","","","0","","","0","","",0,"8",.0,"8",.0,"8","","8",0,"8","","",.0,"8",.0,"8",.0,"8",.0,"8",.0,"8",.0,"8",.0,"8",.0,"8",.0,"8",0,"8",0,"8",0,"8","","",0,"8",0,"8"
"352190360","P£OCK","2006","07","28","02","9","",0,"8",0,"8","","","",9,"",0,"8",0,"8",0,"",40,"",3,"",0,"",14.2,"",.0,"8","U","",11.6,"",72,"",9.2,"",1004.2,"",1017.3,"",8,-.7,"",.0,"8",0,"8","02","0","0","","0","","","0","","","0","","",0,"8",.0,"8",.0,"8","","8",0,"8","","",.0,"8",.0,"8",.0,"8",.0,"8",.0,"8",.0,"8",.0,"8",.0,"8",.0,"8",0,"8",0,"8",0,"8","","",0,"8",0,"8"
"352190360","P£OCK","2006","07","28","03","9","",0,"8",0,"8","","","",9,"",0,"8",0,"8",0,"",50,"",3,"",0,"",13.8,"",.0,"8","U","",11.3,"",72,"",8.8,"",1003.8,"",1016.9,"",7,-1.1,"",.0,"8",0,"8","02","0","0","","0","","","0","","","0","","",0,"8",.0,"8",.0,"8","","8",0,"8","","",.0,"8",.0,"8",.0,"8",.0,"8",.0,"8",.0,"8",.0,"8",.0,"8",.0,"8",0,"8",0,"8",0,"8","","",0,"8",0,"8"
"352190360","P£OCK","2006","07","28","04","9","",0,"8",0,"8","","","",9,"",0,"8",0,"8",0,"",70,"",2,"",0,"",14.6,"",.0,"8","U","",11.4,"",69,"",9.0,"",1003.6,"",1016.6,"",6,-1.0,"",.0,"8",0,"8","02","0","0","","0","","","0","","","0","","",0,"8",.0,"8",.0,"8","","8",0,"8","","",.0,"8",.0,"8",.0,"8",.0,"8",.0,"8",.0,"8",.0,"8",.0,"8",.0,"8",0,"8",0,"8",0,"8","","",0,"8",0,"8"
"352190360","P£OCK","2006","07","28","05","9","",0,"8",0,"8","","","",8,"",0,"8",0,"8",1,"",90,"",3,"",0,"",17.2,"",.0,"8","U","",11.0,"",56,"",8.3,"",1003.9,"",1016.8,"",5,-.3,"",.0,"8",0,"8","03","0","0","","0","","","0","","","1","","",0,"8",.0,"8",.0,"8","","8",0,"8","","",.0,"8",.0,"8",.0,"8",.0,"8",.0,"8",.0,"8",.0,"8",.0,"8",.0,"8",0,"8",0,"8",0,"8","","",0,"8",0,"8"
"352190360","P£OCK","2006","07","28","06","9","",0,"8",0,"8","","","",8,"",0,"8",0,"8",1,"",100,"",3,"",0,"",20.4,"",.0,"8","U","",9.3,"",39,"",6.0,"",1004.0,"",1016.8,"",3,.2,"",.0,"9",0,"9","02","0","0","","0","","","0","","","1","","",0,"",.0,"8",.0,"8","","8",0,"8","","",.0,"8",.0,"8",.0,"8",.0,"8",.0,"8",.0,"8",.0,"8",.0,"8",.0,"8",0,"8",0,"8",0,"8","","",0,"8",0,"8"
"352190360","P£OCK","2006","07","28","07","9","",0,"8",0,"8","","","",8,"",0,"8",0,"8",2,"",110,"",4,"",0,"",21.8,"",.0,"8","U","",8.6,"",33,"",4.8,"",1004.2,"",1016.9,"",2,.6,"",.0,"8",0,"8","03","0","0","","0","","","0","","","1","","",0,"8",.0,"8",.0,"8","","8",0,"8","","",.0,"8",.0,"8",.0,"8",.0,"8",.0,"8",.0,"8",.0,"8",.0,"8",.0,"8",0,"8",0,"8",0,"8","","",0,"8",0,"8"
"352190360","P£OCK","2006","07","28","08","9","",0,"8",0,"8","","","",8,"",0,"8",0,"8",3,"",100,"",4,"",0,"",23.6,"",.0,"8","U","",9.0,"",31,"",5.5,"",1003.5,"",1016.1,"",8,-.4,"",.0,"8",0,"8","03","0","0","","0","","","0","","","4","","",0,"8",.0,"8",.0,"8","","8",0,"8","","",.0,"8",.0,"8",.0,"8",.0,"8",.0,"8",.0,"8",.0,"8",.0,"8",.0,"8",0,"8",0,"8",0,"8","","",0,"8",0,"8"
"352190360","P£OCK","2006","07","28","09","9","",0,"8",0,"8","","","",8,"",0,"8",0,"8",5,"",80,"",3,"",0,"",25.3,"",.0,"8","U","",9.0,"",28,"",5.5,"",1003.3,"",1015.9,"",8,-.7,"",.0,"8",0,"8","03","1","0","","0","","","0","","","6","","",0,"8",.0,"8",.0,"8","","8",0,"8","","",.0,"8",.0,"8",.0,"8",.0,"8",.0,"8",.0,"8",.0,"8",.0,"8",.0,"8",0,"8",0,"8",0,"8","","",0,"8",0,"8"
"352190360","P£OCK","2006","07","28","10","9","",0,"8",0,"8","","","",8,"",0,"8",0,"8",6,"",90,"",3,"",0,"",25.8,"",.0,"8","U","",8.3,"",25,"",4.3,"",1002.7,"",1015.2,"",7,-1.5,"",.0,"8",0,"8","03","2","0","","0","","","0","","","6","","",0,"8",.0,"8",.0,"8","","8",0,"8","","",.0,"8",.0,"8",.0,"8",.0,"8",.0,"8",.0,"8",.0,"8",.0,"8",.0,"8",0,"8",0,"8",0,"8","","",0,"8",0,"8"
"352190360","P£OCK","2006","07","28","11","9","",0,"8",0,"8","","","",8,"",0,"8",0,"8",7,"",80,"",3,"",0,"",27.2,"",.0,"8","U","",7.9,"",22,"",3.6,"",1001.9,"",1014.4,"",8,-1.6,"",.0,"8",0,"8","03","2","0","","0","","","0","","","6","","",0,"8",.0,"8",.0,"8","","8",0,"8","","",.0,"8",.0,"8",.0,"8",.0,"8",.0,"8",.0,"8",.0,"8",.0,"8",.0,"8",0,"8",0,"8",0,"8","","",0,"8",0,"8"
"352190360","P£OCK","2006","07","28","12","9","",0,"8",0,"8","","","",8,"",0,"8",0,"8",7,"",90,"",3,"",0,"",27.7,"",.0,"8","U","",7.0,"",19,"",2.0,"",1001.6,"",1014.0,"",7,-1.7,"",.0,"9",0,"9","02","1","0","","0","","","0","","","8","","",0,"",.0,"8",.0,"8","","8",0,"8","","",.0,"8",.0,"8",.0,"8",.0,"8",.0,"8",.0,"8",.0,"8",.0,"8",.0,"8",0,"8",0,"8",0,"8","","",0,"8",0,"8"
"352190360","P£OCK","2006","07","28","13","9","",0,"8",0,"8","","","",8,"",0,"8",0,"8",7,"",100,"",3,"",0,"",28.3,"",.0,"8","U","",6.9,"",18,"",1.7,"",1000.4,"",1012.8,"",7,-2.3,"",.0,"8",0,"8","02","2","0","","0","","","0","","","8","","",0,"8",.0,"8",.0,"8","","8",0,"8","","",.0,"8",.0,"8",.0,"8",.0,"8",.0,"8",.0,"8",.0,"8",.0,"8",.0,"8",0,"8",0,"8",0,"8","","",0,"8",0,"8"
"352190360","P£OCK","2006","07","28","14","9","",0,"8",0,"8","","","",8,"",0,"8",0,"8",7,"",100,"",4,"",0,"",29.1,"",.0,"8","U","",6.4,"",16,"",.7,"",999.7,"",1012.1,"",7,-2.2,"",.0,"8",0,"8","02","2","0","","0","","","0","","","8","","",0,"8",.0,"8",.0,"8","","8",0,"8","","",.0,"8",.0,"8",.0,"8",.0,"8",.0,"8",.0,"8",.0,"8",.0,"8",.0,"8",0,"8",0,"8",0,"8","","",0,"8",0,"8"
"352190360","P£OCK","2006","07","28","15","9","",0,"8",0,"8","","","",8,"",0,"8",0,"8",6,"",100,"",3,"",0,"",29.0,"",.0,"8","U","",5.6,"",14,"",-1.2,"",999.4,"",1011.8,"",6,-2.2,"",.0,"8",0,"8","01","2","0","","0","","","0","","","8","","",0,"8",.0,"8",.0,"8","","8",0,"8","","",.0,"8",.0,"8",.0,"8",.0,"8",.0,"8",.0,"8",.0,"8",.0,"8",.0,"8",0,"8",0,"8",0,"8","","",0,"8",0,"8"
"352190360","P£OCK","2006","07","28","16","9","",0,"8",0,"8","","","",8,"",0,"8",0,"8",4,"",100,"",2,"",0,"",28.8,"",.0,"8","U","",5.5,"",14,"",-1.4,"",998.9,"",1011.3,"",7,-1.5,"",.0,"8",0,"8","01","1","0","","0","","","0","","","2","","",0,"8",.0,"8",.0,"8","","8",0,"8","","",.0,"8",.0,"8",.0,"8",.0,"8",.0,"8",.0,"8",.0,"8",.0,"8",.0,"8",0,"8",0,"8",0,"8","","",0,"8",0,"8"
"352190360","P£OCK","2006","07","28","17","9","",0,"8",0,"8","","","",8,"",0,"8",0,"8",4,"",100,"",3,"",0,"",27.9,"",.0,"8","U","",6.4,"",17,"",.6,"",998.4,"",1010.8,"",8,-1.3,"",.0,"8",0,"8","02","0","0","","0","","","0","","","2","","",0,"8",.0,"8",.0,"8","","8",0,"8","","",.0,"8",.0,"8",.0,"8",.0,"8",.0,"8",.0,"8",.0,"8",.0,"8",.0,"8",0,"8",0,"8",0,"8","","",0,"8",0,"8"
"352190360","P£OCK","2006","07","28","18","9","",0,"8",0,"8","","","",8,"",0,"8",0,"8",6,"",80,"",2,"",0,"",24.8,"",.0,"8","U","",7.2,"",23,"",2.2,"",998.1,"",1010.6,"",6,-1.3,"",.0,"9",0,"9","03","1","0","","0","","","0","","","6","","",0,"",.0,"8",.0,"8","","8",0,"8","","",.0,"8",.0,"8",.0,"8",.0,"8",.0,"8",.0,"8",.0,"8",.0,"8",.0,"8",0,"8",0,"8",0,"8","","",0,"8",0,"8"
"352190360","P£OCK","2006","07","28","19","9","",0,"8",0,"8","","","",7,"",0,"8",0,"8",7,"",60,"",2,"",0,"",20.3,"",.0,"8","U","",7.8,"",33,"",3.5,"",998.1,"",1010.8,"",6,-.8,"",.0,"8",0,"8","03","2","0","","0","","","0","","","6","","",0,"8",.0,"8",.0,"8","","8",0,"8","","",.0,"8",.0,"8",.0,"8",.0,"8",.0,"8",.0,"8",.0,"8",.0,"8",.0,"8",0,"8",0,"8",0,"8","","",0,"8",0,"8"
"352190360","P£OCK","2006","07","28","20","9","",0,"8",0,"8","","","",8,"",0,"8",0,"8",7,"",90,"",3,"",0,"",20.7,"",.0,"8","U","",7.3,"",30,"",2.5,"",997.6,"",1010.3,"",7,-.8,"",.0,"8",0,"8","02","2","0","","0","","","0","","","8","","",0,"8",.0,"8",.0,"8","","8",0,"8","","",.0,"8",.0,"8",.0,"8",.0,"8",.0,"8",.0,"8",.0,"8",.0,"8",.0,"8",0,"8",0,"8",0,"8","","",0,"8",0,"8"
"352190360","P£OCK","2006","07","28","21","9","",0,"8",0,"8","","","",8,"",0,"8",0,"8",7,"",90,"",3,"",0,"",20.2,"",.0,"8","U","",7.3,"",31,"",2.5,"",997.5,"",1010.2,"",8,-.6,"",.0,"8",0,"8","02","2","0","","0","","","0","","","8","","",0,"8",.0,"8",.0,"8","","8",0,"8","","",.0,"8",.0,"8",.0,"8",.0,"8",.0,"8",.0,"8",.0,"8",.0,"8",.0,"8",0,"8",0,"8",0,"8","","",0,"8",0,"8"
"352190360","P£OCK","2006","07","28","22","9","",0,"8",0,"8","","","",8,"",0,"8",0,"8",7,"",90,"",2,"",0,"",18.8,"",.0,"8","U","",7.4,"",34,"",2.6,"",997.4,"",1010.2,"",6,-.7,"",.0,"8",0,"8","02","2","0","","0","","","0","","","8","","",0,"8",.0,"8",.0,"8","","8",0,"8","","",.0,"8",.0,"8",.0,"8",.0,"8",.0,"8",.0,"8",.0,"8",.0,"8",.0,"8",0,"8",0,"8",0,"8","","",0,"8",0,"8"
"352190360","P£OCK","2006","07","28","23","9","",0,"8",0,"8","","","",8,"",0,"8",0,"8",7,"",90,"",2,"",0,"",16.9,"",.0,"8","U","",8.1,"",42,"",3.9,"",997.2,"",1010.1,"",7,-.4,"",.0,"8",0,"8","02","2","0","","0","","","0","","","8","","",0,"8",.0,"8",.0,"8","","8",0,"8","","",.0,"8",.0,"8",.0,"8",.0,"8",.0,"8",.0,"8",.0,"8",.0,"8",.0,"8",0,"8",0,"8",0,"8","","",0,"8",0,"8"
"352190360","P£OCK","2006","07","29","00","9","",0,"8",0,"8","","","",8,"",0,"8",0,"8",6,"",100,"",2,"",0,"",16.6,"",.0,"8","U","",8.1,"",43,"",4.0,"",996.8,"",1009.7,"",8,-.7,"",.0,"9",0,"9","01","2","0","","0","","","0","","","8","","",0,"",.0,"8",.0,"8","","8",0,"8","","",.0,"8",.0,"8",.0,"8",.0,"8",.0,"8",.0,"8",.0,"8",.0,"8",.0,"8",0,"8",0,"8",0,"8","","",0,"8",0,"8"
"352190360","P£OCK","2006","07","29","01","9","",0,"8",0,"8","","","",8,"",0,"8",0,"8",7,"",110,"",2,"",0,"",16.3,"",.0,"8","U","",8.3,"",45,"",4.3,"",996.4,"",1009.3,"",8,-1.0,"",.0,"8",0,"8","03","2","0","","0","","","0","","","6","","",0,"8",.0,"8",.0,"8","","8",0,"8","","",.0,"8",.0,"8",.0,"8",.0,"8",.0,"8",.0,"8",.0,"8",.0,"8",.0,"8",0,"8",0,"8",0,"8","","",0,"8",0,"8"
"352190360","P£OCK","2006","07","29","02","9","",0,"8",0,"8","","","",8,"",0,"8",0,"8",7,"",120,"",3,"",0,"",16.8,"",.0,"8","U","",9.0,"",47,"",5.4,"",995.9,"",1008.7,"",7,-1.3,"",.0,"8",0,"8","03","2","4","","0","","","5","","","8","","",0,"8",.0,"8",.0,"8","","8",0,"8","","",.0,"8",.0,"8",.0,"8",.0,"8",.0,"8",.0,"8",.0,"8",.0,"8",.0,"8",0,"8",0,"8",0,"8","","",0,"8",0,"8"
"352190360","P£OCK","2006","07","29","03","9","",0,"8",0,"8","","","",8,"",0,"8",0,"8",7,"",110,"",3,"",0,"",16.8,"",.0,"8","U","",9.5,"",50,"",6.3,"",995.4,"",1008.2,"",7,-1.4,"",.0,"8",0,"8","03","2","7","","0","","","5","","","/","","",0,"8",.0,"8",.0,"8","","8",0,"8","","",.0,"8",.0,"8",.0,"8",.0,"8",.0,"8",.0,"8",.0,"8",.0,"8",.0,"8",0,"8",0,"8",0,"8","","",0,"8",0,"8"
"352190360","P£OCK","2006","07","29","04","9","",0,"8",0,"8","","","",8,"",0,"8",0,"8",7,"",120,"",3,"",0,"",17.0,"",.0,"8","U","",10.2,"",53,"",7.3,"",995.3,"",1008.1,"",6,-1.1,"",.0,"8",0,"8","02","2","7","","0","","","3","","","/","","",0,"8",.0,"8",.0,"8","","8",0,"8","","",.0,"8",.0,"8",.0,"8",.0,"8",.0,"8",.0,"8",.0,"8",.0,"8",.0,"8",0,"8",0,"8",0,"8","","",0,"8",0,"8"
"352190360","P£OCK","2006","07","29","05","6","",0,"8",0,"8","","","",8,"",0,"8",0,"8",7,"",120,"",4,"",0,"",18.4,"",.0,"8","U","",10.8,"",51,"",8.1,"",995.2,"",1008.0,"",6,-.7,"",.0,"8",0,"8","03","2","4","","5","","","3","","","/","","",0,"8",.0,"8",.0,"8","","8",0,"8","","",.0,"8",.0,"8",.0,"8",.0,"8",.0,"8",.0,"8",.0,"8",.0,"8",.0,"8",0,"8",0,"8",0,"8","","",0,"8",0,"8"
"352190360","P£OCK","2006","07","29","06","9","",0,"8",0,"8","","","",8,"",0,"8",0,"8",7,"",140,"",3,"",0,"",20.3,"",.0,"8","U","",11.2,"",47,"",8.6,"",995.3,"",1008.0,"",5,-.1,"",.0,"9",0,"9","01","2","5","","0","","","5","","","8","","",0,"",.0,"8",.0,"8","","8",0,"8","","",.0,"8",.0,"8",.0,"8",.0,"8",.0,"8",.0,"8",.0,"8",.0,"8",.0,"8",0,"8",0,"8",0,"8","","",0,"8",0,"8"
"352190360","P£OCK","2006","07","29","07","9","",0,"8",0,"8","","","",8,"",0,"8",0,"8",7,"",150,"",2,"",0,"",21.3,"",.0,"8","U","",11.6,"",46,"",9.2,"",995.2,"",1007.8,"",7,-.1,"",.0,"8",0,"8","03","2","7","","0","","","5","","","/","","",0,"8",.0,"8",.0,"8","","8",0,"8","","",.0,"8",.0,"8",.0,"8",.0,"8",.0,"8",.0,"8",.0,"8",.0,"8",.0,"8",0,"8",0,"8",0,"8","","",0,"8",0,"8"
"352190360","P£OCK","2006","07","29","08","9","",0,"8",0,"8","","","",8,"",0,"8",0,"8",7,"",170,"",3,"",0,"",22.4,"",.0,"8","U","",11.9,"",44,"",9.5,"",995.3,"",1007.9,"",2,.1,"",.0,"8",0,"8","02","2","7","","0","","","7","","","/","","",0,"8",.0,"8",.0,"8","","8",0,"8","","",.0,"8",.0,"8",.0,"8",.0,"8",.0,"8",.0,"8",.0,"8",.0,"8",.0,"8",0,"8",0,"8",0,"8","","",0,"8",0,"8"
"352190360","P£OCK","2006","07","29","09","7","",0,"8",0,"8","","","",8,"",0,"8",0,"8",8,"",140,"",3,"",0,"",23.3,"",.0,"8","U","",12.0,"",42,"",9.7,"",994.8,"",1007.3,"",7,-.5,"",.0,"8",0,"8","25","2","2","","9","","","7","","","/","","",0,"8",.0,"8",.0,"8","","8",0,"8","","",.0,"8",.0,"8",.0,"8",.0,"8",.0,"8",.0,"8",.0,"8",.0,"8",.0,"8",0,"8",0,"8",0,"8","","",0,"8",0,"8"
"352190360","P£OCK","2006","07","29","10","7","",0,"8",0,"8","","","",8,"",0,"8",0,"8",8,"",130,"",2,"",0,"",23.8,"",.0,"8","U","",12.4,"",42,"",10.1,"",994.9,"",1007.4,"",5,-.3,"",.0,"8",0,"8","25","2","1","","9","","","3","","","/","","",0,"8",.0,"8",.0,"8","","8",0,"8","","",.0,"8",.0,"8",.0,"8",.0,"8",.0,"8",.0,"8",.0,"8",.0,"8",.0,"8",0,"8",0,"8",0,"8","","",0,"8",0,"8"
"352190360","P£OCK","2006","07","29","11","9","",0,"8",0,"8","","","",8,"",0,"8",0,"8",6,"",110,"",3,"",0,"",27.2,"",.0,"8","U","",11.9,"",33,"",9.5,"",994.6,"",1007.0,"",7,-.7,"",.0,"8",0,"8","01","2","3","","0","","","3","","","8","","",0,"8",.0,"8",.0,"8","","8",0,"8","","",.0,"8",.0,"8",.0,"8",.0,"8",.0,"8",.0,"8",.0,"8",.0,"8",.0,"8",0,"8",0,"8",0,"8","","",0,"8",0,"8"
"352190360","P£OCK","2006","07","29","12","9","",0,"8",0,"8","","","",8,"",0,"8",0,"8",6,"",140,"",4,"",0,"",28.5,"",.0,"8","U","",8.9,"",23,"",5.3,"",994.1,"",1006.4,"",8,-.7,"",.0,"",6,"","02","8","3","","0","","","3","","","8","","",0,"",.0,"8",.0,"8","","8",0,"8","","",.0,"8",.0,"8",.0,"8",.0,"8",.0,"8",.0,"8",.0,"8",.0,"8",.0,"8",0,"8",0,"8",0,"8","","",0,"8",0,"8"
"352190360","P£OCK","2006","07","29","13","9","",0,"8",0,"8","","","",8,"",0,"8",0,"8",6,"",120,"",3,"",0,"",29.9,"",.0,"8","U","",9.3,"",22,"",5.9,"",993.3,"",1005.6,"",8,-1.6,"",.0,"8",0,"8","02","2","3","","0","","","3","","","8","","",0,"8",.0,"8",.0,"8","","8",0,"8","","",.0,"8",.0,"8",.0,"8",.0,"8",.0,"8",.0,"8",.0,"8",.0,"8",.0,"8",0,"8",0,"8",0,"8","","",0,"8",0,"8"
"352190360","P£OCK","2006","07","29","14","8","",0,"8",0,"8","","","",8,"",0,"8",0,"8",4,"",110,"",5,"",0,"",30.5,"",.0,"8","U","",9.6,"",22,"",6.4,"",992.7,"",1004.9,"",7,-1.9,"",.0,"8",0,"8","03","1","1","","2","","","3","","","1","","",0,"8",.0,"8",.0,"8","","8",0,"8","","",.0,"8",.0,"8",.0,"8",.0,"8",.0,"8",.0,"8",.0,"8",.0,"8",.0,"8",0,"8",0,"8",0,"8","","",0,"8",0,"8"
"352190360","P£OCK","2006","07","29","15","9","",0,"8",0,"8","","","",8,"",0,"8",0,"8",4,"",110,"",5,"",0,"",29.9,"",.0,"8","U","",8.4,"",20,"",4.5,"",992.1,"",1004.3,"",6,-2.0,"",.0,"8",0,"8","01","1","2","","0","","","3","","","1","","",0,"8",.0,"8",.0,"8","","8",0,"8","","",.0,"8",.0,"8",.0,"8",.0,"8",.0,"8",.0,"8",.0,"8",.0,"8",.0,"8",0,"8",0,"8",0,"8","","",0,"8",0,"8"
"352190360","P£OCK","2006","07","29","16","9","",0,"8",0,"8","","","",8,"",0,"8",0,"8",5,"",100,"",5,"",0,"",29.4,"",.0,"8","U","",8.6,"",21,"",4.8,"",991.9,"",1004.2,"",6,-1.4,"",.0,"8",0,"8","03","1","5","","0","","","5","","","0","","",0,"8",.0,"8",.0,"8","","8",0,"8","","",.0,"8",.0,"8",.0,"8",.0,"8",.0,"8",.0,"8",.0,"8",.0,"8",.0,"8",0,"8",0,"8",0,"8","","",0,"8",0,"8"
"352190360","P£OCK","2006","07","29","17","9","",0,"8",0,"8","","","",8,"",0,"8",0,"8",7,"",80,"",2,"",0,"",28.5,"",.0,"8","U","",8.9,"",23,"",5.3,"",991.7,"",1004.0,"",6,-1.0,"",.0,"8",0,"8","03","2","6","","0","","","5","","","1","","",0,"8",.0,"8",.0,"8","","8",0,"8","","",.0,"8",.0,"8",.0,"8",.0,"8",.0,"8",.0,"8",.0,"8",.0,"8",.0,"8",0,"8",0,"8",0,"8","","",0,"8",0,"8"
"352190360","P£OCK","2006","07","29","18","9","",0,"8",0,"8","","","",8,"",0,"8",0,"8",7,"",350,"",1,"",0,"",26.9,"",.0,"8","U","",9.5,"",27,"",6.3,"",992.2,"",1004.6,"",3,.1,"",.0,"9",0,"9","03","1","7","","0","","","5","","","/","","",0,"",.0,"8",.0,"8","","8",0,"8","","",.0,"8",.0,"8",.0,"8",.0,"8",.0,"8",.0,"8",.0,"8",.0,"8",.0,"8",0,"8",0,"8",0,"8","","",0,"8",0,"8"
"352190360","P£OCK","2006","07","29","19","7","",0,"8",0,"8","","","",8,"",0,"8",0,"8",8,"",30,"",3,"",0,"",24.7,"",.0,"8","U","",9.9,"",32,"",6.9,"",992.2,"",1004.7,"",1,.3,"",.0,"8",0,"8","25","2","3","","9","","","7","","","/","","",0,"8",.0,"8",.0,"8","","8",0,"8","","",.0,"8",.0,"8",.0,"8",.0,"8",.0,"8",.0,"8",.0,"8",.0,"8",.0,"8",0,"8",0,"8",0,"8","","",0,"8",0,"8"
"352190360","P£OCK","2006","07","29","20","7","",0,"8",0,"8","","","",8,"",0,"8",0,"8",8,"",340,"",1,"",0,"",23.2,"",.0,"8","U","",11.1,"",39,"",8.5,"",992.2,"",1004.7,"",1,.5,"",.0,"8",0,"8","01","2","2","","9","","","7","","","/","","",0,"8",.0,"8",.0,"8","","8",0,"8","","",.0,"8",.0,"8",.0,"8",.0,"8",.0,"8",.0,"8",.0,"8",.0,"8",.0,"8",0,"8",0,"8",0,"8","","",0,"8",0,"8"
"352190360","P£OCK","2006","07","29","21","9","",0,"8",0,"8","","","",8,"",0,"8",0,"8",8,"",290,"",3,"",0,"",22.5,"",.0,"8","U","",11.7,"",43,"",9.3,"",992.1,"",1004.6,"",8,-.1,"",.0,"8",0,"8","01","8","8","","0","","","7","","","/","","",0,"8",.0,"8",.0,"8","","8",0,"8","","",.0,"8",.0,"8",.0,"8",.0,"8",.0,"8",.0,"8",.0,"8",.0,"8",.0,"8",0,"8",0,"8",0,"8","","",0,"8",0,"8"
"352190360","P£OCK","2006","07","29","22","9","",0,"8",0,"8","","","",8,"",0,"8",0,"8",8,"",310,"",2,"",0,"",21.9,"",.0,"8","U","",14.4,"",55,"",12.4,"",992.6,"",1005.2,"",3,.4,"",.0,"8",0,"8","02","2","8","","0","","","7","","","/","","",0,"8",.0,"8",.0,"8","","8",0,"8","","",.0,"8",.0,"8",.0,"8",.0,"8",.0,"8",.0,"8",.0,"8",.0,"8",.0,"8",0,"8",0,"8",0,"8","","",0,"8",0,"8"
"352190360","P£OCK","2006","07","29","23","9","",0,"8",0,"8","","","",8,"",0,"8",0,"8",8,"",310,"",4,"",0,"",21.3,"",.0,"8","U","",14.4,"",57,"",12.4,"",992.5,"",1005.1,"",0,.3,"",.0,"8",0,"8","02","2","8","","0","","","7","","","/","","",0,"8",.0,"8",.0,"8","","8",0,"8","","",.0,"8",.0,"8",.0,"8",.0,"8",.0,"8",.0,"8",.0,"8",.0,"8",.0,"8",0,"8",0,"8",0,"8","","",0,"8",0,"8"
"352190360","P£OCK","2006","07","30","00","9","",0,"8",0,"8","","","",8,"",0,"8",0,"8",7,"",310,"",3,"",0,"",20.6,"",.0,"8","U","",14.5,"",60,"",12.6,"",992.6,"",1005.2,"",3,.5,"",.0,"",6,"","01","8","7","","0","","","3","","","/","","",0,"",.0,"8",.0,"8","","8",0,"8","","",.0,"8",.0,"8",.0,"8",.0,"8",.0,"8",.0,"8",.0,"8",.0,"8",.0,"8",0,"8",0,"8",0,"8","","",0,"8",0,"8"
"352190360","P£OCK","2006","07","30","01","9","",0,"8",0,"8","","","",8,"",0,"8",0,"8",7,"",300,"",3,"",0,"",19.7,"",.0,"8","U","",14.7,"",64,"",12.7,"",993.1,"",1005.8,"",3,.5,"",.0,"8",0,"8","02","2","7","","0","","","3","","","/","","",0,"8",.0,"8",.0,"8","","8",0,"8","","",.0,"8",.0,"8",.0,"8",.0,"8",.0,"8",.0,"8",.0,"8",.0,"8",.0,"8",0,"8",0,"8",0,"8","","",0,"8",0,"8"
"352190360","P£OCK","2006","07","30","02","9","",0,"8",0,"8","","","",8,"",0,"8",0,"8",7,"",280,"",3,"",0,"",19.3,"",.0,"8","U","",15.0,"",67,"",13.0,"",993.3,"",1006.0,"",2,.8,"",.0,"8",0,"8","02","2","7","","0","","","3","","","/","","",0,"8",.0,"8",.0,"8","","8",0,"8","","",.0,"8",.0,"8",.0,"8",.0,"8",.0,"8",.0,"8",.0,"8",.0,"8",.0,"8",0,"8",0,"8",0,"8","","",0,"8",0,"8"
"352190360","P£OCK","2006","07","30","03","9","",0,"8",0,"8","","","",8,"",0,"8",0,"8",6,"",290,"",3,"",0,"",18.2,"",.0,"8","U","",15.2,"",73,"",13.3,"",993.8,"",1006.6,"",2,1.2,"",.0,"8",0,"8","01","2","5","","0","","","3","","","1","","",0,"8",.0,"8",.0,"8","","8",0,"8","","",.0,"8",.0,"8",.0,"8",.0,"8",.0,"8",.0,"8",.0,"8",.0,"8",.0,"8",0,"8",0,"8",0,"8","","",0,"8",0,"8"
"352190360","P£OCK","2006","07","30","04","9","",0,"8",0,"8","","","",8,"",0,"8",0,"8",3,"",280,"",4,"",0,"",17.8,"",.0,"8","U","",15.5,"",76,"",13.5,"",994.2,"",1007.0,"",2,1.1,"",.0,"8",0,"8","01","1","2","","0","","","3","","","1","","",0,"8",.0,"8",.0,"8","","8",0,"8","","",.0,"8",.0,"8",.0,"8",.0,"8",.0,"8",.0,"8",.0,"8",.0,"8",.0,"8",0,"8",0,"8",0,"8","","",0,"8",0,"8"
"352190360","P£OCK","2006","07","30","05","9","",0,"8",0,"8","","","",8,"",0,"8",0,"8",1,"",290,"",4,"",0,"",19.0,"",.0,"8","U","",15.8,"",72,"",13.8,"",994.5,"",1007.2,"",1,1.2,"",.0,"8",0,"8","01","0","1","","0","","","3","","","0","","",0,"8",.0,"8",.0,"8","","8",0,"8","","",.0,"8",.0,"8",.0,"8",.0,"8",.0,"8",.0,"8",.0,"8",.0,"8",.0,"8",0,"8",0,"8",0,"8","","",0,"8",0,"8"
"352190360","P£OCK","2006","07","30","06","9","",0,"8",0,"8","","","",8,"",0,"8",0,"8",1,"",290,"",5,"",0,"",20.1,"",.0,"8","U","",16.0,"",68,"",14.0,"",995.0,"",1007.7,"",2,1.2,"",.0,"9",0,"9","02","1","1","","0","","","3","","","0","","",0,"",.0,"8",.0,"8","","8",0,"8","","",.0,"8",.0,"8",.0,"8",.0,"8",.0,"8",.0,"8",.0,"8",.0,"8",.0,"8",0,"8",0,"8",0,"8","","",0,"8",0,"8"
"352190360","P£OCK","2006","07","30","07","5","",0,"8",0,"8","","","",8,"",0,"8",0,"8",2,"",290,"",5,"",0,"",21.2,"",.0,"8","U","",16.1,"",64,"",14.1,"",995.4,"",1008.0,"",2,1.2,"",.0,"8",0,"8","03","0","1","","1","","","3","","","0","","",0,"8",.0,"8",.0,"8","","8",0,"8","","",.0,"8",.0,"8",.0,"8",.0,"8",.0,"8",.0,"8",.0,"8",.0,"8",.0,"8",0,"8",0,"8",0,"8","","",0,"8",0,"8"
"352190360","P£OCK","2006","07","30","08","6","",0,"8",0,"8","","","",8,"",0,"8",0,"8",5,"",320,"",5,"",10,"",22.4,"",.0,"8","U","",15.7,"",58,"",13.7,"",995.9,"",1008.5,"",2,1.4,"",.0,"8",0,"8","03","1","3","","2","","","3","","","1","","",0,"8",.0,"8",.0,"8","","8",0,"8","","",.0,"8",.0,"8",.0,"8",.0,"8",.0,"8",.0,"8",.0,"8",.0,"8",.0,"8",0,"8",0,"8",0,"8","","",0,"8",0,"8"
"352190360","P£OCK","2006","07","30","09","6","",0,"8",0,"8","","","",8,"",0,"8",0,"8",7,"",330,"",5,"",0,"",21.8,"",.0,"8","U","",15.1,"",58,"",13.2,"",996.6,"",1009.2,"",3,1.6,"",.0,"8",0,"8","01","1","7","","5","","","/","","","/","","",0,"8",.0,"8",.0,"8","","8",0,"8","","",.0,"8",.0,"8",.0,"8",.0,"8",.0,"8",.0,"8",.0,"8",.0,"8",.0,"8",0,"8",0,"8",0,"8","","",0,"8",0,"8"
"352190360","P£OCK","2006","07","30","10","5","",0,"8",0,"8","","","",8,"",0,"8",0,"8",7,"",320,"",5,"",0,"",22.3,"",.0,"8","U","",15.3,"",57,"",13.4,"",997.0,"",1009.6,"",2,1.6,"",.0,"8",0,"8","02","2","7","","5","","","/","","","/","","",0,"8",.0,"8",.0,"8","","8",0,"8","","",.0,"8",.0,"8",.0,"8",.0,"8",.0,"8",.0,"8",.0,"8",.0,"8",.0,"8",0,"8",0,"8",0,"8","","",0,"8",0,"8"
"352190360","P£OCK","2006","07","30","11","6","",0,"8",0,"8","","","",8,"",0,"8",0,"8",7,"",320,"",5,"",0,"",24.0,"",.0,"8","U","",15.5,"",52,"",13.5,"",997.2,"",1009.7,"",1,1.3,"",.0,"8",0,"8","02","2","7","","5","","","/","","","/","","",0,"8",.0,"8",.0,"8","","8",0,"8","","",.0,"8",.0,"8",.0,"8",.0,"8",.0,"8",.0,"8",.0,"8",.0,"8",.0,"8",0,"8",0,"8",0,"8","","",0,"8",0,"8"
"352190360","P£OCK","2006","07","30","12","6","",0,"8",0,"8","","","",8,"",0,"8",0,"8",7,"",340,"",4,"",0,"",23.7,"",.0,"8","U","",14.9,"",51,"",13.0,"",997.3,"",1009.9,"",1,.7,"",.0,"9",0,"9","03","1","7","","3","","","/","","","/","","",0,"",.0,"8",.0,"8","","8",0,"8","","",.0,"8",.0,"8",.0,"8",.0,"8",.0,"8",.0,"8",.0,"8",.0,"8",.0,"8",0,"8",0,"8",0,"8","","",0,"8",0,"8"
"352190360","P£OCK","2006","07","30","13","6","",0,"8",0,"8","","","",8,"",0,"8",0,"8",6,"",340,"",5,"",0,"",25.0,"",.0,"8","U","",13.0,"",41,"",10.8,"",997.6,"",1010.1,"",2,.6,"",.0,"8",0,"8","01","2","6","","5","","","0","","","0","","",0,"8",.0,"8",.0,"8","","8",0,"8","","",.0,"8",.0,"8",.0,"8",.0,"8",.0,"8",.0,"8",.0,"8",.0,"8",.0,"8",0,"8",0,"8",0,"8","","",0,"8",0,"8"
"352190360","P£OCK","2006","07","30","14","6","",0,"8",0,"8","","","",8,"",0,"8",0,"8",6,"",350,"",6,"",0,"",24.8,"",.0,"8","U","",13.1,"",42,"",11.0,"",997.8,"",1010.3,"",2,.6,"",.0,"8",0,"8","02","2","6","","5","","","0","","","0","","",0,"8",.0,"8",.0,"8","","8",0,"8","","",.0,"8",.0,"8",.0,"8",.0,"8",.0,"8",.0,"8",.0,"8",.0,"8",.0,"8",0,"8",0,"8",0,"8","","",0,"8",0,"8"
"352190360","P£OCK","2006","07","30","15","7","",0,"8",0,"8","","","",8,"",0,"8",0,"8",5,"",330,"",5,"",0,"",25.1,"",.0,"8","U","",13.0,"",41,"",10.9,"",998.1,"",1010.6,"",2,.8,"",.0,"8",0,"8","01","2","5","","5","","","0","","","0","","",0,"8",.0,"8",.0,"8","","8",0,"8","","",.0,"8",.0,"8",.0,"8",.0,"8",.0,"8",.0,"8",.0,"8",.0,"8",.0,"8",0,"8",0,"8",0,"8","","",0,"8",0,"8"
"352190360","P£OCK","2006","07","30","16","7","",0,"8",0,"8","","","",8,"",0,"8",0,"8",2,"",350,"",4,"",0,"",24.8,"",.0,"8","U","",13.1,"",42,"",11.0,"",998.2,"",1010.7,"",2,.6,"",.0,"8",0,"8","01","1","2","","5","","","0","","","0","","",0,"8",.0,"8",.0,"8","","8",0,"8","","",.0,"8",.0,"8",.0,"8",.0,"8",.0,"8",.0,"8",.0,"8",.0,"8",.0,"8",0,"8",0,"8",0,"8","","",0,"8",0,"8"
"352190360","P£OCK","2006","07","30","17","9","",0,"8",0,"8","","","",8,"",0,"8",0,"8",1,"",10,"",6,"",0,"",23.9,"",.0,"8","U","",13.6,"",46,"",11.6,"",998.4,"",1011.0,"",2,.6,"",.0,"8",0,"8","01","0","0","","0","","","0","","","1","","",0,"8",.0,"8",.0,"8","","8",0,"8","","",.0,"8",.0,"8",.0,"8",.0,"8",.0,"8",.0,"8",.0,"8",.0,"8",.0,"8",0,"8",0,"8",0,"8","","",0,"8",0,"8"
"352190360","P£OCK","2006","07","30","18","9","",0,"8",0,"8","","","",8,"",0,"8",0,"8",2,"",20,"",3,"",0,"",22.1,"",.0,"8","U","",14.1,"",53,"",12.1,"",998.8,"",1011.4,"",3,.7,"",.0,"9",0,"9","03","1","0","","0","","","0","","","1","","",0,"",.0,"8",.0,"8","","8",0,"8","","",.0,"8",.0,"8",.0,"8",.0,"8",.0,"8",.0,"8",.0,"8",.0,"8",.0,"8",0,"8",0,"8",0,"8","","",0,"8",0,"8"
"352190360","P£OCK","2006","07","30","19","9","",0,"8",0,"8","","","",8,"",0,"8",0,"8",1,"",20,"",2,"",0,"",19.0,"",.0,"8","U","",13.4,"",61,"",11.3,"",999.2,"",1012.0,"",3,1.0,"",.0,"8",0,"8","01","0","0","","0","","","0","","","1","","",0,"8",.0,"8",.0,"8","","8",0,"8","","",.0,"8",.0,"8",.0,"8",.0,"8",.0,"8",.0,"8",.0,"8",.0,"8",.0,"8",0,"8",0,"8",0,"8","","",0,"8",0,"8"
"352190360","P£OCK","2006","07","30","20","9","",0,"8",0,"8","","","",8,"",0,"8",0,"8",1,"",30,"",1,"",0,"",17.4,"",.0,"8","U","",13.9,"",70,"",11.9,"",999.5,"",1012.4,"",2,1.1,"",.0,"8",0,"8","02","0","0","","0","","","0","","","1","","",0,"8",.0,"8",.0,"8","","8",0,"8","","",.0,"8",.0,"8",.0,"8",.0,"8",.0,"8",.0,"8",.0,"8",.0,"8",.0,"8",0,"8",0,"8",0,"8","","",0,"8",0,"8"
"352190360","P£OCK","2006","07","30","21","9","",0,"8",0,"8","","","",8,"",0,"8",0,"8",1,"",50,"",2,"",0,"",16.2,"",.0,"8","U","",13.6,"",74,"",11.6,"",999.6,"",1012.5,"",1,.8,"",.0,"8",0,"8","02","0","0","","0","","","0","","","1","","",0,"8",.0,"8",.0,"8","","8",0,"8","","",.0,"8",.0,"8",.0,"8",.0,"8",.0,"8",.0,"8",.0,"8",.0,"8",.0,"8",0,"8",0,"8",0,"8","","",0,"8",0,"8"
"352190360","P£OCK","2006","07","30","22","9","",0,"8",0,"8","","","",8,"",0,"8",0,"8",0,"",0,"",0,"",0,"",14.5,"",.0,"8","U","",13.3,"",81,"",11.3,"",999.9,"",1012.9,"",2,.7,"",.0,"8",0,"8","01","0","0","","0","","","0","","","0","","",0,"8",.0,"8",.0,"8","","8",0,"8","","",.0,"8",.0,"8",.0,"8",.0,"8",.0,"8",.0,"8",.0,"8",.0,"8",.0,"8",0,"8",0,"8",0,"8","","",0,"8",0,"8"
"352190360","P£OCK","2006","07","30","23","9","",0,"8",0,"8","","","",8,"",0,"8",0,"8",0,"",0,"",0,"",0,"",13.4,"",.0,"8","U","",13.0,"",85,"",10.9,"",1000.2,"",1013.3,"",3,.7,"",.0,"8",0,"8","02","0","0","","0","","","0","","","0","","",0,"8",.0,"8",.0,"8","","8",0,"8","","",.0,"8",.0,"8",.0,"8",.0,"8",.0,"8",.0,"8",.0,"8",.0,"8",.0,"8",0,"8",0,"8",0,"8","","",0,"8",0,"8"
"352190360","P£OCK","2006","07","31","00","9","",0,"8",0,"8","","","",7,"",0,"8",0,"8",0,"",50,"",2,"",0,"",12.1,"",.0,"8","U","",11.8,"",84,"",9.5,"",1000.1,"",1013.2,"",0,.5,"",.0,"9",0,"9","02","0","0","","0","","","0","","","0","","",0,"",.0,"8",.0,"8","","8",0,"8","","",.0,"8",.0,"8",.0,"8",.0,"8",.0,"8",.0,"8",.0,"8",.0,"8",.0,"8",0,"8",0,"8",0,"8","","",0,"8",0,"8"
"352190360","P£OCK","2006","07","31","01","9","",0,"8",0,"8","","","",7,"",0,"8",0,"8",0,"",0,"",0,"",0,"",11.9,"",.0,"8","U","",12.2,"",88,"",10.0,"",1000.2,"",1013.3,"",2,.3,"",.0,"8",0,"8","02","0","0","","0","","","0","","","0","","",0,"8",.0,"8",.0,"8","","8",0,"8","","",.0,"8",.0,"8",.0,"8",.0,"8",.0,"8",.0,"8",.0,"8",.0,"8",.0,"8",0,"8",0,"8",0,"8","","",0,"8",0,"8"
"352190360","P£OCK","2006","07","31","02","9","",0,"8",0,"8","","","",7,"",0,"8",0,"8",1,"",0,"",0,"",0,"",11.3,"",.0,"8","U","",11.9,"",89,"",9.6,"",1000.0,"",1013.1,"",7,-.2,"",.0,"8",0,"8","03","0","0","","0","","","0","","","1","","",0,"8",.0,"8",.0,"8","","8",0,"8","","",.0,"8",.0,"8",.0,"8",.0,"8",.0,"8",.0,"8",.0,"8",.0,"8",.0,"8",0,"8",0,"8",0,"8","","",0,"8",0,"8"
"352190360","P£OCK","2006","07","31","03","9","",0,"8",0,"8","","","",7,"",0,"8",0,"8",2,"",0,"",0,"",0,"",11.1,"",.0,"8","U","",11.7,"",89,"",9.4,"",1000.2,"",1013.4,"",2,.1,"",.0,"8",0,"8","03","0","0","","0","","","0","","","1","","",0,"8",.0,"8",.0,"8","","8",0,"8","","",.0,"8",.0,"8",.0,"8",.0,"8",.0,"8",.0,"8",.0,"8",.0,"8",.0,"8",0,"8",0,"8",0,"8","","",0,"8",0,"8"
"352190360","P£OCK","2006","07","31","04","9","",0,"8",0,"8","","","",7,"",0,"8",0,"8",2,"",100,"",1,"",0,"",12.1,"",.0,"8","U","",12.7,"",90,"",10.5,"",1000.2,"",1013.3,"",4,.0,"",.0,"8",0,"8","02","0","0","","0","","","0","","","1","","",0,"8",.0,"8",.0,"8","","8",0,"8","","",.0,"8",.0,"8",.0,"8",.0,"8",.0,"8",.0,"8",.0,"8",.0,"8",.0,"8",0,"8",0,"8",0,"8","","",0,"8",0,"8"
"352190360","P£OCK","2006","07","31","05","9","",0,"8",0,"8","","","",8,"",0,"8",0,"8",1,"",120,"",2,"",0,"",17.2,"",.0,"8","U","",16.1,"",82,"",14.1,"",1000.4,"",1013.3,"",2,.4,"",.0,"8",0,"8","01","0","0","","0","","","0","","","1","","",0,"8",.0,"8",.0,"8","","8",0,"8","","",.0,"8",.0,"8",.0,"8",.0,"8",.0,"8",.0,"8",.0,"8",.0,"8",.0,"8",0,"8",0,"8",0,"8","","",0,"8",0,"8"
"352190360","P£OCK","2006","07","31","06","9","",0,"8",0,"8","","","",8,"",0,"8",0,"8",1,"",140,"",2,"",0,"",19.9,"",.0,"8","U","",15.8,"",68,"",13.8,"",1000.3,"",1013.1,"",0,.1,"",.0,"9",0,"9","02","0","0","","0","","","0","","","1","","",0,"",.0,"8",.0,"8","","8",0,"8","","",.0,"8",.0,"8",.0,"8",.0,"8",.0,"8",.0,"8",.0,"8",.0,"8",.0,"8",0,"8",0,"8",0,"8","","",0,"8",0,"8"
"352190360","P£OCK","2006","07","31","07","9","",0,"8",0,"8","","","",8,"",0,"8",0,"8",2,"",150,"",3,"",0,"",21.3,"",.0,"8","U","",15.2,"",60,"",13.2,"",1000.2,"",1012.9,"",0,.0,"",.0,"8",0,"8","03","0","0","","0","","","0","","","1","","",0,"8",.0,"8",.0,"8","","8",0,"8","","",.0,"8",.0,"8",.0,"8",.0,"8",.0,"8",.0,"8",.0,"8",.0,"8",.0,"8",0,"8",0,"8",0,"8","","",0,"8",0,"8"
"352190360","P£OCK","2006","07","31","08","9","",0,"8",0,"8","","","",8,"",0,"8",0,"8",4,"",130,"",2,"",0,"",23.3,"",.0,"8","U","",14.8,"",52,"",12.9,"",1000.0,"",1012.6,"",7,-.4,"",.0,"8",0,"8","03","0","0","","0","","","0","","","6","","",0,"8",.0,"8",.0,"8","","8",0,"8","","",.0,"8",.0,"8",.0,"8",.0,"8",.0,"8",.0,"8",.0,"8",.0,"8",.0,"8",0,"8",0,"8",0,"8","","",0,"8",0,"8"
"352190360","P£OCK","2006","07","31","09","9","",0,"8",0,"8","","","",8,"",0,"8",0,"8",5,"",130,"",3,"",0,"",25.2,"",.0,"8","U","",14.1,"",44,"",12.1,"",999.7,"",1012.2,"",8,-.6,"",.0,"8",0,"8","03","1","0","","0","","","0","","","6","","",0,"8",.0,"8",.0,"8","","8",0,"8","","",.0,"8",.0,"8",.0,"8",.0,"8",.0,"8",.0,"8",.0,"8",.0,"8",.0,"8",0,"8",0,"8",0,"8","","",0,"8",0,"8"
"352190360","P£OCK","2006","07","31","10","7","",0,"8",0,"8","","","",8,"",0,"8",0,"8",6,"",120,"",3,"",0,"",26.8,"",.0,"8","U","",13.7,"",39,"",11.7,"",999.5,"",1012.0,"",7,-.7,"",.0,"8",0,"8","03","2","1","","1","","","8","","","6","","",0,"8",.0,"8",.0,"8","","8",0,"8","","",.0,"8",.0,"8",.0,"8",.0,"8",.0,"8",.0,"8",.0,"8",.0,"8",.0,"8",0,"8",0,"8",0,"8","","",0,"8",0,"8"
"352190360","P£OCK","2006","07","31","11","7","",0,"8",0,"8","","","",8,"",0,"8",0,"8",7,"",120,"",2,"",0,"",27.2,"",.0,"8","U","",13.7,"",38,"",11.6,"",999.0,"",1011.4,"",7,-1.0,"",.0,"8",0,"8","03","2","2","","2","","","3","","","8","","",0,"8",.0,"8",.0,"8","","8",0,"8","","",.0,"8",.0,"8",.0,"8",.0,"8",.0,"8",.0,"8",.0,"8",.0,"8",.0,"8",0,"8",0,"8",0,"8","","",0,"8",0,"8"
"352190360","P£OCK","2006","07","31","12","7","",0,"8",0,"8","","","",8,"",0,"8",0,"8",7,"",20,"",2,"",0,"",27.5,"",.0,"8","U","",13.6,"",37,"",11.5,"",998.4,"",1010.8,"",8,-1.3,"",.0,"9",0,"9","03","1","3","","2","","","0","","","8","","",0,"",.0,"8",.0,"8","","8",0,"8","","",.0,"8",.0,"8",.0,"8",.0,"8",.0,"8",.0,"8",.0,"8",.0,"8",.0,"8",0,"8",0,"8",0,"8","","",0,"8",0,"8"
"352190360","P£OCK","2006","07","31","13","7","",0,"8",0,"8","","","",8,"",0,"8",0,"8",7,"",100,"",2,"",0,"",27.9,"",.0,"8","U","",13.5,"",36,"",11.4,"",997.9,"",1010.3,"",7,-1.6,"",.0,"8",0,"8","03","2","4","","9","","","0","","","8","","",0,"8",.0,"8",.0,"8","","8",0,"8","","",.0,"8",.0,"8",.0,"8",.0,"8",.0,"8",.0,"8",.0,"8",.0,"8",.0,"8",0,"8",0,"8",0,"8","","",0,"8",0,"8"
"352190360","P£OCK","2006","07","31","14","7","",0,"8",0,"8","","","",8,"",0,"8",0,"8",7,"",160,"",2,"",0,"",28.6,"",.0,"8","U","",12.9,"",33,"",10.7,"",997.6,"",1010.0,"",6,-1.4,"",.0,"8",0,"8","03","2","5","","9","","","3","","","8","","",0,"8",.0,"8",.0,"8","","8",0,"8","","",.0,"8",.0,"8",.0,"8",.0,"8",.0,"8",.0,"8",.0,"8",.0,"8",.0,"8",0,"8",0,"8",0,"8","","",0,"8",0,"8"
"352190360","P£OCK","2006","07","31","15","6","",0,"8",0,"8","","","",8,"",0,"8",0,"8",8,"",300,"",5,"",0,"",23.2,"",.0,"8","U","",17.0,"",60,"",15.0,"",998.4,"",1011.0,"",5,.0,"",.0,"8",0,"8","03","2","7","","9","","","/","","","/","","",0,"8",.0,"8",.0,"8","","8",0,"8","","",.0,"8",.0,"8",.0,"8",.0,"8",.0,"8",.0,"8",.0,"8",.0,"8",.0,"8",0,"8",0,"8",0,"8","","",0,"8",0,"8"
"352190360","P£OCK","2006","07","31","16","5","",0,"8",0,"8","","","",7,"",0,"8",0,"8",8,"",290,"",2,"",0,"",20.8,"",.0,"8","U","",19.1,"",78,"",16.8,"",998.4,"",1011.1,"",1,.5,"",.0,"8",0,"8","81","8","8","","9","","","/","","","/","","",0,"8",.0,"8",.0,"8","","8",0,"8","","",.0,"8",.0,"8",.0,"8",.0,"8",.0,"8",.0,"8",.0,"8",.0,"8",.0,"8",0,"8",0,"8",0,"8","","",0,"8",0,"8"
"352190360","P£OCK","2006","07","31","17","5","",0,"8",0,"8","","","",7,"",0,"8",0,"8",8,"",50,"",3,"",0,"",20.6,"",.0,"8","U","",19.6,"",81,"",17.2,"",997.7,"",1010.4,"",0,.1,"",.0,"8",0,"8","25","8","6","","9","","","3","","","/","","",0,"8",.0,"8",.0,"8","","8",0,"8","","",.0,"8",.0,"8",.0,"8",.0,"8",.0,"8",.0,"8",.0,"8",.0,"8",.0,"8",0,"8",0,"8",0,"8","","",0,"8",0,"8"
"352190360","P£OCK","2006","07","31","18","7","",0,"8",0,"8","","","",6,"",0,"8",0,"8",7,"",0,"",0,"",0,"",20.8,"",.0,"8","U","",20.8,"",85,"",18.2,"",997.6,"",1010.3,"",8,-.8,"",.7,"",6,"","10","8","5","","5","","","3","","","/","","",1,"",.0,"8",.0,"8","","8",0,"8","","",.0,"8",.0,"8",.0,"8",.0,"8",.0,"8",.0,"8",.0,"8",.0,"8",.0,"8",0,"8",0,"8",0,"8","","",0,"8",0,"8"
"352190360","P£OCK","2006","07","31","19","7","",0,"8",0,"8","","","",6,"",0,"8",0,"8",7,"",0,"",0,"",0,"",20.5,"",.0,"8","U","",20.4,"",85,"",17.9,"",997.9,"",1010.6,"",5,-.5,"",.0,"8",0,"8","10","2","4","","5","","","3","","","/","","",0,"8",.0,"8",.0,"8","","8",0,"8","","",.0,"8",.0,"8",.0,"8",.0,"8",.0,"8",.0,"8",.0,"8",.0,"8",.0,"8",0,"8",0,"8",0,"8","","",0,"8",0,"8"
"352190360","P£OCK","2006","07","31","20","9","",0,"8",0,"8","","","",6,"",0,"8",0,"8",7,"",0,"",0,"",0,"",19.6,"",.0,"8","U","",19.8,"",87,"",17.4,"",998.0,"",1010.7,"",3,.3,"",.0,"8",0,"8","10","2","7","","0","","","3","","","/","","",0,"8",.0,"8",.0,"8","","8",0,"8","","",.0,"8",.0,"8",.0,"8",.0,"8",.0,"8",.0,"8",.0,"8",.0,"8",.0,"8",0,"8",0,"8",0,"8","","",0,"8",0,"8"
"352190360","P£OCK","2006","07","31","21","9","",0,"8",0,"8","","","",5,"",0,"8",0,"8",8,"",0,"",0,"",0,"",19.2,"",.0,"8","U","",20.2,"",91,"",17.7,"",997.7,"",1010.5,"",0,.1,"",.0,"8",0,"8","10","2","8","","0","","","3","","","/","","",0,"8",.0,"8",.0,"8","","8",0,"8","","",.0,"8",.0,"8",.0,"8",.0,"8",.0,"8",.0,"8",.0,"8",.0,"8",.0,"8",0,"8",0,"8",0,"8","","",0,"8",0,"8"
"352190360","P£OCK","2006","07","31","22","9","",0,"8",0,"8","","","",4,"",0,"8",0,"8",8,"",0,"",0,"",0,"",17.8,"",.0,"8","U","",18.3,"",90,"",16.1,"",997.6,"",1010.4,"",8,-.3,"",.0,"8",0,"8","10","2","3","","0","","","3","","","7","","",0,"8",.0,"8",.0,"8","","8",0,"8","","",.0,"8",.0,"8",.0,"8",.0,"8",.0,"8",.0,"8",.0,"8",.0,"8",.0,"8",0,"8",0,"8",0,"8","","",0,"8",0,"8"
"352190360","P£OCK","2006","07","31","23","9","",0,"8",0,"8","","","",4,"",0,"8",0,"8",7,"",0,"",0,"",0,"",17.0,"",.0,"8","U","",17.8,"",92,"",15.7,"",997.7,"",1010.6,"",5,-.3,"",.0,"8",0,"8","10","2","0","","0","","","0","","","8","","",0,"8",.0,"8",.0,"8","","8",0,"8","","",.0,"8",.0,"8",.0,"8",.0,"8",.0,"8",.0,"8",.0,"8",.0,"8",.0,"8",0,"8",0,"8",0,"8","","",0,"8",0,"8"
"352190360","P£OCK","2006","08","01","00","/","",0,"8",0,"8","","","",3,"",0,"8",0,"8",9,"",100,"",1,"",0,"",16.4,"",.0,"8","U","",17.3,"",93,"",15.3,"",997.6,"",1010.5,"",7,-.1,"",.0,"9",0,"9","47","2","9","","/","","","/","","","/","","",1,"",.0,"8",.0,"8","","8",0,"8","","",.0,"8",.0,"8",.0,"8",.0,"8",.0,"8",.0,"8",.0,"8",.0,"8",.0,"8",0,"8",0,"8",0,"8","","",0,"8",0,"8"
"352190360","P£OCK","2006","08","01","01","9","",0,"8",0,"8","","","",4,"",0,"8",0,"8",8,"",0,"",0,"",0,"",16.5,"",.0,"8","U","",17.6,"",94,"",15.5,"",997.4,"",1010.3,"",8,-.2,"",.0,"8",0,"8","28","2","2","","0","","","3","","","7","","",0,"8",.0,"8",.0,"8","","8",0,"8","","",.0,"8",.0,"8",.0,"8",.0,"8",.0,"8",.0,"8",.0,"8",.0,"8",.0,"8",0,"8",0,"8",0,"8","","",0,"8",0,"8"
"352190360","P£OCK","2006","08","01","02","9","",0,"8",0,"8","","","",4,"",0,"8",0,"8",8,"",130,"",1,"",0,"",17.3,"",.0,"8","U","",18.5,"",94,"",16.3,"",997.3,"",1010.1,"",7,-.4,"",.0,"8",0,"8","10","2","5","","0","","","5","","","7","","",0,"8",.0,"8",.0,"8","","8",0,"8","","",.0,"8",.0,"8",.0,"8",.0,"8",.0,"8",.0,"8",.0,"8",.0,"8",.0,"8",0,"8",0,"8",0,"8","","",0,"8",0,"8"
"352190360","P£OCK","2006","08","01","03","6","",0,"8",0,"8","","","",5,"",0,"8",0,"8",8,"",230,"",1,"",0,"",18.3,"",.0,"8","U","",19.5,"",93,"",17.1,"",997.2,"",1010.0,"",7,-.4,"",.0,"8",0,"8","80","4","7","","9","","","/","","","/","","",0,"8",.0,"8",.0,"8","","8",0,"8","","",.0,"8",.0,"8",.0,"8",.0,"8",.0,"8",.0,"8",.0,"8",.0,"8",.0,"8",0,"8",0,"8",0,"8","","",0,"8",0,"8"
"352190360","P£OCK","2006","08","01","04","6","",0,"8",0,"8","","","",6,"",0,"8",0,"8",8,"",280,"",2,"",0,"",18.7,"",.0,"8","U","",19.6,"",91,"",17.2,"",997.5,"",1010.3,"",3,.1,"",.0,"8",0,"8","80","8","8","","9","","","/","","","/","","",0,"8",.0,"8",.0,"8","","8",0,"8","","",.0,"8",.0,"8",.0,"8",.0,"8",.0,"8",.0,"8",.0,"8",.0,"8",.0,"8",0,"8",0,"8",0,"8","","",0,"8",0,"8"
"352190360","P£OCK","2006","08","01","05","5","",0,"8",0,"8","","","",5,"",0,"8",0,"8",8,"",0,"",0,"",0,"",18.6,"",.0,"8","U","",19.7,"",92,"",17.3,"",997.3,"",1010.1,"",4,.0,"",.0,"8",0,"8","80","8","5","","9","","","7","","","/","","",0,"8",.0,"8",.0,"8","","8",0,"8","","",.0,"8",.0,"8",.0,"8",.0,"8",.0,"8",.0,"8",.0,"8",.0,"8",.0,"8",0,"8",0,"8",0,"8","","",0,"8",0,"8"
"352190360","P£OCK","2006","08","01","06","9","",0,"8",0,"8","","","",5,"",0,"8",0,"8",7,"",200,"",2,"",0,"",19.3,"",.0,"8","U","",20.5,"",92,"",18.0,"",997.3,"",1010.0,"",1,.1,"",1.5,"",6,"","25","4","7","","0","","","3","","","/","","",1,"",.0,"8",.0,"8","","8",0,"8","","",.0,"8",.0,"8",.0,"8",.0,"8",.0,"8",.0,"8",.0,"8",.0,"8",.0,"8",0,"8",0,"8",0,"8","","",0,"8",0,"8"
"352190360","P£OCK","2006","08","01","07","6","",0,"8",0,"8","","","",5,"",0,"8",0,"8",8,"",200,"",2,"",0,"",19.9,"",.0,"8","U","",21.1,"",91,"",18.4,"",997.3,"",1010.0,"",6,-.2,"",.0,"8",0,"8","80","2","2","","9","","","3","","","/","","",0,"8",.0,"8",.0,"8","","8",0,"8","","",.0,"8",.0,"8",.0,"8",.0,"8",.0,"8",.0,"8",.0,"8",.0,"8",.0,"8",0,"8",0,"8",0,"8","","",0,"8",0,"8"
"352190360","P£OCK","2006","08","01","08","6","",0,"8",0,"8","","","",6,"",0,"8",0,"8",8,"",220,"",2,"",0,"",20.6,"",.0,"8","U","",21.3,"",88,"",18.5,"",997.2,"",1009.9,"",8,-.1,"",.0,"8",0,"8","80","2","2","","9","","","3","","","/","","",0,"8",.0,"8",.0,"8","","8",0,"8","","",.0,"8",.0,"8",.0,"8",.0,"8",.0,"8",.0,"8",.0,"8",.0,"8",.0,"8",0,"8",0,"8",0,"8","","",0,"8",0,"8"
"352190360","P£OCK","2006","08","01","09","5","",0,"8",0,"8","","","",6,"",0,"8",0,"8",7,"",210,"",3,"",0,"",21.9,"",.0,"8","U","",21.5,"",82,"",18.7,"",997.1,"",1009.7,"",8,-.2,"",.0,"8",0,"8","25","2","4","","3","","","3","","","/","","",0,"8",.0,"8",.0,"8","","8",0,"8","","",.0,"8",.0,"8",.0,"8",.0,"8",.0,"8",.0,"8",.0,"8",.0,"8",.0,"8",0,"8",0,"8",0,"8","","",0,"8",0,"8"
"352190360","P£OCK","2006","08","01","10","4","",0,"8",0,"8","","","",6,"",0,"8",0,"8",8,"",170,"",3,"",0,"",21.2,"",.0,"8","U","",21.1,"",84,"",18.4,"",997.0,"",1009.7,"",7,-.3,"",.0,"8",0,"8","80","2","6","","9","","","3","","","/","","",0,"8",.0,"8",.0,"8","","8",0,"8","","",.0,"8",.0,"8",.0,"8",.0,"8",.0,"8",.0,"8",.0,"8",.0,"8",.0,"8",0,"8",0,"8",0,"8","","",0,"8",0,"8"
"352190360","P£OCK","2006","08","01","11","4","",0,"8",0,"8","","","",7,"",0,"8",0,"8",8,"",160,"",3,"",0,"",22.3,"",.0,"8","U","",20.4,"",76,"",17.9,"",996.6,"",1009.2,"",8,-.6,"",.0,"8",0,"8","25","2","5","","3","","","3","","","/","","",0,"8",.0,"8",.0,"8","","8",0,"8","","",.0,"8",.0,"8",.0,"8",.0,"8",.0,"8",.0,"8",.0,"8",.0,"8",.0,"8",0,"8",0,"8",0,"8","","",0,"8",0,"8"
"352190360","P£OCK","2006","08","01","12","5","",0,"8",0,"8","","","",7,"",0,"8",0,"8",7,"",180,"",3,"",0,"",22.8,"",.0,"8","U","",19.1,"",69,"",16.8,"",996.3,"",1008.9,"",7,-.8,"",.1,"",6,"","25","2","4","","9","","","3","","","8","","",1,"",.0,"8",.0,"8","","8",0,"8","","",.0,"8",.0,"8",.0,"8",.0,"8",.0,"8",.0,"8",.0,"8",.0,"8",.0,"8",0,"8",0,"8",0,"8","","",0,"8",0,"8"
"352190360","P£OCK","2006","08","01","13","5","",0,"8",0,"8","","","",8,"",0,"8",0,"8",7,"",170,"",3,"",0,"",24.0,"",.0,"8","U","",18.5,"",62,"",16.3,"",995.5,"",1008.0,"",7,-1.5,"",.0,"8",0,"8","01","2","3","","3","","","3","","","8","","",0,"8",.0,"8",.0,"8","","8",0,"8","","",.0,"8",.0,"8",.0,"8",.0,"8",.0,"8",.0,"8",.0,"8",.0,"8",.0,"8",0,"8",0,"8",0,"8","","",0,"8",0,"8"
"352190360","P£OCK","2006","08","01","14","6","",0,"8",0,"8","","","",8,"",0,"8",0,"8",7,"",250,"",1,"",0,"",24.2,"",.0,"8","U","",17.2,"",57,"",15.1,"",995.0,"",1007.5,"",7,-1.6,"",.0,"8",0,"8","02","2","3","","3","","","3","","","8","","",0,"8",.0,"8",.0,"8","","8",0,"8","","",.0,"8",.0,"8",.0,"8",.0,"8",.0,"8",.0,"8",.0,"8",.0,"8",.0,"8",0,"8",0,"8",0,"8","","",0,"8",0,"8"
"352190360","P£OCK","2006","08","01","15","6","",0,"8",0,"8","","","",8,"",0,"8",0,"8",6,"",170,"",2,"",0,"",24.1,"",.0,"8","U","",16.8,"",56,"",14.8,"",994.4,"",1006.9,"",7,-1.9,"",.0,"8",0,"8","01","2","3","","2","","","3","","","8","","",0,"8",.0,"8",.0,"8","","8",0,"8","","",.0,"8",.0,"8",.0,"8",.0,"8",.0,"8",.0,"8",.0,"8",.0,"8",.0,"8",0,"8",0,"8",0,"8","","",0,"8",0,"8"
"352190360","P£OCK","2006","08","01","16","6","",0,"8",0,"8","","","",8,"",0,"8",0,"8",6,"",110,"",2,"",0,"",24.2,"",.0,"8","U","",17.2,"",57,"",15.1,"",993.9,"",1006.4,"",7,-1.6,"",.0,"8",0,"8","03","2","3","","3","","","3","","","8","","",0,"8",.0,"8",.0,"8","","8",0,"8","","",.0,"8",.0,"8",.0,"8",.0,"8",.0,"8",.0,"8",.0,"8",.0,"8",.0,"8",0,"8",0,"8",0,"8","","",0,"8",0,"8"
"352190360","P£OCK","2006","08","01","17","6","",0,"8",0,"8","","","",8,"",0,"8",0,"8",5,"",0,"",0,"",0,"",23.4,"",.0,"8","U","",16.9,"",59,"",14.9,"",993.4,"",1005.9,"",7,-1.6,"",.0,"8",0,"8","01","2","2","","3","","","3","","","8","","",0,"8",.0,"8",.0,"8","","8",0,"8","","",.0,"8",.0,"8",.0,"8",.0,"8",.0,"8",.0,"8",.0,"8",.0,"8",.0,"8",0,"8",0,"8",0,"8","","",0,"8",0,"8"
"352190360","P£OCK","2006","08","01","18","6","",0,"8",0,"8","","","",8,"",0,"8",0,"8",6,"",80,"",1,"",0,"",21.9,"",.0,"8","U","",18.3,"",70,"",16.2,"",993.3,"",1005.9,"",6,-1.1,"",.0,"9",0,"9","03","2","2","","9","","","6","","","8","","",1,"",.0,"8",.0,"8","","8",0,"8","","",.0,"8",.0,"8",.0,"8",.0,"8",.0,"8",.0,"8",.0,"8",.0,"8",.0,"8",0,"8",0,"8",0,"8","","",0,"8",0,"8"
"352190360","P£OCK","2006","08","01","19","6","",0,"8",0,"8","","","",7,"",0,"8",0,"8",7,"",130,"",2,"",0,"",21.3,"",.0,"8","U","",18.4,"",73,"",16.3,"",993.4,"",1006.0,"",5,-.5,"",.0,"8",0,"8","01","2","1","","9","","","6","","","8","","",0,"8",.0,"8",.0,"8","","8",0,"8","","",.0,"8",.0,"8",.0,"8",.0,"8",.0,"8",.0,"8",.0,"8",.0,"8",.0,"8",0,"8",0,"8",0,"8","","",0,"8",0,"8"
"352190360","P£OCK","2006","08","01","20","9","",0,"8",0,"8","","","",7,"",0,"8",0,"8",7,"",130,"",2,"",0,"",20.7,"",.0,"8","U","",19.0,"",78,"",16.7,"",993.1,"",1005.7,"",7,-.3,"",.0,"8",0,"8","01","2","6","","0","","","6","","","8","","",0,"8",.0,"8",.0,"8","","8",0,"8","","",.0,"8",.0,"8",.0,"8",.0,"8",.0,"8",.0,"8",.0,"8",.0,"8",.0,"8",0,"8",0,"8",0,"8","","",0,"8",0,"8"
"352190360","P£OCK","2006","08","01","21","9","",0,"8",0,"8","","","",7,"",0,"8",0,"8",7,"",100,"",2,"",0,"",19.8,"",.0,"8","U","",18.7,"",81,"",16.4,"",992.6,"",1005.3,"",8,-.7,"",.0,"8",0,"8","01","2","5","","0","","","3","","","8","","",0,"8",.0,"8",.0,"8","","8",0,"8","","",.0,"8",.0,"8",.0,"8",.0,"8",.0,"8",.0,"8",.0,"8",.0,"8",.0,"8",0,"8",0,"8",0,"8","","",0,"8",0,"8"
"352190360","P£OCK","2006","08","01","22","9","",0,"8",0,"8","","","",6,"",0,"8",0,"8",8,"",0,"",0,"",0,"",19.1,"",.0,"8","U","",19.0,"",86,"",16.7,"",992.1,"",1004.8,"",8,-1.3,"",.0,"8",0,"8","10","2","7","","0","","","5","","","/","","",0,"8",.0,"8",.0,"8","","8",0,"8","","",.0,"8",.0,"8",.0,"8",.0,"8",.0,"8",.0,"8",.0,"8",.0,"8",.0,"8",0,"8",0,"8",0,"8","","",0,"8",0,"8"
"352190360","P£OCK","2006","08","01","23","9","",0,"8",0,"8","","","",6,"",0,"8",0,"8",8,"",130,"",1,"",0,"",19.1,"",.0,"8","U","",19.6,"",89,"",17.2,"",991.9,"",1004.6,"",6,-1.2,"",.0,"8",0,"8","10","2","7","","0","","","3","","","/","","",0,"8",.0,"8",.0,"8","","8",0,"8","","",.0,"8",.0,"8",.0,"8",.0,"8",.0,"8",.0,"8",.0,"8",.0,"8",.0,"8",0,"8",0,"8",0,"8","","",0,"8",0,"8"
"352190360","P£OCK","2006","08","02","00","9","",0,"8",0,"8","","","",6,"",0,"8",0,"8",8,"",130,"",1,"",0,"",19.4,"",.0,"8","U","",19.3,"",86,"",17.0,"",991.5,"",1004.2,"",7,-1.1,"",.0,"9",0,"9","10","2","8","","0","","","3","","","/","","",1,"",.0,"8",.0,"8","","8",0,"8","","",.0,"8",.0,"8",.0,"8",.0,"8",.0,"8",.0,"8",.0,"8",.0,"8",.0,"8",0,"8",0,"8",0,"8","","",0,"8",0,"8"
"352190360","P£OCK","2006","08","02","01","6","",0,"8",0,"8","","","",6,"",0,"8",0,"8",8,"",180,"",1,"",0,"",18.9,"",.0,"8","U","",18.1,"",83,"",15.9,"",991.3,"",1004.0,"",7,-.8,"",.0,"8",0,"8","80","8","4","","9","","","7","","","/","","",0,"8",.0,"8",.0,"8","","8",0,"8","","",.0,"8",.0,"8",.0,"8",.0,"8",.0,"8",.0,"8",.0,"8",.0,"8",.0,"8",0,"8",0,"8",0,"8","","",0,"8",0,"8"
"352190360","P£OCK","2006","08","02","02","6","",0,"8",0,"8","","","",6,"",0,"8",0,"8",8,"",30,"",1,"",0,"",18.0,"",.0,"8","U","",18.3,"",89,"",16.2,"",991.0,"",1003.7,"",7,-.9,"",.0,"8",0,"8","25","2","2","","9","","","7","","","/","","",0,"8",.0,"8",.0,"8","","8",0,"8","","",.0,"8",.0,"8",.0,"8",.0,"8",.0,"8",.0,"8",.0,"8",.0,"8",.0,"8",0,"8",0,"8",0,"8","","",0,"8",0,"8"
"352190360","P£OCK","2006","08","02","03","9","",0,"8",0,"8","","","",6,"",0,"8",0,"8",8,"",160,"",2,"",0,"",18.1,"",.0,"8","U","",18.9,"",91,"",16.6,"",990.9,"",1003.6,"",7,-.6,"",.0,"8",0,"8","10","8","7","","0","","","3","","","/","","",0,"8",.0,"8",.0,"8","","8",0,"8","","",.0,"8",.0,"8",.0,"8",.0,"8",.0,"8",.0,"8",.0,"8",.0,"8",.0,"8",0,"8",0,"8",0,"8","","",0,"8",0,"8"
"352190360","P£OCK","2006","08","02","04","9","",0,"8",0,"8","","","",6,"",0,"8",0,"8",8,"",0,"",0,"",0,"",18.0,"",.0,"8","U","",18.7,"",91,"",16.5,"",990.7,"",1003.4,"",7,-.6,"",.0,"8",0,"8","10","2","7","","0","","","3","","","/","","",0,"8",.0,"8",.0,"8","","8",0,"8","","",.0,"8",.0,"8",.0,"8",.0,"8",.0,"8",.0,"8",.0,"8",.0,"8",.0,"8",0,"8",0,"8",0,"8","","",0,"8",0,"8"
"352190360","P£OCK","2006","08","02","05","9","",0,"8",0,"8","","","",6,"",0,"8",0,"8",7,"",160,"",2,"",0,"",18.6,"",.0,"8","U","",19.2,"",90,"",16.9,"",990.8,"",1003.5,"",5,-.2,"",.0,"8",0,"8","10","2","7","","0","","","3","","","/","","",0,"8",.0,"8",.0,"8","","8",0,"8","","",.0,"8",.0,"8",.0,"8",.0,"8",.0,"8",.0,"8",.0,"8",.0,"8",.0,"8",0,"8",0,"8",0,"8","","",0,"8",0,"8"
"352190360","P£OCK","2006","08","02","06","6","",0,"8",0,"8","","","",7,"",0,"8",0,"8",7,"",230,"",3,"",0,"",18.8,"",.0,"8","U","",18.2,"",84,"",16.0,"",990.9,"",1003.6,"",5,.0,"",.3,"",6,"","80","8","5","","9","","","3","","","/","","",1,"",.0,"8",.0,"8","","8",0,"8","","",.0,"8",.0,"8",.0,"8",.0,"8",.0,"8",.0,"8",.0,"8",.0,"8",.0,"8",0,"8",0,"8",0,"8","","",0,"8",0,"8"
"352190360","P£OCK","2006","08","02","07","5","",0,"8",0,"8","","","",7,"",0,"8",0,"8",8,"",270,"",5,"",0,"",18.4,"",.0,"8","U","",16.9,"",80,"",14.9,"",991.0,"",1003.7,"",2,.3,"",.0,"8",0,"8","80","8","6","","9","","","3","","","/","","",0,"8",.0,"8",.0,"8","","8",0,"8","","",.0,"8",.0,"8",.0,"8",.0,"8",.0,"8",.0,"8",.0,"8",.0,"8",.0,"8",0,"8",0,"8",0,"8","","",0,"8",0,"8"
"352190360","P£OCK","2006","08","02","08","5","",0,"8",0,"8","","","",7,"",0,"8",0,"8",8,"",250,"",3,"",0,"",17.9,"",.0,"8","U","",17.2,"",84,"",15.2,"",991.6,"",1004.3,"",3,.8,"",.0,"8",0,"8","80","8","3","","9","","","3","","","/","","",0,"8",.0,"8",.0,"8","","8",0,"8","","",.0,"8",.0,"8",.0,"8",.0,"8",.0,"8",.0,"8",.0,"8",.0,"8",.0,"8",0,"8",0,"8",0,"8","","",0,"8",0,"8"
"352190360","P£OCK","2006","08","02","09","5","",0,"8",0,"8","","","",7,"",0,"8",0,"8",7,"",280,"",4,"",0,"",18.2,"",.0,"8","U","",18.3,"",88,"",16.2,"",991.5,"",1004.2,"",0,.6,"",.0,"8",0,"8","80","8","5","","9","","","3","","","/","","",0,"8",.0,"8",.0,"8","","8",0,"8","","",.0,"8",.0,"8",.0,"8",.0,"8",.0,"8",.0,"8",.0,"8",.0,"8",.0,"8",0,"8",0,"8",0,"8","","",0,"8",0,"8"
"352190360","P£OCK","2006","08","02","10","4","",0,"8",0,"8","","","",7,"",0,"8",0,"8",7,"",260,"",4,"",0,"",19.7,"",.0,"8","U","",18.1,"",79,"",16.0,"",991.4,"",1004.1,"",0,.4,"",.0,"8",0,"8","25","2","5","","9","","","3","","","/","","",0,"8",.0,"8",.0,"8","","8",0,"8","","",.0,"8",.0,"8",.0,"8",.0,"8",.0,"8",.0,"8",.0,"8",.0,"8",.0,"8",0,"8",0,"8",0,"8","","",0,"8",0,"8"
"352190360","P£OCK","2006","08","02","11","6","",0,"8",0,"8","","","",8,"",0,"8",0,"8",3,"",270,"",6,"",0,"",21.0,"",.0,"8","U","",15.9,"",64,"",13.9,"",991.4,"",1004.0,"",6,-.2,"",.0,"8",0,"8","01","1","2","","2","","","3","","","0","","",0,"8",.0,"8",.0,"8","","8",0,"8","","",.0,"8",.0,"8",.0,"8",.0,"8",.0,"8",.0,"8",.0,"8",.0,"8",.0,"8",0,"8",0,"8",0,"8","","",0,"8",0,"8"
"352190360","P£OCK","2006","08","02","12","6","",0,"8",0,"8","","","",8,"",0,"8",0,"8",6,"",270,"",5,"",0,"",22.0,"",.0,"8","U","",15.0,"",57,"",13.1,"",991.5,"",1004.1,"",5,.0,"",1.1,"",6,"","03","8","4","","2","","","3","","","1","","",1,"",.0,"8",.0,"8","","8",0,"8","","",.0,"8",.0,"8",.0,"8",.0,"8",.0,"8",.0,"8",.0,"8",.0,"8",.0,"8",0,"8",0,"8",0,"8","","",0,"8",0,"8"
"352190360","P£OCK","2006","08","02","13","6","",0,"8",0,"8","","","",8,"",0,"8",0,"8",4,"",260,"",4,"",0,"",23.2,"",.0,"8","U","",13.0,"",46,"",10.9,"",991.4,"",1003.9,"",0,.0,"",.0,"8",0,"8","01","1","4","","2","","","0","","","0","","",0,"8",.0,"8",.0,"8","","8",0,"8","","",.0,"8",.0,"8",.0,"8",.0,"8",.0,"8",.0,"8",.0,"8",.0,"8",.0,"8",0,"8",0,"8",0,"8","","",0,"8",0,"8"
"352190360","P£OCK","2006","08","02","14","7","",0,"8",0,"8","","","",8,"",0,"8",0,"8",4,"",280,"",6,"",0,"",23.3,"",.0,"8","U","",12.0,"",42,"",9.7,"",991.4,"",1003.9,"",4,.0,"",.0,"8",0,"8","01","0","3","","2","","","3","","","0","","",0,"8",.0,"8",.0,"8","","8",0,"8","","",.0,"8",.0,"8",.0,"8",.0,"8",.0,"8",.0,"8",.0,"8",.0,"8",.0,"8",0,"8",0,"8",0,"8","","",0,"8",0,"8"
"352190360","P£OCK","2006","08","02","15","7","",0,"8",0,"8","","","",8,"",0,"8",0,"8",3,"",260,"",5,"",0,"",23.4,"",.0,"8","U","",10.0,"",35,"",7.1,"",991.2,"",1003.7,"",7,-.3,"",.0,"8",0,"8","01","1","2","","2","","","3","","","0","","",0,"8",.0,"8",.0,"8","","8",0,"8","","",.0,"8",.0,"8",.0,"8",.0,"8",.0,"8",.0,"8",.0,"8",.0,"8",.0,"8",0,"8",0,"8",0,"8","","",0,"8",0,"8"
"352190360","P£OCK","2006","08","02","16","7","",0,"8",0,"8","","","",8,"",0,"8",0,"8",3,"",260,"",4,"",0,"",24.4,"",.0,"8","U","",9.8,"",32,"",6.6,"",991.4,"",1003.9,"",5,.0,"",.0,"8",0,"8","02","0","2","","2","","","3","","","0","","",0,"8",.0,"8",.0,"8","","8",0,"8","","",.0,"8",.0,"8",.0,"8",.0,"8",.0,"8",.0,"8",.0,"8",.0,"8",.0,"8",0,"8",0,"8",0,"8","","",0,"8",0,"8"
"352190360","P£OCK","2006","08","02","17","7","",0,"8",0,"8","","","",8,"",0,"8",0,"8",3,"",240,"",5,"",0,"",23.2,"",.0,"8","U","",10.2,"",36,"",7.3,"",991.5,"",1004.0,"",3,.1,"",.0,"8",0,"8","03","0","1","","2","","","3","","","0","","",0,"8",.0,"8",.0,"8","","8",0,"8","","",.0,"8",.0,"8",.0,"8",.0,"8",.0,"8",.0,"8",.0,"8",.0,"8",.0,"8",0,"8",0,"8",0,"8","","",0,"8",0,"8"
"352190360","P£OCK","2006","08","02","18","7","",0,"8",0,"8","","","",8,"",0,"8",0,"8",3,"",230,"",3,"",0,"",21.6,"",.0,"8","U","",10.8,"",42,"",8.1,"",991.9,"",1004.5,"",2,.7,"",.0,"9",0,"9","02","1","1","","2","","","3","","","0","","",1,"",.0,"8",.0,"8","","8",0,"8","","",.0,"8",.0,"8",.0,"8",.0,"8",.0,"8",.0,"8",.0,"8",.0,"8",.0,"8",0,"8",0,"8",0,"8","","",0,"8",0,"8"
"352190360","P£OCK","2006","08","02","19","6","",0,"8",0,"8","","","",8,"",0,"8",0,"8",4,"",270,"",3,"",0,"",20.1,"",.0,"8","U","",11.3,"",48,"",8.7,"",992.7,"",1005.4,"",3,1.3,"",.0,"8",0,"8","03","0","2","","9","","","3","","","1","","",0,"8",.0,"8",.0,"8","","8",0,"8","","",.0,"8",.0,"8",.0,"8",.0,"8",.0,"8",.0,"8",.0,"8",.0,"8",.0,"8",0,"8",0,"8",0,"8","","",0,"8",0,"8"
"352190360","P£OCK","2006","08","02","20","6","",0,"8",0,"8","","","",8,"",0,"8",0,"8",6,"",220,"",3,"",0,"",19.0,"",.0,"8","U","",12.3,"",56,"",10.0,"",992.8,"",1005.5,"",2,1.3,"",.0,"8",0,"8","01","1","4","","5","","","3","","","1","","",0,"8",.0,"8",.0,"8","","8",0,"8","","",.0,"8",.0,"8",.0,"8",.0,"8",.0,"8",.0,"8",.0,"8",.0,"8",.0,"8",0,"8",0,"8",0,"8","","",0,"8",0,"8"
"352190360","P£OCK","2006","08","02","21","9","",0,"8",0,"8","","","",8,"",0,"8",0,"8",3,"",230,"",3,"",0,"",17.2,"",.0,"8","U","",12.3,"",63,"",10.1,"",993.0,"",1005.8,"",2,1.1,"",.0,"8",0,"8","01","1","2","","0","","","3","","","1","","",0,"8",.0,"8",.0,"8","","8",0,"8","","",.0,"8",.0,"8",.0,"8",.0,"8",.0,"8",.0,"8",.0,"8",.0,"8",.0,"8",0,"8",0,"8",0,"8","","",0,"8",0,"8"
"352190360","P£OCK","2006","08","02","22","9","",0,"8",0,"8","","","",8,"",0,"8",0,"8",3,"",290,"",2,"",0,"",16.7,"",.0,"8","U","",11.8,"",62,"",9.4,"",993.0,"",1005.8,"",1,.3,"",.0,"8",0,"8","02","0","2","","0","","","3","","","1","","",0,"8",.0,"8",.0,"8","","8",0,"8","","",.0,"8",.0,"8",.0,"8",.0,"8",.0,"8",.0,"8",.0,"8",.0,"8",.0,"8",0,"8",0,"8",0,"8","","",0,"8",0,"8"
"352190360","P£OCK","2006","08","02","23","9","",0,"8",0,"8","","","",8,"",0,"8",0,"8",1,"",210,"",1,"",0,"",13.6,"",.0,"8","U","",11.5,"",74,"",9.0,"",993.2,"",1006.2,"",2,.4,"",.0,"8",0,"8","01","0","0","","0","","","0","","","1","","",0,"8",.0,"8",.0,"8","","8",0,"8","","",.0,"8",.0,"8",.0,"8",.0,"8",.0,"8",.0,"8",.0,"8",.0,"8",.0,"8",0,"8",0,"8",0,"8","","",0,"8",0,"8"
"352190360","P£OCK","2006","08","03","00","9","",0,"8",0,"8","","","",8,"",0,"8",0,"8",2,"",0,"",0,"",0,"",13.9,"",.0,"8","U","",12.2,"",77,"",9.9,"",993.3,"",1006.2,"",3,.3,"",.0,"9",0,"9","03","1","2","","0","","","3","","","0","","",1,"",.0,"8",.0,"8","","8",0,"8","","",.0,"8",.0,"8",.0,"8",.0,"8",.0,"8",.0,"8",.0,"8",.0,"8",.0,"8",0,"8",0,"8",0,"8","","",0,"8",0,"8"
"352190360","P£OCK","2006","08","03","01","9","",0,"8",0,"8","","","",8,"",0,"8",0,"8",2,"",200,"",1,"",0,"",14.4,"",.0,"8","U","",12.6,"",77,"",10.4,"",993.5,"",1006.4,"",2,.5,"",.0,"8",0,"8","02","0","2","","0","","","3","","","0","","",0,"8",.0,"8",.0,"8","","8",0,"8","","",.0,"8",.0,"8",.0,"8",.0,"8",.0,"8",.0,"8",.0,"8",.0,"8",.0,"8",0,"8",0,"8",0,"8","","",0,"8",0,"8"
"352190360","P£OCK","2006","08","03","02","9","",0,"8",0,"8","","","",8,"",0,"8",0,"8",3,"",170,"",2,"",0,"",13.0,"",.0,"8","U","",12.0,"",80,"",9.6,"",993.3,"",1006.3,"",0,.1,"",.0,"8",0,"8","03","0","2","","0","","","3","","","1","","",0,"8",.0,"8",.0,"8","","8",0,"8","","",.0,"8",.0,"8",.0,"8",.0,"8",.0,"8",.0,"8",.0,"8",.0,"8",.0,"8",0,"8",0,"8",0,"8","","",0,"8",0,"8"
"352190360","P£OCK","2006","08","03","03","9","",0,"8",0,"8","","","",8,"",0,"8",0,"8",3,"",150,"",2,"",0,"",12.6,"",.0,"8","U","",12.1,"",83,"",9.8,"",993.3,"",1006.3,"",4,.0,"",.0,"8",0,"8","02","0","2","","0","","","3","","","1","","",0,"8",.0,"8",.0,"8","","8",0,"8","","",.0,"8",.0,"8",.0,"8",.0,"8",.0,"8",.0,"8",.0,"8",.0,"8",.0,"8",0,"8",0,"8",0,"8","","",0,"8",0,"8"
"352190360","P£OCK","2006","08","03","04","9","",0,"8",0,"8","","","",7,"",0,"8",0,"8",4,"",0,"",0,"",0,"",11.9,"",.0,"8","U","",12.0,"",86,"",9.6,"",993.6,"",1006.6,"",3,.1,"",.0,"8",0,"8","03","0","2","","0","","","3","","","1","","",0,"8",.0,"8",.0,"8","","8",0,"8","","",.0,"8",.0,"8",.0,"8",.0,"8",.0,"8",.0,"8",.0,"8",.0,"8",.0,"8",0,"8",0,"8",0,"8","","",0,"8",0,"8"
"352190360","P£OCK","2006","08","03","05","9","",0,"8",0,"8","","","",7,"",0,"8",0,"8",5,"",70,"",1,"",0,"",12.9,"",.0,"8","U","",13.2,"",89,"",11.1,"",993.6,"",1006.6,"",1,.3,"",.0,"8",0,"8","03","1","2","","0","","","3","","","6","","",0,"8",.0,"8",.0,"8","","8",0,"8","","",.0,"8",.0,"8",.0,"8",.0,"8",.0,"8",.0,"8",.0,"8",.0,"8",.0,"8",0,"8",0,"8",0,"8","","",0,"8",0,"8"
"352190360","P£OCK","2006","08","03","06","9","",0,"8",0,"8","","","",8,"",0,"8",0,"8",6,"",180,"",1,"",0,"",17.4,"",.0,"8","U","",13.7,"",69,"",11.7,"",993.5,"",1006.3,"",0,.2,"",.0,"9",0,"9","03","1","2","","0","","","3","","","6","","",0,"",.0,"8",.0,"8","","8",0,"8","","",.0,"8",.0,"8",.0,"8",.0,"8",.0,"8",.0,"8",.0,"8",.0,"8",.0,"8",0,"8",0,"8",0,"8","","",0,"8",0,"8"
"352190360","P£OCK","2006","08","03","07","6","",0,"8",0,"8","","","",8,"",0,"8",0,"8",5,"",230,"",2,"",0,"",19.1,"",.0,"8","U","",12.4,"",56,"",10.1,"",994.0,"",1006.7,"",3,.4,"",.0,"8",0,"8","03","2","1","","1","","","3","","","2","","",0,"8",.0,"8",.0,"8","","8",0,"8","","",.0,"8",.0,"8",.0,"8",.0,"8",.0,"8",.0,"8",.0,"8",.0,"8",.0,"8",0,"8",0,"8",0,"8","","",0,"8",0,"8"
"352190360","P£OCK","2006","08","03","08","6","",0,"8",0,"8","","","",8,"",0,"8",0,"8",4,"",200,"",2,"",0,"",21.2,"",.0,"8","U","",10.5,"",42,"",7.8,"",993.8,"",1006.4,"",0,.2,"",.0,"8",0,"8","03","1","1","","2","","","3","","","2","","",0,"8",.0,"8",.0,"8","","8",0,"8","","",.0,"8",.0,"8",.0,"8",.0,"8",.0,"8",.0,"8",.0,"8",.0,"8",.0,"8",0,"8",0,"8",0,"8","","",0,"8",0,"8"
"352190360","P£OCK","2006","08","03","09","6","",0,"8",0,"8","","","",8,"",0,"8",0,"8",4,"",160,"",2,"",0,"",21.8,"",.0,"8","U","",10.9,"",42,"",8.3,"",994.1,"",1006.7,"",2,.6,"",.0,"8",0,"8","03","1","1","","2","","","3","","","2","","",0,"8",.0,"8",.0,"8","","8",0,"8","","",.0,"8",.0,"8",.0,"8",.0,"8",.0,"8",.0,"8",.0,"8",.0,"8",.0,"8",0,"8",0,"8",0,"8","","",0,"8",0,"8"
"352190360","P£OCK","2006","08","03","10","7","",0,"8",0,"8","","","",8,"",0,"8",0,"8",4,"",180,"",3,"",0,"",23.9,"",.0,"8","U","",10.7,"",36,"",7.9,"",993.6,"",1006.1,"",7,-.4,"",.0,"8",0,"8","03","0","3","","2","","","0","","","1","","",0,"8",.0,"8",.0,"8","","8",0,"8","","",.0,"8",.0,"8",.0,"8",.0,"8",.0,"8",.0,"8",.0,"8",.0,"8",.0,"8",0,"8",0,"8",0,"8","","",0,"8",0,"8"
"352190360","P£OCK","2006","08","03","11","7","",0,"8",0,"8","","","",8,"",0,"8",0,"8",5,"",240,"",2,"",0,"",23.1,"",.0,"8","U","",10.2,"",36,"",7.2,"",993.6,"",1006.1,"",6,-.2,"",.0,"8",0,"8","03","1","5","","3","","","0","","","0","","",0,"8",.0,"8",.0,"8","","8",0,"8","","",.0,"8",.0,"8",.0,"8",.0,"8",.0,"8",.0,"8",.0,"8",.0,"8",.0,"8",0,"8",0,"8",0,"8","","",0,"8",0,"8"
"352190360","P£OCK","2006","08","03","12","7","",0,"8",0,"8","","","",8,"",0,"8",0,"8",6,"",200,"",1,"",0,"",24.7,"",.0,"8","U","",9.6,"",31,"",6.4,"",993.4,"",1005.9,"",7,-.7,"",.0,"9",0,"9","01","1","4","","3","","","3","","","0","","",0,"",.0,"8",.0,"8","","8",0,"8","","",.0,"8",.0,"8",.0,"8",.0,"8",.0,"8",.0,"8",.0,"8",.0,"8",.0,"8",0,"8",0,"8",0,"8","","",0,"8",0,"8"
"352190360","P£OCK","2006","08","03","13","7","",0,"8",0,"8","","","",8,"",0,"8",0,"8",7,"",200,"",2,"",0,"",23.7,"",.0,"8","U","",9.4,"",32,"",6.0,"",993.5,"",1006.0,"",5,-.1,"",.0,"8",0,"8","01","2","2","","2","","","5","","","/","","",0,"8",.0,"8",.0,"8","","8",0,"8","","",.0,"8",.0,"8",.0,"8",.0,"8",.0,"8",.0,"8",.0,"8",.0,"8",.0,"8",0,"8",0,"8",0,"8","","",0,"8",0,"8"
"352190360","P£OCK","2006","08","03","14","6","",0,"8",0,"8","","","",8,"",0,"8",0,"8",7,"",50,"",1,"",0,"",23.5,"",.0,"8","U","",10.1,"",35,"",7.1,"",993.4,"",1005.9,"",7,-.2,"",.0,"8",0,"8","25","2","4","","3","","","5","","","/","","",0,"8",.0,"8",.0,"8","","8",0,"8","","",.0,"8",.0,"8",.0,"8",.0,"8",.0,"8",.0,"8",.0,"8",.0,"8",.0,"8",0,"8",0,"8",0,"8","","",0,"8",0,"8"
"352190360","P£OCK","2006","08","03","15","6","",0,"8",0,"8","","","",8,"",0,"8",0,"8",8,"",300,"",3,"",0,"",23.0,"",.0,"8","U","",10.4,"",37,"",7.5,"",993.5,"",1006.0,"",2,.1,"",.0,"8",0,"8","03","8","4","","9","","","3","","","/","","",0,"8",.0,"8",.0,"8","","8",0,"8","","",.0,"8",.0,"8",.0,"8",.0,"8",.0,"8",.0,"8",.0,"8",.0,"8",.0,"8",0,"8",0,"8",0,"8","","",0,"8",0,"8"
"352190360","P£OCK","2006","08","03","16","7","",0,"8",0,"8","","","",8,"",0,"8",0,"8",8,"",360,"",3,"",0,"",23.3,"",.0,"8","U","",10.3,"",36,"",7.4,"",993.2,"",1005.7,"",7,-.3,"",.0,"8",0,"8","01","2","1","","2","","","7","","","/","","",0,"8",.0,"8",.0,"8","","8",0,"8","","",.0,"8",.0,"8",.0,"8",.0,"8",.0,"8",.0,"8",.0,"8",.0,"8",.0,"8",0,"8",0,"8",0,"8","","",0,"8",0,"8"
"352190360","P£OCK","2006","08","03","17","9","",0,"8",0,"8","","","",8,"",0,"8",0,"8",8,"",30,"",3,"",0,"",22.7,"",.0,"8","U","",10.5,"",38,"",7.6,"",993.5,"",1006.1,"",2,.1,"",.0,"8",0,"8","01","2","8","","0","","","7","","","/","","",0,"8",.0,"8",.0,"8","","8",0,"8","","",.0,"8",.0,"8",.0,"8",.0,"8",.0,"8",.0,"8",.0,"8",.0,"8",.0,"8",0,"8",0,"8",0,"8","","",0,"8",0,"8"
"352190360","P£OCK","2006","08","03","18","9","",0,"8",0,"8","","","",8,"",0,"8",0,"8",7,"",40,"",2,"",0,"",21.2,"",.0,"8","U","",11.1,"",44,"",8.5,"",993.7,"",1006.3,"",3,.2,"",.0,"",6,"","01","8","7","","0","","","7","","","/","","",0,"",.0,"8",.0,"8","","8",0,"8","","",.0,"8",.0,"8",.0,"8",.0,"8",.0,"8",.0,"8",.0,"8",.0,"8",.0,"8",0,"8",0,"8",0,"8","","",0,"8",0,"8"
"352190360","P£OCK","2006","08","03","19","9","",0,"8",0,"8","","","",8,"",0,"8",0,"8",7,"",40,"",2,"",0,"",20.3,"",.0,"8","U","",11.4,"",48,"",8.9,"",994.1,"",1006.8,"",2,.9,"",.0,"8",0,"8","02","2","7","","0","","","7","","","/","","",0,"8",.0,"8",.0,"8","","8",0,"8","","",.0,"8",.0,"8",.0,"8",.0,"8",.0,"8",.0,"8",.0,"8",.0,"8",.0,"8",0,"8",0,"8",0,"8","","",0,"8",0,"8"
"352190360","P£OCK","2006","08","03","20","9","",0,"8",0,"8","","","",8,"",0,"8",0,"8",8,"",30,"",2,"",0,"",20.3,"",.0,"8","U","",11.2,"",47,"",8.6,"",994.0,"",1006.7,"",0,.5,"",.0,"8",0,"8","03","2","8","","0","","","7","","","/","","",0,"8",.0,"8",.0,"8","","8",0,"8","","",.0,"8",.0,"8",.0,"8",.0,"8",.0,"8",.0,"8",.0,"8",.0,"8",.0,"8",0,"8",0,"8",0,"8","","",0,"8",0,"8"
"352190360","P£OCK","2006","08","03","21","9","",0,"8",0,"8","","","",8,"",0,"8",0,"8",8,"",120,"",3,"",0,"",20.0,"",.0,"8","U","",11.7,"",50,"",9.3,"",994.3,"",1007.0,"",2,.6,"",.0,"8",0,"8","02","2","8","","0","","","7","","","/","","",0,"8",.0,"8",.0,"8","","8",0,"8","","",.0,"8",.0,"8",.0,"8",.0,"8",.0,"8",.0,"8",.0,"8",.0,"8",.0,"8",0,"8",0,"8",0,"8","","",0,"8",0,"8"
"352190360","P£OCK","2006","08","03","22","9","",0,"8",0,"8","","","",8,"",0,"8",0,"8",8,"",40,"",3,"",0,"",21.2,"",.0,"8","U","",10.3,"",41,"",7.4,"",994.0,"",1006.6,"",7,-.1,"",.0,"8",0,"8","02","2","8","","0","","","7","","","/","","",0,"8",.0,"8",.0,"8","","8",0,"8","","",.0,"8",.0,"8",.0,"8",.0,"8",.0,"8",.0,"8",.0,"8",.0,"8",.0,"8",0,"8",0,"8",0,"8","","",0,"8",0,"8"
"352190360","P£OCK","2006","08","03","23","9","",0,"8",0,"8","","","",8,"",0,"8",0,"8",8,"",30,"",2,"",0,"",19.4,"",.0,"8","U","",10.8,"",48,"",8.1,"",993.6,"",1006.3,"",8,-.4,"",.0,"8",0,"8","02","2","8","","0","","","7","","","/","","",0,"8",.0,"8",.0,"8","","8",0,"8","","",.0,"8",.0,"8",.0,"8",.0,"8",.0,"8",.0,"8",.0,"8",.0,"8",.0,"8",0,"8",0,"8",0,"8","","",0,"8",0,"8"
"352190360","P£OCK","2006","08","04","00","9","",0,"8",0,"8","","","",8,"",0,"8",0,"8",7,"",50,"",2,"",0,"",18.5,"",.0,"8","U","",11.3,"",53,"",8.7,"",993.1,"",1005.8,"",8,-1.2,"",.0,"9",0,"9","01","2","7","","0","","","3","","","/","","",0,"",.0,"8",.0,"8","","8",0,"8","","",.0,"8",.0,"8",.0,"8",.0,"8",.0,"8",.0,"8",.0,"8",.0,"8",.0,"8",0,"8",0,"8",0,"8","","",0,"8",0,"8"
"352190360","P£OCK","2006","08","04","01","9","",0,"8",0,"8","","","",8,"",0,"8",0,"8",8,"",30,"",2,"",0,"",17.8,"",.0,"8","U","",11.6,"",57,"",9.2,"",992.6,"",1005.4,"",7,-1.4,"",.0,"8",0,"8","03","2","8","","0","","","7","","","/","","",0,"8",.0,"8",.0,"8","","8",0,"8","","",.0,"8",.0,"8",.0,"8",.0,"8",.0,"8",.0,"8",.0,"8",.0,"8",.0,"8",0,"8",0,"8",0,"8","","",0,"8",0,"8"
"352190360","P£OCK","2006","08","04","02","9","",0,"8",0,"8","","","",8,"",0,"8",0,"8",8,"",10,"",3,"",0,"",18.0,"",.0,"8","U","",11.9,"",58,"",9.6,"",992.2,"",1004.9,"",7,-1.4,"",.0,"8",0,"8","61","2","8","","0","","","7","","","/","","",0,"8",.0,"8",.0,"8","","8",0,"8","","",.0,"8",.0,"8",.0,"8",.0,"8",.0,"8",.0,"8",.0,"8",.0,"8",.0,"8",0,"8",0,"8",0,"8","","",0,"8",0,"8"
"352190360","P£OCK","2006","08","04","03","9","",0,"8",0,"8","","","",8,"",0,"8",0,"8",8,"",20,"",3,"",0,"",17.1,"",.0,"8","U","",12.6,"",65,"",10.5,"",992.2,"",1005.0,"",6,-.9,"",.0,"8",0,"8","61","2","8","","0","","","2","","","/","","",0,"8",.0,"8",.0,"8","","8",0,"8","","",.0,"8",.0,"8",.0,"8",.0,"8",.0,"8",.0,"8",.0,"8",.0,"8",.0,"8",0,"8",0,"8",0,"8","","",0,"8",0,"8"
"352190360","P£OCK","2006","08","04","04","7","",0,"8",0,"8","","","",7,"",0,"8",0,"8",8,"",10,"",3,"",0,"",15.3,"",.0,"8","U","",14.2,"",82,"",12.2,"",992.2,"",1005.1,"",6,-.4,"",.0,"8",0,"8","63","6","1","","5","","","2","","","/","","",0,"8",.0,"8",.0,"8","","8",0,"8","","",.0,"8",.0,"8",.0,"8",.0,"8",.0,"8",.0,"8",.0,"8",.0,"8",.0,"8",0,"8",0,"8",0,"8","","",0,"8",0,"8"
"352190360","P£OCK","2006","08","04","05","5","",0,"8",0,"8","","","",7,"",0,"8",0,"8",8,"",360,"",2,"",0,"",15.2,"",.0,"8","U","",14.5,"",84,"",12.5,"",992.2,"",1005.1,"",4,.0,"",.0,"8",0,"8","61","6","1","","5","","","7","","","/","","",0,"8",.0,"8",.0,"8","","8",0,"8","","",.0,"8",.0,"8",.0,"8",.0,"8",.0,"8",.0,"8",.0,"8",.0,"8",.0,"8",0,"8",0,"8",0,"8","","",0,"8",0,"8"
"352190360","P£OCK","2006","08","04","06","6","",0,"8",0,"8","","","",7,"",0,"8",0,"8",8,"",20,"",3,"",0,"",15.6,"",.0,"8","U","",15.0,"",85,"",13.1,"",992.1,"",1004.9,"",8,-.1,"",1.2,"",6,"","61","6","1","","5","","","7","","","/","","",1,"",.0,"8",.0,"8","","8",0,"8","","",.0,"8",.0,"8",.0,"8",.0,"8",.0,"8",.0,"8",.0,"8",.0,"8",.0,"8",0,"8",0,"8",0,"8","","",0,"8",0,"8"
"352190360","P£OCK","2006","08","04","07","5","",0,"8",0,"8","","","",6,"",0,"8",0,"8",8,"",30,"",3,"",0,"",15.4,"",.0,"8","U","",15.7,"",90,"",13.8,"",992.2,"",1005.1,"",5,.0,"",.0,"8",0,"8","63","6","5","","5","","","2","","","/","","",0,"8",.0,"8",.0,"8","","8",0,"8","","",.0,"8",.0,"8",.0,"8",.0,"8",.0,"8",.0,"8",.0,"8",.0,"8",.0,"8",0,"8",0,"8",0,"8","","",0,"8",0,"8"
"352190360","P£OCK","2006","08","04","08","5","",0,"8",0,"8","","","",6,"",0,"8",0,"8",8,"",350,"",3,"",0,"",16.0,"",.0,"8","U","",16.3,"",90,"",14.4,"",992.2,"",1005.0,"",4,.0,"",.0,"8",0,"8","61","6","3","","5","","","2","","","/","","",0,"8",.0,"8",.0,"8","","8",0,"8","","",.0,"8",.0,"8",.0,"8",.0,"8",.0,"8",.0,"8",.0,"8",.0,"8",.0,"8",0,"8",0,"8",0,"8","","",0,"8",0,"8"
"352190360","P£OCK","2006","08","04","09","6","",0,"8",0,"8","","","",6,"",0,"8",0,"8",8,"",360,"",4,"",0,"",16.3,"",.0,"8","U","",16.6,"",90,"",14.7,"",991.9,"",1004.7,"",8,-.2,"",.0,"8",0,"8","21","6","8","","5","","","/","","","/","","",0,"8",.0,"8",.0,"8","","8",0,"8","","",.0,"8",.0,"8",.0,"8",.0,"8",.0,"8",.0,"8",.0,"8",.0,"8",.0,"8",0,"8",0,"8",0,"8","","",0,"8",0,"8"
"352190360","P£OCK","2006","08","04","10","5","",0,"8",0,"8","","","",7,"",0,"8",0,"8",8,"",10,"",6,"",0,"",17.0,"",.0,"8","U","",16.0,"",83,"",14.1,"",992.1,"",1004.9,"",5,-.1,"",.0,"8",0,"8","01","2","5","","5","","","7","","","/","","",0,"8",.0,"8",.0,"8","","8",0,"8","","",.0,"8",.0,"8",.0,"8",.0,"8",.0,"8",.0,"8",.0,"8",.0,"8",.0,"8",0,"8",0,"8",0,"8","","",0,"8",0,"8"
"352190360","P£OCK","2006","08","04","11","5","",0,"8",0,"8","","","",7,"",0,"8",0,"8",8,"",10,"",6,"",0,"",17.7,"",.0,"8","U","",15.8,"",78,"",13.8,"",991.9,"",1004.7,"",7,-.3,"",.0,"8",0,"8","01","2","3","","5","","","7","","","/","","",0,"8",.0,"8",.0,"8","","8",0,"8","","",.0,"8",.0,"8",.0,"8",.0,"8",.0,"8",.0,"8",.0,"8",.0,"8",.0,"8",0,"8",0,"8",0,"8","","",0,"8",0,"8"
"352190360","P£OCK","2006","08","04","12","4","",0,"8",0,"8","","","",6,"",0,"8",0,"8",8,"",20,"",5,"",0,"",16.6,"",.0,"8","U","",16.2,"",86,"",14.2,"",991.9,"",1004.7,"",4,.0,"",1.2,"",6,"","61","6","5","","5","","","7","","","/","","",1,"",.0,"8",.0,"8","","8",0,"8","","",.0,"8",.0,"8",.0,"8",.0,"8",.0,"8",.0,"8",.0,"8",.0,"8",.0,"8",0,"8",0,"8",0,"8","","",0,"8",0,"8"
"352190360","P£OCK","2006","08","04","13","4","",0,"8",0,"8","","","",6,"",0,"8",0,"8",8,"",30,"",6,"",0,"",16.0,"",.0,"8","U","",16.1,"",89,"",14.2,"",992.0,"",1004.8,"",5,-.1,"",.0,"8",0,"8","61","6","6","","5","","","2","","","/","","",0,"8",.0,"8",.0,"8","","8",0,"8","","",.0,"8",.0,"8",.0,"8",.0,"8",.0,"8",.0,"8",.0,"8",.0,"8",.0,"8",0,"8",0,"8",0,"8","","",0,"8",0,"8"
"352190360","P£OCK","2006","08","04","14","4","",0,"8",0,"8","","","",6,"",0,"8",0,"8",8,"",20,"",7,"",0,"",15.7,"",.0,"8","U","",16.4,"",92,"",14.4,"",991.9,"",1004.7,"",0,.0,"",.0,"8",0,"8","63","6","6","","5","","","2","","","/","","",0,"8",.0,"8",.0,"8","","8",0,"8","","",.0,"8",.0,"8",.0,"8",.0,"8",.0,"8",.0,"8",.0,"8",.0,"8",.0,"8",0,"8",0,"8",0,"8","","",0,"8",0,"8"
"352190360","P£OCK","2006","08","04","15","3","",0,"8",0,"8","","","",5,"",0,"8",0,"8",8,"",20,"",5,"",0,"",16.1,"",.0,"8","U","",17.2,"",94,"",15.1,"",991.7,"",1004.5,"",8,-.2,"",.0,"8",0,"8","61","6","6","","7","","","2","","","/","","",0,"8",.0,"8",.0,"8","","8",0,"8","","",.0,"8",.0,"8",.0,"8",.0,"8",.0,"8",.0,"8",.0,"8",.0,"8",.0,"8",0,"8",0,"8",0,"8","","",0,"8",0,"8"
"352190360","P£OCK","2006","08","04","16","3","",0,"8",0,"8","","","",6,"",0,"8",0,"8",8,"",20,"",6,"",0,"",16.1,"",.0,"8","U","",17.0,"",93,"",15.0,"",991.3,"",1004.1,"",8,-.7,"",.0,"8",0,"8","61","6","6","","7","","","2","","","/","","",0,"8",.0,"8",.0,"8","","8",0,"8","","",.0,"8",.0,"8",.0,"8",.0,"8",.0,"8",.0,"8",.0,"8",.0,"8",.0,"8",0,"8",0,"8",0,"8","","",0,"8",0,"8"
"352190360","P£OCK","2006","08","04","17","2","",0,"8",0,"8","","","",6,"",0,"8",0,"8",8,"",20,"",5,"",0,"",16.3,"",.0,"8","U","",17.2,"",93,"",15.2,"",991.4,"",1004.2,"",5,-.5,"",.0,"8",0,"8","61","6","6","","7","","","2","","","/","","",0,"8",.0,"8",.0,"8","","8",0,"8","","",.0,"8",.0,"8",.0,"8",.0,"8",.0,"8",.0,"8",.0,"8",.0,"8",.0,"8",0,"8",0,"8",0,"8","","",0,"8",0,"8"
"352190360","P£OCK","2006","08","04","18","2","",0,"8",0,"8","","","",6,"",0,"8",0,"8",8,"",20,"",6,"",0,"",16.0,"",.0,"8","U","",17.1,"",94,"",15.0,"",991.2,"",1004.0,"",7,-.5,"",5.2,"",6,"","61","6","6","","7","","","2","","","/","","",1,"",.0,"8",.0,"8","","8",0,"8","","",.0,"8",.0,"8",.0,"8",.0,"8",.0,"8",.0,"8",.0,"8",.0,"8",.0,"8",0,"8",0,"8",0,"8","","",0,"8",0,"8"
"352190360","P£OCK","2006","08","04","19","2","",0,"8",0,"8","","","",6,"",0,"8",0,"8",8,"",30,"",7,"",0,"",15.9,"",.0,"8","U","",16.8,"",93,"",14.8,"",991.8,"",1004.6,"",2,.5,"",.0,"8",0,"8","61","6","6","","7","","","2","","","/","","",0,"8",.0,"8",.0,"8","","8",0,"8","","",.0,"8",.0,"8",.0,"8",.0,"8",.0,"8",.0,"8",.0,"8",.0,"8",.0,"8",0,"8",0,"8",0,"8","","",0,"8",0,"8"
"352190360","P£OCK","2006","08","04","20","2","",0,"8",0,"8","","","",6,"",0,"8",0,"8",8,"",30,"",6,"",0,"",15.9,"",.0,"8","U","",16.8,"",93,"",14.8,"",991.2,"",1004.0,"",7,-.2,"",.0,"8",0,"8","21","2","8","","6","","","/","","","/","","",0,"8",.0,"8",.0,"8","","8",0,"8","","",.0,"8",.0,"8",.0,"8",.0,"8",.0,"8",.0,"8",.0,"8",.0,"8",.0,"8",0,"8",0,"8",0,"8","","",0,"8",0,"8"
"352190360","P£OCK","2006","08","04","21","2","",0,"8",0,"8","","","",5,"",0,"8",0,"8",8,"",40,"",5,"",10,"",16.0,"",.0,"8","U","",16.9,"",93,"",14.9,"",991.0,"",1003.8,"",8,-.2,"",.0,"8",0,"8","61","6","6","","7","","","2","","","/","","",0,"8",.0,"8",.0,"8","","8",0,"8","","",.0,"8",.0,"8",.0,"8",.0,"8",.0,"8",.0,"8",.0,"8",.0,"8",.0,"8",0,"8",0,"8",0,"8","","",0,"8",0,"8"
"352190360","P£OCK","2006","08","04","22","2","",0,"8",0,"8","","","",5,"",0,"8",0,"8",8,"",40,"",4,"",0,"",16.0,"",.0,"8","U","",17.1,"",94,"",15.0,"",991.0,"",1003.8,"",6,-.8,"",.0,"8",0,"8","61","6","6","","7","","","2","","","/","","",0,"8",.0,"8",.0,"8","","8",0,"8","","",.0,"8",.0,"8",.0,"8",.0,"8",.0,"8",.0,"8",.0,"8",.0,"8",.0,"8",0,"8",0,"8",0,"8","","",0,"8",0,"8"
"352190360","P£OCK","2006","08","04","23","2","",0,"8",0,"8","","","",6,"",0,"8",0,"8",8,"",50,"",3,"",0,"",16.0,"",.0,"8","U","",17.1,"",94,"",15.0,"",991.0,"",1003.8,"",6,-.2,"",.0,"8",0,"8","61","6","6","","7","","","2","","","/","","",0,"8",.0,"8",.0,"8","","8",0,"8","","",.0,"8",.0,"8",.0,"8",.0,"8",.0,"8",.0,"8",.0,"8",.0,"8",.0,"8",0,"8",0,"8",0,"8","","",0,"8",0,"8"
"352190360","P£OCK","2006","08","05","00","2","",0,"8",0,"8","","","",5,"",0,"8",0,"8",8,"",50,"",3,"",0,"",16.2,"",.0,"8","U","",17.3,"",94,"",15.2,"",990.6,"",1003.4,"",8,-.4,"",.8,"",6,"","21","6","8","","6","","","/","","","/","","",1,"",.0,"8",.0,"8","","8",0,"8","","",.0,"8",.0,"8",.0,"8",.0,"8",.0,"8",.0,"8",.0,"8",.0,"8",.0,"8",0,"8",0,"8",0,"8","","",0,"8",0,"8"
"352190360","P£OCK","2006","08","05","01","2","",0,"8",0,"8","","","",5,"",0,"8",0,"8",8,"",80,"",2,"",0,"",16.4,"",.0,"8","U","",17.7,"",95,"",15.6,"",990.5,"",1003.3,"",8,-.5,"",.0,"8",0,"8","10","2","8","","5","","","/","","","/","","",0,"8",.0,"8",.0,"8","","8",0,"8","","",.0,"8",.0,"8",.0,"8",.0,"8",.0,"8",.0,"8",.0,"8",.0,"8",.0,"8",0,"8",0,"8",0,"8","","",0,"8",0,"8"
"352190360","P£OCK","2006","08","05","02","6","",0,"8",0,"8","","","",5,"",0,"8",0,"8",8,"",120,"",2,"",0,"",16.4,"",.0,"8","U","",17.5,"",94,"",15.4,"",990.5,"",1003.3,"",6,-.5,"",.0,"8",0,"8","25","8","8","","9","","","/","","","/","","",0,"8",.0,"8",.0,"8","","8",0,"8","","",.0,"8",.0,"8",.0,"8",.0,"8",.0,"8",.0,"8",.0,"8",.0,"8",.0,"8",0,"8",0,"8",0,"8","","",0,"8",0,"8"
"352190360","P£OCK","2006","08","05","03","3","",0,"8",0,"8","","","",5,"",0,"8",0,"8",8,"",110,"",2,"",0,"",16.4,"",.0,"8","U","",17.5,"",94,"",15.4,"",990.8,"",1003.6,"",3,.2,"",.0,"8",0,"8","10","8","8","","5","","","/","","","/","","",0,"8",.0,"8",.0,"8","","8",0,"8","","",.0,"8",.0,"8",.0,"8",.0,"8",.0,"8",.0,"8",.0,"8",.0,"8",.0,"8",0,"8",0,"8",0,"8","","",0,"8",0,"8"
"352190360","P£OCK","2006","08","05","04","5","",0,"8",0,"8","","","",5,"",0,"8",0,"8",7,"",100,"",3,"",0,"",16.4,"",.0,"8","U","",17.5,"",94,"",15.4,"",991.0,"",1003.8,"",3,.5,"",.0,"8",0,"8","10","2","7","","5","","","/","","","/","","",0,"8",.0,"8",.0,"8","","8",0,"8","","",.0,"8",.0,"8",.0,"8",.0,"8",.0,"8",.0,"8",.0,"8",.0,"8",.0,"8",0,"8",0,"8",0,"8","","",0,"8",0,"8"
"352190360","P£OCK","2006","08","05","05","2","",0,"8",0,"8","","","",5,"",0,"8",0,"8",7,"",110,"",4,"",0,"",16.1,"",.0,"8","U","",17.0,"",93,"",15.0,"",991.0,"",1003.8,"",1,.5,"",.0,"8",0,"8","10","2","7","","6","","","/","","","/","","",0,"8",.0,"8",.0,"8","","8",0,"8","","",.0,"8",.0,"8",.0,"8",.0,"8",.0,"8",.0,"8",.0,"8",.0,"8",.0,"8",0,"8",0,"8",0,"8","","",0,"8",0,"8"
"352190360","P£OCK","2006","08","05","06","3","",0,"8",0,"8","","","",6,"",0,"8",0,"8",7,"",130,"",4,"",0,"",16.8,"",.0,"8","U","",17.0,"",89,"",15.0,"",991.4,"",1004.2,"",2,.6,"",.4,"",6,"","10","8","7","","6","","","/","","","/","","",1,"",.0,"8",.0,"8","","8",0,"8","","",.0,"8",.0,"8",.0,"8",.0,"8",.0,"8",.0,"8",.0,"8",.0,"8",.0,"8",0,"8",0,"8",0,"8","","",0,"8",0,"8"
"352190360","P£OCK","2006","08","05","07","3","",0,"8",0,"8","","","",6,"",0,"8",0,"8",8,"",130,"",3,"",0,"",16.9,"",.0,"8","U","",16.9,"",88,"",14.9,"",992.0,"",1004.8,"",3,1.0,"",.0,"8",0,"8","10","2","7","","5","","","/","","","/","","",0,"8",.0,"8",.0,"8","","8",0,"8","","",.0,"8",.0,"8",.0,"8",.0,"8",.0,"8",.0,"8",.0,"8",.0,"8",.0,"8",0,"8",0,"8",0,"8","","",0,"8",0,"8"
"352190360","P£OCK","2006","08","05","08","4","",0,"8",0,"8","","","",7,"",0,"8",0,"8",8,"",120,"",3,"",0,"",17.1,"",.0,"8","U","",16.7,"",86,"",14.7,"",992.4,"",1005.2,"",2,1.4,"",.0,"8",0,"8","03","2","8","","5","","","/","","","/","","",0,"8",.0,"8",.0,"8","","8",0,"8","","",.0,"8",.0,"8",.0,"8",.0,"8",.0,"8",.0,"8",.0,"8",.0,"8",.0,"8",0,"8",0,"8",0,"8","","",0,"8",0,"8"
"352190360","P£OCK","2006","08","05","09","4","",0,"8",0,"8","","","",7,"",0,"8",0,"8",8,"",120,"",4,"",0,"",17.6,"",.0,"8","U","",16.5,"",82,"",14.5,"",992.8,"",1005.6,"",1,1.4,"",.0,"8",0,"8","01","2","7","","5","","","/","","","/","","",0,"8",.0,"8",.0,"8","","8",0,"8","","",.0,"8",.0,"8",.0,"8",.0,"8",.0,"8",.0,"8",.0,"8",.0,"8",.0,"8",0,"8",0,"8",0,"8","","",0,"8",0,"8"
"352190360","P£OCK","2006","08","05","10","4","",0,"8",0,"8","","","",7,"",0,"8",0,"8",8,"",150,"",3,"",0,"",18.0,"",.0,"8","U","",16.7,"",81,"",14.7,"",993.1,"",1005.9,"",2,1.1,"",.0,"8",0,"8","03","2","7","","3","","","/","","","/","","",0,"8",.0,"8",.0,"8","","8",0,"8","","",.0,"8",.0,"8",.0,"8",.0,"8",.0,"8",.0,"8",.0,"8",.0,"8",.0,"8",0,"8",0,"8",0,"8","","",0,"8",0,"8"
"352190360","P£OCK","2006","08","05","11","5","",0,"8",0,"8","","","",7,"",0,"8",0,"8",8,"",110,"",3,"",0,"",18.5,"",.0,"8","U","",16.1,"",76,"",14.2,"",993.3,"",1006.0,"",1,.9,"",.0,"8",0,"8","03","2","8","","9","","","/","","","/","","",0,"8",.0,"8",.0,"8","","8",0,"8","","",.0,"8",.0,"8",.0,"8",.0,"8",.0,"8",.0,"8",.0,"8",.0,"8",.0,"8",0,"8",0,"8",0,"8","","",0,"8",0,"8"
"352190360","P£OCK","2006","08","05","12","5","",0,"8",0,"8","","","",8,"",0,"8",0,"8",7,"",110,"",3,"",0,"",19.9,"",.0,"8","U","",14.8,"",64,"",12.9,"",993.3,"",1006.0,"",1,.5,"",.0,"9",0,"9","01","2","7","","8","","","/","","","/","","",1,"",.0,"8",.0,"8","","8",0,"8","","",.0,"8",.0,"8",.0,"8",.0,"8",.0,"8",.0,"8",.0,"8",.0,"8",.0,"8",0,"8",0,"8",0,"8","","",0,"8",0,"8"
"352190360","P£OCK","2006","08","05","13","5","",0,"8",0,"8","","","",8,"",0,"8",0,"8",7,"",120,"",4,"",0,"",20.6,"",.0,"8","U","",15.2,"",63,"",13.3,"",993.5,"",1006.1,"",2,.4,"",.0,"8",0,"8","01","2","7","","8","","","/","","","/","","",0,"8",.0,"8",.0,"8","","8",0,"8","","",.0,"8",.0,"8",.0,"8",.0,"8",.0,"8",.0,"8",.0,"8",.0,"8",.0,"8",0,"8",0,"8",0,"8","","",0,"8",0,"8"
"352190360","P£OCK","2006","08","05","14","5","",0,"8",0,"8","","","",8,"",0,"8",0,"8",7,"",130,"",4,"",0,"",21.0,"",.0,"8","U","",14.6,"",59,"",12.7,"",993.8,"",1006.4,"",3,.5,"",.0,"8",0,"8","03","2","7","","3","","","/","","","/","","",0,"8",.0,"8",.0,"8","","8",0,"8","","",.0,"8",.0,"8",.0,"8",.0,"8",.0,"8",.0,"8",.0,"8",.0,"8",.0,"8",0,"8",0,"8",0,"8","","",0,"8",0,"8"
"352190360","P£OCK","2006","08","05","15","6","",0,"8",0,"8","","","",8,"",0,"8",0,"8",7,"",150,"",2,"",0,"",19.1,"",.0,"8","U","",16.1,"",73,"",14.1,"",993.9,"",1006.6,"",2,.6,"",.0,"8",0,"8","25","2","7","","9","","","/","","","/","","",0,"8",.0,"8",.0,"8","","8",0,"8","","",.0,"8",.0,"8",.0,"8",.0,"8",.0,"8",.0,"8",.0,"8",.0,"8",.0,"8",0,"8",0,"8",0,"8","","",0,"8",0,"8"
"352190360","P£OCK","2006","08","05","16","7","",0,"8",0,"8","","","",8,"",0,"8",0,"8",7,"",180,"",2,"",0,"",20.3,"",.0,"8","U","",15.4,"",65,"",13.5,"",993.6,"",1006.3,"",0,.1,"",.0,"8",0,"8","01","2","2","","5","","","3","","","8","","",0,"8",.0,"8",.0,"8","","8",0,"8","","",.0,"8",.0,"8",.0,"8",.0,"8",.0,"8",.0,"8",.0,"8",.0,"8",.0,"8",0,"8",0,"8",0,"8","","",0,"8",0,"8"
"352190360","P£OCK","2006","08","05","17","6","",0,"8",0,"8","","","",8,"",0,"8",0,"8",8,"",130,"",2,"",0,"",20.2,"",.0,"8","U","",14.9,"",63,"",12.9,"",994.0,"",1006.7,"",2,.2,"",.0,"8",0,"8","03","2","1","","3","","","3","","","7","","",0,"8",.0,"8",.0,"8","","8",0,"8","","",.0,"8",.0,"8",.0,"8",.0,"8",.0,"8",.0,"8",.0,"8",.0,"8",.0,"8",0,"8",0,"8",0,"8","","",0,"8",0,"8"
"352190360","P£OCK","2006","08","05","18","6","",0,"8",0,"8","","","",8,"",0,"8",0,"8",8,"",160,"",1,"",0,"",19.4,"",.0,"8","U","",15.3,"",68,"",13.3,"",994.7,"",1007.4,"",3,.8,"",.1,"",6,"","03","8","2","","9","","","5","","","7","","",1,"",.0,"8",.0,"8","","8",0,"8","","",.0,"8",.0,"8",.0,"8",.0,"8",.0,"8",.0,"8",.0,"8",.0,"8",.0,"8",0,"8",0,"8",0,"8","","",0,"8",0,"8"
"352190360","P£OCK","2006","08","05","19","6","",0,"8",0,"8","","","",8,"",0,"8",0,"8",8,"",0,"",0,"",0,"",18.2,"",.0,"8","U","",16.5,"",79,"",14.5,"",994.7,"",1007.5,"",1,1.1,"",.0,"8",0,"8","03","2","4","","9","","","3","","","7","","",0,"8",.0,"8",.0,"8","","8",0,"8","","",.0,"8",.0,"8",.0,"8",.0,"8",.0,"8",.0,"8",.0,"8",.0,"8",.0,"8",0,"8",0,"8",0,"8","","",0,"8",0,"8"
"352190360","P£OCK","2006","08","05","20","6","",0,"8",0,"8","","","",7,"",0,"8",0,"8",8,"",300,"",1,"",0,"",17.2,"",.0,"8","U","",16.3,"",83,"",14.3,"",994.6,"",1007.4,"",0,.6,"",.0,"8",0,"8","01","2","6","","5","","","3","","","7","","",0,"8",.0,"8",.0,"8","","8",0,"8","","",.0,"8",.0,"8",.0,"8",.0,"8",.0,"8",.0,"8",.0,"8",.0,"8",.0,"8",0,"8",0,"8",0,"8","","",0,"8",0,"8"
"352190360","P£OCK","2006","08","05","21","6","",0,"8",0,"8","","","",7,"",0,"8",0,"8",8,"",0,"",0,"",0,"",16.7,"",.0,"8","U","",16.5,"",87,"",14.5,"",994.9,"",1007.7,"",3,.2,"",.0,"8",0,"8","03","2","7","","5","","","/","","","/","","",0,"8",.0,"8",.0,"8","","8",0,"8","","",.0,"8",.0,"8",.0,"8",.0,"8",.0,"8",.0,"8",.0,"8",.0,"8",.0,"8",0,"8",0,"8",0,"8","","",0,"8",0,"8"
"352190360","P£OCK","2006","08","05","22","9","",0,"8",0,"8","","","",6,"",0,"8",0,"8",8,"",0,"",0,"",0,"",16.5,"",.0,"8","U","",16.5,"",88,"",14.5,"",994.9,"",1007.7,"",2,.2,"",.0,"8",0,"8","10","2","8","","0","","","7","","","/","","",0,"8",.0,"8",.0,"8","","8",0,"8","","",.0,"8",.0,"8",.0,"8",.0,"8",.0,"8",.0,"8",.0,"8",.0,"8",.0,"8",0,"8",0,"8",0,"8","","",0,"8",0,"8"
"352190360","P£OCK","2006","08","05","23","9","",0,"8",0,"8","","","",6,"",0,"8",0,"8",8,"",100,"",1,"",0,"",16.2,"",.0,"8","U","",16.5,"",90,"",14.6,"",994.8,"",1007.7,"",0,.2,"",.0,"8",0,"8","61","2","8","","0","","","7","","","/","","",0,"8",.0,"8",.0,"8","","8",0,"8","","",.0,"8",.0,"8",.0,"8",.0,"8",.0,"8",.0,"8",.0,"8",.0,"8",.0,"8",0,"8",0,"8",0,"8","","",0,"8",0,"8"
"352190360","P£OCK","2006","08","06","00","9","",0,"8",0,"8","","","",6,"",0,"8",0,"8",8,"",0,"",0,"",0,"",16.2,"",.0,"8","U","",16.7,"",91,"",14.7,"",994.4,"",1007.3,"",8,-.5,"",.0,"",6,"","60","2","8","","0","","","7","","","/","","",1,"",.0,"8",.0,"8","","8",0,"8","","",.0,"8",.0,"8",.0,"8",.0,"8",.0,"8",.0,"8",.0,"8",.0,"8",.0,"8",0,"8",0,"8",0,"8","","",0,"8",0,"8"
"352190360","P£OCK","2006","08","06","01","9","",0,"8",0,"8","","","",6,"",0,"8",0,"8",8,"",0,"",0,"",0,"",16.1,"",.0,"8","U","",16.8,"",92,"",14.8,"",994.2,"",1007.1,"",7,-.7,"",.0,"8",0,"8","60","6","8","","0","","","7","","","/","","",0,"8",.0,"8",.0,"8","","8",0,"8","","",.0,"8",.0,"8",.0,"8",.0,"8",.0,"8",.0,"8",.0,"8",.0,"8",.0,"8",0,"8",0,"8",0,"8","","",0,"8",0,"8"
"352190360","P£OCK","2006","08","06","02","6","",0,"8",0,"8","","","",6,"",0,"8",0,"8",8,"",240,"",1,"",0,"",16.2,"",.0,"8","U","",16.9,"",92,"",14.9,"",994.1,"",1006.9,"",6,-.7,"",.0,"8",0,"8","61","6","3","","5","","","2","","","/","","",0,"8",.0,"8",.0,"8","","8",0,"8","","",.0,"8",.0,"8",.0,"8",.0,"8",.0,"8",.0,"8",.0,"8",.0,"8",.0,"8",0,"8",0,"8",0,"8","","",0,"8",0,"8"
"352190360","P£OCK","2006","08","06","03","6","",0,"8",0,"8","","","",6,"",0,"8",0,"8",8,"",0,"",0,"",0,"",15.8,"",.0,"8","U","",16.7,"",93,"",14.7,"",994.1,"",1007.0,"",6,-.3,"",.0,"8",0,"8","65","6","6","","5","","","2","","","/","","",0,"8",.0,"8",.0,"8","","8",0,"8","","",.0,"8",.0,"8",.0,"8",.0,"8",.0,"8",.0,"8",.0,"8",.0,"8",.0,"8",0,"8",0,"8",0,"8","","",0,"8",0,"8"
"352190360","P£OCK","2006","08","06","04","5","",0,"8",0,"8","","","",6,"",0,"8",0,"8",8,"",270,"",2,"",0,"",16.0,"",.0,"8","U","",16.9,"",93,"",14.9,"",993.5,"",1006.3,"",7,-.7,"",.0,"8",0,"8","61","6","7","","5","","","2","","","/","","",0,"8",.0,"8",.0,"8","","8",0,"8","","",.0,"8",.0,"8",.0,"8",.0,"8",.0,"8",.0,"8",.0,"8",.0,"8",.0,"8",0,"8",0,"8",0,"8","","",0,"8",0,"8"
"352190360","P£OCK","2006","08","06","05","2","",0,"8",0,"8","","","",6,"",0,"8",0,"8",8,"",290,"",3,"",0,"",15.9,"",.0,"8","U","",16.9,"",94,"",14.9,"",993.2,"",1006.0,"",8,-.9,"",.0,"8",0,"8","61","6","7","","5","","","/","","","/","","",0,"8",.0,"8",.0,"8","","8",0,"8","","",.0,"8",.0,"8",.0,"8",.0,"8",.0,"8",.0,"8",.0,"8",.0,"8",.0,"8",0,"8",0,"8",0,"8","","",0,"8",0,"8"
"352190360","P£OCK","2006","08","06","06","2","",0,"8",0,"8","","","",5,"",0,"8",0,"8",8,"",300,"",3,"",0,"",16.6,"",.0,"8","U","",17.9,"",95,"",15.8,"",992.5,"",1005.3,"",7,-1.6,"",10.5,"",6,"","63","6","6","","7","","","2","","","/","","",2,"",.0,"8",.0,"8","","8",0,"8","","",.0,"8",.0,"8",.0,"8",.0,"8",.0,"8",.0,"8",.0,"8",.0,"8",.0,"8",0,"8",0,"8",0,"8","","",0,"8",0,"8"
"352190360","P£OCK","2006","08","06","07","2","",0,"8",0,"8","","","",6,"",0,"8",0,"8",8,"",10,"",5,"",0,"",17.4,"",.0,"8","U","",18.6,"",94,"",16.4,"",992.3,"",1005.1,"",7,-1.2,"",.0,"8",0,"8","65","6","5","","7","","","2","","","/","","",0,"8",.0,"8",.0,"8","","8",0,"8","","",.0,"8",.0,"8",.0,"8",.0,"8",.0,"8",.0,"8",.0,"8",.0,"8",.0,"8",0,"8",0,"8",0,"8","","",0,"8",0,"8"
"352190360","P£OCK","2006","08","06","08","2","",0,"8",0,"8","","","",7,"",0,"8",0,"8",8,"",350,"",4,"",0,"",17.7,"",.0,"8","U","",18.8,"",93,"",16.6,"",991.3,"",1004.0,"",7,-1.9,"",.0,"8",0,"8","61","6","6","","7","","","2","","","/","","",0,"8",.0,"8",.0,"8","","8",0,"8","","",.0,"8",.0,"8",.0,"8",.0,"8",.0,"8",.0,"8",.0,"8",.0,"8",.0,"8",0,"8",0,"8",0,"8","","",0,"8",0,"8"
"352190360","P£OCK","2006","08","06","09","3","",0,"8",0,"8","","","",6,"",0,"8",0,"8",8,"",360,"",4,"",0,"",17.4,"",.0,"8","U","",18.2,"",92,"",16.1,"",991.3,"",1004.1,"",6,-1.2,"",.0,"8",0,"8","63","6","6","","7","","","2","","","/","","",0,"8",.0,"8",.0,"8","","8",0,"8","","",.0,"8",.0,"8",.0,"8",.0,"8",.0,"8",.0,"8",.0,"8",.0,"8",.0,"8",0,"8",0,"8",0,"8","","",0,"8",0,"8"
"352190360","P£OCK","2006","08","06","10","3","",0,"8",0,"8","","","",5,"",0,"8",0,"8",8,"",350,"",3,"",0,"",17.3,"",.0,"8","U","",18.3,"",93,"",16.2,"",990.9,"",1003.7,"",7,-1.4,"",.0,"8",0,"8","65","6","6","","7","","","2","","","/","","",0,"8",.0,"8",.0,"8","","8",0,"8","","",.0,"8",.0,"8",.0,"8",.0,"8",.0,"8",.0,"8",.0,"8",.0,"8",.0,"8",0,"8",0,"8",0,"8","","",0,"8",0,"8"
"352190360","P£OCK","2006","08","06","11","3","",0,"8",0,"8","","","",6,"",0,"8",0,"8",8,"",330,"",3,"",0,"",17.3,"",.0,"8","U","",18.5,"",94,"",16.3,"",990.8,"",1003.6,"",8,-.5,"",.0,"8",0,"8","65","6","4","","7","","","2","","","/","","",0,"8",.0,"8",.0,"8","","8",0,"8","","",.0,"8",.0,"8",.0,"8",.0,"8",.0,"8",.0,"8",.0,"8",.0,"8",.0,"8",0,"8",0,"8",0,"8","","",0,"8",0,"8"
"352190360","P£OCK","2006","08","06","12","2","",0,"8",0,"8","","","",6,"",0,"8",0,"8",8,"",350,"",3,"",0,"",17.4,"",.0,"8","U","",18.6,"",94,"",16.4,"",990.4,"",1003.1,"",7,-.9,"",20.2,"",6,"","63","6","6","","7","","","2","","","/","","",2,"",.0,"8",.0,"8","","8",0,"8","","",.0,"8",.0,"8",.0,"8",.0,"8",.0,"8",.0,"8",.0,"8",.0,"8",.0,"8",0,"8",0,"8",0,"8","","",0,"8",0,"8"
"352190360","P£OCK","2006","08","06","13","2","",0,"8",0,"8","","","",6,"",0,"8",0,"8",8,"",10,"",5,"",0,"",17.6,"",.0,"8","U","",18.9,"",94,"",16.6,"",990.2,"",1002.9,"",7,-.7,"",.0,"8",0,"8","63","6","6","","7","","","2","","","/","","",0,"8",.0,"8",.0,"8","","8",0,"8","","",.0,"8",.0,"8",.0,"8",.0,"8",.0,"8",.0,"8",.0,"8",.0,"8",.0,"8",0,"8",0,"8",0,"8","","",0,"8",0,"8"
"352190360","P£OCK","2006","08","06","14","2","",0,"8",0,"8","","","",6,"",0,"8",0,"8",8,"",20,"",5,"",0,"",17.7,"",.0,"8","U","",19.0,"",94,"",16.7,"",990.4,"",1003.1,"",5,-.4,"",.0,"8",0,"8","61","6","6","","7","","","2","","","/","","",0,"8",.0,"8",.0,"8","","8",0,"8","","",.0,"8",.0,"8",.0,"8",.0,"8",.0,"8",.0,"8",.0,"8",.0,"8",.0,"8",0,"8",0,"8",0,"8","","",0,"8",0,"8"
"352190360","P£OCK","2006","08","06","15","2","",0,"8",0,"8","","","",5,"",0,"8",0,"8",8,"",20,"",4,"",0,"",18.0,"",.0,"8","U","",19.4,"",94,"",17.0,"",990.3,"",1003.0,"",7,-.1,"",.0,"8",0,"8","61","6","6","","7","","","2","","","/","","",0,"8",.0,"8",.0,"8","","8",0,"8","","",.0,"8",.0,"8",.0,"8",.0,"8",.0,"8",.0,"8",.0,"8",.0,"8",.0,"8",0,"8",0,"8",0,"8","","",0,"8",0,"8"
"352190360","P£OCK","2006","08","06","16","2","",0,"8",0,"8","","","",6,"",0,"8",0,"8",8,"",20,"",4,"",0,"",18.1,"",.0,"8","U","",19.5,"",94,"",17.1,"",990.3,"",1003.0,"",1,.1,"",.0,"8",0,"8","61","6","6","","7","","","2","","","/","","",0,"8",.0,"8",.0,"8","","8",0,"8","","",.0,"8",.0,"8",.0,"8",.0,"8",.0,"8",.0,"8",.0,"8",.0,"8",.0,"8",0,"8",0,"8",0,"8","","",0,"8",0,"8"
"352190360","P£OCK","2006","08","06","17","3","",0,"8",0,"8","","","",7,"",0,"8",0,"8",8,"",20,"",4,"",0,"",18.3,"",.0,"8","U","",19.5,"",93,"",17.1,"",990.3,"",1003.0,"",6,-.1,"",.0,"8",0,"8","21","2","8","","5","","","/","","","/","","",0,"8",.0,"8",.0,"8","","8",0,"8","","",.0,"8",.0,"8",.0,"8",.0,"8",.0,"8",.0,"8",.0,"8",.0,"8",.0,"8",0,"8",0,"8",0,"8","","",0,"8",0,"8"
"352190360","P£OCK","2006","08","06","18","2","",0,"8",0,"8","","","",7,"",0,"8",0,"8",8,"",20,"",4,"",0,"",18.2,"",.0,"8","U","",19.4,"",93,"",17.0,"",990.4,"",1003.1,"",3,.1,"",7.0,"",6,"","03","6","8","","6","","","/","","","/","","",2,"",.0,"8",.0,"8","","8",0,"8","","",.0,"8",.0,"8",.0,"8",.0,"8",.0,"8",.0,"8",.0,"8",.0,"8",.0,"8",0,"8",0,"8",0,"8","","",0,"8",0,"8"
"352190360","P£OCK","2006","08","06","19","2","",0,"8",0,"8","","","",6,"",0,"8",0,"8",8,"",10,"",3,"",0,"",18.0,"",.0,"8","U","",19.4,"",94,"",17.0,"",990.4,"",1003.1,"",1,.1,"",.0,"8",0,"8","61","2","7","","7","","","/","","","/","","",0,"8",.0,"8",.0,"8","","8",0,"8","","",.0,"8",.0,"8",.0,"8",.0,"8",.0,"8",.0,"8",.0,"8",.0,"8",.0,"8",0,"8",0,"8",0,"8","","",0,"8",0,"8"
"352190360","P£OCK","2006","08","06","20","2","",0,"8",0,"8","","","",5,"",0,"8",0,"8",8,"",130,"",3,"",0,"",17.9,"",.0,"8","U","",19.2,"",94,"",16.9,"",990.4,"",1003.1,"",1,.1,"",.0,"8",0,"8","61","6","8","","7","","","/","","","/","","",0,"8",.0,"8",.0,"8","","8",0,"8","","",.0,"8",.0,"8",.0,"8",.0,"8",.0,"8",.0,"8",.0,"8",.0,"8",.0,"8",0,"8",0,"8",0,"8","","",0,"8",0,"8"
"352190360","P£OCK","2006","08","06","21","2","",0,"8",0,"8","","","",5,"",0,"8",0,"8",8,"",130,"",3,"",0,"",17.3,"",.0,"8","U","",18.7,"",95,"",16.5,"",990.9,"",1003.7,"",3,.5,"",.0,"8",0,"8","61","6","8","","7","","","/","","","/","","",0,"8",.0,"8",.0,"8","","8",0,"8","","",.0,"8",.0,"8",.0,"8",.0,"8",.0,"8",.0,"8",.0,"8",.0,"8",.0,"8",0,"8",0,"8",0,"8","","",0,"8",0,"8"
"352190360","P£OCK","2006","08","06","22","2","",0,"8",0,"8","","","",6,"",0,"8",0,"8",8,"",110,"",3,"",0,"",17.1,"",.0,"8","U","",18.3,"",94,"",16.1,"",990.9,"",1003.7,"",1,.5,"",.0,"8",0,"8","10","2","8","","6","","","/","","","/","","",0,"8",.0,"8",.0,"8","","8",0,"8","","",.0,"8",.0,"8",.0,"8",.0,"8",.0,"8",.0,"8",.0,"8",.0,"8",.0,"8",0,"8",0,"8",0,"8","","",0,"8",0,"8"
"352190360","P£OCK","2006","08","06","23","2","",0,"8",0,"8","","","",5,"",0,"8",0,"8",8,"",100,"",3,"",0,"",16.9,"",.0,"8","U","",18.1,"",94,"",15.9,"",990.9,"",1003.7,"",1,.5,"",.0,"8",0,"8","10","2","8","","6","","","/","","","/","","",0,"8",.0,"8",.0,"8","","8",0,"8","","",.0,"8",.0,"8",.0,"8",.0,"8",.0,"8",.0,"8",.0,"8",.0,"8",.0,"8",0,"8",0,"8",0,"8","","",0,"8",0,"8"
"352190360","P£OCK","2006","08","07","00","2","",0,"8",0,"8","","","",5,"",0,"8",0,"8",8,"",90,"",2,"",0,"",16.5,"",.0,"8","U","",17.6,"",94,"",15.5,"",991.0,"",1003.8,"",3,.1,"",.4,"",6,"","51","6","8","","6","","","/","","","/","","",2,"",.0,"8",.0,"8","","8",0,"8","","",.0,"8",.0,"8",.0,"8",.0,"8",.0,"8",.0,"8",.0,"8",.0,"8",.0,"8",0,"8",0,"8",0,"8","","",0,"8",0,"8"
"352190360","P£OCK","2006","08","07","01","1","",0,"8",0,"8","","","",4,"",0,"8",0,"8",8,"",80,"",2,"",0,"",16.3,"",.0,"8","U","",17.6,"",95,"",15.5,"",991.0,"",1003.8,"",1,.1,"",.0,"8",0,"8","51","5","8","","6","","","/","","","/","","",0,"8",.0,"8",.0,"8","","8",0,"8","","",.0,"8",.0,"8",.0,"8",.0,"8",.0,"8",.0,"8",.0,"8",.0,"8",.0,"8",0,"8",0,"8",0,"8","","",0,"8",0,"8"
"352190360","P£OCK","2006","08","07","02","2","",0,"8",0,"8","","","",5,"",0,"8",0,"8",8,"",80,"",2,"",0,"",16.3,"",.0,"8","U","",17.6,"",95,"",15.5,"",991.0,"",1003.8,"",1,.1,"",.0,"8",0,"8","61","5","8","","7","","","/","","","/","","",0,"8",.0,"8",.0,"8","","8",0,"8","","",.0,"8",.0,"8",.0,"8",.0,"8",.0,"8",.0,"8",.0,"8",.0,"8",.0,"8",0,"8",0,"8",0,"8","","",0,"8",0,"8"
"352190360","P£OCK","2006","08","07","03","9","",0,"8",0,"8","","","",5,"",0,"8",0,"8",8,"",70,"",1,"",0,"",16.1,"",.0,"8","U","",17.3,"",95,"",15.3,"",991.1,"",1003.9,"",3,.1,"",.0,"8",0,"8","21","5","7","","0","","","3","","","/","","",0,"8",.0,"8",.0,"8","","8",0,"8","","",.0,"8",.0,"8",.0,"8",.0,"8",.0,"8",.0,"8",.0,"8",.0,"8",.0,"8",0,"8",0,"8",0,"8","","",0,"8",0,"8"
"352190360","P£OCK","2006","08","07","04","2","",0,"8",0,"8","","","",6,"",0,"8",0,"8",8,"",90,"",2,"",0,"",16.3,"",.0,"8","U","",17.6,"",95,"",15.5,"",991.3,"",1004.1,"",3,.3,"",.0,"8",0,"8","10","2","8","","6","","","/","","","/","","",0,"8",.0,"8",.0,"8","","8",0,"8","","",.0,"8",.0,"8",.0,"8",.0,"8",.0,"8",.0,"8",.0,"8",.0,"8",.0,"8",0,"8",0,"8",0,"8","","",0,"8",0,"8"
"352190360","P£OCK","2006","08","07","05","2","",0,"8",0,"8","","","",6,"",0,"8",0,"8",7,"",80,"",2,"",0,"",16.5,"",.0,"8","U","",17.4,"",93,"",15.4,"",991.1,"",1003.9,"",0,.1,"",.0,"8",0,"8","10","2","7","","5","","","/","","","/","","",0,"8",.0,"8",.0,"8","","8",0,"8","","",.0,"8",.0,"8",.0,"8",.0,"8",.0,"8",.0,"8",.0,"8",.0,"8",.0,"8",0,"8",0,"8",0,"8","","",0,"8",0,"8"
"352190360","P£OCK","2006","08","07","06","2","",0,"8",0,"8","","","",7,"",0,"8",0,"8",7,"",80,"",2,"",0,"",17.2,"",.0,"8","U","",17.8,"",91,"",15.7,"",991.3,"",1004.1,"",2,.2,"",.4,"",6,"","01","6","7","","5","","","/","","","/","","",2,"",.0,"8",.0,"8","","8",0,"8","","",.0,"8",.0,"8",.0,"8",.0,"8",.0,"8",.0,"8",.0,"8",.0,"8",.0,"8",0,"8",0,"8",0,"8","","",0,"8",0,"8"
"352190360","P£OCK","2006","08","07","07","3","",0,"8",0,"8","","","",7,"",0,"8",0,"8",7,"",90,"",2,"",0,"",17.8,"",.0,"8","U","",17.9,"",88,"",15.8,"",991.6,"",1004.3,"",3,.3,"",.0,"8",0,"8","01","2","7","","5","","","/","","","/","","",0,"8",.0,"8",.0,"8","","8",0,"8","","",.0,"8",.0,"8",.0,"8",.0,"8",.0,"8",.0,"8",.0,"8",.0,"8",.0,"8",0,"8",0,"8",0,"8","","",0,"8",0,"8"
"352190360","P£OCK","2006","08","07","08","4","",0,"8",0,"8","","","",7,"",0,"8",0,"8",7,"",100,"",3,"",0,"",18.7,"",.0,"8","U","",18.1,"",84,"",15.9,"",991.6,"",1004.3,"",1,.5,"",.0,"8",0,"8","03","2","7","","8","","","/","","","/","","",0,"8",.0,"8",.0,"8","","8",0,"8","","",.0,"8",.0,"8",.0,"8",.0,"8",.0,"8",.0,"8",.0,"8",.0,"8",.0,"8",0,"8",0,"8",0,"8","","",0,"8",0,"8"
"352190360","P£OCK","2006","08","07","09","5","",0,"8",0,"8","","","",8,"",0,"8",0,"8",7,"",100,"",2,"",0,"",19.4,"",.0,"8","U","",17.5,"",78,"",15.5,"",991.7,"",1004.4,"",2,.4,"",.0,"8",0,"8","03","2","7","","2","","","/","","","/","","",0,"8",.0,"8",.0,"8","","8",0,"8","","",.0,"8",.0,"8",.0,"8",.0,"8",.0,"8",.0,"8",.0,"8",.0,"8",.0,"8",0,"8",0,"8",0,"8","","",0,"8",0,"8"
"352190360","P£OCK","2006","08","07","10","6","",0,"8",0,"8","","","",8,"",0,"8",0,"8",7,"",100,"",3,"",0,"",20.8,"",.0,"8","U","",16.7,"",68,"",14.7,"",991.9,"",1004.5,"",3,.3,"",.0,"8",0,"8","01","2","6","","2","","","3","","","/","","",0,"8",.0,"8",.0,"8","","8",0,"8","","",.0,"8",.0,"8",.0,"8",.0,"8",.0,"8",.0,"8",.0,"8",.0,"8",.0,"8",0,"8",0,"8",0,"8","","",0,"8",0,"8"
"352190360","P£OCK","2006","08","07","11","6","",0,"8",0,"8","","","",8,"",0,"8",0,"8",6,"",140,"",3,"",0,"",21.4,"",.0,"8","U","",17.0,"",67,"",15.0,"",992.0,"",1004.6,"",2,.4,"",.0,"8",0,"8","01","2","3","","2","","","3","","","1","","",0,"8",.0,"8",.0,"8","","8",0,"8","","",.0,"8",.0,"8",.0,"8",.0,"8",.0,"8",.0,"8",.0,"8",.0,"8",.0,"8",0,"8",0,"8",0,"8","","",0,"8",0,"8"
"352190360","P£OCK","2006","08","07","12","6","",0,"8",0,"8","","","",8,"",0,"8",0,"8",5,"",100,"",3,"",0,"",22.6,"",.0,"8","U","",15.3,"",56,"",13.4,"",991.4,"",1003.9,"",8,-.3,"",.0,"9",0,"9","03","2","3","","3","","","3","","","1","","",2,"",.0,"8",.0,"8","","8",0,"8","","",.0,"8",.0,"8",.0,"8",.0,"8",.0,"8",.0,"8",.0,"8",.0,"8",.0,"8",0,"8",0,"8",0,"8","","",0,"8",0,"8"
"352190360","P£OCK","2006","08","07","13","6","",0,"8",0,"8","","","",8,"",0,"8",0,"8",5,"",130,"",3,"",0,"",23.3,"",.0,"8","U","",14.8,"",52,"",12.9,"",991.4,"",1003.9,"",6,-.5,"",.0,"8",0,"8","02","2","3","","3","","","3","","","1","","",0,"8",.0,"8",.0,"8","","8",0,"8","","",.0,"8",.0,"8",.0,"8",.0,"8",.0,"8",.0,"8",.0,"8",.0,"8",.0,"8",0,"8",0,"8",0,"8","","",0,"8",0,"8"
"352190360","P£OCK","2006","08","07","14","6","",0,"8",0,"8","","","",8,"",0,"8",0,"8",5,"",130,"",2,"",0,"",24.0,"",.0,"8","U","",15.5,"",52,"",13.5,"",991.2,"",1003.7,"",7,-.8,"",.0,"8",0,"8","03","2","4","","3","","","3","","","1","","",0,"8",.0,"8",.0,"8","","8",0,"8","","",.0,"8",.0,"8",.0,"8",.0,"8",.0,"8",.0,"8",.0,"8",.0,"8",.0,"8",0,"8",0,"8",0,"8","","",0,"8",0,"8"
"352190360","P£OCK","2006","08","07","15","6","",0,"8",0,"8","","","",8,"",0,"8",0,"8",6,"",330,"",1,"",0,"",23.2,"",.0,"8","U","",15.3,"",54,"",13.4,"",991.2,"",1003.7,"",6,-.2,"",.0,"8",0,"8","01","2","3","","3","","","3","","","6","","",0,"8",.0,"8",.0,"8","","8",0,"8","","",.0,"8",.0,"8",.0,"8",.0,"8",.0,"8",.0,"8",.0,"8",.0,"8",.0,"8",0,"8",0,"8",0,"8","","",0,"8",0,"8"
"352190360","P£OCK","2006","08","07","16","6","",0,"8",0,"8","","","",8,"",0,"8",0,"8",6,"",300,"",2,"",0,"",23.7,"",.0,"8","U","",15.2,"",52,"",13.3,"",991.1,"",1003.6,"",7,-.3,"",.0,"8",0,"8","01","2","2","","2","","","3","","","6","","",0,"8",.0,"8",.0,"8","","8",0,"8","","",.0,"8",.0,"8",.0,"8",.0,"8",.0,"8",.0,"8",.0,"8",.0,"8",.0,"8",0,"8",0,"8",0,"8","","",0,"8",0,"8"
"352190360","P£OCK","2006","08","07","17","5","",0,"8",0,"8","","","",8,"",0,"8",0,"8",6,"",340,"",4,"",0,"",22.6,"",.0,"8","U","",17.2,"",63,"",15.2,"",991.2,"",1003.7,"",5,.0,"",.0,"8",0,"8","03","2","5","","9","","","3","","","8","","",0,"8",.0,"8",.0,"8","","8",0,"8","","",.0,"8",.0,"8",.0,"8",.0,"8",.0,"8",.0,"8",.0,"8",.0,"8",.0,"8",0,"8",0,"8",0,"8","","",0,"8",0,"8"
"352190360","P£OCK","2006","08","07","18","5","",0,"8",0,"8","","","",8,"",0,"8",0,"8",7,"",10,"",5,"",0,"",21.3,"",.0,"8","U","",18.2,"",72,"",16.0,"",991.7,"",1004.3,"",3,.5,"",.0,"9",0,"9","03","2","5","","9","","","3","","","/","","",2,"",.0,"8",.0,"8","","8",0,"8","","",.0,"8",.0,"8",.0,"8",.0,"8",.0,"8",.0,"8",.0,"8",.0,"8",.0,"8",0,"8",0,"8",0,"8","","",0,"8",0,"8"
"352190360","P£OCK","2006","08","07","19","5","",0,"8",0,"8","","","",7,"",0,"8",0,"8",8,"",30,"",4,"",0,"",18.4,"",.0,"8","U","",17.3,"",82,"",15.3,"",992.3,"",1005.0,"",3,1.2,"",.0,"8",0,"8","80","2","8","","9","","","/","","","/","","",0,"8",.0,"8",.0,"8","","8",0,"8","","",.0,"8",.0,"8",.0,"8",.0,"8",.0,"8",.0,"8",.0,"8",.0,"8",.0,"8",0,"8",0,"8",0,"8","","",0,"8",0,"8"
"352190360","P£OCK","2006","08","07","20","6","",0,"8",0,"8","","","",7,"",0,"8",0,"8",7,"",10,"",3,"",0,"",17.1,"",.0,"8","U","",17.1,"",88,"",15.1,"",992.3,"",1005.1,"",1,1.1,"",.0,"8",0,"8","80","8","4","","9","","","3","","","8","","",0,"8",.0,"8",.0,"8","","8",0,"8","","",.0,"8",.0,"8",.0,"8",.0,"8",.0,"8",.0,"8",.0,"8",.0,"8",.0,"8",0,"8",0,"8",0,"8","","",0,"8",0,"8"
"352190360","P£OCK","2006","08","07","21","6","",0,"8",0,"8","","","",7,"",0,"8",0,"8",7,"",360,"",2,"",0,"",17.2,"",.0,"8","U","",17.4,"",89,"",15.4,"",992.4,"",1005.2,"",1,.7,"",.0,"8",0,"8","25","8","2","","9","","","3","","","8","","",0,"8",.0,"8",.0,"8","","8",0,"8","","",.0,"8",.0,"8",.0,"8",.0,"8",.0,"8",.0,"8",.0,"8",.0,"8",.0,"8",0,"8",0,"8",0,"8","","",0,"8",0,"8"
"352190360","P£OCK","2006","08","07","22","9","",0,"8",0,"8","","","",7,"",0,"8",0,"8",8,"",340,"",2,"",0,"",17.2,"",.0,"8","U","",17.2,"",88,"",15.2,"",992.4,"",1005.2,"",1,.1,"",.0,"8",0,"8","01","2","7","","0","","","5","","","/","","",0,"8",.0,"8",.0,"8","","8",0,"8","","",.0,"8",.0,"8",.0,"8",.0,"8",.0,"8",.0,"8",.0,"8",.0,"8",.0,"8",0,"8",0,"8",0,"8","","",0,"8",0,"8"
"352190360","P£OCK","2006","08","07","23","6","",0,"8",0,"8","","","",7,"",0,"8",0,"8",8,"",340,"",2,"",0,"",17.2,"",.0,"8","U","",17.8,"",91,"",15.7,"",992.1,"",1004.9,"",8,-.2,"",.0,"8",0,"8","25","8","4","","9","","","3","","","/","","",0,"8",.0,"8",.0,"8","","8",0,"8","","",.0,"8",.0,"8",.0,"8",.0,"8",.0,"8",.0,"8",.0,"8",.0,"8",.0,"8",0,"8",0,"8",0,"8","","",0,"8",0,"8"
"352190360","P£OCK","2006","08","08","00","6","",0,"8",0,"8","","","",6,"",0,"8",0,"8",7,"",360,"",2,"",0,"",17.2,"",.0,"8","U","",18.2,"",93,"",16.1,"",992.0,"",1004.8,"",8,-.4,"",.4,"",6,"","10","8","2","","9","","","3","","","8","","",2,"",.0,"8",.0,"8","","8",0,"8","","",.0,"8",.0,"8",.0,"8",.0,"8",.0,"8",.0,"8",.0,"8",.0,"8",.0,"8",0,"8",0,"8",0,"8","","",0,"8",0,"8"
"352190360","P£OCK","2006","08","08","01","3","",0,"8",0,"8","","","",6,"",0,"8",0,"8",8,"",350,"",2,"",0,"",17.4,"",.0,"8","U","",18.4,"",93,"",16.3,"",991.9,"",1004.7,"",6,-.5,"",.0,"8",0,"8","10","2","6","","6","","","3","","","/","","",0,"8",.0,"8",.0,"8","","8",0,"8","","",.0,"8",.0,"8",.0,"8",.0,"8",.0,"8",.0,"8",.0,"8",.0,"8",.0,"8",0,"8",0,"8",0,"8","","",0,"8",0,"8"
"352190360","P£OCK","2006","08","08","02","2","",0,"8",0,"8","","","",6,"",0,"8",0,"8",8,"",360,"",2,"",0,"",17.6,"",.0,"8","U","",18.7,"",93,"",16.5,"",991.8,"",1004.6,"",7,-.3,"",.0,"8",0,"8","10","2","8","","6","","","/","","","/","","",0,"8",.0,"8",.0,"8","","8",0,"8","","",.0,"8",.0,"8",.0,"8",.0,"8",.0,"8",.0,"8",.0,"8",.0,"8",.0,"8",0,"8",0,"8",0,"8","","",0,"8",0,"8"
"352190360","P£OCK","2006","08","08","03","2","",0,"8",0,"8","","","",6,"",0,"8",0,"8",8,"",20,"",2,"",0,"",17.5,"",.0,"8","U","",18.6,"",93,"",16.4,"",991.7,"",1004.5,"",7,-.3,"",.0,"8",0,"8","10","2","8","","6","","","/","","","/","","",0,"8",.0,"8",.0,"8","","8",0,"8","","",.0,"8",.0,"8",.0,"8",.0,"8",.0,"8",.0,"8",.0,"8",.0,"8",.0,"8",0,"8",0,"8",0,"8","","",0,"8",0,"8"
"352190360","P£OCK","2006","08","08","04","2","",0,"8",0,"8","","","",6,"",0,"8",0,"8",8,"",60,"",1,"",0,"",17.5,"",.0,"8","U","",18.4,"",92,"",16.2,"",991.6,"",1004.4,"",7,-.3,"",.0,"8",0,"8","10","2","7","","6","","","/","","","/","","",0,"8",.0,"8",.0,"8","","8",0,"8","","",.0,"8",.0,"8",.0,"8",.0,"8",.0,"8",.0,"8",.0,"8",.0,"8",.0,"8",0,"8",0,"8",0,"8","","",0,"8",0,"8"
"352190360","P£OCK","2006","08","08","05","2","",0,"8",0,"8","","","",7,"",0,"8",0,"8",7,"",10,"",1,"",0,"",18.1,"",.0,"8","U","",18.9,"",91,"",16.6,"",991.5,"",1004.2,"",7,-.3,"",.0,"8",0,"8","01","2","7","","5","","","/","","","/","","",0,"8",.0,"8",.0,"8","","8",0,"8","","",.0,"8",.0,"8",.0,"8",.0,"8",.0,"8",.0,"8",.0,"8",.0,"8",.0,"8",0,"8",0,"8",0,"8","","",0,"8",0,"8"
"352190360","P£OCK","2006","08","08","06","4","",0,"8",0,"8","","","",7,"",0,"8",0,"8",8,"",330,"",2,"",0,"",18.4,"",.0,"8","U","",18.8,"",89,"",16.6,"",991.2,"",1003.9,"",8,-.5,"",.0,"9",0,"9","01","2","8","","5","","","/","","","/","","",2,"",.0,"8",.0,"8","","8",0,"8","","",.0,"8",.0,"8",.0,"8",.0,"8",.0,"8",.0,"8",.0,"8",.0,"8",.0,"8",0,"8",0,"8",0,"8","","",0,"8",0,"8"
"352190360","P£OCK","2006","08","08","07","4","",0,"8",0,"8","","","",7,"",0,"8",0,"8",8,"",360,"",2,"",0,"",18.7,"",.0,"8","U","",18.5,"",86,"",16.3,"",991.5,"",1004.2,"",5,-.1,"",.0,"8",0,"8","25","2","8","","9","","","/","","","/","","",0,"8",.0,"8",.0,"8","","8",0,"8","","",.0,"8",.0,"8",.0,"8",.0,"8",.0,"8",.0,"8",.0,"8",.0,"8",.0,"8",0,"8",0,"8",0,"8","","",0,"8",0,"8"
"352190360","P£OCK","2006","08","08","08","4","",0,"8",0,"8","","","",7,"",0,"8",0,"8",7,"",0,"",0,"",0,"",18.9,"",.0,"8","U","",18.1,"",83,"",15.9,"",991.6,"",1004.3,"",3,.1,"",.0,"8",0,"8","80","8","7","","9","","","/","","","/","","",0,"8",.0,"8",.0,"8","","8",0,"8","","",.0,"8",.0,"8",.0,"8",.0,"8",.0,"8",.0,"8",.0,"8",.0,"8",.0,"8",0,"8",0,"8",0,"8","","",0,"8",0,"8"
"352190360","P£OCK","2006","08","08","09","5","",0,"8",0,"8","","","",8,"",0,"8",0,"8",7,"",310,"",2,"",0,"",19.4,"",.0,"8","U","",19.3,"",86,"",17.0,"",991.7,"",1004.4,"",1,.5,"",.0,"8",0,"8","25","2","5","","3","","","3","","","/","","",0,"8",.0,"8",.0,"8","","8",0,"8","","",.0,"8",.0,"8",.0,"8",.0,"8",.0,"8",.0,"8",.0,"8",.0,"8",.0,"8",0,"8",0,"8",0,"8","","",0,"8",0,"8"
"352190360","P£OCK","2006","08","08","10","5","",0,"8",0,"8","","","",7,"",0,"8",0,"8",8,"",330,"",2,"",0,"",19.6,"",.0,"8","U","",18.7,"",82,"",16.4,"",991.8,"",1004.5,"",2,.3,"",.0,"8",0,"8","25","2","4","","3","","","3","","","7","","",0,"8",.0,"8",.0,"8","","8",0,"8","","",.0,"8",.0,"8",.0,"8",.0,"8",.0,"8",.0,"8",.0,"8",.0,"8",.0,"8",0,"8",0,"8",0,"8","","",0,"8",0,"8"
"352190360","P£OCK","2006","08","08","11","5","",0,"8",0,"8","","","",8,"",0,"8",0,"8",7,"",300,"",3,"",0,"",20.9,"",.0,"8","U","",18.2,"",74,"",16.1,"",991.4,"",1004.0,"",8,-.2,"",.0,"8",0,"8","01","2","3","","3","","","3","","","8","","",0,"8",.0,"8",.0,"8","","8",0,"8","","",.0,"8",.0,"8",.0,"8",.0,"8",.0,"8",.0,"8",.0,"8",.0,"8",.0,"8",0,"8",0,"8",0,"8","","",0,"8",0,"8"
"352190360","P£OCK","2006","08","08","12","5","",0,"8",0,"8","","","",8,"",0,"8",0,"8",7,"",290,"",2,"",0,"",21.8,"",.0,"8","U","",17.5,"",67,"",15.4,"",991.5,"",1004.1,"",5,-.2,"",.0,"",6,"","03","8","5","","9","","","3","","","8","","",1,"",.0,"8",.0,"8","","8",0,"8","","",.0,"8",.0,"8",.0,"8",.0,"8",.0,"8",.0,"8",.0,"8",.0,"8",.0,"8",0,"8",0,"8",0,"8","","",0,"8",0,"8"
"352190360","P£OCK","2006","08","08","13","5","",0,"8",0,"8","","","",8,"",0,"8",0,"8",7,"",350,"",4,"",0,"",18.8,"",.0,"8","U","",17.8,"",82,"",15.7,"",991.9,"",1004.6,"",3,.1,"",.0,"8",0,"8","95","2","7","","9","","","/","","","/","","",0,"8",.0,"8",.0,"8","","8",0,"8","","",.0,"8",.0,"8",.0,"8",.0,"8",.0,"8",.0,"8",.0,"8",.0,"8",.0,"8",0,"8",0,"8",0,"8","","",0,"8",0,"8"
"352190360","P£OCK","2006","08","08","14","5","",0,"8",0,"8","","","",7,"",0,"8",0,"8",7,"",360,"",3,"",0,"",19.2,"",.0,"8","U","",20.2,"",91,"",17.7,"",992.0,"",1004.7,"",2,.6,"",.0,"8",0,"8","95","9","5","","9","","","3","","","/","","",0,"8",.0,"8",.0,"8","","8",0,"8","","",.0,"8",.0,"8",.0,"8",.0,"8",.0,"8",.0,"8",.0,"8",.0,"8",.0,"8",0,"8",0,"8",0,"8","","",0,"8",0,"8"
"352190360","P£OCK","2006","08","08","15","5","",0,"8",0,"8","","","",8,"",0,"8",0,"8",6,"",320,"",3,"",0,"",19.8,"",.0,"8","U","",18.9,"",82,"",16.6,"",991.9,"",1004.6,"",0,.4,"",.0,"8",0,"8","01","9","2","","9","","","3","","","1","","",0,"8",.0,"8",.0,"8","","8",0,"8","","",.0,"8",.0,"8",.0,"8",.0,"8",.0,"8",.0,"8",.0,"8",.0,"8",.0,"8",0,"8",0,"8",0,"8","","",0,"8",0,"8"
"352190360","P£OCK","2006","08","08","16","5","",0,"8",0,"8","","","",8,"",0,"8",0,"8",5,"",340,"",3,"",0,"",20.0,"",.0,"8","U","",19.4,"",83,"",17.0,"",992.1,"",1004.8,"",2,.2,"",.0,"8",0,"8","01","2","1","","3","","","3","","","1","","",0,"8",.0,"8",.0,"8","","8",0,"8","","",.0,"8",.0,"8",.0,"8",.0,"8",.0,"8",.0,"8",.0,"8",.0,"8",.0,"8",0,"8",0,"8",0,"8","","",0,"8",0,"8"
"352190360","P£OCK","2006","08","08","17","5","",0,"8",0,"8","","","",8,"",0,"8",0,"8",5,"",340,"",3,"",0,"",19.4,"",.0,"8","U","",18.7,"",83,"",16.4,"",992.2,"",1004.9,"",3,.2,"",.0,"8",0,"8","03","2","1","","9","","","3","","","1","","",0,"8",.0,"8",.0,"8","","8",0,"8","","",.0,"8",.0,"8",.0,"8",.0,"8",.0,"8",.0,"8",.0,"8",.0,"8",.0,"8",0,"8",0,"8",0,"8","","",0,"8",0,"8"
"352190360","P£OCK","2006","08","08","18","5","",0,"8",0,"8","","","",8,"",0,"8",0,"8",7,"",330,"",3,"",0,"",18.7,"",.0,"8","U","",18.1,"",84,"",15.9,"",992.7,"",1005.4,"",2,.8,"",.7,"",6,"","01","9","5","","3","","","3","","","1","","",1,"",.0,"8",.0,"8","","8",0,"8","","",.0,"8",.0,"8",.0,"8",.0,"8",.0,"8",.0,"8",.0,"8",.0,"8",.0,"8",0,"8",0,"8",0,"8","","",0,"8",0,"8"
"352190360","P£OCK","2006","08","08","19","5","",0,"8",0,"8","","","",7,"",0,"8",0,"8",7,"",330,"",2,"",0,"",18.2,"",.0,"8","U","",18.3,"",88,"",16.2,"",993.1,"",1005.8,"",2,1.0,"",.0,"8",0,"8","03","2","7","","9","","","/","","","/","","",0,"8",.0,"8",.0,"8","","8",0,"8","","",.0,"8",.0,"8",.0,"8",.0,"8",.0,"8",.0,"8",.0,"8",.0,"8",.0,"8",0,"8",0,"8",0,"8","","",0,"8",0,"8"
"352190360","P£OCK","2006","08","08","20","6","",0,"8",0,"8","","","",8,"",0,"8",0,"8",7,"",330,"",2,"",0,"",17.8,"",.0,"8","U","",17.9,"",88,"",15.8,"",993.3,"",1006.1,"",1,1.1,"",.0,"8",0,"8","01","2","7","","5","","","/","","","/","","",0,"8",.0,"8",.0,"8","","8",0,"8","","",.0,"8",.0,"8",.0,"8",.0,"8",.0,"8",.0,"8",.0,"8",.0,"8",.0,"8",0,"8",0,"8",0,"8","","",0,"8",0,"8"
"352190360","P£OCK","2006","08","08","21","3","",0,"8",0,"8","","","",7,"",0,"8",0,"8",8,"",310,"",3,"",0,"",17.3,"",.0,"8","U","",17.7,"",90,"",15.6,"",993.2,"",1006.0,"",0,.5,"",.0,"8",0,"8","03","2","8","","6","","","/","","","/","","",0,"8",.0,"8",.0,"8","","8",0,"8","","",.0,"8",.0,"8",.0,"8",.0,"8",.0,"8",.0,"8",.0,"8",.0,"8",.0,"8",0,"8",0,"8",0,"8","","",0,"8",0,"8"
"352190360","P£OCK","2006","08","08","22","4","",0,"8",0,"8","","","",6,"",0,"8",0,"8",8,"",300,"",3,"",0,"",17.1,"",.0,"8","U","",18.1,"",93,"",16.0,"",993.2,"",1006.0,"",1,.1,"",.0,"8",0,"8","80","8","8","","9","","","/","","","/","","",0,"8",.0,"8",.0,"8","","8",0,"8","","",.0,"8",.0,"8",.0,"8",.0,"8",.0,"8",.0,"8",.0,"8",.0,"8",.0,"8",0,"8",0,"8",0,"8","","",0,"8",0,"8"
"352190360","P£OCK","2006","08","08","23","4","",0,"8",0,"8","","","",7,"",0,"8",0,"8",8,"",290,"",3,"",0,"",17.1,"",.0,"8","U","",18.3,"",94,"",16.1,"",993.1,"",1005.9,"",7,-.2,"",.0,"8",0,"8","25","2","8","","5","","","/","","","/","","",0,"8",.0,"8",.0,"8","","8",0,"8","","",.0,"8",.0,"8",.0,"8",.0,"8",.0,"8",.0,"8",.0,"8",.0,"8",.0,"8",0,"8",0,"8",0,"8","","",0,"8",0,"8"
"352190360","P£OCK","2006","08","09","00","4","",0,"8",0,"8","","","",7,"",0,"8",0,"8",8,"",300,"",3,"",0,"",17.0,"",.0,"8","U","",18.0,"",93,"",15.9,"",993.1,"",1005.9,"",6,-.1,"",.4,"",6,"","02","8","8","","5","","","/","","","/","","",1,"",.0,"8",.0,"8","","8",0,"8","","",.0,"8",.0,"8",.0,"8",.0,"8",.0,"8",.0,"8",.0,"8",.0,"8",.0,"8",0,"8",0,"8",0,"8","","",0,"8",0,"8"
"352190360","P£OCK","2006","08","09","01","2","",0,"8",0,"8","","","",5,"",0,"8",0,"8",8,"",310,"",2,"",0,"",17.0,"",.0,"8","U","",18.0,"",93,"",15.9,"",993.0,"",1005.8,"",7,-.2,"",.0,"8",0,"8","81","8","8","","9","","","/","","","/","","",0,"8",.0,"8",.0,"8","","8",0,"8","","",.0,"8",.0,"8",.0,"8",.0,"8",.0,"8",.0,"8",.0,"8",.0,"8",.0,"8",0,"8",0,"8",0,"8","","",0,"8",0,"8"
"352190360","P£OCK","2006","08","09","02","4","",0,"8",0,"8","","","",5,"",0,"8",0,"8",8,"",20,"",2,"",0,"",16.9,"",.0,"8","U","",18.1,"",94,"",15.9,"",992.6,"",1005.4,"",8,-.5,"",.0,"8",0,"8","81","8","8","","9","","","/","","","/","","",0,"8",.0,"8",.0,"8","","8",0,"8","","",.0,"8",.0,"8",.0,"8",.0,"8",.0,"8",.0,"8",.0,"8",.0,"8",.0,"8",0,"8",0,"8",0,"8","","",0,"8",0,"8"
"352190360","P£OCK","2006","08","09","03","2","",0,"8",0,"8","","","",7,"",0,"8",0,"8",8,"",360,"",1,"",0,"",16.9,"",.0,"8","U","",18.3,"",95,"",16.1,"",992.8,"",1005.6,"",5,-.3,"",.0,"8",0,"8","25","8","8","","6","","","/","","","/","","",0,"8",.0,"8",.0,"8","","8",0,"8","","",.0,"8",.0,"8",.0,"8",.0,"8",.0,"8",.0,"8",.0,"8",.0,"8",.0,"8",0,"8",0,"8",0,"8","","",0,"8",0,"8"
"352190360","P£OCK","2006","08","09","04","3","",0,"8",0,"8","","","",6,"",0,"8",0,"8",7,"",50,"",3,"",0,"",16.9,"",.0,"8","U","",17.9,"",93,"",15.8,"",993.1,"",1005.9,"",3,.1,"",.0,"8",0,"8","80","8","7","","9","","","/","","","/","","",0,"8",.0,"8",.0,"8","","8",0,"8","","",.0,"8",.0,"8",.0,"8",.0,"8",.0,"8",.0,"8",.0,"8",.0,"8",.0,"8",0,"8",0,"8",0,"8","","",0,"8",0,"8"
"352190360","P£OCK","2006","08","09","05","4","",0,"8",0,"8","","","",6,"",0,"8",0,"8",7,"",30,"",2,"",0,"",16.7,"",.0,"8","U","",17.6,"",93,"",15.6,"",993.1,"",1005.9,"",1,.5,"",.0,"8",0,"8","80","8","6","","9","","","3","","","/","","",0,"8",.0,"8",.0,"8","","8",0,"8","","",.0,"8",.0,"8",.0,"8",.0,"8",.0,"8",.0,"8",.0,"8",.0,"8",.0,"8",0,"8",0,"8",0,"8","","",0,"8",0,"8"
"352190360","P£OCK","2006","08","09","06","3","",0,"8",0,"8","","","",6,"",0,"8",0,"8",7,"",60,"",2,"",0,"",17.3,"",.0,"8","U","",18.1,"",92,"",16.0,"",993.5,"",1006.3,"",2,.7,"",11.2,"",6,"","80","8","6","","9","","","3","","","/","","",2,"",.0,"8",.0,"8","","8",0,"8","","",.0,"8",.0,"8",.0,"8",.0,"8",.0,"8",.0,"8",.0,"8",.0,"8",.0,"8",0,"8",0,"8",0,"8","","",0,"8",0,"8"
"352190360","P£OCK","2006","08","09","07","3","",0,"8",0,"8","","","",6,"",0,"8",0,"8",8,"",30,"",2,"",0,"",17.9,"",.0,"8","U","",18.4,"",90,"",16.2,"",993.9,"",1006.7,"",3,.8,"",.0,"8",0,"8","25","2","8","","5","","","/","","","/","","",0,"8",.0,"8",.0,"8","","8",0,"8","","",.0,"8",.0,"8",.0,"8",.0,"8",.0,"8",.0,"8",.0,"8",.0,"8",.0,"8",0,"8",0,"8",0,"8","","",0,"8",0,"8"
"352190360","P£OCK","2006","08","09","08","4","",0,"8",0,"8","","","",7,"",0,"8",0,"8",7,"",40,"",3,"",0,"",18.5,"",.0,"8","U","",17.8,"",84,"",15.7,"",994.1,"",1006.8,"",1,1.0,"",.0,"8",0,"8","01","2","7","","5","","","/","","","/","","",0,"8",.0,"8",.0,"8","","8",0,"8","","",.0,"8",.0,"8",.0,"8",.0,"8",.0,"8",.0,"8",.0,"8",.0,"8",.0,"8",0,"8",0,"8",0,"8","","",0,"8",0,"8"
"352190360","P£OCK","2006","08","09","09","4","",0,"8",0,"8","","","",7,"",0,"8",0,"8",7,"",40,"",3,"",0,"",19.5,"",.0,"8","U","",17.0,"",75,"",14.9,"",994.1,"",1006.8,"",1,.6,"",.0,"8",0,"8","03","8","5","","2","","","3","","","/","","",0,"8",.0,"8",.0,"8","","8",0,"8","","",.0,"8",.0,"8",.0,"8",.0,"8",.0,"8",.0,"8",.0,"8",.0,"8",.0,"8",0,"8",0,"8",0,"8","","",0,"8",0,"8"
"352190360","P£OCK","2006","08","09","10","4","",0,"8",0,"8","","","",7,"",0,"8",0,"8",7,"",20,"",3,"",0,"",20.2,"",.0,"8","U","",17.2,"",73,"",15.2,"",994.3,"",1007.0,"",2,.4,"",.0,"8",0,"8","02","2","5","","2","","","3","","","/","","",0,"8",.0,"8",.0,"8","","8",0,"8","","",.0,"8",.0,"8",.0,"8",.0,"8",.0,"8",.0,"8",.0,"8",.0,"8",.0,"8",0,"8",0,"8",0,"8","","",0,"8",0,"8"
"352190360","P£OCK","2006","08","09","11","5","",0,"8",0,"8","","","",8,"",0,"8",0,"8",7,"",40,"",3,"",0,"",21.2,"",.0,"8","U","",16.6,"",66,"",14.6,"",994.4,"",1007.0,"",3,.3,"",.0,"8",0,"8","03","2","4","","3","","","3","","","1","","",0,"8",.0,"8",.0,"8","","8",0,"8","","",.0,"8",.0,"8",.0,"8",.0,"8",.0,"8",.0,"8",.0,"8",.0,"8",.0,"8",0,"8",0,"8",0,"8","","",0,"8",0,"8"
"352190360","P£OCK","2006","08","09","12","5","",0,"8",0,"8","","","",8,"",0,"8",0,"8",6,"",30,"",4,"",0,"",21.0,"",.0,"8","U","",15.4,"",62,"",13.4,"",994.3,"",1006.9,"",0,.2,"",.1,"",6,"","03","8","4","","9","","","3","","","1","","",2,"",.0,"8",.0,"8","","8",0,"8","","",.0,"8",.0,"8",.0,"8",.0,"8",.0,"8",.0,"8",.0,"8",.0,"8",.0,"8",0,"8",0,"8",0,"8","","",0,"8",0,"8"
"352190360","P£OCK","2006","08","09","13","6","",0,"8",0,"8","","","",8,"",0,"8",0,"8",7,"",40,"",2,"",0,"",22.0,"",.0,"8","U","",14.5,"",55,"",12.5,"",994.4,"",1007.0,"",2,.1,"",.0,"8",0,"8","03","2","6","","9","","","3","","","/","","",0,"8",.0,"8",.0,"8","","8",0,"8","","",.0,"8",.0,"8",.0,"8",.0,"8",.0,"8",.0,"8",.0,"8",.0,"8",.0,"8",0,"8",0,"8",0,"8","","",0,"8",0,"8"
"352190360","P£OCK","2006","08","09","14","6","",0,"8",0,"8","","","",8,"",0,"8",0,"8",7,"",40,"",2,"",0,"",21.9,"",.0,"8","U","",14.7,"",56,"",12.7,"",994.7,"",1007.3,"",3,.3,"",.0,"8",0,"8","17","9","5","","9","","","3","","","/","","",0,"8",.0,"8",.0,"8","","8",0,"8","","",.0,"8",.0,"8",.0,"8",.0,"8",.0,"8",.0,"8",.0,"8",.0,"8",.0,"8",0,"8",0,"8",0,"8","","",0,"8",0,"8"
"352190360","P£OCK","2006","08","09","15","6","",0,"8",0,"8","","","",8,"",0,"8",0,"8",7,"",160,"",2,"",0,"",19.7,"",.0,"8","U","",17.2,"",75,"",15.1,"",995.2,"",1007.9,"",3,.9,"",.0,"8",0,"8","29","2","6","","9","","","3","","","/","","",0,"8",.0,"8",.0,"8","","8",0,"8","","",.0,"8",.0,"8",.0,"8",.0,"8",.0,"8",.0,"8",.0,"8",.0,"8",.0,"8",0,"8",0,"8",0,"8","","",0,"8",0,"8"
"352190360","P£OCK","2006","08","09","16","6","",0,"8",0,"8","","","",8,"",0,"8",0,"8",7,"",190,"",2,"",0,"",18.4,"",.0,"8","U","",17.3,"",82,"",15.3,"",995.2,"",1008.0,"",1,.8,"",.0,"8",0,"8","80","2","6","","9","","","3","","","/","","",0,"8",.0,"8",.0,"8","","8",0,"8","","",.0,"8",.0,"8",.0,"8",.0,"8",.0,"8",.0,"8",.0,"8",.0,"8",.0,"8",0,"8",0,"8",0,"8","","",0,"8",0,"8"
"352190360","P£OCK","2006","08","09","17","6","",0,"8",0,"8","","","",8,"",0,"8",0,"8",7,"",210,"",2,"",0,"",18.7,"",.0,"8","U","",17.6,"",82,"",15.6,"",995.5,"",1008.3,"",2,.8,"",.0,"8",0,"8","01","2","4","","9","","","3","","","/","","",0,"8",.0,"8",.0,"8","","8",0,"8","","",.0,"8",.0,"8",.0,"8",.0,"8",.0,"8",.0,"8",.0,"8",.0,"8",.0,"8",0,"8",0,"8",0,"8","","",0,"8",0,"8"
"352190360","P£OCK","2006","08","09","18","5","",0,"8",0,"8","","","",8,"",0,"8",0,"8",7,"",190,"",2,"",0,"",18.4,"",.0,"8","U","",17.9,"",85,"",15.8,"",995.9,"",1008.7,"",3,.7,"",.0,"",6,"","03","9","6","","9","","","3","","","/","","",2,"",.0,"8",.0,"8","","8",0,"8","","",.0,"8",.0,"8",.0,"8",.0,"8",.0,"8",.0,"8",.0,"8",.0,"8",.0,"8",0,"8",0,"8",0,"8","","",0,"8",0,"8"
"352190360","P£OCK","2006","08","09","19","6","",0,"8",0,"8","","","",8,"",0,"8",0,"8",7,"",240,"",1,"",0,"",18.2,"",.0,"8","U","",17.3,"",83,"",15.3,"",996.1,"",1008.9,"",2,.9,"",.0,"8",0,"8","01","2","5","","9","","","3","","","/","","",0,"8",.0,"8",.0,"8","","8",0,"8","","",.0,"8",.0,"8",.0,"8",.0,"8",.0,"8",.0,"8",.0,"8",.0,"8",.0,"8",0,"8",0,"8",0,"8","","",0,"8",0,"8"
"352190360","P£OCK","2006","08","09","20","6","",0,"8",0,"8","","","",8,"",0,"8",0,"8",7,"",220,"",2,"",0,"",17.8,"",.0,"8","U","",17.7,"",87,"",15.6,"",996.6,"",1009.4,"",2,1.1,"",.0,"8",0,"8","01","2","2","","5","","","3","","","/","","",0,"8",.0,"8",.0,"8","","8",0,"8","","",.0,"8",.0,"8",.0,"8",.0,"8",.0,"8",.0,"8",.0,"8",.0,"8",.0,"8",0,"8",0,"8",0,"8","","",0,"8",0,"8"
"352190360","P£OCK","2006","08","09","21","6","",0,"8",0,"8","","","",8,"",0,"8",0,"8",7,"",270,"",2,"",0,"",17.9,"",.0,"8","U","",17.6,"",86,"",15.5,"",996.5,"",1009.3,"",0,.6,"",.0,"8",0,"8","25","2","3","","9","","","3","","","/","","",0,"8",.0,"8",.0,"8","","8",0,"8","","",.0,"8",.0,"8",.0,"8",.0,"8",.0,"8",.0,"8",.0,"8",.0,"8",.0,"8",0,"8",0,"8",0,"8","","",0,"8",0,"8"
"352190360","P£OCK","2006","08","09","22","6","",0,"8",0,"8","","","",7,"",0,"8",0,"8",7,"",290,"",2,"",0,"",17.4,"",.0,"8","U","",17.4,"",88,"",15.4,"",996.5,"",1009.3,"",1,.4,"",.0,"8",0,"8","01","2","2","","9","","","3","","","/","","",0,"8",.0,"8",.0,"8","","8",0,"8","","",.0,"8",.0,"8",.0,"8",.0,"8",.0,"8",.0,"8",.0,"8",.0,"8",.0,"8",0,"8",0,"8",0,"8","","",0,"8",0,"8"
"352190360","P£OCK","2006","08","09","23","6","",0,"8",0,"8","","","",7,"",0,"8",0,"8",6,"",310,"",2,"",0,"",16.8,"",.0,"8","U","",17.2,"",90,"",15.1,"",996.5,"",1009.4,"",6,-.1,"",.0,"8",0,"8","01","2","2","","9","","","3","","","0","","",0,"8",.0,"8",.0,"8","","8",0,"8","","",.0,"8",.0,"8",.0,"8",.0,"8",.0,"8",.0,"8",.0,"8",.0,"8",.0,"8",0,"8",0,"8",0,"8","","",0,"8",0,"8"
"352190360","P£OCK","2006","08","10","00","9","",0,"8",0,"8","","","",7,"",0,"8",0,"8",7,"",300,"",2,"",0,"",16.6,"",.0,"8","U","",17.0,"",90,"",15.0,"",996.5,"",1009.4,"",4,.0,"",.0,"",6,"","01","8","7","","0","","","3","","","/","","",2,"",.0,"8",.0,"8","","8",0,"8","","",.0,"8",.0,"8",.0,"8",.0,"8",.0,"8",.0,"8",.0,"8",.0,"8",.0,"8",0,"8",0,"8",0,"8","","",0,"8",0,"8"
"352190360","P£OCK","2006","08","10","01","9","",0,"8",0,"8","","","",7,"",0,"8",0,"8",7,"",300,"",1,"",0,"",16.1,"",.0,"8","U","",16.2,"",89,"",14.3,"",996.3,"",1009.2,"",8,-.2,"",.0,"8",0,"8","02","2","7","","0","","","3","","","/","","",0,"8",.0,"8",.0,"8","","8",0,"8","","",.0,"8",.0,"8",.0,"8",.0,"8",.0,"8",.0,"8",.0,"8",.0,"8",.0,"8",0,"8",0,"8",0,"8","","",0,"8",0,"8"
"352190360","P£OCK","2006","08","10","02","9","",0,"8",0,"8","","","",7,"",0,"8",0,"8",6,"",320,"",1,"",0,"",15.5,"",.0,"8","U","",16.0,"",91,"",14.0,"",996.0,"",1008.9,"",8,-.5,"",.0,"8",0,"8","01","2","6","","0","","","3","","","0","","",0,"8",.0,"8",.0,"8","","8",0,"8","","",.0,"8",.0,"8",.0,"8",.0,"8",.0,"8",.0,"8",.0,"8",.0,"8",.0,"8",0,"8",0,"8",0,"8","","",0,"8",0,"8"
"352190360","P£OCK","2006","08","10","03","9","",0,"8",0,"8","","","",7,"",0,"8",0,"8",6,"",290,"",2,"",0,"",15.7,"",.0,"8","U","",16.0,"",90,"",14.1,"",996.4,"",1009.3,"",5,-.1,"",.0,"8",0,"8","02","2","6","","0","","","3","","","0","","",0,"8",.0,"8",.0,"8","","8",0,"8","","",.0,"8",.0,"8",.0,"8",.0,"8",.0,"8",.0,"8",.0,"8",.0,"8",.0,"8",0,"8",0,"8",0,"8","","",0,"8",0,"8"
"352190360","P£OCK","2006","08","10","04","9","",0,"8",0,"8","","","",7,"",0,"8",0,"8",6,"",330,"",2,"",0,"",15.6,"",.0,"8","U","",16.3,"",92,"",14.3,"",996.5,"",1009.4,"",3,.2,"",.0,"8",0,"8","02","2","6","","0","","","3","","","0","","",0,"8",.0,"8",.0,"8","","8",0,"8","","",.0,"8",.0,"8",.0,"8",.0,"8",.0,"8",.0,"8",.0,"8",.0,"8",.0,"8",0,"8",0,"8",0,"8","","",0,"8",0,"8"
"352190360","P£OCK","2006","08","10","05","7","",0,"8",0,"8","","","",7,"",0,"8",0,"8",6,"",350,"",2,"",0,"",16.7,"",.0,"8","U","",16.1,"",85,"",14.2,"",996.5,"",1009.4,"",1,.5,"",.0,"8",0,"8","03","2","2","","2","","","8","","","1","","",0,"8",.0,"8",.0,"8","","8",0,"8","","",.0,"8",.0,"8",.0,"8",.0,"8",.0,"8",.0,"8",.0,"8",.0,"8",.0,"8",0,"8",0,"8",0,"8","","",0,"8",0,"8"
"352190360","P£OCK","2006","08","10","06","6","",0,"8",0,"8","","","",8,"",0,"8",0,"8",4,"",320,"",2,"",0,"",18.0,"",.0,"8","U","",15.2,"",74,"",13.3,"",996.7,"",1009.5,"",2,.3,"",.0,"9",0,"9","01","1","1","","5","","","3","","","1","","",2,"",.0,"8",.0,"8","","8",0,"8","","",.0,"8",.0,"8",.0,"8",.0,"8",.0,"8",.0,"8",.0,"8",.0,"8",.0,"8",0,"8",0,"8",0,"8","","",0,"8",0,"8"
"352190360","P£OCK","2006","08","10","07","9","",0,"8",0,"8","","","",8,"",0,"8",0,"8",4,"",0,"",0,"",0,"",19.6,"",.0,"8","U","",15.7,"",69,"",13.8,"",996.6,"",1009.3,"",0,.1,"",.0,"8",0,"8","01","0","3","","0","","","3","","","1","","",0,"8",.0,"8",.0,"8","","8",0,"8","","",.0,"8",.0,"8",.0,"8",.0,"8",.0,"8",.0,"8",.0,"8",.0,"8",.0,"8",0,"8",0,"8",0,"8","","",0,"8",0,"8"
"352190360","P£OCK","2006","08","10","08","5","",0,"8",0,"8","","","",8,"",0,"8",0,"8",4,"",190,"",3,"",0,"",21.3,"",.0,"8","U","",16.7,"",66,"",14.7,"",996.7,"",1009.4,"",2,.2,"",.0,"8",0,"8","03","0","1","","2","","","3","","","1","","",0,"8",.0,"8",.0,"8","","8",0,"8","","",.0,"8",.0,"8",.0,"8",.0,"8",.0,"8",.0,"8",.0,"8",.0,"8",.0,"8",0,"8",0,"8",0,"8","","",0,"8",0,"8"
"352190360","P£OCK","2006","08","10","09","6","",0,"8",0,"8","","","",8,"",0,"8",0,"8",6,"",280,"",3,"",0,"",21.6,"",.0,"8","U","",16.0,"",62,"",14.0,"",996.6,"",1009.2,"",7,-.1,"",.0,"8",0,"8","80","1","3","","3","","","3","","","1","","",0,"8",.0,"8",.0,"8","","8",0,"8","","",.0,"8",.0,"8",.0,"8",.0,"8",.0,"8",.0,"8",.0,"8",.0,"8",.0,"8",0,"8",0,"8",0,"8","","",0,"8",0,"8"
"352190360","P£OCK","2006","08","10","10","5","",0,"8",0,"8","","","",7,"",0,"8",0,"8",7,"",280,"",3,"",0,"",20.6,"",.0,"8","U","",16.7,"",69,"",14.7,"",996.8,"",1009.5,"",3,.2,"",.0,"8",0,"8","80","8","4","","9","","","3","","","1","","",0,"8",.0,"8",.0,"8","","8",0,"8","","",.0,"8",.0,"8",.0,"8",.0,"8",.0,"8",.0,"8",.0,"8",.0,"8",.0,"8",0,"8",0,"8",0,"8","","",0,"8",0,"8"
"352190360","P£OCK","2006","08","10","11","5","",0,"8",0,"8","","","",8,"",0,"8",0,"8",7,"",320,"",2,"",0,"",21.3,"",.0,"8","U","",14.7,"",58,"",12.7,"",996.8,"",1009.5,"",1,.1,"",.0,"8",0,"8","03","2","6","","9","","","3","","","/","","",0,"8",.0,"8",.0,"8","","8",0,"8","","",.0,"8",.0,"8",.0,"8",.0,"8",.0,"8",.0,"8",.0,"8",.0,"8",.0,"8",0,"8",0,"8",0,"8","","",0,"8",0,"8"
"352190360","P£OCK","2006","08","10","12","5","",0,"8",0,"8","","","",6,"",0,"8",0,"8",7,"",250,"",2,"",0,"",18.4,"",.0,"8","U","",17.3,"",82,"",15.3,"",997.1,"",1009.9,"",2,.5,"",4.6,"",6,"","95","1","7","","9","","","/","","","/","","",2,"",.0,"8",.0,"8","","8",0,"8","","",.0,"8",.0,"8",.0,"8",.0,"8",.0,"8",.0,"8",.0,"8",.0,"8",.0,"8",0,"8",0,"8",0,"8","","",0,"8",0,"8"
"352190360","P£OCK","2006","08","10","13","6","",0,"8",0,"8","","","",7,"",0,"8",0,"8",7,"",330,"",2,"",0,"",19.7,"",.0,"8","U","",17.2,"",75,"",15.1,"",996.7,"",1009.4,"",8,-.1,"",.0,"8",0,"8","25","8","4","","9","","","3","","","/","","",0,"8",.0,"8",.0,"8","","8",0,"8","","",.0,"8",.0,"8",.0,"8",.0,"8",.0,"8",.0,"8",.0,"8",.0,"8",.0,"8",0,"8",0,"8",0,"8","","",0,"8",0,"8"
"352190360","P£OCK","2006","08","10","14","6","",0,"8",0,"8","","","",8,"",0,"8",0,"8",7,"",330,"",2,"",0,"",19.9,"",.0,"8","U","",16.7,"",72,"",14.7,"",996.5,"",1009.2,"",8,-.3,"",.0,"8",0,"8","01","2","3","","9","","","3","","","/","","",0,"8",.0,"8",.0,"8","","8",0,"8","","",.0,"8",.0,"8",.0,"8",.0,"8",.0,"8",.0,"8",.0,"8",.0,"8",.0,"8",0,"8",0,"8",0,"8","","",0,"8",0,"8"
"352190360","P£OCK","2006","08","10","15","9","",0,"8",0,"8","","","",8,"",0,"8",0,"8",7,"",300,"",2,"",0,"",20.6,"",.0,"8","U","",16.7,"",69,"",14.7,"",996.3,"",1009.0,"",6,-.8,"",.0,"8",0,"8","01","8","7","","0","","","3","","","/","","",0,"8",.0,"8",.0,"8","","8",0,"8","","",.0,"8",.0,"8",.0,"8",.0,"8",.0,"8",.0,"8",.0,"8",.0,"8",.0,"8",0,"8",0,"8",0,"8","","",0,"8",0,"8"
"352190360","P£OCK","2006","08","10","16","6","",0,"8",0,"8","","","",8,"",0,"8",0,"8",7,"",330,"",1,"",0,"",21.0,"",.0,"8","U","",14.4,"",58,"",12.4,"",996.3,"",1009.0,"",6,-.4,"",.0,"8",0,"8","03","2","1","","2","","","3","","","/","","",0,"8",.0,"8",.0,"8","","8",0,"8","","",.0,"8",.0,"8",.0,"8",.0,"8",.0,"8",.0,"8",.0,"8",.0,"8",.0,"8",0,"8",0,"8",0,"8","","",0,"8",0,"8"
"352190360","P£OCK","2006","08","10","17","9","",0,"8",0,"8","","","",8,"",0,"8",0,"8",7,"",0,"",0,"",0,"",20.7,"",.0,"8","U","",16.6,"",68,"",14.6,"",996.4,"",1009.1,"",5,-.1,"",.0,"8",0,"8","01","2","7","","0","","","3","","","/","","",0,"8",.0,"8",.0,"8","","8",0,"8","","",.0,"8",.0,"8",.0,"8",.0,"8",.0,"8",.0,"8",.0,"8",.0,"8",.0,"8",0,"8",0,"8",0,"8","","",0,"8",0,"8"
"352190360","P£OCK","2006","08","10","18","5","",0,"8",0,"8","","","",8,"",0,"8",0,"8",6,"",290,"",3,"",0,"",20.0,"",.0,"8","U","",15.4,"",66,"",13.5,"",996.5,"",1009.2,"",3,.2,"",.6,"",6,"","03","8","2","","3","","","3","","","1","","",2,"",.0,"8",.0,"8","","8",0,"8","","",.0,"8",.0,"8",.0,"8",.0,"8",.0,"8",.0,"8",.0,"8",.0,"8",.0,"8",0,"8",0,"8",0,"8","","",0,"8",0,"8"
"352190360","P£OCK","2006","08","10","19","5","",0,"8",0,"8","","","",8,"",0,"8",0,"8",7,"",280,"",2,"",0,"",18.7,"",.0,"8","U","",16.4,"",76,"",14.4,"",996.9,"",1009.7,"",3,.6,"",.0,"8",0,"8","01","2","5","","5","","","3","","","/","","",0,"8",.0,"8",.0,"8","","8",0,"8","","",.0,"8",.0,"8",.0,"8",.0,"8",.0,"8",.0,"8",.0,"8",.0,"8",.0,"8",0,"8",0,"8",0,"8","","",0,"8",0,"8"
"352190360","P£OCK","2006","08","10","20","9","",0,"8",0,"8","","","",7,"",0,"8",0,"8",6,"",290,"",2,"",0,"",18.1,"",.0,"8","U","",16.6,"",80,"",14.6,"",996.9,"",1009.7,"",1,.5,"",.0,"8",0,"8","01","2","5","","0","","","3","","","1","","",0,"8",.0,"8",.0,"8","","8",0,"8","","",.0,"8",.0,"8",.0,"8",.0,"8",.0,"8",.0,"8",.0,"8",.0,"8",.0,"8",0,"8",0,"8",0,"8","","",0,"8",0,"8"
"352190360","P£OCK","2006","08","10","21","5","",0,"8",0,"8","","","",7,"",0,"8",0,"8",8,"",340,"",2,"",0,"",17.8,"",.0,"8","U","",16.3,"",80,"",14.3,"",996.7,"",1009.5,"",0,.2,"",.0,"8",0,"8","80","2","5","","9","","","3","","","/","","",0,"8",.0,"8",.0,"8","","8",0,"8","","",.0,"8",.0,"8",.0,"8",.0,"8",.0,"8",.0,"8",.0,"8",.0,"8",.0,"8",0,"8",0,"8",0,"8","","",0,"8",0,"8"
"352190360","P£OCK","2006","08","10","22","6","",0,"8",0,"8","","","",7,"",0,"8",0,"8",8,"",350,"",2,"",0,"",17.5,"",.0,"8","U","",16.2,"",81,"",14.2,"",996.7,"",1009.5,"",6,-.2,"",.0,"8",0,"8","25","2","4","","5","","","3","","","/","","",0,"8",.0,"8",.0,"8","","8",0,"8","","",.0,"8",.0,"8",.0,"8",.0,"8",.0,"8",.0,"8",.0,"8",.0,"8",.0,"8",0,"8",0,"8",0,"8","","",0,"8",0,"8"
"352190360","P£OCK","2006","08","10","23","6","",0,"8",0,"8","","","",7,"",0,"8",0,"8",8,"",20,"",2,"",0,"",17.0,"",.0,"8","U","",16.0,"",83,"",14.1,"",996.6,"",1009.4,"",7,-.3,"",.0,"8",0,"8","01","2","2","","5","","","3","","","/","","",0,"8",.0,"8",.0,"8","","8",0,"8","","",.0,"8",.0,"8",.0,"8",.0,"8",.0,"8",.0,"8",.0,"8",.0,"8",.0,"8",0,"8",0,"8",0,"8","","",0,"8",0,"8"
"352190360","P£OCK","2006","08","11","00","9","",0,"8",0,"8","","","",7,"",0,"8",0,"8",7,"",320,"",2,"",0,"",16.7,"",.0,"8","U","",16.1,"",85,"",14.2,"",996.7,"",1009.6,"",5,.0,"",.2,"",6,"","25","2","7","","0","","","3","","","/","","",2,"",.0,"8",.0,"8","","8",0,"8","","",.0,"8",.0,"8",.0,"8",.0,"8",.0,"8",.0,"8",.0,"8",.0,"8",.0,"8",0,"8",0,"8",0,"8","","",0,"8",0,"8"
"352190360","P£OCK","2006","08","11","01","7","",0,"8",0,"8","","","",6,"",0,"8",0,"8",8,"",250,"",2,"",0,"",16.8,"",.0,"8","U","",16.8,"",88,"",14.8,"",996.7,"",1009.6,"",4,.0,"",.0,"8",0,"8","10","2","8","","5","","","/","","","/","","",0,"8",.0,"8",.0,"8","","8",0,"8","","",.0,"8",.0,"8",.0,"8",.0,"8",.0,"8",.0,"8",.0,"8",.0,"8",.0,"8",0,"8",0,"8",0,"8","","",0,"8",0,"8"
"352190360","P£OCK","2006","08","11","02","4","",0,"8",0,"8","","","",6,"",0,"8",0,"8",8,"",200,"",1,"",0,"",16.5,"",.0,"8","U","",16.5,"",88,"",14.5,"",996.8,"",1009.7,"",2,.2,"",.0,"8",0,"8","81","8","6","","9","","","3","","","/","","",0,"8",.0,"8",.0,"8","","8",0,"8","","",.0,"8",.0,"8",.0,"8",.0,"8",.0,"8",.0,"8",.0,"8",.0,"8",.0,"8",0,"8",0,"8",0,"8","","",0,"8",0,"8"
"352190360","P£OCK","2006","08","11","03","5","",0,"8",0,"8","","","",7,"",0,"8",0,"8",7,"",330,"",1,"",0,"",15.7,"",.0,"8","U","",15.8,"",89,"",13.9,"",996.2,"",1009.1,"",8,-.5,"",.0,"8",0,"8","80","8","4","","9","","","3","","","/","","",0,"8",.0,"8",.0,"8","","8",0,"8","","",.0,"8",.0,"8",.0,"8",.0,"8",.0,"8",.0,"8",.0,"8",.0,"8",.0,"8",0,"8",0,"8",0,"8","","",0,"8",0,"8"
"352190360","P£OCK","2006","08","11","04","5","",0,"8",0,"8","","","",7,"",0,"8",0,"8",7,"",340,"",2,"",0,"",15.9,"",.0,"8","U","",16.4,"",91,"",14.4,"",995.9,"",1008.8,"",8,-.8,"",.0,"8",0,"8","80","8","4","","9","","","3","","","/","","",0,"8",.0,"8",.0,"8","","8",0,"8","","",.0,"8",.0,"8",.0,"8",.0,"8",.0,"8",.0,"8",.0,"8",.0,"8",.0,"8",0,"8",0,"8",0,"8","","",0,"8",0,"8"
"352190360","P£OCK","2006","08","11","05","5","",0,"8",0,"8","","","",7,"",0,"8",0,"8",7,"",10,"",3,"",0,"",16.0,"",.0,"8","U","",16.1,"",89,"",14.2,"",995.9,"",1008.8,"",6,-.9,"",.0,"8",0,"8","80","8","4","","9","","","3","","","/","","",0,"8",.0,"8",.0,"8","","8",0,"8","","",.0,"8",.0,"8",.0,"8",.0,"8",.0,"8",.0,"8",.0,"8",.0,"8",.0,"8",0,"8",0,"8",0,"8","","",0,"8",0,"8"
"352190360","P£OCK","2006","08","11","06","5","",0,"8",0,"8","","","",8,"",0,"8",0,"8",7,"",360,"",2,"",0,"",16.9,"",.0,"8","U","",16.7,"",87,"",14.7,"",995.9,"",1008.7,"",6,-.3,"",3.6,"",6,"","25","8","3","","9","","","3","","","1","","",2,"",.0,"8",.0,"8","","8",0,"8","","",.0,"8",.0,"8",.0,"8",.0,"8",.0,"8",.0,"8",.0,"8",.0,"8",.0,"8",0,"8",0,"8",0,"8","","",0,"8",0,"8"
"352190360","P£OCK","2006","08","11","07","6","",0,"8",0,"8","","","",8,"",0,"8",0,"8",6,"",40,"",2,"",0,"",17.5,"",.0,"8","U","",16.2,"",81,"",14.2,"",995.7,"",1008.5,"",8,-.2,"",.0,"8",0,"8","03","2","4","","9","","","3","","","1","","",0,"8",.0,"8",.0,"8","","8",0,"8","","",.0,"8",.0,"8",.0,"8",.0,"8",.0,"8",.0,"8",.0,"8",.0,"8",.0,"8",0,"8",0,"8",0,"8","","",0,"8",0,"8"
"352190360","P£OCK","2006","08","11","08","6","",0,"8",0,"8","","","",8,"",0,"8",0,"8",6,"",80,"",1,"",0,"",19.5,"",.0,"8","U","",16.1,"",71,"",14.1,"",995.6,"",1008.3,"",8,-.3,"",.0,"8",0,"8","01","2","2","","3","","","3","","","6","","",0,"8",.0,"8",.0,"8","","8",0,"8","","",.0,"8",.0,"8",.0,"8",.0,"8",.0,"8",.0,"8",.0,"8",.0,"8",.0,"8",0,"8",0,"8",0,"8","","",0,"8",0,"8"
"352190360","P£OCK","2006","08","11","09","6","",0,"8",0,"8","","","",8,"",0,"8",0,"8",7,"",50,"",1,"",0,"",20.3,"",.0,"8","U","",15.2,"",64,"",13.3,"",995.4,"",1008.1,"",7,-.5,"",.0,"8",0,"8","03","2","2","","3","","","3","","","6","","",0,"8",.0,"8",.0,"8","","8",0,"8","","",.0,"8",.0,"8",.0,"8",.0,"8",.0,"8",.0,"8",.0,"8",.0,"8",.0,"8",0,"8",0,"8",0,"8","","",0,"8",0,"8"
"352190360","P£OCK","2006","08","11","10","5","",0,"8",0,"8","","","",8,"",0,"8",0,"8",8,"",150,"",1,"",0,"",21.6,"",.0,"8","U","",14.7,"",57,"",12.7,"",995.1,"",1007.7,"",8,-.6,"",.0,"8",0,"8","01","2","2","","2","","","0","","","7","","",0,"8",.0,"8",.0,"8","","8",0,"8","","",.0,"8",.0,"8",.0,"8",.0,"8",.0,"8",.0,"8",.0,"8",.0,"8",.0,"8",0,"8",0,"8",0,"8","","",0,"8",0,"8"
"352190360","P£OCK","2006","08","11","11","5","",0,"8",0,"8","","","",8,"",0,"8",0,"8",8,"",110,"",1,"",0,"",22.6,"",.0,"8","U","",14.0,"",51,"",11.9,"",994.9,"",1007.5,"",7,-.7,"",.0,"8",0,"8","03","2","4","","3","","","3","","","7","","",0,"8",.0,"8",.0,"8","","8",0,"8","","",.0,"8",.0,"8",.0,"8",.0,"8",.0,"8",.0,"8",.0,"8",.0,"8",.0,"8",0,"8",0,"8",0,"8","","",0,"8",0,"8"
"352190360","P£OCK","2006","08","11","12","6","",0,"8",0,"8","","","",8,"",0,"8",0,"8",8,"",200,"",2,"",0,"",22.9,"",.0,"8","U","",13.6,"",49,"",11.6,"",994.5,"",1007.1,"",7,-.9,"",.0,"9",0,"9","03","2","3","","9","","","0","","","7","","",2,"",.0,"8",.0,"8","","8",0,"8","","",.0,"8",.0,"8",.0,"8",.0,"8",.0,"8",.0,"8",.0,"8",.0,"8",.0,"8",0,"8",0,"8",0,"8","","",0,"8",0,"8"
"352190360","P£OCK","2006","08","11","13","6","",0,"8",0,"8","","","",8,"",0,"8",0,"8",8,"",150,"",2,"",0,"",23.2,"",.0,"8","U","",13.0,"",46,"",10.9,"",994.1,"",1006.6,"",8,-1.0,"",.0,"8",0,"8","01","2","3","","3","","","0","","","7","","",0,"8",.0,"8",.0,"8","","8",0,"8","","",.0,"8",.0,"8",.0,"8",.0,"8",.0,"8",.0,"8",.0,"8",.0,"8",.0,"8",0,"8",0,"8",0,"8","","",0,"8",0,"8"
"352190360","P£OCK","2006","08","11","14","6","",0,"8",0,"8","","","",8,"",0,"8",0,"8",8,"",170,"",2,"",0,"",22.9,"",.0,"8","U","",12.8,"",46,"",10.7,"",994.1,"",1006.7,"",6,-.8,"",.0,"8",0,"8","03","2","3","","3","","","3","","","7","","",0,"8",.0,"8",.0,"8","","8",0,"8","","",.0,"8",.0,"8",.0,"8",.0,"8",.0,"8",.0,"8",.0,"8",.0,"8",.0,"8",0,"8",0,"8",0,"8","","",0,"8",0,"8"
"352190360","P£OCK","2006","08","11","15","5","",0,"8",0,"8","","","",8,"",0,"8",0,"8",8,"",90,"",4,"",0,"",21.0,"",.0,"8","U","",12.7,"",51,"",10.5,"",994.0,"",1006.6,"",7,-.5,"",.0,"8",0,"8","17","2","6","","9","","","7","","","/","","",0,"8",.0,"8",.0,"8","","8",0,"8","","",.0,"8",.0,"8",.0,"8",.0,"8",.0,"8",.0,"8",.0,"8",.0,"8",.0,"8",0,"8",0,"8",0,"8","","",0,"8",0,"8"
"352190360","P£OCK","2006","08","11","16","6","",0,"8",0,"8","","","",8,"",0,"8",0,"8",8,"",160,"",2,"",0,"",20.4,"",.0,"8","U","",13.9,"",58,"",11.9,"",994.2,"",1006.9,"",3,.1,"",.0,"8",0,"8","29","2","5","","9","","","7","","","/","","",0,"8",.0,"8",.0,"8","","8",0,"8","","",.0,"8",.0,"8",.0,"8",.0,"8",.0,"8",.0,"8",.0,"8",.0,"8",.0,"8",0,"8",0,"8",0,"8","","",0,"8",0,"8"
"352190360","P£OCK","2006","08","11","17","6","",0,"8",0,"8","","","",8,"",0,"8",0,"8",8,"",0,"",0,"",0,"",19.9,"",.0,"8","U","",14.4,"",62,"",12.4,"",994.2,"",1006.9,"",1,.1,"",.0,"8",0,"8","01","2","3","","5","","","7","","","/","","",0,"8",.0,"8",.0,"8","","8",0,"8","","",.0,"8",.0,"8",.0,"8",.0,"8",.0,"8",.0,"8",.0,"8",.0,"8",.0,"8",0,"8",0,"8",0,"8","","",0,"8",0,"8"
"352190360","P£OCK","2006","08","11","18","6","",0,"8",0,"8","","","",8,"",0,"8",0,"8",8,"",290,"",4,"",0,"",17.7,"",.0,"8","U","",13.7,"",68,"",11.7,"",994.3,"",1007.1,"",2,.3,"",.0,"9",0,"9","03","9","3","","9","","","7","","","/","","",2,"",.0,"8",.0,"8","","8",0,"8","","",.0,"8",.0,"8",.0,"8",.0,"8",.0,"8",.0,"8",.0,"8",.0,"8",.0,"8",0,"8",0,"8",0,"8","","",0,"8",0,"8"
"352190360","P£OCK","2006","08","11","19","6","",0,"8",0,"8","","","",7,"",0,"8",0,"8",8,"",0,"",0,"",0,"",16.9,"",.0,"8","U","",15.2,"",79,"",13.2,"",994.5,"",1007.3,"",3,.3,"",.0,"8",0,"8","01","2","2","","5","","","7","","","/","","",0,"8",.0,"8",.0,"8","","8",0,"8","","",.0,"8",.0,"8",.0,"8",.0,"8",.0,"8",.0,"8",.0,"8",.0,"8",.0,"8",0,"8",0,"8",0,"8","","",0,"8",0,"8"
"352190360","P£OCK","2006","08","11","20","9","",0,"8",0,"8","","","",7,"",0,"8",0,"8",8,"",220,"",2,"",0,"",16.0,"",.0,"8","U","",15.1,"",83,"",13.1,"",994.4,"",1007.3,"",0,.2,"",.0,"8",0,"8","01","2","8","","0","","","7","","","/","","",0,"8",.0,"8",.0,"8","","8",0,"8","","",.0,"8",.0,"8",.0,"8",.0,"8",.0,"8",.0,"8",.0,"8",.0,"8",.0,"8",0,"8",0,"8",0,"8","","",0,"8",0,"8"
"352190360","P£OCK","2006","08","11","21","6","",0,"8",0,"8","","","",7,"",0,"8",0,"8",8,"",310,"",1,"",0,"",16.0,"",.0,"8","U","",14.7,"",81,"",12.7,"",994.8,"",1007.7,"",2,.5,"",.0,"8",0,"8","03","2","5","","5","","","7","","","/","","",0,"8",.0,"8",.0,"8","","8",0,"8","","",.0,"8",.0,"8",.0,"8",.0,"8",.0,"8",.0,"8",.0,"8",.0,"8",.0,"8",0,"8",0,"8",0,"8","","",0,"8",0,"8"
"352190360","P£OCK","2006","08","11","22","6","",0,"8",0,"8","","","",7,"",0,"8",0,"8",8,"",0,"",0,"",0,"",16.0,"",.0,"8","U","",14.7,"",81,"",12.7,"",994.6,"",1007.5,"",0,.1,"",.0,"8",0,"8","60","6","3","","5","","","7","","","/","","",0,"8",.0,"8",.0,"8","","8",0,"8","","",.0,"8",.0,"8",.0,"8",.0,"8",.0,"8",.0,"8",.0,"8",.0,"8",.0,"8",0,"8",0,"8",0,"8","","",0,"8",0,"8"
"352190360","P£OCK","2006","08","11","23","9","",0,"8",0,"8","","","",6,"",0,"8",0,"8",8,"",270,"",1,"",0,"",15.6,"",.0,"8","U","",15.4,"",87,"",13.4,"",994.1,"",1007.0,"",8,-.3,"",.0,"8",0,"8","61","6","8","","0","","","2","","","/","","",0,"8",.0,"8",.0,"8","","8",0,"8","","",.0,"8",.0,"8",.0,"8",.0,"8",.0,"8",.0,"8",.0,"8",.0,"8",.0,"8",0,"8",0,"8",0,"8","","",0,"8",0,"8"
"352190360","P£OCK","2006","08","12","00","7","",0,"8",0,"8","","","",6,"",0,"8",0,"8",8,"",330,"",1,"",0,"",15.4,"",.0,"8","U","",15.5,"",89,"",13.6,"",993.6,"",1006.5,"",8,-1.2,"",.0,"",6,"","61","2","4","","5","","","2","","","/","","",2,"",.0,"8",.0,"8","","8",0,"8","","",.0,"8",.0,"8",.0,"8",.0,"8",.0,"8",.0,"8",.0,"8",.0,"8",.0,"8",0,"8",0,"8",0,"8","","",0,"8",0,"8"
"352190360","P£OCK","2006","08","12","01","7","",0,"8",0,"8","","","",6,"",0,"8",0,"8",8,"",300,"",2,"",0,"",15.3,"",.0,"8","U","",16.0,"",92,"",14.0,"",993.3,"",1006.2,"",6,-1.3,"",.0,"8",0,"8","21","2","2","","5","","","2","","","/","","",0,"8",.0,"8",.0,"8","","8",0,"8","","",.0,"8",.0,"8",.0,"8",.0,"8",.0,"8",.0,"8",.0,"8",.0,"8",.0,"8",0,"8",0,"8",0,"8","","",0,"8",0,"8"
"352190360","P£OCK","2006","08","12","02","4","",0,"8",0,"8","","","",6,"",0,"8",0,"8",8,"",300,"",2,"",0,"",15.6,"",.0,"8","U","",15.9,"",90,"",14.0,"",993.0,"",1005.9,"",6,-1.1,"",.0,"8",0,"8","10","2","6","","5","","","7","","","/","","",0,"8",.0,"8",.0,"8","","8",0,"8","","",.0,"8",.0,"8",.0,"8",.0,"8",.0,"8",.0,"8",.0,"8",.0,"8",.0,"8",0,"8",0,"8",0,"8","","",0,"8",0,"8"
"352190360","P£OCK","2006","08","12","03","4","",0,"8",0,"8","","","",6,"",0,"8",0,"8",8,"",310,"",2,"",0,"",15.4,"",.0,"8","U","",15.9,"",91,"",13.9,"",993.0,"",1005.9,"",6,-.6,"",.0,"8",0,"8","10","6","6","","5","","","7","","","/","","",0,"8",.0,"8",.0,"8","","8",0,"8","","",.0,"8",.0,"8",.0,"8",.0,"8",.0,"8",.0,"8",.0,"8",.0,"8",.0,"8",0,"8",0,"8",0,"8","","",0,"8",0,"8"
"352190360","P£OCK","2006","08","12","04","5","",0,"8",0,"8","","","",7,"",0,"8",0,"8",7,"",310,"",2,"",0,"",15.1,"",.0,"8","U","",15.2,"",89,"",13.3,"",992.6,"",1005.5,"",7,-.7,"",.0,"8",0,"8","01","2","1","","5","","","3","","","/","","",0,"8",.0,"8",.0,"8","","8",0,"8","","",.0,"8",.0,"8",.0,"8",.0,"8",.0,"8",.0,"8",.0,"8",.0,"8",.0,"8",0,"8",0,"8",0,"8","","",0,"8",0,"8"
"352190360","P£OCK","2006","08","12","05","9","",0,"8",0,"8","","","",7,"",0,"8",0,"8",7,"",290,"",2,"",0,"",15.3,"",.0,"8","U","",15.3,"",88,"",13.3,"",992.4,"",1005.3,"",8,-.6,"",.0,"8",0,"8","01","2","6","","0","","","3","","","8","","",0,"8",.0,"8",.0,"8","","8",0,"8","","",.0,"8",.0,"8",.0,"8",.0,"8",.0,"8",.0,"8",.0,"8",.0,"8",.0,"8",0,"8",0,"8",0,"8","","",0,"8",0,"8"
"352190360","P£OCK","2006","08","12","06","6","",0,"8",0,"8","","","",8,"",0,"8",0,"8",7,"",300,"",4,"",0,"",16.0,"",.0,"8","U","",15.4,"",85,"",13.5,"",992.4,"",1005.2,"",6,-.6,"",.1,"",6,"","03","6","2","","5","","","3","","","8","","",2,"",.0,"8",.0,"8","","8",0,"8","","",.0,"8",.0,"8",.0,"8",.0,"8",.0,"8",.0,"8",.0,"8",.0,"8",.0,"8",0,"8",0,"8",0,"8","","",0,"8",0,"8"
"352190360","P£OCK","2006","08","12","07","4","",0,"8",0,"8","","","",8,"",0,"8",0,"8",7,"",290,"",4,"",0,"",16.6,"",.0,"8","U","",15.6,"",83,"",13.7,"",992.4,"",1005.2,"",6,-.2,"",.0,"8",0,"8","03","2","7","","2","","","/","","","/","","",0,"8",.0,"8",.0,"8","","8",0,"8","","",.0,"8",.0,"8",.0,"8",.0,"8",.0,"8",.0,"8",.0,"8",.0,"8",.0,"8",0,"8",0,"8",0,"8","","",0,"8",0,"8"
"352190360","P£OCK","2006","08","12","08","4","",0,"8",0,"8","","","",8,"",0,"8",0,"8",7,"",310,"",3,"",0,"",16.5,"",.0,"8","U","",14.8,"",79,"",12.8,"",992.6,"",1005.4,"",3,.2,"",.0,"8",0,"8","02","2","7","","2","","","/","","","/","","",0,"8",.0,"8",.0,"8","","8",0,"8","","",.0,"8",.0,"8",.0,"8",.0,"8",.0,"8",.0,"8",.0,"8",.0,"8",.0,"8",0,"8",0,"8",0,"8","","",0,"8",0,"8"
"352190360","P£OCK","2006","08","12","09","5","",0,"8",0,"8","","","",8,"",0,"8",0,"8",6,"",290,"",4,"",0,"",17.8,"",.0,"8","U","",14.8,"",73,"",12.9,"",992.8,"",1005.6,"",3,.4,"",.0,"8",0,"8","01","2","4","","2","","","3","","","8","","",0,"8",.0,"8",.0,"8","","8",0,"8","","",.0,"8",.0,"8",.0,"8",.0,"8",.0,"8",.0,"8",.0,"8",.0,"8",.0,"8",0,"8",0,"8",0,"8","","",0,"8",0,"8"
"352190360","P£OCK","2006","08","12","10","5","",0,"8",0,"8","","","",8,"",0,"8",0,"8",6,"",240,"",4,"",0,"",19.1,"",.0,"8","U","",14.8,"",67,"",12.8,"",993.3,"",1006.0,"",3,.9,"",.0,"8",0,"8","03","2","5","","2","","","0","","","1","","",0,"8",.0,"8",.0,"8","","8",0,"8","","",.0,"8",.0,"8",.0,"8",.0,"8",.0,"8",.0,"8",.0,"8",.0,"8",.0,"8",0,"8",0,"8",0,"8","","",0,"8",0,"8"
"352190360","P£OCK","2006","08","12","11","5","",0,"8",0,"8","","","",8,"",0,"8",0,"8",5,"",240,"",4,"",0,"",20.9,"",.0,"8","U","",14.5,"",59,"",12.6,"",993.6,"",1006.2,"",2,1.0,"",.0,"8",0,"8","01","2","3","","2","","","0","","","1","","",0,"8",.0,"8",.0,"8","","8",0,"8","","",.0,"8",.0,"8",.0,"8",.0,"8",.0,"8",.0,"8",.0,"8",.0,"8",.0,"8",0,"8",0,"8",0,"8","","",0,"8",0,"8"
"352190360","P£OCK","2006","08","12","12","6","",0,"8",0,"8","","","",8,"",0,"8",0,"8",5,"",260,"",3,"",0,"",21.7,"",.0,"8","U","",14.8,"",57,"",12.8,"",993.7,"",1006.3,"",1,.9,"",.0,"9",0,"9","02","2","3","","2","","","0","","","1","","",2,"",.0,"8",.0,"8","","8",0,"8","","",.0,"8",.0,"8",.0,"8",.0,"8",.0,"8",.0,"8",.0,"8",.0,"8",.0,"8",0,"8",0,"8",0,"8","","",0,"8",0,"8"
"352190360","P£OCK","2006","08","12","13","6","",0,"8",0,"8","","","",8,"",0,"8",0,"8",4,"",270,"",4,"",0,"",21.4,"",.0,"8","U","",13.7,"",54,"",11.7,"",993.5,"",1006.1,"",0,.2,"",.0,"8",0,"8","01","1","2","","2","","","0","","","1","","",0,"8",.0,"8",.0,"8","","8",0,"8","","",.0,"8",.0,"8",.0,"8",.0,"8",.0,"8",.0,"8",.0,"8",.0,"8",.0,"8",0,"8",0,"8",0,"8","","",0,"8",0,"8"
"352190360","P£OCK","2006","08","12","14","6","",0,"8",0,"8","","","",8,"",0,"8",0,"8",4,"",270,"",4,"",0,"",22.0,"",.0,"8","U","",14.5,"",55,"",12.5,"",993.9,"",1006.5,"",2,.3,"",.0,"8",0,"8","02","0","2","","2","","","0","","","1","","",0,"8",.0,"8",.0,"8","","8",0,"8","","",.0,"8",.0,"8",.0,"8",.0,"8",.0,"8",.0,"8",.0,"8",.0,"8",.0,"8",0,"8",0,"8",0,"8","","",0,"8",0,"8"
"352190360","P£OCK","2006","08","12","15","6","",0,"8",0,"8","","","",8,"",0,"8",0,"8",4,"",250,"",3,"",0,"",21.4,"",.0,"8","U","",13.2,"",52,"",11.1,"",994.3,"",1006.9,"",3,.6,"",.0,"8",0,"8","01","1","2","","2","","","0","","","1","","",0,"8",.0,"8",.0,"8","","8",0,"8","","",.0,"8",.0,"8",.0,"8",.0,"8",.0,"8",.0,"8",.0,"8",.0,"8",.0,"8",0,"8",0,"8",0,"8","","",0,"8",0,"8"
"352190360","P£OCK","2006","08","12","16","7","",0,"8",0,"8","","","",8,"",0,"8",0,"8",3,"",290,"",4,"",0,"",21.5,"",.0,"8","U","",12.3,"",48,"",10.0,"",993.9,"",1006.5,"",0,.4,"",.0,"8",0,"8","01","0","1","","2","","","0","","","2","","",0,"8",.0,"8",.0,"8","","8",0,"8","","",.0,"8",.0,"8",.0,"8",.0,"8",.0,"8",.0,"8",.0,"8",.0,"8",.0,"8",0,"8",0,"8",0,"8","","",0,"8",0,"8"
"352190360","P£OCK","2006","08","12","17","7","",0,"8",0,"8","","","",8,"",0,"8",0,"8",2,"",260,"",2,"",0,"",21.4,"",.0,"8","U","",11.9,"",47,"",9.6,"",994.3,"",1006.9,"",2,.4,"",.0,"8",0,"8","01","0","1","","5","","","0","","","1","","",0,"8",.0,"8",.0,"8","","8",0,"8","","",.0,"8",.0,"8",.0,"8",.0,"8",.0,"8",.0,"8",.0,"8",.0,"8",.0,"8",0,"8",0,"8",0,"8","","",0,"8",0,"8"
"352190360","P£OCK","2006","08","12","18","7","",0,"8",0,"8","","","",8,"",0,"8",0,"8",3,"",0,"",0,"",0,"",19.0,"",.0,"8","U","",12.7,"",58,"",10.5,"",994.6,"",1007.3,"",3,.3,"",.0,"9",0,"9","03","1","1","","5","","","3","","","1","","",1,"",.0,"8",.0,"8","","8",0,"8","","",.0,"8",.0,"8",.0,"8",.0,"8",.0,"8",.0,"8",.0,"8",.0,"8",.0,"8",0,"8",0,"8",0,"8","","",0,"8",0,"8"
"352190360","P£OCK","2006","08","12","19","7","",0,"8",0,"8","","","",8,"",0,"8",0,"8",3,"",90,"",1,"",0,"",16.0,"",.0,"8","U","",13.4,"",74,"",11.4,"",995.1,"",1008.0,"",2,1.2,"",.0,"8",0,"8","02","0","1","","5","","","3","","","1","","",0,"8",.0,"8",.0,"8","","8",0,"8","","",.0,"8",.0,"8",.0,"8",.0,"8",.0,"8",.0,"8",.0,"8",.0,"8",.0,"8",0,"8",0,"8",0,"8","","",0,"8",0,"8"
"352190360","P£OCK","2006","08","12","20","9","",0,"8",0,"8","","","",7,"",0,"8",0,"8",3,"",110,"",1,"",0,"",14.2,"",.0,"8","U","",13.4,"",83,"",11.4,"",995.3,"",1008.3,"",2,1.0,"",.0,"8",0,"8","01","0","1","","0","","","3","","","1","","",0,"8",.0,"8",.0,"8","","8",0,"8","","",.0,"8",.0,"8",.0,"8",.0,"8",.0,"8",.0,"8",.0,"8",.0,"8",.0,"8",0,"8",0,"8",0,"8","","",0,"8",0,"8"
"352190360","P£OCK","2006","08","12","21","9","",0,"8",0,"8","","","",7,"",0,"8",0,"8",4,"",100,"",1,"",0,"",13.6,"",.0,"8","U","",13.4,"",86,"",11.3,"",995.3,"",1008.3,"",1,.7,"",.0,"8",0,"8","03","0","1","","0","","","3","","","4","","",0,"8",.0,"8",.0,"8","","8",0,"8","","",.0,"8",.0,"8",.0,"8",.0,"8",.0,"8",.0,"8",.0,"8",.0,"8",.0,"8",0,"8",0,"8",0,"8","","",0,"8",0,"8"
"352190360","P£OCK","2006","08","12","22","9","",0,"8",0,"8","","","",7,"",0,"8",0,"8",4,"",90,"",1,"",0,"",13.1,"",.0,"8","U","",13.4,"",89,"",11.3,"",995.3,"",1008.3,"",1,.2,"",.0,"8",0,"8","03","0","2","","0","","","3","","","1","","",0,"8",.0,"8",.0,"8","","8",0,"8","","",.0,"8",.0,"8",.0,"8",.0,"8",.0,"8",.0,"8",.0,"8",.0,"8",.0,"8",0,"8",0,"8",0,"8","","",0,"8",0,"8"
"352190360","P£OCK","2006","08","12","23","9","",0,"8",0,"8","","","",7,"",0,"8",0,"8",7,"",100,"",1,"",0,"",13.8,"",.0,"8","U","",13.4,"",85,"",11.3,"",995.1,"",1008.1,"",8,-.2,"",.0,"8",0,"8","03","1","2","","0","","","3","","","6","","",0,"8",.0,"8",.0,"8","","8",0,"8","","",.0,"8",.0,"8",.0,"8",.0,"8",.0,"8",.0,"8",.0,"8",.0,"8",.0,"8",0,"8",0,"8",0,"8","","",0,"8",0,"8"
"352190360","P£OCK","2006","08","13","00","9","",0,"8",0,"8","","","",7,"",0,"8",0,"8",7,"",70,"",1,"",0,"",13.6,"",.0,"8","U","",13.5,"",87,"",11.5,"",994.8,"",1007.8,"",8,-.5,"",.0,"9",0,"9","03","1","7","","0","","","5","","","/","","",1,"",.0,"8",.0,"8","","8",0,"8","","",.0,"8",.0,"8",.0,"8",.0,"8",.0,"8",.0,"8",.0,"8",.0,"8",.0,"8",0,"8",0,"8",0,"8","","",0,"8",0,"8"
"352190360","P£OCK","2006","08","13","01","9","",0,"8",0,"8","","","",7,"",0,"8",0,"8",8,"",0,"",0,"",0,"",14.6,"",.0,"8","U","",14.4,"",87,"",12.5,"",994.8,"",1007.7,"",6,-.5,"",.0,"8",0,"8","03","2","8","","0","","","7","","","/","","",0,"8",.0,"8",.0,"8","","8",0,"8","","",.0,"8",.0,"8",.0,"8",.0,"8",.0,"8",.0,"8",.0,"8",.0,"8",.0,"8",0,"8",0,"8",0,"8","","",0,"8",0,"8"
"352190360","P£OCK","2006","08","13","02","7","",0,"8",0,"8","","","",8,"",0,"8",0,"8",8,"",60,"",2,"",0,"",15.5,"",.0,"8","U","",14.1,"",80,"",12.1,"",994.4,"",1007.3,"",7,-.7,"",.0,"8",0,"8","03","2","2","","5","","","3","","","/","","",0,"8",.0,"8",.0,"8","","8",0,"8","","",.0,"8",.0,"8",.0,"8",.0,"8",.0,"8",.0,"8",.0,"8",.0,"8",.0,"8",0,"8",0,"8",0,"8","","",0,"8",0,"8"
"352190360","P£OCK","2006","08","13","03","7","",0,"8",0,"8","","","",7,"",0,"8",0,"8",8,"",60,"",2,"",0,"",15.4,"",.0,"8","U","",14.1,"",81,"",12.2,"",994.2,"",1007.1,"",8,-.6,"",.0,"8",0,"8","61","2","7","","5","","","2","","","/","","",0,"8",.0,"8",.0,"8","","8",0,"8","","",.0,"8",.0,"8",.0,"8",.0,"8",.0,"8",.0,"8",.0,"8",.0,"8",.0,"8",0,"8",0,"8",0,"8","","",0,"8",0,"8"
"352190360","P£OCK","2006","08","13","04","7","",0,"8",0,"8","","","",7,"",0,"8",0,"8",8,"",70,"",2,"",0,"",15.6,"",.0,"8","U","",14.3,"",81,"",12.3,"",993.8,"",1006.7,"",7,-1.0,"",.0,"8",0,"8","21","2","4","","5","","","7","","","/","","",0,"8",.0,"8",.0,"8","","8",0,"8","","",.0,"8",.0,"8",.0,"8",.0,"8",.0,"8",.0,"8",.0,"8",.0,"8",.0,"8",0,"8",0,"8",0,"8","","",0,"8",0,"8"
"352190360","P£OCK","2006","08","13","05","5","",0,"8",0,"8","","","",7,"",0,"8",0,"8",8,"",60,"",3,"",0,"",15.8,"",.0,"8","U","",14.2,"",79,"",12.2,"",993.4,"",1006.3,"",8,-1.0,"",.0,"8",0,"8","80","2","8","","9","","","/","","","/","","",0,"8",.0,"8",.0,"8","","8",0,"8","","",.0,"8",.0,"8",.0,"8",.0,"8",.0,"8",.0,"8",.0,"8",.0,"8",.0,"8",0,"8",0,"8",0,"8","","",0,"8",0,"8"
"352190360","P£OCK","2006","08","13","06","5","",0,"8",0,"8","","","",7,"",0,"8",0,"8",8,"",90,"",3,"",0,"",15.8,"",.0,"8","U","",14.7,"",82,"",12.7,"",993.4,"",1006.3,"",6,-.8,"",.7,"",6,"","80","6","4","","9","","","7","","","/","","",2,"",.0,"8",.0,"8","","8",0,"8","","",.0,"8",.0,"8",.0,"8",.0,"8",.0,"8",.0,"8",.0,"8",.0,"8",.0,"8",0,"8",0,"8",0,"8","","",0,"8",0,"8"
"352190360","P£OCK","2006","08","13","07","5","",0,"8",0,"8","","","",7,"",0,"8",0,"8",8,"",90,"",3,"",0,"",16.3,"",.0,"8","U","",15.5,"",84,"",13.6,"",993.0,"",1005.8,"",7,-.8,"",.0,"8",0,"8","25","8","4","","9","","","3","","","/","","",0,"8",.0,"8",.0,"8","","8",0,"8","","",.0,"8",.0,"8",.0,"8",.0,"8",.0,"8",.0,"8",.0,"8",.0,"8",.0,"8",0,"8",0,"8",0,"8","","",0,"8",0,"8"
"352190360","P£OCK","2006","08","13","08","6","",0,"8",0,"8","","","",7,"",0,"8",0,"8",8,"",90,"",3,"",0,"",18.1,"",.0,"8","U","",16.2,"",78,"",14.2,"",992.7,"",1005.4,"",8,-.7,"",.0,"8",0,"8","01","2","4","","5","","","3","","","/","","",0,"8",.0,"8",.0,"8","","8",0,"8","","",.0,"8",.0,"8",.0,"8",.0,"8",.0,"8",.0,"8",.0,"8",.0,"8",.0,"8",0,"8",0,"8",0,"8","","",0,"8",0,"8"
"352190360","P£OCK","2006","08","13","09","4","",0,"8",0,"8","","","",6,"",0,"8",0,"8",8,"",130,"",2,"",0,"",18.0,"",.0,"8","U","",15.6,"",76,"",13.7,"",992.8,"",1005.5,"",5,-.6,"",.0,"8",0,"8","81","2","6","","9","","","3","","","/","","",0,"8",.0,"8",.0,"8","","8",0,"8","","",.0,"8",.0,"8",.0,"8",.0,"8",.0,"8",.0,"8",.0,"8",.0,"8",.0,"8",0,"8",0,"8",0,"8","","",0,"8",0,"8"
"352190360","P£OCK","2006","08","13","10","4","",0,"8",0,"8","","","",6,"",0,"8",0,"8",8,"",160,"",1,"",0,"",18.0,"",.0,"8","U","",17.3,"",84,"",15.3,"",992.5,"",1005.2,"",7,-.5,"",.0,"8",0,"8","80","8","5","","9","","","3","","","/","","",0,"8",.0,"8",.0,"8","","8",0,"8","","",.0,"8",.0,"8",.0,"8",.0,"8",.0,"8",.0,"8",.0,"8",.0,"8",.0,"8",0,"8",0,"8",0,"8","","",0,"8",0,"8"
"352190360","P£OCK","2006","08","13","11","4","",0,"8",0,"8","","","",6,"",0,"8",0,"8",8,"",120,"",2,"",0,"",18.5,"",.0,"8","U","",18.7,"",88,"",16.5,"",992.6,"",1005.3,"",5,-.1,"",.0,"8",0,"8","80","8","5","","9","","","7","","","/","","",0,"8",.0,"8",.0,"8","","8",0,"8","","",.0,"8",.0,"8",.0,"8",.0,"8",.0,"8",.0,"8",.0,"8",.0,"8",.0,"8",0,"8",0,"8",0,"8","","",0,"8",0,"8"
"352190360","P£OCK","2006","08","13","12","4","",0,"8",0,"8","","","",6,"",0,"8",0,"8",7,"",130,"",3,"",0,"",19.4,"",.0,"8","U","",19.3,"",86,"",17.0,"",992.4,"",1005.1,"",7,-.4,"",2.4,"",6,"","25","8","5","","9","","","3","","","/","","",2,"",.0,"8",.0,"8","","8",0,"8","","",.0,"8",.0,"8",.0,"8",.0,"8",.0,"8",.0,"8",.0,"8",.0,"8",.0,"8",0,"8",0,"8",0,"8","","",0,"8",0,"8"
"352190360","P£OCK","2006","08","13","13","4","",0,"8",0,"8","","","",5,"",0,"8",0,"8",8,"",140,"",3,"",0,"",16.8,"",.0,"8","U","",17.6,"",92,"",15.5,"",993.3,"",1006.1,"",2,.8,"",.0,"8",0,"8","95","9","8","","9","","","/","","","/","","",0,"8",.0,"8",.0,"8","","8",0,"8","","",.0,"8",.0,"8",.0,"8",.0,"8",.0,"8",.0,"8",.0,"8",.0,"8",.0,"8",0,"8",0,"8",0,"8","","",0,"8",0,"8"
"352190360","P£OCK","2006","08","13","14","4","",0,"8",0,"8","","","",6,"",0,"8",0,"8",7,"",200,"",3,"",0,"",18.2,"",.0,"8","U","",19.6,"",94,"",17.2,"",993.0,"",1005.7,"",0,.4,"",.0,"8",0,"8","17","9","4","","9","","","3","","","/","","",0,"8",.0,"8",.0,"8","","8",0,"8","","",.0,"8",.0,"8",.0,"8",.0,"8",.0,"8",.0,"8",.0,"8",.0,"8",.0,"8",0,"8",0,"8",0,"8","","",0,"8",0,"8"
"352190360","P£OCK","2006","08","13","15","4","",0,"8",0,"8","","","",8,"",0,"8",0,"8",6,"",220,"",3,"",0,"",19.7,"",.0,"8","U","",17.6,"",77,"",15.6,"",993.3,"",1006.0,"",2,.9,"",.0,"8",0,"8","01","9","3","","2","","","3","","","1","","",0,"8",.0,"8",.0,"8","","8",0,"8","","",.0,"8",.0,"8",.0,"8",.0,"8",.0,"8",.0,"8",.0,"8",.0,"8",.0,"8",0,"8",0,"8",0,"8","","",0,"8",0,"8"
"352190360","P£OCK","2006","08","13","16","5","",0,"8",0,"8","","","",8,"",0,"8",0,"8",5,"",160,"",3,"",0,"",19.5,"",.0,"8","U","",16.5,"",73,"",14.5,"",993.2,"",1005.9,"",7,-.1,"",.0,"8",0,"8","01","2","2","","2","","","3","","","1","","",0,"8",.0,"8",.0,"8","","8",0,"8","","",.0,"8",.0,"8",.0,"8",.0,"8",.0,"8",.0,"8",.0,"8",.0,"8",.0,"8",0,"8",0,"8",0,"8","","",0,"8",0,"8"
"352190360","P£OCK","2006","08","13","17","5","",0,"8",0,"8","","","",8,"",0,"8",0,"8",5,"",160,"",3,"",0,"",19.0,"",.0,"8","U","",16.4,"",75,"",14.5,"",993.4,"",1006.1,"",2,.4,"",.0,"8",0,"8","03","2","2","","3","","","3","","","1","","",0,"8",.0,"8",.0,"8","","8",0,"8","","",.0,"8",.0,"8",.0,"8",.0,"8",.0,"8",.0,"8",.0,"8",.0,"8",.0,"8",0,"8",0,"8",0,"8","","",0,"8",0,"8"
"352190360","P£OCK","2006","08","13","18","5","",0,"8",0,"8","","","",8,"",0,"8",0,"8",7,"",190,"",2,"",0,"",18.3,"",.0,"8","U","",15.7,"",75,"",13.8,"",994.0,"",1006.8,"",3,.7,"",8.8,"",6,"","03","9","3","","9","","","3","","","6","","",2,"",.0,"8",.0,"8","","8",0,"8","","",.0,"8",.0,"8",.0,"8",.0,"8",.0,"8",.0,"8",.0,"8",.0,"8",.0,"8",0,"8",0,"8",0,"8","","",0,"8",0,"8"
"352190360","P£OCK","2006","08","13","19","5","",0,"8",0,"8","","","",8,"",0,"8",0,"8",6,"",210,"",2,"",0,"",17.2,"",.0,"8","U","",15.3,"",78,"",13.3,"",994.6,"",1007.4,"",3,1.4,"",.0,"8",0,"8","01","2","2","","9","","","3","","","8","","",0,"8",.0,"8",.0,"8","","8",0,"8","","",.0,"8",.0,"8",.0,"8",.0,"8",.0,"8",.0,"8",.0,"8",.0,"8",.0,"8",0,"8",0,"8",0,"8","","",0,"8",0,"8"
"352190360","P£OCK","2006","08","13","20","9","",0,"8",0,"8","","","",7,"",0,"8",0,"8",2,"",220,"",2,"",0,"",15.5,"",.0,"8","U","",14.6,"",83,"",12.6,"",994.6,"",1007.5,"",1,1.2,"",.0,"8",0,"8","01","1","1","","0","","","3","","","1","","",0,"8",.0,"8",.0,"8","","8",0,"8","","",.0,"8",.0,"8",.0,"8",.0,"8",.0,"8",.0,"8",.0,"8",.0,"8",.0,"8",0,"8",0,"8",0,"8","","",0,"8",0,"8"
"352190360","P£OCK","2006","08","13","21","9","",0,"8",0,"8","","","",8,"",0,"8",0,"8",2,"",220,"",2,"",0,"",14.6,"",.0,"8","U","",13.9,"",84,"",11.9,"",995.0,"",1007.9,"",2,1.0,"",.0,"8",0,"8","03","1","2","","0","","","3","","","0","","",0,"8",.0,"8",.0,"8","","8",0,"8","","",.0,"8",.0,"8",.0,"8",.0,"8",.0,"8",.0,"8",.0,"8",.0,"8",.0,"8",0,"8",0,"8",0,"8","","",0,"8",0,"8"
"352190360","P£OCK","2006","08","13","22","9","",0,"8",0,"8","","","",7,"",0,"8",0,"8",2,"",140,"",2,"",0,"",13.7,"",.0,"8","U","",13.6,"",87,"",11.6,"",995.3,"",1008.3,"",3,.7,"",.0,"8",0,"8","01","0","1","","0","","","3","","","1","","",0,"8",.0,"8",.0,"8","","8",0,"8","","",.0,"8",.0,"8",.0,"8",.0,"8",.0,"8",.0,"8",.0,"8",.0,"8",.0,"8",0,"8",0,"8",0,"8","","",0,"8",0,"8"
"352190360","P£OCK","2006","08","13","23","9","",0,"8",0,"8","","","",7,"",0,"8",0,"8",7,"",140,"",2,"",0,"",14.1,"",.0,"8","U","",14.0,"",87,"",12.0,"",995.7,"",1008.7,"",2,1.1,"",.0,"8",0,"8","01","1","0","","0","","","0","","","6","","",0,"8",.0,"8",.0,"8","","8",0,"8","","",.0,"8",.0,"8",.0,"8",.0,"8",.0,"8",.0,"8",.0,"8",.0,"8",.0,"8",0,"8",0,"8",0,"8","","",0,"8",0,"8"
"352190360","P£OCK","2006","08","14","00","9","",0,"8",0,"8","","","",8,"",0,"8",0,"8",8,"",170,"",2,"",0,"",13.8,"",.0,"8","U","",13.7,"",87,"",11.7,"",996.0,"",1009.0,"",2,1.0,"",.0,"9",0,"9","03","1","0","","0","","","0","","","7","","",2,"",.0,"8",.0,"8","","8",0,"8","","",.0,"8",.0,"8",.0,"8",.0,"8",.0,"8",.0,"8",.0,"8",.0,"8",.0,"8",0,"8",0,"8",0,"8","","",0,"8",0,"8"
"352190360","P£OCK","2006","08","14","01","9","",0,"8",0,"8","","","",7,"",0,"8",0,"8",7,"",180,"",2,"",0,"",13.1,"",.0,"8","U","",13.5,"",90,"",11.5,"",996.0,"",1009.0,"",1,.7,"",.0,"8",0,"8","01","2","0","","0","","","0","","","8","","",0,"8",.0,"8",.0,"8","","8",0,"8","","",.0,"8",.0,"8",.0,"8",.0,"8",.0,"8",.0,"8",.0,"8",.0,"8",.0,"8",0,"8",0,"8",0,"8","","",0,"8",0,"8"
"352190360","P£OCK","2006","08","14","02","9","",0,"8",0,"8","","","",7,"",0,"8",0,"8",7,"",130,"",2,"",0,"",12.6,"",.0,"8","U","",13.3,"",91,"",11.2,"",996.0,"",1009.0,"",1,.3,"",.0,"8",0,"8","02","2","0","","0","","","0","","","8","","",0,"8",.0,"8",.0,"8","","8",0,"8","","",.0,"8",.0,"8",.0,"8",.0,"8",.0,"8",.0,"8",.0,"8",.0,"8",.0,"8",0,"8",0,"8",0,"8","","",0,"8",0,"8"
"352190360","P£OCK","2006","08","14","03","9","",0,"8",0,"8","","","",6,"",0,"8",0,"8",8,"",120,"",2,"",0,"",12.2,"",.0,"8","U","",13.2,"",93,"",11.1,"",995.9,"",1009.0,"",8,-.1,"",.0,"8",0,"8","10","2","0","","0","","","0","","","7","","",0,"8",.0,"8",.0,"8","","8",0,"8","","",.0,"8",.0,"8",.0,"8",.0,"8",.0,"8",.0,"8",.0,"8",.0,"8",.0,"8",0,"8",0,"8",0,"8","","",0,"8",0,"8"
"352190360","P£OCK","2006","08","14","04","9","",0,"8",0,"8","","","",6,"",0,"8",0,"8",8,"",110,"",2,"",0,"",12.4,"",.0,"8","U","",13.4,"",93,"",11.3,"",995.8,"",1008.8,"",8,-.2,"",.0,"8",0,"8","10","2","0","","0","","","0","","","7","","",0,"8",.0,"8",.0,"8","","8",0,"8","","",.0,"8",.0,"8",.0,"8",.0,"8",.0,"8",.0,"8",.0,"8",.0,"8",.0,"8",0,"8",0,"8",0,"8","","",0,"8",0,"8"
"352190360","P£OCK","2006","08","14","05","9","",0,"8",0,"8","","","",6,"",0,"8",0,"8",8,"",120,"",2,"",0,"",13.4,"",.0,"8","U","",14.3,"",93,"",12.3,"",996.3,"",1009.3,"",3,.3,"",.0,"8",0,"8","10","2","0","","0","","","0","","","7","","",0,"8",.0,"8",.0,"8","","8",0,"8","","",.0,"8",.0,"8",.0,"8",.0,"8",.0,"8",.0,"8",.0,"8",.0,"8",.0,"8",0,"8",0,"8",0,"8","","",0,"8",0,"8"
"352190360","P£OCK","2006","08","14","06","9","",0,"8",0,"8","","","",6,"",0,"8",0,"8",8,"",130,"",1,"",0,"",14.5,"",.0,"8","U","",15.0,"",91,"",13.0,"",996.0,"",1008.9,"",0,.1,"",.0,"9",0,"9","10","2","8","","0","","","7","","","/","","",2,"",.0,"8",.0,"8","","8",0,"8","","",.0,"8",.0,"8",.0,"8",.0,"8",.0,"8",.0,"8",.0,"8",.0,"8",.0,"8",0,"8",0,"8",0,"8","","",0,"8",0,"8"
"352190360","P£OCK","2006","08","14","07","9","",0,"8",0,"8","","","",7,"",0,"8",0,"8",8,"",140,"",2,"",0,"",15.4,"",.0,"8","U","",15.0,"",86,"",13.1,"",995.9,"",1008.8,"",0,.1,"",.0,"8",0,"8","02","2","8","","0","","","7","","","/","","",0,"8",.0,"8",.0,"8","","8",0,"8","","",.0,"8",.0,"8",.0,"8",.0,"8",.0,"8",.0,"8",.0,"8",.0,"8",.0,"8",0,"8",0,"8",0,"8","","",0,"8",0,"8"
"352190360","P£OCK","2006","08","14","08","9","",0,"8",0,"8","","","",7,"",0,"8",0,"8",8,"",120,"",2,"",0,"",16.3,"",.0,"8","U","",15.2,"",82,"",13.2,"",995.7,"",1008.6,"",7,-.6,"",.0,"8",0,"8","02","2","8","","0","","","7","","","/","","",0,"8",.0,"8",.0,"8","","8",0,"8","","",.0,"8",.0,"8",.0,"8",.0,"8",.0,"8",.0,"8",.0,"8",.0,"8",.0,"8",0,"8",0,"8",0,"8","","",0,"8",0,"8"
"352190360","P£OCK","2006","08","14","09","9","",0,"8",0,"8","","","",8,"",0,"8",0,"8",8,"",140,"",2,"",0,"",17.2,"",.0,"8","U","",14.9,"",76,"",12.9,"",995.5,"",1008.3,"",7,-.5,"",.0,"8",0,"8","02","2","8","","0","","","7","","","/","","",0,"8",.0,"8",.0,"8","","8",0,"8","","",.0,"8",.0,"8",.0,"8",.0,"8",.0,"8",.0,"8",.0,"8",.0,"8",.0,"8",0,"8",0,"8",0,"8","","",0,"8",0,"8"
"352190360","P£OCK","2006","08","14","10","9","",0,"8",0,"8","","","",8,"",0,"8",0,"8",8,"",160,"",3,"",0,"",17.7,"",.0,"8","U","",14.3,"",71,"",12.4,"",995.5,"",1008.3,"",6,-.4,"",.0,"8",0,"8","02","2","8","","0","","","7","","","/","","",0,"8",.0,"8",.0,"8","","8",0,"8","","",.0,"8",.0,"8",.0,"8",.0,"8",.0,"8",.0,"8",.0,"8",.0,"8",.0,"8",0,"8",0,"8",0,"8","","",0,"8",0,"8"
"352190360","P£OCK","2006","08","14","11","9","",0,"8",0,"8","","","",8,"",0,"8",0,"8",8,"",180,"",2,"",0,"",18.1,"",.0,"8","U","",14.5,"",70,"",12.5,"",995.5,"",1008.3,"",6,-.2,"",.0,"8",0,"8","03","2","8","","0","","","7","","","/","","",0,"8",.0,"8",.0,"8","","8",0,"8","","",.0,"8",.0,"8",.0,"8",.0,"8",.0,"8",.0,"8",.0,"8",.0,"8",.0,"8",0,"8",0,"8",0,"8","","",0,"8",0,"8"
"352190360","P£OCK","2006","08","14","12","5","",0,"8",0,"8","","","",8,"",0,"8",0,"8",8,"",190,"",2,"",0,"",18.8,"",.0,"8","U","",14.7,"",68,"",12.8,"",995.4,"",1008.1,"",8,-.1,"",.0,"9",0,"9","03","2","1","","2","","","7","","","/","","",1,"",.0,"8",.0,"8","","8",0,"8","","",.0,"8",.0,"8",.0,"8",.0,"8",.0,"8",.0,"8",.0,"8",.0,"8",.0,"8",0,"8",0,"8",0,"8","","",0,"8",0,"8"
"352190360","P£OCK","2006","08","14","13","9","",0,"8",0,"8","","","",8,"",0,"8",0,"8",8,"",190,"",3,"",0,"",18.8,"",.0,"8","U","",14.1,"",65,"",12.1,"",995.1,"",1007.8,"",8,-.4,"",.0,"8",0,"8","01","2","8","","0","","","7","","","/","","",0,"8",.0,"8",.0,"8","","8",0,"8","","",.0,"8",.0,"8",.0,"8",.0,"8",.0,"8",.0,"8",.0,"8",.0,"8",.0,"8",0,"8",0,"8",0,"8","","",0,"8",0,"8"
"352190360","P£OCK","2006","08","14","14","9","",0,"8",0,"8","","","",8,"",0,"8",0,"8",8,"",180,"",2,"",0,"",19.6,"",.0,"8","U","",14.8,"",65,"",12.8,"",995.2,"",1007.9,"",5,-.3,"",.0,"8",0,"8","01","2","0","","0","","","0","","","7","","",0,"8",.0,"8",.0,"8","","8",0,"8","","",.0,"8",.0,"8",.0,"8",.0,"8",.0,"8",.0,"8",.0,"8",.0,"8",.0,"8",0,"8",0,"8",0,"8","","",0,"8",0,"8"
"352190360","P£OCK","2006","08","14","15","9","",0,"8",0,"8","","","",8,"",0,"8",0,"8",7,"",170,"",2,"",0,"",19.8,"",.0,"8","U","",14.7,"",64,"",12.8,"",994.9,"",1007.6,"",7,-.5,"",.0,"8",0,"8","01","2","0","","0","","","0","","","8","","",0,"8",.0,"8",.0,"8","","8",0,"8","","",.0,"8",.0,"8",.0,"8",.0,"8",.0,"8",.0,"8",.0,"8",.0,"8",.0,"8",0,"8",0,"8",0,"8","","",0,"8",0,"8"
"352190360","P£OCK","2006","08","14","16","9","",0,"8",0,"8","","","",8,"",0,"8",0,"8",7,"",150,"",3,"",0,"",20.4,"",.0,"8","U","",14.1,"",59,"",12.1,"",994.6,"",1007.3,"",8,-.5,"",.0,"8",0,"8","02","2","0","","0","","","0","","","8","","",0,"8",.0,"8",.0,"8","","8",0,"8","","",.0,"8",.0,"8",.0,"8",.0,"8",.0,"8",.0,"8",.0,"8",.0,"8",.0,"8",0,"8",0,"8",0,"8","","",0,"8",0,"8"
"352190360","P£OCK","2006","08","14","17","9","",0,"8",0,"8","","","",8,"",0,"8",0,"8",6,"",140,"",2,"",0,"",19.8,"",.0,"8","U","",14.1,"",61,"",12.1,"",994.2,"",1006.9,"",7,-1.0,"",.0,"8",0,"8","01","2","0","","0","","","0","","","8","","",0,"8",.0,"8",.0,"8","","8",0,"8","","",.0,"8",.0,"8",.0,"8",.0,"8",.0,"8",.0,"8",.0,"8",.0,"8",.0,"8",0,"8",0,"8",0,"8","","",0,"8",0,"8"
"352190360","P£OCK","2006","08","14","18","9","",0,"8",0,"8","","","",8,"",0,"8",0,"8",6,"",100,"",2,"",0,"",17.4,"",.0,"8","U","",14.3,"",72,"",12.3,"",994.3,"",1007.1,"",5,-.6,"",.0,"9",0,"9","03","2","2","","0","","","3","","","8","","",1,"",.0,"8",.0,"8","","8",0,"8","","",.0,"8",.0,"8",.0,"8",.0,"8",.0,"8",.0,"8",.0,"8",.0,"8",.0,"8",0,"8",0,"8",0,"8","","",0,"8",0,"8"
"352190360","P£OCK","2006","08","14","19","5","",0,"8",0,"8","","","",6,"",0,"8",0,"8",7,"",180,"",5,"",10,"",16.2,"",.0,"8","U","",15.1,"",82,"",13.1,"",995.1,"",1008.0,"",3,.5,"",.0,"8",0,"8","81","2","7","","9","","","/","","","/","","",0,"8",.0,"8",.0,"8","","8",0,"8","","",.0,"8",.0,"8",.0,"8",.0,"8",.0,"8",.0,"8",.0,"8",.0,"8",.0,"8",0,"8",0,"8",0,"8","","",0,"8",0,"8"
"352190360","P£OCK","2006","08","14","20","5","",0,"8",0,"8","","","",7,"",0,"8",0,"8",7,"",120,"",3,"",0,"",14.9,"",.0,"8","U","",15.2,"",90,"",13.3,"",994.7,"",1007.6,"",0,.5,"",.0,"8",0,"8","80","8","4","","9","","","3","","","/","","",0,"8",.0,"8",.0,"8","","8",0,"8","","",.0,"8",.0,"8",.0,"8",.0,"8",.0,"8",.0,"8",.0,"8",.0,"8",.0,"8",0,"8",0,"8",0,"8","","",0,"8",0,"8"
"352190360","P£OCK","2006","08","14","21","6","",0,"8",0,"8","","","",8,"",0,"8",0,"8",7,"",140,"",2,"",0,"",14.9,"",.0,"8","U","",14.7,"",87,"",12.8,"",995.0,"",1007.9,"",2,.7,"",.0,"8",0,"8","25","8","3","","5","","","3","","","/","","",0,"8",.0,"8",.0,"8","","8",0,"8","","",.0,"8",.0,"8",.0,"8",.0,"8",.0,"8",.0,"8",.0,"8",.0,"8",.0,"8",0,"8",0,"8",0,"8","","",0,"8",0,"8"
"352190360","P£OCK","2006","08","14","22","9","",0,"8",0,"8","","","",7,"",0,"8",0,"8",4,"",140,"",2,"",0,"",14.4,"",.0,"8","U","",14.7,"",90,"",12.8,"",994.7,"",1007.6,"",7,-.4,"",.0,"8",0,"8","01","1","3","","0","","","3","","","1","","",0,"8",.0,"8",.0,"8","","8",0,"8","","",.0,"8",.0,"8",.0,"8",.0,"8",.0,"8",.0,"8",.0,"8",.0,"8",.0,"8",0,"8",0,"8",0,"8","","",0,"8",0,"8"
"352190360","P£OCK","2006","08","14","23","9","",0,"8",0,"8","","","",7,"",0,"8",0,"8",3,"",140,"",2,"",0,"",13.8,"",.0,"8","U","",14.3,"",91,"",12.4,"",994.6,"",1007.6,"",8,-.1,"",.0,"8",0,"8","01","0","2","","0","","","3","","","1","","",0,"8",.0,"8",.0,"8","","8",0,"8","","",.0,"8",.0,"8",.0,"8",.0,"8",.0,"8",.0,"8",.0,"8",.0,"8",.0,"8",0,"8",0,"8",0,"8","","",0,"8",0,"8"
"352190360","P£OCK","2006","08","15","00","9","",0,"8",0,"8","","","",6,"",0,"8",0,"8",2,"",150,"",3,"",0,"",13.7,"",.0,"8","U","",14.4,"",92,"",12.4,"",994.5,"",1007.5,"",6,-.5,"",2.0,"",6,"","10","8","0","","0","","","0","","","1","","",2,"",.0,"8",.0,"8","","8",0,"8","","",.0,"8",.0,"8",.0,"8",.0,"8",.0,"8",.0,"8",.0,"8",.0,"8",.0,"8",0,"8",0,"8",0,"8","","",0,"8",0,"8"
"352190360","P£OCK","2006","08","15","01","9","",0,"8",0,"8","","","",6,"",0,"8",0,"8",2,"",160,"",2,"",0,"",13.3,"",.0,"8","U","",13.7,"",90,"",11.7,"",994.3,"",1007.3,"",7,-.4,"",.0,"8",0,"8","10","0","0","","0","","","0","","","1","","",0,"8",.0,"8",.0,"8","","8",0,"8","","",.0,"8",.0,"8",.0,"8",.0,"8",.0,"8",.0,"8",.0,"8",.0,"8",.0,"8",0,"8",0,"8",0,"8","","",0,"8",0,"8"
"352190360","P£OCK","2006","08","15","02","9","",0,"8",0,"8","","","",7,"",0,"8",0,"8",2,"",150,"",2,"",0,"",12.7,"",.0,"8","U","",13.2,"",90,"",11.1,"",994.0,"",1007.0,"",8,-.6,"",.0,"8",0,"8","02","0","0","","0","","","0","","","1","","",0,"8",.0,"8",.0,"8","","8",0,"8","","",.0,"8",.0,"8",.0,"8",.0,"8",.0,"8",.0,"8",.0,"8",.0,"8",.0,"8",0,"8",0,"8",0,"8","","",0,"8",0,"8"
"352190360","P£OCK","2006","08","15","03","9","",0,"8",0,"8","","","",7,"",0,"8",0,"8",4,"",180,"",2,"",0,"",12.4,"",.0,"8","U","",13.1,"",91,"",11.0,"",994.1,"",1007.1,"",5,-.4,"",.0,"8",0,"8","03","0","2","","0","","","3","","","1","","",0,"8",.0,"8",.0,"8","","8",0,"8","","",.0,"8",.0,"8",.0,"8",.0,"8",.0,"8",.0,"8",.0,"8",.0,"8",.0,"8",0,"8",0,"8",0,"8","","",0,"8",0,"8"
"352190360","P£OCK","2006","08","15","04","5","",0,"8",0,"8","","","",7,"",0,"8",0,"8",5,"",170,"",2,"",0,"",12.9,"",.0,"8","U","",13.2,"",89,"",11.1,"",994.2,"",1007.2,"",5,-.1,"",.0,"8",0,"8","03","1","3","","5","","","3","","","1","","",0,"8",.0,"8",.0,"8","","8",0,"8","","",.0,"8",.0,"8",.0,"8",.0,"8",.0,"8",.0,"8",.0,"8",.0,"8",.0,"8",0,"8",0,"8",0,"8","","",0,"8",0,"8"
"352190360","P£OCK","2006","08","15","05","6","",0,"8",0,"8","","","",8,"",0,"8",0,"8",6,"",180,"",2,"",0,"",13.7,"",.0,"8","U","",13.6,"",87,"",11.6,"",994.1,"",1007.1,"",0,.1,"",.0,"8",0,"8","03","2","5","","5","","","3","","","1","","",0,"8",.0,"8",.0,"8","","8",0,"8","","",.0,"8",.0,"8",.0,"8",.0,"8",.0,"8",.0,"8",.0,"8",.0,"8",.0,"8",0,"8",0,"8",0,"8","","",0,"8",0,"8"
"352190360","P£OCK","2006","08","15","06","6","",0,"8",0,"8","","","",8,"",0,"8",0,"8",6,"",180,"",3,"",0,"",14.7,"",.0,"8","U","",14.0,"",84,"",12.0,"",994.0,"",1006.9,"",8,-.1,"",.0,"9",0,"9","01","1","2","","5","","","3","","","2","","",2,"",.0,"8",.0,"8","","8",0,"8","","",.0,"8",.0,"8",.0,"8",.0,"8",.0,"8",.0,"8",.0,"8",.0,"8",.0,"8",0,"8",0,"8",0,"8","","",0,"8",0,"8"
"352190360","P£OCK","2006","08","15","07","9","",0,"8",0,"8","","","",8,"",0,"8",0,"8",4,"",190,"",4,"",0,"",17.2,"",.0,"8","U","",13.7,"",70,"",11.7,"",993.8,"",1006.6,"",7,-.4,"",.0,"8",0,"8","01","1","3","","0","","","3","","","1","","",0,"8",.0,"8",.0,"8","","8",0,"8","","",.0,"8",.0,"8",.0,"8",.0,"8",.0,"8",.0,"8",.0,"8",.0,"8",.0,"8",0,"8",0,"8",0,"8","","",0,"8",0,"8"
"352190360","P£OCK","2006","08","15","08","5","",0,"8",0,"8","","","",8,"",0,"8",0,"8",3,"",210,"",3,"",0,"",18.4,"",.0,"8","U","",14.1,"",67,"",12.2,"",993.9,"",1006.6,"",5,-.2,"",.0,"8",0,"8","03","0","2","","2","","","3","","","1","","",0,"8",.0,"8",.0,"8","","8",0,"8","","",.0,"8",.0,"8",.0,"8",.0,"8",.0,"8",.0,"8",.0,"8",.0,"8",.0,"8",0,"8",0,"8",0,"8","","",0,"8",0,"8"
"352190360","P£OCK","2006","08","15","09","5","",0,"8",0,"8","","","",8,"",0,"8",0,"8",3,"",180,"",4,"",0,"",20.0,"",.0,"8","U","",13.5,"",58,"",11.5,"",993.6,"",1006.3,"",7,-.4,"",.0,"8",0,"8","02","1","2","","2","","","3","","","1","","",0,"8",.0,"8",.0,"8","","8",0,"8","","",.0,"8",.0,"8",.0,"8",.0,"8",.0,"8",.0,"8",.0,"8",.0,"8",.0,"8",0,"8",0,"8",0,"8","","",0,"8",0,"8"
"352190360","P£OCK","2006","08","15","10","6","",0,"8",0,"8","","","",8,"",0,"8",0,"8",5,"",180,"",6,"",0,"",21.2,"",.0,"8","U","",12.6,"",50,"",10.4,"",993.4,"",1006.0,"",8,-.4,"",.0,"8",0,"8","03","1","3","","2","","","3","","","1","","",0,"8",.0,"8",.0,"8","","8",0,"8","","",.0,"8",.0,"8",.0,"8",.0,"8",.0,"8",.0,"8",.0,"8",.0,"8",.0,"8",0,"8",0,"8",0,"8","","",0,"8",0,"8"
"352190360","P£OCK","2006","08","15","11","6","",0,"8",0,"8","","","",8,"",0,"8",0,"8",6,"",200,"",6,"",0,"",21.5,"",.0,"8","U","",12.3,"",48,"",10.0,"",993.4,"",1006.0,"",6,-.5,"",.0,"8",0,"8","03","2","4","","2","","","3","","","1","","",0,"8",.0,"8",.0,"8","","8",0,"8","","",.0,"8",.0,"8",.0,"8",.0,"8",.0,"8",.0,"8",.0,"8",.0,"8",.0,"8",0,"8",0,"8",0,"8","","",0,"8",0,"8"
"352190360","P£OCK","2006","08","15","12","6","",0,"8",0,"8","","","",8,"",0,"8",0,"8",7,"",200,"",5,"",0,"",21.3,"",.0,"8","U","",12.4,"",49,"",10.1,"",993.7,"",1006.3,"",3,.1,"",.0,"9",0,"9","03","1","5","","2","","","0","","","6","","",1,"",.0,"8",.0,"8","","8",0,"8","","",.0,"8",.0,"8",.0,"8",.0,"8",.0,"8",.0,"8",.0,"8",.0,"8",.0,"8",0,"8",0,"8",0,"8","","",0,"8",0,"8"
"352190360","P£OCK","2006","08","15","13","6","",0,"8",0,"8","","","",8,"",0,"8",0,"8",7,"",200,"",5,"",0,"",20.7,"",.0,"8","U","",11.9,"",49,"",9.6,"",993.9,"",1006.5,"",3,.5,"",.0,"8",0,"8","01","2","2","","2","","","5","","","8","","",0,"8",.0,"8",.0,"8","","8",0,"8","","",.0,"8",.0,"8",.0,"8",.0,"8",.0,"8",.0,"8",.0,"8",.0,"8",.0,"8",0,"8",0,"8",0,"8","","",0,"8",0,"8"
"352190360","P£OCK","2006","08","15","14","6","",0,"8",0,"8","","","",8,"",0,"8",0,"8",7,"",220,"",6,"",11,"",20.5,"",.0,"8","U","",11.8,"",49,"",9.4,"",994.0,"",1006.7,"",1,.6,"",.0,"8",0,"8","03","2","2","","2","","","5","","","/","","",0,"8",.0,"8",.0,"8","","8",0,"8","","",.0,"8",.0,"8",.0,"8",.0,"8",.0,"8",.0,"8",.0,"8",.0,"8",.0,"8",0,"8",0,"8",0,"8","","",0,"8",0,"8"
"352190360","P£OCK","2006","08","15","15","6","",0,"8",0,"8","","","",8,"",0,"8",0,"8",7,"",210,"",4,"",0,"",19.2,"",.0,"8","U","",12.2,"",55,"",9.9,"",994.4,"",1007.1,"",2,.7,"",.0,"8",0,"8","01","2","4","","8","","","3","","","/","","",0,"8",.0,"8",.0,"8","","8",0,"8","","",.0,"8",.0,"8",.0,"8",.0,"8",.0,"8",.0,"8",.0,"8",.0,"8",.0,"8",0,"8",0,"8",0,"8","","",0,"8",0,"8"
"352190360","P£OCK","2006","08","15","16","6","",0,"8",0,"8","","","",8,"",0,"8",0,"8",7,"",210,"",4,"",10,"",19.4,"",.0,"8","U","",12.6,"",56,"",10.4,"",994.4,"",1007.1,"",1,.5,"",.0,"8",0,"8","01","2","2","","2","","","3","","","8","","",0,"8",.0,"8",.0,"8","","8",0,"8","","",.0,"8",.0,"8",.0,"8",.0,"8",.0,"8",.0,"8",.0,"8",.0,"8",.0,"8",0,"8",0,"8",0,"8","","",0,"8",0,"8"
"352190360","P£OCK","2006","08","15","17","6","",0,"8",0,"8","","","",9,"",0,"8",0,"8",7,"",230,"",4,"",0,"",17.9,"",.0,"8","U","",13.3,"",65,"",11.2,"",995.1,"",1007.9,"",2,1.1,"",.0,"8",0,"8","01","2","5","","5","","","3","","","/","","",0,"8",.0,"8",.0,"8","","8",0,"8","","",.0,"8",.0,"8",.0,"8",.0,"8",.0,"8",.0,"8",.0,"8",.0,"8",.0,"8",0,"8",0,"8",0,"8","","",0,"8",0,"8"
"352190360","P£OCK","2006","08","15","18","5","",0,"8",0,"8","","","",9,"",0,"8",0,"8",7,"",220,"",5,"",0,"",16.9,"",.0,"8","U","",14.0,"",73,"",12.0,"",995.4,"",1008.2,"",3,1.0,"",.0,"9",0,"9","03","2","7","","5","","","/","","","/","","",1,"",.0,"8",.0,"8","","8",0,"8","","",.0,"8",.0,"8",.0,"8",.0,"8",.0,"8",.0,"8",.0,"8",.0,"8",.0,"8",0,"8",0,"8",0,"8","","",0,"8",0,"8"
"352190360","P£OCK","2006","08","15","19","5","",0,"8",0,"8","","","",8,"",0,"8",0,"8",7,"",220,"",4,"",0,"",16.4,"",.0,"8","U","",14.7,"",79,"",12.7,"",996.4,"",1009.3,"",2,2.0,"",.0,"8",0,"8","02","2","7","","5","","","/","","","/","","",0,"8",.0,"8",.0,"8","","8",0,"8","","",.0,"8",.0,"8",.0,"8",.0,"8",.0,"8",.0,"8",.0,"8",.0,"8",.0,"8",0,"8",0,"8",0,"8","","",0,"8",0,"8"
"352190360","P£OCK","2006","08","15","20","5","",0,"8",0,"8","","","",8,"",0,"8",0,"8",4,"",210,"",3,"",0,"",15.9,"",.0,"8","U","",15.0,"",83,"",13.0,"",996.8,"",1009.7,"",2,1.7,"",.0,"8",0,"8","01","1","3","","5","","","3","","","0","","",0,"8",.0,"8",.0,"8","","8",0,"8","","",.0,"8",.0,"8",.0,"8",.0,"8",.0,"8",.0,"8",.0,"8",.0,"8",.0,"8",0,"8",0,"8",0,"8","","",0,"8",0,"8"
"352190360","P£OCK","2006","08","15","21","5","",0,"8",0,"8","","","",7,"",0,"8",0,"8",3,"",190,"",3,"",0,"",15.7,"",.0,"8","U","",15.3,"",86,"",13.4,"",996.9,"",1009.8,"",1,1.5,"",.0,"8",0,"8","01","1","1","","5","","","3","","","1","","",0,"8",.0,"8",.0,"8","","8",0,"8","","",.0,"8",.0,"8",.0,"8",.0,"8",.0,"8",.0,"8",.0,"8",.0,"8",.0,"8",0,"8",0,"8",0,"8","","",0,"8",0,"8"
"352190360","P£OCK","2006","08","15","22","9","",0,"8",0,"8","","","",7,"",0,"8",0,"8",1,"",210,"",3,"",0,"",15.1,"",.0,"8","U","",14.9,"",87,"",13.0,"",997.2,"",1010.1,"",2,.8,"",.0,"8",0,"8","01","0","1","","0","","","3","","","0","","",0,"8",.0,"8",.0,"8","","8",0,"8","","",.0,"8",.0,"8",.0,"8",.0,"8",.0,"8",.0,"8",.0,"8",.0,"8",.0,"8",0,"8",0,"8",0,"8","","",0,"8",0,"8"
"352190360","P£OCK","2006","08","15","23","5","",0,"8",0,"8","","","",7,"",0,"8",0,"8",2,"",210,"",3,"",0,"",15.2,"",.0,"8","U","",15.2,"",88,"",13.2,"",997.6,"",1010.5,"",3,.8,"",.0,"8",0,"8","03","0","1","","5","","","3","","","0","","",0,"8",.0,"8",.0,"8","","8",0,"8","","",.0,"8",.0,"8",.0,"8",.0,"8",.0,"8",.0,"8",.0,"8",.0,"8",.0,"8",0,"8",0,"8",0,"8","","",0,"8",0,"8"
"352190360","P£OCK","2006","08","16","00","9","",0,"8",0,"8","","","",7,"",0,"8",0,"8",1,"",220,"",3,"",0,"",15.2,"",.0,"8","U","",15.2,"",88,"",13.2,"",997.9,"",1010.8,"",2,1.0,"",.0,"9",0,"9","01","1","1","","0","","","3","","","0","","",1,"",.0,"8",.0,"8","","8",0,"8","","",.0,"8",.0,"8",.0,"8",.0,"8",.0,"8",.0,"8",.0,"8",.0,"8",.0,"8",0,"8",0,"8",0,"8","","",0,"8",0,"8"
"352190360","P£OCK","2006","08","16","01","9","",0,"8",0,"8","","","",7,"",0,"8",0,"8",3,"",210,"",2,"",0,"",14.9,"",.0,"8","U","",14.9,"",88,"",12.9,"",998.0,"",1011.0,"",1,.8,"",.0,"8",0,"8","03","0","3","","0","","","3","","","0","","",0,"8",.0,"8",.0,"8","","8",0,"8","","",.0,"8",.0,"8",.0,"8",.0,"8",.0,"8",.0,"8",.0,"8",.0,"8",.0,"8",0,"8",0,"8",0,"8","","",0,"8",0,"8"
"352190360","P£OCK","2006","08","16","02","9","",0,"8",0,"8","","","",7,"",0,"8",0,"8",0,"",200,"",2,"",0,"",14.4,"",.0,"8","U","",14.4,"",88,"",12.4,"",998.1,"",1011.1,"",1,.5,"",.0,"8",0,"8","01","0","0","","0","","","0","","","0","","",0,"8",.0,"8",.0,"8","","8",0,"8","","",.0,"8",.0,"8",.0,"8",.0,"8",.0,"8",.0,"8",.0,"8",.0,"8",.0,"8",0,"8",0,"8",0,"8","","",0,"8",0,"8"
"352190360","P£OCK","2006","08","16","03","9","",0,"8",0,"8","","","",6,"",0,"8",0,"8",0,"",210,"",2,"",0,"",13.7,"",.0,"8","U","",14.2,"",91,"",12.3,"",998.9,"",1011.9,"",3,1.0,"",.0,"8",0,"8","10","0","0","","0","","","0","","","0","","",0,"8",.0,"8",.0,"8","","8",0,"8","","",.0,"8",.0,"8",.0,"8",.0,"8",.0,"8",.0,"8",.0,"8",.0,"8",.0,"8",0,"8",0,"8",0,"8","","",0,"8",0,"8"
"352190360","P£OCK","2006","08","16","04","9","",0,"8",0,"8","","","",6,"",0,"8",0,"8",1,"",210,"",2,"",0,"",13.6,"",.0,"8","U","",14.5,"",93,"",12.5,"",998.9,"",1011.9,"",1,.9,"",.0,"8",0,"8","10","0","1","","0","","","3","","","0","","",0,"8",.0,"8",.0,"8","","8",0,"8","","",.0,"8",.0,"8",.0,"8",.0,"8",.0,"8",.0,"8",.0,"8",.0,"8",.0,"8",0,"8",0,"8",0,"8","","",0,"8",0,"8"
"352190360","P£OCK","2006","08","16","05","6","",0,"8",0,"8","","","",6,"",0,"8",0,"8",3,"",210,"",2,"",0,"",14.7,"",.0,"8","U","",15.4,"",92,"",13.4,"",999.2,"",1012.2,"",2,1.1,"",.0,"8",0,"8","10","0","3","","5","","","0","","","0","","",0,"8",.0,"8",.0,"8","","8",0,"8","","",.0,"8",.0,"8",.0,"8",.0,"8",.0,"8",.0,"8",.0,"8",.0,"8",.0,"8",0,"8",0,"8",0,"8","","",0,"8",0,"8"
"352190360","P£OCK","2006","08","16","06","5","",0,"8",0,"8","","","",7,"",0,"8",0,"8",2,"",220,"",3,"",0,"",15.9,"",.0,"8","U","",15.0,"",83,"",13.0,"",999.5,"",1012.4,"",3,.6,"",.0,"9",0,"9","03","0","1","","1","","","3","","","1","","",1,"",.0,"8",.0,"8","","8",0,"8","","",.0,"8",.0,"8",.0,"8",.0,"8",.0,"8",.0,"8",.0,"8",.0,"8",.0,"8",0,"8",0,"8",0,"8","","",0,"8",0,"8"
"352190360","P£OCK","2006","08","16","07","5","",0,"8",0,"8","","","",7,"",0,"8",0,"8",2,"",200,"",2,"",0,"",18.0,"",.0,"8","U","",14.6,"",71,"",12.7,"",999.8,"",1012.6,"",2,.9,"",.0,"8",0,"8","02","0","1","","1","","","3","","","1","","",0,"8",.0,"8",.0,"8","","8",0,"8","","",.0,"8",.0,"8",.0,"8",.0,"8",.0,"8",.0,"8",.0,"8",.0,"8",.0,"8",0,"8",0,"8",0,"8","","",0,"8",0,"8"
"352190360","P£OCK","2006","08","16","08","6","",0,"8",0,"8","","","",8,"",0,"8",0,"8",2,"",200,"",4,"",0,"",19.3,"",.0,"8","U","",13.6,"",61,"",11.6,"",999.9,"",1012.7,"",1,.7,"",.0,"8",0,"8","03","0","1","","2","","","0","","","1","","",0,"8",.0,"8",.0,"8","","8",0,"8","","",.0,"8",.0,"8",.0,"8",.0,"8",.0,"8",.0,"8",.0,"8",.0,"8",.0,"8",0,"8",0,"8",0,"8","","",0,"8",0,"8"
"352190360","P£OCK","2006","08","16","09","6","",0,"8",0,"8","","","",8,"",0,"8",0,"8",5,"",210,"",3,"",0,"",20.7,"",.0,"8","U","",12.4,"",51,"",10.2,"",1000.1,"",1012.8,"",2,.6,"",.0,"8",0,"8","03","1","4","","2","","","0","","","1","","",0,"8",.0,"8",.0,"8","","8",0,"8","","",.0,"8",.0,"8",.0,"8",.0,"8",.0,"8",.0,"8",.0,"8",.0,"8",.0,"8",0,"8",0,"8",0,"8","","",0,"8",0,"8"
"352190360","P£OCK","2006","08","16","10","6","",0,"8",0,"8","","","",8,"",0,"8",0,"8",5,"",230,"",3,"",0,"",20.7,"",.0,"8","U","",12.4,"",51,"",10.2,"",1000.0,"",1012.7,"",0,.2,"",.0,"8",0,"8","02","2","4","","2","","","0","","","1","","",0,"8",.0,"8",.0,"8","","8",0,"8","","",.0,"8",.0,"8",.0,"8",.0,"8",.0,"8",.0,"8",.0,"8",.0,"8",.0,"8",0,"8",0,"8",0,"8","","",0,"8",0,"8"
"352190360","P£OCK","2006","08","16","11","6","",0,"8",0,"8","","","",8,"",0,"8",0,"8",4,"",220,"",3,"",0,"",22.5,"",.0,"8","U","",12.2,"",45,"",10.0,"",999.9,"",1012.5,"",0,.0,"",.0,"8",0,"8","01","1","3","","2","","","0","","","1","","",0,"8",.0,"8",.0,"8","","8",0,"8","","",.0,"8",.0,"8",.0,"8",.0,"8",.0,"8",.0,"8",.0,"8",.0,"8",.0,"8",0,"8",0,"8",0,"8","","",0,"8",0,"8"
"352190360","P£OCK","2006","08","16","12","6","",0,"8",0,"8","","","",8,"",0,"8",0,"8",4,"",180,"",3,"",0,"",23.7,"",.0,"8","U","",12.6,"",43,"",10.4,"",999.6,"",1012.2,"",8,-.5,"",.0,"9",0,"9","02","1","3","","2","","","0","","","1","","",1,"",.0,"8",.0,"8","","8",0,"8","","",.0,"8",.0,"8",.0,"8",.0,"8",.0,"8",.0,"8",.0,"8",.0,"8",.0,"8",0,"8",0,"8",0,"8","","",0,"8",0,"8"
"352190360","P£OCK","2006","08","16","13","6","",0,"8",0,"8","","","",8,"",0,"8",0,"8",3,"",200,"",3,"",0,"",23.9,"",.0,"8","U","",12.7,"",43,"",10.6,"",999.3,"",1011.9,"",8,-.7,"",.0,"8",0,"8","01","0","2","","2","","","0","","","1","","",0,"8",.0,"8",.0,"8","","8",0,"8","","",.0,"8",.0,"8",.0,"8",.0,"8",.0,"8",.0,"8",.0,"8",.0,"8",.0,"8",0,"8",0,"8",0,"8","","",0,"8",0,"8"
"352190360","P£OCK","2006","08","16","14","6","",0,"8",0,"8","","","",8,"",0,"8",0,"8",3,"",200,"",3,"",0,"",24.2,"",.0,"8","U","",12.7,"",42,"",10.5,"",999.0,"",1011.6,"",7,-.9,"",.0,"8",0,"8","03","0","2","","2","","","0","","","1","","",0,"8",.0,"8",.0,"8","","8",0,"8","","",.0,"8",.0,"8",.0,"8",.0,"8",.0,"8",.0,"8",.0,"8",.0,"8",.0,"8",0,"8",0,"8",0,"8","","",0,"8",0,"8"
"352190360","P£OCK","2006","08","16","15","7","",0,"8",0,"8","","","",8,"",0,"8",0,"8",5,"",160,"",2,"",0,"",23.6,"",.0,"8","U","",12.5,"",43,"",10.3,"",998.8,"",1011.4,"",7,-.8,"",.0,"8",0,"8","01","1","1","","2","","","0","","","6","","",0,"8",.0,"8",.0,"8","","8",0,"8","","",.0,"8",.0,"8",.0,"8",.0,"8",.0,"8",.0,"8",.0,"8",.0,"8",.0,"8",0,"8",0,"8",0,"8","","",0,"8",0,"8"
"352190360","P£OCK","2006","08","16","16","9","",0,"8",0,"8","","","",8,"",0,"8",0,"8",7,"",160,"",2,"",0,"",23.6,"",.0,"8","U","",12.5,"",43,"",10.3,"",998.5,"",1011.1,"",7,-.8,"",.0,"8",0,"8","01","2","0","","0","","","0","","","6","","",0,"8",.0,"8",.0,"8","","8",0,"8","","",.0,"8",.0,"8",.0,"8",.0,"8",.0,"8",.0,"8",.0,"8",.0,"8",.0,"8",0,"8",0,"8",0,"8","","",0,"8",0,"8"
"352190360","P£OCK","2006","08","16","17","9","",0,"8",0,"8","","","",8,"",0,"8",0,"8",6,"",110,"",2,"",0,"",21.8,"",.0,"8","U","",13.8,"",53,"",11.8,"",998.1,"",1010.8,"",8,-.9,"",.0,"8",0,"8","01","2","0","","0","","","0","","","8","","",0,"8",.0,"8",.0,"8","","8",0,"8","","",.0,"8",.0,"8",.0,"8",.0,"8",.0,"8",.0,"8",.0,"8",.0,"8",.0,"8",0,"8",0,"8",0,"8","","",0,"8",0,"8"
"352190360","P£OCK","2006","08","16","18","9","",0,"8",0,"8","","","",8,"",0,"8",0,"8",6,"",100,"",2,"",0,"",20.2,"",.0,"8","U","",14.2,"",60,"",12.2,"",997.9,"",1010.6,"",7,-.9,"",.0,"9",0,"9","02","1","0","","0","","","0","","","8","","",1,"",.0,"8",.0,"8","","8",0,"8","","",.0,"8",.0,"8",.0,"8",.0,"8",.0,"8",.0,"8",.0,"8",.0,"8",.0,"8",0,"8",0,"8",0,"8","","",0,"8",0,"8"
"352190360","P£OCK","2006","08","16","19","9","",0,"8",0,"8","","","",8,"",0,"8",0,"8",4,"",90,"",3,"",0,"",19.0,"",.0,"8","U","",14.2,"",65,"",12.3,"",998.0,"",1010.8,"",5,-.5,"",.0,"8",0,"8","01","1","0","","0","","","0","","","8","","",0,"8",.0,"8",.0,"8","","8",0,"8","","",.0,"8",.0,"8",.0,"8",.0,"8",.0,"8",.0,"8",.0,"8",.0,"8",.0,"8",0,"8",0,"8",0,"8","","",0,"8",0,"8"
"352190360","P£OCK","2006","08","16","20","7","",0,"8",0,"8","","","",8,"",0,"8",0,"8",7,"",90,"",3,"",0,"",19.0,"",.0,"8","U","",14.9,"",68,"",13.0,"",997.9,"",1010.7,"",7,-.2,"",.0,"8",0,"8","03","1","2","","5","","","5","","","8","","",0,"8",.0,"8",.0,"8","","8",0,"8","","",.0,"8",.0,"8",.0,"8",.0,"8",.0,"8",.0,"8",.0,"8",.0,"8",.0,"8",0,"8",0,"8",0,"8","","",0,"8",0,"8"
"352190360","P£OCK","2006","08","16","21","9","",0,"8",0,"8","","","",8,"",0,"8",0,"8",7,"",110,"",4,"",0,"",19.8,"",.0,"8","U","",14.7,"",64,"",12.8,"",997.5,"",1010.2,"",8,-.4,"",.0,"8",0,"8","01","1","2","","0","","","3","","","6","","",0,"8",.0,"8",.0,"8","","8",0,"8","","",.0,"8",.0,"8",.0,"8",.0,"8",.0,"8",.0,"8",.0,"8",.0,"8",.0,"8",0,"8",0,"8",0,"8","","",0,"8",0,"8"
"352190360","P£OCK","2006","08","16","22","9","",0,"8",0,"8","","","",8,"",0,"8",0,"8",7,"",100,"",3,"",0,"",18.5,"",.0,"8","U","",14.9,"",70,"",12.9,"",997.2,"",1010.0,"",7,-.8,"",.0,"8",0,"8","01","2","1","","0","","","3","","","8","","",0,"8",.0,"8",.0,"8","","8",0,"8","","",.0,"8",.0,"8",.0,"8",.0,"8",.0,"8",.0,"8",.0,"8",.0,"8",.0,"8",0,"8",0,"8",0,"8","","",0,"8",0,"8"
"352190360","P£OCK","2006","08","16","23","7","",0,"8",0,"8","","","",8,"",0,"8",0,"8",8,"",140,"",2,"",0,"",18.8,"",.0,"8","U","",14.9,"",69,"",13.0,"",997.2,"",1010.0,"",6,-.7,"",.0,"8",0,"8","03","2","2","","5","","","0","","","7","","",0,"8",.0,"8",.0,"8","","8",0,"8","","",.0,"8",.0,"8",.0,"8",.0,"8",.0,"8",.0,"8",.0,"8",.0,"8",.0,"8",0,"8",0,"8",0,"8","","",0,"8",0,"8"
"352190360","P£OCK","2006","08","17","00","7","",0,"8",0,"8","","","",8,"",0,"8",0,"8",7,"",140,"",3,"",0,"",18.5,"",.0,"8","U","",14.9,"",70,"",12.9,"",996.9,"",1009.7,"",7,-.6,"",.0,"9",0,"9","01","1","1","","5","","","3","","","8","","",1,"",.0,"8",.0,"8","","8",0,"8","","",.0,"8",.0,"8",.0,"8",.0,"8",.0,"8",.0,"8",.0,"8",.0,"8",.0,"8",0,"8",0,"8",0,"8","","",0,"8",0,"8"
"352190360","P£OCK","2006","08","17","01","5","",0,"8",0,"8","","","",8,"",0,"8",0,"8",6,"",140,"",3,"",0,"",17.6,"",.0,"8","U","",15.7,"",78,"",13.7,"",996.6,"",1009.4,"",8,-.6,"",.0,"8",0,"8","13","2","1","","9","","","3","","","8","","",0,"8",.0,"8",.0,"8","","8",0,"8","","",.0,"8",.0,"8",.0,"8",.0,"8",.0,"8",.0,"8",.0,"8",.0,"8",.0,"8",0,"8",0,"8",0,"8","","",0,"8",0,"8"
"352190360","P£OCK","2006","08","17","02","5","",0,"8",0,"8","","","",7,"",0,"8",0,"8",6,"",100,"",4,"",0,"",16.8,"",.0,"8","U","",16.4,"",86,"",14.4,"",996.1,"",1008.9,"",8,-1.1,"",.0,"8",0,"8","95","9","3","","9","","","3","","","8","","",0,"8",.0,"8",.0,"8","","8",0,"8","","",.0,"8",.0,"8",.0,"8",.0,"8",.0,"8",.0,"8",.0,"8",.0,"8",.0,"8",0,"8",0,"8",0,"8","","",0,"8",0,"8"
"352190360","P£OCK","2006","08","17","03","6","",0,"8",0,"8","","","",7,"",0,"8",0,"8",7,"",130,"",4,"",0,"",16.4,"",.0,"8","U","",16.2,"",87,"",14.2,"",996.2,"",1009.1,"",5,-.7,"",.0,"8",0,"8","25","9","5","","5","","","3","","","8","","",0,"8",.0,"8",.0,"8","","8",0,"8","","",.0,"8",.0,"8",.0,"8",.0,"8",.0,"8",.0,"8",.0,"8",.0,"8",.0,"8",0,"8",0,"8",0,"8","","",0,"8",0,"8"
"352190360","P£OCK","2006","08","17","04","6","",0,"8",0,"8","","","",7,"",0,"8",0,"8",6,"",120,"",3,"",0,"",17.1,"",.0,"8","U","",16.5,"",85,"",14.6,"",996.1,"",1008.9,"",7,-.5,"",.0,"8",0,"8","01","2","4","","5","","","0","","","8","","",0,"8",.0,"8",.0,"8","","8",0,"8","","",.0,"8",.0,"8",.0,"8",.0,"8",.0,"8",.0,"8",.0,"8",.0,"8",.0,"8",0,"8",0,"8",0,"8","","",0,"8",0,"8"
"352190360","P£OCK","2006","08","17","05","6","",0,"8",0,"8","","","",8,"",0,"8",0,"8",6,"",130,"",4,"",0,"",18.0,"",.0,"8","U","",16.7,"",81,"",14.7,"",995.9,"",1008.7,"",8,-.2,"",.0,"8",0,"8","01","2","2","","5","","","0","","","8","","",0,"8",.0,"8",.0,"8","","8",0,"8","","",.0,"8",.0,"8",.0,"8",.0,"8",.0,"8",.0,"8",.0,"8",.0,"8",.0,"8",0,"8",0,"8",0,"8","","",0,"8",0,"8"
"352190360","P£OCK","2006","08","17","06","6","",0,"8",0,"8","","","",8,"",0,"8",0,"8",8,"",140,"",4,"",0,"",18.3,"",.0,"8","U","",17.0,"",81,"",15.0,"",996.0,"",1008.8,"",5,-.2,"",.2,"",6,"","03","9","3","","5","","","0","","","7","","",1,"",.0,"8",.0,"8","","8",0,"8","","",.0,"8",.0,"8",.0,"8",.0,"8",.0,"8",.0,"8",.0,"8",.0,"8",.0,"8",0,"8",0,"8",0,"8","","",0,"8",0,"8"
"352190360","P£OCK","2006","08","17","07","6","",0,"8",0,"8","","","",8,"",0,"8",0,"8",8,"",150,"",3,"",0,"",20.1,"",.0,"8","U","",17.6,"",75,"",15.5,"",996.0,"",1008.7,"",6,-.1,"",.0,"8",0,"8","01","2","1","","5","","","0","","","7","","",0,"8",.0,"8",.0,"8","","8",0,"8","","",.0,"8",.0,"8",.0,"8",.0,"8",.0,"8",.0,"8",.0,"8",.0,"8",.0,"8",0,"8",0,"8",0,"8","","",0,"8",0,"8"
"352190360","P£OCK","2006","08","17","08","9","",0,"8",0,"8","","","",8,"",0,"8",0,"8",7,"",180,"",3,"",0,"",21.8,"",.0,"8","U","",17.2,"",66,"",15.2,"",996.2,"",1008.8,"",2,.3,"",.0,"8",0,"8","01","2","0","","0","","","0","","","8","","",0,"8",.0,"8",.0,"8","","8",0,"8","","",.0,"8",.0,"8",.0,"8",.0,"8",.0,"8",.0,"8",.0,"8",.0,"8",.0,"8",0,"8",0,"8",0,"8","","",0,"8",0,"8"
"352190360","P£OCK","2006","08","17","09","9","",0,"8",0,"8","","","",8,"",0,"8",0,"8",7,"",160,"",3,"",0,"",23.8,"",.0,"8","U","",17.4,"",59,"",15.3,"",996.2,"",1008.7,"",1,.2,"",.0,"8",0,"8","02","2","0","","0","","","0","","","8","","",0,"8",.0,"8",.0,"8","","8",0,"8","","",.0,"8",.0,"8",.0,"8",.0,"8",.0,"8",.0,"8",.0,"8",.0,"8",.0,"8",0,"8",0,"8",0,"8","","",0,"8",0,"8"
"352190360","P£OCK","2006","08","17","10","6","",0,"8",0,"8","","","",8,"",0,"8",0,"8",3,"",170,"",3,"",0,"",25.7,"",.0,"8","U","",18.1,"",55,"",16.0,"",996.0,"",1008.5,"",0,.0,"",.0,"8",0,"8","03","1","1","","1","","","0","","","8","","",0,"8",.0,"8",.0,"8","","8",0,"8","","",.0,"8",.0,"8",.0,"8",.0,"8",.0,"8",.0,"8",.0,"8",.0,"8",.0,"8",0,"8",0,"8",0,"8","","",0,"8",0,"8"
"352190360","P£OCK","2006","08","17","11","6","",0,"8",0,"8","","","",8,"",0,"8",0,"8",3,"",180,"",3,"",0,"",25.9,"",.0,"8","U","",18.0,"",54,"",15.9,"",995.9,"",1008.3,"",8,-.3,"",.0,"8",0,"8","03","0","1","","1","","","0","","","1","","",0,"8",.0,"8",.0,"8","","8",0,"8","","",.0,"8",.0,"8",.0,"8",.0,"8",.0,"8",.0,"8",.0,"8",.0,"8",.0,"8",0,"8",0,"8",0,"8","","",0,"8",0,"8"
"352190360","P£OCK","2006","08","17","12","6","",0,"8",0,"8","","","",8,"",0,"8",0,"8",3,"",200,"",4,"",0,"",27.0,"",.0,"8","U","",17.1,"",48,"",15.1,"",996.1,"",1008.5,"",5,-.1,"",.0,"9",0,"9","02","1","1","","1","","","0","","","1","","",0,"",.0,"8",.0,"8","","8",0,"8","","",.0,"8",.0,"8",.0,"8",.0,"8",.0,"8",.0,"8",.0,"8",.0,"8",.0,"8",0,"8",0,"8",0,"8","","",0,"8",0,"8"
"352190360","P£OCK","2006","08","17","13","6","",0,"8",0,"8","","","",8,"",0,"8",0,"8",2,"",190,"",3,"",0,"",27.3,"",.0,"8","U","",16.3,"",45,"",14.3,"",996.3,"",1008.7,"",3,.3,"",.0,"8",0,"8","01","0","1","","1","","","0","","","1","","",0,"8",.0,"8",.0,"8","","8",0,"8","","",.0,"8",.0,"8",.0,"8",.0,"8",.0,"8",.0,"8",.0,"8",.0,"8",.0,"8",0,"8",0,"8",0,"8","","",0,"8",0,"8"
"352190360","P£OCK","2006","08","17","14","7","",0,"8",0,"8","","","",8,"",0,"8",0,"8",1,"",200,"",3,"",0,"",28.1,"",.0,"8","U","",14.8,"",39,"",12.8,"",996.0,"",1008.4,"",0,.1,"",.0,"8",0,"8","01","0","1","","1","","","0","","","0","","",0,"8",.0,"8",.0,"8","","8",0,"8","","",.0,"8",.0,"8",.0,"8",.0,"8",.0,"8",.0,"8",.0,"8",.0,"8",.0,"8",0,"8",0,"8",0,"8","","",0,"8",0,"8"
"352190360","P£OCK","2006","08","17","15","9","",0,"8",0,"8","","","",8,"",0,"8",0,"8",0,"",200,"",3,"",0,"",28.3,"",.0,"8","U","",14.6,"",38,"",12.6,"",995.9,"",1008.2,"",8,-.2,"",.0,"8",0,"8","01","0","0","","0","","","0","","","0","","",0,"8",.0,"8",.0,"8","","8",0,"8","","",.0,"8",.0,"8",.0,"8",.0,"8",.0,"8",.0,"8",.0,"8",.0,"8",.0,"8",0,"8",0,"8",0,"8","","",0,"8",0,"8"
"352190360","P£OCK","2006","08","17","16","9","",0,"8",0,"8","","","",8,"",0,"8",0,"8",0,"",170,"",2,"",0,"",27.8,"",.0,"8","U","",14.9,"",40,"",13.0,"",996.0,"",1008.4,"",5,-.3,"",.0,"8",0,"8","02","0","0","","0","","","0","","","0","","",0,"8",.0,"8",.0,"8","","8",0,"8","","",.0,"8",.0,"8",.0,"8",.0,"8",.0,"8",.0,"8",.0,"8",.0,"8",.0,"8",0,"8",0,"8",0,"8","","",0,"8",0,"8"
"352190360","P£OCK","2006","08","17","17","9","",0,"8",0,"8","","","",8,"",0,"8",0,"8",1,"",190,"",2,"",0,"",26.8,"",.0,"8","U","",15.1,"",43,"",13.2,"",996.1,"",1008.5,"",3,.1,"",.0,"8",0,"8","03","0","1","","0","","","3","","","0","","",0,"8",.0,"8",.0,"8","","8",0,"8","","",.0,"8",.0,"8",.0,"8",.0,"8",.0,"8",.0,"8",.0,"8",.0,"8",.0,"8",0,"8",0,"8",0,"8","","",0,"8",0,"8"
"352190360","P£OCK","2006","08","17","18","9","",0,"8",0,"8","","","",8,"",0,"8",0,"8",1,"",170,"",1,"",0,"",23.1,"",.0,"8","U","",16.1,"",57,"",14.1,"",996.1,"",1008.7,"",1,.2,"",.0,"9",0,"9","02","0","1","","0","","","3","","","0","","",0,"",.0,"8",.0,"8","","8",0,"8","","",.0,"8",.0,"8",.0,"8",.0,"8",.0,"8",.0,"8",.0,"8",.0,"8",.0,"8",0,"8",0,"8",0,"8","","",0,"8",0,"8"
"352190360","P£OCK","2006","08","17","19","9","",0,"8",0,"8","","","",7,"",0,"8",0,"8",1,"",150,"",2,"",0,"",19.8,"",.0,"8","U","",17.0,"",74,"",15.0,"",996.4,"",1009.1,"",2,.4,"",.0,"8",0,"8","01","0","0","","0","","","0","","","1","","",0,"8",.0,"8",.0,"8","","8",0,"8","","",.0,"8",.0,"8",.0,"8",.0,"8",.0,"8",.0,"8",.0,"8",.0,"8",.0,"8",0,"8",0,"8",0,"8","","",0,"8",0,"8"
"352190360","P£OCK","2006","08","17","20","9","",0,"8",0,"8","","","",7,"",0,"8",0,"8",0,"",0,"",0,"",0,"",18.9,"",.0,"8","U","",16.6,"",76,"",14.6,"",996.6,"",1009.4,"",3,.5,"",.0,"8",0,"8","01","0","0","","0","","","0","","","0","","",0,"8",.0,"8",.0,"8","","8",0,"8","","",.0,"8",.0,"8",.0,"8",.0,"8",.0,"8",.0,"8",.0,"8",.0,"8",.0,"8",0,"8",0,"8",0,"8","","",0,"8",0,"8"
"352190360","P£OCK","2006","08","17","21","9","",0,"8",0,"8","","","",7,"",0,"8",0,"8",0,"",60,"",1,"",0,"",17.5,"",.0,"8","U","",16.2,"",81,"",14.2,"",996.7,"",1009.5,"",1,.6,"",.0,"8",0,"8","02","0","0","","0","","","0","","","0","","",0,"8",.0,"8",.0,"8","","8",0,"8","","",.0,"8",.0,"8",.0,"8",.0,"8",.0,"8",.0,"8",.0,"8",.0,"8",.0,"8",0,"8",0,"8",0,"8","","",0,"8",0,"8"
"352190360","P£OCK","2006","08","17","22","9","",0,"8",0,"8","","","",7,"",0,"8",0,"8",0,"",70,"",1,"",0,"",16.9,"",.0,"8","U","",15.9,"",83,"",14.0,"",997.0,"",1009.9,"",2,.6,"",.0,"8",0,"8","02","0","0","","0","","","0","","","0","","",0,"8",.0,"8",.0,"8","","8",0,"8","","",.0,"8",.0,"8",.0,"8",.0,"8",.0,"8",.0,"8",.0,"8",.0,"8",.0,"8",0,"8",0,"8",0,"8","","",0,"8",0,"8"
"352190360","P£OCK","2006","08","17","23","9","",0,"8",0,"8","","","",7,"",0,"8",0,"8",0,"",80,"",1,"",0,"",16.3,"",.0,"8","U","",15.5,"",84,"",13.6,"",997.0,"",1009.9,"",1,.4,"",.0,"8",0,"8","02","0","0","","0","","","0","","","0","","",0,"8",.0,"8",.0,"8","","8",0,"8","","",.0,"8",.0,"8",.0,"8",.0,"8",.0,"8",.0,"8",.0,"8",.0,"8",.0,"8",0,"8",0,"8",0,"8","","",0,"8",0,"8"
"352190360","P£OCK","2006","08","18","00","9","",0,"8",0,"8","","","",7,"",0,"8",0,"8",0,"",90,"",1,"",0,"",16.2,"",.0,"8","U","",15.4,"",84,"",13.5,"",996.7,"",1009.6,"",0,.0,"",.0,"9",0,"9","02","0","0","","0","","","0","","","0","","",0,"",.0,"8",.0,"8","","8",0,"8","","",.0,"8",.0,"8",.0,"8",.0,"8",.0,"8",.0,"8",.0,"8",.0,"8",.0,"8",0,"8",0,"8",0,"8","","",0,"8",0,"8"
"352190360","P£OCK","2006","08","18","01","9","",0,"8",0,"8","","","",7,"",0,"8",0,"8",0,"",50,"",2,"",0,"",16.0,"",.0,"8","U","",15.2,"",84,"",13.3,"",996.2,"",1009.1,"",8,-.8,"",.0,"8",0,"8","02","0","0","","0","","","0","","","0","","",0,"8",.0,"8",.0,"8","","8",0,"8","","",.0,"8",.0,"8",.0,"8",.0,"8",.0,"8",.0,"8",.0,"8",.0,"8",.0,"8",0,"8",0,"8",0,"8","","",0,"8",0,"8"
"352190360","P£OCK","2006","08","18","02","9","",0,"8",0,"8","","","",7,"",0,"8",0,"8",2,"",50,"",2,"",0,"",16.4,"",.0,"8","U","",15.3,"",82,"",13.3,"",996.2,"",1009.1,"",6,-.8,"",.0,"8",0,"8","03","0","0","","0","","","0","","","1","","",0,"8",.0,"8",.0,"8","","8",0,"8","","",.0,"8",.0,"8",.0,"8",.0,"8",.0,"8",.0,"8",.0,"8",.0,"8",.0,"8",0,"8",0,"8",0,"8","","",0,"8",0,"8"
"352190360","P£OCK","2006","08","18","03","9","",0,"8",0,"8","","","",7,"",0,"8",0,"8",2,"",130,"",1,"",0,"",16.1,"",.0,"8","U","",15.5,"",85,"",13.6,"",996.4,"",1009.3,"",5,-.3,"",.0,"8",0,"8","02","0","0","","0","","","0","","","1","","",0,"8",.0,"8",.0,"8","","8",0,"8","","",.0,"8",.0,"8",.0,"8",.0,"8",.0,"8",.0,"8",.0,"8",.0,"8",.0,"8",0,"8",0,"8",0,"8","","",0,"8",0,"8"
"352190360","P£OCK","2006","08","18","04","9","",0,"8",0,"8","","","",6,"",0,"8",0,"8",3,"",50,"",2,"",0,"",16.2,"",.0,"8","U","",15.8,"",86,"",13.9,"",996.3,"",1009.2,"",0,.1,"",.0,"8",0,"8","10","0","2","","0","","","3","","","1","","",0,"8",.0,"8",.0,"8","","8",0,"8","","",.0,"8",.0,"8",.0,"8",.0,"8",.0,"8",.0,"8",.0,"8",.0,"8",.0,"8",0,"8",0,"8",0,"8","","",0,"8",0,"8"
"352190360","P£OCK","2006","08","18","05","9","",0,"8",0,"8","","","",6,"",0,"8",0,"8",4,"",80,"",2,"",0,"",18.5,"",.0,"8","U","",17.6,"",83,"",15.6,"",995.9,"",1008.7,"",8,-.3,"",.0,"8",0,"8","10","0","2","","0","","","3","","","6","","",0,"8",.0,"8",.0,"8","","8",0,"8","","",.0,"8",.0,"8",.0,"8",.0,"8",.0,"8",.0,"8",.0,"8",.0,"8",.0,"8",0,"8",0,"8",0,"8","","",0,"8",0,"8"
"352190360","P£OCK","2006","08","18","06","9","",0,"8",0,"8","","","",7,"",0,"8",0,"8",4,"",110,"",3,"",0,"",20.8,"",.0,"8","U","",18.1,"",74,"",16.0,"",995.8,"",1008.5,"",7,-.6,"",.0,"9",0,"9","01","0","1","","0","","","8","","","2","","",0,"",.0,"8",.0,"8","","8",0,"8","","",.0,"8",.0,"8",.0,"8",.0,"8",.0,"8",.0,"8",.0,"8",.0,"8",.0,"8",0,"8",0,"8",0,"8","","",0,"8",0,"8"
"352190360","P£OCK","2006","08","18","07","5","",0,"8",0,"8","","","",7,"",0,"8",0,"8",6,"",130,"",3,"",0,"",23.0,"",.0,"8","U","",18.5,"",66,"",16.3,"",995.9,"",1008.5,"",5,-.4,"",.0,"8",0,"8","03","1","1","","2","","","3","","","1","","",0,"8",.0,"8",.0,"8","","8",0,"8","","",.0,"8",.0,"8",.0,"8",.0,"8",.0,"8",.0,"8",.0,"8",.0,"8",.0,"8",0,"8",0,"8",0,"8","","",0,"8",0,"8"
"352190360","P£OCK","2006","08","18","08","6","",0,"8",0,"8","","","",7,"",0,"8",0,"8",6,"",120,"",4,"",0,"",24.5,"",.0,"8","U","",18.1,"",59,"",16.0,"",995.3,"",1007.8,"",8,-.6,"",.0,"8",0,"8","03","2","1","","2","","","3","","","1","","",0,"8",.0,"8",.0,"8","","8",0,"8","","",.0,"8",.0,"8",.0,"8",.0,"8",.0,"8",.0,"8",.0,"8",.0,"8",.0,"8",0,"8",0,"8",0,"8","","",0,"8",0,"8"
"352190360","P£OCK","2006","08","18","09","6","",0,"8",0,"8","","","",7,"",0,"8",0,"8",7,"",100,"",4,"",0,"",26.6,"",.0,"8","U","",18.1,"",52,"",15.9,"",994.7,"",1007.1,"",8,-1.1,"",.0,"8",0,"8","01","1","1","","5","","","3","","","1","","",0,"8",.0,"8",.0,"8","","8",0,"8","","",.0,"8",.0,"8",.0,"8",.0,"8",.0,"8",.0,"8",.0,"8",.0,"8",.0,"8",0,"8",0,"8",0,"8","","",0,"8",0,"8"
"352190360","P£OCK","2006","08","18","10","9","",0,"8",0,"8","","","",7,"",0,"8",0,"8",7,"",100,"",4,"",0,"",26.8,"",.0,"8","U","",18.3,"",52,"",16.1,"",994.3,"",1006.7,"",6,-1.6,"",.0,"8",0,"8","01","2","2","","0","","","8","","","6","","",0,"8",.0,"8",.0,"8","","8",0,"8","","",.0,"8",.0,"8",.0,"8",.0,"8",.0,"8",.0,"8",.0,"8",.0,"8",.0,"8",0,"8",0,"8",0,"8","","",0,"8",0,"8"
"352190360","P£OCK","2006","08","18","11","9","",0,"8",0,"8","","","",8,"",0,"8",0,"8",7,"",110,"",5,"",0,"",28.1,"",.0,"8","U","",17.8,"",47,"",15.7,"",993.6,"",1005.9,"",7,-1.7,"",.0,"8",0,"8","03","2","7","","0","","","5","","","/","","",0,"8",.0,"8",.0,"8","","8",0,"8","","",.0,"8",.0,"8",.0,"8",.0,"8",.0,"8",.0,"8",.0,"8",.0,"8",.0,"8",0,"8",0,"8",0,"8","","",0,"8",0,"8"
"352190360","P£OCK","2006","08","18","12","5","",0,"8",0,"8","","","",7,"",0,"8",0,"8",8,"",110,"",4,"",0,"",27.2,"",.0,"8","U","",18.4,"",51,"",16.2,"",992.9,"",1005.3,"",8,-1.8,"",.0,"",6,"","17","8","4","","9","","","7","","","/","","",0,"",.0,"8",.0,"8","","8",0,"8","","",.0,"8",.0,"8",.0,"8",.0,"8",.0,"8",.0,"8",.0,"8",.0,"8",.0,"8",0,"8",0,"8",0,"8","","",0,"8",0,"8"
"352190360","P£OCK","2006","08","18","13","4","",0,"8",0,"8","","","",6,"",0,"8",0,"8",8,"",170,"",2,"",0,"",19.3,"",.0,"8","U","",18.3,"",82,"",16.1,"",993.4,"",1006.1,"",5,-.9,"",.0,"8",0,"8","95","9","8","","9","","","/","","","/","","",0,"8",.0,"8",.0,"8","","8",0,"8","","",.0,"8",.0,"8",.0,"8",.0,"8",.0,"8",.0,"8",.0,"8",.0,"8",.0,"8",0,"8",0,"8",0,"8","","",0,"8",0,"8"
"352190360","P£OCK","2006","08","18","14","5","",0,"8",0,"8","","","",7,"",0,"8",0,"8",8,"",110,"",4,"",0,"",20.0,"",.0,"8","U","",19.8,"",85,"",17.4,"",994.1,"",1006.8,"",3,.5,"",.0,"8",0,"8","17","9","8","","9","","","/","","","/","","",0,"8",.0,"8",.0,"8","","8",0,"8","","",.0,"8",.0,"8",.0,"8",.0,"8",.0,"8",.0,"8",.0,"8",.0,"8",.0,"8",0,"8",0,"8",0,"8","","",0,"8",0,"8"
"352190360","P£OCK","2006","08","18","15","4","",0,"8",0,"8","","","",7,"",0,"8",0,"8",8,"",70,"",3,"",0,"",19.3,"",.0,"8","U","",19.4,"",87,"",17.1,"",993.4,"",1006.1,"",0,.5,"",.0,"8",0,"8","95","9","8","","9","","","/","","","/","","",0,"8",.0,"8",.0,"8","","8",0,"8","","",.0,"8",.0,"8",.0,"8",.0,"8",.0,"8",.0,"8",.0,"8",.0,"8",.0,"8",0,"8",0,"8",0,"8","","",0,"8",0,"8"
"352190360","P£OCK","2006","08","18","16","5","",0,"8",0,"8","","","",8,"",0,"8",0,"8",7,"",90,"",3,"",0,"",19.7,"",.0,"8","U","",19.7,"",86,"",17.3,"",993.3,"",1006.0,"",8,-.1,"",.0,"8",0,"8","25","2","2","","9","","","3","","","8","","",0,"8",.0,"8",.0,"8","","8",0,"8","","",.0,"8",.0,"8",.0,"8",.0,"8",.0,"8",.0,"8",.0,"8",.0,"8",.0,"8",0,"8",0,"8",0,"8","","",0,"8",0,"8"
"352190360","P£OCK","2006","08","18","17","5","",0,"8",0,"8","","","",8,"",0,"8",0,"8",7,"",60,"",2,"",0,"",18.7,"",.0,"8","U","",18.5,"",86,"",16.3,"",993.1,"",1005.8,"",7,-1.0,"",.0,"8",0,"8","01","2","2","","9","","","3","","","8","","",0,"8",.0,"8",.0,"8","","8",0,"8","","",.0,"8",.0,"8",.0,"8",.0,"8",.0,"8",.0,"8",.0,"8",.0,"8",.0,"8",0,"8",0,"8",0,"8","","",0,"8",0,"8"
"352190360","P£OCK","2006","08","18","18","5","",0,"8",0,"8","","","",7,"",0,"8",0,"8",7,"",60,"",1,"",0,"",18.4,"",.0,"8","U","",18.8,"",89,"",16.6,"",993.6,"",1006.3,"",3,.2,"",15.3,"",6,"","80","9","5","","9","","","3","","","/","","",2,"",.0,"8",.0,"8","","8",0,"8","","",.0,"8",.0,"8",.0,"8",.0,"8",.0,"8",.0,"8",.0,"8",.0,"8",.0,"8",0,"8",0,"8",0,"8","","",0,"8",0,"8"
"352190360","P£OCK","2006","08","18","19","5","",0,"8",0,"8","","","",7,"",0,"8",0,"8",7,"",330,"",2,"",0,"",18.3,"",.0,"8","U","",19.1,"",91,"",16.8,"",993.6,"",1006.3,"",1,.3,"",.0,"8",0,"8","25","8","5","","9","","","3","","","/","","",0,"8",.0,"8",.0,"8","","8",0,"8","","",.0,"8",.0,"8",.0,"8",.0,"8",.0,"8",.0,"8",.0,"8",.0,"8",.0,"8",0,"8",0,"8",0,"8","","",0,"8",0,"8"
"352190360","P£OCK","2006","08","18","20","5","",0,"8",0,"8","","","",7,"",0,"8",0,"8",6,"",270,"",1,"",0,"",17.9,"",.0,"8","U","",18.6,"",91,"",16.4,"",994.5,"",1007.3,"",2,1.4,"",.0,"8",0,"8","01","2","3","","9","","","3","","","1","","",0,"8",.0,"8",.0,"8","","8",0,"8","","",.0,"8",.0,"8",.0,"8",.0,"8",.0,"8",.0,"8",.0,"8",.0,"8",.0,"8",0,"8",0,"8",0,"8","","",0,"8",0,"8"
"352190360","P£OCK","2006","08","18","21","5","",0,"8",0,"8","","","",7,"",0,"8",0,"8",6,"",300,"",2,"",0,"",18.4,"",.0,"8","U","",19.6,"",93,"",17.2,"",995.5,"",1008.3,"",3,1.9,"",.0,"8",0,"8","01","8","3","","5","","","3","","","1","","",0,"8",.0,"8",.0,"8","","8",0,"8","","",.0,"8",.0,"8",.0,"8",.0,"8",.0,"8",.0,"8",.0,"8",.0,"8",.0,"8",0,"8",0,"8",0,"8","","",0,"8",0,"8"
"352190360","P£OCK","2006","08","18","22","5","",0,"8",0,"8","","","",7,"",0,"8",0,"8",4,"",280,"",2,"",0,"",18.1,"",.0,"8","U","",19.3,"",93,"",16.9,"",995.9,"",1008.7,"",1,2.3,"",.0,"8",0,"8","01","1","1","","5","","","3","","","1","","",0,"8",.0,"8",.0,"8","","8",0,"8","","",.0,"8",.0,"8",.0,"8",.0,"8",.0,"8",.0,"8",.0,"8",.0,"8",.0,"8",0,"8",0,"8",0,"8","","",0,"8",0,"8"
"352190360","P£OCK","2006","08","18","23","9","",0,"8",0,"8","","","",7,"",0,"8",0,"8",3,"",280,"",4,"",0,"",19.3,"",.0,"8","U","",19.7,"",88,"",17.3,"",996.3,"",1009.0,"",1,1.8,"",.0,"8",0,"8","01","0","3","","0","","","3","","","0","","",0,"8",.0,"8",.0,"8","","8",0,"8","","",.0,"8",.0,"8",.0,"8",.0,"8",.0,"8",.0,"8",.0,"8",.0,"8",.0,"8",0,"8",0,"8",0,"8","","",0,"8",0,"8"
"352190360","P£OCK","2006","08","19","00","4","",0,"8",0,"8","","","",7,"",0,"8",0,"8",7,"",240,"",3,"",0,"",18.6,"",.0,"8","U","",19.5,"",91,"",17.1,"",997.2,"",1010.0,"",3,1.7,"",.1,"",6,"","03","8","5","","5","","","3","","","/","","",2,"",.0,"8",.0,"8","","8",0,"8","","",.0,"8",.0,"8",.0,"8",.0,"8",.0,"8",.0,"8",.0,"8",.0,"8",.0,"8",0,"8",0,"8",0,"8","","",0,"8",0,"8"
"352190360","P£OCK","2006","08","19","01","4","",0,"8",0,"8","","","",7,"",0,"8",0,"8",7,"",250,"",4,"",0,"",18.9,"",.0,"8","U","",19.6,"",90,"",17.2,"",997.8,"",1010.6,"",2,1.9,"",.0,"8",0,"8","03","2","7","","5","","","/","","","/","","",0,"8",.0,"8",.0,"8","","8",0,"8","","",.0,"8",.0,"8",.0,"8",.0,"8",.0,"8",.0,"8",.0,"8",.0,"8",.0,"8",0,"8",0,"8",0,"8","","",0,"8",0,"8"
"352190360","P£OCK","2006","08","19","02","4","",0,"8",0,"8","","","",7,"",0,"8",0,"8",7,"",280,"",6,"",0,"",18.9,"",.0,"8","U","",18.7,"",86,"",16.5,"",998.1,"",1010.9,"",1,1.8,"",.0,"8",0,"8","01","2","5","","5","","","3","","","/","","",0,"8",.0,"8",.0,"8","","8",0,"8","","",.0,"8",.0,"8",.0,"8",.0,"8",.0,"8",.0,"8",.0,"8",.0,"8",.0,"8",0,"8",0,"8",0,"8","","",0,"8",0,"8"
"352190360","P£OCK","2006","08","19","03","4","",0,"8",0,"8","","","",7,"",0,"8",0,"8",4,"",270,"",5,"",0,"",18.6,"",.0,"8","U","",18.6,"",87,"",16.4,"",998.6,"",1011.4,"",2,1.4,"",.0,"8",0,"8","01","1","3","","5","","","3","","","0","","",0,"8",.0,"8",.0,"8","","8",0,"8","","",.0,"8",.0,"8",.0,"8",.0,"8",.0,"8",.0,"8",.0,"8",.0,"8",.0,"8",0,"8",0,"8",0,"8","","",0,"8",0,"8"
"352190360","P£OCK","2006","08","19","04","5","",0,"8",0,"8","","","",7,"",0,"8",0,"8",5,"",270,"",6,"",0,"",18.3,"",.0,"8","U","",18.5,"",88,"",16.3,"",999.3,"",1012.1,"",3,1.5,"",.0,"8",0,"8","03","1","4","","5","","","3","","","0","","",0,"8",.0,"8",.0,"8","","8",0,"8","","",.0,"8",.0,"8",.0,"8",.0,"8",.0,"8",.0,"8",.0,"8",.0,"8",.0,"8",0,"8",0,"8",0,"8","","",0,"8",0,"8"
"352190360","P£OCK","2006","08","19","05","3","",0,"8",0,"8","","","",6,"",0,"8",0,"8",7,"",280,"",3,"",0,"",18.2,"",.0,"8","U","",18.8,"",90,"",16.5,"",999.9,"",1012.7,"",2,1.8,"",.0,"8",0,"8","10","2","7","","6","","","/","","","/","","",0,"8",.0,"8",.0,"8","","8",0,"8","","",.0,"8",.0,"8",.0,"8",.0,"8",.0,"8",.0,"8",.0,"8",.0,"8",.0,"8",0,"8",0,"8",0,"8","","",0,"8",0,"8"
"352190360","P£OCK","2006","08","19","06","4","",0,"8",0,"8","","","",6,"",0,"8",0,"8",7,"",260,"",5,"",0,"",18.9,"",.0,"8","U","",18.5,"",85,"",16.3,"",1001.1,"",1013.9,"",2,2.5,"",.0,"9",0,"9","10","1","7","","5","","","/","","","/","","",2,"",.0,"8",.0,"8","","8",0,"8","","",.0,"8",.0,"8",.0,"8",.0,"8",.0,"8",.0,"8",.0,"8",.0,"8",.0,"8",0,"8",0,"8",0,"8","","",0,"8",0,"8"
"352190360","P£OCK","2006","08","19","07","4","",0,"8",0,"8","","","",6,"",0,"8",0,"8",8,"",280,"",4,"",0,"",18.8,"",.0,"8","U","",18.6,"",86,"",16.4,"",1001.6,"",1014.4,"",2,2.3,"",.0,"8",0,"8","10","2","8","","5","","","/","","","/","","",0,"8",.0,"8",.0,"8","","8",0,"8","","",.0,"8",.0,"8",.0,"8",.0,"8",.0,"8",.0,"8",.0,"8",.0,"8",.0,"8",0,"8",0,"8",0,"8","","",0,"8",0,"8"
"352190360","P£OCK","2006","08","19","08","5","",0,"8",0,"8","","","",6,"",0,"8",0,"8",8,"",270,"",4,"",0,"",19.4,"",.0,"8","U","",18.2,"",81,"",16.1,"",1002.0,"",1014.8,"",1,2.1,"",.0,"8",0,"8","10","2","8","","5","","","/","","","/","","",0,"8",.0,"8",.0,"8","","8",0,"8","","",.0,"8",.0,"8",.0,"8",.0,"8",.0,"8",.0,"8",.0,"8",.0,"8",.0,"8",0,"8",0,"8",0,"8","","",0,"8",0,"8"
"352190360","P£OCK","2006","08","19","09","5","",0,"8",0,"8","","","",6,"",0,"8",0,"8",8,"",280,"",5,"",0,"",19.6,"",.0,"8","U","",18.4,"",81,"",16.2,"",1002.5,"",1015.3,"",2,1.4,"",.0,"8",0,"8","10","2","8","","5","","","/","","","/","","",0,"8",.0,"8",.0,"8","","8",0,"8","","",.0,"8",.0,"8",.0,"8",.0,"8",.0,"8",.0,"8",.0,"8",.0,"8",.0,"8",0,"8",0,"8",0,"8","","",0,"8",0,"8"
"352190360","P£OCK","2006","08","19","10","4","",0,"8",0,"8","","","",7,"",0,"8",0,"8",8,"",280,"",5,"",0,"",19.9,"",.0,"8","U","",18.3,"",79,"",16.1,"",1002.8,"",1015.6,"",2,1.2,"",.0,"8",0,"8","03","2","8","","5","","","/","","","/","","",0,"8",.0,"8",.0,"8","","8",0,"8","","",.0,"8",.0,"8",.0,"8",.0,"8",.0,"8",.0,"8",.0,"8",.0,"8",.0,"8",0,"8",0,"8",0,"8","","",0,"8",0,"8"
"352190360","P£OCK","2006","08","19","11","4","",0,"8",0,"8","","","",7,"",0,"8",0,"8",8,"",270,"",3,"",0,"",20.5,"",.0,"8","U","",18.8,"",78,"",16.5,"",1003.4,"",1016.2,"",2,1.4,"",.0,"8",0,"8","02","2","8","","5","","","/","","","/","","",0,"8",.0,"8",.0,"8","","8",0,"8","","",.0,"8",.0,"8",.0,"8",.0,"8",.0,"8",.0,"8",.0,"8",.0,"8",.0,"8",0,"8",0,"8",0,"8","","",0,"8",0,"8"
"352190360","P£OCK","2006","08","19","12","6","",0,"8",0,"8","","","",8,"",0,"8",0,"8",5,"",290,"",4,"",0,"",21.5,"",.0,"8","U","",17.9,"",70,"",15.8,"",1003.4,"",1016.1,"",1,.9,"",.0,"9",0,"9","01","2","5","","5","","","0","","","0","","",2,"",.0,"8",.0,"8","","8",0,"8","","",.0,"8",.0,"8",.0,"8",.0,"8",.0,"8",.0,"8",.0,"8",.0,"8",.0,"8",0,"8",0,"8",0,"8","","",0,"8",0,"8"
"352190360","P£OCK","2006","08","19","13","6","",0,"8",0,"8","","","",8,"",0,"8",0,"8",4,"",280,"",6,"",0,"",23.6,"",.0,"8","U","",16.0,"",55,"",14.0,"",1003.4,"",1016.0,"",1,.6,"",.0,"8",0,"8","03","1","4","","2","","","0","","","0","","",0,"8",.0,"8",.0,"8","","8",0,"8","","",.0,"8",.0,"8",.0,"8",.0,"8",.0,"8",.0,"8",.0,"8",.0,"8",.0,"8",0,"8",0,"8",0,"8","","",0,"8",0,"8"
"352190360","P£OCK","2006","08","19","14","6","",0,"8",0,"8","","","",8,"",0,"8",0,"8",3,"",270,"",5,"",0,"",24.3,"",.0,"8","U","",15.5,"",51,"",13.5,"",1003.3,"",1015.9,"",8,-.1,"",.0,"8",0,"8","01","0","3","","2","","","0","","","0","","",0,"8",.0,"8",.0,"8","","8",0,"8","","",.0,"8",.0,"8",.0,"8",.0,"8",.0,"8",.0,"8",.0,"8",.0,"8",.0,"8",0,"8",0,"8",0,"8","","",0,"8",0,"8"
"352190360","P£OCK","2006","08","19","15","7","",0,"8",0,"8","","","",8,"",0,"8",0,"8",2,"",270,"",5,"",0,"",24.2,"",.0,"8","U","",14.8,"",49,"",12.8,"",1003.6,"",1016.2,"",3,.2,"",.0,"8",0,"8","01","1","2","","2","","","0","","","0","","",0,"8",.0,"8",.0,"8","","8",0,"8","","",.0,"8",.0,"8",.0,"8",.0,"8",.0,"8",.0,"8",.0,"8",.0,"8",.0,"8",0,"8",0,"8",0,"8","","",0,"8",0,"8"
"352190360","P£OCK","2006","08","19","16","6","",0,"8",0,"8","","","",8,"",0,"8",0,"8",1,"",290,"",4,"",0,"",24.0,"",.0,"8","U","",15.2,"",51,"",13.2,"",1003.4,"",1016.0,"",4,.0,"",.0,"8",0,"8","01","0","1","","1","","","0","","","0","","",0,"8",.0,"8",.0,"8","","8",0,"8","","",.0,"8",.0,"8",.0,"8",.0,"8",.0,"8",.0,"8",.0,"8",.0,"8",.0,"8",0,"8",0,"8",0,"8","","",0,"8",0,"8"
"352190360","P£OCK","2006","08","19","17","6","",0,"8",0,"8","","","",8,"",0,"8",0,"8",2,"",310,"",2,"",0,"",23.2,"",.0,"8","U","",15.3,"",54,"",13.4,"",1003.4,"",1016.1,"",1,.1,"",.0,"8",0,"8","03","0","1","","1","","","0","","","1","","",0,"8",.0,"8",.0,"8","","8",0,"8","","",.0,"8",.0,"8",.0,"8",.0,"8",.0,"8",.0,"8",.0,"8",.0,"8",.0,"8",0,"8",0,"8",0,"8","","",0,"8",0,"8"
"352190360","P£OCK","2006","08","19","18","9","",0,"8",0,"8","","","",8,"",0,"8",0,"8",1,"",210,"",1,"",0,"",21.1,"",.0,"8","U","",15.5,"",62,"",13.5,"",1003.7,"",1016.5,"",3,.1,"",.0,"9",0,"9","01","1","0","","0","","","0","","","1","","",1,"",.0,"8",.0,"8","","8",0,"8","","",.0,"8",.0,"8",.0,"8",.0,"8",.0,"8",.0,"8",.0,"8",.0,"8",.0,"8",0,"8",0,"8",0,"8","","",0,"8",0,"8"
"352190360","P£OCK","2006","08","19","19","9","",0,"8",0,"8","","","",7,"",0,"8",0,"8",0,"",0,"",0,"",0,"",18.7,"",.0,"8","U","",15.7,"",73,"",13.8,"",1004.3,"",1017.2,"",3,.9,"",.0,"8",0,"8","01","0","0","","0","","","0","","","0","","",0,"8",.0,"8",.0,"8","","8",0,"8","","",.0,"8",.0,"8",.0,"8",.0,"8",.0,"8",.0,"8",.0,"8",.0,"8",.0,"8",0,"8",0,"8",0,"8","","",0,"8",0,"8"
"352190360","P£OCK","2006","08","19","20","9","",0,"8",0,"8","","","",7,"",0,"8",0,"8",0,"",0,"",0,"",0,"",17.6,"",.0,"8","U","",15.9,"",79,"",13.9,"",1004.2,"",1017.1,"",0,.8,"",.0,"8",0,"8","02","0","0","","0","","","0","","","0","","",0,"8",.0,"8",.0,"8","","8",0,"8","","",.0,"8",.0,"8",.0,"8",.0,"8",.0,"8",.0,"8",.0,"8",.0,"8",.0,"8",0,"8",0,"8",0,"8","","",0,"8",0,"8"
"352190360","P£OCK","2006","08","19","21","9","",0,"8",0,"8","","","",6,"",0,"8",0,"8",0,"",90,"",1,"",0,"",17.1,"",.0,"8","U","",16.3,"",84,"",14.4,"",1004.1,"",1017.0,"",0,.4,"",.0,"8",0,"8","10","0","0","","0","","","0","","","0","","",0,"8",.0,"8",.0,"8","","8",0,"8","","",.0,"8",.0,"8",.0,"8",.0,"8",.0,"8",.0,"8",.0,"8",.0,"8",.0,"8",0,"8",0,"8",0,"8","","",0,"8",0,"8"
"352190360","P£OCK","2006","08","19","22","9","",0,"8",0,"8","","","",6,"",0,"8",0,"8",0,"",110,"",1,"",0,"",15.8,"",.0,"8","U","",15.4,"",86,"",13.5,"",1004.2,"",1017.2,"",5,-.1,"",.0,"8",0,"8","10","0","0","","0","","","0","","","0","","",0,"8",.0,"8",.0,"8","","8",0,"8","","",.0,"8",.0,"8",.0,"8",.0,"8",.0,"8",.0,"8",.0,"8",.0,"8",.0,"8",0,"8",0,"8",0,"8","","",0,"8",0,"8"
"352190360","P£OCK","2006","08","19","23","9","",0,"8",0,"8","","","",6,"",0,"8",0,"8",0,"",90,"",1,"",0,"",14.5,"",.0,"8","U","",14.7,"",89,"",12.7,"",1004.2,"",1017.3,"",4,.0,"",.0,"8",0,"8","10","0","0","","0","","","0","","","0","","",0,"8",.0,"8",.0,"8","","8",0,"8","","",.0,"8",.0,"8",.0,"8",.0,"8",.0,"8",.0,"8",.0,"8",.0,"8",.0,"8",0,"8",0,"8",0,"8","","",0,"8",0,"8"
"352190360","P£OCK","2006","08","20","00","9","",0,"8",0,"8","","","",6,"",0,"8",0,"8",0,"",130,"",2,"",0,"",14.4,"",.0,"8","U","",14.9,"",91,"",12.9,"",1004.3,"",1017.4,"",2,.2,"",.0,"9",0,"9","10","0","0","","0","","","0","","","0","","",1,"",.0,"8",.0,"8","","8",0,"8","","",.0,"8",.0,"8",.0,"8",.0,"8",.0,"8",.0,"8",.0,"8",.0,"8",.0,"8",0,"8",0,"8",0,"8","","",0,"8",0,"8"
"352190360","P£OCK","2006","08","20","01","9","",0,"8",0,"8","","","",5,"",0,"8",0,"8",0,"",120,"",2,"",0,"",14.1,"",.0,"8","U","",14.8,"",92,"",12.8,"",1004.2,"",1017.3,"",0,.0,"",.0,"8",0,"8","10","0","0","","0","","","0","","","0","","",0,"8",.0,"8",.0,"8","","8",0,"8","","",.0,"8",.0,"8",.0,"8",.0,"8",.0,"8",.0,"8",.0,"8",.0,"8",.0,"8",0,"8",0,"8",0,"8","","",0,"8",0,"8"
"352190360","P£OCK","2006","08","20","02","9","",0,"8",0,"8","","","",5,"",0,"8",0,"8",0,"",120,"",1,"",0,"",13.6,"",.0,"8","U","",14.3,"",92,"",12.3,"",1004.1,"",1017.2,"",8,-.1,"",.0,"8",0,"8","10","0","0","","0","","","0","","","0","","",0,"8",.0,"8",.0,"8","","8",0,"8","","",.0,"8",.0,"8",.0,"8",.0,"8",.0,"8",.0,"8",.0,"8",.0,"8",.0,"8",0,"8",0,"8",0,"8","","",0,"8",0,"8"
"352190360","P£OCK","2006","08","20","03","9","",0,"8",0,"8","","","",5,"",0,"8",0,"8",1,"",120,"",2,"",0,"",14.1,"",.0,"8","U","",15.1,"",94,"",13.1,"",1003.9,"",1017.0,"",7,-.4,"",.0,"8",0,"8","10","0","1","","0","","","3","","","0","","",0,"8",.0,"8",.0,"8","","8",0,"8","","",.0,"8",.0,"8",.0,"8",.0,"8",.0,"8",.0,"8",.0,"8",.0,"8",.0,"8",0,"8",0,"8",0,"8","","",0,"8",0,"8"
"352190360","P£OCK","2006","08","20","04","9","",0,"8",0,"8","","","",5,"",0,"8",0,"8",4,"",110,"",2,"",0,"",14.0,"",.0,"8","U","",14.8,"",93,"",12.9,"",1004.0,"",1017.1,"",5,-.2,"",.0,"8",0,"8","10","0","2","","0","","","3","","","1","","",0,"8",.0,"8",.0,"8","","8",0,"8","","",.0,"8",.0,"8",.0,"8",.0,"8",.0,"8",.0,"8",.0,"8",.0,"8",.0,"8",0,"8",0,"8",0,"8","","",0,"8",0,"8"
"352190360","P£OCK","2006","08","20","05","9","",0,"8",0,"8","","","",6,"",0,"8",0,"8",6,"",120,"",2,"",0,"",16.4,"",.0,"8","U","",16.7,"",90,"",14.8,"",1003.6,"",1016.6,"",7,-.5,"",.0,"8",0,"8","10","1","2","","0","","","3","","","6","","",0,"8",.0,"8",.0,"8","","8",0,"8","","",.0,"8",.0,"8",.0,"8",.0,"8",.0,"8",.0,"8",.0,"8",.0,"8",.0,"8",0,"8",0,"8",0,"8","","",0,"8",0,"8"
"352190360","P£OCK","2006","08","20","06","9","",0,"8",0,"8","","","",7,"",0,"8",0,"8",6,"",160,"",2,"",0,"",19.4,"",.0,"8","U","",17.3,"",77,"",15.3,"",1003.9,"",1016.7,"",4,.0,"",.0,"9",0,"9","03","1","2","","0","","","3","","","6","","",1,"",.0,"8",.0,"8","","8",0,"8","","",.0,"8",.0,"8",.0,"8",.0,"8",.0,"8",.0,"8",.0,"8",.0,"8",.0,"8",0,"8",0,"8",0,"8","","",0,"8",0,"8"
"352190360","P£OCK","2006","08","20","07","9","",0,"8",0,"8","","","",7,"",0,"8",0,"8",6,"",150,"",3,"",0,"",21.2,"",.0,"8","U","",16.1,"",64,"",14.1,"",1003.7,"",1016.4,"",7,-.3,"",.0,"8",0,"8","02","2","2","","0","","","3","","","8","","",0,"8",.0,"8",.0,"8","","8",0,"8","","",.0,"8",.0,"8",.0,"8",.0,"8",.0,"8",.0,"8",.0,"8",.0,"8",.0,"8",0,"8",0,"8",0,"8","","",0,"8",0,"8"
"352190360","P£OCK","2006","08","20","08","9","",0,"8",0,"8","","","",8,"",0,"8",0,"8",4,"",140,"",3,"",0,"",23.7,"",.0,"8","U","",17.2,"",59,"",15.2,"",1003.7,"",1016.3,"",1,.1,"",.0,"8",0,"8","01","1","2","","0","","","3","","","1","","",0,"8",.0,"8",.0,"8","","8",0,"8","","",.0,"8",.0,"8",.0,"8",.0,"8",.0,"8",.0,"8",.0,"8",.0,"8",.0,"8",0,"8",0,"8",0,"8","","",0,"8",0,"8"
"352190360","P£OCK","2006","08","20","09","9","",0,"8",0,"8","","","",8,"",0,"8",0,"8",6,"",140,"",5,"",0,"",24.5,"",.0,"8","U","",15.0,"",49,"",13.1,"",1003.2,"",1015.8,"",7,-.7,"",.0,"8",0,"8","03","1","5","","0","","","5","","","1","","",0,"8",.0,"8",.0,"8","","8",0,"8","","",.0,"8",.0,"8",.0,"8",.0,"8",.0,"8",.0,"8",.0,"8",.0,"8",.0,"8",0,"8",0,"8",0,"8","","",0,"8",0,"8"
"352190360","P£OCK","2006","08","20","10","6","",0,"8",0,"8","","","",8,"",0,"8",0,"8",6,"",160,"",3,"",0,"",25.7,"",.0,"8","U","",15.5,"",47,"",13.5,"",1003.0,"",1015.5,"",8,-.7,"",.0,"8",0,"8","03","2","1","","1","","","3","","","1","","",0,"8",.0,"8",.0,"8","","8",0,"8","","",.0,"8",.0,"8",.0,"8",.0,"8",.0,"8",.0,"8",.0,"8",.0,"8",.0,"8",0,"8",0,"8",0,"8","","",0,"8",0,"8"
"352190360","P£OCK","2006","08","20","11","6","",0,"8",0,"8","","","",8,"",0,"8",0,"8",6,"",160,"",3,"",0,"",24.6,"",.0,"8","U","",15.4,"",50,"",13.5,"",1002.8,"",1015.4,"",6,-.9,"",.0,"8",0,"8","03","2","1","","2","","","3","","","1","","",0,"8",.0,"8",.0,"8","","8",0,"8","","",.0,"8",.0,"8",.0,"8",.0,"8",.0,"8",.0,"8",.0,"8",.0,"8",.0,"8",0,"8",0,"8",0,"8","","",0,"8",0,"8"
"352190360","P£OCK","2006","08","20","12","6","",0,"8",0,"8","","","",8,"",0,"8",0,"8",6,"",180,"",3,"",0,"",25.8,"",.0,"8","U","",15.6,"",47,"",13.6,"",1002.4,"",1014.9,"",8,-.8,"",.0,"9",0,"9","03","1","2","","9","","","3","","","1","","",1,"",.0,"8",.0,"8","","8",0,"8","","",.0,"8",.0,"8",.0,"8",.0,"8",.0,"8",.0,"8",.0,"8",.0,"8",.0,"8",0,"8",0,"8",0,"8","","",0,"8",0,"8"
"352190360","P£OCK","2006","08","20","13","6","",0,"8",0,"8","","","",8,"",0,"8",0,"8",7,"",170,"",3,"",0,"",25.7,"",.0,"8","U","",16.8,"",51,"",14.8,"",1001.9,"",1014.4,"",8,-1.1,"",.0,"8",0,"8","03","2","4","","9","","","3","","","1","","",0,"8",.0,"8",.0,"8","","8",0,"8","","",.0,"8",.0,"8",.0,"8",.0,"8",.0,"8",.0,"8",.0,"8",.0,"8",.0,"8",0,"8",0,"8",0,"8","","",0,"8",0,"8"
"352190360","P£OCK","2006","08","20","14","6","",0,"8",0,"8","","","",8,"",0,"8",0,"8",7,"",160,"",4,"",0,"",23.3,"",.0,"8","U","",18.3,"",64,"",16.1,"",1001.6,"",1014.2,"",7,-1.2,"",.0,"8",0,"8","01","2","4","","3","","","3","","","1","","",0,"8",.0,"8",.0,"8","","8",0,"8","","",.0,"8",.0,"8",.0,"8",.0,"8",.0,"8",.0,"8",.0,"8",.0,"8",.0,"8",0,"8",0,"8",0,"8","","",0,"8",0,"8"
"352190360","P£OCK","2006","08","20","15","6","",0,"8",0,"8","","","",8,"",0,"8",0,"8",6,"",150,"",3,"",0,"",23.2,"",.0,"8","U","",18.7,"",66,"",16.5,"",1001.3,"",1013.9,"",6,-1.1,"",.0,"8",0,"8","03","2","4","","9","","","3","","","1","","",0,"8",.0,"8",.0,"8","","8",0,"8","","",.0,"8",.0,"8",.0,"8",.0,"8",.0,"8",.0,"8",.0,"8",.0,"8",.0,"8",0,"8",0,"8",0,"8","","",0,"8",0,"8"
"352190360","P£OCK","2006","08","20","16","6","",0,"8",0,"8","","","",8,"",0,"8",0,"8",6,"",150,"",2,"",0,"",23.0,"",.0,"8","U","",18.2,"",65,"",16.1,"",1001.0,"",1013.6,"",7,-.9,"",.0,"8",0,"8","01","2","2","","3","","","3","","","6","","",0,"8",.0,"8",.0,"8","","8",0,"8","","",.0,"8",.0,"8",.0,"8",.0,"8",.0,"8",.0,"8",.0,"8",.0,"8",.0,"8",0,"8",0,"8",0,"8","","",0,"8",0,"8"
"352190360","P£OCK","2006","08","20","17","6","",0,"8",0,"8","","","",8,"",0,"8",0,"8",6,"",150,"",2,"",0,"",22.0,"",.0,"8","U","",18.5,"",70,"",16.3,"",1000.6,"",1013.3,"",7,-1.0,"",.0,"8",0,"8","03","2","3","","3","","","3","","","6","","",0,"8",.0,"8",.0,"8","","8",0,"8","","",.0,"8",.0,"8",.0,"8",.0,"8",.0,"8",.0,"8",.0,"8",.0,"8",.0,"8",0,"8",0,"8",0,"8","","",0,"8",0,"8"
"352190360","P£OCK","2006","08","20","18","5","",0,"8",0,"8","","","",6,"",0,"8",0,"8",7,"",350,"",3,"",0,"",19.4,"",.0,"8","U","",18.4,"",82,"",16.2,"",1000.8,"",1013.6,"",5,-.5,"",6.4,"",6,"","95","2","7","","9","","","/","","","/","","",2,"",.0,"8",.0,"8","","8",0,"8","","",.0,"8",.0,"8",.0,"8",.0,"8",.0,"8",.0,"8",.0,"8",.0,"8",.0,"8",0,"8",0,"8",0,"8","","",0,"8",0,"8"
"352190360","P£OCK","2006","08","20","19","5","",0,"8",0,"8","","","",7,"",0,"8",0,"8",7,"",60,"",3,"",0,"",17.9,"",.0,"8","U","",17.6,"",86,"",15.5,"",1000.9,"",1013.8,"",5,-.1,"",.0,"8",0,"8","29","8","4","","9","","","3","","","/","","",0,"8",.0,"8",.0,"8","","8",0,"8","","",.0,"8",.0,"8",.0,"8",.0,"8",.0,"8",.0,"8",.0,"8",.0,"8",.0,"8",0,"8",0,"8",0,"8","","",0,"8",0,"8"
"352190360","P£OCK","2006","08","20","20","5","",0,"8",0,"8","","","",8,"",0,"8",0,"8",6,"",110,"",3,"",0,"",17.0,"",.0,"8","U","",16.4,"",85,"",14.5,"",1000.9,"",1013.8,"",1,.3,"",.0,"8",0,"8","13","2","2","","9","","","3","","","0","","",0,"8",.0,"8",.0,"8","","8",0,"8","","",.0,"8",.0,"8",.0,"8",.0,"8",.0,"8",.0,"8",.0,"8",.0,"8",.0,"8",0,"8",0,"8",0,"8","","",0,"8",0,"8"
"352190360","P£OCK","2006","08","20","21","5","",0,"8",0,"8","","","",8,"",0,"8",0,"8",7,"",140,"",2,"",0,"",17.2,"",.0,"8","U","",16.8,"",86,"",14.8,"",1000.8,"",1013.7,"",0,.0,"",.0,"8",0,"8","03","9","7","","9","","","/","","","/","","",0,"8",.0,"8",.0,"8","","8",0,"8","","",.0,"8",.0,"8",.0,"8",.0,"8",.0,"8",.0,"8",.0,"8",.0,"8",.0,"8",0,"8",0,"8",0,"8","","",0,"8",0,"8"
"352190360","P£OCK","2006","08","20","22","5","",0,"8",0,"8","","","",6,"",0,"8",0,"8",8,"",200,"",2,"",0,"",17.7,"",.0,"8","U","",18.6,"",92,"",16.4,"",1001.0,"",1013.9,"",3,.1,"",.0,"8",0,"8","95","8","8","","9","","","/","","","/","","",0,"8",.0,"8",.0,"8","","8",0,"8","","",.0,"8",.0,"8",.0,"8",.0,"8",.0,"8",.0,"8",.0,"8",.0,"8",.0,"8",0,"8",0,"8",0,"8","","",0,"8",0,"8"
"352190360","P£OCK","2006","08","20","23","5","",0,"8",0,"8","","","",6,"",0,"8",0,"8",2,"",80,"",1,"",0,"",16.9,"",.0,"8","U","",17.5,"",91,"",15.4,"",1000.8,"",1013.7,"",8,-.1,"",.0,"8",0,"8","29","8","2","","9","","","0","","","0","","",0,"8",.0,"8",.0,"8","","8",0,"8","","",.0,"8",.0,"8",.0,"8",.0,"8",.0,"8",.0,"8",.0,"8",.0,"8",.0,"8",0,"8",0,"8",0,"8","","",0,"8",0,"8"
"352190360","P£OCK","2006","08","21","00","5","",0,"8",0,"8","","","",7,"",0,"8",0,"8",1,"",110,"",2,"",0,"",15.8,"",.0,"8","U","",16.3,"",91,"",14.3,"",1000.8,"",1013.8,"",4,.0,"",2.4,"",6,"","01","9","1","","5","","","0","","","0","","",2,"",.0,"8",.0,"8","","8",0,"8","","",.0,"8",.0,"8",.0,"8",.0,"8",.0,"8",.0,"8",.0,"8",.0,"8",.0,"8",0,"8",0,"8",0,"8","","",0,"8",0,"8"
"352190360","P£OCK","2006","08","21","01","9","",0,"8",0,"8","","","",6,"",0,"8",0,"8",0,"",0,"",0,"",0,"",15.5,"",.0,"8","U","",16.3,"",93,"",14.4,"",1000.7,"",1013.7,"",7,-.3,"",.0,"8",0,"8","10","0","0","","0","","","0","","","0","","",0,"8",.0,"8",.0,"8","","8",0,"8","","",.0,"8",.0,"8",.0,"8",.0,"8",.0,"8",.0,"8",.0,"8",.0,"8",.0,"8",0,"8",0,"8",0,"8","","",0,"8",0,"8"
"352190360","P£OCK","2006","08","21","02","9","",0,"8",0,"8","","","",6,"",0,"8",0,"8",0,"",210,"",1,"",0,"",15.5,"",.0,"8","U","",16.3,"",93,"",14.4,"",1000.6,"",1013.6,"",8,-.2,"",.0,"8",0,"8","10","0","0","","0","","","0","","","0","","",0,"8",.0,"8",.0,"8","","8",0,"8","","",.0,"8",.0,"8",.0,"8",.0,"8",.0,"8",.0,"8",.0,"8",.0,"8",.0,"8",0,"8",0,"8",0,"8","","",0,"8",0,"8"
"352190360","P£OCK","2006","08","21","03","5","",0,"8",0,"8","","","",7,"",0,"8",0,"8",1,"",250,"",3,"",0,"",15.7,"",.0,"8","U","",16.0,"",90,"",14.1,"",1000.7,"",1013.7,"",5,-.1,"",.0,"8",0,"8","03","0","1","","3","","","0","","","0","","",0,"8",.0,"8",.0,"8","","8",0,"8","","",.0,"8",.0,"8",.0,"8",.0,"8",.0,"8",.0,"8",.0,"8",.0,"8",.0,"8",0,"8",0,"8",0,"8","","",0,"8",0,"8"
"352190360","P£OCK","2006","08","21","04","9","",0,"8",0,"8","","","",7,"",0,"8",0,"8",1,"",290,"",3,"",0,"",15.2,"",.0,"8","U","",15.0,"",87,"",13.0,"",1001.0,"",1014.0,"",3,.3,"",.0,"8",0,"8","01","0","1","","0","","","6","","","0","","",0,"8",.0,"8",.0,"8","","8",0,"8","","",.0,"8",.0,"8",.0,"8",.0,"8",.0,"8",.0,"8",.0,"8",.0,"8",.0,"8",0,"8",0,"8",0,"8","","",0,"8",0,"8"
"352190360","P£OCK","2006","08","21","05","5","",0,"8",0,"8","","","",8,"",0,"8",0,"8",1,"",280,"",5,"",0,"",15.9,"",.0,"8","U","",15.1,"",84,"",13.2,"",1001.2,"",1014.2,"",2,.6,"",.0,"8",0,"8","03","0","1","","1","","","0","","","0","","",0,"8",.0,"8",.0,"8","","8",0,"8","","",.0,"8",.0,"8",.0,"8",.0,"8",.0,"8",.0,"8",.0,"8",.0,"8",.0,"8",0,"8",0,"8",0,"8","","",0,"8",0,"8"
"352190360","P£OCK","2006","08","21","06","5","",0,"8",0,"8","","","",8,"",0,"8",0,"8",1,"",270,"",4,"",0,"",16.8,"",.0,"8","U","",15.3,"",80,"",13.3,"",1001.2,"",1014.1,"",1,.5,"",.0,"9",0,"9","02","0","1","","1","","","0","","","0","","",2,"",.0,"8",.0,"8","","8",0,"8","","",.0,"8",.0,"8",.0,"8",.0,"8",.0,"8",.0,"8",.0,"8",.0,"8",.0,"8",0,"8",0,"8",0,"8","","",0,"8",0,"8"
"352190360","P£OCK","2006","08","21","07","9","",0,"8",0,"8","","","",8,"",0,"8",0,"8",0,"",280,"",5,"",0,"",17.7,"",.0,"8","U","",15.4,"",76,"",13.4,"",1000.8,"",1013.7,"",8,-.2,"",.0,"8",0,"8","01","0","0","","0","","","0","","","0","","",0,"8",.0,"8",.0,"8","","8",0,"8","","",.0,"8",.0,"8",.0,"8",.0,"8",.0,"8",.0,"8",.0,"8",.0,"8",.0,"8",0,"8",0,"8",0,"8","","",0,"8",0,"8"
"352190360","P£OCK","2006","08","21","08","5","",0,"8",0,"8","","","",8,"",0,"8",0,"8",1,"",250,"",4,"",0,"",19.5,"",.0,"8","U","",15.2,"",67,"",13.2,"",1001.1,"",1013.9,"",5,-.1,"",.0,"8",0,"8","03","0","1","","1","","","0","","","0","","",0,"8",.0,"8",.0,"8","","8",0,"8","","",.0,"8",.0,"8",.0,"8",.0,"8",.0,"8",.0,"8",.0,"8",.0,"8",.0,"8",0,"8",0,"8",0,"8","","",0,"8",0,"8"
"352190360","P£OCK","2006","08","21","09","5","",0,"8",0,"8","","","",8,"",0,"8",0,"8",5,"",230,"",5,"",0,"",20.3,"",.0,"8","U","",14.7,"",62,"",12.8,"",1001.4,"",1014.2,"",3,.2,"",.0,"8",0,"8","03","1","5","","2","","","0","","","0","","",0,"8",.0,"8",.0,"8","","8",0,"8","","",.0,"8",.0,"8",.0,"8",.0,"8",.0,"8",.0,"8",.0,"8",.0,"8",.0,"8",0,"8",0,"8",0,"8","","",0,"8",0,"8"
"352190360","P£OCK","2006","08","21","10","5","",0,"8",0,"8","","","",8,"",0,"8",0,"8",5,"",260,"",5,"",0,"",20.5,"",.0,"8","U","",14.7,"",61,"",12.7,"",1001.4,"",1014.1,"",1,.6,"",.0,"8",0,"8","02","2","5","","2","","","0","","","0","","",0,"8",.0,"8",.0,"8","","8",0,"8","","",.0,"8",.0,"8",.0,"8",.0,"8",.0,"8",.0,"8",.0,"8",.0,"8",.0,"8",0,"8",0,"8",0,"8","","",0,"8",0,"8"
"352190360","P£OCK","2006","08","21","11","6","",0,"8",0,"8","","","",8,"",0,"8",0,"8",4,"",280,"",5,"",0,"",20.4,"",.0,"8","U","",14.8,"",62,"",12.9,"",1000.8,"",1013.5,"",8,-.3,"",.0,"8",0,"8","03","1","4","","3","","","0","","","0","","",0,"8",.0,"8",.0,"8","","8",0,"8","","",.0,"8",.0,"8",.0,"8",.0,"8",.0,"8",.0,"8",.0,"8",.0,"8",.0,"8",0,"8",0,"8",0,"8","","",0,"8",0,"8"
"352190360","P£OCK","2006","08","21","12","6","",0,"8",0,"8","","","",8,"",0,"8",0,"8",4,"",280,"",6,"",0,"",20.2,"",.0,"8","U","",13.9,"",59,"",11.9,"",1000.6,"",1013.4,"",8,-.8,"",.0,"9",0,"9","01","1","3","","3","","","0","","","1","","",2,"",.0,"8",.0,"8","","8",0,"8","","",.0,"8",.0,"8",.0,"8",.0,"8",.0,"8",.0,"8",.0,"8",.0,"8",.0,"8",0,"8",0,"8",0,"8","","",0,"8",0,"8"
"352190360","P£OCK","2006","08","21","13","6","",0,"8",0,"8","","","",8,"",0,"8",0,"8",4,"",280,"",5,"",0,"",20.4,"",.0,"8","U","",13.4,"",56,"",11.3,"",1000.2,"",1012.9,"",7,-1.2,"",.0,"8",0,"8","02","0","3","","3","","","0","","","1","","",0,"8",.0,"8",.0,"8","","8",0,"8","","",.0,"8",.0,"8",.0,"8",.0,"8",.0,"8",.0,"8",.0,"8",.0,"8",.0,"8",0,"8",0,"8",0,"8","","",0,"8",0,"8"
"352190360","P£OCK","2006","08","21","14","6","",0,"8",0,"8","","","",8,"",0,"8",0,"8",7,"",230,"",4,"",0,"",19.7,"",.0,"8","U","",14.9,"",65,"",12.9,"",1000.3,"",1013.1,"",5,-.5,"",.0,"8",0,"8","80","1","7","","9","","","/","","","/","","",0,"8",.0,"8",.0,"8","","8",0,"8","","",.0,"8",.0,"8",.0,"8",.0,"8",.0,"8",.0,"8",.0,"8",.0,"8",.0,"8",0,"8",0,"8",0,"8","","",0,"8",0,"8"
"352190360","P£OCK","2006","08","21","15","6","",0,"8",0,"8","","","",8,"",0,"8",0,"8",7,"",290,"",3,"",0,"",20.6,"",.0,"8","U","",14.5,"",60,"",12.6,"",999.9,"",1012.6,"",7,-.7,"",.0,"8",0,"8","25","1","4","","9","","","3","","","/","","",0,"8",.0,"8",.0,"8","","8",0,"8","","",.0,"8",.0,"8",.0,"8",.0,"8",.0,"8",.0,"8",.0,"8",.0,"8",.0,"8",0,"8",0,"8",0,"8","","",0,"8",0,"8"
"352190360","P£OCK","2006","08","21","16","6","",0,"8",0,"8","","","",8,"",0,"8",0,"8",6,"",280,"",2,"",0,"",20.4,"",.0,"8","U","",14.6,"",61,"",12.6,"",999.7,"",1012.4,"",8,-.5,"",.0,"8",0,"8","01","2","3","","9","","","3","","","0","","",0,"8",.0,"8",.0,"8","","8",0,"8","","",.0,"8",.0,"8",.0,"8",.0,"8",.0,"8",.0,"8",.0,"8",.0,"8",.0,"8",0,"8",0,"8",0,"8","","",0,"8",0,"8"
"352190360","P£OCK","2006","08","21","17","6","",0,"8",0,"8","","","",8,"",0,"8",0,"8",7,"",200,"",2,"",0,"",18.8,"",.0,"8","U","",15.8,"",73,"",13.9,"",999.6,"",1012.4,"",6,-.7,"",.0,"8",0,"8","25","2","5","","9","","","3","","","/","","",0,"8",.0,"8",.0,"8","","8",0,"8","","",.0,"8",.0,"8",.0,"8",.0,"8",.0,"8",.0,"8",.0,"8",.0,"8",.0,"8",0,"8",0,"8",0,"8","","",0,"8",0,"8"
"352190360","P£OCK","2006","08","21","18","6","",0,"8",0,"8","","","",8,"",0,"8",0,"8",5,"",260,"",4,"",0,"",18.0,"",.0,"8","U","",14.6,"",71,"",12.7,"",999.8,"",1012.6,"",5,-.1,"",.1,"",6,"","01","8","4","","9","","","0","","","1","","",2,"",.0,"8",.0,"8","","8",0,"8","","",.0,"8",.0,"8",.0,"8",.0,"8",.0,"8",.0,"8",.0,"8",.0,"8",.0,"8",0,"8",0,"8",0,"8","","",0,"8",0,"8"
"352190360","P£OCK","2006","08","21","19","6","",0,"8",0,"8","","","",8,"",0,"8",0,"8",4,"",220,"",2,"",0,"",16.2,"",.0,"8","U","",14.3,"",78,"",12.4,"",999.8,"",1012.7,"",1,.1,"",.0,"8",0,"8","01","1","3","","9","","","0","","","1","","",0,"8",.0,"8",.0,"8","","8",0,"8","","",.0,"8",.0,"8",.0,"8",.0,"8",.0,"8",.0,"8",.0,"8",.0,"8",.0,"8",0,"8",0,"8",0,"8","","",0,"8",0,"8"
"352190360","P£OCK","2006","08","21","20","9","",0,"8",0,"8","","","",8,"",0,"8",0,"8",3,"",210,"",2,"",0,"",15.7,"",.0,"8","U","",14.8,"",83,"",12.8,"",999.6,"",1012.5,"",0,.0,"",.0,"8",0,"8","01","0","2","","0","","","6","","","1","","",0,"8",.0,"8",.0,"8","","8",0,"8","","",.0,"8",.0,"8",.0,"8",.0,"8",.0,"8",.0,"8",.0,"8",.0,"8",.0,"8",0,"8",0,"8",0,"8","","",0,"8",0,"8"
"352190360","P£OCK","2006","08","21","21","9","",0,"8",0,"8","","","",8,"",0,"8",0,"8",2,"",230,"",2,"",0,"",16.0,"",.0,"8","U","",14.5,"",80,"",12.5,"",999.5,"",1012.4,"",8,-.3,"",.0,"8",0,"8","01","1","2","","0","","","3","","","0","","",0,"8",.0,"8",.0,"8","","8",0,"8","","",.0,"8",.0,"8",.0,"8",.0,"8",.0,"8",.0,"8",.0,"8",.0,"8",.0,"8",0,"8",0,"8",0,"8","","",0,"8",0,"8"
"352190360","P£OCK","2006","08","21","22","9","",0,"8",0,"8","","","",8,"",0,"8",0,"8",3,"",230,"",3,"",0,"",15.9,"",.0,"8","U","",14.8,"",82,"",12.8,"",999.4,"",1012.3,"",7,-.4,"",.0,"8",0,"8","03","0","2","","0","","","3","","","1","","",0,"8",.0,"8",.0,"8","","8",0,"8","","",.0,"8",.0,"8",.0,"8",.0,"8",.0,"8",.0,"8",.0,"8",.0,"8",.0,"8",0,"8",0,"8",0,"8","","",0,"8",0,"8"
"352190360","P£OCK","2006","08","21","23","9","",0,"8",0,"8","","","",7,"",0,"8",0,"8",3,"",240,"",2,"",0,"",15.6,"",.0,"8","U","",14.9,"",84,"",12.9,"",999.1,"",1012.0,"",8,-.5,"",.0,"8",0,"8","02","0","2","","0","","","3","","","1","","",0,"8",.0,"8",.0,"8","","8",0,"8","","",.0,"8",.0,"8",.0,"8",.0,"8",.0,"8",.0,"8",.0,"8",.0,"8",.0,"8",0,"8",0,"8",0,"8","","",0,"8",0,"8"
"352190360","P£OCK","2006","08","22","00","9","",0,"8",0,"8","","","",7,"",0,"8",0,"8",2,"",230,"",3,"",0,"",14.9,"",.0,"8","U","",14.7,"",87,"",12.8,"",999.0,"",1012.0,"",7,-.5,"",.0,"9",0,"9","01","1","0","","0","","","0","","","1","","",1,"",.0,"8",.0,"8","","8",0,"8","","",.0,"8",.0,"8",.0,"8",.0,"8",.0,"8",.0,"8",.0,"8",.0,"8",.0,"8",0,"8",0,"8",0,"8","","",0,"8",0,"8"
"352190360","P£OCK","2006","08","22","01","9","",0,"8",0,"8","","","",6,"",0,"8",0,"8",3,"",210,"",2,"",0,"",14.0,"",.0,"8","U","",14.4,"",90,"",12.4,"",998.8,"",1011.8,"",7,-.6,"",.0,"8",0,"8","10","0","2","","0","","","3","","","1","","",0,"8",.0,"8",.0,"8","","8",0,"8","","",.0,"8",.0,"8",.0,"8",.0,"8",.0,"8",.0,"8",.0,"8",.0,"8",.0,"8",0,"8",0,"8",0,"8","","",0,"8",0,"8"
"352190360","P£OCK","2006","08","22","02","9","",0,"8",0,"8","","","",6,"",0,"8",0,"8",3,"",220,"",3,"",0,"",14.4,"",.0,"8","U","",14.6,"",89,"",12.6,"",998.8,"",1011.8,"",6,-.3,"",.0,"8",0,"8","10","0","2","","0","","","3","","","1","","",0,"8",.0,"8",.0,"8","","8",0,"8","","",.0,"8",.0,"8",.0,"8",.0,"8",.0,"8",.0,"8",.0,"8",.0,"8",.0,"8",0,"8",0,"8",0,"8","","",0,"8",0,"8"
"352190360","P£OCK","2006","08","22","03","9","",0,"8",0,"8","","","",6,"",0,"8",0,"8",6,"",230,"",3,"",0,"",14.5,"",.0,"8","U","",14.5,"",88,"",12.5,"",998.6,"",1011.6,"",7,-.4,"",.0,"8",0,"8","10","1","5","","0","","","5","","","1","","",0,"8",.0,"8",.0,"8","","8",0,"8","","",.0,"8",.0,"8",.0,"8",.0,"8",.0,"8",.0,"8",.0,"8",.0,"8",.0,"8",0,"8",0,"8",0,"8","","",0,"8",0,"8"
"352190360","P£OCK","2006","08","22","04","9","",0,"8",0,"8","","","",6,"",0,"8",0,"8",6,"",220,"",2,"",0,"",14.3,"",.0,"8","U","",14.3,"",88,"",12.3,"",998.5,"",1011.5,"",8,-.3,"",.0,"8",0,"8","10","2","5","","0","","","3","","","1","","",0,"8",.0,"8",.0,"8","","8",0,"8","","",.0,"8",.0,"8",.0,"8",.0,"8",.0,"8",.0,"8",.0,"8",.0,"8",.0,"8",0,"8",0,"8",0,"8","","",0,"8",0,"8"
"352190360","P£OCK","2006","08","22","05","9","",0,"8",0,"8","","","",6,"",0,"8",0,"8",5,"",220,"",2,"",0,"",14.4,"",.0,"8","U","",14.7,"",90,"",12.8,"",998.3,"",1011.3,"",7,-.5,"",.0,"8",0,"8","10","2","3","","0","","","3","","","6","","",0,"8",.0,"8",.0,"8","","8",0,"8","","",.0,"8",.0,"8",.0,"8",.0,"8",.0,"8",.0,"8",.0,"8",.0,"8",.0,"8",0,"8",0,"8",0,"8","","",0,"8",0,"8"
"352190360","P£OCK","2006","08","22","06","9","",0,"8",0,"8","","","",6,"",0,"8",0,"8",5,"",240,"",2,"",0,"",15.0,"",.0,"8","U","",14.5,"",85,"",12.5,"",998.2,"",1011.2,"",7,-.4,"",.0,"9",0,"9","10","1","3","","0","","","3","","","8","","",1,"",.0,"8",.0,"8","","8",0,"8","","",.0,"8",.0,"8",.0,"8",.0,"8",.0,"8",.0,"8",.0,"8",.0,"8",.0,"8",0,"8",0,"8",0,"8","","",0,"8",0,"8"
"352190360","P£OCK","2006","08","22","07","4","",0,"8",0,"8","","","",7,"",0,"8",0,"8",5,"",250,"",2,"",0,"",17.0,"",.0,"8","U","",15.1,"",78,"",13.1,"",998.3,"",1011.2,"",5,-.2,"",.0,"8",0,"8","03","2","1","","5","","","3","","","1","","",0,"8",.0,"8",.0,"8","","8",0,"8","","",.0,"8",.0,"8",.0,"8",.0,"8",.0,"8",.0,"8",.0,"8",.0,"8",.0,"8",0,"8",0,"8",0,"8","","",0,"8",0,"8"
"352190360","P£OCK","2006","08","22","08","5","",0,"8",0,"8","","","",8,"",0,"8",0,"8",7,"",260,"",3,"",0,"",18.3,"",.0,"8","U","",14.3,"",68,"",12.3,"",998.4,"",1011.2,"",3,.1,"",.0,"8",0,"8","03","2","5","","2","","","3","","","1","","",0,"8",.0,"8",.0,"8","","8",0,"8","","",.0,"8",.0,"8",.0,"8",.0,"8",.0,"8",.0,"8",.0,"8",.0,"8",.0,"8",0,"8",0,"8",0,"8","","",0,"8",0,"8"
"352190360","P£OCK","2006","08","22","09","5","",0,"8",0,"8","","","",8,"",0,"8",0,"8",7,"",220,"",4,"",0,"",19.1,"",.0,"8","U","",14.8,"",67,"",12.8,"",998.2,"",1011.0,"",0,.0,"",.0,"8",0,"8","03","2","6","","3","","","0","","","1","","",0,"8",.0,"8",.0,"8","","8",0,"8","","",.0,"8",.0,"8",.0,"8",.0,"8",.0,"8",.0,"8",.0,"8",.0,"8",.0,"8",0,"8",0,"8",0,"8","","",0,"8",0,"8"
"352190360","P£OCK","2006","08","22","10","5","",0,"8",0,"8","","","",8,"",0,"8",0,"8",7,"",250,"",5,"",0,"",18.4,"",.0,"8","U","",14.6,"",69,"",12.6,"",998.2,"",1011.0,"",6,-.1,"",.0,"8",0,"8","01","2","4","","3","","","3","","","/","","",0,"8",.0,"8",.0,"8","","8",0,"8","","",.0,"8",.0,"8",.0,"8",.0,"8",.0,"8",.0,"8",.0,"8",.0,"8",.0,"8",0,"8",0,"8",0,"8","","",0,"8",0,"8"
"352190360","P£OCK","2006","08","22","11","5","",0,"8",0,"8","","","",8,"",0,"8",0,"8",8,"",240,"",4,"",0,"",17.8,"",.0,"8","U","",13.6,"",67,"",11.6,"",998.0,"",1010.8,"",7,-.4,"",.0,"8",0,"8","03","2","6","","3","","","3","","","/","","",0,"8",.0,"8",.0,"8","","8",0,"8","","",.0,"8",.0,"8",.0,"8",.0,"8",.0,"8",.0,"8",.0,"8",.0,"8",.0,"8",0,"8",0,"8",0,"8","","",0,"8",0,"8"
"352190360","P£OCK","2006","08","22","12","5","",0,"8",0,"8","","","",8,"",0,"8",0,"8",7,"",290,"",5,"",0,"",17.9,"",.0,"8","U","",14.1,"",69,"",12.1,"",997.9,"",1010.7,"",8,-.3,"",.0,"9",0,"9","03","2","7","","3","","","/","","","/","","",1,"",.0,"8",.0,"8","","8",0,"8","","",.0,"8",.0,"8",.0,"8",.0,"8",.0,"8",.0,"8",.0,"8",.0,"8",.0,"8",0,"8",0,"8",0,"8","","",0,"8",0,"8"
"352190360","P£OCK","2006","08","22","13","5","",0,"8",0,"8","","","",8,"",0,"8",0,"8",7,"",290,"",4,"",0,"",18.6,"",.0,"8","U","",13.5,"",63,"",11.4,"",997.6,"",1010.4,"",7,-.6,"",.0,"8",0,"8","01","2","7","","3","","","/","","","/","","",0,"8",.0,"8",.0,"8","","8",0,"8","","",.0,"8",.0,"8",.0,"8",.0,"8",.0,"8",.0,"8",.0,"8",.0,"8",.0,"8",0,"8",0,"8",0,"8","","",0,"8",0,"8"
"352190360","P£OCK","2006","08","22","14","6","",0,"8",0,"8","","","",8,"",0,"8",0,"8",7,"",270,"",4,"",0,"",19.4,"",.0,"8","U","",13.5,"",60,"",11.4,"",997.4,"",1010.1,"",7,-.6,"",.0,"8",0,"8","01","2","5","","3","","","3","","","1","","",0,"8",.0,"8",.0,"8","","8",0,"8","","",.0,"8",.0,"8",.0,"8",.0,"8",.0,"8",.0,"8",.0,"8",.0,"8",.0,"8",0,"8",0,"8",0,"8","","",0,"8",0,"8"
"352190360","P£OCK","2006","08","22","15","6","",0,"8",0,"8","","","",8,"",0,"8",0,"8",5,"",280,"",4,"",0,"",19.2,"",.0,"8","U","",13.1,"",59,"",11.0,"",997.2,"",1010.0,"",7,-.7,"",.0,"8",0,"8","01","2","3","","2","","","3","","","1","","",0,"8",.0,"8",.0,"8","","8",0,"8","","",.0,"8",.0,"8",.0,"8",.0,"8",.0,"8",.0,"8",.0,"8",.0,"8",.0,"8",0,"8",0,"8",0,"8","","",0,"8",0,"8"
"352190360","P£OCK","2006","08","22","16","6","",0,"8",0,"8","","","",8,"",0,"8",0,"8",5,"",280,"",5,"",0,"",19.8,"",.0,"8","U","",12.0,"",52,"",9.7,"",997.2,"",1009.9,"",6,-.4,"",.0,"8",0,"8","03","2","4","","2","","","0","","","1","","",0,"8",.0,"8",.0,"8","","8",0,"8","","",.0,"8",.0,"8",.0,"8",.0,"8",.0,"8",.0,"8",.0,"8",.0,"8",.0,"8",0,"8",0,"8",0,"8","","",0,"8",0,"8"
"352190360","P£OCK","2006","08","22","17","6","",0,"8",0,"8","","","",8,"",0,"8",0,"8",5,"",290,"",3,"",0,"",19.2,"",.0,"8","U","",12.4,"",56,"",10.2,"",997.3,"",1010.1,"",5,-.1,"",.0,"8",0,"8","03","2","3","","9","","","3","","","1","","",0,"8",.0,"8",.0,"8","","8",0,"8","","",.0,"8",.0,"8",.0,"8",.0,"8",.0,"8",.0,"8",.0,"8",.0,"8",.0,"8",0,"8",0,"8",0,"8","","",0,"8",0,"8"
"352190360","P£OCK","2006","08","22","18","6","",0,"8",0,"8","","","",8,"",0,"8",0,"8",3,"",280,"",2,"",0,"",17.7,"",.0,"8","U","",13.1,"",65,"",11.0,"",997.5,"",1010.3,"",3,.3,"",.0,"9",0,"9","01","1","1","","9","","","3","","","1","","",1,"",.0,"8",.0,"8","","8",0,"8","","",.0,"8",.0,"8",.0,"8",.0,"8",.0,"8",.0,"8",.0,"8",.0,"8",.0,"8",0,"8",0,"8",0,"8","","",0,"8",0,"8"
"352190360","P£OCK","2006","08","22","19","6","",0,"8",0,"8","","","",8,"",0,"8",0,"8",3,"",240,"",1,"",0,"",16.5,"",.0,"8","U","",13.1,"",70,"",11.0,"",997.8,"",1010.7,"",3,.6,"",.0,"8",0,"8","01","0","1","","9","","","3","","","1","","",0,"8",.0,"8",.0,"8","","8",0,"8","","",.0,"8",.0,"8",.0,"8",.0,"8",.0,"8",.0,"8",.0,"8",.0,"8",.0,"8",0,"8",0,"8",0,"8","","",0,"8",0,"8"
"352190360","P£OCK","2006","08","22","20","6","",0,"8",0,"8","","","",8,"",0,"8",0,"8",3,"",220,"",2,"",0,"",15.3,"",.0,"8","U","",13.5,"",78,"",11.5,"",997.7,"",1010.6,"",0,.4,"",.0,"8",0,"8","01","0","1","","5","","","3","","","1","","",0,"8",.0,"8",.0,"8","","8",0,"8","","",.0,"8",.0,"8",.0,"8",.0,"8",.0,"8",.0,"8",.0,"8",.0,"8",.0,"8",0,"8",0,"8",0,"8","","",0,"8",0,"8"
"352190360","P£OCK","2006","08","22","21","9","",0,"8",0,"8","","","",8,"",0,"8",0,"8",1,"",240,"",3,"",0,"",16.0,"",.0,"8","U","",14.2,"",78,"",12.2,"",997.6,"",1010.5,"",0,.1,"",.0,"8",0,"8","01","0","1","","0","","","3","","","0","","",0,"8",.0,"8",.0,"8","","8",0,"8","","",.0,"8",.0,"8",.0,"8",.0,"8",.0,"8",.0,"8",.0,"8",.0,"8",.0,"8",0,"8",0,"8",0,"8","","",0,"8",0,"8"
"352190360","P£OCK","2006","08","22","22","6","",0,"8",0,"8","","","",7,"",0,"8",0,"8",1,"",240,"",3,"",0,"",15.2,"",.0,"8","U","",14.1,"",82,"",12.1,"",997.9,"",1010.8,"",3,.1,"",.0,"8",0,"8","03","0","1","","5","","","0","","","0","","",0,"8",.0,"8",.0,"8","","8",0,"8","","",.0,"8",.0,"8",.0,"8",.0,"8",.0,"8",.0,"8",.0,"8",.0,"8",.0,"8",0,"8",0,"8",0,"8","","",0,"8",0,"8"
"352190360","P£OCK","2006","08","22","23","9","",0,"8",0,"8","","","",7,"",0,"8",0,"8",0,"",240,"",2,"",0,"",14.5,"",.0,"8","U","",14.2,"",86,"",12.2,"",997.8,"",1010.8,"",0,.1,"",.0,"8",0,"8","01","0","0","","0","","","0","","","0","","",0,"8",.0,"8",.0,"8","","8",0,"8","","",.0,"8",.0,"8",.0,"8",.0,"8",.0,"8",.0,"8",.0,"8",.0,"8",.0,"8",0,"8",0,"8",0,"8","","",0,"8",0,"8"
"352190360","P£OCK","2006","08","23","00","9","",0,"8",0,"8","","","",7,"",0,"8",0,"8",0,"",230,"",1,"",0,"",14.0,"",.0,"8","U","",13.9,"",87,"",11.9,"",997.6,"",1010.6,"",0,.0,"",.0,"9",0,"9","02","0","0","","0","","","0","","","0","","",1,"",.0,"8",.0,"8","","8",0,"8","","",.0,"8",.0,"8",.0,"8",.0,"8",.0,"8",.0,"8",.0,"8",.0,"8",.0,"8",0,"8",0,"8",0,"8","","",0,"8",0,"8"
"352190360","P£OCK","2006","08","23","01","9","",0,"8",0,"8","","","",6,"",0,"8",0,"8",0,"",240,"",1,"",0,"",13.5,"",.0,"8","U","",13.9,"",90,"",11.9,"",997.6,"",1010.6,"",6,-.3,"",.0,"8",0,"8","10","0","0","","0","","","0","","","0","","",0,"8",.0,"8",.0,"8","","8",0,"8","","",.0,"8",.0,"8",.0,"8",.0,"8",.0,"8",.0,"8",.0,"8",.0,"8",.0,"8",0,"8",0,"8",0,"8","","",0,"8",0,"8"
"352190360","P£OCK","2006","08","23","02","9","",0,"8",0,"8","","","",6,"",0,"8",0,"8",0,"",240,"",2,"",0,"",13.1,"",.0,"8","U","",13.7,"",91,"",11.7,"",997.5,"",1010.5,"",7,-.3,"",.0,"8",0,"8","10","0","0","","0","","","0","","","0","","",0,"8",.0,"8",.0,"8","","8",0,"8","","",.0,"8",.0,"8",.0,"8",.0,"8",.0,"8",.0,"8",.0,"8",.0,"8",.0,"8",0,"8",0,"8",0,"8","","",0,"8",0,"8"
"352190360","P£OCK","2006","08","23","03","9","",0,"8",0,"8","","","",6,"",0,"8",0,"8",0,"",240,"",1,"",0,"",12.8,"",.0,"8","U","",13.6,"",92,"",11.5,"",997.4,"",1010.4,"",8,-.2,"",.0,"8",0,"8","10","0","0","","0","","","0","","","0","","",0,"8",.0,"8",.0,"8","","8",0,"8","","",.0,"8",.0,"8",.0,"8",.0,"8",.0,"8",.0,"8",.0,"8",.0,"8",.0,"8",0,"8",0,"8",0,"8","","",0,"8",0,"8"
"352190360","P£OCK","2006","08","23","04","9","",0,"8",0,"8","","","",6,"",0,"8",0,"8",1,"",210,"",1,"",0,"",12.5,"",.0,"8","U","",13.5,"",93,"",11.4,"",997.5,"",1010.6,"",5,-.1,"",.0,"8",0,"8","10","0","1","","0","","","3","","","0","","",0,"8",.0,"8",.0,"8","","8",0,"8","","",.0,"8",.0,"8",.0,"8",.0,"8",.0,"8",.0,"8",.0,"8",.0,"8",.0,"8",0,"8",0,"8",0,"8","","",0,"8",0,"8"
"352190360","P£OCK","2006","08","23","05","1","",0,"8",0,"8","","","",4,"",0,"8",0,"8",7,"",230,"",3,"",0,"",13.0,"",.0,"8","U","",14.2,"",95,"",12.2,"",997.4,"",1010.4,"",7,-.1,"",.0,"8",0,"8","10","1","7","","6","","","/","","","/","","",0,"8",.0,"8",.0,"8","","8",0,"8","","",.0,"8",.0,"8",.0,"8",.0,"8",.0,"8",.0,"8",.0,"8",.0,"8",.0,"8",0,"8",0,"8",0,"8","","",0,"8",0,"8"
"352190360","P£OCK","2006","08","23","06","1","",0,"8",0,"8","","","",5,"",0,"8",0,"8",8,"",230,"",2,"",0,"",13.9,"",.0,"8","U","",14.9,"",94,"",12.9,"",997.5,"",1010.5,"",2,.1,"",.0,"9",0,"9","10","1","8","","6","","","/","","","/","","",1,"",.0,"8",.0,"8","","8",0,"8","","",.0,"8",.0,"8",.0,"8",.0,"8",.0,"8",.0,"8",.0,"8",.0,"8",.0,"8",0,"8",0,"8",0,"8","","",0,"8",0,"8"
"352190360","P£OCK","2006","08","23","07","2","",0,"8",0,"8","","","",5,"",0,"8",0,"8",8,"",250,"",3,"",0,"",14.4,"",.0,"8","U","",14.9,"",91,"",12.9,"",997.5,"",1010.5,"",4,.0,"",.0,"8",0,"8","10","2","8","","6","","","/","","","/","","",0,"8",.0,"8",.0,"8","","8",0,"8","","",.0,"8",.0,"8",.0,"8",.0,"8",.0,"8",.0,"8",.0,"8",.0,"8",.0,"8",0,"8",0,"8",0,"8","","",0,"8",0,"8"
"352190360","P£OCK","2006","08","23","08","5","",0,"8",0,"8","","","",6,"",0,"8",0,"8",6,"",230,"",3,"",0,"",15.8,"",.0,"8","U","",14.7,"",82,"",12.7,"",997.4,"",1010.3,"",0,.0,"",.0,"8",0,"8","10","2","3","","3","","","3","","","1","","",0,"8",.0,"8",.0,"8","","8",0,"8","","",.0,"8",.0,"8",.0,"8",.0,"8",.0,"8",.0,"8",.0,"8",.0,"8",.0,"8",0,"8",0,"8",0,"8","","",0,"8",0,"8"
"352190360","P£OCK","2006","08","23","09","4","",0,"8",0,"8","","","",7,"",0,"8",0,"8",7,"",270,"",3,"",0,"",17.2,"",.0,"8","U","",14.5,"",74,"",12.5,"",997.4,"",1010.2,"",6,-.1,"",.0,"8",0,"8","03","2","6","","3","","","3","","","/","","",0,"8",.0,"8",.0,"8","","8",0,"8","","",.0,"8",.0,"8",.0,"8",.0,"8",.0,"8",.0,"8",.0,"8",.0,"8",.0,"8",0,"8",0,"8",0,"8","","",0,"8",0,"8"
"352190360","P£OCK","2006","08","23","10","5","",0,"8",0,"8","","","",8,"",0,"8",0,"8",3,"",260,"",3,"",0,"",18.9,"",.0,"8","U","",13.9,"",64,"",11.9,"",997.2,"",1010.0,"",7,-.3,"",.0,"8",0,"8","01","1","3","","2","","","0","","","0","","",0,"8",.0,"8",.0,"8","","8",0,"8","","",.0,"8",.0,"8",.0,"8",.0,"8",.0,"8",.0,"8",.0,"8",.0,"8",.0,"8",0,"8",0,"8",0,"8","","",0,"8",0,"8"
"352190360","P£OCK","2006","08","23","11","6","",0,"8",0,"8","","","",8,"",0,"8",0,"8",4,"",280,"",4,"",0,"",19.4,"",.0,"8","U","",13.5,"",60,"",11.4,"",996.9,"",1009.6,"",8,-.5,"",.0,"8",0,"8","03","0","4","","3","","","0","","","0","","",0,"8",.0,"8",.0,"8","","8",0,"8","","",.0,"8",.0,"8",.0,"8",.0,"8",.0,"8",.0,"8",.0,"8",.0,"8",.0,"8",0,"8",0,"8",0,"8","","",0,"8",0,"8"
"352190360","P£OCK","2006","08","23","12","6","",0,"8",0,"8","","","",7,"",0,"8",0,"8",4,"",300,"",3,"",0,"",19.9,"",.0,"8","U","",13.9,"",60,"",11.9,"",996.7,"",1009.4,"",7,-.7,"",.0,"9",0,"9","02","1","4","","3","","","0","","","0","","",1,"",.0,"8",.0,"8","","8",0,"8","","",.0,"8",.0,"8",.0,"8",.0,"8",.0,"8",.0,"8",.0,"8",.0,"8",.0,"8",0,"8",0,"8",0,"8","","",0,"8",0,"8"
"352190360","P£OCK","2006","08","23","13","6","",0,"8",0,"8","","","",8,"",0,"8",0,"8",3,"",300,"",5,"",0,"",20.6,"",.0,"8","U","",13.8,"",57,"",11.8,"",996.2,"",1008.9,"",7,-1.0,"",.0,"8",0,"8","01","0","3","","2","","","0","","","0","","",0,"8",.0,"8",.0,"8","","8",0,"8","","",.0,"8",.0,"8",.0,"8",.0,"8",.0,"8",.0,"8",.0,"8",.0,"8",.0,"8",0,"8",0,"8",0,"8","","",0,"8",0,"8"
"352190360","P£OCK","2006","08","23","14","6","",0,"8",0,"8","","","",8,"",0,"8",0,"8",6,"",290,"",6,"",0,"",20.7,"",.0,"8","U","",13.6,"",56,"",11.6,"",996.2,"",1008.9,"",6,-.7,"",.0,"8",0,"8","03","1","4","","9","","","3","","","0","","",0,"8",.0,"8",.0,"8","","8",0,"8","","",.0,"8",.0,"8",.0,"8",.0,"8",.0,"8",.0,"8",.0,"8",.0,"8",.0,"8",0,"8",0,"8",0,"8","","",0,"8",0,"8"
"352190360","P£OCK","2006","08","23","15","6","",0,"8",0,"8","","","",8,"",0,"8",0,"8",6,"",280,"",6,"",11,"",18.9,"",.0,"8","U","",14.6,"",67,"",12.6,"",996.7,"",1009.5,"",5,.0,"",.0,"8",0,"8","03","1","5","","9","","","3","","","0","","",0,"8",.0,"8",.0,"8","","8",0,"8","","",.0,"8",.0,"8",.0,"8",.0,"8",.0,"8",.0,"8",.0,"8",.0,"8",.0,"8",0,"8",0,"8",0,"8","","",0,"8",0,"8"
"352190360","P£OCK","2006","08","23","16","6","",0,"8",0,"8","","","",8,"",0,"8",0,"8",7,"",280,"",4,"",0,"",18.2,"",.0,"8","U","",15.8,"",76,"",13.9,"",996.7,"",1009.5,"",1,.5,"",.0,"8",0,"8","25","2","5","","9","","","3","","","2","","",0,"8",.0,"8",.0,"8","","8",0,"8","","",.0,"8",.0,"8",.0,"8",.0,"8",.0,"8",.0,"8",.0,"8",.0,"8",.0,"8",0,"8",0,"8",0,"8","","",0,"8",0,"8"
"352190360","P£OCK","2006","08","23","17","5","",0,"8",0,"8","","","",8,"",0,"8",0,"8",7,"",280,"",5,"",0,"",18.0,"",.0,"8","U","",15.4,"",75,"",13.5,"",996.8,"",1009.6,"",2,.6,"",.0,"8",0,"8","25","2","4","","9","","","6","","","2","","",0,"8",.0,"8",.0,"8","","8",0,"8","","",.0,"8",.0,"8",.0,"8",.0,"8",.0,"8",.0,"8",.0,"8",.0,"8",.0,"8",0,"8",0,"8",0,"8","","",0,"8",0,"8"
"352190360","P£OCK","2006","08","23","18","5","",0,"8",0,"8","","","",8,"",0,"8",0,"8",7,"",260,"",4,"",0,"",17.6,"",.0,"8","U","",15.9,"",79,"",13.9,"",997.0,"",1009.8,"",3,.3,"",.0,"",6,"","03","8","5","","9","","","3","","","/","","",1,"",.0,"8",.0,"8","","8",0,"8","","",.0,"8",.0,"8",.0,"8",.0,"8",.0,"8",.0,"8",.0,"8",.0,"8",.0,"8",0,"8",0,"8",0,"8","","",0,"8",0,"8"
"352190360","P£OCK","2006","08","23","19","6","",0,"8",0,"8","","","",8,"",0,"8",0,"8",7,"",270,"",6,"",0,"",17.6,"",.0,"8","U","",15.5,"",77,"",13.5,"",997.2,"",1010.0,"",2,.5,"",.0,"8",0,"8","01","2","3","","5","","","3","","","/","","",0,"8",.0,"8",.0,"8","","8",0,"8","","",.0,"8",.0,"8",.0,"8",.0,"8",.0,"8",.0,"8",.0,"8",.0,"8",.0,"8",0,"8",0,"8",0,"8","","",0,"8",0,"8"
"352190360","P£OCK","2006","08","23","20","5","",0,"8",0,"8","","","",8,"",0,"8",0,"8",8,"",270,"",6,"",11,"",17.3,"",.0,"8","U","",15.6,"",79,"",13.6,"",997.1,"",1009.9,"",0,.3,"",.0,"8",0,"8","80","2","8","","9","","","/","","","/","","",0,"8",.0,"8",.0,"8","","8",0,"8","","",.0,"8",.0,"8",.0,"8",.0,"8",.0,"8",.0,"8",.0,"8",.0,"8",.0,"8",0,"8",0,"8",0,"8","","",0,"8",0,"8"
"352190360","P£OCK","2006","08","23","21","6","",0,"8",0,"8","","","",8,"",0,"8",0,"8",8,"",270,"",5,"",0,"",16.9,"",.0,"8","U","",15.9,"",83,"",14.0,"",997.4,"",1010.3,"",2,.4,"",.0,"8",0,"8","25","2","5","","5","","","3","","","/","","",0,"8",.0,"8",.0,"8","","8",0,"8","","",.0,"8",.0,"8",.0,"8",.0,"8",.0,"8",.0,"8",.0,"8",.0,"8",.0,"8",0,"8",0,"8",0,"8","","",0,"8",0,"8"
"352190360","P£OCK","2006","08","23","22","6","",0,"8",0,"8","","","",7,"",0,"8",0,"8",7,"",270,"",5,"",0,"",16.6,"",.0,"8","U","",15.8,"",84,"",13.9,"",997.4,"",1010.3,"",1,.2,"",.0,"8",0,"8","03","2","7","","5","","","/","","","/","","",0,"8",.0,"8",.0,"8","","8",0,"8","","",.0,"8",.0,"8",.0,"8",.0,"8",.0,"8",.0,"8",.0,"8",.0,"8",.0,"8",0,"8",0,"8",0,"8","","",0,"8",0,"8"
"352190360","P£OCK","2006","08","23","23","6","",0,"8",0,"8","","","",7,"",0,"8",0,"8",7,"",270,"",6,"",0,"",16.2,"",.0,"8","U","",15.4,"",84,"",13.5,"",997.4,"",1010.3,"",1,.3,"",.0,"8",0,"8","01","2","6","","5","","","3","","","/","","",0,"8",.0,"8",.0,"8","","8",0,"8","","",.0,"8",.0,"8",.0,"8",.0,"8",.0,"8",.0,"8",.0,"8",.0,"8",.0,"8",0,"8",0,"8",0,"8","","",0,"8",0,"8"
"352190360","P£OCK","2006","08","24","00","5","",0,"8",0,"8","","","",7,"",0,"8",0,"8",7,"",270,"",6,"",12,"",16.2,"",.0,"8","U","",15.4,"",84,"",13.5,"",997.3,"",1010.2,"",8,-.1,"",.0,"",6,"","02","8","6","","5","","","3","","","/","","",1,"",.0,"8",.0,"8","","8",0,"8","","",.0,"8",.0,"8",.0,"8",.0,"8",.0,"8",.0,"8",.0,"8",.0,"8",.0,"8",0,"8",0,"8",0,"8","","",0,"8",0,"8"
"352190360","P£OCK","2006","08","24","01","5","",0,"8",0,"8","","","",7,"",0,"8",0,"8",7,"",270,"",5,"",0,"",15.7,"",.0,"8","U","",15.1,"",85,"",13.2,"",997.4,"",1010.3,"",5,.0,"",.0,"8",0,"8","02","2","6","","5","","","3","","","/","","",0,"8",.0,"8",.0,"8","","8",0,"8","","",.0,"8",.0,"8",.0,"8",.0,"8",.0,"8",.0,"8",.0,"8",.0,"8",.0,"8",0,"8",0,"8",0,"8","","",0,"8",0,"8"
"352190360","P£OCK","2006","08","24","02","6","",0,"8",0,"8","","","",7,"",0,"8",0,"8",7,"",280,"",5,"",0,"",15.6,"",.0,"8","U","",15.2,"",86,"",13.3,"",997.5,"",1010.4,"",3,.1,"",.0,"8",0,"8","03","2","7","","5","","","/","","","/","","",0,"8",.0,"8",.0,"8","","8",0,"8","","",.0,"8",.0,"8",.0,"8",.0,"8",.0,"8",.0,"8",.0,"8",.0,"8",.0,"8",0,"8",0,"8",0,"8","","",0,"8",0,"8"
"352190360","P£OCK","2006","08","24","03","5","",0,"8",0,"8","","","",7,"",0,"8",0,"8",8,"",270,"",5,"",0,"",15.5,"",.0,"8","U","",14.9,"",85,"",13.0,"",997.3,"",1010.2,"",0,.0,"",.0,"8",0,"8","03","2","8","","5","","","/","","","/","","",0,"8",.0,"8",.0,"8","","8",0,"8","","",.0,"8",.0,"8",.0,"8",.0,"8",.0,"8",.0,"8",.0,"8",.0,"8",.0,"8",0,"8",0,"8",0,"8","","",0,"8",0,"8"
"352190360","P£OCK","2006","08","24","04","5","",0,"8",0,"8","","","",7,"",0,"8",0,"8",7,"",270,"",5,"",0,"",15.0,"",.0,"8","U","",14.6,"",86,"",12.7,"",997.3,"",1010.2,"",6,-.1,"",.0,"8",0,"8","01","2","7","","5","","","/","","","/","","",0,"8",.0,"8",.0,"8","","8",0,"8","","",.0,"8",.0,"8",.0,"8",.0,"8",.0,"8",.0,"8",.0,"8",.0,"8",.0,"8",0,"8",0,"8",0,"8","","",0,"8",0,"8"
"352190360","P£OCK","2006","08","24","05","5","",0,"8",0,"8","","","",7,"",0,"8",0,"8",7,"",270,"",5,"",0,"",15.3,"",.0,"8","U","",14.6,"",84,"",12.6,"",997.2,"",1010.1,"",7,-.3,"",.0,"8",0,"8","03","2","7","","5","","","/","","","/","","",0,"8",.0,"8",.0,"8","","8",0,"8","","",.0,"8",.0,"8",.0,"8",.0,"8",.0,"8",.0,"8",.0,"8",.0,"8",.0,"8",0,"8",0,"8",0,"8","","",0,"8",0,"8"
"352190360","P£OCK","2006","08","24","06","6","",0,"8",0,"8","","","",7,"",0,"8",0,"8",7,"",270,"",5,"",0,"",15.7,"",.0,"8","U","",14.6,"",82,"",12.6,"",997.3,"",1010.2,"",5,.0,"",.0,"9",0,"9","01","2","4","","5","","","3","","","/","","",1,"",.0,"8",.0,"8","","8",0,"8","","",.0,"8",.0,"8",.0,"8",.0,"8",.0,"8",.0,"8",.0,"8",.0,"8",.0,"8",0,"8",0,"8",0,"8","","",0,"8",0,"8"
"352190360","P£OCK","2006","08","24","07","4","",0,"8",0,"8","","","",7,"",0,"8",0,"8",7,"",270,"",5,"",0,"",16.7,"",.0,"8","U","",15.0,"",79,"",13.0,"",997.3,"",1010.2,"",4,.0,"",.0,"8",0,"8","03","2","5","","8","","","3","","","/","","",0,"8",.0,"8",.0,"8","","8",0,"8","","",.0,"8",.0,"8",.0,"8",.0,"8",.0,"8",.0,"8",.0,"8",.0,"8",.0,"8",0,"8",0,"8",0,"8","","",0,"8",0,"8"
"352190360","P£OCK","2006","08","24","08","4","",0,"8",0,"8","","","",7,"",0,"8",0,"8",7,"",270,"",5,"",0,"",17.0,"",.0,"8","U","",15.1,"",78,"",13.1,"",997.6,"",1010.5,"",2,.4,"",.0,"8",0,"8","03","2","6","","9","","","3","","","/","","",0,"8",.0,"8",.0,"8","","8",0,"8","","",.0,"8",.0,"8",.0,"8",.0,"8",.0,"8",.0,"8",.0,"8",.0,"8",.0,"8",0,"8",0,"8",0,"8","","",0,"8",0,"8"
"352190360","P£OCK","2006","08","24","09","4","",0,"8",0,"8","","","",7,"",0,"8",0,"8",7,"",280,"",6,"",0,"",17.3,"",.0,"8","U","",15.2,"",77,"",13.2,"",997.7,"",1010.5,"",3,.4,"",.0,"8",0,"8","01","2","5","","2","","","3","","","/","","",0,"8",.0,"8",.0,"8","","8",0,"8","","",.0,"8",.0,"8",.0,"8",.0,"8",.0,"8",.0,"8",.0,"8",.0,"8",.0,"8",0,"8",0,"8",0,"8","","",0,"8",0,"8"
"352190360","P£OCK","2006","08","24","10","4","",0,"8",0,"8","","","",8,"",0,"8",0,"8",8,"",280,"",6,"",0,"",17.6,"",.0,"8","U","",14.7,"",73,"",12.7,"",997.8,"",1010.6,"",1,.5,"",.0,"8",0,"8","03","2","6","","2","","","3","","","/","","",0,"8",.0,"8",.0,"8","","8",0,"8","","",.0,"8",.0,"8",.0,"8",.0,"8",.0,"8",.0,"8",.0,"8",.0,"8",.0,"8",0,"8",0,"8",0,"8","","",0,"8",0,"8"
"352190360","P£OCK","2006","08","24","11","5","",0,"8",0,"8","","","",8,"",0,"8",0,"8",7,"",270,"",5,"",0,"",18.5,"",.0,"8","U","",14.9,"",70,"",12.9,"",997.7,"",1010.5,"",0,.1,"",.0,"8",0,"8","25","2","4","","3","","","3","","","1","","",0,"8",.0,"8",.0,"8","","8",0,"8","","",.0,"8",.0,"8",.0,"8",.0,"8",.0,"8",.0,"8",.0,"8",.0,"8",.0,"8",0,"8",0,"8",0,"8","","",0,"8",0,"8"
"352190360","P£OCK","2006","08","24","12","6","",0,"8",0,"8","","","",8,"",0,"8",0,"8",4,"",270,"",5,"",0,"",21.0,"",.0,"8","U","",13.6,"",55,"",11.6,"",997.3,"",1010.0,"",8,-.4,"",.0,"",6,"","01","8","2","","2","","","3","","","1","","",0,"",.0,"8",.0,"8","","8",0,"8","","",.0,"8",.0,"8",.0,"8",.0,"8",.0,"8",.0,"8",.0,"8",.0,"8",.0,"8",0,"8",0,"8",0,"8","","",0,"8",0,"8"
"352190360","P£OCK","2006","08","24","13","6","",0,"8",0,"8","","","",8,"",0,"8",0,"8",4,"",270,"",4,"",0,"",21.0,"",.0,"8","U","",12.7,"",51,"",10.5,"",997.0,"",1009.7,"",7,-.8,"",.0,"8",0,"8","02","0","2","","2","","","3","","","1","","",0,"8",.0,"8",.0,"8","","8",0,"8","","",.0,"8",.0,"8",.0,"8",.0,"8",.0,"8",.0,"8",.0,"8",.0,"8",.0,"8",0,"8",0,"8",0,"8","","",0,"8",0,"8"
"352190360","P£OCK","2006","08","24","14","6","",0,"8",0,"8","","","",8,"",0,"8",0,"8",4,"",270,"",6,"",0,"",21.6,"",.0,"8","U","",11.8,"",46,"",9.5,"",997.0,"",1009.6,"",6,-.7,"",.0,"8",0,"8","01","0","2","","2","","","3","","","1","","",0,"8",.0,"8",.0,"8","","8",0,"8","","",.0,"8",.0,"8",.0,"8",.0,"8",.0,"8",.0,"8",.0,"8",.0,"8",.0,"8",0,"8",0,"8",0,"8","","",0,"8",0,"8"
"352190360","P£OCK","2006","08","24","15","6","",0,"8",0,"8","","","",8,"",0,"8",0,"8",5,"",290,"",5,"",0,"",21.1,"",.0,"8","U","",12.2,"",49,"",10.0,"",996.8,"",1009.5,"",7,-.5,"",.0,"8",0,"8","03","1","3","","9","","","3","","","1","","",0,"8",.0,"8",.0,"8","","8",0,"8","","",.0,"8",.0,"8",.0,"8",.0,"8",.0,"8",.0,"8",.0,"8",.0,"8",.0,"8",0,"8",0,"8",0,"8","","",0,"8",0,"8"
"352190360","P£OCK","2006","08","24","16","7","",0,"8",0,"8","","","",8,"",0,"8",0,"8",6,"",300,"",4,"",0,"",20.5,"",.0,"8","U","",12.3,"",51,"",10.0,"",996.8,"",1009.5,"",6,-.2,"",.0,"8",0,"8","01","2","5","","5","","","3","","","1","","",0,"8",.0,"8",.0,"8","","8",0,"8","","",.0,"8",.0,"8",.0,"8",.0,"8",.0,"8",.0,"8",.0,"8",.0,"8",.0,"8",0,"8",0,"8",0,"8","","",0,"8",0,"8"
"352190360","P£OCK","2006","08","24","17","9","",0,"8",0,"8","","","",8,"",0,"8",0,"8",4,"",300,"",2,"",0,"",19.9,"",.0,"8","U","",13.0,"",56,"",10.9,"",996.6,"",1009.3,"",7,-.4,"",.0,"8",0,"8","01","1","3","","0","","","3","","","1","","",0,"8",.0,"8",.0,"8","","8",0,"8","","",.0,"8",.0,"8",.0,"8",.0,"8",.0,"8",.0,"8",.0,"8",.0,"8",.0,"8",0,"8",0,"8",0,"8","","",0,"8",0,"8"
"352190360","P£OCK","2006","08","24","18","9","",0,"8",0,"8","","","",8,"",0,"8",0,"8",6,"",300,"",2,"",0,"",18.6,"",.0,"8","U","",13.5,"",63,"",11.4,"",996.7,"",1009.5,"",5,-.1,"",.0,"9",0,"9","03","1","5","","0","","","3","","","1","","",0,"",.0,"8",.0,"8","","8",0,"8","","",.0,"8",.0,"8",.0,"8",.0,"8",.0,"8",.0,"8",.0,"8",.0,"8",.0,"8",0,"8",0,"8",0,"8","","",0,"8",0,"8"
"352190360","P£OCK","2006","08","24","19","9","",0,"8",0,"8","","","",8,"",0,"8",0,"8",2,"",0,"",0,"",0,"",15.8,"",.0,"8","U","",13.4,"",75,"",11.4,"",996.9,"",1009.8,"",3,.1,"",.0,"8",0,"8","01","1","2","","0","","","3","","","0","","",0,"8",.0,"8",.0,"8","","8",0,"8","","",.0,"8",.0,"8",.0,"8",.0,"8",.0,"8",.0,"8",.0,"8",.0,"8",.0,"8",0,"8",0,"8",0,"8","","",0,"8",0,"8"
"352190360","P£OCK","2006","08","24","20","9","",0,"8",0,"8","","","",7,"",0,"8",0,"8",0,"",0,"",0,"",0,"",14.8,"",.0,"8","U","",13.3,"",79,"",11.2,"",997.2,"",1010.1,"",3,.6,"",.0,"8",0,"8","01","0","0","","0","","","0","","","0","","",0,"8",.0,"8",.0,"8","","8",0,"8","","",.0,"8",.0,"8",.0,"8",.0,"8",.0,"8",.0,"8",.0,"8",.0,"8",.0,"8",0,"8",0,"8",0,"8","","",0,"8",0,"8"
"352190360","P£OCK","2006","08","24","21","9","",0,"8",0,"8","","","",7,"",0,"8",0,"8",0,"",0,"",0,"",0,"",14.1,"",.0,"8","U","",13.3,"",83,"",11.3,"",997.0,"",1010.0,"",0,.3,"",.0,"8",0,"8","02","1","0","","0","","","0","","","0","","",0,"8",.0,"8",.0,"8","","8",0,"8","","",.0,"8",.0,"8",.0,"8",.0,"8",.0,"8",.0,"8",.0,"8",.0,"8",.0,"8",0,"8",0,"8",0,"8","","",0,"8",0,"8"
"352190360","P£OCK","2006","08","24","22","9","",0,"8",0,"8","","","",7,"",0,"8",0,"8",0,"",0,"",0,"",0,"",12.6,"",.0,"8","U","",12.8,"",88,"",10.7,"",997.3,"",1010.4,"",2,.4,"",.0,"8",0,"8","02","0","0","","0","","","0","","","0","","",0,"8",.0,"8",.0,"8","","8",0,"8","","",.0,"8",.0,"8",.0,"8",.0,"8",.0,"8",.0,"8",.0,"8",.0,"8",.0,"8",0,"8",0,"8",0,"8","","",0,"8",0,"8"
"352190360","P£OCK","2006","08","24","23","9","",0,"8",0,"8","","","",6,"",0,"8",0,"8",0,"",0,"",0,"",0,"",12.0,"",.0,"8","U","",12.5,"",89,"",10.2,"",997.1,"",1010.2,"",7,-.1,"",.0,"8",0,"8","10","0","0","","0","","","0","","","0","","",0,"8",.0,"8",.0,"8","","8",0,"8","","",.0,"8",.0,"8",.0,"8",.0,"8",.0,"8",.0,"8",.0,"8",.0,"8",.0,"8",0,"8",0,"8",0,"8","","",0,"8",0,"8"
"352190360","P£OCK","2006","08","25","00","9","",0,"8",0,"8","","","",6,"",0,"8",0,"8",0,"",0,"",0,"",0,"",11.2,"",.0,"8","U","",12.1,"",91,"",9.8,"",997.1,"",1010.2,"",1,.1,"",.0,"9",0,"9","10","1","0","","0","","","0","","","0","","",0,"",.0,"8",.0,"8","","8",0,"8","","",.0,"8",.0,"8",.0,"8",.0,"8",.0,"8",.0,"8",.0,"8",.0,"8",.0,"8",0,"8",0,"8",0,"8","","",0,"8",0,"8"
"352190360","P£OCK","2006","08","25","01","9","",0,"8",0,"8","","","",6,"",0,"8",0,"8",0,"",0,"",0,"",0,"",10.6,"",.0,"8","U","",11.7,"",92,"",9.4,"",996.9,"",1010.0,"",7,-.4,"",.0,"8",0,"8","10","0","0","","0","","","0","","","0","","",0,"8",.0,"8",.0,"8","","8",0,"8","","",.0,"8",.0,"8",.0,"8",.0,"8",.0,"8",.0,"8",.0,"8",.0,"8",.0,"8",0,"8",0,"8",0,"8","","",0,"8",0,"8"
"352190360","P£OCK","2006","08","25","02","9","",0,"8",0,"8","","","",6,"",0,"8",0,"8",0,"",0,"",0,"",0,"",10.4,"",.0,"8","U","",11.7,"",93,"",9.3,"",996.7,"",1009.8,"",8,-.4,"",.0,"8",0,"8","10","0","0","","0","","","0","","","0","","",0,"8",.0,"8",.0,"8","","8",0,"8","","",.0,"8",.0,"8",.0,"8",.0,"8",.0,"8",.0,"8",.0,"8",.0,"8",.0,"8",0,"8",0,"8",0,"8","","",0,"8",0,"8"
"352190360","P£OCK","2006","08","25","03","9","",0,"8",0,"8","","","",6,"",0,"8",0,"8",1,"",100,"",1,"",0,"",9.8,"",.0,"8","U","",11.3,"",93,"",8.7,"",996.7,"",1009.9,"",6,-.4,"",.0,"8",0,"8","10","0","1","","0","","","3","","","0","","",0,"8",.0,"8",.0,"8","","8",0,"8","","",.0,"8",.0,"8",.0,"8",.0,"8",.0,"8",.0,"8",.0,"8",.0,"8",.0,"8",0,"8",0,"8",0,"8","","",0,"8",0,"8"
"352190360","P£OCK","2006","08","25","04","9","",0,"8",0,"8","","","",5,"",0,"8",0,"8",1,"",0,"",0,"",0,"",9.7,"",.0,"8","U","",11.3,"",94,"",8.8,"",996.5,"",1009.7,"",7,-.4,"",.0,"8",0,"8","10","0","0","","0","","","0","","","1","","",0,"8",.0,"8",.0,"8","","8",0,"8","","",.0,"8",.0,"8",.0,"8",.0,"8",.0,"8",.0,"8",.0,"8",.0,"8",.0,"8",0,"8",0,"8",0,"8","","",0,"8",0,"8"
"352190360","P£OCK","2006","08","25","05","9","",0,"8",0,"8","","","",5,"",0,"8",0,"8",0,"",0,"",0,"",0,"",11.0,"",.0,"8","U","",12.4,"",95,"",10.2,"",996.4,"",1009.5,"",8,-.3,"",.0,"8",0,"8","10","0","0","","0","","","0","","","0","","",0,"8",.0,"8",.0,"8","","8",0,"8","","",.0,"8",.0,"8",.0,"8",.0,"8",.0,"8",.0,"8",.0,"8",.0,"8",.0,"8",0,"8",0,"8",0,"8","","",0,"8",0,"8"
"352190360","P£OCK","2006","08","25","06","9","",0,"8",0,"8","","","",6,"",0,"8",0,"8",1,"",110,"",1,"",0,"",15.2,"",.0,"8","U","",14.8,"",86,"",12.9,"",996.3,"",1009.2,"",7,-.4,"",.0,"9",0,"9","10","0","0","","0","","","0","","","1","","",0,"",.0,"8",.0,"8","","8",0,"8","","",.0,"8",.0,"8",.0,"8",.0,"8",.0,"8",.0,"8",.0,"8",.0,"8",.0,"8",0,"8",0,"8",0,"8","","",0,"8",0,"8"
"352190360","P£OCK","2006","08","25","07","9","",0,"8",0,"8","","","",7,"",0,"8",0,"8",1,"",100,"",1,"",0,"",17.7,"",.0,"8","U","",14.1,"",70,"",12.2,"",996.1,"",1008.9,"",7,-.4,"",.0,"8",0,"8","02","0","0","","0","","","0","","","1","","",0,"8",.0,"8",.0,"8","","8",0,"8","","",.0,"8",.0,"8",.0,"8",.0,"8",.0,"8",.0,"8",.0,"8",.0,"8",.0,"8",0,"8",0,"8",0,"8","","",0,"8",0,"8"
"352190360","P£OCK","2006","08","25","08","9","",0,"8",0,"8","","","",8,"",0,"8",0,"8",1,"",170,"",1,"",0,"",19.8,"",.0,"8","U","",12.2,"",53,"",9.9,"",996.1,"",1008.8,"",6,-.3,"",.0,"8",0,"8","02","0","0","","0","","","0","","","1","","",0,"8",.0,"8",.0,"8","","8",0,"8","","",.0,"8",.0,"8",.0,"8",.0,"8",.0,"8",.0,"8",.0,"8",.0,"8",.0,"8",0,"8",0,"8",0,"8","","",0,"8",0,"8"
"352190360","P£OCK","2006","08","25","09","6","",0,"8",0,"8","","","",8,"",0,"8",0,"8",2,"",150,"",2,"",0,"",21.0,"",.0,"8","U","",12.2,"",49,"",9.9,"",995.8,"",1008.5,"",7,-.5,"",.0,"8",0,"8","03","0","1","","1","","","0","","","1","","",0,"8",.0,"8",.0,"8","","8",0,"8","","",.0,"8",.0,"8",.0,"8",.0,"8",.0,"8",.0,"8",.0,"8",.0,"8",.0,"8",0,"8",0,"8",0,"8","","",0,"8",0,"8"
"352190360","P£OCK","2006","08","25","10","7","",0,"8",0,"8","","","",8,"",0,"8",0,"8",3,"",190,"",1,"",0,"",21.9,"",.0,"8","U","",11.8,"",45,"",9.4,"",995.8,"",1008.4,"",6,-.3,"",.0,"8",0,"8","03","0","2","","2","","","0","","","1","","",0,"8",.0,"8",.0,"8","","8",0,"8","","",.0,"8",.0,"8",.0,"8",.0,"8",.0,"8",.0,"8",.0,"8",.0,"8",.0,"8",0,"8",0,"8",0,"8","","",0,"8",0,"8"
"352190360","P£OCK","2006","08","25","11","7","",0,"8",0,"8","","","",8,"",0,"8",0,"8",4,"",180,"",2,"",0,"",22.7,"",.0,"8","U","",12.1,"",44,"",9.8,"",995.6,"",1008.2,"",7,-.5,"",.0,"8",0,"8","03","0","3","","2","","","0","","","1","","",0,"8",.0,"8",.0,"8","","8",0,"8","","",.0,"8",.0,"8",.0,"8",.0,"8",.0,"8",.0,"8",.0,"8",.0,"8",.0,"8",0,"8",0,"8",0,"8","","",0,"8",0,"8"
"352190360","P£OCK","2006","08","25","12","7","",0,"8",0,"8","","","",8,"",0,"8",0,"8",4,"",130,"",2,"",0,"",22.6,"",.0,"8","U","",12.6,"",46,"",10.4,"",995.2,"",1007.8,"",8,-.6,"",.0,"9",0,"9","03","0","3","","2","","","3","","","1","","",0,"",.0,"8",.0,"8","","8",0,"8","","",.0,"8",.0,"8",.0,"8",.0,"8",.0,"8",.0,"8",.0,"8",.0,"8",.0,"8",0,"8",0,"8",0,"8","","",0,"8",0,"8"
"352190360","P£OCK","2006","08","25","13","6","",0,"8",0,"8","","","",8,"",0,"8",0,"8",4,"",150,"",3,"",0,"",23.3,"",.0,"8","U","",12.3,"",43,"",10.0,"",994.7,"",1007.2,"",8,-1.1,"",.0,"8",0,"8","03","0","4","","3","","","0","","","1","","",0,"8",.0,"8",.0,"8","","8",0,"8","","",.0,"8",.0,"8",.0,"8",.0,"8",.0,"8",.0,"8",.0,"8",.0,"8",.0,"8",0,"8",0,"8",0,"8","","",0,"8",0,"8"
"352190360","P£OCK","2006","08","25","14","6","",0,"8",0,"8","","","",8,"",0,"8",0,"8",6,"",130,"",3,"",0,"",23.2,"",.0,"8","U","",12.2,"",43,"",9.9,"",994.2,"",1006.7,"",7,-1.4,"",.0,"8",0,"8","03","1","5","","9","","","0","","","1","","",0,"8",.0,"8",.0,"8","","8",0,"8","","",.0,"8",.0,"8",.0,"8",.0,"8",.0,"8",.0,"8",.0,"8",.0,"8",.0,"8",0,"8",0,"8",0,"8","","",0,"8",0,"8"
"352190360","P£OCK","2006","08","25","15","6","",0,"8",0,"8","","","",8,"",0,"8",0,"8",8,"",100,"",3,"",0,"",21.9,"",.0,"8","U","",13.6,"",52,"",11.6,"",994.1,"",1006.7,"",6,-1.1,"",.0,"8",0,"8","03","1","6","","9","","","3","","","/","","",0,"8",.0,"8",.0,"8","","8",0,"8","","",.0,"8",.0,"8",.0,"8",.0,"8",.0,"8",.0,"8",.0,"8",.0,"8",.0,"8",0,"8",0,"8",0,"8","","",0,"8",0,"8"
"352190360","P£OCK","2006","08","25","16","5","",0,"8",0,"8","","","",7,"",0,"8",0,"8",8,"",200,"",2,"",0,"",17.7,"",.0,"8","U","",17.0,"",84,"",15.0,"",994.7,"",1007.5,"",5,.0,"",.0,"8",0,"8","80","8","8","","9","","","/","","","/","","",0,"8",.0,"8",.0,"8","","8",0,"8","","",.0,"8",.0,"8",.0,"8",.0,"8",.0,"8",.0,"8",.0,"8",.0,"8",.0,"8",0,"8",0,"8",0,"8","","",0,"8",0,"8"
"352190360","P£OCK","2006","08","25","17","5","",0,"8",0,"8","","","",7,"",0,"8",0,"8",8,"",30,"",2,"",0,"",17.5,"",.0,"8","U","",17.4,"",87,"",15.3,"",994.3,"",1007.1,"",0,.1,"",.0,"8",0,"8","25","8","8","","9","","","/","","","/","","",0,"8",.0,"8",.0,"8","","8",0,"8","","",.0,"8",.0,"8",.0,"8",.0,"8",.0,"8",.0,"8",.0,"8",.0,"8",.0,"8",0,"8",0,"8",0,"8","","",0,"8",0,"8"
"352190360","P£OCK","2006","08","25","18","6","",0,"8",0,"8","","","",6,"",0,"8",0,"8",8,"",120,"",1,"",0,"",17.3,"",.0,"8","U","",17.7,"",90,"",15.6,"",994.4,"",1007.2,"",2,.3,"",2.1,"",6,"","10","8","5","","5","","","3","","","/","","",1,"",.0,"8",.0,"8","","8",0,"8","","",.0,"8",.0,"8",.0,"8",.0,"8",.0,"8",.0,"8",.0,"8",.0,"8",.0,"8",0,"8",0,"8",0,"8","","",0,"8",0,"8"
"352190360","P£OCK","2006","08","25","19","6","",0,"8",0,"8","","","",6,"",0,"8",0,"8",8,"",120,"",3,"",0,"",17.2,"",.0,"8","U","",16.4,"",84,"",14.5,"",994.5,"",1007.3,"",5,-.2,"",.0,"8",0,"8","25","8","4","","9","","","3","","","/","","",0,"8",.0,"8",.0,"8","","8",0,"8","","",.0,"8",.0,"8",.0,"8",.0,"8",.0,"8",.0,"8",.0,"8",.0,"8",.0,"8",0,"8",0,"8",0,"8","","",0,"8",0,"8"
"352190360","P£OCK","2006","08","25","20","6","",0,"8",0,"8","","","",6,"",0,"8",0,"8",8,"",130,"",2,"",0,"",16.6,"",.0,"8","U","",16.4,"",87,"",14.4,"",994.4,"",1007.2,"",0,.1,"",.0,"8",0,"8","80","2","5","","9","","","3","","","/","","",0,"8",.0,"8",.0,"8","","8",0,"8","","",.0,"8",.0,"8",.0,"8",.0,"8",.0,"8",.0,"8",.0,"8",.0,"8",.0,"8",0,"8",0,"8",0,"8","","",0,"8",0,"8"
"352190360","P£OCK","2006","08","25","21","6","",0,"8",0,"8","","","",6,"",0,"8",0,"8",8,"",140,"",2,"",0,"",16.2,"",.0,"8","U","",16.7,"",91,"",14.7,"",994.5,"",1007.4,"",2,.1,"",.0,"8",0,"8","25","2","4","","9","","","3","","","/","","",0,"8",.0,"8",.0,"8","","8",0,"8","","",.0,"8",.0,"8",.0,"8",.0,"8",.0,"8",.0,"8",.0,"8",.0,"8",.0,"8",0,"8",0,"8",0,"8","","",0,"8",0,"8"
"352190360","P£OCK","2006","08","25","22","3","",0,"8",0,"8","","","",6,"",0,"8",0,"8",8,"",140,"",2,"",0,"",16.2,"",.0,"8","U","",16.9,"",92,"",14.9,"",994.5,"",1007.4,"",4,.0,"",.0,"8",0,"8","10","2","6","","6","","","3","","","/","","",0,"8",.0,"8",.0,"8","","8",0,"8","","",.0,"8",.0,"8",.0,"8",.0,"8",.0,"8",.0,"8",.0,"8",.0,"8",.0,"8",0,"8",0,"8",0,"8","","",0,"8",0,"8"
"352190360","P£OCK","2006","08","25","23","2","",0,"8",0,"8","","","",5,"",0,"8",0,"8",8,"",150,"",2,"",0,"",16.3,"",.0,"8","U","",17.2,"",93,"",15.2,"",994.5,"",1007.3,"",1,.1,"",.0,"8",0,"8","61","6","6","","7","","","7","","","/","","",0,"8",.0,"8",.0,"8","","8",0,"8","","",.0,"8",.0,"8",.0,"8",.0,"8",.0,"8",.0,"8",.0,"8",.0,"8",.0,"8",0,"8",0,"8",0,"8","","",0,"8",0,"8"
"352190360","P£OCK","2006","08","26","00","2","",0,"8",0,"8","","","",5,"",0,"8",0,"8",8,"",180,"",2,"",0,"",16.4,"",.0,"8","U","",17.5,"",94,"",15.4,"",994.2,"",1007.0,"",8,-.3,"",.5,"",6,"","61","8","6","","7","","","2","","","/","","",2,"",.0,"8",.0,"8","","8",0,"8","","",.0,"8",.0,"8",.0,"8",.0,"8",.0,"8",.0,"8",.0,"8",.0,"8",.0,"8",0,"8",0,"8",0,"8","","",0,"8",0,"8"
"352190360","P£OCK","2006","08","26","01","2","",0,"8",0,"8","","","",5,"",0,"8",0,"8",8,"",200,"",2,"",0,"",16.2,"",.0,"8","U","",17.1,"",93,"",15.1,"",994.1,"",1006.9,"",8,-.4,"",.0,"8",0,"8","61","6","5","","7","","","2","","","/","","",0,"8",.0,"8",.0,"8","","8",0,"8","","",.0,"8",.0,"8",.0,"8",.0,"8",.0,"8",.0,"8",.0,"8",.0,"8",.0,"8",0,"8",0,"8",0,"8","","",0,"8",0,"8"
"352190360","P£OCK","2006","08","26","02","2","",0,"8",0,"8","","","",5,"",0,"8",0,"8",8,"",150,"",2,"",0,"",15.9,"",.0,"8","U","",16.8,"",93,"",14.8,"",993.8,"",1006.7,"",7,-.7,"",.0,"8",0,"8","61","6","5","","7","","","2","","","/","","",0,"8",.0,"8",.0,"8","","8",0,"8","","",.0,"8",.0,"8",.0,"8",.0,"8",.0,"8",.0,"8",.0,"8",.0,"8",.0,"8",0,"8",0,"8",0,"8","","",0,"8",0,"8"
"352190360","P£OCK","2006","08","26","03","2","",0,"8",0,"8","","","",4,"",0,"8",0,"8",8,"",180,"",2,"",0,"",16.0,"",.0,"8","U","",17.1,"",94,"",15.0,"",993.7,"",1006.6,"",7,-.5,"",.0,"8",0,"8","61","6","5","","7","","","2","","","/","","",0,"8",.0,"8",.0,"8","","8",0,"8","","",.0,"8",.0,"8",.0,"8",.0,"8",.0,"8",.0,"8",.0,"8",.0,"8",.0,"8",0,"8",0,"8",0,"8","","",0,"8",0,"8"
"352190360","P£OCK","2006","08","26","04","2","",0,"8",0,"8","","","",4,"",0,"8",0,"8",8,"",210,"",2,"",0,"",16.0,"",.0,"8","U","",17.1,"",94,"",15.0,"",993.6,"",1006.4,"",6,-.5,"",.0,"8",0,"8","61","6","5","","7","","","2","","","/","","",0,"8",.0,"8",.0,"8","","8",0,"8","","",.0,"8",.0,"8",.0,"8",.0,"8",.0,"8",.0,"8",.0,"8",.0,"8",.0,"8",0,"8",0,"8",0,"8","","",0,"8",0,"8"
"352190360","P£OCK","2006","08","26","05","2","",0,"8",0,"8","","","",4,"",0,"8",0,"8",8,"",210,"",2,"",0,"",16.0,"",.0,"8","U","",17.1,"",94,"",15.0,"",993.7,"",1006.6,"",5,-.1,"",.0,"8",0,"8","21","2","8","","5","","","/","","","/","","",0,"8",.0,"8",.0,"8","","8",0,"8","","",.0,"8",.0,"8",.0,"8",.0,"8",.0,"8",.0,"8",.0,"8",.0,"8",.0,"8",0,"8",0,"8",0,"8","","",0,"8",0,"8"
"352190360","P£OCK","2006","08","26","06","3","",0,"8",0,"8","","","",4,"",0,"8",0,"8",8,"",200,"",2,"",0,"",16.5,"",.0,"8","U","",17.4,"",93,"",15.4,"",993.8,"",1006.6,"",3,.1,"",1.0,"",6,"","10","6","8","","5","","","/","","","/","","",2,"",.0,"8",.0,"8","","8",0,"8","","",.0,"8",.0,"8",.0,"8",.0,"8",.0,"8",.0,"8",.0,"8",.0,"8",.0,"8",0,"8",0,"8",0,"8","","",0,"8",0,"8"
"352190360","P£OCK","2006","08","26","07","2","",0,"8",0,"8","","","",5,"",0,"8",0,"8",7,"",220,"",3,"",0,"",16.4,"",.0,"8","U","",17.1,"",92,"",15.1,"",993.8,"",1006.6,"",1,.2,"",.0,"8",0,"8","10","2","7","","5","","","/","","","/","","",0,"8",.0,"8",.0,"8","","8",0,"8","","",.0,"8",.0,"8",.0,"8",.0,"8",.0,"8",.0,"8",.0,"8",.0,"8",.0,"8",0,"8",0,"8",0,"8","","",0,"8",0,"8"
"352190360","P£OCK","2006","08","26","08","3","",0,"8",0,"8","","","",6,"",0,"8",0,"8",7,"",210,"",4,"",0,"",18.4,"",.0,"8","U","",17.9,"",85,"",15.8,"",993.9,"",1006.6,"",2,.2,"",.0,"8",0,"8","10","2","7","","5","","","/","","","/","","",0,"8",.0,"8",.0,"8","","8",0,"8","","",.0,"8",.0,"8",.0,"8",.0,"8",.0,"8",.0,"8",.0,"8",.0,"8",.0,"8",0,"8",0,"8",0,"8","","",0,"8",0,"8"
"352190360","P£OCK","2006","08","26","09","4","",0,"8",0,"8","","","",6,"",0,"8",0,"8",7,"",230,"",4,"",0,"",18.3,"",.0,"8","U","",16.2,"",77,"",14.2,"",994.1,"",1006.9,"",3,.3,"",.0,"8",0,"8","10","2","5","","3","","","3","","","1","","",0,"8",.0,"8",.0,"8","","8",0,"8","","",.0,"8",.0,"8",.0,"8",.0,"8",.0,"8",.0,"8",.0,"8",.0,"8",.0,"8",0,"8",0,"8",0,"8","","",0,"8",0,"8"
"352190360","P£OCK","2006","08","26","10","5","",0,"8",0,"8","","","",6,"",0,"8",0,"8",7,"",230,"",3,"",0,"",19.4,"",.0,"8","U","",16.0,"",71,"",14.0,"",994.1,"",1006.8,"",1,.3,"",.0,"8",0,"8","10","2","2","","3","","","3","","","6","","",0,"8",.0,"8",.0,"8","","8",0,"8","","",.0,"8",.0,"8",.0,"8",.0,"8",.0,"8",.0,"8",.0,"8",.0,"8",.0,"8",0,"8",0,"8",0,"8","","",0,"8",0,"8"
"352190360","P£OCK","2006","08","26","11","5","",0,"8",0,"8","","","",7,"",0,"8",0,"8",7,"",220,"",3,"",0,"",20.0,"",.0,"8","U","",15.2,"",65,"",13.2,"",994.1,"",1006.8,"",1,.2,"",.0,"8",0,"8","03","2","3","","3","","","0","","","6","","",0,"8",.0,"8",.0,"8","","8",0,"8","","",.0,"8",.0,"8",.0,"8",.0,"8",.0,"8",.0,"8",.0,"8",.0,"8",.0,"8",0,"8",0,"8",0,"8","","",0,"8",0,"8"
"352190360","P£OCK","2006","08","26","12","6","",0,"8",0,"8","","","",8,"",0,"8",0,"8",7,"",220,"",3,"",0,"",20.8,"",.0,"8","U","",14.9,"",61,"",13.0,"",993.8,"",1006.4,"",8,-.3,"",.0,"9",0,"9","03","2","5","","3","","","0","","","8","","",2,"",.0,"8",.0,"8","","8",0,"8","","",.0,"8",.0,"8",.0,"8",.0,"8",.0,"8",.0,"8",.0,"8",.0,"8",.0,"8",0,"8",0,"8",0,"8","","",0,"8",0,"8"
"352190360","P£OCK","2006","08","26","13","6","",0,"8",0,"8","","","",8,"",0,"8",0,"8",7,"",230,"",4,"",0,"",21.7,"",.0,"8","U","",14.8,"",57,"",12.8,"",993.8,"",1006.4,"",6,-.3,"",.0,"8",0,"8","01","2","4","","2","","","0","","","8","","",0,"8",.0,"8",.0,"8","","8",0,"8","","",.0,"8",.0,"8",.0,"8",.0,"8",.0,"8",.0,"8",.0,"8",.0,"8",.0,"8",0,"8",0,"8",0,"8","","",0,"8",0,"8"
"352190360","P£OCK","2006","08","26","14","6","",0,"8",0,"8","","","",8,"",0,"8",0,"8",7,"",230,"",4,"",0,"",21.3,"",.0,"8","U","",13.6,"",54,"",11.6,"",993.8,"",1006.4,"",6,-.3,"",.0,"8",0,"8","03","2","5","","3","","","0","","","8","","",0,"8",.0,"8",.0,"8","","8",0,"8","","",.0,"8",.0,"8",.0,"8",.0,"8",.0,"8",.0,"8",.0,"8",.0,"8",.0,"8",0,"8",0,"8",0,"8","","",0,"8",0,"8"
"352190360","P£OCK","2006","08","26","15","6","",0,"8",0,"8","","","",8,"",0,"8",0,"8",7,"",210,"",4,"",0,"",20.6,"",.0,"8","U","",14.5,"",60,"",12.6,"",993.7,"",1006.3,"",8,-.1,"",.0,"8",0,"8","02","2","5","","3","","","0","","","8","","",0,"8",.0,"8",.0,"8","","8",0,"8","","",.0,"8",.0,"8",.0,"8",.0,"8",.0,"8",.0,"8",.0,"8",.0,"8",.0,"8",0,"8",0,"8",0,"8","","",0,"8",0,"8"
"352190360","P£OCK","2006","08","26","16","6","",0,"8",0,"8","","","",8,"",0,"8",0,"8",6,"",230,"",4,"",0,"",19.9,"",.0,"8","U","",14.1,"",61,"",12.2,"",993.7,"",1006.4,"",6,-.1,"",.0,"8",0,"8","01","2","1","","2","","","3","","","8","","",0,"8",.0,"8",.0,"8","","8",0,"8","","",.0,"8",.0,"8",.0,"8",.0,"8",.0,"8",.0,"8",.0,"8",.0,"8",.0,"8",0,"8",0,"8",0,"8","","",0,"8",0,"8"
"352190360","P£OCK","2006","08","26","17","6","",0,"8",0,"8","","","",8,"",0,"8",0,"8",2,"",220,"",2,"",0,"",18.9,"",.0,"8","U","",13.7,"",63,"",11.7,"",994.0,"",1006.7,"",3,.2,"",.0,"8",0,"8","01","1","1","","2","","","3","","","1","","",0,"8",.0,"8",.0,"8","","8",0,"8","","",.0,"8",.0,"8",.0,"8",.0,"8",.0,"8",.0,"8",.0,"8",.0,"8",.0,"8",0,"8",0,"8",0,"8","","",0,"8",0,"8"
"352190360","P£OCK","2006","08","26","18","6","",0,"8",0,"8","","","",8,"",0,"8",0,"8",3,"",200,"",2,"",0,"",17.4,"",.0,"8","U","",14.3,"",72,"",12.3,"",994.5,"",1007.3,"",3,.8,"",.0,"9",0,"9","01","1","1","","4","","","3","","","1","","",1,"",.0,"8",.0,"8","","8",0,"8","","",.0,"8",.0,"8",.0,"8",.0,"8",.0,"8",.0,"8",.0,"8",.0,"8",.0,"8",0,"8",0,"8",0,"8","","",0,"8",0,"8"
"352190360","P£OCK","2006","08","26","19","6","",0,"8",0,"8","","","",8,"",0,"8",0,"8",2,"",200,"",2,"",0,"",16.5,"",.0,"8","U","",14.6,"",78,"",12.6,"",994.7,"",1007.5,"",2,1.0,"",.0,"8",0,"8","01","0","1","","5","","","3","","","0","","",0,"8",.0,"8",.0,"8","","8",0,"8","","",.0,"8",.0,"8",.0,"8",.0,"8",.0,"8",.0,"8",.0,"8",.0,"8",.0,"8",0,"8",0,"8",0,"8","","",0,"8",0,"8"
"352190360","P£OCK","2006","08","26","20","9","",0,"8",0,"8","","","",7,"",0,"8",0,"8",1,"",190,"",2,"",0,"",15.8,"",.0,"8","U","",14.3,"",80,"",12.4,"",994.7,"",1007.6,"",1,.7,"",.0,"8",0,"8","01","0","1","","0","","","3","","","0","","",0,"8",.0,"8",.0,"8","","8",0,"8","","",.0,"8",.0,"8",.0,"8",.0,"8",.0,"8",.0,"8",.0,"8",.0,"8",.0,"8",0,"8",0,"8",0,"8","","",0,"8",0,"8"
"352190360","P£OCK","2006","08","26","21","9","",0,"8",0,"8","","","",7,"",0,"8",0,"8",0,"",190,"",2,"",0,"",15.3,"",.0,"8","U","",14.1,"",81,"",12.1,"",994.8,"",1007.7,"",2,.3,"",.0,"8",0,"8","01","0","0","","0","","","0","","","0","","",0,"8",.0,"8",.0,"8","","8",0,"8","","",.0,"8",.0,"8",.0,"8",.0,"8",.0,"8",.0,"8",.0,"8",.0,"8",.0,"8",0,"8",0,"8",0,"8","","",0,"8",0,"8"
"352190360","P£OCK","2006","08","26","22","9","",0,"8",0,"8","","","",7,"",0,"8",0,"8",0,"",190,"",1,"",0,"",13.7,"",.0,"8","U","",13.5,"",86,"",11.4,"",994.7,"",1007.7,"",0,.0,"",.0,"8",0,"8","02","0","0","","0","","","0","","","0","","",0,"8",.0,"8",.0,"8","","8",0,"8","","",.0,"8",.0,"8",.0,"8",.0,"8",.0,"8",.0,"8",.0,"8",.0,"8",.0,"8",0,"8",0,"8",0,"8","","",0,"8",0,"8"
"352190360","P£OCK","2006","08","26","23","9","",0,"8",0,"8","","","",7,"",0,"8",0,"8",0,"",210,"",2,"",0,"",14.0,"",.0,"8","U","",13.2,"",83,"",11.2,"",994.5,"",1007.5,"",8,-.2,"",.0,"8",0,"8","02","0","0","","0","","","0","","","0","","",0,"8",.0,"8",.0,"8","","8",0,"8","","",.0,"8",.0,"8",.0,"8",.0,"8",.0,"8",.0,"8",.0,"8",.0,"8",.0,"8",0,"8",0,"8",0,"8","","",0,"8",0,"8"
"352190360","P£OCK","2006","08","27","00","9","",0,"8",0,"8","","","",7,"",0,"8",0,"8",0,"",150,"",1,"",0,"",13.5,"",.0,"8","U","",13.0,"",84,"",10.8,"",994.7,"",1007.7,"",5,-.1,"",.0,"9",0,"9","02","0","0","","0","","","0","","","0","","",1,"",.0,"8",.0,"8","","8",0,"8","","",.0,"8",.0,"8",.0,"8",.0,"8",.0,"8",.0,"8",.0,"8",.0,"8",.0,"8",0,"8",0,"8",0,"8","","",0,"8",0,"8"
"352190360","P£OCK","2006","08","27","01","9","",0,"8",0,"8","","","",7,"",0,"8",0,"8",0,"",0,"",0,"",0,"",12.6,"",.0,"8","U","",13.1,"",90,"",11.0,"",994.5,"",1007.5,"",7,-.2,"",.0,"8",0,"8","02","0","0","","0","","","0","","","0","","",0,"8",.0,"8",.0,"8","","8",0,"8","","",.0,"8",.0,"8",.0,"8",.0,"8",.0,"8",.0,"8",.0,"8",.0,"8",.0,"8",0,"8",0,"8",0,"8","","",0,"8",0,"8"
"352190360","P£OCK","2006","08","27","02","9","",0,"8",0,"8","","","",7,"",0,"8",0,"8",0,"",180,"",1,"",0,"",12.5,"",.0,"8","U","",12.7,"",88,"",10.6,"",994.6,"",1007.6,"",2,.1,"",.0,"8",0,"8","02","0","0","","0","","","0","","","0","","",0,"8",.0,"8",.0,"8","","8",0,"8","","",.0,"8",.0,"8",.0,"8",.0,"8",.0,"8",.0,"8",.0,"8",.0,"8",.0,"8",0,"8",0,"8",0,"8","","",0,"8",0,"8"
"352190360","P£OCK","2006","08","27","03","9","",0,"8",0,"8","","","",6,"",0,"8",0,"8",1,"",180,"",2,"",0,"",12.2,"",.0,"8","U","",13.1,"",92,"",10.9,"",994.7,"",1007.7,"",5,.0,"",.0,"8",0,"8","10","0","1","","0","","","3","","","0","","",0,"8",.0,"8",.0,"8","","8",0,"8","","",.0,"8",.0,"8",.0,"8",.0,"8",.0,"8",.0,"8",.0,"8",.0,"8",.0,"8",0,"8",0,"8",0,"8","","",0,"8",0,"8"
"352190360","P£OCK","2006","08","27","04","9","",0,"8",0,"8","","","",6,"",0,"8",0,"8",1,"",220,"",2,"",0,"",12.1,"",.0,"8","U","",13.0,"",92,"",10.8,"",994.6,"",1007.6,"",0,.1,"",.0,"8",0,"8","10","0","1","","0","","","3","","","0","","",0,"8",.0,"8",.0,"8","","8",0,"8","","",.0,"8",.0,"8",.0,"8",.0,"8",.0,"8",.0,"8",.0,"8",.0,"8",.0,"8",0,"8",0,"8",0,"8","","",0,"8",0,"8"
"352190360","P£OCK","2006","08","27","05","9","",0,"8",0,"8","","","",6,"",0,"8",0,"8",1,"",230,"",1,"",0,"",12.7,"",.0,"8","U","",13.5,"",92,"",11.4,"",994.6,"",1007.6,"",4,.0,"",.0,"8",0,"8","10","0","0","","0","","","0","","","1","","",0,"8",.0,"8",.0,"8","","8",0,"8","","",.0,"8",.0,"8",.0,"8",.0,"8",.0,"8",.0,"8",.0,"8",.0,"8",.0,"8",0,"8",0,"8",0,"8","","",0,"8",0,"8"
"352190360","P£OCK","2006","08","27","06","9","",0,"8",0,"8","","","",7,"",0,"8",0,"8",1,"",200,"",2,"",0,"",14.1,"",.0,"8","U","",14.3,"",89,"",12.3,"",994.7,"",1007.6,"",5,.0,"",.0,"9",0,"9","02","0","0","","0","","","0","","","1","","",1,"",.0,"8",.0,"8","","8",0,"8","","",.0,"8",.0,"8",.0,"8",.0,"8",.0,"8",.0,"8",.0,"8",.0,"8",.0,"8",0,"8",0,"8",0,"8","","",0,"8",0,"8"
"352190360","P£OCK","2006","08","27","07","5","",0,"8",0,"8","","","",7,"",0,"8",0,"8",7,"",180,"",3,"",0,"",14.9,"",.0,"8","U","",14.2,"",84,"",12.2,"",995.0,"",1007.9,"",3,.4,"",.0,"8",0,"8","03","1","1","","5","","","5","","","1","","",0,"8",.0,"8",.0,"8","","8",0,"8","","",.0,"8",.0,"8",.0,"8",.0,"8",.0,"8",.0,"8",.0,"8",.0,"8",.0,"8",0,"8",0,"8",0,"8","","",0,"8",0,"8"
"352190360","P£OCK","2006","08","27","08","5","",0,"8",0,"8","","","",7,"",0,"8",0,"8",6,"",220,"",3,"",0,"",16.5,"",.0,"8","U","",14.8,"",79,"",12.8,"",994.9,"",1007.7,"",0,.3,"",.0,"8",0,"8","01","2","1","","5","","","3","","","1","","",0,"8",.0,"8",.0,"8","","8",0,"8","","",.0,"8",.0,"8",.0,"8",.0,"8",.0,"8",.0,"8",.0,"8",.0,"8",.0,"8",0,"8",0,"8",0,"8","","",0,"8",0,"8"
"352190360","P£OCK","2006","08","27","09","6","",0,"8",0,"8","","","",8,"",0,"8",0,"8",3,"",220,"",4,"",0,"",18.8,"",.0,"8","U","",13.9,"",64,"",11.8,"",994.8,"",1007.5,"",0,.1,"",.0,"8",0,"8","03","1","2","","2","","","0","","","1","","",0,"8",.0,"8",.0,"8","","8",0,"8","","",.0,"8",.0,"8",.0,"8",.0,"8",.0,"8",.0,"8",.0,"8",.0,"8",.0,"8",0,"8",0,"8",0,"8","","",0,"8",0,"8"
"352190360","P£OCK","2006","08","27","10","6","",0,"8",0,"8","","","",8,"",0,"8",0,"8",7,"",220,"",4,"",0,"",18.9,"",.0,"8","U","",14.2,"",65,"",12.2,"",994.9,"",1007.6,"",5,-.1,"",.0,"8",0,"8","03","1","3","","2","","","5","","","/","","",0,"8",.0,"8",.0,"8","","8",0,"8","","",.0,"8",.0,"8",.0,"8",.0,"8",.0,"8",.0,"8",.0,"8",.0,"8",.0,"8",0,"8",0,"8",0,"8","","",0,"8",0,"8"
"352190360","P£OCK","2006","08","27","11","6","",0,"8",0,"8","","","",8,"",0,"8",0,"8",6,"",230,"",4,"",0,"",18.7,"",.0,"8","U","",13.6,"",63,"",11.5,"",994.9,"",1007.6,"",4,.0,"",.0,"8",0,"8","01","2","3","","2","","","3","","","0","","",0,"8",.0,"8",.0,"8","","8",0,"8","","",.0,"8",.0,"8",.0,"8",.0,"8",.0,"8",.0,"8",.0,"8",.0,"8",.0,"8",0,"8",0,"8",0,"8","","",0,"8",0,"8"
"352190360","P£OCK","2006","08","27","12","6","",0,"8",0,"8","","","",8,"",0,"8",0,"8",5,"",240,"",3,"",0,"",19.7,"",.0,"8","U","",14.0,"",61,"",12.0,"",994.8,"",1007.5,"",0,.0,"",.0,"9",0,"9","01","1","3","","2","","","3","","","0","","",1,"",.0,"8",.0,"8","","8",0,"8","","",.0,"8",.0,"8",.0,"8",.0,"8",.0,"8",.0,"8",.0,"8",.0,"8",.0,"8",0,"8",0,"8",0,"8","","",0,"8",0,"8"
"352190360","P£OCK","2006","08","27","13","6","",0,"8",0,"8","","","",8,"",0,"8",0,"8",6,"",230,"",4,"",0,"",20.6,"",.0,"8","U","",13.6,"",56,"",11.5,"",994.8,"",1007.5,"",6,-.1,"",.0,"8",0,"8","03","2","3","","2","","","3","","","2","","",0,"8",.0,"8",.0,"8","","8",0,"8","","",.0,"8",.0,"8",.0,"8",.0,"8",.0,"8",.0,"8",.0,"8",.0,"8",.0,"8",0,"8",0,"8",0,"8","","",0,"8",0,"8"
"352190360","P£OCK","2006","08","27","14","6","",0,"8",0,"8","","","",8,"",0,"8",0,"8",5,"",220,"",4,"",0,"",20.4,"",.0,"8","U","",13.9,"",58,"",11.9,"",994.7,"",1007.4,"",7,-.2,"",.0,"8",0,"8","03","2","2","","3","","","3","","","1","","",0,"8",.0,"8",.0,"8","","8",0,"8","","",.0,"8",.0,"8",.0,"8",.0,"8",.0,"8",.0,"8",.0,"8",.0,"8",.0,"8",0,"8",0,"8",0,"8","","",0,"8",0,"8"
"352190360","P£OCK","2006","08","27","15","6","",0,"8",0,"8","","","",8,"",0,"8",0,"8",7,"",210,"",4,"",0,"",18.6,"",.0,"8","U","",13.7,"",64,"",11.7,"",994.8,"",1007.5,"",5,.0,"",.0,"8",0,"8","80","2","3","","9","","","5","","","/","","",0,"8",.0,"8",.0,"8","","8",0,"8","","",.0,"8",.0,"8",.0,"8",.0,"8",.0,"8",.0,"8",.0,"8",.0,"8",.0,"8",0,"8",0,"8",0,"8","","",0,"8",0,"8"
"352190360","P£OCK","2006","08","27","16","6","",0,"8",0,"8","","","",8,"",0,"8",0,"8",5,"",230,"",3,"",0,"",18.6,"",.0,"8","U","",15.2,"",71,"",13.2,"",994.4,"",1007.1,"",7,-.4,"",.0,"8",0,"8","25","2","1","","9","","","3","","","1","","",0,"8",.0,"8",.0,"8","","8",0,"8","","",.0,"8",.0,"8",.0,"8",.0,"8",.0,"8",.0,"8",.0,"8",.0,"8",.0,"8",0,"8",0,"8",0,"8","","",0,"8",0,"8"
"352190360","P£OCK","2006","08","27","17","6","",0,"8",0,"8","","","",8,"",0,"8",0,"8",5,"",220,"",2,"",0,"",17.3,"",.0,"8","U","",14.8,"",75,"",12.8,"",994.2,"",1007.0,"",8,-.5,"",.0,"8",0,"8","02","2","1","","9","","","3","","","1","","",0,"8",.0,"8",.0,"8","","8",0,"8","","",.0,"8",.0,"8",.0,"8",.0,"8",.0,"8",.0,"8",.0,"8",.0,"8",.0,"8",0,"8",0,"8",0,"8","","",0,"8",0,"8"
"352190360","P£OCK","2006","08","27","18","7","",0,"8",0,"8","","","",8,"",0,"8",0,"8",7,"",200,"",2,"",0,"",16.7,"",.0,"8","U","",14.6,"",77,"",12.6,"",994.3,"",1007.1,"",5,-.5,"",.1,"",6,"","01","8","4","","5","","","3","","","1","","",1,"",.0,"8",.0,"8","","8",0,"8","","",.0,"8",.0,"8",.0,"8",.0,"8",.0,"8",.0,"8",.0,"8",.0,"8",.0,"8",0,"8",0,"8",0,"8","","",0,"8",0,"8"
"352190360","P£OCK","2006","08","27","19","7","",0,"8",0,"8","","","",7,"",0,"8",0,"8",2,"",200,"",2,"",0,"",15.5,"",.0,"8","U","",14.6,"",83,"",12.6,"",994.5,"",1007.4,"",3,.1,"",.0,"8",0,"8","25","1","1","","5","","","3","","","1","","",0,"8",.0,"8",.0,"8","","8",0,"8","","",.0,"8",.0,"8",.0,"8",.0,"8",.0,"8",.0,"8",.0,"8",.0,"8",.0,"8",0,"8",0,"8",0,"8","","",0,"8",0,"8"
"352190360","P£OCK","2006","08","27","20","6","",0,"8",0,"8","","","",7,"",0,"8",0,"8",2,"",210,"",2,"",0,"",14.6,"",.0,"8","U","",14.1,"",85,"",12.1,"",994.5,"",1007.4,"",1,.3,"",.0,"8",0,"8","02","0","1","","5","","","3","","","1","","",0,"8",.0,"8",.0,"8","","8",0,"8","","",.0,"8",.0,"8",.0,"8",.0,"8",.0,"8",.0,"8",.0,"8",.0,"8",.0,"8",0,"8",0,"8",0,"8","","",0,"8",0,"8"
"352190360","P£OCK","2006","08","27","21","6","",0,"8",0,"8","","","",7,"",0,"8",0,"8",3,"",220,"",2,"",0,"",13.9,"",.0,"8","U","",13.8,"",87,"",11.8,"",994.4,"",1007.4,"",0,.1,"",.0,"8",0,"8","03","8","2","","5","","","3","","","0","","",0,"8",.0,"8",.0,"8","","8",0,"8","","",.0,"8",.0,"8",.0,"8",.0,"8",.0,"8",.0,"8",.0,"8",.0,"8",.0,"8",0,"8",0,"8",0,"8","","",0,"8",0,"8"
"352190360","P£OCK","2006","08","27","22","6","",0,"8",0,"8","","","",7,"",0,"8",0,"8",5,"",220,"",2,"",0,"",13.6,"",.0,"8","U","",13.5,"",87,"",11.5,"",994.3,"",1007.3,"",8,-.2,"",.0,"8",0,"8","03","1","3","","5","","","3","","","0","","",0,"8",.0,"8",.0,"8","","8",0,"8","","",.0,"8",.0,"8",.0,"8",.0,"8",.0,"8",.0,"8",.0,"8",.0,"8",.0,"8",0,"8",0,"8",0,"8","","",0,"8",0,"8"
"352190360","P£OCK","2006","08","27","23","6","",0,"8",0,"8","","","",7,"",0,"8",0,"8",8,"",220,"",3,"",0,"",14.6,"",.0,"8","U","",14.1,"",85,"",12.1,"",994.4,"",1007.3,"",5,-.1,"",.0,"8",0,"8","80","2","8","","9","","","/","","","/","","",0,"8",.0,"8",.0,"8","","8",0,"8","","",.0,"8",.0,"8",.0,"8",.0,"8",.0,"8",.0,"8",.0,"8",.0,"8",.0,"8",0,"8",0,"8",0,"8","","",0,"8",0,"8"
"352190360","P£OCK","2006","08","28","00","6","",0,"8",0,"8","","","",7,"",0,"8",0,"8",5,"",220,"",3,"",0,"",13.7,"",.0,"8","U","",13.8,"",88,"",11.7,"",994.2,"",1007.2,"",7,-.2,"",.1,"",6,"","25","1","2","","9","","","3","","","1","","",1,"",.0,"8",.0,"8","","8",0,"8","","",.0,"8",.0,"8",.0,"8",.0,"8",.0,"8",.0,"8",.0,"8",.0,"8",.0,"8",0,"8",0,"8",0,"8","","",0,"8",0,"8"
"352190360","P£OCK","2006","08","28","01","9","",0,"8",0,"8","","","",6,"",0,"8",0,"8",2,"",210,"",2,"",0,"",13.0,"",.0,"8","U","",13.5,"",90,"",11.4,"",993.9,"",1006.9,"",8,-.4,"",.0,"8",0,"8","10","1","1","","0","","","3","","","1","","",0,"8",.0,"8",.0,"8","","8",0,"8","","",.0,"8",.0,"8",.0,"8",.0,"8",.0,"8",.0,"8",.0,"8",.0,"8",.0,"8",0,"8",0,"8",0,"8","","",0,"8",0,"8"
"352190360","P£OCK","2006","08","28","02","9","",0,"8",0,"8","","","",6,"",0,"8",0,"8",3,"",210,"",3,"",0,"",12.5,"",.0,"8","U","",13.3,"",92,"",11.2,"",993.9,"",1006.9,"",6,-.5,"",.0,"8",0,"8","10","0","1","","0","","","3","","","1","","",0,"8",.0,"8",.0,"8","","8",0,"8","","",.0,"8",.0,"8",.0,"8",.0,"8",.0,"8",.0,"8",.0,"8",.0,"8",.0,"8",0,"8",0,"8",0,"8","","",0,"8",0,"8"
"352190360","P£OCK","2006","08","28","03","9","",0,"8",0,"8","","","",6,"",0,"8",0,"8",3,"",210,"",3,"",0,"",12.8,"",.0,"8","U","",13.4,"",91,"",11.4,"",994.1,"",1007.1,"",5,-.1,"",.0,"8",0,"8","10","1","2","","0","","","3","","","1","","",0,"8",.0,"8",.0,"8","","8",0,"8","","",.0,"8",.0,"8",.0,"8",.0,"8",.0,"8",.0,"8",.0,"8",.0,"8",.0,"8",0,"8",0,"8",0,"8","","",0,"8",0,"8"
"352190360","P£OCK","2006","08","28","04","9","",0,"8",0,"8","","","",6,"",0,"8",0,"8",7,"",200,"",2,"",0,"",12.9,"",.0,"8","U","",13.7,"",92,"",11.6,"",993.8,"",1006.8,"",8,-.1,"",.0,"8",0,"8","10","1","7","","0","","","5","","","/","","",0,"8",.0,"8",.0,"8","","8",0,"8","","",.0,"8",.0,"8",.0,"8",.0,"8",.0,"8",.0,"8",.0,"8",.0,"8",.0,"8",0,"8",0,"8",0,"8","","",0,"8",0,"8"
"352190360","P£OCK","2006","08","28","05","9","",0,"8",0,"8","","","",6,"",0,"8",0,"8",7,"",210,"",3,"",0,"",13.1,"",.0,"8","U","",13.5,"",90,"",11.5,"",993.9,"",1006.9,"",4,.0,"",.0,"8",0,"8","10","2","7","","0","","","3","","","/","","",0,"8",.0,"8",.0,"8","","8",0,"8","","",.0,"8",.0,"8",.0,"8",.0,"8",.0,"8",.0,"8",.0,"8",.0,"8",.0,"8",0,"8",0,"8",0,"8","","",0,"8",0,"8"
"352190360","P£OCK","2006","08","28","06","4","",0,"8",0,"8","","","",6,"",0,"8",0,"8",7,"",230,"",4,"",0,"",13.9,"",.0,"8","U","",13.6,"",86,"",11.6,"",994.0,"",1006.9,"",5,-.1,"",.0,"9",0,"9","10","1","5","","5","","","3","","","/","","",1,"",.0,"8",.0,"8","","8",0,"8","","",.0,"8",.0,"8",.0,"8",.0,"8",.0,"8",.0,"8",.0,"8",.0,"8",.0,"8",0,"8",0,"8",0,"8","","",0,"8",0,"8"
"352190360","P£OCK","2006","08","28","07","3","",0,"8",0,"8","","","",6,"",0,"8",0,"8",8,"",260,"",4,"",0,"",14.4,"",.0,"8","U","",13.9,"",85,"",11.9,"",994.2,"",1007.1,"",2,.4,"",.0,"8",0,"8","10","2","8","","5","","","/","","","/","","",0,"8",.0,"8",.0,"8","","8",0,"8","","",.0,"8",.0,"8",.0,"8",.0,"8",.0,"8",.0,"8",.0,"8",.0,"8",.0,"8",0,"8",0,"8",0,"8","","",0,"8",0,"8"
"352190360","P£OCK","2006","08","28","08","4","",0,"8",0,"8","","","",6,"",0,"8",0,"8",7,"",260,"",4,"",0,"",14.1,"",.0,"8","U","",13.8,"",86,"",11.8,"",994.2,"",1007.1,"",1,.3,"",.0,"8",0,"8","10","2","7","","5","","","/","","","/","","",0,"8",.0,"8",.0,"8","","8",0,"8","","",.0,"8",.0,"8",.0,"8",.0,"8",.0,"8",.0,"8",.0,"8",.0,"8",.0,"8",0,"8",0,"8",0,"8","","",0,"8",0,"8"
"352190360","P£OCK","2006","08","28","09","4","",0,"8",0,"8","","","",8,"",0,"8",0,"8",7,"",230,"",4,"",0,"",15.8,"",.0,"8","U","",13.6,"",76,"",11.6,"",994.1,"",1007.0,"",0,.1,"",.0,"8",0,"8","01","2","5","","5","","","3","","","/","","",0,"8",.0,"8",.0,"8","","8",0,"8","","",.0,"8",.0,"8",.0,"8",.0,"8",.0,"8",.0,"8",.0,"8",.0,"8",.0,"8",0,"8",0,"8",0,"8","","",0,"8",0,"8"
"352190360","P£OCK","2006","08","28","10","5","",0,"8",0,"8","","","",8,"",0,"8",0,"8",7,"",230,"",5,"",0,"",16.8,"",.0,"8","U","",12.8,"",67,"",10.6,"",994.0,"",1006.8,"",8,-.2,"",.0,"8",0,"8","03","2","4","","2","","","3","","","/","","",0,"8",.0,"8",.0,"8","","8",0,"8","","",.0,"8",.0,"8",.0,"8",.0,"8",.0,"8",.0,"8",.0,"8",.0,"8",.0,"8",0,"8",0,"8",0,"8","","",0,"8",0,"8"
"352190360","P£OCK","2006","08","28","11","5","",0,"8",0,"8","","","",8,"",0,"8",0,"8",5,"",230,"",5,"",0,"",17.3,"",.0,"8","U","",13.8,"",70,"",11.8,"",993.8,"",1006.6,"",7,-.4,"",.0,"8",0,"8","03","2","4","","2","","","3","","","1","","",0,"8",.0,"8",.0,"8","","8",0,"8","","",.0,"8",.0,"8",.0,"8",.0,"8",.0,"8",.0,"8",.0,"8",.0,"8",.0,"8",0,"8",0,"8",0,"8","","",0,"8",0,"8"
"352190360","P£OCK","2006","08","28","12","6","",0,"8",0,"8","","","",8,"",0,"8",0,"8",4,"",240,"",5,"",0,"",18.9,"",.0,"8","U","",12.4,"",57,"",10.2,"",993.6,"",1006.3,"",7,-.5,"",.0,"9",0,"9","03","1","3","","3","","","3","","","1","","",1,"",.0,"8",.0,"8","","8",0,"8","","",.0,"8",.0,"8",.0,"8",.0,"8",.0,"8",.0,"8",.0,"8",.0,"8",.0,"8",0,"8",0,"8",0,"8","","",0,"8",0,"8"
"352190360","P£OCK","2006","08","28","13","6","",0,"8",0,"8","","","",8,"",0,"8",0,"8",5,"",230,"",5,"",0,"",18.9,"",.0,"8","U","",11.8,"",54,"",9.4,"",993.2,"",1005.9,"",8,-.8,"",.0,"8",0,"8","03","1","4","","3","","","3","","","1","","",0,"8",.0,"8",.0,"8","","8",0,"8","","",.0,"8",.0,"8",.0,"8",.0,"8",.0,"8",.0,"8",.0,"8",.0,"8",.0,"8",0,"8",0,"8",0,"8","","",0,"8",0,"8"
"352190360","P£OCK","2006","08","28","14","6","",0,"8",0,"8","","","",8,"",0,"8",0,"8",5,"",220,"",4,"",0,"",19.3,"",.0,"8","U","",12.5,"",56,"",10.3,"",992.9,"",1005.6,"",7,-.9,"",.0,"8",0,"8","03","2","4","","9","","","3","","","2","","",0,"8",.0,"8",.0,"8","","8",0,"8","","",.0,"8",.0,"8",.0,"8",.0,"8",.0,"8",.0,"8",.0,"8",.0,"8",.0,"8",0,"8",0,"8",0,"8","","",0,"8",0,"8"
"352190360","P£OCK","2006","08","28","15","6","",0,"8",0,"8","","","",8,"",0,"8",0,"8",3,"",220,"",4,"",0,"",19.4,"",.0,"8","U","",11.2,"",50,"",8.7,"",992.5,"",1005.2,"",7,-1.1,"",.0,"8",0,"8","01","1","2","","2","","","0","","","2","","",0,"8",.0,"8",.0,"8","","8",0,"8","","",.0,"8",.0,"8",.0,"8",.0,"8",.0,"8",.0,"8",.0,"8",.0,"8",.0,"8",0,"8",0,"8",0,"8","","",0,"8",0,"8"
"352190360","P£OCK","2006","08","28","16","7","",0,"8",0,"8","","","",8,"",0,"8",0,"8",3,"",220,"",4,"",0,"",19.0,"",.0,"8","U","",9.9,"",45,"",6.8,"",992.0,"",1004.7,"",8,-1.2,"",.0,"8",0,"8","01","0","1","","2","","","0","","","2","","",0,"8",.0,"8",.0,"8","","8",0,"8","","",.0,"8",.0,"8",.0,"8",.0,"8",.0,"8",.0,"8",.0,"8",.0,"8",.0,"8",0,"8",0,"8",0,"8","","",0,"8",0,"8"
"352190360","P£OCK","2006","08","28","17","7","",0,"8",0,"8","","","",8,"",0,"8",0,"8",3,"",220,"",2,"",0,"",17.6,"",.0,"8","U","",11.4,"",57,"",9.0,"",991.6,"",1004.4,"",7,-1.3,"",.0,"8",0,"8","01","0","1","","2","","","0","","","1","","",0,"8",.0,"8",.0,"8","","8",0,"8","","",.0,"8",.0,"8",.0,"8",.0,"8",.0,"8",.0,"8",.0,"8",.0,"8",.0,"8",0,"8",0,"8",0,"8","","",0,"8",0,"8"
"352190360","P£OCK","2006","08","28","18","9","",0,"8",0,"8","","","",8,"",0,"8",0,"8",3,"",220,"",2,"",0,"",15.8,"",.0,"8","U","",11.8,"",66,"",9.5,"",991.5,"",1004.3,"",6,-1.0,"",.0,"9",0,"9","01","1","2","","0","","","3","","","1","","",1,"",.0,"8",.0,"8","","8",0,"8","","",.0,"8",.0,"8",.0,"8",.0,"8",.0,"8",.0,"8",.0,"8",.0,"8",.0,"8",0,"8",0,"8",0,"8","","",0,"8",0,"8"
"352190360","P£OCK","2006","08","28","19","9","",0,"8",0,"8","","","",8,"",0,"8",0,"8",2,"",180,"",2,"",0,"",14.7,"",.0,"8","U","",11.9,"",71,"",9.5,"",991.3,"",1004.2,"",7,-.7,"",.0,"8",0,"8","01","0","1","","0","","","3","","","1","","",0,"8",.0,"8",.0,"8","","8",0,"8","","",.0,"8",.0,"8",.0,"8",.0,"8",.0,"8",.0,"8",.0,"8",.0,"8",.0,"8",0,"8",0,"8",0,"8","","",0,"8",0,"8"
"352190360","P£OCK","2006","08","28","20","9","",0,"8",0,"8","","","",8,"",0,"8",0,"8",0,"",150,"",2,"",0,"",12.9,"",.0,"8","U","",11.3,"",76,"",8.8,"",991.2,"",1004.2,"",7,-.4,"",.0,"8",0,"8","01","0","0","","0","","","0","","","0","","",0,"8",.0,"8",.0,"8","","8",0,"8","","",.0,"8",.0,"8",.0,"8",.0,"8",.0,"8",.0,"8",.0,"8",.0,"8",.0,"8",0,"8",0,"8",0,"8","","",0,"8",0,"8"
"352190360","P£OCK","2006","08","28","21","9","",0,"8",0,"8","","","",7,"",0,"8",0,"8",0,"",140,"",2,"",0,"",12.1,"",.0,"8","U","",11.6,"",82,"",9.1,"",991.1,"",1004.1,"",7,-.4,"",.0,"8",0,"8","02","0","0","","0","","","0","","","0","","",0,"8",.0,"8",.0,"8","","8",0,"8","","",.0,"8",.0,"8",.0,"8",.0,"8",.0,"8",.0,"8",.0,"8",.0,"8",.0,"8",0,"8",0,"8",0,"8","","",0,"8",0,"8"
"352190360","P£OCK","2006","08","28","22","9","",0,"8",0,"8","","","",7,"",0,"8",0,"8",4,"",150,"",2,"",0,"",12.0,"",.0,"8","U","",11.8,"",84,"",9.4,"",990.8,"",1003.8,"",8,-.5,"",.0,"8",0,"8","03","0","4","","0","","","5","","","0","","",0,"8",.0,"8",.0,"8","","8",0,"8","","",.0,"8",.0,"8",.0,"8",.0,"8",.0,"8",.0,"8",.0,"8",.0,"8",.0,"8",0,"8",0,"8",0,"8","","",0,"8",0,"8"
"352190360","P£OCK","2006","08","28","23","9","",0,"8",0,"8","","","",7,"",0,"8",0,"8",2,"",120,"",2,"",0,"",11.5,"",.0,"8","U","",11.5,"",85,"",9.1,"",990.2,"",1003.2,"",8,-1.0,"",.0,"8",0,"8","01","0","2","","0","","","3","","","0","","",0,"8",.0,"8",.0,"8","","8",0,"8","","",.0,"8",.0,"8",.0,"8",.0,"8",.0,"8",.0,"8",.0,"8",.0,"8",.0,"8",0,"8",0,"8",0,"8","","",0,"8",0,"8"
"352190360","P£OCK","2006","08","29","00","9","",0,"8",0,"8","","","",7,"",0,"8",0,"8",1,"",120,"",2,"",0,"",11.3,"",.0,"8","U","",11.2,"",84,"",8.7,"",989.7,"",1002.7,"",7,-1.4,"",.0,"9",0,"9","01","0","1","","0","","","3","","","0","","",1,"",.0,"8",.0,"8","","8",0,"8","","",.0,"8",.0,"8",.0,"8",.0,"8",.0,"8",.0,"8",.0,"8",.0,"8",.0,"8",0,"8",0,"8",0,"8","","",0,"8",0,"8"
"352190360","P£OCK","2006","08","29","01","9","",0,"8",0,"8","","","",7,"",0,"8",0,"8",1,"",120,"",3,"",0,"",10.9,"",.0,"8","U","",11.1,"",85,"",8.5,"",989.2,"",1002.2,"",7,-1.6,"",.0,"8",0,"8","02","0","1","","0","","","3","","","0","","",0,"8",.0,"8",.0,"8","","8",0,"8","","",.0,"8",.0,"8",.0,"8",.0,"8",.0,"8",.0,"8",.0,"8",.0,"8",.0,"8",0,"8",0,"8",0,"8","","",0,"8",0,"8"
"352190360","P£OCK","2006","08","29","02","9","",0,"8",0,"8","","","",7,"",0,"8",0,"8",1,"",110,"",3,"",0,"",10.4,"",.0,"8","U","",11.2,"",89,"",8.7,"",988.8,"",1001.8,"",7,-1.4,"",.0,"8",0,"8","02","0","1","","0","","","3","","","0","","",0,"8",.0,"8",.0,"8","","8",0,"8","","",.0,"8",.0,"8",.0,"8",.0,"8",.0,"8",.0,"8",.0,"8",.0,"8",.0,"8",0,"8",0,"8",0,"8","","",0,"8",0,"8"
"352190360","P£OCK","2006","08","29","03","9","",0,"8",0,"8","","","",7,"",0,"8",0,"8",7,"",120,"",3,"",0,"",11.1,"",.0,"8","U","",11.7,"",89,"",9.4,"",988.4,"",1001.4,"",7,-1.3,"",.0,"8",0,"8","03","1","7","","0","","","5","","","/","","",0,"8",.0,"8",.0,"8","","8",0,"8","","",.0,"8",.0,"8",.0,"8",.0,"8",.0,"8",.0,"8",.0,"8",.0,"8",.0,"8",0,"8",0,"8",0,"8","","",0,"8",0,"8"
"352190360","P£OCK","2006","08","29","04","5","",0,"8",0,"8","","","",7,"",0,"8",0,"8",7,"",120,"",3,"",0,"",11.7,"",.0,"8","U","",11.9,"",87,"",9.6,"",987.9,"",1000.9,"",7,-1.3,"",.0,"8",0,"8","03","2","1","","5","","","5","","","/","","",0,"8",.0,"8",.0,"8","","8",0,"8","","",.0,"8",.0,"8",.0,"8",.0,"8",.0,"8",.0,"8",.0,"8",.0,"8",.0,"8",0,"8",0,"8",0,"8","","",0,"8",0,"8"
"352190360","P£OCK","2006","08","29","05","6","",0,"8",0,"8","","","",6,"",0,"8",0,"8",8,"",120,"",3,"",0,"",12.0,"",.0,"8","U","",12.2,"",87,"",9.9,"",987.9,"",1000.9,"",6,-.9,"",.0,"8",0,"8","61","2","1","","5","","","7","","","/","","",0,"8",.0,"8",.0,"8","","8",0,"8","","",.0,"8",.0,"8",.0,"8",.0,"8",.0,"8",.0,"8",.0,"8",.0,"8",.0,"8",0,"8",0,"8",0,"8","","",0,"8",0,"8"
"352190360","P£OCK","2006","08","29","06","4","",0,"8",0,"8","","","",6,"",0,"8",0,"8",8,"",140,"",3,"",0,"",12.3,"",.0,"8","U","",12.9,"",90,"",10.7,"",987.8,"",1000.7,"",7,-.6,"",.6,"",6,"","61","1","5","","5","","","2","","","/","","",1,"",.0,"8",.0,"8","","8",0,"8","","",.0,"8",.0,"8",.0,"8",.0,"8",.0,"8",.0,"8",.0,"8",.0,"8",.0,"8",0,"8",0,"8",0,"8","","",0,"8",0,"8"
"352190360","P£OCK","2006","08","29","07","5","",0,"8",0,"8","","","",6,"",0,"8",0,"8",8,"",120,"",4,"",0,"",12.4,"",.0,"8","U","",13.4,"",93,"",11.3,"",987.5,"",1000.4,"",8,-.4,"",.0,"8",0,"8","61","6","5","","5","","","2","","","/","","",0,"8",.0,"8",.0,"8","","8",0,"8","","",.0,"8",.0,"8",.0,"8",.0,"8",.0,"8",.0,"8",.0,"8",.0,"8",.0,"8",0,"8",0,"8",0,"8","","",0,"8",0,"8"
"352190360","P£OCK","2006","08","29","08","4","",0,"8",0,"8","","","",6,"",0,"8",0,"8",8,"",120,"",4,"",0,"",13.1,"",.0,"8","U","",14.0,"",93,"",12.0,"",987.3,"",1000.2,"",7,-.6,"",.0,"8",0,"8","61","6","5","","5","","","2","","","/","","",0,"8",.0,"8",.0,"8","","8",0,"8","","",.0,"8",.0,"8",.0,"8",.0,"8",.0,"8",.0,"8",.0,"8",.0,"8",.0,"8",0,"8",0,"8",0,"8","","",0,"8",0,"8"
"352190360","P£OCK","2006","08","29","09","5","",0,"8",0,"8","","","",6,"",0,"8",0,"8",8,"",130,"",5,"",0,"",14.0,"",.0,"8","U","",14.0,"",88,"",12.0,"",987.1,"",1000.0,"",7,-.7,"",.0,"8",0,"8","21","6","6","","5","","","7","","","/","","",0,"8",.0,"8",.0,"8","","8",0,"8","","",.0,"8",.0,"8",.0,"8",.0,"8",.0,"8",.0,"8",.0,"8",.0,"8",.0,"8",0,"8",0,"8",0,"8","","",0,"8",0,"8"
"352190360","P£OCK","2006","08","29","10","4","",0,"8",0,"8","","","",6,"",0,"8",0,"8",8,"",140,"",4,"",0,"",14.5,"",.0,"8","U","",14.5,"",88,"",12.5,"",987.0,"",999.8,"",7,-.5,"",.0,"8",0,"8","10","2","8","","5","","","/","","","/","","",0,"8",.0,"8",.0,"8","","8",0,"8","","",.0,"8",.0,"8",.0,"8",.0,"8",.0,"8",.0,"8",.0,"8",.0,"8",.0,"8",0,"8",0,"8",0,"8","","",0,"8",0,"8"
"352190360","P£OCK","2006","08","29","11","4","",0,"8",0,"8","","","",7,"",0,"8",0,"8",8,"",140,"",5,"",0,"",14.3,"",.0,"8","U","",14.3,"",88,"",12.3,"",987.0,"",999.8,"",6,-.3,"",.0,"8",0,"8","03","2","7","","9","","","/","","","/","","",0,"8",.0,"8",.0,"8","","8",0,"8","","",.0,"8",.0,"8",.0,"8",.0,"8",.0,"8",.0,"8",.0,"8",.0,"8",.0,"8",0,"8",0,"8",0,"8","","",0,"8",0,"8"
"352190360","P£OCK","2006","08","29","12","4","",0,"8",0,"8","","","",7,"",0,"8",0,"8",8,"",170,"",2,"",0,"",14.0,"",.0,"8","U","",14.5,"",91,"",12.6,"",987.0,"",999.9,"",6,-.1,"",6.7,"",6,"","80","6","8","","9","","","/","","","/","","",2,"",.0,"8",.0,"8","","8",0,"8","","",.0,"8",.0,"8",.0,"8",.0,"8",.0,"8",.0,"8",.0,"8",.0,"8",.0,"8",0,"8",0,"8",0,"8","","",0,"8",0,"8"
"352190360","P£OCK","2006","08","29","13","4","",0,"8",0,"8","","","",8,"",0,"8",0,"8",8,"",230,"",3,"",0,"",14.6,"",.0,"8","U","",13.8,"",83,"",11.7,"",986.8,"",999.6,"",8,-.2,"",.0,"8",0,"8","25","8","5","","9","","","3","","","/","","",0,"8",.0,"8",.0,"8","","8",0,"8","","",.0,"8",.0,"8",.0,"8",.0,"8",.0,"8",.0,"8",.0,"8",.0,"8",.0,"8",0,"8",0,"8",0,"8","","",0,"8",0,"8"
"352190360","P£OCK","2006","08","29","14","5","",0,"8",0,"8","","","",8,"",0,"8",0,"8",8,"",220,"",3,"",0,"",15.0,"",.0,"8","U","",13.8,"",81,"",11.8,"",986.7,"",999.5,"",8,-.3,"",.0,"8",0,"8","02","2","5","","9","","","3","","","/","","",0,"8",.0,"8",.0,"8","","8",0,"8","","",.0,"8",.0,"8",.0,"8",.0,"8",.0,"8",.0,"8",.0,"8",.0,"8",.0,"8",0,"8",0,"8",0,"8","","",0,"8",0,"8"
"352190360","P£OCK","2006","08","29","15","5","",0,"8",0,"8","","","",8,"",0,"8",0,"8",8,"",260,"",3,"",0,"",15.4,"",.0,"8","U","",13.3,"",76,"",11.2,"",986.7,"",999.5,"",6,-.3,"",.0,"8",0,"8","02","8","5","","9","","","3","","","/","","",0,"8",.0,"8",.0,"8","","8",0,"8","","",.0,"8",.0,"8",.0,"8",.0,"8",.0,"8",.0,"8",.0,"8",.0,"8",.0,"8",0,"8",0,"8",0,"8","","",0,"8",0,"8"
"352190360","P£OCK","2006","08","29","16","5","",0,"8",0,"8","","","",8,"",0,"8",0,"8",7,"",280,"",4,"",0,"",14.7,"",.0,"8","U","",12.7,"",76,"",10.5,"",986.9,"",999.7,"",3,.1,"",.0,"8",0,"8","01","2","3","","5","","","3","","","8","","",0,"8",.0,"8",.0,"8","","8",0,"8","","",.0,"8",.0,"8",.0,"8",.0,"8",.0,"8",.0,"8",.0,"8",.0,"8",.0,"8",0,"8",0,"8",0,"8","","",0,"8",0,"8"
"352190360","P£OCK","2006","08","29","17","6","",0,"8",0,"8","","","",8,"",0,"8",0,"8",7,"",280,"",3,"",0,"",14.2,"",.0,"8","U","",12.9,"",80,"",10.8,"",987.0,"",999.8,"",3,.3,"",.0,"8",0,"8","03","2","5","","5","","","3","","","8","","",0,"8",.0,"8",.0,"8","","8",0,"8","","",.0,"8",.0,"8",.0,"8",.0,"8",.0,"8",.0,"8",.0,"8",.0,"8",.0,"8",0,"8",0,"8",0,"8","","",0,"8",0,"8"
"352190360","P£OCK","2006","08","29","18","5","",0,"8",0,"8","","","",8,"",0,"8",0,"8",8,"",240,"",2,"",0,"",13.8,"",.0,"8","U","",13.1,"",83,"",11.0,"",987.2,"",1000.1,"",2,.5,"",.3,"",6,"","03","8","5","","5","","","3","","","/","","",2,"",.0,"8",.0,"8","","8",0,"8","","",.0,"8",.0,"8",.0,"8",.0,"8",.0,"8",.0,"8",.0,"8",.0,"8",.0,"8",0,"8",0,"8",0,"8","","",0,"8",0,"8"
"352190360","P£OCK","2006","08","29","19","6","",0,"8",0,"8","","","",8,"",0,"8",0,"8",8,"",260,"",2,"",0,"",14.0,"",.0,"8","U","",13.4,"",84,"",11.3,"",987.2,"",1000.1,"",1,.3,"",.0,"8",0,"8","03","2","8","","5","","","/","","","/","","",0,"8",.0,"8",.0,"8","","8",0,"8","","",.0,"8",.0,"8",.0,"8",.0,"8",.0,"8",.0,"8",.0,"8",.0,"8",.0,"8",0,"8",0,"8",0,"8","","",0,"8",0,"8"
"352190360","P£OCK","2006","08","29","20","5","",0,"8",0,"8","","","",8,"",0,"8",0,"8",8,"",270,"",5,"",0,"",14.2,"",.0,"8","U","",13.1,"",81,"",11.0,"",987.2,"",1000.0,"",1,.2,"",.0,"8",0,"8","25","2","8","","9","","","/","","","/","","",0,"8",.0,"8",.0,"8","","8",0,"8","","",.0,"8",.0,"8",.0,"8",.0,"8",.0,"8",.0,"8",.0,"8",.0,"8",.0,"8",0,"8",0,"8",0,"8","","",0,"8",0,"8"
"352190360","P£OCK","2006","08","29","21","5","",0,"8",0,"8","","","",8,"",0,"8",0,"8",8,"",270,"",4,"",0,"",14.0,"",.0,"8","U","",12.6,"",79,"",10.4,"",987.1,"",1000.0,"",8,-.1,"",.0,"8",0,"8","01","8","2","","5","","","7","","","/","","",0,"8",.0,"8",.0,"8","","8",0,"8","","",.0,"8",.0,"8",.0,"8",.0,"8",.0,"8",.0,"8",.0,"8",.0,"8",.0,"8",0,"8",0,"8",0,"8","","",0,"8",0,"8"
"352190360","P£OCK","2006","08","29","22","7","",0,"8",0,"8","","","",8,"",0,"8",0,"8",8,"",280,"",6,"",0,"",13.6,"",.0,"8","U","",12.7,"",82,"",10.6,"",987.1,"",1000.0,"",6,-.1,"",.0,"8",0,"8","03","2","3","","5","","","3","","","/","","",0,"8",.0,"8",.0,"8","","8",0,"8","","",.0,"8",.0,"8",.0,"8",.0,"8",.0,"8",.0,"8",.0,"8",.0,"8",.0,"8",0,"8",0,"8",0,"8","","",0,"8",0,"8"
"352190360","P£OCK","2006","08","29","23","6","",0,"8",0,"8","","","",8,"",0,"8",0,"8",8,"",280,"",6,"",0,"",13.3,"",.0,"8","U","",12.8,"",84,"",10.7,"",987.2,"",1000.1,"",5,.0,"",.0,"8",0,"8","03","2","8","","5","","","/","","","/","","",0,"8",.0,"8",.0,"8","","8",0,"8","","",.0,"8",.0,"8",.0,"8",.0,"8",.0,"8",.0,"8",.0,"8",.0,"8",.0,"8",0,"8",0,"8",0,"8","","",0,"8",0,"8"
"352190360","P£OCK","2006","08","30","00","6","",0,"8",0,"8","","","",7,"",0,"8",0,"8",8,"",270,"",5,"",0,"",13.2,"",.0,"8","U","",12.9,"",85,"",10.7,"",987.3,"",1000.2,"",3,.2,"",.0,"",6,"","02","8","8","","5","","","/","","","/","","",2,"",.0,"8",.0,"8","","8",0,"8","","",.0,"8",.0,"8",.0,"8",.0,"8",.0,"8",.0,"8",.0,"8",.0,"8",.0,"8",0,"8",0,"8",0,"8","","",0,"8",0,"8"
"352190360","P£OCK","2006","08","30","01","4","",0,"8",0,"8","","","",8,"",0,"8",0,"8",8,"",270,"",5,"",0,"",12.8,"",.0,"8","U","",12.5,"",85,"",10.3,"",987.5,"",1000.4,"",2,.4,"",.0,"8",0,"8","01","2","5","","5","","","3","","","/","","",0,"8",.0,"8",.0,"8","","8",0,"8","","",.0,"8",.0,"8",.0,"8",.0,"8",.0,"8",.0,"8",.0,"8",.0,"8",.0,"8",0,"8",0,"8",0,"8","","",0,"8",0,"8"
"352190360","P£OCK","2006","08","30","02","4","",0,"8",0,"8","","","",8,"",0,"8",0,"8",8,"",270,"",5,"",0,"",12.5,"",.0,"8","U","",12.3,"",85,"",10.0,"",987.6,"",1000.5,"",2,.4,"",.0,"8",0,"8","03","2","7","","5","","","/","","","/","","",0,"8",.0,"8",.0,"8","","8",0,"8","","",.0,"8",.0,"8",.0,"8",.0,"8",.0,"8",.0,"8",.0,"8",.0,"8",.0,"8",0,"8",0,"8",0,"8","","",0,"8",0,"8"
"352190360","P£OCK","2006","08","30","03","4","",0,"8",0,"8","","","",8,"",0,"8",0,"8",8,"",280,"",4,"",0,"",12.2,"",.0,"8","U","",11.9,"",84,"",9.6,"",987.6,"",1000.5,"",1,.3,"",.0,"8",0,"8","03","2","8","","5","","","/","","","/","","",0,"8",.0,"8",.0,"8","","8",0,"8","","",.0,"8",.0,"8",.0,"8",.0,"8",.0,"8",.0,"8",.0,"8",.0,"8",.0,"8",0,"8",0,"8",0,"8","","",0,"8",0,"8"
"352190360","P£OCK","2006","08","30","04","3","",0,"8",0,"8","","","",7,"",0,"8",0,"8",8,"",280,"",6,"",0,"",12.1,"",.0,"8","U","",12.0,"",85,"",9.7,"",987.7,"",1000.6,"",2,.2,"",.0,"8",0,"8","61","2","8","","5","","","/","","","/","","",0,"8",.0,"8",.0,"8","","8",0,"8","","",.0,"8",.0,"8",.0,"8",.0,"8",.0,"8",.0,"8",.0,"8",.0,"8",.0,"8",0,"8",0,"8",0,"8","","",0,"8",0,"8"
"352190360","P£OCK","2006","08","30","05","3","",0,"8",0,"8","","","",7,"",0,"8",0,"8",8,"",280,"",5,"",0,"",11.9,"",.0,"8","U","",12.1,"",87,"",9.8,"",987.9,"",1000.9,"",3,.3,"",.0,"8",0,"8","61","6","8","","5","","","/","","","/","","",0,"8",.0,"8",.0,"8","","8",0,"8","","",.0,"8",.0,"8",.0,"8",.0,"8",.0,"8",.0,"8",.0,"8",.0,"8",.0,"8",0,"8",0,"8",0,"8","","",0,"8",0,"8"
"352190360","P£OCK","2006","08","30","06","3","",0,"8",0,"8","","","",6,"",0,"8",0,"8",8,"",280,"",5,"",0,"",11.8,"",.0,"8","U","",12.4,"",90,"",10.2,"",988.3,"",1001.3,"",3,.7,"",.3,"",6,"","61","2","8","","5","","","/","","","/","","",2,"",.0,"8",.0,"8","","8",0,"8","","",.0,"8",.0,"8",.0,"8",.0,"8",.0,"8",.0,"8",.0,"8",.0,"8",.0,"8",0,"8",0,"8",0,"8","","",0,"8",0,"8"
"352190360","P£OCK","2006","08","30","07","3","",0,"8",0,"8","","","",6,"",0,"8",0,"8",8,"",270,"",5,"",0,"",11.9,"",.0,"8","U","",12.5,"",90,"",10.3,"",988.6,"",1001.6,"",2,.9,"",.0,"8",0,"8","61","6","6","","7","","","2","","","/","","",0,"8",.0,"8",.0,"8","","8",0,"8","","",.0,"8",.0,"8",.0,"8",.0,"8",.0,"8",.0,"8",.0,"8",.0,"8",.0,"8",0,"8",0,"8",0,"8","","",0,"8",0,"8"
"352190360","P£OCK","2006","08","30","08","3","",0,"8",0,"8","","","",6,"",0,"8",0,"8",8,"",270,"",5,"",0,"",12.1,"",.0,"8","U","",13.0,"",92,"",10.8,"",989.0,"",1002.0,"",2,1.1,"",.0,"8",0,"8","63","6","4","","7","","","2","","","/","","",0,"8",.0,"8",.0,"8","","8",0,"8","","",.0,"8",.0,"8",.0,"8",.0,"8",.0,"8",.0,"8",.0,"8",.0,"8",.0,"8",0,"8",0,"8",0,"8","","",0,"8",0,"8"
"352190360","P£OCK","2006","08","30","09","3","",0,"8",0,"8","","","",6,"",0,"8",0,"8",8,"",280,"",6,"",0,"",12.7,"",.0,"8","U","",13.3,"",91,"",11.3,"",989.3,"",1002.2,"",2,1.0,"",.0,"8",0,"8","63","6","4","","7","","","2","","","/","","",0,"8",.0,"8",.0,"8","","8",0,"8","","",.0,"8",.0,"8",.0,"8",.0,"8",.0,"8",.0,"8",.0,"8",.0,"8",.0,"8",0,"8",0,"8",0,"8","","",0,"8",0,"8"
"352190360","P£OCK","2006","08","30","10","4","",0,"8",0,"8","","","",6,"",0,"8",0,"8",8,"",270,"",7,"",0,"",13.2,"",.0,"8","U","",13.3,"",88,"",11.3,"",989.6,"",1002.5,"",2,1.0,"",.0,"8",0,"8","61","6","3","","5","","","2","","","/","","",0,"8",.0,"8",.0,"8","","8",0,"8","","",.0,"8",.0,"8",.0,"8",.0,"8",.0,"8",.0,"8",.0,"8",.0,"8",.0,"8",0,"8",0,"8",0,"8","","",0,"8",0,"8"
"352190360","P£OCK","2006","08","30","11","4","",0,"8",0,"8","","","",6,"",0,"8",0,"8",8,"",270,"",6,"",0,"",13.1,"",.0,"8","U","",13.4,"",89,"",11.3,"",990.1,"",1003.0,"",3,1.1,"",.0,"8",0,"8","63","6","5","","5","","","2","","","/","","",0,"8",.0,"8",.0,"8","","8",0,"8","","",.0,"8",.0,"8",.0,"8",.0,"8",.0,"8",.0,"8",.0,"8",.0,"8",.0,"8",0,"8",0,"8",0,"8","","",0,"8",0,"8"
"352190360","P£OCK","2006","08","30","12","4","",0,"8",0,"8","","","",6,"",0,"8",0,"8",8,"",270,"",7,"",12,"",13.1,"",.0,"8","U","",13.4,"",89,"",11.3,"",990.6,"",1003.5,"",3,1.3,"",4.7,"",6,"","63","6","6","","5","","","2","","","/","","",2,"",.0,"8",.0,"8","","8",0,"8","","",.0,"8",.0,"8",.0,"8",.0,"8",.0,"8",.0,"8",.0,"8",.0,"8",.0,"8",0,"8",0,"8",0,"8","","",0,"8",0,"8"
"352190360","P£OCK","2006","08","30","13","4","",0,"8",0,"8","","","",6,"",0,"8",0,"8",8,"",270,"",7,"",0,"",13.3,"",.0,"8","U","",13.4,"",88,"",11.4,"",990.6,"",1003.5,"",1,1.0,"",.0,"8",0,"8","63","6","6","","5","","","2","","","/","","",0,"8",.0,"8",.0,"8","","8",0,"8","","",.0,"8",.0,"8",.0,"8",.0,"8",.0,"8",.0,"8",.0,"8",.0,"8",.0,"8",0,"8",0,"8",0,"8","","",0,"8",0,"8"
"352190360","P£OCK","2006","08","30","14","4","",0,"8",0,"8","","","",7,"",0,"8",0,"8",8,"",270,"",7,"",12,"",13.4,"",.0,"8","U","",13.3,"",87,"",11.3,"",990.4,"",1003.3,"",0,.3,"",.0,"8",0,"8","61","6","6","","5","","","2","","","/","","",0,"8",.0,"8",.0,"8","","8",0,"8","","",.0,"8",.0,"8",.0,"8",.0,"8",.0,"8",.0,"8",.0,"8",.0,"8",.0,"8",0,"8",0,"8",0,"8","","",0,"8",0,"8"
"352190360","P£OCK","2006","08","30","15","4","",0,"8",0,"8","","","",7,"",0,"8",0,"8",8,"",280,"",5,"",0,"",13.3,"",.0,"8","U","",13.6,"",89,"",11.5,"",990.5,"",1003.4,"",5,-.1,"",.0,"8",0,"8","61","6","6","","5","","","2","","","/","","",0,"8",.0,"8",.0,"8","","8",0,"8","","",.0,"8",.0,"8",.0,"8",.0,"8",.0,"8",.0,"8",.0,"8",.0,"8",.0,"8",0,"8",0,"8",0,"8","","",0,"8",0,"8"
"352190360","P£OCK","2006","08","30","16","4","",0,"8",0,"8","","","",7,"",0,"8",0,"8",8,"",280,"",6,"",0,"",13.2,"",.0,"8","U","",13.5,"",89,"",11.4,"",990.6,"",1003.5,"",5,.0,"",.0,"8",0,"8","61","6","6","","5","","","2","","","/","","",0,"8",.0,"8",.0,"8","","8",0,"8","","",.0,"8",.0,"8",.0,"8",.0,"8",.0,"8",.0,"8",.0,"8",.0,"8",.0,"8",0,"8",0,"8",0,"8","","",0,"8",0,"8"
"352190360","P£OCK","2006","08","30","17","3","",0,"8",0,"8","","","",6,"",0,"8",0,"8",8,"",280,"",5,"",0,"",13.1,"",.0,"8","U","",13.8,"",92,"",11.8,"",990.8,"",1003.7,"",2,.4,"",.0,"8",0,"8","61","6","6","","7","","","2","","","/","","",0,"8",.0,"8",.0,"8","","8",0,"8","","",.0,"8",.0,"8",.0,"8",.0,"8",.0,"8",.0,"8",.0,"8",.0,"8",.0,"8",0,"8",0,"8",0,"8","","",0,"8",0,"8"
"352190360","P£OCK","2006","08","30","18","3","",0,"8",0,"8","","","",6,"",0,"8",0,"8",8,"",270,"",5,"",0,"",13.2,"",.0,"8","U","",13.9,"",92,"",11.9,"",990.8,"",1003.7,"",1,.3,"",5.4,"",6,"","61","6","6","","7","","","2","","","/","","",2,"",.0,"8",.0,"8","","8",0,"8","","",.0,"8",.0,"8",.0,"8",.0,"8",.0,"8",.0,"8",.0,"8",.0,"8",.0,"8",0,"8",0,"8",0,"8","","",0,"8",0,"8"
"352190360","P£OCK","2006","08","30","19","3","",0,"8",0,"8","","","",6,"",0,"8",0,"8",8,"",280,"",4,"",0,"",13.2,"",.0,"8","U","",14.1,"",93,"",12.1,"",990.9,"",1003.8,"",2,.3,"",.0,"8",0,"8","61","6","6","","7","","","2","","","/","","",0,"8",.0,"8",.0,"8","","8",0,"8","","",.0,"8",.0,"8",.0,"8",.0,"8",.0,"8",.0,"8",.0,"8",.0,"8",.0,"8",0,"8",0,"8",0,"8","","",0,"8",0,"8"
"352190360","P£OCK","2006","08","30","20","3","",0,"8",0,"8","","","",6,"",0,"8",0,"8",8,"",280,"",4,"",0,"",13.2,"",.0,"8","U","",14.1,"",93,"",12.1,"",990.9,"",1003.8,"",1,.1,"",.0,"8",0,"8","61","6","6","","7","","","2","","","/","","",0,"8",.0,"8",.0,"8","","8",0,"8","","",.0,"8",.0,"8",.0,"8",.0,"8",.0,"8",.0,"8",.0,"8",.0,"8",.0,"8",0,"8",0,"8",0,"8","","",0,"8",0,"8"
"352190360","P£OCK","2006","08","30","21","3","",0,"8",0,"8","","","",6,"",0,"8",0,"8",8,"",290,"",4,"",0,"",13.4,"",.0,"8","U","",14.3,"",93,"",12.3,"",990.8,"",1003.7,"",0,.0,"",.0,"8",0,"8","61","6","6","","7","","","2","","","/","","",0,"8",.0,"8",.0,"8","","8",0,"8","","",.0,"8",.0,"8",.0,"8",.0,"8",.0,"8",.0,"8",.0,"8",.0,"8",.0,"8",0,"8",0,"8",0,"8","","",0,"8",0,"8"
"352190360","P£OCK","2006","08","30","22","3","",0,"8",0,"8","","","",6,"",0,"8",0,"8",8,"",290,"",4,"",0,"",13.5,"",.0,"8","U","",14.4,"",93,"",12.4,"",990.6,"",1003.5,"",8,-.3,"",.0,"8",0,"8","61","6","6","","7","","","2","","","/","","",0,"8",.0,"8",.0,"8","","8",0,"8","","",.0,"8",.0,"8",.0,"8",.0,"8",.0,"8",.0,"8",.0,"8",.0,"8",.0,"8",0,"8",0,"8",0,"8","","",0,"8",0,"8"
"352190360","P£OCK","2006","08","30","23","3","",0,"8",0,"8","","","",6,"",0,"8",0,"8",8,"",290,"",5,"",0,"",13.7,"",.0,"8","U","",14.6,"",93,"",12.6,"",990.7,"",1003.6,"",5,-.2,"",.0,"8",0,"8","61","6","6","","7","","","2","","","/","","",0,"8",.0,"8",.0,"8","","8",0,"8","","",.0,"8",.0,"8",.0,"8",.0,"8",.0,"8",.0,"8",.0,"8",.0,"8",.0,"8",0,"8",0,"8",0,"8","","",0,"8",0,"8"
"352190360","P£OCK","2006","08","31","00","3","",0,"8",0,"8","","","",7,"",0,"8",0,"8",8,"",290,"",4,"",0,"",13.8,"",.0,"8","U","",14.5,"",92,"",12.5,"",990.7,"",1003.6,"",6,-.1,"",1.6,"",6,"","21","6","8","","6","","","/","","","/","","",2,"",.0,"8",.0,"8","","8",0,"8","","",.0,"8",.0,"8",.0,"8",.0,"8",.0,"8",.0,"8",.0,"8",.0,"8",.0,"8",0,"8",0,"8",0,"8","","",0,"8",0,"8"
"352190360","P£OCK","2006","08","31","01","3","",0,"8",0,"8","","","",7,"",0,"8",0,"8",8,"",290,"",4,"",0,"",13.5,"",.0,"8","U","",14.2,"",92,"",12.2,"",991.0,"",1003.9,"",2,.4,"",.0,"8",0,"8","01","2","7","","6","","","/","","","/","","",0,"8",.0,"8",.0,"8","","8",0,"8","","",.0,"8",.0,"8",.0,"8",.0,"8",.0,"8",.0,"8",.0,"8",.0,"8",.0,"8",0,"8",0,"8",0,"8","","",0,"8",0,"8"
"352190360","P£OCK","2006","08","31","02","4","",0,"8",0,"8","","","",8,"",0,"8",0,"8",8,"",290,"",4,"",0,"",13.6,"",.0,"8","U","",14.1,"",91,"",12.2,"",991.5,"",1004.4,"",3,.8,"",.0,"8",0,"8","03","2","8","","5","","","/","","","/","","",0,"8",.0,"8",.0,"8","","8",0,"8","","",.0,"8",.0,"8",.0,"8",.0,"8",.0,"8",.0,"8",.0,"8",.0,"8",.0,"8",0,"8",0,"8",0,"8","","",0,"8",0,"8"
"352190360","P£OCK","2006","08","31","03","3","",0,"8",0,"8","","","",7,"",0,"8",0,"8",8,"",300,"",5,"",0,"",14.0,"",.0,"8","U","",14.5,"",91,"",12.6,"",992.1,"",1005.0,"",3,1.4,"",.0,"8",0,"8","02","2","8","","6","","","/","","","/","","",0,"8",.0,"8",.0,"8","","8",0,"8","","",.0,"8",.0,"8",.0,"8",.0,"8",.0,"8",.0,"8",.0,"8",.0,"8",.0,"8",0,"8",0,"8",0,"8","","",0,"8",0,"8"
"352190360","P£OCK","2006","08","31","04","3","",0,"8",0,"8","","","",7,"",0,"8",0,"8",8,"",310,"",4,"",0,"",14.3,"",.0,"8","U","",15.0,"",92,"",13.0,"",992.7,"",1005.6,"",2,1.7,"",.0,"8",0,"8","01","2","5","","6","","","0","","","7","","",0,"8",.0,"8",.0,"8","","8",0,"8","","",.0,"8",.0,"8",.0,"8",.0,"8",.0,"8",.0,"8",.0,"8",.0,"8",.0,"8",0,"8",0,"8",0,"8","","",0,"8",0,"8"
"352190360","P£OCK","2006","08","31","05","3","",0,"8",0,"8","","","",7,"",0,"8",0,"8",7,"",300,"",4,"",0,"",14.8,"",.0,"8","U","",15.5,"",92,"",13.5,"",993.4,"",1006.3,"",2,1.9,"",.0,"8",0,"8","01","2","5","","6","","","0","","","8","","",0,"8",.0,"8",.0,"8","","8",0,"8","","",.0,"8",.0,"8",.0,"8",.0,"8",.0,"8",.0,"8",.0,"8",.0,"8",.0,"8",0,"8",0,"8",0,"8","","",0,"8",0,"8"
"352190360","P£OCK","2006","08","31","06","4","",0,"8",0,"8","","","",7,"",0,"8",0,"8",5,"",300,"",5,"",0,"",15.4,"",.0,"8","U","",15.5,"",89,"",13.6,"",994.1,"",1007.0,"",2,2.0,"",.0,"9",0,"9","01","2","3","","5","","","3","","","8","","",2,"",.0,"8",.0,"8","","8",0,"8","","",.0,"8",.0,"8",.0,"8",.0,"8",.0,"8",.0,"8",.0,"8",.0,"8",.0,"8",0,"8",0,"8",0,"8","","",0,"8",0,"8"
"352190360","P£OCK","2006","08","31","07","5","",0,"8",0,"8","","","",8,"",0,"8",0,"8",6,"",310,"",7,"",0,"",16.9,"",.0,"8","U","",15.8,"",82,"",13.8,"",994.7,"",1007.5,"",2,2.0,"",.0,"8",0,"8","03","2","4","","5","","","3","","","8","","",0,"8",.0,"8",.0,"8","","8",0,"8","","",.0,"8",.0,"8",.0,"8",.0,"8",.0,"8",.0,"8",.0,"8",.0,"8",.0,"8",0,"8",0,"8",0,"8","","",0,"8",0,"8"
"352190360","P£OCK","2006","08","31","08","5","",0,"8",0,"8","","","",8,"",0,"8",0,"8",5,"",310,"",6,"",12,"",18.0,"",.0,"8","U","",15.6,"",76,"",13.7,"",995.1,"",1007.9,"",1,1.7,"",.0,"8",0,"8","03","2","3","","2","","","3","","","1","","",0,"8",.0,"8",.0,"8","","8",0,"8","","",.0,"8",.0,"8",.0,"8",.0,"8",.0,"8",.0,"8",.0,"8",.0,"8",.0,"8",0,"8",0,"8",0,"8","","",0,"8",0,"8"
"352190360","P£OCK","2006","08","31","09","5","",0,"8",0,"8","","","",8,"",0,"8",0,"8",5,"",300,"",8,"",14,"",18.9,"",.0,"8","U","",14.8,"",68,"",12.9,"",995.4,"",1008.1,"",1,1.3,"",.0,"8",0,"8","02","2","3","","2","","","3","","","1","","",0,"8",.0,"8",.0,"8","","8",0,"8","","",.0,"8",.0,"8",.0,"8",.0,"8",.0,"8",.0,"8",.0,"8",.0,"8",.0,"8",0,"8",0,"8",0,"8","","",0,"8",0,"8"
"352190360","P£OCK","2006","08","31","10","6","",0,"8",0,"8","","","",8,"",0,"8",0,"8",4,"",310,"",8,"",13,"",20.0,"",.0,"8","U","",13.5,"",58,"",11.5,"",995.8,"",1008.5,"",2,1.1,"",.0,"8",0,"8","01","1","3","","2","","","3","","","1","","",0,"8",.0,"8",.0,"8","","8",0,"8","","",.0,"8",.0,"8",.0,"8",.0,"8",.0,"8",.0,"8",.0,"8",.0,"8",.0,"8",0,"8",0,"8",0,"8","","",0,"8",0,"8"
"352190360","P£OCK","2006","08","31","11","6","",0,"8",0,"8","","","",8,"",0,"8",0,"8",3,"",310,"",8,"",14,"",21.1,"",.0,"8","U","",12.7,"",51,"",10.6,"",996.0,"",1008.7,"",2,.9,"",.0,"8",0,"8","01","0","2","","2","","","3","","","1","","",0,"8",.0,"8",.0,"8","","8",0,"8","","",.0,"8",.0,"8",.0,"8",.0,"8",.0,"8",.0,"8",.0,"8",.0,"8",.0,"8",0,"8",0,"8",0,"8","","",0,"8",0,"8"
"352190360","P£OCK","2006","08","31","12","6","",0,"8",0,"8","","","",8,"",0,"8",0,"8",5,"",310,"",9,"",15,"",21.0,"",.0,"8","U","",13.1,"",53,"",11.1,"",996.4,"",1009.1,"",2,1.0,"",.0,"9",0,"9","03","1","4","","2","","","3","","","1","","",1,"",.0,"8",.0,"8","","8",0,"8","","",.0,"8",.0,"8",.0,"8",.0,"8",.0,"8",.0,"8",.0,"8",.0,"8",.0,"8",0,"8",0,"8",0,"8","","",0,"8",0,"8"
"352190360","P£OCK","2006","08","31","13","6","",0,"8",0,"8","","","",8,"",0,"8",0,"8",6,"",300,"",8,"",0,"",20.5,"",.0,"8","U","",13.5,"",56,"",11.4,"",996.8,"",1009.5,"",3,1.0,"",.0,"8",0,"8","03","2","4","","2","","","3","","","1","","",0,"8",.0,"8",.0,"8","","8",0,"8","","",.0,"8",.0,"8",.0,"8",.0,"8",.0,"8",.0,"8",.0,"8",.0,"8",.0,"8",0,"8",0,"8",0,"8","","",0,"8",0,"8"
"352190360","P£OCK","2006","08","31","14","6","",0,"8",0,"8","","","",8,"",0,"8",0,"8",6,"",310,"",8,"",13,"",20.9,"",.0,"8","U","",13.1,"",53,"",11.0,"",997.1,"",1009.8,"",2,1.1,"",.0,"8",0,"8","01","2","3","","2","","","3","","","1","","",0,"8",.0,"8",.0,"8","","8",0,"8","","",.0,"8",.0,"8",.0,"8",.0,"8",.0,"8",.0,"8",.0,"8",.0,"8",.0,"8",0,"8",0,"8",0,"8","","",0,"8",0,"8"
"352190360","P£OCK","2006","08","31","15","6","",0,"8",0,"8","","","",8,"",0,"8",0,"8",7,"",300,"",8,"",14,"",20.6,"",.0,"8","U","",12.8,"",53,"",10.7,"",997.6,"",1010.3,"",2,1.2,"",.0,"8",0,"8","01","2","2","","2","","","3","","","6","","",0,"8",.0,"8",.0,"8","","8",0,"8","","",.0,"8",.0,"8",.0,"8",.0,"8",.0,"8",.0,"8",.0,"8",.0,"8",.0,"8",0,"8",0,"8",0,"8","","",0,"8",0,"8"
"352190360","P£OCK","2006","08","31","16","6","",0,"8",0,"8","","","",8,"",0,"8",0,"8",5,"",300,"",8,"",15,"",20.0,"",.0,"8","U","",12.8,"",55,"",10.7,"",998.2,"",1010.9,"",3,1.4,"",.0,"8",0,"8","01","2","2","","2","","","3","","","8","","",0,"8",.0,"8",.0,"8","","8",0,"8","","",.0,"8",.0,"8",.0,"8",.0,"8",.0,"8",.0,"8",.0,"8",.0,"8",.0,"8",0,"8",0,"8",0,"8","","",0,"8",0,"8"
"352190360","P£OCK","2006","08","31","17","6","",0,"8",0,"8","","","",8,"",0,"8",0,"8",4,"",300,"",8,"",0,"",18.3,"",.0,"8","U","",13.4,"",64,"",11.4,"",999.0,"",1011.8,"",3,1.9,"",.0,"8",0,"8","01","1","1","","2","","","3","","","1","","",0,"8",.0,"8",.0,"8","","8",0,"8","","",.0,"8",.0,"8",.0,"8",.0,"8",.0,"8",.0,"8",.0,"8",.0,"8",.0,"8",0,"8",0,"8",0,"8","","",0,"8",0,"8"
"352190360","P£OCK","2006","08","31","18","7","",0,"8",0,"8","","","",9,"",0,"8",0,"8",5,"",290,"",7,"",0,"",16.9,"",.0,"8","U","",12.7,"",66,"",10.5,"",1000.0,"",1012.9,"",3,2.4,"",.0,"9",0,"9","01","1","3","","5","","","3","","","1","","",1,"",.0,"8",.0,"8","","8",0,"8","","",.0,"8",.0,"8",.0,"8",.0,"8",.0,"8",.0,"8",.0,"8",.0,"8",.0,"8",0,"8",0,"8",0,"8","","",0,"8",0,"8"
"352190360","P£OCK","2006","08","31","19","7","",0,"8",0,"8","","","",9,"",0,"8",0,"8",7,"",310,"",6,"",0,"",16.6,"",.0,"8","U","",12.3,"",65,"",10.0,"",1000.7,"",1013.6,"",2,2.5,"",.0,"8",0,"8","03","2","7","","5","","","/","","","/","","",0,"8",.0,"8",.0,"8","","8",0,"8","","",.0,"8",.0,"8",.0,"8",.0,"8",.0,"8",.0,"8",.0,"8",.0,"8",.0,"8",0,"8",0,"8",0,"8","","",0,"8",0,"8"
"352190360","P£OCK","2006","08","31","20","7","",0,"8",0,"8","","","",8,"",0,"8",0,"8",6,"",290,"",7,"",0,"",16.0,"",.0,"8","U","",12.0,"",66,"",9.6,"",1001.0,"",1013.9,"",1,2.0,"",.0,"8",0,"8","01","2","4","","5","","","3","","","0","","",0,"8",.0,"8",.0,"8","","8",0,"8","","",.0,"8",.0,"8",.0,"8",.0,"8",.0,"8",.0,"8",.0,"8",.0,"8",.0,"8",0,"8",0,"8",0,"8","","",0,"8",0,"8"
"352190360","P£OCK","2006","08","31","21","9","",0,"8",0,"8","","","",8,"",0,"8",0,"8",0,"",280,"",5,"",0,"",14.6,"",.0,"8","U","",12.1,"",73,"",9.8,"",1001.4,"",1014.4,"",2,1.4,"",.0,"8",0,"8","01","1","0","","0","","","0","","","0","","",0,"8",.0,"8",.0,"8","","8",0,"8","","",.0,"8",.0,"8",.0,"8",.0,"8",.0,"8",.0,"8",.0,"8",.0,"8",.0,"8",0,"8",0,"8",0,"8","","",0,"8",0,"8"
"352190360","P£OCK","2006","08","31","22","9","",0,"8",0,"8","","","",8,"",0,"8",0,"8",0,"",280,"",5,"",0,"",13.8,"",.0,"8","U","",12.3,"",78,"",10.0,"",1001.7,"",1014.8,"",2,1.0,"",.0,"8",0,"8","02","0","0","","0","","","0","","","0","","",0,"8",.0,"8",.0,"8","","8",0,"8","","",.0,"8",.0,"8",.0,"8",.0,"8",.0,"8",.0,"8",.0,"8",.0,"8",.0,"8",0,"8",0,"8",0,"8","","",0,"8",0,"8"
"352190360","P£OCK","2006","08","31","23","9","",0,"8",0,"8","","","",8,"",0,"8",0,"8",0,"",280,"",6,"",0,"",13.4,"",.0,"8","U","",12.6,"",82,"",10.4,"",1001.7,"",1014.8,"",1,.7,"",.0,"8",0,"8","02","0","0","","0","","","0","","","0","","",0,"8",.0,"8",.0,"8","","8",0,"8","","",.0,"8",.0,"8",.0,"8",.0,"8",.0,"8",.0,"8",.0,"8",.0,"8",.0,"8",0,"8",0,"8",0,"8","","",0,"8",0,"8"
"352190360","P£OCK","2006","09","01","00","9","",0,"8",0,"8","","","",8,"",0,"8",0,"8",0,"",280,"",6,"",0,"",13.2,"",.0,"8","U","",12.6,"",83,"",10.4,"",1001.7,"",1014.8,"",1,.3,"",.0,"9",0,"9","02","1","0","","0","","","0","","","0","","",1,"",.0,"8",.0,"8","","8",0,"8","","",.0,"8",.0,"8",.0,"8",.0,"8",.0,"8",.0,"8",.0,"8",.0,"8",.0,"8",0,"8",0,"8",0,"8","","",0,"8",0,"8"
"352190360","P£OCK","2006","09","01","01","9","",0,"8",0,"8","","","",8,"",0,"8",0,"8",0,"",280,"",6,"",0,"",13.0,"",.0,"8","U","",12.4,"",83,"",10.2,"",1001.6,"",1014.7,"",8,-.1,"",.0,"8",0,"8","02","0","0","","0","","","0","","","0","","",0,"8",.0,"8",.0,"8","","8",0,"8","","",.0,"8",.0,"8",.0,"8",.0,"8",.0,"8",.0,"8",.0,"8",.0,"8",.0,"8",0,"8",0,"8",0,"8","","",0,"8",0,"8"
"352190360","P£OCK","2006","09","01","02","9","",0,"8",0,"8","","","",7,"",0,"8",0,"8",0,"",280,"",6,"",0,"",12.9,"",.0,"8","U","",12.3,"",83,"",10.1,"",1001.7,"",1014.8,"",5,.0,"",.0,"8",0,"8","02","0","0","","0","","","0","","","0","","",0,"8",.0,"8",.0,"8","","8",0,"8","","",.0,"8",.0,"8",.0,"8",.0,"8",.0,"8",.0,"8",.0,"8",.0,"8",.0,"8",0,"8",0,"8",0,"8","","",0,"8",0,"8"
"352190360","P£OCK","2006","09","01","03","7","",0,"8",0,"8","","","",7,"",0,"8",0,"8",6,"",280,"",5,"",0,"",13.2,"",.0,"8","U","",12.6,"",83,"",10.4,"",1001.9,"",1015.0,"",3,.2,"",.0,"8",0,"8","03","1","6","","5","","","0","","","0","","",0,"8",.0,"8",.0,"8","","8",0,"8","","",.0,"8",.0,"8",.0,"8",.0,"8",.0,"8",.0,"8",.0,"8",.0,"8",.0,"8",0,"8",0,"8",0,"8","","",0,"8",0,"8"
"352190360","P£OCK","2006","09","01","04","7","",0,"8",0,"8","","","",8,"",0,"8",0,"8",1,"",280,"",6,"",0,"",13.4,"",.0,"8","U","",12.1,"",79,"",9.8,"",1001.9,"",1015.0,"",1,.3,"",.0,"8",0,"8","01","1","1","","5","","","0","","","0","","",0,"8",.0,"8",.0,"8","","8",0,"8","","",.0,"8",.0,"8",.0,"8",.0,"8",.0,"8",.0,"8",.0,"8",.0,"8",.0,"8",0,"8",0,"8",0,"8","","",0,"8",0,"8"
"352190360","P£OCK","2006","09","01","05","9","",0,"8",0,"8","","","",7,"",0,"8",0,"8",0,"",240,"",2,"",0,"",12.5,"",.0,"8","U","",12.0,"",83,"",9.7,"",1002.1,"",1015.2,"",2,.4,"",.0,"8",0,"8","01","0","0","","0","","","0","","","0","","",0,"8",.0,"8",.0,"8","","8",0,"8","","",.0,"8",.0,"8",.0,"8",.0,"8",.0,"8",.0,"8",.0,"8",.0,"8",.0,"8",0,"8",0,"8",0,"8","","",0,"8",0,"8"
"352190360","P£OCK","2006","09","01","06","9","",0,"8",0,"8","","","",8,"",0,"8",0,"8",1,"",240,"",3,"",0,"",13.4,"",.0,"8","U","",12.3,"",80,"",10.0,"",1002.1,"",1015.2,"",1,.2,"",.0,"9",0,"9","03","1","1","","0","","","3","","","0","","",1,"",.0,"8",.0,"8","","8",0,"8","","",.0,"8",.0,"8",.0,"8",.0,"8",.0,"8",.0,"8",.0,"8",.0,"8",.0,"8",0,"8",0,"8",0,"8","","",0,"8",0,"8"
"352190360","P£OCK","2006","09","01","07","9","",0,"8",0,"8","","","",8,"",0,"8",0,"8",1,"",240,"",4,"",0,"",15.0,"",.0,"8","U","",12.8,"",75,"",10.6,"",1002.3,"",1015.3,"",2,.4,"",.0,"8",0,"8","02","0","1","","0","","","3","","","0","","",0,"8",.0,"8",.0,"8","","8",0,"8","","",.0,"8",.0,"8",.0,"8",.0,"8",.0,"8",.0,"8",.0,"8",.0,"8",.0,"8",0,"8",0,"8",0,"8","","",0,"8",0,"8"
"352190360","P£OCK","2006","09","01","08","6","",0,"8",0,"8","","","",8,"",0,"8",0,"8",7,"",230,"",4,"",0,"",15.5,"",.0,"8","U","",12.3,"",70,"",10.0,"",1002.2,"",1015.2,"",0,.1,"",.0,"8",0,"8","03","1","7","","5","","","/","","","/","","",0,"8",.0,"8",.0,"8","","8",0,"8","","",.0,"8",.0,"8",.0,"8",.0,"8",.0,"8",.0,"8",.0,"8",.0,"8",.0,"8",0,"8",0,"8",0,"8","","",0,"8",0,"8"
"352190360","P£OCK","2006","09","01","09","4","",0,"8",0,"8","","","",8,"",0,"8",0,"8",8,"",220,"",4,"",0,"",14.4,"",.0,"8","U","",12.9,"",79,"",10.8,"",1002.5,"",1015.5,"",2,.4,"",.0,"8",0,"8","03","1","7","","9","","","/","","","/","","",0,"8",.0,"8",.0,"8","","8",0,"8","","",.0,"8",.0,"8",.0,"8",.0,"8",.0,"8",.0,"8",.0,"8",.0,"8",.0,"8",0,"8",0,"8",0,"8","","",0,"8",0,"8"
"352190360","P£OCK","2006","09","01","10","4","",0,"8",0,"8","","","",7,"",0,"8",0,"8",8,"",230,"",4,"",0,"",13.7,"",.0,"8","U","",13.5,"",86,"",11.4,"",1002.6,"",1015.7,"",3,.3,"",.0,"8",0,"8","25","2","6","","9","","","3","","","/","","",0,"8",.0,"8",.0,"8","","8",0,"8","","",.0,"8",.0,"8",.0,"8",.0,"8",.0,"8",.0,"8",.0,"8",.0,"8",.0,"8",0,"8",0,"8",0,"8","","",0,"8",0,"8"
"352190360","P£OCK","2006","09","01","11","4","",0,"8",0,"8","","","",6,"",0,"8",0,"8",8,"",230,"",4,"",0,"",14.1,"",.0,"8","U","",14.1,"",88,"",12.1,"",1002.5,"",1015.6,"",0,.3,"",.0,"8",0,"8","25","2","8","","9","","","/","","","/","","",0,"8",.0,"8",.0,"8","","8",0,"8","","",.0,"8",.0,"8",.0,"8",.0,"8",.0,"8",.0,"8",.0,"8",.0,"8",.0,"8",0,"8",0,"8",0,"8","","",0,"8",0,"8"
"352190360","P£OCK","2006","09","01","12","4","",0,"8",0,"8","","","",6,"",0,"8",0,"8",8,"",230,"",4,"",0,"",15.3,"",.0,"8","U","",14.6,"",84,"",12.6,"",1002.4,"",1015.4,"",8,-.1,"",.0,"",6,"","10","8","8","","5","","","/","","","/","","",1,"",.0,"8",.0,"8","","8",0,"8","","",.0,"8",.0,"8",.0,"8",.0,"8",.0,"8",.0,"8",.0,"8",.0,"8",.0,"8",0,"8",0,"8",0,"8","","",0,"8",0,"8"
"352190360","P£OCK","2006","09","01","13","4","",0,"8",0,"8","","","",6,"",0,"8",0,"8",8,"",210,"",3,"",0,"",16.0,"",.0,"8","U","",15.1,"",83,"",13.1,"",1002.2,"",1015.2,"",7,-.4,"",.0,"8",0,"8","10","2","8","","5","","","/","","","/","","",0,"8",.0,"8",.0,"8","","8",0,"8","","",.0,"8",.0,"8",.0,"8",.0,"8",.0,"8",.0,"8",.0,"8",.0,"8",.0,"8",0,"8",0,"8",0,"8","","",0,"8",0,"8"
"352190360","P£OCK","2006","09","01","14","4","",0,"8",0,"8","","","",7,"",0,"8",0,"8",8,"",220,"",4,"",0,"",16.4,"",.0,"8","U","",15.3,"",82,"",13.3,"",1002.1,"",1015.0,"",7,-.4,"",.0,"8",0,"8","02","2","8","","5","","","/","","","/","","",0,"8",.0,"8",.0,"8","","8",0,"8","","",.0,"8",.0,"8",.0,"8",.0,"8",.0,"8",.0,"8",.0,"8",.0,"8",.0,"8",0,"8",0,"8",0,"8","","",0,"8",0,"8"
"352190360","P£OCK","2006","09","01","15","4","",0,"8",0,"8","","","",7,"",0,"8",0,"8",8,"",230,"",3,"",0,"",17.0,"",.0,"8","U","",15.7,"",81,"",13.7,"",1002.0,"",1014.9,"",7,-.4,"",.0,"8",0,"8","02","2","8","","5","","","/","","","/","","",0,"8",.0,"8",.0,"8","","8",0,"8","","",.0,"8",.0,"8",.0,"8",.0,"8",.0,"8",.0,"8",.0,"8",.0,"8",.0,"8",0,"8",0,"8",0,"8","","",0,"8",0,"8"
"352190360","P£OCK","2006","09","01","16","4","",0,"8",0,"8","","","",7,"",0,"8",0,"8",6,"",230,"",4,"",0,"",16.7,"",.0,"8","U","",15.2,"",80,"",13.2,"",1002.1,"",1015.0,"",5,-.1,"",.0,"8",0,"8","01","2","5","","5","","","0","","","1","","",0,"8",.0,"8",.0,"8","","8",0,"8","","",.0,"8",.0,"8",.0,"8",.0,"8",.0,"8",.0,"8",.0,"8",.0,"8",.0,"8",0,"8",0,"8",0,"8","","",0,"8",0,"8"
"352190360","P£OCK","2006","09","01","17","4","",0,"8",0,"8","","","",7,"",0,"8",0,"8",7,"",210,"",2,"",0,"",16.3,"",.0,"8","U","",15.5,"",84,"",13.6,"",1002.2,"",1015.1,"",3,.1,"",.0,"8",0,"8","03","2","7","","5","","","/","","","/","","",0,"8",.0,"8",.0,"8","","8",0,"8","","",.0,"8",.0,"8",.0,"8",.0,"8",.0,"8",.0,"8",.0,"8",.0,"8",.0,"8",0,"8",0,"8",0,"8","","",0,"8",0,"8"
"352190360","P£OCK","2006","09","01","18","4","",0,"8",0,"8","","","",6,"",0,"8",0,"8",5,"",210,"",2,"",0,"",15.4,"",.0,"8","U","",15.2,"",87,"",13.2,"",1002.6,"",1015.6,"",3,.6,"",.0,"9",0,"9","10","2","3","","5","","","3","","","1","","",1,"",.0,"8",.0,"8","","8",0,"8","","",.0,"8",.0,"8",.0,"8",.0,"8",.0,"8",.0,"8",.0,"8",.0,"8",.0,"8",0,"8",0,"8",0,"8","","",0,"8",0,"8"
"352190360","P£OCK","2006","09","01","19","9","",0,"8",0,"8","","","",6,"",0,"8",0,"8",3,"",220,"",2,"",0,"",14.8,"",.0,"8","U","",15.0,"",89,"",13.0,"",1002.7,"",1015.7,"",2,.6,"",.0,"8",0,"8","10","1","2","","0","","","3","","","1","","",0,"8",.0,"8",.0,"8","","8",0,"8","","",.0,"8",.0,"8",.0,"8",.0,"8",.0,"8",.0,"8",.0,"8",.0,"8",.0,"8",0,"8",0,"8",0,"8","","",0,"8",0,"8"
"352190360","P£OCK","2006","09","01","20","9","",0,"8",0,"8","","","",6,"",0,"8",0,"8",3,"",220,"",3,"",0,"",14.8,"",.0,"8","U","",15.3,"",91,"",13.3,"",1002.8,"",1015.8,"",1,.6,"",.0,"8",0,"8","10","0","2","","0","","","3","","","1","","",0,"8",.0,"8",.0,"8","","8",0,"8","","",.0,"8",.0,"8",.0,"8",.0,"8",.0,"8",.0,"8",.0,"8",.0,"8",.0,"8",0,"8",0,"8",0,"8","","",0,"8",0,"8"
"352190360","P£OCK","2006","09","01","21","9","",0,"8",0,"8","","","",6,"",0,"8",0,"8",5,"",220,"",3,"",0,"",14.7,"",.0,"8","U","",15.4,"",92,"",13.4,"",1002.7,"",1015.7,"",0,.1,"",.0,"8",0,"8","10","1","2","","0","","","3","","","6","","",0,"8",.0,"8",.0,"8","","8",0,"8","","",.0,"8",.0,"8",.0,"8",.0,"8",.0,"8",.0,"8",.0,"8",.0,"8",.0,"8",0,"8",0,"8",0,"8","","",0,"8",0,"8"
"352190360","P£OCK","2006","09","01","22","5","",0,"8",0,"8","","","",5,"",0,"8",0,"8",7,"",230,"",3,"",0,"",14.8,"",.0,"8","U","",15.6,"",93,"",13.7,"",1002.9,"",1015.9,"",2,.2,"",.0,"8",0,"8","10","2","3","","5","","","3","","","6","","",0,"8",.0,"8",.0,"8","","8",0,"8","","",.0,"8",.0,"8",.0,"8",.0,"8",.0,"8",.0,"8",.0,"8",.0,"8",.0,"8",0,"8",0,"8",0,"8","","",0,"8",0,"8"
"352190360","P£OCK","2006","09","01","23","4","",0,"8",0,"8","","","",5,"",0,"8",0,"8",8,"",230,"",2,"",0,"",14.9,"",.0,"8","U","",15.7,"",93,"",13.8,"",1003.0,"",1016.0,"",3,.2,"",.0,"8",0,"8","10","2","8","","5","","","/","","","/","","",0,"8",.0,"8",.0,"8","","8",0,"8","","",.0,"8",.0,"8",.0,"8",.0,"8",.0,"8",.0,"8",.0,"8",.0,"8",.0,"8",0,"8",0,"8",0,"8","","",0,"8",0,"8"
"352190360","P£OCK","2006","09","02","00","4","",0,"8",0,"8","","","",5,"",0,"8",0,"8",7,"",210,"",1,"",0,"",14.7,"",.0,"8","U","",15.5,"",93,"",13.6,"",1002.8,"",1015.8,"",0,.1,"",.0,"9",0,"9","10","1","7","","5","","","/","","","/","","",1,"",.0,"8",.0,"8","","8",0,"8","","",.0,"8",.0,"8",.0,"8",.0,"8",.0,"8",.0,"8",.0,"8",.0,"8",.0,"8",0,"8",0,"8",0,"8","","",0,"8",0,"8"
"352190360","P£OCK","2006","09","02","01","3","",0,"8",0,"8","","","",5,"",0,"8",0,"8",8,"",200,"",2,"",0,"",14.9,"",.0,"8","U","",15.9,"",94,"",13.9,"",1003.1,"",1016.1,"",2,.2,"",.0,"8",0,"8","25","2","8","","6","","","/","","","/","","",0,"8",.0,"8",.0,"8","","8",0,"8","","",.0,"8",.0,"8",.0,"8",.0,"8",.0,"8",.0,"8",.0,"8",.0,"8",.0,"8",0,"8",0,"8",0,"8","","",0,"8",0,"8"
"352190360","P£OCK","2006","09","02","02","5","",0,"8",0,"8","","","",5,"",0,"8",0,"8",8,"",210,"",2,"",0,"",15.2,"",.0,"8","U","",16.2,"",94,"",14.2,"",1002.8,"",1015.8,"",7,-.2,"",.0,"8",0,"8","80","2","8","","9","","","/","","","/","","",0,"8",.0,"8",.0,"8","","8",0,"8","","",.0,"8",.0,"8",.0,"8",.0,"8",.0,"8",.0,"8",.0,"8",.0,"8",.0,"8",0,"8",0,"8",0,"8","","",0,"8",0,"8"
"352190360","P£OCK","2006","09","02","03","3","",0,"8",0,"8","","","",4,"",0,"8",0,"8",8,"",200,"",2,"",0,"",15.1,"",.0,"8","U","",16.3,"",95,"",14.3,"",1002.9,"",1015.9,"",2,.1,"",.0,"8",0,"8","25","2","8","","9","","","/","","","/","","",0,"8",.0,"8",.0,"8","","8",0,"8","","",.0,"8",.0,"8",.0,"8",.0,"8",.0,"8",.0,"8",.0,"8",.0,"8",.0,"8",0,"8",0,"8",0,"8","","",0,"8",0,"8"
"352190360","P£OCK","2006","09","02","04","1","",0,"8",0,"8","","","",2,"",0,"8",0,"8",7,"",150,"",1,"",0,"",14.4,"",.0,"8","U","",15.6,"",95,"",13.6,"",1002.9,"",1015.9,"",6,-.2,"",.0,"8",0,"8","46","2","7","","6","","","/","","","/","","",0,"8",.0,"8",.0,"8","","8",0,"8","","",.0,"8",.0,"8",.0,"8",.0,"8",.0,"8",.0,"8",.0,"8",.0,"8",.0,"8",0,"8",0,"8",0,"8","","",0,"8",0,"8"
"352190360","P£OCK","2006","09","02","05","2","",0,"8",0,"8","","","",4,"",0,"8",0,"8",7,"",170,"",1,"",0,"",14.8,"",.0,"8","U","",16.0,"",95,"",14.0,"",1003.0,"",1016.0,"",2,.2,"",.0,"8",0,"8","28","4","5","","6","","","3","","","/","","",0,"8",.0,"8",.0,"8","","8",0,"8","","",.0,"8",.0,"8",.0,"8",.0,"8",.0,"8",.0,"8",.0,"8",.0,"8",.0,"8",0,"8",0,"8",0,"8","","",0,"8",0,"8"
"352190360","P£OCK","2006","09","02","06","9","",0,"8",0,"8","","","",5,"",0,"8",0,"8",7,"",190,"",2,"",0,"",15.9,"",.0,"8","U","",17.1,"",95,"",15.1,"",1003.2,"",1016.2,"",3,.3,"",.0,"",6,"","10","8","6","","0","","","3","","","1","","",1,"",.0,"8",.0,"8","","8",0,"8","","",.0,"8",.0,"8",.0,"8",.0,"8",.0,"8",.0,"8",.0,"8",.0,"8",.0,"8",0,"8",0,"8",0,"8","","",0,"8",0,"8"
"352190360","P£OCK","2006","09","02","07","3","",0,"8",0,"8","","","",6,"",0,"8",0,"8",6,"",210,"",3,"",0,"",17.3,"",.0,"8","U","",17.1,"",87,"",15.1,"",1003.3,"",1016.2,"",2,.4,"",.0,"8",0,"8","10","2","1","","6","","","3","","","1","","",0,"8",.0,"8",.0,"8","","8",0,"8","","",.0,"8",.0,"8",.0,"8",.0,"8",.0,"8",.0,"8",.0,"8",.0,"8",.0,"8",0,"8",0,"8",0,"8","","",0,"8",0,"8"
"352190360","P£OCK","2006","09","02","08","4","",0,"8",0,"8","","","",6,"",0,"8",0,"8",6,"",220,"",2,"",0,"",18.7,"",.0,"8","U","",17.0,"",79,"",15.0,"",1003.5,"",1016.4,"",2,.5,"",.0,"8",0,"8","10","2","1","","5","","","3","","","1","","",0,"8",.0,"8",.0,"8","","8",0,"8","","",.0,"8",.0,"8",.0,"8",.0,"8",.0,"8",.0,"8",.0,"8",.0,"8",.0,"8",0,"8",0,"8",0,"8","","",0,"8",0,"8"
"352190360","P£OCK","2006","09","02","09","4","",0,"8",0,"8","","","",7,"",0,"8",0,"8",5,"",200,"",3,"",0,"",20.2,"",.0,"8","U","",17.2,"",73,"",15.2,"",1003.6,"",1016.4,"",2,.4,"",.0,"8",0,"8","03","2","1","","5","","","3","","","1","","",0,"8",.0,"8",.0,"8","","8",0,"8","","",.0,"8",.0,"8",.0,"8",.0,"8",.0,"8",.0,"8",.0,"8",.0,"8",.0,"8",0,"8",0,"8",0,"8","","",0,"8",0,"8"
"352190360","P£OCK","2006","09","02","10","5","",0,"8",0,"8","","","",8,"",0,"8",0,"8",2,"",220,"",3,"",0,"",21.6,"",.0,"8","U","",17.2,"",67,"",15.2,"",1003.3,"",1016.0,"",0,.0,"",.0,"8",0,"8","03","1","1","","2","","","3","","","0","","",0,"8",.0,"8",.0,"8","","8",0,"8","","",.0,"8",.0,"8",.0,"8",.0,"8",.0,"8",.0,"8",.0,"8",.0,"8",.0,"8",0,"8",0,"8",0,"8","","",0,"8",0,"8"
"352190360","P£OCK","2006","09","02","11","6","",0,"8",0,"8","","","",8,"",0,"8",0,"8",1,"",210,"",3,"",0,"",22.5,"",.0,"8","U","",15.8,"",58,"",13.8,"",1003.1,"",1015.8,"",8,-.4,"",.0,"8",0,"8","01","0","1","","2","","","3","","","0","","",0,"8",.0,"8",.0,"8","","8",0,"8","","",.0,"8",.0,"8",.0,"8",.0,"8",.0,"8",.0,"8",.0,"8",.0,"8",.0,"8",0,"8",0,"8",0,"8","","",0,"8",0,"8"
"352190360","P£OCK","2006","09","02","12","6","",0,"8",0,"8","","","",8,"",0,"8",0,"8",2,"",230,"",2,"",0,"",23.3,"",.0,"8","U","",15.1,"",53,"",13.2,"",1002.7,"",1015.3,"",7,-.9,"",.0,"9",0,"9","03","1","1","","2","","","3","","","0","","",1,"",.0,"8",.0,"8","","8",0,"8","","",.0,"8",.0,"8",.0,"8",.0,"8",.0,"8",.0,"8",.0,"8",.0,"8",.0,"8",0,"8",0,"8",0,"8","","",0,"8",0,"8"
"352190360","P£OCK","2006","09","02","13","6","",0,"8",0,"8","","","",8,"",0,"8",0,"8",2,"",220,"",3,"",0,"",24.0,"",.0,"8","U","",14.9,"",50,"",12.9,"",1002.7,"",1015.3,"",6,-.6,"",.0,"8",0,"8","01","0","1","","1","","","4","","","0","","",0,"8",.0,"8",.0,"8","","8",0,"8","","",.0,"8",.0,"8",.0,"8",.0,"8",.0,"8",.0,"8",.0,"8",.0,"8",.0,"8",0,"8",0,"8",0,"8","","",0,"8",0,"8"
"352190360","P£OCK","2006","09","02","14","6","",0,"8",0,"8","","","",8,"",0,"8",0,"8",2,"",200,"",3,"",0,"",24.6,"",.0,"8","U","",14.5,"",47,"",12.5,"",1002.3,"",1014.9,"",7,-.8,"",.0,"8",0,"8","02","0","1","","1","","","3","","","0","","",0,"8",.0,"8",.0,"8","","8",0,"8","","",.0,"8",.0,"8",.0,"8",.0,"8",.0,"8",.0,"8",.0,"8",.0,"8",.0,"8",0,"8",0,"8",0,"8","","",0,"8",0,"8"
"352190360","P£OCK","2006","09","02","15","6","",0,"8",0,"8","","","",8,"",0,"8",0,"8",2,"",230,"",3,"",0,"",24.4,"",.0,"8","U","",14.9,"",49,"",13.0,"",1002.3,"",1014.9,"",6,-.4,"",.0,"8",0,"8","01","0","1","","4","","","3","","","1","","",0,"8",.0,"8",.0,"8","","8",0,"8","","",.0,"8",.0,"8",.0,"8",.0,"8",.0,"8",.0,"8",.0,"8",.0,"8",.0,"8",0,"8",0,"8",0,"8","","",0,"8",0,"8"
"352190360","P£OCK","2006","09","02","16","6","",0,"8",0,"8","","","",8,"",0,"8",0,"8",3,"",220,"",2,"",0,"",23.7,"",.0,"8","U","",15.5,"",53,"",13.6,"",1002.3,"",1014.9,"",6,-.4,"",.0,"8",0,"8","01","0","1","","4","","","3","","","1","","",0,"8",.0,"8",.0,"8","","8",0,"8","","",.0,"8",.0,"8",.0,"8",.0,"8",.0,"8",.0,"8",.0,"8",.0,"8",.0,"8",0,"8",0,"8",0,"8","","",0,"8",0,"8"
"352190360","P£OCK","2006","09","02","17","9","",0,"8",0,"8","","","",8,"",0,"8",0,"8",6,"",150,"",1,"",0,"",20.6,"",.0,"8","U","",16.5,"",68,"",14.5,"",1002.0,"",1014.8,"",8,-.3,"",.0,"8",0,"8","01","1","4","","0","","","5","","","4","","",0,"8",.0,"8",.0,"8","","8",0,"8","","",.0,"8",.0,"8",.0,"8",.0,"8",.0,"8",.0,"8",.0,"8",.0,"8",.0,"8",0,"8",0,"8",0,"8","","",0,"8",0,"8"
"352190360","P£OCK","2006","09","02","18","9","",0,"8",0,"8","","","",7,"",0,"8",0,"8",6,"",140,"",2,"",0,"",19.6,"",.0,"8","U","",16.8,"",74,"",14.8,"",1002.2,"",1015.0,"",5,-.1,"",.0,"9",0,"9","02","1","4","","0","","","3","","","1","","",1,"",.0,"8",.0,"8","","8",0,"8","","",.0,"8",.0,"8",.0,"8",.0,"8",.0,"8",.0,"8",.0,"8",.0,"8",.0,"8",0,"8",0,"8",0,"8","","",0,"8",0,"8"
"352190360","P£OCK","2006","09","02","19","9","",0,"8",0,"8","","","",7,"",0,"8",0,"8",5,"",120,"",2,"",0,"",17.2,"",.0,"8","U","",15.9,"",81,"",13.9,"",1002.4,"",1015.3,"",3,.1,"",.0,"8",0,"8","01","2","2","","0","","","3","","","1","","",0,"8",.0,"8",.0,"8","","8",0,"8","","",.0,"8",.0,"8",.0,"8",.0,"8",.0,"8",.0,"8",.0,"8",.0,"8",.0,"8",0,"8",0,"8",0,"8","","",0,"8",0,"8"
"352190360","P£OCK","2006","09","02","20","9","",0,"8",0,"8","","","",7,"",0,"8",0,"8",3,"",140,"",2,"",0,"",17.5,"",.0,"8","U","",16.4,"",82,"",14.4,"",1002.3,"",1015.2,"",0,.3,"",.0,"8",0,"8","01","1","1","","0","","","3","","","1","","",0,"8",.0,"8",.0,"8","","8",0,"8","","",.0,"8",.0,"8",.0,"8",.0,"8",.0,"8",.0,"8",.0,"8",.0,"8",.0,"8",0,"8",0,"8",0,"8","","",0,"8",0,"8"
"352190360","P£OCK","2006","09","02","21","9","",0,"8",0,"8","","","",7,"",0,"8",0,"8",1,"",120,"",2,"",0,"",16.9,"",.0,"8","U","",15.8,"",82,"",13.8,"",1002.2,"",1015.1,"",0,.0,"",.0,"8",0,"8","01","1","1","","0","","","3","","","0","","",0,"8",.0,"8",.0,"8","","8",0,"8","","",.0,"8",.0,"8",.0,"8",.0,"8",.0,"8",.0,"8",.0,"8",.0,"8",.0,"8",0,"8",0,"8",0,"8","","",0,"8",0,"8"
"352190360","P£OCK","2006","09","02","22","9","",0,"8",0,"8","","","",7,"",0,"8",0,"8",1,"",140,"",2,"",0,"",16.8,"",.0,"8","U","",15.8,"",83,"",13.9,"",1001.8,"",1014.7,"",8,-.6,"",.0,"8",0,"8","02","0","1","","0","","","3","","","0","","",0,"8",.0,"8",.0,"8","","8",0,"8","","",.0,"8",.0,"8",.0,"8",.0,"8",.0,"8",.0,"8",.0,"8",.0,"8",.0,"8",0,"8",0,"8",0,"8","","",0,"8",0,"8"
"352190360","P£OCK","2006","09","02","23","9","",0,"8",0,"8","","","",7,"",0,"8",0,"8",0,"",130,"",2,"",0,"",16.5,"",.0,"8","U","",15.5,"",83,"",13.6,"",1001.4,"",1014.3,"",8,-.9,"",.0,"8",0,"8","01","0","0","","0","","","0","","","0","","",0,"8",.0,"8",.0,"8","","8",0,"8","","",.0,"8",.0,"8",.0,"8",.0,"8",.0,"8",.0,"8",.0,"8",.0,"8",.0,"8",0,"8",0,"8",0,"8","","",0,"8",0,"8"
"352190360","P£OCK","2006","09","03","00","9","",0,"8",0,"8","","","",7,"",0,"8",0,"8",1,"",150,"",2,"",0,"",16.3,"",.0,"8","U","",15.5,"",84,"",13.6,"",1000.9,"",1013.8,"",7,-1.3,"",.0,"9",0,"9","03","1","1","","0","","","3","","","0","","",1,"",.0,"8",.0,"8","","8",0,"8","","",.0,"8",.0,"8",.0,"8",.0,"8",.0,"8",.0,"8",.0,"8",.0,"8",.0,"8",0,"8",0,"8",0,"8","","",0,"8",0,"8"
"352190360","P£OCK","2006","09","03","01","9","",0,"8",0,"8","","","",7,"",0,"8",0,"8",2,"",160,"",2,"",0,"",17.0,"",.0,"8","U","",15.5,"",80,"",13.5,"",1000.4,"",1013.3,"",7,-1.4,"",.0,"8",0,"8","03","0","2","","0","","","3","","","0","","",0,"8",.0,"8",.0,"8","","8",0,"8","","",.0,"8",.0,"8",.0,"8",.0,"8",.0,"8",.0,"8",.0,"8",.0,"8",.0,"8",0,"8",0,"8",0,"8","","",0,"8",0,"8"
"352190360","P£OCK","2006","09","03","02","9","",0,"8",0,"8","","","",7,"",0,"8",0,"8",2,"",140,"",2,"",0,"",16.1,"",.0,"8","U","",15.0,"",82,"",13.0,"",1000.0,"",1012.9,"",7,-1.4,"",.0,"8",0,"8","02","0","2","","0","","","3","","","0","","",0,"8",.0,"8",.0,"8","","8",0,"8","","",.0,"8",.0,"8",.0,"8",.0,"8",.0,"8",.0,"8",.0,"8",.0,"8",.0,"8",0,"8",0,"8",0,"8","","",0,"8",0,"8"
"352190360","P£OCK","2006","09","03","03","9","",0,"8",0,"8","","","",7,"",0,"8",0,"8",1,"",150,"",2,"",0,"",15.9,"",.0,"8","U","",15.1,"",84,"",13.2,"",999.7,"",1012.6,"",6,-1.2,"",.0,"8",0,"8","01","0","1","","0","","","3","","","0","","",0,"8",.0,"8",.0,"8","","8",0,"8","","",.0,"8",.0,"8",.0,"8",.0,"8",.0,"8",.0,"8",.0,"8",.0,"8",.0,"8",0,"8",0,"8",0,"8","","",0,"8",0,"8"
"352190360","P£OCK","2006","09","03","04","9","",0,"8",0,"8","","","",7,"",0,"8",0,"8",5,"",150,"",2,"",0,"",15.5,"",.0,"8","U","",15.1,"",86,"",13.2,"",999.5,"",1012.4,"",6,-.9,"",.0,"8",0,"8","03","1","5","","0","","","5","","","0","","",0,"8",.0,"8",.0,"8","","8",0,"8","","",.0,"8",.0,"8",.0,"8",.0,"8",.0,"8",.0,"8",.0,"8",.0,"8",.0,"8",0,"8",0,"8",0,"8","","",0,"8",0,"8"
"352190360","P£OCK","2006","09","03","05","9","",0,"8",0,"8","","","",7,"",0,"8",0,"8",7,"",150,"",2,"",0,"",15.7,"",.0,"8","U","",15.1,"",85,"",13.2,"",999.3,"",1012.2,"",7,-.7,"",.0,"8",0,"8","03","2","7","","0","","","5","","","/","","",0,"8",.0,"8",.0,"8","","8",0,"8","","",.0,"8",.0,"8",.0,"8",.0,"8",.0,"8",.0,"8",.0,"8",.0,"8",.0,"8",0,"8",0,"8",0,"8","","",0,"8",0,"8"
"352190360","P£OCK","2006","09","03","06","9","",0,"8",0,"8","","","",7,"",0,"8",0,"8",7,"",170,"",2,"",0,"",17.0,"",.0,"8","U","",15.9,"",82,"",13.9,"",999.1,"",1012.0,"",7,-.6,"",.0,"9",0,"9","01","1","3","","0","","","3","","","8","","",1,"",.0,"8",.0,"8","","8",0,"8","","",.0,"8",.0,"8",.0,"8",.0,"8",.0,"8",.0,"8",.0,"8",.0,"8",.0,"8",0,"8",0,"8",0,"8","","",0,"8",0,"8"
"352190360","P£OCK","2006","09","03","07","5","",0,"8",0,"8","","","",7,"",0,"8",0,"8",8,"",190,"",2,"",0,"",17.9,"",.0,"8","U","",16.0,"",78,"",14.0,"",999.2,"",1012.0,"",5,-.3,"",.0,"8",0,"8","25","2","2","","9","","","3","","","7","","",0,"8",.0,"8",.0,"8","","8",0,"8","","",.0,"8",.0,"8",.0,"8",.0,"8",.0,"8",.0,"8",.0,"8",.0,"8",.0,"8",0,"8",0,"8",0,"8","","",0,"8",0,"8"
"352190360","P£OCK","2006","09","03","08","9","",0,"8",0,"8","","","",7,"",0,"8",0,"8",8,"",210,"",3,"",0,"",17.7,"",.0,"8","U","",16.8,"",83,"",14.8,"",999.8,"",1012.7,"",3,.5,"",.0,"8",0,"8","61","2","8","","0","","","7","","","/","","",0,"8",.0,"8",.0,"8","","8",0,"8","","",.0,"8",.0,"8",.0,"8",.0,"8",.0,"8",.0,"8",.0,"8",.0,"8",.0,"8",0,"8",0,"8",0,"8","","",0,"8",0,"8"
"352190360","P£OCK","2006","09","03","09","5","",0,"8",0,"8","","","",7,"",0,"8",0,"8",8,"",180,"",2,"",0,"",17.4,"",.0,"8","U","",17.1,"",86,"",15.0,"",999.2,"",1012.1,"",0,.1,"",.0,"8",0,"8","61","8","5","","5","","","2","","","/","","",0,"8",.0,"8",.0,"8","","8",0,"8","","",.0,"8",.0,"8",.0,"8",.0,"8",.0,"8",.0,"8",.0,"8",.0,"8",.0,"8",0,"8",0,"8",0,"8","","",0,"8",0,"8"
"352190360","P£OCK","2006","09","03","10","7","",0,"8",0,"8","","","",7,"",0,"8",0,"8",7,"",160,"",3,"",0,"",18.2,"",.0,"8","U","",18.1,"",87,"",16.0,"",998.5,"",1011.3,"",8,-.7,"",.0,"8",0,"8","21","2","2","","5","","","3","","","/","","",0,"8",.0,"8",.0,"8","","8",0,"8","","",.0,"8",.0,"8",.0,"8",.0,"8",.0,"8",.0,"8",.0,"8",.0,"8",.0,"8",0,"8",0,"8",0,"8","","",0,"8",0,"8"
"352190360","P£OCK","2006","09","03","11","3","",0,"8",0,"8","","","",7,"",0,"8",0,"8",7,"",170,"",5,"",0,"",19.1,"",.0,"8","U","",18.3,"",83,"",16.1,"",998.0,"",1010.8,"",7,-1.8,"",.0,"8",0,"8","01","2","1","","6","","","3","","","/","","",0,"8",.0,"8",.0,"8","","8",0,"8","","",.0,"8",.0,"8",.0,"8",.0,"8",.0,"8",.0,"8",.0,"8",.0,"8",.0,"8",0,"8",0,"8",0,"8","","",0,"8",0,"8"
"352190360","P£OCK","2006","09","03","12","5","",0,"8",0,"8","","","",8,"",0,"8",0,"8",7,"",180,"",4,"",0,"",20.0,"",.0,"8","U","",18.4,"",79,"",16.2,"",997.6,"",1010.3,"",6,-1.6,"",.7,"",6,"","03","8","4","","5","","","3","","","/","","",2,"",.0,"8",.0,"8","","8",0,"8","","",.0,"8",.0,"8",.0,"8",.0,"8",.0,"8",.0,"8",.0,"8",.0,"8",.0,"8",0,"8",0,"8",0,"8","","",0,"8",0,"8"
"352190360","P£OCK","2006","09","03","13","5","",0,"8",0,"8","","","",8,"",0,"8",0,"8",7,"",200,"",4,"",0,"",21.5,"",.0,"8","U","",18.2,"",71,"",16.0,"",997.0,"",1009.7,"",7,-1.5,"",.0,"8",0,"8","03","2","5","","2","","","3","","","/","","",0,"8",.0,"8",.0,"8","","8",0,"8","","",.0,"8",.0,"8",.0,"8",.0,"8",.0,"8",.0,"8",.0,"8",.0,"8",.0,"8",0,"8",0,"8",0,"8","","",0,"8",0,"8"
"352190360","P£OCK","2006","09","03","14","6","",0,"8",0,"8","","","",8,"",0,"8",0,"8",7,"",210,"",5,"",0,"",21.9,"",.0,"8","U","",17.0,"",65,"",15.0,"",996.7,"",1009.3,"",7,-1.3,"",.0,"8",0,"8","01","2","2","","2","","","3","","","8","","",0,"8",.0,"8",.0,"8","","8",0,"8","","",.0,"8",.0,"8",.0,"8",.0,"8",.0,"8",.0,"8",.0,"8",.0,"8",.0,"8",0,"8",0,"8",0,"8","","",0,"8",0,"8"
"352190360","P£OCK","2006","09","03","15","5","",0,"8",0,"8","","","",8,"",0,"8",0,"8",8,"",210,"",4,"",0,"",21.5,"",.0,"8","U","",16.9,"",66,"",14.9,"",996.4,"",1009.0,"",6,-1.2,"",.0,"8",0,"8","01","2","6","","8","","","3","","","/","","",0,"8",.0,"8",.0,"8","","8",0,"8","","",.0,"8",.0,"8",.0,"8",.0,"8",.0,"8",.0,"8",.0,"8",.0,"8",.0,"8",0,"8",0,"8",0,"8","","",0,"8",0,"8"
"352190360","P£OCK","2006","09","03","16","6","",0,"8",0,"8","","","",8,"",0,"8",0,"8",8,"",220,"",4,"",0,"",20.9,"",.0,"8","U","",17.5,"",71,"",15.4,"",995.9,"",1008.6,"",8,-1.1,"",.0,"8",0,"8","01","2","6","","5","","","3","","","/","","",0,"8",.0,"8",.0,"8","","8",0,"8","","",.0,"8",.0,"8",.0,"8",.0,"8",.0,"8",.0,"8",.0,"8",.0,"8",.0,"8",0,"8",0,"8",0,"8","","",0,"8",0,"8"
"352190360","P£OCK","2006","09","03","17","6","",0,"8",0,"8","","","",8,"",0,"8",0,"8",8,"",230,"",4,"",0,"",20.5,"",.0,"8","U","",16.6,"",69,"",14.6,"",995.4,"",1008.1,"",8,-1.3,"",.0,"8",0,"8","02","2","6","","5","","","3","","","/","","",0,"8",.0,"8",.0,"8","","8",0,"8","","",.0,"8",.0,"8",.0,"8",.0,"8",.0,"8",.0,"8",.0,"8",.0,"8",.0,"8",0,"8",0,"8",0,"8","","",0,"8",0,"8"
"352190360","P£OCK","2006","09","03","18","5","",0,"8",0,"8","","","",8,"",0,"8",0,"8",8,"",220,"",3,"",0,"",19.7,"",.0,"8","U","",16.9,"",74,"",14.9,"",995.1,"",1007.8,"",6,-1.3,"",.0,"9",0,"9","02","2","6","","5","","","3","","","/","","",1,"",.0,"8",.0,"8","","8",0,"8","","",.0,"8",.0,"8",.0,"8",.0,"8",.0,"8",.0,"8",.0,"8",.0,"8",.0,"8",0,"8",0,"8",0,"8","","",0,"8",0,"8"
"352190360","P£OCK","2006","09","03","19","6","",0,"8",0,"8","","","",7,"",0,"8",0,"8",8,"",220,"",3,"",0,"",18.8,"",.0,"8","U","",17.5,"",81,"",15.5,"",994.5,"",1007.2,"",7,-1.4,"",.0,"8",0,"8","80","2","8","","9","","","/","","","/","","",0,"8",.0,"8",.0,"8","","8",0,"8","","",.0,"8",.0,"8",.0,"8",.0,"8",.0,"8",.0,"8",.0,"8",.0,"8",.0,"8",0,"8",0,"8",0,"8","","",0,"8",0,"8"
"352190360","P£OCK","2006","09","03","20","5","",0,"8",0,"8","","","",6,"",0,"8",0,"8",8,"",220,"",4,"",0,"",18.4,"",.0,"8","U","",17.9,"",85,"",15.8,"",993.5,"",1006.2,"",8,-1.9,"",.0,"8",0,"8","80","8","8","","9","","","/","","","/","","",0,"8",.0,"8",.0,"8","","8",0,"8","","",.0,"8",.0,"8",.0,"8",.0,"8",.0,"8",.0,"8",.0,"8",.0,"8",.0,"8",0,"8",0,"8",0,"8","","",0,"8",0,"8"
"352190360","P£OCK","2006","09","03","21","4","",0,"8",0,"8","","","",6,"",0,"8",0,"8",8,"",220,"",6,"",0,"",17.9,"",.0,"8","U","",18.4,"",90,"",16.2,"",992.7,"",1005.5,"",7,-2.4,"",.0,"8",0,"8","80","8","8","","9","","","/","","","/","","",0,"8",.0,"8",.0,"8","","8",0,"8","","",.0,"8",.0,"8",.0,"8",.0,"8",.0,"8",.0,"8",.0,"8",.0,"8",.0,"8",0,"8",0,"8",0,"8","","",0,"8",0,"8"
"352190360","P£OCK","2006","09","03","22","4","",0,"8",0,"8","","","",7,"",0,"8",0,"8",8,"",230,"",6,"",0,"",18.1,"",.0,"8","U","",18.2,"",88,"",16.1,"",992.1,"",1004.8,"",6,-2.4,"",.0,"8",0,"8","25","2","8","","5","","","/","","","/","","",0,"8",.0,"8",.0,"8","","8",0,"8","","",.0,"8",.0,"8",.0,"8",.0,"8",.0,"8",.0,"8",.0,"8",.0,"8",.0,"8",0,"8",0,"8",0,"8","","",0,"8",0,"8"
"352190360","P£OCK","2006","09","03","23","4","",0,"8",0,"8","","","",8,"",0,"8",0,"8",7,"",230,"",5,"",0,"",18.0,"",.0,"8","U","",17.9,"",87,"",15.8,"",991.4,"",1004.1,"",7,-2.1,"",.0,"8",0,"8","01","2","7","","5","","","/","","","/","","",0,"8",.0,"8",.0,"8","","8",0,"8","","",.0,"8",.0,"8",.0,"8",.0,"8",.0,"8",.0,"8",.0,"8",.0,"8",.0,"8",0,"8",0,"8",0,"8","","",0,"8",0,"8"
"352190360","P£OCK","2006","09","04","00","4","",0,"8",0,"8","","","",8,"",0,"8",0,"8",3,"",230,"",6,"",0,"",18.2,"",.0,"8","U","",17.9,"",86,"",15.8,"",991.0,"",1003.7,"",7,-1.7,"",1.6,"",6,"","01","8","3","","5","","","0","","","0","","",2,"",.0,"8",.0,"8","","8",0,"8","","",.0,"8",.0,"8",.0,"8",.0,"8",.0,"8",.0,"8",.0,"8",.0,"8",.0,"8",0,"8",0,"8",0,"8","","",0,"8",0,"8"
"352190360","P£OCK","2006","09","04","01","4","",0,"8",0,"8","","","",8,"",0,"8",0,"8",7,"",240,"",6,"",11,"",18.6,"",.0,"8","U","",17.5,"",82,"",15.5,"",991.1,"",1003.8,"",5,-1.0,"",.0,"8",0,"8","03","1","7","","5","","","/","","","/","","",0,"8",.0,"8",.0,"8","","8",0,"8","","",.0,"8",.0,"8",.0,"8",.0,"8",.0,"8",.0,"8",.0,"8",.0,"8",.0,"8",0,"8",0,"8",0,"8","","",0,"8",0,"8"
"352190360","P£OCK","2006","09","04","02","5","",0,"8",0,"8","","","",8,"",0,"8",0,"8",7,"",250,"",5,"",10,"",18.4,"",.0,"8","U","",17.3,"",82,"",15.3,"",991.1,"",1003.8,"",6,-.3,"",.0,"8",0,"8","02","2","7","","5","","","/","","","/","","",0,"8",.0,"8",.0,"8","","8",0,"8","","",.0,"8",.0,"8",.0,"8",.0,"8",.0,"8",.0,"8",.0,"8",.0,"8",.0,"8",0,"8",0,"8",0,"8","","",0,"8",0,"8"
"352190360","P£OCK","2006","09","04","03","5","",0,"8",0,"8","","","",8,"",0,"8",0,"8",7,"",250,"",6,"",12,"",18.2,"",.0,"8","U","",16.5,"",79,"",14.5,"",991.5,"",1004.2,"",2,.5,"",.0,"8",0,"8","02","1","7","","5","","","/","","","/","","",0,"8",.0,"8",.0,"8","","8",0,"8","","",.0,"8",.0,"8",.0,"8",.0,"8",.0,"8",.0,"8",.0,"8",.0,"8",.0,"8",0,"8",0,"8",0,"8","","",0,"8",0,"8"
"352190360","P£OCK","2006","09","04","04","5","",0,"8",0,"8","","","",8,"",0,"8",0,"8",7,"",260,"",6,"",14,"",17.9,"",.0,"8","U","",16.0,"",78,"",14.0,"",991.5,"",1004.2,"",1,.4,"",.0,"8",0,"8","02","2","7","","5","","","/","","","/","","",0,"8",.0,"8",.0,"8","","8",0,"8","","",.0,"8",.0,"8",.0,"8",.0,"8",.0,"8",.0,"8",.0,"8",.0,"8",.0,"8",0,"8",0,"8",0,"8","","",0,"8",0,"8"
"352190360","P£OCK","2006","09","04","05","5","",0,"8",0,"8","","","",8,"",0,"8",0,"8",7,"",260,"",7,"",14,"",18.2,"",.0,"8","U","",15.8,"",76,"",13.9,"",991.9,"",1004.6,"",2,.8,"",.0,"8",0,"8","01","2","6","","5","","","3","","","/","","",0,"8",.0,"8",.0,"8","","8",0,"8","","",.0,"8",.0,"8",.0,"8",.0,"8",.0,"8",.0,"8",.0,"8",.0,"8",.0,"8",0,"8",0,"8",0,"8","","",0,"8",0,"8"
"352190360","P£OCK","2006","09","04","06","5","",0,"8",0,"8","","","",8,"",0,"8",0,"8",7,"",260,"",7,"",15,"",18.2,"",.0,"8","U","",15.6,"",75,"",13.7,"",992.3,"",1005.0,"",3,.8,"",.2,"",6,"","25","1","7","","9","","","/","","","/","","",2,"",.0,"8",.0,"8","","8",0,"8","","",.0,"8",.0,"8",.0,"8",.0,"8",.0,"8",.0,"8",.0,"8",.0,"8",.0,"8",0,"8",0,"8",0,"8","","",0,"8",0,"8"
"352190360","P£OCK","2006","09","04","07","5","",0,"8",0,"8","","","",8,"",0,"8",0,"8",7,"",270,"",10,"",15,"",18.9,"",.0,"8","U","",14.8,"",68,"",12.9,"",993.0,"",1005.7,"",3,1.5,"",.0,"8",0,"8","01","2","6","","9","","","3","","","/","","",0,"8",.0,"8",.0,"8","","8",0,"8","","",.0,"8",.0,"8",.0,"8",.0,"8",.0,"8",.0,"8",.0,"8",.0,"8",.0,"8",0,"8",0,"8",0,"8","","",0,"8",0,"8"
"352190360","P£OCK","2006","09","04","08","5","",0,"8",0,"8","","","",8,"",0,"8",0,"8",7,"",270,"",9,"",16,"",18.7,"",.0,"8","U","",14.4,"",67,"",12.4,"",994.0,"",1006.7,"",3,2.1,"",.0,"8",0,"8","03","2","7","","9","","","/","","","/","","",0,"8",.0,"8",.0,"8","","8",0,"8","","",.0,"8",.0,"8",.0,"8",.0,"8",.0,"8",.0,"8",.0,"8",.0,"8",.0,"8",0,"8",0,"8",0,"8","","",0,"8",0,"8"
"352190360","P£OCK","2006","09","04","09","5","",0,"8",0,"8","","","",8,"",0,"8",0,"8",7,"",280,"",9,"",15,"",18.2,"",.0,"8","U","",14.4,"",69,"",12.4,"",995.2,"",1008.0,"",3,2.9,"",.0,"8",0,"8","25","2","7","","9","","","/","","","/","","",0,"8",.0,"8",.0,"8","","8",0,"8","","",.0,"8",.0,"8",.0,"8",.0,"8",.0,"8",.0,"8",.0,"8",.0,"8",.0,"8",0,"8",0,"8",0,"8","","",0,"8",0,"8"
"352190360","P£OCK","2006","09","04","10","5","",0,"8",0,"8","","","",8,"",0,"8",0,"8",7,"",300,"",7,"",12,"",17.9,"",.0,"8","U","",13.9,"",68,"",11.9,"",996.6,"",1009.4,"",3,3.6,"",.0,"8",0,"8","25","2","6","","9","","","3","","","/","","",0,"8",.0,"8",.0,"8","","8",0,"8","","",.0,"8",.0,"8",.0,"8",.0,"8",.0,"8",.0,"8",.0,"8",.0,"8",.0,"8",0,"8",0,"8",0,"8","","",0,"8",0,"8"
"352190360","P£OCK","2006","09","04","11","5","",0,"8",0,"8","","","",8,"",0,"8",0,"8",7,"",280,"",8,"",13,"",18.7,"",.0,"8","U","",13.3,"",62,"",11.3,"",997.3,"",1010.1,"",2,3.3,"",.0,"8",0,"8","03","2","7","","9","","","/","","","/","","",0,"8",.0,"8",.0,"8","","8",0,"8","","",.0,"8",.0,"8",.0,"8",.0,"8",.0,"8",.0,"8",.0,"8",.0,"8",.0,"8",0,"8",0,"8",0,"8","","",0,"8",0,"8"
"352190360","P£OCK","2006","09","04","12","5","",0,"8",0,"8","","","",8,"",0,"8",0,"8",7,"",280,"",9,"",15,"",20.3,"",.0,"8","U","",12.4,"",52,"",10.1,"",997.6,"",1010.3,"",1,2.4,"",.0,"",6,"","02","8","7","","9","","","/","","","/","","",1,"",.0,"8",.0,"8","","8",0,"8","","",.0,"8",.0,"8",.0,"8",.0,"8",.0,"8",.0,"8",.0,"8",.0,"8",.0,"8",0,"8",0,"8",0,"8","","",0,"8",0,"8"
"352190360","P£OCK","2006","09","04","13","5","",0,"8",0,"8","","","",8,"",0,"8",0,"8",7,"",270,"",9,"",15,"",19.5,"",.0,"8","U","",13.1,"",58,"",11.0,"",998.2,"",1011.0,"",2,1.6,"",.0,"8",0,"8","01","2","6","","5","","","3","","","/","","",0,"8",.0,"8",.0,"8","","8",0,"8","","",.0,"8",.0,"8",.0,"8",.0,"8",.0,"8",.0,"8",.0,"8",.0,"8",.0,"8",0,"8",0,"8",0,"8","","",0,"8",0,"8"
"352190360","P£OCK","2006","09","04","14","5","",0,"8",0,"8","","","",8,"",0,"8",0,"8",7,"",280,"",8,"",13,"",19.4,"",.0,"8","U","",11.9,"",53,"",9.6,"",998.6,"",1011.4,"",2,1.3,"",.0,"8",0,"8","03","2","4","","2","","","5","","","/","","",0,"8",.0,"8",.0,"8","","8",0,"8","","",.0,"8",.0,"8",.0,"8",.0,"8",.0,"8",.0,"8",.0,"8",.0,"8",.0,"8",0,"8",0,"8",0,"8","","",0,"8",0,"8"
"352190360","P£OCK","2006","09","04","15","5","",0,"8",0,"8","","","",8,"",0,"8",0,"8",7,"",270,"",8,"",14,"",18.9,"",.0,"8","U","",11.5,"",53,"",9.1,"",998.8,"",1011.6,"",1,1.2,"",.0,"8",0,"8","01","2","3","","2","","","5","","","/","","",0,"8",.0,"8",.0,"8","","8",0,"8","","",.0,"8",.0,"8",.0,"8",.0,"8",.0,"8",.0,"8",.0,"8",.0,"8",.0,"8",0,"8",0,"8",0,"8","","",0,"8",0,"8"
"352190360","P£OCK","2006","09","04","16","9","",0,"8",0,"8","","","",8,"",0,"8",0,"8",7,"",270,"",6,"",13,"",18.4,"",.0,"8","U","",11.8,"",56,"",9.5,"",999.1,"",1011.9,"",2,.9,"",.0,"8",0,"8","01","2","7","","0","","","7","","","/","","",0,"8",.0,"8",.0,"8","","8",0,"8","","",.0,"8",.0,"8",.0,"8",.0,"8",.0,"8",.0,"8",.0,"8",.0,"8",.0,"8",0,"8",0,"8",0,"8","","",0,"8",0,"8"
"352190360","P£OCK","2006","09","04","17","5","",0,"8",0,"8","","","",8,"",0,"8",0,"8",5,"",260,"",5,"",12,"",16.4,"",.0,"8","U","",14.0,"",75,"",12.0,"",998.9,"",1011.8,"",0,.3,"",.0,"8",0,"8","25","2","4","","9","","","3","","","0","","",0,"8",.0,"8",.0,"8","","8",0,"8","","",.0,"8",.0,"8",.0,"8",.0,"8",.0,"8",.0,"8",.0,"8",.0,"8",.0,"8",0,"8",0,"8",0,"8","","",0,"8",0,"8"
"352190360","P£OCK","2006","09","04","18","5","",0,"8",0,"8","","","",8,"",0,"8",0,"8",2,"",240,"",4,"",0,"",15.8,"",.0,"8","U","",13.4,"",75,"",11.4,"",998.8,"",1011.7,"",0,.0,"",.6,"",6,"","01","8","1","","5","","","3","","","0","","",2,"",.0,"8",.0,"8","","8",0,"8","","",.0,"8",.0,"8",.0,"8",.0,"8",.0,"8",.0,"8",.0,"8",.0,"8",.0,"8",0,"8",0,"8",0,"8","","",0,"8",0,"8"
"352190360","P£OCK","2006","09","04","19","6","",0,"8",0,"8","","","",8,"",0,"8",0,"8",4,"",260,"",7,"",13,"",16.7,"",.0,"8","U","",12.9,"",68,"",10.8,"",998.6,"",1011.5,"",7,-.5,"",.0,"8",0,"8","03","1","2","","5","","","3","","","0","","",0,"8",.0,"8",.0,"8","","8",0,"8","","",.0,"8",.0,"8",.0,"8",.0,"8",.0,"8",.0,"8",.0,"8",.0,"8",.0,"8",0,"8",0,"8",0,"8","","",0,"8",0,"8"
"352190360","P£OCK","2006","09","04","20","9","",0,"8",0,"8","","","",8,"",0,"8",0,"8",1,"",270,"",7,"",13,"",16.3,"",.0,"8","U","",11.8,"",64,"",9.5,"",999.1,"",1012.0,"",3,.2,"",.0,"8",0,"8","01","0","1","","0","","","3","","","0","","",0,"8",.0,"8",.0,"8","","8",0,"8","","",.0,"8",.0,"8",.0,"8",.0,"8",.0,"8",.0,"8",.0,"8",.0,"8",.0,"8",0,"8",0,"8",0,"8","","",0,"8",0,"8"
"352190360","P£OCK","2006","09","04","21","9","",0,"8",0,"8","","","",8,"",0,"8",0,"8",1,"",270,"",8,"",14,"",16.1,"",.0,"8","U","",11.7,"",64,"",9.3,"",999.1,"",1012.0,"",1,.3,"",.0,"8",0,"8","02","1","1","","0","","","3","","","0","","",0,"8",.0,"8",.0,"8","","8",0,"8","","",.0,"8",.0,"8",.0,"8",.0,"8",.0,"8",.0,"8",.0,"8",.0,"8",.0,"8",0,"8",0,"8",0,"8","","",0,"8",0,"8"
"352190360","P£OCK","2006","09","04","22","9","",0,"8",0,"8","","","",8,"",0,"8",0,"8",1,"",270,"",7,"",0,"",15.5,"",.0,"8","U","",11.8,"",67,"",9.4,"",999.1,"",1012.0,"",1,.5,"",.0,"8",0,"8","02","0","1","","0","","","3","","","0","","",0,"8",.0,"8",.0,"8","","8",0,"8","","",.0,"8",.0,"8",.0,"8",.0,"8",.0,"8",.0,"8",.0,"8",.0,"8",.0,"8",0,"8",0,"8",0,"8","","",0,"8",0,"8"
"352190360","P£OCK","2006","09","04","23","9","",0,"8",0,"8","","","",8,"",0,"8",0,"8",1,"",270,"",8,"",0,"",15.3,"",.0,"8","U","",12.0,"",69,"",9.6,"",999.1,"",1012.1,"",4,.0,"",.0,"8",0,"8","02","0","1","","0","","","3","","","0","","",0,"8",.0,"8",.0,"8","","8",0,"8","","",.0,"8",.0,"8",.0,"8",.0,"8",.0,"8",.0,"8",.0,"8",.0,"8",.0,"8",0,"8",0,"8",0,"8","","",0,"8",0,"8"
"352190360","P£OCK","2006","09","05","00","6","",0,"8",0,"8","","","",8,"",0,"8",0,"8",4,"",270,"",8,"",14,"",14.8,"",.0,"8","U","",11.4,"",68,"",8.9,"",999.2,"",1012.2,"",3,.1,"",.0,"9",0,"9","03","1","4","","5","","","0","","","0","","",2,"",.0,"8",.0,"8","","8",0,"8","","",.0,"8",.0,"8",.0,"8",.0,"8",.0,"8",.0,"8",.0,"8",.0,"8",.0,"8",0,"8",0,"8",0,"8","","",0,"8",0,"8"
"352190360","P£OCK","2006","09","05","01","6","",0,"8",0,"8","","","",8,"",0,"8",0,"8",6,"",270,"",8,"",13,"",14.6,"",.0,"8","U","",11.4,"",69,"",9.0,"",999.2,"",1012.2,"",1,.1,"",.0,"8",0,"8","01","1","1","","5","","","5","","","0","","",0,"8",.0,"8",.0,"8","","8",0,"8","","",.0,"8",.0,"8",.0,"8",.0,"8",.0,"8",.0,"8",.0,"8",.0,"8",.0,"8",0,"8",0,"8",0,"8","","",0,"8",0,"8"
"352190360","P£OCK","2006","09","05","02","9","",0,"8",0,"8","","","",8,"",0,"8",0,"8",4,"",270,"",8,"",15,"",14.4,"",.0,"8","U","",11.5,"",70,"",9.0,"",999.1,"",1012.1,"",0,.0,"",.0,"8",0,"8","01","1","4","","0","","","3","","","0","","",0,"8",.0,"8",.0,"8","","8",0,"8","","",.0,"8",.0,"8",.0,"8",.0,"8",.0,"8",.0,"8",.0,"8",.0,"8",.0,"8",0,"8",0,"8",0,"8","","",0,"8",0,"8"
"352190360","P£OCK","2006","09","05","03","5","",0,"8",0,"8","","","",8,"",0,"8",0,"8",7,"",270,"",9,"",14,"",14.4,"",.0,"8","U","",11.6,"",71,"",9.2,"",999.2,"",1012.2,"",5,.0,"",.0,"8",0,"8","03","1","5","","5","","","3","","","/","","",0,"8",.0,"8",.0,"8","","8",0,"8","","",.0,"8",.0,"8",.0,"8",.0,"8",.0,"8",.0,"8",.0,"8",.0,"8",.0,"8",0,"8",0,"8",0,"8","","",0,"8",0,"8"
"352190360","P£OCK","2006","09","05","04","6","",0,"8",0,"8","","","",8,"",0,"8",0,"8",7,"",270,"",7,"",13,"",13.9,"",.0,"8","U","",11.7,"",74,"",9.3,"",999.4,"",1012.4,"",3,.2,"",.0,"8",0,"8","03","2","7","","5","","","/","","","/","","",0,"8",.0,"8",.0,"8","","8",0,"8","","",.0,"8",.0,"8",.0,"8",.0,"8",.0,"8",.0,"8",.0,"8",.0,"8",.0,"8",0,"8",0,"8",0,"8","","",0,"8",0,"8"
"352190360","P£OCK","2006","09","05","05","5","",0,"8",0,"8","","","",7,"",0,"8",0,"8",7,"",270,"",7,"",12,"",13.8,"",.0,"8","U","",11.8,"",75,"",9.4,"",999.6,"",1012.6,"",2,.5,"",.0,"8",0,"8","80","2","7","","9","","","/","","","/","","",0,"8",.0,"8",.0,"8","","8",0,"8","","",.0,"8",.0,"8",.0,"8",.0,"8",.0,"8",.0,"8",.0,"8",.0,"8",.0,"8",0,"8",0,"8",0,"8","","",0,"8",0,"8"
"352190360","P£OCK","2006","09","05","06","5","",0,"8",0,"8","","","",8,"",0,"8",0,"8",7,"",260,"",7,"",12,"",14.2,"",.0,"8","U","",12.1,"",75,"",9.8,"",999.6,"",1012.6,"",1,.4,"",.0,"",6,"","25","1","7","","9","","","/","","","/","","",1,"",.0,"8",.0,"8","","8",0,"8","","",.0,"8",.0,"8",.0,"8",.0,"8",.0,"8",.0,"8",.0,"8",.0,"8",.0,"8",0,"8",0,"8",0,"8","","",0,"8",0,"8"
"352190360","P£OCK","2006","09","05","07","5","",0,"8",0,"8","","","",8,"",0,"8",0,"8",8,"",270,"",8,"",0,"",14.6,"",.0,"8","U","",11.9,"",72,"",9.6,"",999.7,"",1012.7,"",2,.3,"",.0,"8",0,"8","01","2","8","","5","","","/","","","/","","",0,"8",.0,"8",.0,"8","","8",0,"8","","",.0,"8",.0,"8",.0,"8",.0,"8",.0,"8",.0,"8",.0,"8",.0,"8",.0,"8",0,"8",0,"8",0,"8","","",0,"8",0,"8"
"352190360","P£OCK","2006","09","05","08","5","",0,"8",0,"8","","","",8,"",0,"8",0,"8",8,"",270,"",9,"",14,"",14.8,"",.0,"8","U","",11.9,"",71,"",9.6,"",1000.0,"",1013.0,"",3,.4,"",.0,"8",0,"8","02","2","8","","5","","","/","","","/","","",0,"8",.0,"8",.0,"8","","8",0,"8","","",.0,"8",.0,"8",.0,"8",.0,"8",.0,"8",.0,"8",.0,"8",.0,"8",.0,"8",0,"8",0,"8",0,"8","","",0,"8",0,"8"
"352190360","P£OCK","2006","09","05","09","5","",0,"8",0,"8","","","",7,"",0,"8",0,"8",8,"",270,"",8,"",13,"",14.9,"",.0,"8","U","",12.0,"",71,"",9.7,"",999.9,"",1012.9,"",0,.3,"",.0,"8",0,"8","80","2","8","","9","","","/","","","/","","",0,"8",.0,"8",.0,"8","","8",0,"8","","",.0,"8",.0,"8",.0,"8",.0,"8",.0,"8",.0,"8",.0,"8",.0,"8",.0,"8",0,"8",0,"8",0,"8","","",0,"8",0,"8"
"352190360","P£OCK","2006","09","05","10","5","",0,"8",0,"8","","","",8,"",0,"8",0,"8",7,"",270,"",9,"",17,"",16.6,"",.0,"8","U","",12.4,"",66,"",10.2,"",1000.0,"",1012.9,"",2,.3,"",.0,"8",0,"8","25","2","7","","5","","","/","","","/","","",0,"8",.0,"8",.0,"8","","8",0,"8","","",.0,"8",.0,"8",.0,"8",.0,"8",.0,"8",.0,"8",.0,"8",.0,"8",.0,"8",0,"8",0,"8",0,"8","","",0,"8",0,"8"
"352190360","P£OCK","2006","09","05","11","5","",0,"8",0,"8","","","",8,"",0,"8",0,"8",7,"",270,"",9,"",14,"",16.4,"",.0,"8","U","",12.5,"",67,"",10.3,"",1000.0,"",1012.9,"",4,.0,"",.0,"8",0,"8","01","2","7","","5","","","/","","","/","","",0,"8",.0,"8",.0,"8","","8",0,"8","","",.0,"8",.0,"8",.0,"8",.0,"8",.0,"8",.0,"8",.0,"8",.0,"8",.0,"8",0,"8",0,"8",0,"8","","",0,"8",0,"8"
"352190360","P£OCK","2006","09","05","12","5","",0,"8",0,"8","","","",8,"",0,"8",0,"8",7,"",280,"",10,"",16,"",17.1,"",.0,"8","U","",11.7,"",60,"",9.3,"",1000.2,"",1013.1,"",2,.3,"",.0,"",6,"","03","8","7","","5","","","/","","","/","","",1,"",.0,"8",.0,"8","","8",0,"8","","",.0,"8",.0,"8",.0,"8",.0,"8",.0,"8",.0,"8",.0,"8",.0,"8",.0,"8",0,"8",0,"8",0,"8","","",0,"8",0,"8"
"352190360","P£OCK","2006","09","05","13","6","",0,"8",0,"8","","","",8,"",0,"8",0,"8",7,"",270,"",9,"",15,"",17.1,"",.0,"8","U","",11.9,"",61,"",9.5,"",1000.5,"",1013.4,"",3,.5,"",.0,"8",0,"8","01","2","7","","5","","","/","","","/","","",0,"8",.0,"8",.0,"8","","8",0,"8","","",.0,"8",.0,"8",.0,"8",.0,"8",.0,"8",.0,"8",.0,"8",.0,"8",.0,"8",0,"8",0,"8",0,"8","","",0,"8",0,"8"
"352190360","P£OCK","2006","09","05","14","6","",0,"8",0,"8","","","",8,"",0,"8",0,"8",7,"",280,"",10,"",15,"",17.1,"",.0,"8","U","",10.9,"",56,"",8.2,"",1000.9,"",1013.8,"",3,.9,"",.0,"8",0,"8","02","2","7","","5","","","/","","","/","","",0,"8",.0,"8",.0,"8","","8",0,"8","","",.0,"8",.0,"8",.0,"8",.0,"8",.0,"8",.0,"8",.0,"8",.0,"8",.0,"8",0,"8",0,"8",0,"8","","",0,"8",0,"8"
"352190360","P£OCK","2006","09","05","15","6","",0,"8",0,"8","","","",8,"",0,"8",0,"8",7,"",280,"",11,"",18,"",17.3,"",.0,"8","U","",10.8,"",55,"",8.2,"",1000.9,"",1013.8,"",1,.7,"",.0,"8",0,"8","02","2","7","","5","","","/","","","/","","",0,"8",.0,"8",.0,"8","","8",0,"8","","",.0,"8",.0,"8",.0,"8",.0,"8",.0,"8",.0,"8",.0,"8",.0,"8",.0,"8",0,"8",0,"8",0,"8","","",0,"8",0,"8"
"352190360","P£OCK","2006","09","05","16","6","",0,"8",0,"8","","","",8,"",0,"8",0,"8",6,"",280,"",8,"",13,"",17.1,"",.0,"8","U","",11.1,"",57,"",8.5,"",1001.0,"",1013.9,"",2,.5,"",.0,"8",0,"8","01","2","6","","5","","","0","","","0","","",0,"8",.0,"8",.0,"8","","8",0,"8","","",.0,"8",.0,"8",.0,"8",.0,"8",.0,"8",.0,"8",.0,"8",.0,"8",.0,"8",0,"8",0,"8",0,"8","","",0,"8",0,"8"
"352190360","P£OCK","2006","09","05","17","7","",0,"8",0,"8","","","",8,"",0,"8",0,"8",2,"",280,"",8,"",13,"",16.4,"",.0,"8","U","",10.8,"",58,"",8.1,"",1001.5,"",1014.4,"",3,.6,"",.0,"8",0,"8","01","1","2","","5","","","0","","","0","","",0,"8",.0,"8",.0,"8","","8",0,"8","","",.0,"8",.0,"8",.0,"8",.0,"8",.0,"8",.0,"8",.0,"8",.0,"8",.0,"8",0,"8",0,"8",0,"8","","",0,"8",0,"8"
"352190360","P£OCK","2006","09","05","18","7","",0,"8",0,"8","","","",8,"",0,"8",0,"8",4,"",280,"",7,"",0,"",16.0,"",.0,"8","U","",11.1,"",61,"",8.5,"",1002.0,"",1015.0,"",3,1.1,"",.0,"9",0,"9","03","1","4","","5","","","0","","","0","","",1,"",.0,"8",.0,"8","","8",0,"8","","",.0,"8",.0,"8",.0,"8",.0,"8",.0,"8",.0,"8",.0,"8",.0,"8",.0,"8",0,"8",0,"8",0,"8","","",0,"8",0,"8"
"352190360","P£OCK","2006","09","05","19","7","",0,"8",0,"8","","","",8,"",0,"8",0,"8",7,"",280,"",7,"",0,"",16.0,"",.0,"8","U","",11.2,"",62,"",8.7,"",1002.1,"",1015.1,"",1,1.1,"",.0,"8",0,"8","03","1","7","","5","","","/","","","/","","",0,"8",.0,"8",.0,"8","","8",0,"8","","",.0,"8",.0,"8",.0,"8",.0,"8",.0,"8",.0,"8",.0,"8",.0,"8",.0,"8",0,"8",0,"8",0,"8","","",0,"8",0,"8"
"352190360","P£OCK","2006","09","05","20","6","",0,"8",0,"8","","","",8,"",0,"8",0,"8",7,"",270,"",7,"",0,"",15.7,"",.0,"8","U","",11.2,"",63,"",8.7,"",1002.3,"",1015.3,"",2,.8,"",.0,"8",0,"8","02","2","7","","5","","","/","","","/","","",0,"8",.0,"8",.0,"8","","8",0,"8","","",.0,"8",.0,"8",.0,"8",.0,"8",.0,"8",.0,"8",.0,"8",.0,"8",.0,"8",0,"8",0,"8",0,"8","","",0,"8",0,"8"
"352190360","P£OCK","2006","09","05","21","5","",0,"8",0,"8","","","",8,"",0,"8",0,"8",6,"",280,"",6,"",11,"",15.3,"",.0,"8","U","",11.3,"",65,"",8.8,"",1002.7,"",1015.7,"",3,.7,"",.0,"8",0,"8","01","1","6","","5","","","0","","","0","","",0,"8",.0,"8",.0,"8","","8",0,"8","","",.0,"8",.0,"8",.0,"8",.0,"8",.0,"8",.0,"8",.0,"8",.0,"8",.0,"8",0,"8",0,"8",0,"8","","",0,"8",0,"8"
"352190360","P£OCK","2006","09","05","22","9","",0,"8",0,"8","","","",8,"",0,"8",0,"8",0,"",270,"",6,"",11,"",14.2,"",.0,"8","U","",11.2,"",69,"",8.6,"",1002.4,"",1015.4,"",0,.3,"",.0,"8",0,"8","01","1","0","","0","","","0","","","0","","",0,"8",.0,"8",.0,"8","","8",0,"8","","",.0,"8",.0,"8",.0,"8",.0,"8",.0,"8",.0,"8",.0,"8",.0,"8",.0,"8",0,"8",0,"8",0,"8","","",0,"8",0,"8"
"352190360","P£OCK","2006","09","05","23","5","",0,"8",0,"8","","","",8,"",0,"8",0,"8",2,"",280,"",6,"",11,"",13.8,"",.0,"8","U","",11.5,"",73,"",9.0,"",1002.7,"",1015.8,"",2,.4,"",.0,"8",0,"8","03","0","2","","5","","","0","","","0","","",0,"8",.0,"8",.0,"8","","8",0,"8","","",.0,"8",.0,"8",.0,"8",.0,"8",.0,"8",.0,"8",.0,"8",.0,"8",.0,"8",0,"8",0,"8",0,"8","","",0,"8",0,"8"
"352190360","P£OCK","2006","09","06","00","5","",0,"8",0,"8","","","",8,"",0,"8",0,"8",1,"",270,"",5,"",10,"",13.2,"",.0,"8","U","",11.4,"",75,"",8.9,"",1002.8,"",1015.9,"",3,.1,"",.0,"9",0,"9","01","1","1","","5","","","0","","","0","","",1,"",.0,"8",.0,"8","","8",0,"8","","",.0,"8",.0,"8",.0,"8",.0,"8",.0,"8",.0,"8",.0,"8",.0,"8",.0,"8",0,"8",0,"8",0,"8","","",0,"8",0,"8"
"352190360","P£OCK","2006","09","06","01","9","",0,"8",0,"8","","","",8,"",0,"8",0,"8",0,"",280,"",5,"",0,"",12.8,"",.0,"8","U","",11.5,"",78,"",9.1,"",1002.9,"",1016.0,"",1,.5,"",.0,"8",0,"8","01","0","0","","0","","","0","","","0","","",0,"8",.0,"8",.0,"8","","8",0,"8","","",.0,"8",.0,"8",.0,"8",.0,"8",.0,"8",.0,"8",.0,"8",.0,"8",.0,"8",0,"8",0,"8",0,"8","","",0,"8",0,"8"
"352190360","P£OCK","2006","09","06","02","9","",0,"8",0,"8","","","",8,"",0,"8",0,"8",0,"",280,"",5,"",0,"",12.8,"",.0,"8","U","",11.8,"",80,"",9.4,"",1003.1,"",1016.2,"",2,.4,"",.0,"8",0,"8","02","0","0","","0","","","0","","","0","","",0,"8",.0,"8",.0,"8","","8",0,"8","","",.0,"8",.0,"8",.0,"8",.0,"8",.0,"8",.0,"8",.0,"8",.0,"8",.0,"8",0,"8",0,"8",0,"8","","",0,"8",0,"8"
"352190360","P£OCK","2006","09","06","03","9","",0,"8",0,"8","","","",8,"",0,"8",0,"8",0,"",280,"",5,"",0,"",12.4,"",.0,"8","U","",11.8,"",82,"",9.4,"",1003.1,"",1016.2,"",1,.3,"",.0,"8",0,"8","02","0","0","","0","","","0","","","0","","",0,"8",.0,"8",.0,"8","","8",0,"8","","",.0,"8",.0,"8",.0,"8",.0,"8",.0,"8",.0,"8",.0,"8",.0,"8",.0,"8",0,"8",0,"8",0,"8","","",0,"8",0,"8"
"352190360","P£OCK","2006","09","06","04","9","",0,"8",0,"8","","","",7,"",0,"8",0,"8",1,"",280,"",5,"",0,"",12.0,"",.0,"8","U","",11.9,"",85,"",9.6,"",1003.2,"",1016.4,"",2,.3,"",.0,"8",0,"8","03","0","1","","0","","","3","","","0","","",0,"8",.0,"8",.0,"8","","8",0,"8","","",.0,"8",.0,"8",.0,"8",.0,"8",.0,"8",.0,"8",.0,"8",.0,"8",.0,"8",0,"8",0,"8",0,"8","","",0,"8",0,"8"
"352190360","P£OCK","2006","09","06","05","4","",0,"8",0,"8","","","",7,"",0,"8",0,"8",1,"",280,"",5,"",0,"",12.2,"",.0,"8","U","",12.1,"",85,"",9.8,"",1003.4,"",1016.5,"",3,.3,"",.0,"8",0,"8","03","0","1","","1","","","0","","","0","","",0,"8",.0,"8",.0,"8","","8",0,"8","","",.0,"8",.0,"8",.0,"8",.0,"8",.0,"8",.0,"8",.0,"8",.0,"8",.0,"8",0,"8",0,"8",0,"8","","",0,"8",0,"8"
"352190360","P£OCK","2006","09","06","06","4","",0,"8",0,"8","","","",8,"",0,"8",0,"8",4,"",280,"",6,"",0,"",13.5,"",.0,"8","U","",12.7,"",82,"",10.5,"",1003.7,"",1016.8,"",3,.6,"",.0,"9",0,"9","03","0","1","","1","","","3","","","1","","",1,"",.0,"8",.0,"8","","8",0,"8","","",.0,"8",.0,"8",.0,"8",.0,"8",.0,"8",.0,"8",.0,"8",.0,"8",.0,"8",0,"8",0,"8",0,"8","","",0,"8",0,"8"
"352190360","P£OCK","2006","09","06","07","4","",0,"8",0,"8","","","",8,"",0,"8",0,"8",5,"",280,"",5,"",0,"",14.2,"",.0,"8","U","",12.9,"",80,"",10.8,"",1004.0,"",1017.1,"",2,.8,"",.0,"8",0,"8","03","1","2","","2","","","3","","","1","","",0,"8",.0,"8",.0,"8","","8",0,"8","","",.0,"8",.0,"8",.0,"8",.0,"8",.0,"8",.0,"8",.0,"8",.0,"8",.0,"8",0,"8",0,"8",0,"8","","",0,"8",0,"8"
"352190360","P£OCK","2006","09","06","08","4","",0,"8",0,"8","","","",8,"",0,"8",0,"8",4,"",280,"",5,"",0,"",15.2,"",.0,"8","U","",13.1,"",76,"",11.0,"",1003.8,"",1016.8,"",0,.4,"",.0,"8",0,"8","01","1","2","","2","","","3","","","1","","",0,"8",.0,"8",.0,"8","","8",0,"8","","",.0,"8",.0,"8",.0,"8",.0,"8",.0,"8",.0,"8",.0,"8",.0,"8",.0,"8",0,"8",0,"8",0,"8","","",0,"8",0,"8"
"352190360","P£OCK","2006","09","06","09","5","",0,"8",0,"8","","","",8,"",0,"8",0,"8",5,"",280,"",6,"",0,"",15.9,"",.0,"8","U","",12.4,"",69,"",10.2,"",1004.1,"",1017.1,"",2,.4,"",.0,"8",0,"8","03","1","4","","2","","","3","","","1","","",0,"8",.0,"8",.0,"8","","8",0,"8","","",.0,"8",.0,"8",.0,"8",.0,"8",.0,"8",.0,"8",.0,"8",.0,"8",.0,"8",0,"8",0,"8",0,"8","","",0,"8",0,"8"
"352190360","P£OCK","2006","09","06","10","5","",0,"8",0,"8","","","",8,"",0,"8",0,"8",4,"",270,"",6,"",0,"",17.2,"",.0,"8","U","",12.7,"",65,"",10.6,"",1003.7,"",1016.6,"",7,-.3,"",.0,"8",0,"8","01","1","3","","2","","","0","","","1","","",0,"8",.0,"8",.0,"8","","8",0,"8","","",.0,"8",.0,"8",.0,"8",.0,"8",.0,"8",.0,"8",.0,"8",.0,"8",.0,"8",0,"8",0,"8",0,"8","","",0,"8",0,"8"
"352190360","P£OCK","2006","09","06","11","6","",0,"8",0,"8","","","",8,"",0,"8",0,"8",4,"",280,"",6,"",0,"",17.7,"",.0,"8","U","",11.5,"",57,"",9.1,"",1003.7,"",1016.6,"",6,-.1,"",.0,"8",0,"8","01","0","2","","2","","","0","","","9","","",0,"8",.0,"8",.0,"8","","8",0,"8","","",.0,"8",.0,"8",.0,"8",.0,"8",.0,"8",.0,"8",.0,"8",.0,"8",.0,"8",0,"8",0,"8",0,"8","","",0,"8",0,"8"
"352190360","P£OCK","2006","09","06","12","6","",0,"8",0,"8","","","",8,"",0,"8",0,"8",4,"",270,"",6,"",0,"",18.2,"",.0,"8","U","",11.3,"",54,"",8.7,"",1003.5,"",1016.4,"",7,-.6,"",.0,"9",0,"9","01","1","1","","1","","","3","","","1","","",0,"",.0,"8",.0,"8","","8",0,"8","","",.0,"8",.0,"8",.0,"8",.0,"8",.0,"8",.0,"8",.0,"8",.0,"8",.0,"8",0,"8",0,"8",0,"8","","",0,"8",0,"8"
"352190360","P£OCK","2006","09","06","13","9","",0,"8",0,"8","","","",8,"",0,"8",0,"8",5,"",280,"",6,"",0,"",18.3,"",.0,"8","U","",9.4,"",45,"",6.2,"",1003.5,"",1016.4,"",6,-.2,"",.0,"8",0,"8","01","1","4","","0","","","5","","","1","","",0,"8",.0,"8",.0,"8","","8",0,"8","","",.0,"8",.0,"8",.0,"8",.0,"8",.0,"8",.0,"8",.0,"8",.0,"8",.0,"8",0,"8",0,"8",0,"8","","",0,"8",0,"8"
"352190360","P£OCK","2006","09","06","14","6","",0,"8",0,"8","","","",8,"",0,"8",0,"8",6,"",290,"",5,"",0,"",17.8,"",.0,"8","U","",11.2,"",55,"",8.6,"",1003.3,"",1016.2,"",7,-.4,"",.0,"8",0,"8","03","2","3","","5","","","5","","","1","","",0,"8",.0,"8",.0,"8","","8",0,"8","","",.0,"8",.0,"8",.0,"8",.0,"8",.0,"8",.0,"8",.0,"8",.0,"8",.0,"8",0,"8",0,"8",0,"8","","",0,"8",0,"8"
"352190360","P£OCK","2006","09","06","15","6","",0,"8",0,"8","","","",8,"",0,"8",0,"8",7,"",280,"",5,"",0,"",17.2,"",.0,"8","U","",12.3,"",63,"",10.1,"",1003.4,"",1016.3,"",5,-.1,"",.0,"8",0,"8","03","1","5","","5","","","3","","","/","","",0,"8",.0,"8",.0,"8","","8",0,"8","","",.0,"8",.0,"8",.0,"8",.0,"8",.0,"8",.0,"8",.0,"8",.0,"8",.0,"8",0,"8",0,"8",0,"8","","",0,"8",0,"8"
"352190360","P£OCK","2006","09","06","16","6","",0,"8",0,"8","","","",8,"",0,"8",0,"8",7,"",280,"",5,"",0,"",17.0,"",.0,"8","U","",12.8,"",66,"",10.6,"",1003.3,"",1016.2,"",7,-.2,"",.0,"8",0,"8","03","2","7","","5","","","/","","","/","","",0,"8",.0,"8",.0,"8","","8",0,"8","","",.0,"8",.0,"8",.0,"8",.0,"8",.0,"8",.0,"8",.0,"8",.0,"8",.0,"8",0,"8",0,"8",0,"8","","",0,"8",0,"8"
"352190360","P£OCK","2006","09","06","17","5","",0,"8",0,"8","","","",8,"",0,"8",0,"8",7,"",280,"",5,"",0,"",17.0,"",.0,"8","U","",13.3,"",69,"",11.3,"",1003.3,"",1016.2,"",4,.0,"",.0,"8",0,"8","02","2","7","","5","","","/","","","/","","",0,"8",.0,"8",.0,"8","","8",0,"8","","",.0,"8",.0,"8",.0,"8",.0,"8",.0,"8",.0,"8",.0,"8",.0,"8",.0,"8",0,"8",0,"8",0,"8","","",0,"8",0,"8"
"352190360","P£OCK","2006","09","06","18","6","",0,"8",0,"8","","","",8,"",0,"8",0,"8",8,"",270,"",3,"",0,"",17.0,"",.0,"8","U","",13.7,"",71,"",11.7,"",1003.2,"",1016.1,"",7,-.2,"",.0,"9",0,"9","03","1","8","","5","","","/","","","/","","",0,"",.0,"8",.0,"8","","8",0,"8","","",.0,"8",.0,"8",.0,"8",.0,"8",.0,"8",.0,"8",.0,"8",.0,"8",.0,"8",0,"8",0,"8",0,"8","","",0,"8",0,"8"
"352190360","P£OCK","2006","09","06","19","7","",0,"8",0,"8","","","",7,"",0,"8",0,"8",8,"",240,"",2,"",0,"",16.4,"",.0,"8","U","",14.1,"",76,"",12.2,"",1003.1,"",1016.1,"",8,-.2,"",.0,"8",0,"8","02","2","8","","5","","","/","","","/","","",0,"8",.0,"8",.0,"8","","8",0,"8","","",.0,"8",.0,"8",.0,"8",.0,"8",.0,"8",.0,"8",.0,"8",.0,"8",.0,"8",0,"8",0,"8",0,"8","","",0,"8",0,"8"
"352190360","P£OCK","2006","09","06","20","7","",0,"8",0,"8","","","",7,"",0,"8",0,"8",7,"",250,"",2,"",0,"",15.8,"",.0,"8","U","",14.3,"",80,"",12.4,"",1003.0,"",1016.0,"",7,-.3,"",.0,"8",0,"8","01","2","6","","5","","","3","","","/","","",0,"8",.0,"8",.0,"8","","8",0,"8","","",.0,"8",.0,"8",.0,"8",.0,"8",.0,"8",.0,"8",.0,"8",.0,"8",.0,"8",0,"8",0,"8",0,"8","","",0,"8",0,"8"
"352190360","P£OCK","2006","09","06","21","9","",0,"8",0,"8","","","",7,"",0,"8",0,"8",7,"",230,"",2,"",0,"",15.4,"",.0,"8","U","",15.0,"",86,"",13.1,"",1002.8,"",1015.8,"",7,-.4,"",.0,"8",0,"8","01","2","0","","0","","","0","","","8","","",0,"8",.0,"8",.0,"8","","8",0,"8","","",.0,"8",.0,"8",.0,"8",.0,"8",.0,"8",.0,"8",.0,"8",.0,"8",.0,"8",0,"8",0,"8",0,"8","","",0,"8",0,"8"
"352190360","P£OCK","2006","09","06","22","7","",0,"8",0,"8","","","",6,"",0,"8",0,"8",8,"",210,"",2,"",0,"",15.2,"",.0,"8","U","",15.2,"",88,"",13.2,"",1002.6,"",1015.6,"",7,-.5,"",.0,"8",0,"8","10","2","8","","5","","","/","","","/","","",0,"8",.0,"8",.0,"8","","8",0,"8","","",.0,"8",.0,"8",.0,"8",.0,"8",.0,"8",.0,"8",.0,"8",.0,"8",.0,"8",0,"8",0,"8",0,"8","","",0,"8",0,"8"
"352190360","P£OCK","2006","09","06","23","7","",0,"8",0,"8","","","",6,"",0,"8",0,"8",8,"",190,"",1,"",0,"",15.8,"",.0,"8","U","",15.8,"",88,"",13.8,"",1002.5,"",1015.5,"",7,-.5,"",.0,"8",0,"8","10","2","8","","5","","","/","","","/","","",0,"8",.0,"8",.0,"8","","8",0,"8","","",.0,"8",.0,"8",.0,"8",.0,"8",.0,"8",.0,"8",.0,"8",.0,"8",.0,"8",0,"8",0,"8",0,"8","","",0,"8",0,"8"
"352190360","P£OCK","2006","09","07","00","6","",0,"8",0,"8","","","",6,"",0,"8",0,"8",8,"",190,"",2,"",0,"",16.3,"",.0,"8","U","",16.5,"",89,"",14.5,"",1002.0,"",1014.9,"",7,-.8,"",.0,"",6,"","80","2","8","","9","","","/","","","/","","",0,"",.0,"8",.0,"8","","8",0,"8","","",.0,"8",.0,"8",.0,"8",.0,"8",.0,"8",.0,"8",.0,"8",.0,"8",.0,"8",0,"8",0,"8",0,"8","","",0,"8",0,"8"
"352190360","P£OCK","2006","09","07","01","5","",0,"8",0,"8","","","",6,"",0,"8",0,"8",8,"",200,"",1,"",0,"",16.5,"",.0,"8","U","",16.9,"",90,"",14.9,"",1001.9,"",1014.8,"",7,-.7,"",.0,"8",0,"8","80","2","8","","9","","","/","","","/","","",0,"8",.0,"8",.0,"8","","8",0,"8","","",.0,"8",.0,"8",.0,"8",.0,"8",.0,"8",.0,"8",.0,"8",.0,"8",.0,"8",0,"8",0,"8",0,"8","","",0,"8",0,"8"
"352190360","P£OCK","2006","09","07","02","6","",0,"8",0,"8","","","",6,"",0,"8",0,"8",8,"",160,"",2,"",0,"",16.0,"",.0,"8","U","",16.5,"",91,"",14.5,"",1001.5,"",1014.5,"",7,-1.0,"",.0,"8",0,"8","25","2","8","","5","","","/","","","/","","",0,"8",.0,"8",.0,"8","","8",0,"8","","",.0,"8",.0,"8",.0,"8",.0,"8",.0,"8",.0,"8",.0,"8",.0,"8",.0,"8",0,"8",0,"8",0,"8","","",0,"8",0,"8"
"352190360","P£OCK","2006","09","07","03","6","",0,"8",0,"8","","","",6,"",0,"8",0,"8",2,"",210,"",2,"",0,"",15.9,"",.0,"8","U","",16.4,"",91,"",14.4,"",1001.2,"",1014.2,"",7,-.8,"",.0,"8",0,"8","10","8","1","","5","","","3","","","0","","",0,"8",.0,"8",.0,"8","","8",0,"8","","",.0,"8",.0,"8",.0,"8",.0,"8",.0,"8",.0,"8",.0,"8",.0,"8",.0,"8",0,"8",0,"8",0,"8","","",0,"8",0,"8"
"352190360","P£OCK","2006","09","07","04","9","",0,"8",0,"8","","","",6,"",0,"8",0,"8",2,"",220,"",3,"",0,"",15.6,"",.0,"8","U","",16.1,"",91,"",14.1,"",1001.2,"",1014.2,"",6,-.7,"",.0,"8",0,"8","10","0","1","","0","","","3","","","1","","",0,"8",.0,"8",.0,"8","","8",0,"8","","",.0,"8",.0,"8",.0,"8",.0,"8",.0,"8",.0,"8",.0,"8",.0,"8",.0,"8",0,"8",0,"8",0,"8","","",0,"8",0,"8"
"352190360","P£OCK","2006","09","07","05","9","",0,"8",0,"8","","","",6,"",0,"8",0,"8",2,"",230,"",3,"",0,"",15.3,"",.0,"8","U","",16.0,"",92,"",14.0,"",1001.3,"",1014.3,"",5,-.2,"",.0,"8",0,"8","10","0","1","","0","","","3","","","1","","",0,"8",.0,"8",.0,"8","","8",0,"8","","",.0,"8",.0,"8",.0,"8",.0,"8",.0,"8",.0,"8",.0,"8",.0,"8",.0,"8",0,"8",0,"8",0,"8","","",0,"8",0,"8"
"352190360","P£OCK","2006","09","07","06","7","",0,"8",0,"8","","","",6,"",0,"8",0,"8",8,"",210,"",3,"",0,"",16.0,"",.0,"8","U","",16.0,"",88,"",14.0,"",1001.2,"",1014.1,"",0,.0,"",.0,"",6,"","10","8","5","","5","","","3","","","/","","",0,"",.0,"8",.0,"8","","8",0,"8","","",.0,"8",.0,"8",.0,"8",.0,"8",.0,"8",.0,"8",.0,"8",.0,"8",.0,"8",0,"8",0,"8",0,"8","","",0,"8",0,"8"
"352190360","P£OCK","2006","09","07","07","6","",0,"8",0,"8","","","",6,"",0,"8",0,"8",8,"",200,"",2,"",0,"",16.9,"",.0,"8","U","",16.3,"",85,"",14.4,"",1001.2,"",1014.1,"",4,.0,"",.0,"8",0,"8","10","2","8","","5","","","/","","","/","","",0,"8",.0,"8",.0,"8","","8",0,"8","","",.0,"8",.0,"8",.0,"8",.0,"8",.0,"8",.0,"8",.0,"8",.0,"8",.0,"8",0,"8",0,"8",0,"8","","",0,"8",0,"8"
"352190360","P£OCK","2006","09","07","08","7","",0,"8",0,"8","","","",7,"",0,"8",0,"8",7,"",220,"",2,"",0,"",18.5,"",.0,"8","U","",16.8,"",79,"",14.8,"",1001.2,"",1014.0,"",6,-.1,"",.0,"8",0,"8","01","2","5","","5","","","3","","","8","","",0,"8",.0,"8",.0,"8","","8",0,"8","","",.0,"8",.0,"8",.0,"8",.0,"8",.0,"8",.0,"8",.0,"8",.0,"8",.0,"8",0,"8",0,"8",0,"8","","",0,"8",0,"8"
"352190360","P£OCK","2006","09","07","09","9","",0,"8",0,"8","","","",7,"",0,"8",0,"8",8,"",220,"",4,"",0,"",21.6,"",.0,"8","U","",17.5,"",68,"",15.4,"",1000.7,"",1013.4,"",8,-.5,"",.0,"8",0,"8","01","2","0","","0","","","0","","","7","","",0,"8",.0,"8",.0,"8","","8",0,"8","","",.0,"8",.0,"8",.0,"8",.0,"8",.0,"8",.0,"8",.0,"8",.0,"8",.0,"8",0,"8",0,"8",0,"8","","",0,"8",0,"8"
"352190360","P£OCK","2006","09","07","10","9","",0,"8",0,"8","","","",7,"",0,"8",0,"8",8,"",230,"",3,"",0,"",23.3,"",.0,"8","U","",17.4,"",61,"",15.4,"",1000.3,"",1012.9,"",8,-.9,"",.0,"8",0,"8","02","2","0","","0","","","0","","","7","","",0,"8",.0,"8",.0,"8","","8",0,"8","","",.0,"8",.0,"8",.0,"8",.0,"8",.0,"8",.0,"8",.0,"8",.0,"8",.0,"8",0,"8",0,"8",0,"8","","",0,"8",0,"8"
"352190360","P£OCK","2006","09","07","11","6","",0,"8",0,"8","","","",8,"",0,"8",0,"8",8,"",220,"",4,"",0,"",25.3,"",.0,"8","U","",17.4,"",54,"",15.3,"",999.8,"",1012.3,"",7,-1.4,"",.0,"8",0,"8","03","2","2","","2","","","3","","","7","","",0,"8",.0,"8",.0,"8","","8",0,"8","","",.0,"8",.0,"8",.0,"8",.0,"8",.0,"8",.0,"8",.0,"8",.0,"8",.0,"8",0,"8",0,"8",0,"8","","",0,"8",0,"8"
"352190360","P£OCK","2006","09","07","12","6","",0,"8",0,"8","","","",8,"",0,"8",0,"8",8,"",220,"",4,"",0,"",25.4,"",.0,"8","U","",17.2,"",53,"",15.1,"",999.2,"",1011.7,"",8,-1.5,"",.0,"9",0,"9","01","2","2","","2","","","0","","","7","","",0,"",.0,"8",.0,"8","","8",0,"8","","",.0,"8",.0,"8",.0,"8",.0,"8",.0,"8",.0,"8",.0,"8",.0,"8",.0,"8",0,"8",0,"8",0,"8","","",0,"8",0,"8"
"352190360","P£OCK","2006","09","07","13","7","",0,"8",0,"8","","","",8,"",0,"8",0,"8",8,"",220,"",4,"",0,"",25.9,"",.0,"8","U","",17.3,"",52,"",15.3,"",998.6,"",1011.1,"",7,-1.7,"",.0,"8",0,"8","01","2","1","","2","","","0","","","7","","",0,"8",.0,"8",.0,"8","","8",0,"8","","",.0,"8",.0,"8",.0,"8",.0,"8",.0,"8",.0,"8",.0,"8",.0,"8",.0,"8",0,"8",0,"8",0,"8","","",0,"8",0,"8"
"352190360","P£OCK","2006","09","07","14","7","",0,"8",0,"8","","","",8,"",0,"8",0,"8",3,"",220,"",4,"",0,"",26.3,"",.0,"8","U","",16.7,"",49,"",14.7,"",998.4,"",1010.9,"",6,-1.4,"",.0,"8",0,"8","01","1","1","","1","","","0","","","1","","",0,"8",.0,"8",.0,"8","","8",0,"8","","",.0,"8",.0,"8",.0,"8",.0,"8",.0,"8",.0,"8",.0,"8",.0,"8",.0,"8",0,"8",0,"8",0,"8","","",0,"8",0,"8"
"352190360","P£OCK","2006","09","07","15","7","",0,"8",0,"8","","","",8,"",0,"8",0,"8",2,"",230,"",4,"",0,"",26.3,"",.0,"8","U","",16.7,"",49,"",14.7,"",998.1,"",1010.6,"",7,-1.1,"",.0,"8",0,"8","01","1","1","","5","","","0","","","1","","",0,"8",.0,"8",.0,"8","","8",0,"8","","",.0,"8",.0,"8",.0,"8",.0,"8",.0,"8",.0,"8",.0,"8",.0,"8",.0,"8",0,"8",0,"8",0,"8","","",0,"8",0,"8"
"352190360","P£OCK","2006","09","07","16","9","",0,"8",0,"8","","","",8,"",0,"8",0,"8",1,"",200,"",3,"",0,"",25.6,"",.0,"8","U","",16.7,"",51,"",14.7,"",997.3,"",1009.8,"",8,-1.3,"",.0,"8",0,"8","01","0","0","","0","","","0","","","1","","",0,"8",.0,"8",.0,"8","","8",0,"8","","",.0,"8",.0,"8",.0,"8",.0,"8",.0,"8",.0,"8",.0,"8",.0,"8",.0,"8",0,"8",0,"8",0,"8","","",0,"8",0,"8"
"352190360","P£OCK","2006","09","07","17","9","",0,"8",0,"8","","","",8,"",0,"8",0,"8",2,"",190,"",2,"",0,"",23.9,"",.0,"8","U","",17.2,"",58,"",15.1,"",997.0,"",1009.5,"",7,-1.4,"",.0,"8",0,"8","03","0","1","","0","","","3","","","1","","",0,"8",.0,"8",.0,"8","","8",0,"8","","",.0,"8",.0,"8",.0,"8",.0,"8",.0,"8",.0,"8",.0,"8",.0,"8",.0,"8",0,"8",0,"8",0,"8","","",0,"8",0,"8"
"352190360","P£OCK","2006","09","07","18","9","",0,"8",0,"8","","","",7,"",0,"8",0,"8",1,"",170,"",2,"",0,"",22.3,"",.0,"8","U","",16.9,"",63,"",14.9,"",996.6,"",1009.2,"",6,-1.5,"",.0,"9",0,"9","01","1","1","","0","","","3","","","0","","",0,"",.0,"8",.0,"8","","8",0,"8","","",.0,"8",.0,"8",.0,"8",.0,"8",.0,"8",.0,"8",.0,"8",.0,"8",.0,"8",0,"8",0,"8",0,"8","","",0,"8",0,"8"
"352190360","P£OCK","2006","09","07","19","9","",0,"8",0,"8","","","",7,"",0,"8",0,"8",1,"",170,"",3,"",0,"",21.8,"",.0,"8","U","",17.2,"",66,"",15.2,"",996.1,"",1008.7,"",8,-1.2,"",.0,"8",0,"8","02","0","1","","0","","","3","","","0","","",0,"8",.0,"8",.0,"8","","8",0,"8","","",.0,"8",.0,"8",.0,"8",.0,"8",.0,"8",.0,"8",.0,"8",.0,"8",.0,"8",0,"8",0,"8",0,"8","","",0,"8",0,"8"
"352190360","P£OCK","2006","09","07","20","9","",0,"8",0,"8","","","",7,"",0,"8",0,"8",1,"",170,"",2,"",0,"",20.9,"",.0,"8","U","",17.3,"",70,"",15.2,"",995.6,"",1008.3,"",7,-1.4,"",.0,"8",0,"8","02","0","1","","0","","","3","","","0","","",0,"8",.0,"8",.0,"8","","8",0,"8","","",.0,"8",.0,"8",.0,"8",.0,"8",.0,"8",.0,"8",.0,"8",.0,"8",.0,"8",0,"8",0,"8",0,"8","","",0,"8",0,"8"
"352190360","P£OCK","2006","09","07","21","9","",0,"8",0,"8","","","",7,"",0,"8",0,"8",2,"",190,"",3,"",0,"",20.4,"",.0,"8","U","",17.2,"",72,"",15.2,"",995.7,"",1008.4,"",5,-.9,"",.0,"8",0,"8","03","0","2","","0","","","3","","","0","","",0,"8",.0,"8",.0,"8","","8",0,"8","","",.0,"8",.0,"8",.0,"8",.0,"8",.0,"8",.0,"8",.0,"8",.0,"8",.0,"8",0,"8",0,"8",0,"8","","",0,"8",0,"8"
"352190360","P£OCK","2006","09","07","22","6","",0,"8",0,"8","","","",8,"",0,"8",0,"8",3,"",330,"",4,"",0,"",18.7,"",.0,"8","U","",16.6,"",77,"",14.6,"",996.4,"",1009.2,"",3,.3,"",.0,"8",0,"8","03","0","1","","5","","","3","","","0","","",0,"8",.0,"8",.0,"8","","8",0,"8","","",.0,"8",.0,"8",.0,"8",.0,"8",.0,"8",.0,"8",.0,"8",.0,"8",.0,"8",0,"8",0,"8",0,"8","","",0,"8",0,"8"
"352190360","P£OCK","2006","09","07","23","6","",0,"8",0,"8","","","",8,"",0,"8",0,"8",7,"",320,"",3,"",0,"",17.0,"",.0,"8","U","",16.0,"",83,"",14.1,"",996.6,"",1009.4,"",2,1.0,"",.0,"8",0,"8","03","1","5","","9","","","3","","","/","","",0,"8",.0,"8",.0,"8","","8",0,"8","","",.0,"8",.0,"8",.0,"8",.0,"8",.0,"8",.0,"8",.0,"8",.0,"8",.0,"8",0,"8",0,"8",0,"8","","",0,"8",0,"8"
"352190360","P£OCK","2006","09","08","00","5","",0,"8",0,"8","","","",8,"",0,"8",0,"8",7,"",290,"",3,"",0,"",16.3,"",.0,"8","U","",16.3,"",88,"",14.3,"",997.5,"",1010.4,"",2,1.8,"",2.1,"",6,"","17","8","7","","9","","","/","","","/","","",2,"",.0,"8",.0,"8","","8",0,"8","","",.0,"8",.0,"8",.0,"8",.0,"8",.0,"8",.0,"8",.0,"8",.0,"8",.0,"8",0,"8",0,"8",0,"8","","",0,"8",0,"8"
"352190360","P£OCK","2006","09","08","01","5","",0,"8",0,"8","","","",8,"",0,"8",0,"8",7,"",280,"",4,"",0,"",15.9,"",.0,"8","U","",15.3,"",85,"",13.4,"",997.5,"",1010.4,"",1,1.1,"",.0,"8",0,"8","91","8","7","","9","","","/","","","/","","",0,"8",.0,"8",.0,"8","","8",0,"8","","",.0,"8",.0,"8",.0,"8",.0,"8",.0,"8",.0,"8",.0,"8",.0,"8",.0,"8",0,"8",0,"8",0,"8","","",0,"8",0,"8"
"352190360","P£OCK","2006","09","08","02","5","",0,"8",0,"8","","","",7,"",0,"8",0,"8",8,"",240,"",3,"",0,"",15.7,"",.0,"8","U","",16.4,"",92,"",14.4,"",997.2,"",1010.1,"",0,.6,"",.0,"8",0,"8","81","8","8","","9","","","/","","","/","","",0,"8",.0,"8",.0,"8","","8",0,"8","","",.0,"8",.0,"8",.0,"8",.0,"8",.0,"8",.0,"8",.0,"8",.0,"8",.0,"8",0,"8",0,"8",0,"8","","",0,"8",0,"8"
"352190360","P£OCK","2006","09","08","03","4","",0,"8",0,"8","","","",8,"",0,"8",0,"8",7,"",290,"",4,"",0,"",13.9,"",.0,"8","U","",14.1,"",89,"",12.1,"",997.9,"",1010.9,"",3,.4,"",.0,"8",0,"8","25","9","7","","9","","","/","","","/","","",0,"8",.0,"8",.0,"8","","8",0,"8","","",.0,"8",.0,"8",.0,"8",.0,"8",.0,"8",.0,"8",.0,"8",.0,"8",.0,"8",0,"8",0,"8",0,"8","","",0,"8",0,"8"
"352190360","P£OCK","2006","09","08","04","4","",0,"8",0,"8","","","",8,"",0,"8",0,"8",7,"",280,"",6,"",0,"",13.9,"",.0,"8","U","",13.6,"",86,"",11.6,"",998.5,"",1011.5,"",3,1.0,"",.0,"8",0,"8","02","2","7","","9","","","/","","","/","","",0,"8",.0,"8",.0,"8","","8",0,"8","","",.0,"8",.0,"8",.0,"8",.0,"8",.0,"8",.0,"8",.0,"8",.0,"8",.0,"8",0,"8",0,"8",0,"8","","",0,"8",0,"8"
"352190360","P£OCK","2006","09","08","05","4","",0,"8",0,"8","","","",8,"",0,"8",0,"8",7,"",280,"",6,"",0,"",13.6,"",.0,"8","U","",13.1,"",84,"",10.9,"",999.8,"",1012.8,"",3,2.6,"",.0,"8",0,"8","02","2","7","","9","","","/","","","/","","",0,"8",.0,"8",.0,"8","","8",0,"8","","",.0,"8",.0,"8",.0,"8",.0,"8",.0,"8",.0,"8",.0,"8",.0,"8",.0,"8",0,"8",0,"8",0,"8","","",0,"8",0,"8"
"352190360","P£OCK","2006","09","08","06","4","",0,"8",0,"8","","","",7,"",0,"8",0,"8",5,"",280,"",6,"",0,"",13.6,"",.0,"8","U","",12.9,"",83,"",10.8,"",1000.0,"",1013.0,"",2,2.1,"",1.7,"",6,"","01","9","5","","9","","","0","","","0","","",2,"",.0,"8",.0,"8","","8",0,"8","","",.0,"8",.0,"8",.0,"8",.0,"8",.0,"8",.0,"8",.0,"8",.0,"8",.0,"8",0,"8",0,"8",0,"8","","",0,"8",0,"8"
"352190360","P£OCK","2006","09","08","07","4","",0,"8",0,"8","","","",8,"",0,"8",0,"8",5,"",280,"",7,"",0,"",13.8,"",.0,"8","U","",12.1,"",77,"",9.8,"",1000.5,"",1013.5,"",2,2.0,"",.0,"8",0,"8","01","2","5","","5","","","0","","","0","","",0,"8",.0,"8",.0,"8","","8",0,"8","","",.0,"8",.0,"8",.0,"8",.0,"8",.0,"8",.0,"8",.0,"8",.0,"8",.0,"8",0,"8",0,"8",0,"8","","",0,"8",0,"8"
"352190360","P£OCK","2006","09","08","08","4","",0,"8",0,"8","","","",7,"",0,"8",0,"8",7,"",250,"",4,"",10,"",13.6,"",.0,"8","U","",13.4,"",86,"",11.3,"",1001.1,"",1014.2,"",3,1.3,"",.0,"8",0,"8","80","2","7","","9","","","/","","","/","","",0,"8",.0,"8",.0,"8","","8",0,"8","","",.0,"8",.0,"8",.0,"8",.0,"8",.0,"8",.0,"8",.0,"8",.0,"8",.0,"8",0,"8",0,"8",0,"8","","",0,"8",0,"8"
"352190360","P£OCK","2006","09","08","09","5","",0,"8",0,"8","","","",7,"",0,"8",0,"8",7,"",280,"",6,"",0,"",14.2,"",.0,"8","U","",12.4,"",77,"",10.2,"",1001.9,"",1014.9,"",3,1.9,"",.0,"8",0,"8","80","2","7","","9","","","/","","","/","","",0,"8",.0,"8",.0,"8","","8",0,"8","","",.0,"8",.0,"8",.0,"8",.0,"8",.0,"8",.0,"8",.0,"8",.0,"8",.0,"8",0,"8",0,"8",0,"8","","",0,"8",0,"8"
"352190360","P£OCK","2006","09","08","10","5","",0,"8",0,"8","","","",7,"",0,"8",0,"8",7,"",270,"",6,"",0,"",13.8,"",.0,"8","U","",12.9,"",82,"",10.8,"",1002.3,"",1015.4,"",2,1.8,"",.0,"8",0,"8","80","8","7","","9","","","/","","","/","","",0,"8",.0,"8",.0,"8","","8",0,"8","","",.0,"8",.0,"8",.0,"8",.0,"8",.0,"8",.0,"8",.0,"8",.0,"8",.0,"8",0,"8",0,"8",0,"8","","",0,"8",0,"8"
"352190360","P£OCK","2006","09","08","11","5","",0,"8",0,"8","","","",8,"",0,"8",0,"8",7,"",280,"",7,"",0,"",14.8,"",.0,"8","U","",12.1,"",72,"",9.8,"",1002.7,"",1015.7,"",1,1.6,"",.0,"8",0,"8","01","2","7","","8","","","/","","","/","","",0,"8",.0,"8",.0,"8","","8",0,"8","","",.0,"8",.0,"8",.0,"8",.0,"8",.0,"8",.0,"8",.0,"8",.0,"8",.0,"8",0,"8",0,"8",0,"8","","",0,"8",0,"8"
"352190360","P£OCK","2006","09","08","12","5","",0,"8",0,"8","","","",8,"",0,"8",0,"8",7,"",250,"",5,"",0,"",15.5,"",.0,"8","U","",13.0,"",74,"",10.9,"",1003.0,"",1016.0,"",2,1.1,"",.5,"",6,"","25","2","7","","8","","","/","","","/","","",1,"",.0,"8",.0,"8","","8",0,"8","","",.0,"8",.0,"8",.0,"8",.0,"8",.0,"8",.0,"8",.0,"8",.0,"8",.0,"8",0,"8",0,"8",0,"8","","",0,"8",0,"8"
"352190360","P£OCK","2006","09","08","13","4","",0,"8",0,"8","","","",7,"",0,"8",0,"8",6,"",260,"",4,"",0,"",15.9,"",.0,"8","U","",14.1,"",78,"",12.1,"",1003.0,"",1016.0,"",1,.7,"",.0,"8",0,"8","25","2","5","","3","","","3","","","0","","",0,"8",.0,"8",.0,"8","","8",0,"8","","",.0,"8",.0,"8",.0,"8",.0,"8",.0,"8",.0,"8",.0,"8",.0,"8",.0,"8",0,"8",0,"8",0,"8","","",0,"8",0,"8"
"352190360","P£OCK","2006","09","08","14","5","",0,"8",0,"8","","","",9,"",0,"8",0,"8",7,"",280,"",2,"",0,"",12.0,"",.0,"8","U","",12.0,"",86,"",9.7,"",1004.3,"",1017.5,"",3,1.6,"",.0,"8",0,"8","17","9","6","","9","","","3","","","/","","",0,"8",.0,"8",.0,"8","","8",0,"8","","",.0,"8",.0,"8",.0,"8",.0,"8",.0,"8",.0,"8",.0,"8",.0,"8",.0,"8",0,"8",0,"8",0,"8","","",0,"8",0,"8"
"352190360","P£OCK","2006","09","08","15","5","",0,"8",0,"8","","","",9,"",0,"8",0,"8",4,"",280,"",4,"",0,"",15.1,"",.0,"8","U","",13.5,"",79,"",11.5,"",1004.8,"",1017.8,"",3,1.8,"",.0,"8",0,"8","01","9","3","","3","","","3","","","0","","",0,"8",.0,"8",.0,"8","","8",0,"8","","",.0,"8",.0,"8",.0,"8",.0,"8",.0,"8",.0,"8",.0,"8",.0,"8",.0,"8",0,"8",0,"8",0,"8","","",0,"8",0,"8"
"352190360","P£OCK","2006","09","08","16","6","",0,"8",0,"8","","","",8,"",0,"8",0,"8",3,"",280,"",6,"",0,"",15.3,"",.0,"8","U","",12.1,"",70,"",9.9,"",1005.3,"",1018.3,"",1,2.3,"",.0,"8",0,"8","01","0","3","","3","","","0","","","0","","",0,"8",.0,"8",.0,"8","","8",0,"8","","",.0,"8",.0,"8",.0,"8",.0,"8",.0,"8",.0,"8",.0,"8",.0,"8",.0,"8",0,"8",0,"8",0,"8","","",0,"8",0,"8"
"352190360","P£OCK","2006","09","08","17","5","",0,"8",0,"8","","","",9,"",0,"8",0,"8",3,"",280,"",4,"",0,"",14.7,"",.0,"8","U","",12.5,"",75,"",10.3,"",1005.7,"",1018.8,"",2,1.4,"",.0,"8",0,"8","02","0","3","","3","","","0","","","0","","",0,"8",.0,"8",.0,"8","","8",0,"8","","",.0,"8",.0,"8",.0,"8",.0,"8",.0,"8",.0,"8",.0,"8",.0,"8",.0,"8",0,"8",0,"8",0,"8","","",0,"8",0,"8"
"352190360","P£OCK","2006","09","08","18","5","",0,"8",0,"8","","","",9,"",0,"8",0,"8",3,"",280,"",3,"",0,"",13.8,"",.0,"8","U","",11.5,"",73,"",9.0,"",1006.6,"",1019.7,"",2,1.8,"",1.5,"",6,"","02","9","3","","3","","","0","","","0","","",2,"",.0,"8",.0,"8","","8",0,"8","","",.0,"8",.0,"8",.0,"8",.0,"8",.0,"8",.0,"8",.0,"8",.0,"8",.0,"8",0,"8",0,"8",0,"8","","",0,"8",0,"8"
"352190360","P£OCK","2006","09","08","19","6","",0,"8",0,"8","","","",9,"",0,"8",0,"8",1,"",280,"",4,"",0,"",12.8,"",.0,"8","U","",10.6,"",72,"",7.9,"",1007.3,"",1020.5,"",2,2.0,"",.0,"8",0,"8","01","0","1","","5","","","0","","","0","","",0,"8",.0,"8",.0,"8","","8",0,"8","","",.0,"8",.0,"8",.0,"8",.0,"8",.0,"8",.0,"8",.0,"8",.0,"8",.0,"8",0,"8",0,"8",0,"8","","",0,"8",0,"8"
"352190360","P£OCK","2006","09","08","20","6","",0,"8",0,"8","","","",9,"",0,"8",0,"8",2,"",280,"",4,"",0,"",11.9,"",.0,"8","U","",10.2,"",73,"",7.2,"",1007.7,"",1020.9,"",1,2.0,"",.0,"8",0,"8","03","0","1","","5","","","3","","","0","","",0,"8",.0,"8",.0,"8","","8",0,"8","","",.0,"8",.0,"8",.0,"8",.0,"8",.0,"8",.0,"8",.0,"8",.0,"8",.0,"8",0,"8",0,"8",0,"8","","",0,"8",0,"8"
"352190360","P£OCK","2006","09","08","21","6","",0,"8",0,"8","","","",9,"",0,"8",0,"8",3,"",280,"",3,"",0,"",11.7,"",.0,"8","U","",10.6,"",77,"",7.8,"",1008.3,"",1021.5,"",2,1.7,"",.0,"8",0,"8","03","0","2","","5","","","3","","","0","","",0,"8",.0,"8",.0,"8","","8",0,"8","","",.0,"8",.0,"8",.0,"8",.0,"8",.0,"8",.0,"8",.0,"8",.0,"8",.0,"8",0,"8",0,"8",0,"8","","",0,"8",0,"8"
"352190360","P£OCK","2006","09","08","22","9","",0,"8",0,"8","","","",8,"",0,"8",0,"8",2,"",280,"",4,"",0,"",11.3,"",.0,"8","U","",10.4,"",78,"",7.6,"",1008.4,"",1021.7,"",2,1.1,"",.0,"8",0,"8","01","0","2","","0","","","3","","","0","","",0,"8",.0,"8",.0,"8","","8",0,"8","","",.0,"8",.0,"8",.0,"8",.0,"8",.0,"8",.0,"8",.0,"8",.0,"8",.0,"8",0,"8",0,"8",0,"8","","",0,"8",0,"8"
"352190360","P£OCK","2006","09","08","23","9","",0,"8",0,"8","","","",9,"",0,"8",0,"8",3,"",280,"",5,"",0,"",11.3,"",.0,"8","U","",10.4,"",78,"",7.6,"",1008.6,"",1021.9,"",2,.9,"",.0,"8",0,"8","03","0","3","","0","","","3","","","0","","",0,"8",.0,"8",.0,"8","","8",0,"8","","",.0,"8",.0,"8",.0,"8",.0,"8",.0,"8",.0,"8",.0,"8",.0,"8",.0,"8",0,"8",0,"8",0,"8","","",0,"8",0,"8"
"352190360","P£OCK","2006","09","09","00","9","",0,"8",0,"8","","","",8,"",0,"8",0,"8",2,"",280,"",5,"",0,"",11.4,"",.0,"8","U","",10.5,"",78,"",7.7,"",1008.8,"",1022.1,"",2,.5,"",.0,"9",0,"9","01","0","2","","0","","","3","","","0","","",2,"",.0,"8",.0,"8","","8",0,"8","","",.0,"8",.0,"8",.0,"8",.0,"8",.0,"8",.0,"8",.0,"8",.0,"8",.0,"8",0,"8",0,"8",0,"8","","",0,"8",0,"8"
"352190360","P£OCK","2006","09","09","01","9","",0,"8",0,"8","","","",8,"",0,"8",0,"8",4,"",280,"",4,"",0,"",10.8,"",.0,"8","U","",10.5,"",81,"",7.7,"",1009.3,"",1022.6,"",3,.9,"",.0,"8",0,"8","03","0","4","","0","","","3","","","0","","",0,"8",.0,"8",.0,"8","","8",0,"8","","",.0,"8",.0,"8",.0,"8",.0,"8",.0,"8",.0,"8",.0,"8",.0,"8",.0,"8",0,"8",0,"8",0,"8","","",0,"8",0,"8"
"352190360","P£OCK","2006","09","09","02","9","",0,"8",0,"8","","","",9,"",0,"8",0,"8",7,"",280,"",4,"",0,"",11.1,"",.0,"8","U","",10.8,"",82,"",8.1,"",1009.5,"",1022.8,"",2,.9,"",.0,"8",0,"8","03","1","7","","0","","","5","","","/","","",0,"8",.0,"8",.0,"8","","8",0,"8","","",.0,"8",.0,"8",.0,"8",.0,"8",.0,"8",.0,"8",.0,"8",.0,"8",.0,"8",0,"8",0,"8",0,"8","","",0,"8",0,"8"
"352190360","P£OCK","2006","09","09","03","9","",0,"8",0,"8","","","",9,"",0,"8",0,"8",1,"",280,"",4,"",0,"",10.6,"",.0,"8","U","",10.5,"",82,"",7.7,"",1009.6,"",1022.9,"",1,.8,"",.0,"8",0,"8","01","1","1","","0","","","3","","","0","","",0,"8",.0,"8",.0,"8","","8",0,"8","","",.0,"8",.0,"8",.0,"8",.0,"8",.0,"8",.0,"8",.0,"8",.0,"8",.0,"8",0,"8",0,"8",0,"8","","",0,"8",0,"8"
"352190360","P£OCK","2006","09","09","04","9","",0,"8",0,"8","","","",8,"",0,"8",0,"8",1,"",280,"",4,"",0,"",10.2,"",.0,"8","U","",10.4,"",84,"",7.6,"",1010.0,"",1023.3,"",2,.7,"",.0,"8",0,"8","02","0","1","","0","","","3","","","0","","",0,"8",.0,"8",.0,"8","","8",0,"8","","",.0,"8",.0,"8",.0,"8",.0,"8",.0,"8",.0,"8",.0,"8",.0,"8",.0,"8",0,"8",0,"8",0,"8","","",0,"8",0,"8"
"352190360","P£OCK","2006","09","09","05","9","",0,"8",0,"8","","","",8,"",0,"8",0,"8",1,"",280,"",4,"",0,"",10.2,"",.0,"8","U","",10.4,"",84,"",7.6,"",1010.5,"",1023.8,"",3,1.0,"",.0,"8",0,"8","02","0","1","","0","","","3","","","0","","",0,"8",.0,"8",.0,"8","","8",0,"8","","",.0,"8",.0,"8",.0,"8",.0,"8",.0,"8",.0,"8",.0,"8",.0,"8",.0,"8",0,"8",0,"8",0,"8","","",0,"8",0,"8"
"352190360","P£OCK","2006","09","09","06","9","",0,"8",0,"8","","","",8,"",0,"8",0,"8",1,"",280,"",4,"",0,"",11.3,"",.0,"8","U","",11.0,"",82,"",8.3,"",1011.0,"",1024.3,"",2,1.4,"",.0,"9",0,"9","02","1","1","","0","","","3","","","0","","",1,"",.0,"8",.0,"8","","8",0,"8","","",.0,"8",.0,"8",.0,"8",.0,"8",.0,"8",.0,"8",.0,"8",.0,"8",.0,"8",0,"8",0,"8",0,"8","","",0,"8",0,"8"
"352190360","P£OCK","2006","09","09","07","9","",0,"8",0,"8","","","",8,"",0,"8",0,"8",1,"",280,"",4,"",0,"",12.9,"",.0,"8","U","",11.6,"",78,"",9.2,"",1011.5,"",1024.7,"",2,1.5,"",.0,"8",0,"8","02","0","1","","0","","","3","","","0","","",0,"8",.0,"8",.0,"8","","8",0,"8","","",.0,"8",.0,"8",.0,"8",.0,"8",.0,"8",.0,"8",.0,"8",.0,"8",.0,"8",0,"8",0,"8",0,"8","","",0,"8",0,"8"
"352190360","P£OCK","2006","09","09","08","5","",0,"8",0,"8","","","",8,"",0,"8",0,"8",1,"",280,"",4,"",0,"",14.8,"",.0,"8","U","",12.3,"",73,"",10.0,"",1012.0,"",1025.1,"",2,1.5,"",.0,"8",0,"8","03","0","1","","1","","","3","","","0","","",0,"8",.0,"8",.0,"8","","8",0,"8","","",.0,"8",.0,"8",.0,"8",.0,"8",.0,"8",.0,"8",.0,"8",.0,"8",.0,"8",0,"8",0,"8",0,"8","","",0,"8",0,"8"
"352190360","P£OCK","2006","09","09","09","5","",0,"8",0,"8","","","",8,"",0,"8",0,"8",1,"",290,"",5,"",0,"",15.9,"",.0,"8","U","",11.2,"",62,"",8.6,"",1012.2,"",1025.3,"",1,1.2,"",.0,"8",0,"8","03","0","1","","2","","","0","","","0","","",0,"8",.0,"8",.0,"8","","8",0,"8","","",.0,"8",.0,"8",.0,"8",.0,"8",.0,"8",.0,"8",.0,"8",.0,"8",.0,"8",0,"8",0,"8",0,"8","","",0,"8",0,"8"
"352190360","P£OCK","2006","09","09","10","6","",0,"8",0,"8","","","",8,"",0,"8",0,"8",3,"",280,"",5,"",0,"",16.8,"",.0,"8","U","",9.9,"",52,"",6.9,"",1012.3,"",1025.4,"",1,.8,"",.0,"8",0,"8","03","0","3","","2","","","0","","","0","","",0,"8",.0,"8",.0,"8","","8",0,"8","","",.0,"8",.0,"8",.0,"8",.0,"8",.0,"8",.0,"8",.0,"8",.0,"8",.0,"8",0,"8",0,"8",0,"8","","",0,"8",0,"8"
"352190360","P£OCK","2006","09","09","11","6","",0,"8",0,"8","","","",8,"",0,"8",0,"8",5,"",290,"",5,"",0,"",16.8,"",.0,"8","U","",10.1,"",53,"",7.2,"",1012.3,"",1025.4,"",1,.3,"",.0,"8",0,"8","03","1","5","","2","","","0","","","0","","",0,"8",.0,"8",.0,"8","","8",0,"8","","",.0,"8",.0,"8",.0,"8",.0,"8",.0,"8",.0,"8",.0,"8",.0,"8",.0,"8",0,"8",0,"8",0,"8","","",0,"8",0,"8"
"352190360","P£OCK","2006","09","09","12","6","",0,"8",0,"8","","","",8,"",0,"8",0,"8",5,"",270,"",5,"",0,"",17.1,"",.0,"8","U","",10.5,"",54,"",7.7,"",1012.4,"",1025.4,"",2,.2,"",.0,"9",0,"9","02","1","5","","2","","","0","","","0","","",1,"",.0,"8",.0,"8","","8",0,"8","","",.0,"8",.0,"8",.0,"8",.0,"8",.0,"8",.0,"8",.0,"8",.0,"8",.0,"8",0,"8",0,"8",0,"8","","",0,"8",0,"8"
"352190360","P£OCK","2006","09","09","13","6","",0,"8",0,"8","","","",8,"",0,"8",0,"8",6,"",270,"",5,"",0,"",18.6,"",.0,"8","U","",10.3,"",48,"",7.4,"",1012.7,"",1025.7,"",3,.4,"",.0,"8",0,"8","03","2","6","","2","","","0","","","0","","",0,"8",.0,"8",.0,"8","","8",0,"8","","",.0,"8",.0,"8",.0,"8",.0,"8",.0,"8",.0,"8",.0,"8",.0,"8",.0,"8",0,"8",0,"8",0,"8","","",0,"8",0,"8"
"352190360","P£OCK","2006","09","09","14","6","",0,"8",0,"8","","","",8,"",0,"8",0,"8",4,"",290,"",5,"",0,"",18.3,"",.0,"8","U","",9.9,"",47,"",6.8,"",1012.7,"",1025.7,"",1,.4,"",.0,"8",0,"8","01","1","4","","2","","","0","","","0","","",0,"8",.0,"8",.0,"8","","8",0,"8","","",.0,"8",.0,"8",.0,"8",.0,"8",.0,"8",.0,"8",.0,"8",.0,"8",.0,"8",0,"8",0,"8",0,"8","","",0,"8",0,"8"
"352190360","P£OCK","2006","09","09","15","7","",0,"8",0,"8","","","",8,"",0,"8",0,"8",2,"",280,"",5,"",0,"",18.1,"",.0,"8","U","",9.5,"",46,"",6.3,"",1012.5,"",1025.5,"",0,.1,"",.0,"8",0,"8","01","1","1","","1","","","3","","","0","","",0,"8",.0,"8",.0,"8","","8",0,"8","","",.0,"8",.0,"8",.0,"8",.0,"8",.0,"8",.0,"8",.0,"8",.0,"8",.0,"8",0,"8",0,"8",0,"8","","",0,"8",0,"8"
"352190360","P£OCK","2006","09","09","16","7","",0,"8",0,"8","","","",8,"",0,"8",0,"8",1,"",280,"",5,"",0,"",17.4,"",.0,"8","U","",10.1,"",51,"",7.2,"",1012.4,"",1025.4,"",8,-.3,"",.0,"8",0,"8","01","0","1","","4","","","0","","","0","","",0,"8",.0,"8",.0,"8","","8",0,"8","","",.0,"8",.0,"8",.0,"8",.0,"8",.0,"8",.0,"8",.0,"8",.0,"8",.0,"8",0,"8",0,"8",0,"8","","",0,"8",0,"8"
"352190360","P£OCK","2006","09","09","17","7","",0,"8",0,"8","","","",9,"",0,"8",0,"8",2,"",280,"",4,"",0,"",16.2,"",.0,"8","U","",10.5,"",57,"",7.7,"",1012.6,"",1025.7,"",5,-.1,"",.0,"8",0,"8","03","0","1","","5","","","3","","","1","","",0,"8",.0,"8",.0,"8","","8",0,"8","","",.0,"8",.0,"8",.0,"8",.0,"8",.0,"8",.0,"8",.0,"8",.0,"8",.0,"8",0,"8",0,"8",0,"8","","",0,"8",0,"8"
"352190360","P£OCK","2006","09","09","18","6","",0,"8",0,"8","","","",9,"",0,"8",0,"8",3,"",280,"",5,"",0,"",16.1,"",.0,"8","U","",10.4,"",57,"",7.6,"",1012.8,"",1025.9,"",3,.3,"",.0,"9",0,"9","03","1","3","","5","","","0","","","0","","",1,"",.0,"8",.0,"8","","8",0,"8","","",.0,"8",.0,"8",.0,"8",.0,"8",.0,"8",.0,"8",.0,"8",.0,"8",.0,"8",0,"8",0,"8",0,"8","","",0,"8",0,"8"
"352190360","P£OCK","2006","09","09","19","9","",0,"8",0,"8","","","",9,"",0,"8",0,"8",0,"",250,"",4,"",0,"",14.3,"",.0,"8","U","",10.7,"",66,"",8.0,"",1013.0,"",1026.2,"",2,.6,"",.0,"8",0,"8","01","0","0","","0","","","0","","","0","","",0,"8",.0,"8",.0,"8","","8",0,"8","","",.0,"8",.0,"8",.0,"8",.0,"8",.0,"8",.0,"8",.0,"8",.0,"8",.0,"8",0,"8",0,"8",0,"8","","",0,"8",0,"8"
"352190360","P£OCK","2006","09","09","20","9","",0,"8",0,"8","","","",8,"",0,"8",0,"8",0,"",280,"",5,"",0,"",14.8,"",.0,"8","U","",10.8,"",64,"",8.1,"",1013.3,"",1026.5,"",2,.7,"",.0,"8",0,"8","02","0","0","","0","","","0","","","0","","",0,"8",.0,"8",.0,"8","","8",0,"8","","",.0,"8",.0,"8",.0,"8",.0,"8",.0,"8",.0,"8",.0,"8",.0,"8",.0,"8",0,"8",0,"8",0,"8","","",0,"8",0,"8"
"352190360","P£OCK","2006","09","09","21","9","",0,"8",0,"8","","","",8,"",0,"8",0,"8",0,"",280,"",4,"",0,"",14.2,"",.0,"8","U","",11.3,"",70,"",8.8,"",1013.7,"",1026.9,"",3,.9,"",.0,"8",0,"8","02","0","0","","0","","","0","","","0","","",0,"8",.0,"8",.0,"8","","8",0,"8","","",.0,"8",.0,"8",.0,"8",.0,"8",.0,"8",.0,"8",.0,"8",.0,"8",.0,"8",0,"8",0,"8",0,"8","","",0,"8",0,"8"
"352190360","P£OCK","2006","09","09","22","9","",0,"8",0,"8","","","",8,"",0,"8",0,"8",0,"",280,"",3,"",0,"",12.6,"",.0,"8","U","",11.1,"",76,"",8.5,"",1013.9,"",1027.2,"",2,.9,"",.0,"8",0,"8","02","0","0","","0","","","0","","","0","","",0,"8",.0,"8",.0,"8","","8",0,"8","","",.0,"8",.0,"8",.0,"8",.0,"8",.0,"8",.0,"8",.0,"8",.0,"8",.0,"8",0,"8",0,"8",0,"8","","",0,"8",0,"8"
"352190360","P£OCK","2006","09","09","23","9","",0,"8",0,"8","","","",8,"",0,"8",0,"8",0,"",280,"",3,"",0,"",11.9,"",.0,"8","U","",11.3,"",81,"",8.7,"",1014.2,"",1027.5,"",2,.9,"",.0,"8",0,"8","02","0","0","","0","","","0","","","0","","",0,"8",.0,"8",.0,"8","","8",0,"8","","",.0,"8",.0,"8",.0,"8",.0,"8",.0,"8",.0,"8",.0,"8",.0,"8",.0,"8",0,"8",0,"8",0,"8","","",0,"8",0,"8"
"352190360","P£OCK","2006","09","10","00","9","",0,"8",0,"8","","","",7,"",0,"8",0,"8",0,"",290,"",3,"",0,"",11.5,"",.0,"8","U","",11.4,"",84,"",8.9,"",1014.3,"",1027.6,"",2,.6,"",.0,"9",0,"9","02","0","0","","0","","","0","","","0","","",1,"",.0,"8",.0,"8","","8",0,"8","","",.0,"8",.0,"8",.0,"8",.0,"8",.0,"8",.0,"8",.0,"8",.0,"8",.0,"8",0,"8",0,"8",0,"8","","",0,"8",0,"8"
"352190360","P£OCK","2006","09","10","01","9","",0,"8",0,"8","","","",7,"",0,"8",0,"8",0,"",280,"",3,"",0,"",11.5,"",.0,"8","U","",11.6,"",86,"",9.2,"",1014.5,"",1027.8,"",2,.6,"",.0,"8",0,"8","02","0","0","","0","","","0","","","0","","",0,"8",.0,"8",.0,"8","","8",0,"8","","",.0,"8",.0,"8",.0,"8",.0,"8",.0,"8",.0,"8",.0,"8",.0,"8",.0,"8",0,"8",0,"8",0,"8","","",0,"8",0,"8"
"352190360","P£OCK","2006","09","10","02","9","",0,"8",0,"8","","","",7,"",0,"8",0,"8",0,"",280,"",3,"",0,"",11.3,"",.0,"8","U","",11.5,"",86,"",9.0,"",1014.6,"",1027.9,"",2,.4,"",.0,"8",0,"8","02","0","0","","0","","","0","","","0","","",0,"8",.0,"8",.0,"8","","8",0,"8","","",.0,"8",.0,"8",.0,"8",.0,"8",.0,"8",.0,"8",.0,"8",.0,"8",.0,"8",0,"8",0,"8",0,"8","","",0,"8",0,"8"
"352190360","P£OCK","2006","09","10","03","9","",0,"8",0,"8","","","",7,"",0,"8",0,"8",0,"",290,"",3,"",0,"",10.3,"",.0,"8","U","",11.1,"",89,"",8.6,"",1014.7,"",1028.1,"",2,.4,"",.0,"8",0,"8","02","0","0","","0","","","0","","","0","","",0,"8",.0,"8",.0,"8","","8",0,"8","","",.0,"8",.0,"8",.0,"8",.0,"8",.0,"8",.0,"8",.0,"8",.0,"8",.0,"8",0,"8",0,"8",0,"8","","",0,"8",0,"8"
"352190360","P£OCK","2006","09","10","04","9","",0,"8",0,"8","","","",6,"",0,"8",0,"8",0,"",0,"",0,"",0,"",9.5,"",.0,"8","U","",10.7,"",90,"",7.9,"",1014.9,"",1028.3,"",2,.4,"",.0,"8",0,"8","10","0","0","","0","","","0","","","0","","",0,"8",.0,"8",.0,"8","","8",0,"8","","",.0,"8",.0,"8",.0,"8",.0,"8",.0,"8",.0,"8",.0,"8",.0,"8",.0,"8",0,"8",0,"8",0,"8","","",0,"8",0,"8"
"352190360","P£OCK","2006","09","10","05","6","",0,"8",0,"8","","","",6,"",0,"8",0,"8",1,"",220,"",1,"",0,"",9.6,"",.0,"8","U","",11.2,"",94,"",8.7,"",1015.3,"",1028.7,"",3,.7,"",.0,"8",0,"8","10","0","1","","5","","","0","","","0","","",0,"8",.0,"8",.0,"8","","8",0,"8","","",.0,"8",.0,"8",.0,"8",.0,"8",.0,"8",.0,"8",.0,"8",.0,"8",.0,"8",0,"8",0,"8",0,"8","","",0,"8",0,"8"
"352190360","P£OCK","2006","09","10","06","5","",0,"8",0,"8","","","",7,"",0,"8",0,"8",3,"",300,"",3,"",0,"",11.5,"",.0,"8","U","",12.3,"",91,"",10.1,"",1015.7,"",1029.0,"",3,1.0,"",.0,"9",0,"9","03","0","3","","5","","","0","","","0","","",1,"",.0,"8",.0,"8","","8",0,"8","","",.0,"8",.0,"8",.0,"8",.0,"8",.0,"8",.0,"8",.0,"8",.0,"8",.0,"8",0,"8",0,"8",0,"8","","",0,"8",0,"8"
"352190360","P£OCK","2006","09","10","07","5","",0,"8",0,"8","","","",7,"",0,"8",0,"8",7,"",290,"",3,"",0,"",12.8,"",.0,"8","U","",12.8,"",87,"",10.7,"",1016.0,"",1029.3,"",2,1.1,"",.0,"8",0,"8","03","1","7","","5","","","/","","","/","","",0,"8",.0,"8",.0,"8","","8",0,"8","","",.0,"8",.0,"8",.0,"8",.0,"8",.0,"8",.0,"8",.0,"8",.0,"8",.0,"8",0,"8",0,"8",0,"8","","",0,"8",0,"8"
"352190360","P£OCK","2006","09","10","08","5","",0,"8",0,"8","","","",8,"",0,"8",0,"8",5,"",290,"",3,"",0,"",14.4,"",.0,"8","U","",13.4,"",82,"",11.4,"",1016.4,"",1029.6,"",2,1.1,"",.0,"8",0,"8","01","2","4","","5","","","3","","","0","","",0,"8",.0,"8",.0,"8","","8",0,"8","","",.0,"8",.0,"8",.0,"8",.0,"8",.0,"8",.0,"8",.0,"8",.0,"8",.0,"8",0,"8",0,"8",0,"8","","",0,"8",0,"8"
"352190360","P£OCK","2006","09","10","09","5","",0,"8",0,"8","","","",8,"",0,"8",0,"8",5,"",280,"",5,"",0,"",15.9,"",.0,"8","U","",12.4,"",69,"",10.2,"",1016.6,"",1029.8,"",2,.9,"",.0,"8",0,"8","03","1","4","","8","","","3","","","0","","",0,"8",.0,"8",.0,"8","","8",0,"8","","",.0,"8",.0,"8",.0,"8",.0,"8",.0,"8",.0,"8",.0,"8",.0,"8",.0,"8",0,"8",0,"8",0,"8","","",0,"8",0,"8"
"352190360","P£OCK","2006","09","10","10","5","",0,"8",0,"8","","","",8,"",0,"8",0,"8",7,"",280,"",4,"",0,"",16.4,"",.0,"8","U","",12.1,"",65,"",9.8,"",1016.5,"",1029.6,"",0,.5,"",.0,"8",0,"8","03","2","7","","2","","","/","","","/","","",0,"8",.0,"8",.0,"8","","8",0,"8","","",.0,"8",.0,"8",.0,"8",.0,"8",.0,"8",.0,"8",.0,"8",.0,"8",.0,"8",0,"8",0,"8",0,"8","","",0,"8",0,"8"
"352190360","P£OCK","2006","09","10","11","5","",0,"8",0,"8","","","",8,"",0,"8",0,"8",7,"",270,"",4,"",0,"",16.9,"",.0,"8","U","",11.3,"",59,"",8.8,"",1016.5,"",1029.6,"",1,.1,"",.0,"8",0,"8","03","2","7","","3","","","/","","","/","","",0,"8",.0,"8",.0,"8","","8",0,"8","","",.0,"8",.0,"8",.0,"8",.0,"8",.0,"8",.0,"8",.0,"8",.0,"8",.0,"8",0,"8",0,"8",0,"8","","",0,"8",0,"8"
"352190360","P£OCK","2006","09","10","12","5","",0,"8",0,"8","","","",8,"",0,"8",0,"8",7,"",280,"",4,"",0,"",17.0,"",.0,"8","U","",11.8,"",61,"",9.4,"",1016.3,"",1029.4,"",7,-.3,"",.0,"9",0,"9","01","1","7","","2","","","/","","","/","","",0,"",.0,"8",.0,"8","","8",0,"8","","",.0,"8",.0,"8",.0,"8",.0,"8",.0,"8",.0,"8",.0,"8",.0,"8",.0,"8",0,"8",0,"8",0,"8","","",0,"8",0,"8"
"352190360","P£OCK","2006","09","10","13","5","",0,"8",0,"8","","","",8,"",0,"8",0,"8",6,"",290,"",4,"",0,"",17.3,"",.0,"8","U","",11.6,"",59,"",9.2,"",1016.2,"",1029.3,"",8,-.3,"",.0,"8",0,"8","01","2","6","","2","","","0","","","0","","",0,"8",.0,"8",.0,"8","","8",0,"8","","",.0,"8",.0,"8",.0,"8",.0,"8",.0,"8",.0,"8",.0,"8",.0,"8",.0,"8",0,"8",0,"8",0,"8","","",0,"8",0,"8"
"352190360","P£OCK","2006","09","10","14","6","",0,"8",0,"8","","","",8,"",0,"8",0,"8",5,"",290,"",3,"",0,"",17.8,"",.0,"8","U","",12.4,"",61,"",10.2,"",1016.0,"",1029.1,"",7,-.5,"",.0,"8",0,"8","01","2","5","","2","","","0","","","0","","",0,"8",.0,"8",.0,"8","","8",0,"8","","",.0,"8",.0,"8",.0,"8",.0,"8",.0,"8",.0,"8",.0,"8",.0,"8",.0,"8",0,"8",0,"8",0,"8","","",0,"8",0,"8"
"352190360","P£OCK","2006","09","10","15","6","",0,"8",0,"8","","","",8,"",0,"8",0,"8",3,"",290,"",3,"",0,"",17.8,"",.0,"8","U","",12.2,"",60,"",9.9,"",1015.6,"",1028.7,"",8,-.7,"",.0,"8",0,"8","01","1","3","","5","","","0","","","0","","",0,"8",.0,"8",.0,"8","","8",0,"8","","",.0,"8",.0,"8",.0,"8",.0,"8",.0,"8",.0,"8",.0,"8",.0,"8",.0,"8",0,"8",0,"8",0,"8","","",0,"8",0,"8"
"352190360","P£OCK","2006","09","10","16","6","",0,"8",0,"8","","","",8,"",0,"8",0,"8",2,"",330,"",3,"",0,"",17.1,"",.0,"8","U","",12.5,"",64,"",10.2,"",1015.3,"",1028.4,"",7,-.9,"",.0,"8",0,"8","01","0","2","","5","","","0","","","0","","",0,"8",.0,"8",.0,"8","","8",0,"8","","",.0,"8",.0,"8",.0,"8",.0,"8",.0,"8",.0,"8",.0,"8",.0,"8",.0,"8",0,"8",0,"8",0,"8","","",0,"8",0,"8"
"352190360","P£OCK","2006","09","10","17","6","",0,"8",0,"8","","","",7,"",0,"8",0,"8",1,"",340,"",2,"",0,"",15.3,"",.0,"8","U","",12.1,"",70,"",9.9,"",1015.2,"",1028.4,"",6,-.8,"",.0,"8",0,"8","01","0","1","","5","","","0","","","0","","",0,"8",.0,"8",.0,"8","","8",0,"8","","",.0,"8",.0,"8",.0,"8",.0,"8",.0,"8",.0,"8",.0,"8",.0,"8",.0,"8",0,"8",0,"8",0,"8","","",0,"8",0,"8"
"352190360","P£OCK","2006","09","10","18","9","",0,"8",0,"8","","","",7,"",0,"8",0,"8",1,"",0,"",0,"",0,"",12.4,"",.0,"8","U","",11.8,"",82,"",9.4,"",1015.5,"",1028.8,"",5,-.1,"",.0,"9",0,"9","01","1","0","","0","","","0","","","1","","",0,"",.0,"8",.0,"8","","8",0,"8","","",.0,"8",.0,"8",.0,"8",.0,"8",.0,"8",.0,"8",.0,"8",.0,"8",.0,"8",0,"8",0,"8",0,"8","","",0,"8",0,"8"
"352190360","P£OCK","2006","09","10","19","9","",0,"8",0,"8","","","",6,"",0,"8",0,"8",0,"",0,"",0,"",0,"",10.8,"",.0,"8","U","",11.5,"",89,"",9.1,"",1015.8,"",1029.2,"",3,.5,"",.0,"8",0,"8","10","0","0","","0","","","0","","","0","","",0,"8",.0,"8",.0,"8","","8",0,"8","","",.0,"8",.0,"8",.0,"8",.0,"8",.0,"8",.0,"8",.0,"8",.0,"8",.0,"8",0,"8",0,"8",0,"8","","",0,"8",0,"8"
"352190360","P£OCK","2006","09","10","20","9","",0,"8",0,"8","","","",5,"",0,"8",0,"8",0,"",0,"",0,"",0,"",10.2,"",.0,"8","U","",11.3,"",91,"",8.8,"",1016.0,"",1029.4,"",2,.8,"",.0,"8",0,"8","10","0","0","","0","","","0","","","0","","",0,"8",.0,"8",.0,"8","","8",0,"8","","",.0,"8",.0,"8",.0,"8",.0,"8",.0,"8",.0,"8",.0,"8",.0,"8",.0,"8",0,"8",0,"8",0,"8","","",0,"8",0,"8"
"352190360","P£OCK","2006","09","10","21","9","",0,"8",0,"8","","","",5,"",0,"8",0,"8",0,"",0,"",0,"",0,"",9.5,"",.0,"8","U","",11.0,"",93,"",8.4,"",1016.1,"",1029.5,"",1,.6,"",.0,"8",0,"8","10","0","0","","0","","","0","","","0","","",0,"8",.0,"8",.0,"8","","8",0,"8","","",.0,"8",.0,"8",.0,"8",.0,"8",.0,"8",.0,"8",.0,"8",.0,"8",.0,"8",0,"8",0,"8",0,"8","","",0,"8",0,"8"
"352190360","P£OCK","2006","09","10","22","9","",0,"8",0,"8","","","",5,"",0,"8",0,"8",0,"",100,"",1,"",0,"",9.0,"",.0,"8","U","",10.7,"",93,"",7.9,"",1016.2,"",1029.7,"",2,.4,"",.0,"8",0,"8","10","0","0","","0","","","0","","","0","","",0,"8",.0,"8",.0,"8","","8",0,"8","","",.0,"8",.0,"8",.0,"8",.0,"8",.0,"8",.0,"8",.0,"8",.0,"8",.0,"8",0,"8",0,"8",0,"8","","",0,"8",0,"8"
"352190360","P£OCK","2006","09","10","23","9","",0,"8",0,"8","","","",5,"",0,"8",0,"8",0,"",100,"",1,"",0,"",8.4,"",.0,"8","U","",10.2,"",93,"",7.3,"",1016.2,"",1029.7,"",1,.2,"",.0,"8",0,"8","10","0","0","","0","","","0","","","0","","",0,"8",.0,"8",.0,"8","","8",0,"8","","",.0,"8",.0,"8",.0,"8",.0,"8",.0,"8",.0,"8",.0,"8",.0,"8",.0,"8",0,"8",0,"8",0,"8","","",0,"8",0,"8"
"352190360","P£OCK","2006","09","11","00","9","",0,"8",0,"8","","","",4,"",0,"8",0,"8",0,"",120,"",1,"",0,"",8.1,"",.0,"8","U","",10.1,"",94,"",7.2,"",1016.3,"",1029.8,"",2,.2,"",.0,"9",0,"9","10","0","0","","0","","","0","","","0","","",0,"",.0,"8",.0,"8","","8",0,"8","","",.0,"8",.0,"8",.0,"8",.0,"8",.0,"8",.0,"8",.0,"8",.0,"8",.0,"8",0,"8",0,"8",0,"8","","",0,"8",0,"8"
"352190360","P£OCK","2006","09","11","01","9","",0,"8",0,"8","","","",4,"",0,"8",0,"8",0,"",90,"",1,"",0,"",7.7,"",.0,"8","U","",9.9,"",94,"",6.8,"",1016.3,"",1029.8,"",1,.1,"",.0,"8",0,"8","10","0","0","","0","","","0","","","0","","",0,"8",.0,"8",.0,"8","","8",0,"8","","",.0,"8",.0,"8",.0,"8",.0,"8",.0,"8",.0,"8",.0,"8",.0,"8",.0,"8",0,"8",0,"8",0,"8","","",0,"8",0,"8"
"352190360","P£OCK","2006","09","11","02","9","",0,"8",0,"8","","","",5,"",0,"8",0,"8",0,"",0,"",0,"",0,"",7.4,"",.0,"8","U","",9.7,"",94,"",6.5,"",1016.2,"",1029.7,"",0,.0,"",.0,"8",0,"8","10","0","0","","0","","","0","","","0","","",0,"8",.0,"8",.0,"8","","8",0,"8","","",.0,"8",.0,"8",.0,"8",.0,"8",.0,"8",.0,"8",.0,"8",.0,"8",.0,"8",0,"8",0,"8",0,"8","","",0,"8",0,"8"
"352190360","P£OCK","2006","09","11","03","9","",0,"8",0,"8","","","",5,"",0,"8",0,"8",0,"",0,"",0,"",0,"",7.3,"",.0,"8","U","",9.6,"",94,"",6.4,"",1016.2,"",1029.8,"",6,-.1,"",.0,"8",0,"8","10","0","0","","0","","","0","","","0","","",0,"8",.0,"8",.0,"8","","8",0,"8","","",.0,"8",.0,"8",.0,"8",.0,"8",.0,"8",.0,"8",.0,"8",.0,"8",.0,"8",0,"8",0,"8",0,"8","","",0,"8",0,"8"
"352190360","P£OCK","2006","09","11","04","9","",0,"8",0,"8","","","",4,"",0,"8",0,"8",0,"",50,"",1,"",0,"",6.9,"",.0,"8","U","",9.4,"",95,"",6.2,"",1016.0,"",1029.6,"",7,-.3,"",.0,"8",0,"8","10","0","0","","0","","","0","","","0","","",0,"8",.0,"8",.0,"8","","8",0,"8","","",.0,"8",.0,"8",.0,"8",.0,"8",.0,"8",.0,"8",.0,"8",.0,"8",.0,"8",0,"8",0,"8",0,"8","","",0,"8",0,"8"
"352190360","P£OCK","2006","09","11","05","9","",0,"8",0,"8","","","",5,"",0,"8",0,"8",0,"",0,"",0,"",0,"",7.7,"",.0,"8","U","",10.0,"",95,"",6.9,"",1016.1,"",1029.6,"",5,-.1,"",.0,"8",0,"8","10","0","0","","0","","","0","","","0","","",0,"8",.0,"8",.0,"8","","8",0,"8","","",.0,"8",.0,"8",.0,"8",.0,"8",.0,"8",.0,"8",.0,"8",.0,"8",.0,"8",0,"8",0,"8",0,"8","","",0,"8",0,"8"
"352190360","P£OCK","2006","09","11","06","9","",0,"8",0,"8","","","",6,"",0,"8",0,"8",0,"",90,"",1,"",0,"",11.8,"",.0,"8","U","",13.3,"",96,"",11.2,"",1016.0,"",1029.3,"",7,-.2,"",.0,"9",0,"9","10","0","0","","0","","","0","","","0","","",0,"",.0,"8",.0,"8","","8",0,"8","","",.0,"8",.0,"8",.0,"8",.0,"8",.0,"8",.0,"8",.0,"8",.0,"8",.0,"8",0,"8",0,"8",0,"8","","",0,"8",0,"8"
"352190360","P£OCK","2006","09","11","07","9","",0,"8",0,"8","","","",7,"",0,"8",0,"8",2,"",100,"",1,"",0,"",14.6,"",.0,"8","U","",13.8,"",83,"",11.7,"",1016.1,"",1029.3,"",2,.1,"",.0,"8",0,"8","03","0","1","","0","","","3","","","1","","",0,"8",.0,"8",.0,"8","","8",0,"8","","",.0,"8",.0,"8",.0,"8",.0,"8",.0,"8",.0,"8",.0,"8",.0,"8",.0,"8",0,"8",0,"8",0,"8","","",0,"8",0,"8"
"352190360","P£OCK","2006","09","11","08","9","",0,"8",0,"8","","","",7,"",0,"8",0,"8",2,"",100,"",1,"",0,"",16.5,"",.0,"8","U","",13.9,"",74,"",11.8,"",1016.4,"",1029.5,"",3,.3,"",.0,"8",0,"8","02","0","1","","0","","","3","","","1","","",0,"8",.0,"8",.0,"8","","8",0,"8","","",.0,"8",.0,"8",.0,"8",.0,"8",.0,"8",.0,"8",.0,"8",.0,"8",.0,"8",0,"8",0,"8",0,"8","","",0,"8",0,"8"
"352190360","P£OCK","2006","09","11","09","5","",0,"8",0,"8","","","",8,"",0,"8",0,"8",2,"",140,"",2,"",0,"",18.2,"",.0,"8","U","",14.2,"",68,"",12.2,"",1016.2,"",1029.2,"",0,.2,"",.0,"8",0,"8","03","0","1","","1","","","0","","","1","","",0,"8",.0,"8",.0,"8","","8",0,"8","","",.0,"8",.0,"8",.0,"8",.0,"8",.0,"8",.0,"8",.0,"8",.0,"8",.0,"8",0,"8",0,"8",0,"8","","",0,"8",0,"8"
"352190360","P£OCK","2006","09","11","10","6","",0,"8",0,"8","","","",8,"",0,"8",0,"8",2,"",180,"",2,"",0,"",19.0,"",.0,"8","U","",13.2,"",60,"",11.1,"",1016.1,"",1029.1,"",0,.0,"",.0,"8",0,"8","03","0","2","","1","","","0","","","0","","",0,"8",.0,"8",.0,"8","","8",0,"8","","",.0,"8",.0,"8",.0,"8",.0,"8",.0,"8",.0,"8",.0,"8",.0,"8",.0,"8",0,"8",0,"8",0,"8","","",0,"8",0,"8"
"352190360","P£OCK","2006","09","11","11","6","",0,"8",0,"8","","","",8,"",0,"8",0,"8",2,"",120,"",2,"",0,"",20.1,"",.0,"8","U","",13.1,"",56,"",11.0,"",1015.7,"",1028.6,"",7,-.7,"",.0,"8",0,"8","01","0","1","","1","","","3","","","0","","",0,"8",.0,"8",.0,"8","","8",0,"8","","",.0,"8",.0,"8",.0,"8",.0,"8",.0,"8",.0,"8",.0,"8",.0,"8",.0,"8",0,"8",0,"8",0,"8","","",0,"8",0,"8"
"352190360","P£OCK","2006","09","11","12","6","",0,"8",0,"8","","","",8,"",0,"8",0,"8",2,"",110,"",2,"",0,"",20.8,"",.0,"8","U","",13.2,"",54,"",11.1,"",1015.2,"",1028.1,"",8,-1.0,"",.0,"9",0,"9","02","0","1","","1","","","3","","","0","","",0,"",.0,"8",.0,"8","","8",0,"8","","",.0,"8",.0,"8",.0,"8",.0,"8",.0,"8",.0,"8",.0,"8",.0,"8",.0,"8",0,"8",0,"8",0,"8","","",0,"8",0,"8"
"352190360","P£OCK","2006","09","11","13","6","",0,"8",0,"8","","","",8,"",0,"8",0,"8",2,"",90,"",2,"",0,"",20.7,"",.0,"8","U","",12.4,"",51,"",10.2,"",1014.7,"",1027.6,"",7,-1.4,"",.0,"8",0,"8","01","0","1","","1","","","8","","","1","","",0,"8",.0,"8",.0,"8","","8",0,"8","","",.0,"8",.0,"8",.0,"8",.0,"8",.0,"8",.0,"8",.0,"8",.0,"8",.0,"8",0,"8",0,"8",0,"8","","",0,"8",0,"8"
"352190360","P£OCK","2006","09","11","14","9","",0,"8",0,"8","","","",8,"",0,"8",0,"8",1,"",130,"",1,"",0,"",21.3,"",.0,"8","U","",12.9,"",51,"",10.7,"",1014.3,"",1027.2,"",7,-1.4,"",.0,"8",0,"8","01","0","0","","0","","","0","","","1","","",0,"8",.0,"8",.0,"8","","8",0,"8","","",.0,"8",.0,"8",.0,"8",.0,"8",.0,"8",.0,"8",.0,"8",.0,"8",.0,"8",0,"8",0,"8",0,"8","","",0,"8",0,"8"
"352190360","P£OCK","2006","09","11","15","9","",0,"8",0,"8","","","",8,"",0,"8",0,"8",1,"",20,"",1,"",0,"",20.4,"",.0,"8","U","",13.9,"",58,"",11.9,"",1013.9,"",1026.8,"",7,-1.3,"",.0,"8",0,"8","02","0","0","","0","","","0","","","1","","",0,"8",.0,"8",.0,"8","","8",0,"8","","",.0,"8",.0,"8",.0,"8",.0,"8",.0,"8",.0,"8",.0,"8",.0,"8",.0,"8",0,"8",0,"8",0,"8","","",0,"8",0,"8"
"352190360","P£OCK","2006","09","11","16","9","",0,"8",0,"8","","","",8,"",0,"8",0,"8",1,"",60,"",1,"",0,"",20.1,"",.0,"8","U","",12.7,"",54,"",10.5,"",1013.6,"",1026.5,"",7,-1.1,"",.0,"8",0,"8","02","0","0","","0","","","0","","","1","","",0,"8",.0,"8",.0,"8","","8",0,"8","","",.0,"8",.0,"8",.0,"8",.0,"8",.0,"8",.0,"8",.0,"8",.0,"8",.0,"8",0,"8",0,"8",0,"8","","",0,"8",0,"8"
"352190360","P£OCK","2006","09","11","17","9","",0,"8",0,"8","","","",8,"",0,"8",0,"8",1,"",70,"",1,"",0,"",17.9,"",.0,"8","U","",13.1,"",64,"",11.0,"",1013.4,"",1026.4,"",6,-.9,"",.0,"8",0,"8","02","0","0","","0","","","0","","","1","","",0,"8",.0,"8",.0,"8","","8",0,"8","","",.0,"8",.0,"8",.0,"8",.0,"8",.0,"8",.0,"8",.0,"8",.0,"8",.0,"8",0,"8",0,"8",0,"8","","",0,"8",0,"8"
"352190360","P£OCK","2006","09","11","18","9","",0,"8",0,"8","","","",7,"",0,"8",0,"8",1,"",70,"",1,"",0,"",15.6,"",.0,"8","U","",13.4,"",76,"",11.4,"",1013.6,"",1026.7,"",5,-.3,"",.0,"9",0,"9","02","0","0","","0","","","0","","","1","","",0,"",.0,"8",.0,"8","","8",0,"8","","",.0,"8",.0,"8",.0,"8",.0,"8",.0,"8",.0,"8",.0,"8",.0,"8",.0,"8",0,"8",0,"8",0,"8","","",0,"8",0,"8"
"352190360","P£OCK","2006","09","11","19","9","",0,"8",0,"8","","","",7,"",0,"8",0,"8",1,"",80,"",2,"",0,"",14.6,"",.0,"8","U","",12.9,"",78,"",10.8,"",1013.8,"",1027.0,"",3,.2,"",.0,"8",0,"8","02","0","0","","0","","","0","","","1","","",0,"8",.0,"8",.0,"8","","8",0,"8","","",.0,"8",.0,"8",.0,"8",.0,"8",.0,"8",.0,"8",.0,"8",.0,"8",.0,"8",0,"8",0,"8",0,"8","","",0,"8",0,"8"
"352190360","P£OCK","2006","09","11","20","9","",0,"8",0,"8","","","",7,"",0,"8",0,"8",0,"",90,"",2,"",0,"",13.6,"",.0,"8","U","",12.6,"",81,"",10.4,"",1013.9,"",1027.1,"",2,.5,"",.0,"8",0,"8","01","0","0","","0","","","0","","","0","","",0,"8",.0,"8",.0,"8","","8",0,"8","","",.0,"8",.0,"8",.0,"8",.0,"8",.0,"8",.0,"8",.0,"8",.0,"8",.0,"8",0,"8",0,"8",0,"8","","",0,"8",0,"8"
"352190360","P£OCK","2006","09","11","21","9","",0,"8",0,"8","","","",7,"",0,"8",0,"8",0,"",100,"",2,"",0,"",13.5,"",.0,"8","U","",12.4,"",80,"",10.1,"",1013.9,"",1027.1,"",1,.3,"",.0,"8",0,"8","02","0","0","","0","","","0","","","0","","",0,"8",.0,"8",.0,"8","","8",0,"8","","",.0,"8",.0,"8",.0,"8",.0,"8",.0,"8",.0,"8",.0,"8",.0,"8",.0,"8",0,"8",0,"8",0,"8","","",0,"8",0,"8"
"352190360","P£OCK","2006","09","11","22","9","",0,"8",0,"8","","","",6,"",0,"8",0,"8",0,"",100,"",2,"",0,"",12.7,"",.0,"8","U","",11.7,"",80,"",9.3,"",1013.9,"",1027.2,"",1,.1,"",.0,"8",0,"8","10","0","0","","0","","","0","","","0","","",0,"8",.0,"8",.0,"8","","8",0,"8","","",.0,"8",.0,"8",.0,"8",.0,"8",.0,"8",.0,"8",.0,"8",.0,"8",.0,"8",0,"8",0,"8",0,"8","","",0,"8",0,"8"
"352190360","P£OCK","2006","09","11","23","9","",0,"8",0,"8","","","",6,"",0,"8",0,"8",0,"",110,"",2,"",0,"",12.3,"",.0,"8","U","",11.7,"",82,"",9.3,"",1013.9,"",1027.2,"",4,.0,"",.0,"8",0,"8","10","0","0","","0","","","0","","","0","","",0,"8",.0,"8",.0,"8","","8",0,"8","","",.0,"8",.0,"8",.0,"8",.0,"8",.0,"8",.0,"8",.0,"8",.0,"8",.0,"8",0,"8",0,"8",0,"8","","",0,"8",0,"8"
"352190360","P£OCK","2006","09","12","00","9","",0,"8",0,"8","","","",6,"",0,"8",0,"8",0,"",110,"",2,"",0,"",11.9,"",.0,"8","U","",11.8,"",85,"",9.5,"",1013.7,"",1027.0,"",8,-.2,"",.0,"9",0,"9","10","0","0","","0","","","0","","","0","","",0,"",.0,"8",.0,"8","","8",0,"8","","",.0,"8",.0,"8",.0,"8",.0,"8",.0,"8",.0,"8",.0,"8",.0,"8",.0,"8",0,"8",0,"8",0,"8","","",0,"8",0,"8"
"352190360","P£OCK","2006","09","12","01","9","",0,"8",0,"8","","","",6,"",0,"8",0,"8",0,"",110,"",2,"",0,"",11.6,"",.0,"8","U","",11.7,"",86,"",9.3,"",1013.6,"",1026.9,"",8,-.3,"",.0,"8",0,"8","10","0","0","","0","","","0","","","0","","",0,"8",.0,"8",.0,"8","","8",0,"8","","",.0,"8",.0,"8",.0,"8",.0,"8",.0,"8",.0,"8",.0,"8",.0,"8",.0,"8",0,"8",0,"8",0,"8","","",0,"8",0,"8"
"352190360","P£OCK","2006","09","12","02","9","",0,"8",0,"8","","","",6,"",0,"8",0,"8",0,"",110,"",2,"",0,"",11.3,"",.0,"8","U","",11.8,"",88,"",9.4,"",1013.6,"",1026.9,"",6,-.3,"",.0,"8",0,"8","10","0","0","","0","","","0","","","0","","",0,"8",.0,"8",.0,"8","","8",0,"8","","",.0,"8",.0,"8",.0,"8",.0,"8",.0,"8",.0,"8",.0,"8",.0,"8",.0,"8",0,"8",0,"8",0,"8","","",0,"8",0,"8"
"352190360","P£OCK","2006","09","12","03","9","",0,"8",0,"8","","","",6,"",0,"8",0,"8",0,"",110,"",2,"",0,"",11.2,"",.0,"8","U","",12.0,"",90,"",9.6,"",1013.5,"",1026.8,"",7,-.2,"",.0,"8",0,"8","10","0","0","","0","","","0","","","0","","",0,"8",.0,"8",.0,"8","","8",0,"8","","",.0,"8",.0,"8",.0,"8",.0,"8",.0,"8",.0,"8",.0,"8",.0,"8",.0,"8",0,"8",0,"8",0,"8","","",0,"8",0,"8"
"352190360","P£OCK","2006","09","12","04","9","",0,"8",0,"8","","","",5,"",0,"8",0,"8",0,"",110,"",2,"",0,"",10.7,"",.0,"8","U","",11.6,"",90,"",9.1,"",1013.4,"",1026.8,"",8,-.2,"",.0,"8",0,"8","10","0","0","","0","","","0","","","0","","",0,"8",.0,"8",.0,"8","","8",0,"8","","",.0,"8",.0,"8",.0,"8",.0,"8",.0,"8",.0,"8",.0,"8",.0,"8",.0,"8",0,"8",0,"8",0,"8","","",0,"8",0,"8"
"352190360","P£OCK","2006","09","12","05","9","",0,"8",0,"8","","","",5,"",0,"8",0,"8",1,"",110,"",2,"",0,"",10.8,"",.0,"8","U","",11.9,"",92,"",9.6,"",1013.6,"",1026.9,"",5,.0,"",.0,"8",0,"8","10","0","0","","0","","","0","","","1","","",0,"8",.0,"8",.0,"8","","8",0,"8","","",.0,"8",.0,"8",.0,"8",.0,"8",.0,"8",.0,"8",.0,"8",.0,"8",.0,"8",0,"8",0,"8",0,"8","","",0,"8",0,"8"
"352190360","P£OCK","2006","09","12","06","9","",0,"8",0,"8","","","",6,"",0,"8",0,"8",0,"",120,"",3,"",0,"",13.2,"",.0,"8","U","",12.9,"",85,"",10.7,"",1013.7,"",1026.9,"",3,.2,"",.0,"9",0,"9","10","0","0","","0","","","0","","","0","","",0,"",.0,"8",.0,"8","","8",0,"8","","",.0,"8",.0,"8",.0,"8",.0,"8",.0,"8",.0,"8",.0,"8",.0,"8",.0,"8",0,"8",0,"8",0,"8","","",0,"8",0,"8"
"352190360","P£OCK","2006","09","12","07","9","",0,"8",0,"8","","","",6,"",0,"8",0,"8",0,"",130,"",3,"",0,"",15.4,"",.0,"8","U","",13.8,"",79,"",11.8,"",1013.8,"",1026.9,"",2,.4,"",.0,"8",0,"8","10","0","0","","0","","","0","","","0","","",0,"8",.0,"8",.0,"8","","8",0,"8","","",.0,"8",.0,"8",.0,"8",.0,"8",.0,"8",.0,"8",.0,"8",.0,"8",.0,"8",0,"8",0,"8",0,"8","","",0,"8",0,"8"
"352190360","P£OCK","2006","09","12","08","9","",0,"8",0,"8","","","",6,"",0,"8",0,"8",0,"",120,"",3,"",0,"",17.7,"",.0,"8","U","",14.5,"",72,"",12.6,"",1013.8,"",1026.8,"",1,.2,"",.0,"8",0,"8","10","0","0","","0","","","0","","","0","","",0,"8",.0,"8",.0,"8","","8",0,"8","","",.0,"8",.0,"8",.0,"8",.0,"8",.0,"8",.0,"8",.0,"8",.0,"8",.0,"8",0,"8",0,"8",0,"8","","",0,"8",0,"8"
"352190360","P£OCK","2006","09","12","09","9","",0,"8",0,"8","","","",7,"",0,"8",0,"8",0,"",120,"",4,"",0,"",19.6,"",.0,"8","U","",14.3,"",63,"",12.4,"",1013.9,"",1026.8,"",2,.2,"",.0,"8",0,"8","02","0","0","","0","","","0","","","0","","",0,"8",.0,"8",.0,"8","","8",0,"8","","",.0,"8",.0,"8",.0,"8",.0,"8",.0,"8",.0,"8",.0,"8",.0,"8",.0,"8",0,"8",0,"8",0,"8","","",0,"8",0,"8"
"352190360","P£OCK","2006","09","12","10","9","",0,"8",0,"8","","","",7,"",0,"8",0,"8",0,"",140,"",3,"",0,"",20.8,"",.0,"8","U","",13.2,"",54,"",11.1,"",1013.7,"",1026.6,"",8,-.1,"",.0,"8",0,"8","02","0","0","","0","","","0","","","0","","",0,"8",.0,"8",.0,"8","","8",0,"8","","",.0,"8",.0,"8",.0,"8",.0,"8",.0,"8",.0,"8",.0,"8",.0,"8",.0,"8",0,"8",0,"8",0,"8","","",0,"8",0,"8"
"352190360","P£OCK","2006","09","12","11","6","",0,"8",0,"8","","","",8,"",0,"8",0,"8",1,"",110,"",3,"",0,"",21.3,"",.0,"8","U","",13.6,"",54,"",11.6,"",1013.5,"",1026.4,"",8,-.3,"",.0,"8",0,"8","03","0","1","","1","","","0","","","0","","",0,"8",.0,"8",.0,"8","","8",0,"8","","",.0,"8",.0,"8",.0,"8",.0,"8",.0,"8",.0,"8",.0,"8",.0,"8",.0,"8",0,"8",0,"8",0,"8","","",0,"8",0,"8"
"352190360","P£OCK","2006","09","12","12","9","",0,"8",0,"8","","","",8,"",0,"8",0,"8",0,"",160,"",3,"",0,"",22.5,"",.0,"8","U","",12.5,"",46,"",10.3,"",1013.3,"",1026.1,"",7,-.6,"",.0,"9",0,"9","01","0","0","","0","","","0","","","0","","",0,"",.0,"8",.0,"8","","8",0,"8","","",.0,"8",.0,"8",.0,"8",.0,"8",.0,"8",.0,"8",.0,"8",.0,"8",.0,"8",0,"8",0,"8",0,"8","","",0,"8",0,"8"
"352190360","P£OCK","2006","09","12","13","9","",0,"8",0,"8","","","",8,"",0,"8",0,"8",0,"",120,"",3,"",0,"",22.2,"",.0,"8","U","",12.8,"",48,"",10.7,"",1013.0,"",1025.8,"",7,-.7,"",.0,"8",0,"8","02","0","0","","0","","","0","","","0","","",0,"8",.0,"8",.0,"8","","8",0,"8","","",.0,"8",.0,"8",.0,"8",.0,"8",.0,"8",.0,"8",.0,"8",.0,"8",.0,"8",0,"8",0,"8",0,"8","","",0,"8",0,"8"
"352190360","P£OCK","2006","09","12","14","9","",0,"8",0,"8","","","",8,"",0,"8",0,"8",0,"",110,"",3,"",0,"",22.3,"",.0,"8","U","",12.4,"",46,"",10.1,"",1012.6,"",1025.4,"",8,-.9,"",.0,"8",0,"8","02","0","0","","0","","","0","","","0","","",0,"8",.0,"8",.0,"8","","8",0,"8","","",.0,"8",.0,"8",.0,"8",.0,"8",.0,"8",.0,"8",.0,"8",.0,"8",.0,"8",0,"8",0,"8",0,"8","","",0,"8",0,"8"
"352190360","P£OCK","2006","09","12","15","9","",0,"8",0,"8","","","",8,"",0,"8",0,"8",0,"",110,"",4,"",0,"",21.8,"",.0,"8","U","",12.0,"",46,"",9.7,"",1012.2,"",1025.0,"",7,-1.1,"",.0,"8",0,"8","02","0","0","","0","","","0","","","0","","",0,"8",.0,"8",.0,"8","","8",0,"8","","",.0,"8",.0,"8",.0,"8",.0,"8",.0,"8",.0,"8",.0,"8",.0,"8",.0,"8",0,"8",0,"8",0,"8","","",0,"8",0,"8"
"352190360","P£OCK","2006","09","12","16","9","",0,"8",0,"8","","","",8,"",0,"8",0,"8",0,"",110,"",3,"",0,"",20.6,"",.0,"8","U","",12.1,"",50,"",9.8,"",1012.0,"",1024.9,"",6,-1.0,"",.0,"8",0,"8","02","0","0","","0","","","0","","","0","","",0,"8",.0,"8",.0,"8","","8",0,"8","","",.0,"8",.0,"8",.0,"8",.0,"8",.0,"8",.0,"8",.0,"8",.0,"8",.0,"8",0,"8",0,"8",0,"8","","",0,"8",0,"8"
"352190360","P£OCK","2006","09","12","17","9","",0,"8",0,"8","","","",7,"",0,"8",0,"8",0,"",100,"",2,"",0,"",18.3,"",.0,"8","U","",12.4,"",59,"",10.1,"",1011.8,"",1024.8,"",6,-.8,"",.0,"8",0,"8","02","0","0","","0","","","0","","","0","","",0,"8",.0,"8",.0,"8","","8",0,"8","","",.0,"8",.0,"8",.0,"8",.0,"8",.0,"8",.0,"8",.0,"8",.0,"8",.0,"8",0,"8",0,"8",0,"8","","",0,"8",0,"8"
"352190360","P£OCK","2006","09","12","18","9","",0,"8",0,"8","","","",7,"",0,"8",0,"8",0,"",90,"",2,"",0,"",16.0,"",.0,"8","U","",12.7,"",70,"",10.5,"",1011.9,"",1025.0,"",5,-.3,"",.0,"9",0,"9","02","0","0","","0","","","0","","","0","","",0,"",.0,"8",.0,"8","","8",0,"8","","",.0,"8",.0,"8",.0,"8",.0,"8",.0,"8",.0,"8",.0,"8",.0,"8",.0,"8",0,"8",0,"8",0,"8","","",0,"8",0,"8"
"352190360","P£OCK","2006","09","12","19","9","",0,"8",0,"8","","","",7,"",0,"8",0,"8",0,"",100,"",2,"",0,"",15.3,"",.0,"8","U","",12.5,"",72,"",10.3,"",1012.1,"",1025.2,"",3,.1,"",.0,"8",0,"8","02","0","0","","0","","","0","","","0","","",0,"8",.0,"8",.0,"8","","8",0,"8","","",.0,"8",.0,"8",.0,"8",.0,"8",.0,"8",.0,"8",.0,"8",.0,"8",.0,"8",0,"8",0,"8",0,"8","","",0,"8",0,"8"
"352190360","P£OCK","2006","09","12","20","9","",0,"8",0,"8","","","",7,"",0,"8",0,"8",0,"",100,"",2,"",0,"",14.3,"",.0,"8","U","",12.2,"",75,"",9.9,"",1012.0,"",1025.2,"",0,.2,"",.0,"8",0,"8","02","0","0","","0","","","0","","","0","","",0,"8",.0,"8",.0,"8","","8",0,"8","","",.0,"8",.0,"8",.0,"8",.0,"8",.0,"8",.0,"8",.0,"8",.0,"8",.0,"8",0,"8",0,"8",0,"8","","",0,"8",0,"8"
"352190360","P£OCK","2006","09","12","21","9","",0,"8",0,"8","","","",7,"",0,"8",0,"8",0,"",100,"",2,"",0,"",14.0,"",.0,"8","U","",12.0,"",75,"",9.6,"",1012.0,"",1025.2,"",1,.1,"",.0,"8",0,"8","02","0","0","","0","","","0","","","0","","",0,"8",.0,"8",.0,"8","","8",0,"8","","",.0,"8",.0,"8",.0,"8",.0,"8",.0,"8",.0,"8",.0,"8",.0,"8",.0,"8",0,"8",0,"8",0,"8","","",0,"8",0,"8"
"352190360","P£OCK","2006","09","12","22","9","",0,"8",0,"8","","","",7,"",0,"8",0,"8",0,"",110,"",2,"",0,"",12.9,"",.0,"8","U","",11.7,"",79,"",9.3,"",1012.0,"",1025.2,"",6,-.1,"",.0,"8",0,"8","02","0","0","","0","","","0","","","0","","",0,"8",.0,"8",.0,"8","","8",0,"8","","",.0,"8",.0,"8",.0,"8",.0,"8",.0,"8",.0,"8",.0,"8",.0,"8",.0,"8",0,"8",0,"8",0,"8","","",0,"8",0,"8"
"352190360","P£OCK","2006","09","12","23","9","",0,"8",0,"8","","","",7,"",0,"8",0,"8",0,"",110,"",2,"",0,"",12.4,"",.0,"8","U","",11.6,"",81,"",9.2,"",1011.9,"",1025.2,"",8,-.1,"",.0,"8",0,"8","02","0","0","","0","","","0","","","0","","",0,"8",.0,"8",.0,"8","","8",0,"8","","",.0,"8",.0,"8",.0,"8",.0,"8",.0,"8",.0,"8",.0,"8",.0,"8",.0,"8",0,"8",0,"8",0,"8","","",0,"8",0,"8"
"352190360","P£OCK","2006","09","13","00","9","",0,"8",0,"8","","","",7,"",0,"8",0,"8",0,"",110,"",2,"",0,"",11.9,"",.0,"8","U","",11.5,"",83,"",9.1,"",1011.7,"",1025.0,"",8,-.3,"",.0,"9",0,"9","02","0","0","","0","","","0","","","0","","",0,"",.0,"8",.0,"8","","8",0,"8","","",.0,"8",.0,"8",.0,"8",.0,"8",.0,"8",.0,"8",.0,"8",.0,"8",.0,"8",0,"8",0,"8",0,"8","","",0,"8",0,"8"
"352190360","P£OCK","2006","09","13","01","9","",0,"8",0,"8","","","",6,"",0,"8",0,"8",0,"",120,"",2,"",0,"",11.4,"",.0,"8","U","",11.3,"",84,"",8.8,"",1011.6,"",1024.9,"",7,-.4,"",.0,"8",0,"8","10","0","0","","0","","","0","","","0","","",0,"8",.0,"8",.0,"8","","8",0,"8","","",.0,"8",.0,"8",.0,"8",.0,"8",.0,"8",.0,"8",.0,"8",.0,"8",.0,"8",0,"8",0,"8",0,"8","","",0,"8",0,"8"
"352190360","P£OCK","2006","09","13","02","9","",0,"8",0,"8","","","",6,"",0,"8",0,"8",0,"",100,"",2,"",0,"",11.1,"",.0,"8","U","",11.3,"",86,"",8.8,"",1011.5,"",1024.8,"",7,-.4,"",.0,"8",0,"8","10","0","0","","0","","","0","","","0","","",0,"8",.0,"8",.0,"8","","8",0,"8","","",.0,"8",.0,"8",.0,"8",.0,"8",.0,"8",.0,"8",.0,"8",.0,"8",.0,"8",0,"8",0,"8",0,"8","","",0,"8",0,"8"
"352190360","P£OCK","2006","09","13","03","9","",0,"8",0,"8","","","",6,"",0,"8",0,"8",0,"",110,"",2,"",0,"",10.9,"",.0,"8","U","",11.3,"",87,"",8.8,"",1011.5,"",1024.8,"",6,-.2,"",.0,"8",0,"8","10","0","0","","0","","","0","","","0","","",0,"8",.0,"8",.0,"8","","8",0,"8","","",.0,"8",.0,"8",.0,"8",.0,"8",.0,"8",.0,"8",.0,"8",.0,"8",.0,"8",0,"8",0,"8",0,"8","","",0,"8",0,"8"
"352190360","P£OCK","2006","09","13","04","9","",0,"8",0,"8","","","",6,"",0,"8",0,"8",0,"",110,"",2,"",0,"",10.6,"",.0,"8","U","",11.2,"",88,"",8.7,"",1011.3,"",1024.6,"",7,-.3,"",.0,"8",0,"8","10","0","0","","0","","","0","","","0","","",0,"8",.0,"8",.0,"8","","8",0,"8","","",.0,"8",.0,"8",.0,"8",.0,"8",.0,"8",.0,"8",.0,"8",.0,"8",.0,"8",0,"8",0,"8",0,"8","","",0,"8",0,"8"
"352190360","P£OCK","2006","09","13","05","9","",0,"8",0,"8","","","",6,"",0,"8",0,"8",0,"",110,"",2,"",0,"",11.0,"",.0,"8","U","",11.8,"",90,"",9.4,"",1011.3,"",1024.6,"",6,-.2,"",.0,"8",0,"8","10","0","0","","0","","","0","","","0","","",0,"8",.0,"8",.0,"8","","8",0,"8","","",.0,"8",.0,"8",.0,"8",.0,"8",.0,"8",.0,"8",.0,"8",.0,"8",.0,"8",0,"8",0,"8",0,"8","","",0,"8",0,"8"
"352190360","P£OCK","2006","09","13","06","9","",0,"8",0,"8","","","",6,"",0,"8",0,"8",0,"",120,"",3,"",0,"",12.9,"",.0,"8","U","",12.5,"",84,"",10.3,"",1011.4,"",1024.6,"",5,-.1,"",.0,"9",0,"9","10","0","0","","0","","","0","","","0","","",0,"",.0,"8",.0,"8","","8",0,"8","","",.0,"8",.0,"8",.0,"8",.0,"8",.0,"8",.0,"8",.0,"8",.0,"8",.0,"8",0,"8",0,"8",0,"8","","",0,"8",0,"8"
"352190360","P£OCK","2006","09","13","07","9","",0,"8",0,"8","","","",6,"",0,"8",0,"8",0,"",130,"",3,"",0,"",15.2,"",.0,"8","U","",13.3,"",77,"",11.2,"",1011.5,"",1024.6,"",3,.2,"",.0,"8",0,"8","10","0","0","","0","","","0","","","0","","",0,"8",.0,"8",.0,"8","","8",0,"8","","",.0,"8",.0,"8",.0,"8",.0,"8",.0,"8",.0,"8",.0,"8",.0,"8",.0,"8",0,"8",0,"8",0,"8","","",0,"8",0,"8"
"352190360","P£OCK","2006","09","13","08","9","",0,"8",0,"8","","","",7,"",0,"8",0,"8",0,"",100,"",3,"",0,"",17.8,"",.0,"8","U","",13.8,"",68,"",11.8,"",1011.6,"",1024.6,"",2,.3,"",.0,"8",0,"8","02","0","0","","0","","","0","","","0","","",0,"8",.0,"8",.0,"8","","8",0,"8","","",.0,"8",.0,"8",.0,"8",.0,"8",.0,"8",.0,"8",.0,"8",.0,"8",.0,"8",0,"8",0,"8",0,"8","","",0,"8",0,"8"
"352190360","P£OCK","2006","09","13","09","9","",0,"8",0,"8","","","",7,"",0,"8",0,"8",0,"",140,"",3,"",0,"",19.8,"",.0,"8","U","",14.1,"",61,"",12.1,"",1011.4,"",1024.3,"",0,.0,"",.0,"8",0,"8","02","0","0","","0","","","0","","","0","","",0,"8",.0,"8",.0,"8","","8",0,"8","","",.0,"8",.0,"8",.0,"8",.0,"8",.0,"8",.0,"8",.0,"8",.0,"8",.0,"8",0,"8",0,"8",0,"8","","",0,"8",0,"8"
"352190360","P£OCK","2006","09","13","10","9","",0,"8",0,"8","","","",7,"",0,"8",0,"8",0,"",130,"",3,"",0,"",21.2,"",.0,"8","U","",11.8,"",47,"",9.4,"",1011.1,"",1023.9,"",8,-.4,"",.0,"8",0,"8","02","0","0","","0","","","0","","","0","","",0,"8",.0,"8",.0,"8","","8",0,"8","","",.0,"8",.0,"8",.0,"8",.0,"8",.0,"8",.0,"8",.0,"8",.0,"8",.0,"8",0,"8",0,"8",0,"8","","",0,"8",0,"8"
"352190360","P£OCK","2006","09","13","11","9","",0,"8",0,"8","","","",8,"",0,"8",0,"8",0,"",130,"",4,"",0,"",21.9,"",.0,"8","U","",11.3,"",43,"",8.7,"",1010.9,"",1023.7,"",7,-.7,"",.0,"8",0,"8","02","0","0","","0","","","0","","","0","","",0,"8",.0,"8",.0,"8","","8",0,"8","","",.0,"8",.0,"8",.0,"8",.0,"8",.0,"8",.0,"8",.0,"8",.0,"8",.0,"8",0,"8",0,"8",0,"8","","",0,"8",0,"8"
"352190360","P£OCK","2006","09","13","12","9","",0,"8",0,"8","","","",8,"",0,"8",0,"8",0,"",150,"",4,"",0,"",22.6,"",.0,"8","U","",10.9,"",40,"",8.3,"",1010.6,"",1023.4,"",7,-.8,"",.0,"9",0,"9","02","0","0","","0","","","0","","","0","","",0,"",.0,"8",.0,"8","","8",0,"8","","",.0,"8",.0,"8",.0,"8",.0,"8",.0,"8",.0,"8",.0,"8",.0,"8",.0,"8",0,"8",0,"8",0,"8","","",0,"8",0,"8"
"352190360","P£OCK","2006","09","13","13","9","",0,"8",0,"8","","","",8,"",0,"8",0,"8",1,"",170,"",3,"",0,"",23.1,"",.0,"8","U","",11.8,"",42,"",9.5,"",1010.2,"",1022.9,"",8,-.9,"",.0,"8",0,"8","03","0","0","","0","","","0","","","1","","",0,"8",.0,"8",.0,"8","","8",0,"8","","",.0,"8",.0,"8",.0,"8",.0,"8",.0,"8",.0,"8",.0,"8",.0,"8",.0,"8",0,"8",0,"8",0,"8","","",0,"8",0,"8"
"352190360","P£OCK","2006","09","13","14","9","",0,"8",0,"8","","","",8,"",0,"8",0,"8",1,"",130,"",3,"",0,"",23.0,"",.0,"8","U","",11.5,"",41,"",9.0,"",1009.5,"",1022.2,"",8,-1.4,"",.0,"8",0,"8","02","0","0","","0","","","0","","","1","","",0,"8",.0,"8",.0,"8","","8",0,"8","","",.0,"8",.0,"8",.0,"8",.0,"8",.0,"8",.0,"8",.0,"8",.0,"8",.0,"8",0,"8",0,"8",0,"8","","",0,"8",0,"8"
"352190360","P£OCK","2006","09","13","15","9","",0,"8",0,"8","","","",8,"",0,"8",0,"8",1,"",120,"",3,"",0,"",22.8,"",.0,"8","U","",11.9,"",43,"",9.6,"",1009.2,"",1021.9,"",7,-1.4,"",.0,"8",0,"8","02","0","0","","0","","","0","","","1","","",0,"8",.0,"8",.0,"8","","8",0,"8","","",.0,"8",.0,"8",.0,"8",.0,"8",.0,"8",.0,"8",.0,"8",.0,"8",.0,"8",0,"8",0,"8",0,"8","","",0,"8",0,"8"
"352190360","P£OCK","2006","09","13","16","9","",0,"8",0,"8","","","",8,"",0,"8",0,"8",0,"",120,"",3,"",0,"",21.8,"",.0,"8","U","",12.5,"",48,"",10.3,"",1008.8,"",1021.6,"",7,-1.4,"",.0,"8",0,"8","01","0","0","","0","","","0","","","0","","",0,"8",.0,"8",.0,"8","","8",0,"8","","",.0,"8",.0,"8",.0,"8",.0,"8",.0,"8",.0,"8",.0,"8",.0,"8",.0,"8",0,"8",0,"8",0,"8","","",0,"8",0,"8"
"352190360","P£OCK","2006","09","13","17","9","",0,"8",0,"8","","","",7,"",0,"8",0,"8",0,"",100,"",2,"",0,"",19.2,"",.0,"8","U","",13.1,"",59,"",11.0,"",1008.4,"",1021.3,"",7,-1.1,"",.0,"8",0,"8","02","0","0","","0","","","0","","","0","","",0,"8",.0,"8",.0,"8","","8",0,"8","","",.0,"8",.0,"8",.0,"8",.0,"8",.0,"8",.0,"8",.0,"8",.0,"8",.0,"8",0,"8",0,"8",0,"8","","",0,"8",0,"8"
"352190360","P£OCK","2006","09","13","18","9","",0,"8",0,"8","","","",7,"",0,"8",0,"8",0,"",90,"",3,"",0,"",16.8,"",.0,"8","U","",13.2,"",69,"",11.1,"",1008.5,"",1021.5,"",5,-.7,"",.0,"9",0,"9","02","0","0","","0","","","0","","","0","","",0,"",.0,"8",.0,"8","","8",0,"8","","",.0,"8",.0,"8",.0,"8",.0,"8",.0,"8",.0,"8",.0,"8",.0,"8",.0,"8",0,"8",0,"8",0,"8","","",0,"8",0,"8"
"352190360","P£OCK","2006","09","13","19","9","",0,"8",0,"8","","","",7,"",0,"8",0,"8",0,"",100,"",2,"",0,"",15.9,"",.0,"8","U","",13.2,"",73,"",11.1,"",1008.6,"",1021.6,"",5,-.2,"",.0,"8",0,"8","02","0","0","","0","","","0","","","0","","",0,"8",.0,"8",.0,"8","","8",0,"8","","",.0,"8",.0,"8",.0,"8",.0,"8",.0,"8",.0,"8",.0,"8",.0,"8",.0,"8",0,"8",0,"8",0,"8","","",0,"8",0,"8"
"352190360","P£OCK","2006","09","13","20","9","",0,"8",0,"8","","","",7,"",0,"8",0,"8",0,"",90,"",2,"",0,"",15.1,"",.0,"8","U","",13.0,"",76,"",10.9,"",1008.5,"",1021.6,"",0,.1,"",.0,"8",0,"8","02","0","0","","0","","","0","","","0","","",0,"8",.0,"8",.0,"8","","8",0,"8","","",.0,"8",.0,"8",.0,"8",.0,"8",.0,"8",.0,"8",.0,"8",.0,"8",.0,"8",0,"8",0,"8",0,"8","","",0,"8",0,"8"
"352190360","P£OCK","2006","09","13","21","9","",0,"8",0,"8","","","",7,"",0,"8",0,"8",0,"",100,"",2,"",0,"",14.5,"",.0,"8","U","",12.7,"",77,"",10.5,"",1008.4,"",1021.5,"",8,-.1,"",.0,"8",0,"8","02","0","0","","0","","","0","","","0","","",0,"8",.0,"8",.0,"8","","8",0,"8","","",.0,"8",.0,"8",.0,"8",.0,"8",.0,"8",.0,"8",.0,"8",.0,"8",.0,"8",0,"8",0,"8",0,"8","","",0,"8",0,"8"
"352190360","P£OCK","2006","09","13","22","9","",0,"8",0,"8","","","",7,"",0,"8",0,"8",0,"",120,"",2,"",0,"",14.3,"",.0,"8","U","",12.9,"",79,"",10.7,"",1008.3,"",1021.4,"",7,-.3,"",.0,"8",0,"8","02","0","0","","0","","","0","","","0","","",0,"8",.0,"8",.0,"8","","8",0,"8","","",.0,"8",.0,"8",.0,"8",.0,"8",.0,"8",.0,"8",.0,"8",.0,"8",.0,"8",0,"8",0,"8",0,"8","","",0,"8",0,"8"
"352190360","P£OCK","2006","09","13","23","9","",0,"8",0,"8","","","",7,"",0,"8",0,"8",0,"",110,"",2,"",0,"",13.9,"",.0,"8","U","",12.8,"",81,"",10.7,"",1008.3,"",1021.4,"",6,-.2,"",.0,"8",0,"8","02","0","0","","0","","","0","","","0","","",0,"8",.0,"8",.0,"8","","8",0,"8","","",.0,"8",.0,"8",.0,"8",.0,"8",.0,"8",.0,"8",.0,"8",.0,"8",.0,"8",0,"8",0,"8",0,"8","","",0,"8",0,"8"
"352190360","P£OCK","2006","09","14","00","9","",0,"8",0,"8","","","",6,"",0,"8",0,"8",0,"",110,"",2,"",0,"",13.3,"",.0,"8","U","",12.7,"",83,"",10.5,"",1008.1,"",1021.3,"",7,-.3,"",.0,"9",0,"9","10","0","0","","0","","","0","","","0","","",0,"",.0,"8",.0,"8","","8",0,"8","","",.0,"8",.0,"8",.0,"8",.0,"8",.0,"8",.0,"8",.0,"8",.0,"8",.0,"8",0,"8",0,"8",0,"8","","",0,"8",0,"8"
"352190360","P£OCK","2006","09","14","01","9","",0,"8",0,"8","","","",6,"",0,"8",0,"8",0,"",120,"",2,"",0,"",12.8,"",.0,"8","U","",12.5,"",85,"",10.3,"",1008.1,"",1021.3,"",6,-.2,"",.0,"8",0,"8","10","0","0","","0","","","0","","","0","","",0,"8",.0,"8",.0,"8","","8",0,"8","","",.0,"8",.0,"8",.0,"8",.0,"8",.0,"8",.0,"8",.0,"8",.0,"8",.0,"8",0,"8",0,"8",0,"8","","",0,"8",0,"8"
"352190360","P£OCK","2006","09","14","02","9","",0,"8",0,"8","","","",6,"",0,"8",0,"8",0,"",130,"",2,"",0,"",12.2,"",.0,"8","U","",12.3,"",87,"",10.1,"",1008.0,"",1021.2,"",7,-.3,"",.0,"8",0,"8","10","0","0","","0","","","0","","","0","","",0,"8",.0,"8",.0,"8","","8",0,"8","","",.0,"8",.0,"8",.0,"8",.0,"8",.0,"8",.0,"8",.0,"8",.0,"8",.0,"8",0,"8",0,"8",0,"8","","",0,"8",0,"8"
"352190360","P£OCK","2006","09","14","03","9","",0,"8",0,"8","","","",6,"",0,"8",0,"8",0,"",120,"",3,"",0,"",11.8,"",.0,"8","U","",12.2,"",88,"",9.9,"",1007.7,"",1020.9,"",8,-.4,"",.0,"8",0,"8","10","0","0","","0","","","0","","","0","","",0,"8",.0,"8",.0,"8","","8",0,"8","","",.0,"8",.0,"8",.0,"8",.0,"8",.0,"8",.0,"8",.0,"8",.0,"8",.0,"8",0,"8",0,"8",0,"8","","",0,"8",0,"8"
"352190360","P£OCK","2006","09","14","04","9","",0,"8",0,"8","","","",6,"",0,"8",0,"8",1,"",110,"",2,"",0,"",11.5,"",.0,"8","U","",11.9,"",88,"",9.6,"",1007.6,"",1020.8,"",7,-.5,"",.0,"8",0,"8","10","0","0","","0","","","0","","","1","","",0,"8",.0,"8",.0,"8","","8",0,"8","","",.0,"8",.0,"8",.0,"8",.0,"8",.0,"8",.0,"8",.0,"8",.0,"8",.0,"8",0,"8",0,"8",0,"8","","",0,"8",0,"8"
"352190360","P£OCK","2006","09","14","05","9","",0,"8",0,"8","","","",6,"",0,"8",0,"8",1,"",110,"",2,"",0,"",11.8,"",.0,"8","U","",12.4,"",90,"",10.2,"",1007.5,"",1020.7,"",6,-.5,"",.0,"8",0,"8","10","0","0","","0","","","0","","","1","","",0,"8",.0,"8",.0,"8","","8",0,"8","","",.0,"8",.0,"8",.0,"8",.0,"8",.0,"8",.0,"8",.0,"8",.0,"8",.0,"8",0,"8",0,"8",0,"8","","",0,"8",0,"8"
"352190360","P£OCK","2006","09","14","06","9","",0,"8",0,"8","","","",6,"",0,"8",0,"8",0,"",130,"",3,"",0,"",13.8,"",.0,"8","U","",13.4,"",85,"",11.3,"",1007.6,"",1020.7,"",5,-.1,"",.0,"9",0,"9","10","0","0","","0","","","0","","","0","","",0,"",.0,"8",.0,"8","","8",0,"8","","",.0,"8",.0,"8",.0,"8",.0,"8",.0,"8",.0,"8",.0,"8",.0,"8",.0,"8",0,"8",0,"8",0,"8","","",0,"8",0,"8"
"352190360","P£OCK","2006","09","14","07","9","",0,"8",0,"8","","","",7,"",0,"8",0,"8",0,"",130,"",3,"",0,"",15.8,"",.0,"8","U","",14.2,"",79,"",12.2,"",1007.6,"",1020.6,"",4,.0,"",.0,"8",0,"8","02","0","0","","0","","","0","","","0","","",0,"8",.0,"8",.0,"8","","8",0,"8","","",.0,"8",.0,"8",.0,"8",.0,"8",.0,"8",.0,"8",.0,"8",.0,"8",.0,"8",0,"8",0,"8",0,"8","","",0,"8",0,"8"
"352190360","P£OCK","2006","09","14","08","9","",0,"8",0,"8","","","",7,"",0,"8",0,"8",0,"",130,"",3,"",0,"",18.7,"",.0,"8","U","",14.6,"",68,"",12.7,"",1007.4,"",1020.3,"",8,-.1,"",.0,"8",0,"8","02","0","0","","0","","","0","","","0","","",0,"8",.0,"8",.0,"8","","8",0,"8","","",.0,"8",.0,"8",.0,"8",.0,"8",.0,"8",.0,"8",.0,"8",.0,"8",.0,"8",0,"8",0,"8",0,"8","","",0,"8",0,"8"
"352190360","P£OCK","2006","09","14","09","9","",0,"8",0,"8","","","",8,"",0,"8",0,"8",0,"",130,"",3,"",0,"",21.3,"",.0,"8","U","",13.9,"",55,"",11.9,"",1007.2,"",1020.0,"",8,-.4,"",.0,"8",0,"8","02","0","0","","0","","","0","","","0","","",0,"8",.0,"8",.0,"8","","8",0,"8","","",.0,"8",.0,"8",.0,"8",.0,"8",.0,"8",.0,"8",.0,"8",.0,"8",.0,"8",0,"8",0,"8",0,"8","","",0,"8",0,"8"
"352190360","P£OCK","2006","09","14","10","9","",0,"8",0,"8","","","",8,"",0,"8",0,"8",0,"",160,"",4,"",0,"",22.6,"",.0,"8","U","",13.1,"",48,"",11.0,"",1006.9,"",1019.6,"",7,-.7,"",.0,"8",0,"8","02","0","0","","0","","","0","","","0","","",0,"8",.0,"8",.0,"8","","8",0,"8","","",.0,"8",.0,"8",.0,"8",.0,"8",.0,"8",.0,"8",.0,"8",.0,"8",.0,"8",0,"8",0,"8",0,"8","","",0,"8",0,"8"
"352190360","P£OCK","2006","09","14","11","9","",0,"8",0,"8","","","",8,"",0,"8",0,"8",0,"",150,"",3,"",0,"",23.8,"",.0,"8","U","",11.5,"",39,"",9.0,"",1006.6,"",1019.3,"",7,-.8,"",.0,"8",0,"8","02","0","0","","0","","","0","","","0","","",0,"8",.0,"8",.0,"8","","8",0,"8","","",.0,"8",.0,"8",.0,"8",.0,"8",.0,"8",.0,"8",.0,"8",.0,"8",.0,"8",0,"8",0,"8",0,"8","","",0,"8",0,"8"
"352190360","P£OCK","2006","09","14","12","9","",0,"8",0,"8","","","",8,"",0,"8",0,"8",0,"",110,"",4,"",0,"",23.6,"",.0,"8","U","",11.9,"",41,"",9.6,"",1006.2,"",1018.9,"",7,-1.0,"",.0,"9",0,"9","02","0","0","","0","","","0","","","0","","",0,"",.0,"8",.0,"8","","8",0,"8","","",.0,"8",.0,"8",.0,"8",.0,"8",.0,"8",.0,"8",.0,"8",.0,"8",.0,"8",0,"8",0,"8",0,"8","","",0,"8",0,"8"
"352190360","P£OCK","2006","09","14","13","9","",0,"8",0,"8","","","",8,"",0,"8",0,"8",0,"",100,"",3,"",0,"",23.9,"",.0,"8","U","",10.9,"",37,"",8.3,"",1005.8,"",1018.5,"",7,-1.1,"",.0,"8",0,"8","02","0","0","","0","","","0","","","0","","",0,"8",.0,"8",.0,"8","","8",0,"8","","",.0,"8",.0,"8",.0,"8",.0,"8",.0,"8",.0,"8",.0,"8",.0,"8",.0,"8",0,"8",0,"8",0,"8","","",0,"8",0,"8"
"352190360","P£OCK","2006","09","14","14","9","",0,"8",0,"8","","","",8,"",0,"8",0,"8",0,"",110,"",3,"",0,"",23.8,"",.0,"8","U","",10.9,"",37,"",8.2,"",1005.2,"",1017.9,"",8,-1.4,"",.0,"8",0,"8","02","0","0","","0","","","0","","","0","","",0,"8",.0,"8",.0,"8","","8",0,"8","","",.0,"8",.0,"8",.0,"8",.0,"8",.0,"8",.0,"8",.0,"8",.0,"8",.0,"8",0,"8",0,"8",0,"8","","",0,"8",0,"8"
"352190360","P£OCK","2006","09","14","15","9","",0,"8",0,"8","","","",8,"",0,"8",0,"8",0,"",100,"",2,"",0,"",23.5,"",.0,"8","U","",10.4,"",36,"",7.6,"",1004.9,"",1017.6,"",7,-1.3,"",.0,"8",0,"8","02","0","0","","0","","","0","","","0","","",0,"8",.0,"8",.0,"8","","8",0,"8","","",.0,"8",.0,"8",.0,"8",.0,"8",.0,"8",.0,"8",.0,"8",.0,"8",.0,"8",0,"8",0,"8",0,"8","","",0,"8",0,"8"
"352190360","P£OCK","2006","09","14","16","9","",0,"8",0,"8","","","",8,"",0,"8",0,"8",0,"",90,"",2,"",0,"",22.4,"",.0,"8","U","",11.9,"",44,"",9.5,"",1004.6,"",1017.3,"",6,-1.2,"",.0,"8",0,"8","02","0","0","","0","","","0","","","0","","",0,"8",.0,"8",.0,"8","","8",0,"8","","",.0,"8",.0,"8",.0,"8",.0,"8",.0,"8",.0,"8",.0,"8",.0,"8",.0,"8",0,"8",0,"8",0,"8","","",0,"8",0,"8"
"352190360","P£OCK","2006","09","14","17","9","",0,"8",0,"8","","","",7,"",0,"8",0,"8",0,"",80,"",2,"",0,"",19.7,"",.0,"8","U","",13.1,"",57,"",10.9,"",1004.3,"",1017.1,"",7,-.9,"",.0,"8",0,"8","02","0","0","","0","","","0","","","0","","",0,"8",.0,"8",.0,"8","","8",0,"8","","",.0,"8",.0,"8",.0,"8",.0,"8",.0,"8",.0,"8",.0,"8",.0,"8",.0,"8",0,"8",0,"8",0,"8","","",0,"8",0,"8"
"352190360","P£OCK","2006","09","14","18","9","",0,"8",0,"8","","","",7,"",0,"8",0,"8",0,"",80,"",3,"",0,"",18.1,"",.0,"8","U","",13.3,"",64,"",11.2,"",1004.6,"",1017.5,"",5,-.3,"",.0,"9",0,"9","02","0","0","","0","","","0","","","0","","",0,"",.0,"8",.0,"8","","8",0,"8","","",.0,"8",.0,"8",.0,"8",.0,"8",.0,"8",.0,"8",.0,"8",.0,"8",.0,"8",0,"8",0,"8",0,"8","","",0,"8",0,"8"
"352190360","P£OCK","2006","09","14","19","9","",0,"8",0,"8","","","",7,"",0,"8",0,"8",0,"",90,"",3,"",0,"",17.3,"",.0,"8","U","",13.2,"",67,"",11.1,"",1005.0,"",1017.9,"",3,.4,"",.0,"8",0,"8","02","0","0","","0","","","0","","","0","","",0,"8",.0,"8",.0,"8","","8",0,"8","","",.0,"8",.0,"8",.0,"8",.0,"8",.0,"8",.0,"8",.0,"8",.0,"8",.0,"8",0,"8",0,"8",0,"8","","",0,"8",0,"8"
"352190360","P£OCK","2006","09","14","20","9","",0,"8",0,"8","","","",7,"",0,"8",0,"8",0,"",90,"",3,"",0,"",16.4,"",.0,"8","U","",13.2,"",71,"",11.1,"",1005.1,"",1018.1,"",2,.8,"",.0,"8",0,"8","02","0","0","","0","","","0","","","0","","",0,"8",.0,"8",.0,"8","","8",0,"8","","",.0,"8",.0,"8",.0,"8",.0,"8",.0,"8",.0,"8",.0,"8",.0,"8",.0,"8",0,"8",0,"8",0,"8","","",0,"8",0,"8"
"352190360","P£OCK","2006","09","14","21","9","",0,"8",0,"8","","","",7,"",0,"8",0,"8",0,"",100,"",2,"",0,"",15.3,"",.0,"8","U","",12.5,"",72,"",10.3,"",1005.1,"",1018.1,"",1,.5,"",.0,"8",0,"8","02","0","0","","0","","","0","","","0","","",0,"8",.0,"8",.0,"8","","8",0,"8","","",.0,"8",.0,"8",.0,"8",.0,"8",.0,"8",.0,"8",.0,"8",.0,"8",.0,"8",0,"8",0,"8",0,"8","","",0,"8",0,"8"
"352190360","P£OCK","2006","09","14","22","9","",0,"8",0,"8","","","",7,"",0,"8",0,"8",0,"",90,"",2,"",0,"",14.0,"",.0,"8","U","",12.0,"",75,"",9.6,"",1005.1,"",1018.2,"",1,.1,"",.0,"8",0,"8","02","0","0","","0","","","0","","","0","","",0,"8",.0,"8",.0,"8","","8",0,"8","","",.0,"8",.0,"8",.0,"8",.0,"8",.0,"8",.0,"8",.0,"8",.0,"8",.0,"8",0,"8",0,"8",0,"8","","",0,"8",0,"8"
"352190360","P£OCK","2006","09","14","23","9","",0,"8",0,"8","","","",7,"",0,"8",0,"8",0,"",90,"",2,"",0,"",13.1,"",.0,"8","U","",11.7,"",78,"",9.3,"",1004.9,"",1018.0,"",8,-.2,"",.0,"8",0,"8","02","0","0","","0","","","0","","","0","","",0,"8",.0,"8",.0,"8","","8",0,"8","","",.0,"8",.0,"8",.0,"8",.0,"8",.0,"8",.0,"8",.0,"8",.0,"8",.0,"8",0,"8",0,"8",0,"8","","",0,"8",0,"8"
"352190360","P£OCK","2006","09","15","00","9","",0,"8",0,"8","","","",7,"",0,"8",0,"8",0,"",60,"",2,"",0,"",12.1,"",.0,"8","U","",11.7,"",83,"",9.3,"",1005.0,"",1018.2,"",5,-.1,"",.0,"9",0,"9","02","0","0","","0","","","0","","","0","","",0,"",.0,"8",.0,"8","","8",0,"8","","",.0,"8",.0,"8",.0,"8",.0,"8",.0,"8",.0,"8",.0,"8",.0,"8",.0,"8",0,"8",0,"8",0,"8","","",0,"8",0,"8"
"352190360","P£OCK","2006","09","15","01","9","",0,"8",0,"8","","","",6,"",0,"8",0,"8",0,"",80,"",2,"",0,"",11.6,"",.0,"8","U","",11.6,"",85,"",9.2,"",1004.9,"",1018.1,"",7,-.2,"",.0,"8",0,"8","10","0","0","","0","","","0","","","0","","",0,"8",.0,"8",.0,"8","","8",0,"8","","",.0,"8",.0,"8",.0,"8",.0,"8",.0,"8",.0,"8",.0,"8",.0,"8",.0,"8",0,"8",0,"8",0,"8","","",0,"8",0,"8"
"352190360","P£OCK","2006","09","15","02","9","",0,"8",0,"8","","","",6,"",0,"8",0,"8",0,"",70,"",2,"",0,"",11.4,"",.0,"8","U","",11.6,"",86,"",9.1,"",1004.8,"",1018.0,"",8,-.1,"",.0,"8",0,"8","10","0","0","","0","","","0","","","0","","",0,"8",.0,"8",.0,"8","","8",0,"8","","",.0,"8",.0,"8",.0,"8",.0,"8",.0,"8",.0,"8",.0,"8",.0,"8",.0,"8",0,"8",0,"8",0,"8","","",0,"8",0,"8"
"352190360","P£OCK","2006","09","15","03","9","",0,"8",0,"8","","","",6,"",0,"8",0,"8",0,"",90,"",2,"",0,"",11.4,"",.0,"8","U","",11.6,"",86,"",9.1,"",1004.6,"",1017.8,"",7,-.4,"",.0,"8",0,"8","10","0","0","","0","","","0","","","0","","",0,"8",.0,"8",.0,"8","","8",0,"8","","",.0,"8",.0,"8",.0,"8",.0,"8",.0,"8",.0,"8",.0,"8",.0,"8",.0,"8",0,"8",0,"8",0,"8","","",0,"8",0,"8"
"352190360","P£OCK","2006","09","15","04","9","",0,"8",0,"8","","","",6,"",0,"8",0,"8",1,"",80,"",2,"",0,"",11.3,"",.0,"8","U","",11.2,"",84,"",8.7,"",1004.5,"",1017.7,"",7,-.4,"",.0,"8",0,"8","10","0","1","","0","","","3","","","0","","",0,"8",.0,"8",.0,"8","","8",0,"8","","",.0,"8",.0,"8",.0,"8",.0,"8",.0,"8",.0,"8",.0,"8",.0,"8",.0,"8",0,"8",0,"8",0,"8","","",0,"8",0,"8"
"352190360","P£OCK","2006","09","15","05","9","",0,"8",0,"8","","","",7,"",0,"8",0,"8",1,"",80,"",2,"",0,"",11.6,"",.0,"8","U","",11.3,"",83,"",8.8,"",1004.8,"",1018.0,"",5,.0,"",.0,"8",0,"8","03","0","1","","0","","","3","","","0","","",0,"8",.0,"8",.0,"8","","8",0,"8","","",.0,"8",.0,"8",.0,"8",.0,"8",.0,"8",.0,"8",.0,"8",.0,"8",.0,"8",0,"8",0,"8",0,"8","","",0,"8",0,"8"
"352190360","P£OCK","2006","09","15","06","9","",0,"8",0,"8","","","",7,"",0,"8",0,"8",0,"",90,"",3,"",0,"",14.5,"",.0,"8","U","",12.5,"",76,"",10.3,"",1005.1,"",1018.2,"",3,.5,"",.0,"9",0,"9","01","0","0","","0","","","0","","","0","","",0,"",.0,"8",.0,"8","","8",0,"8","","",.0,"8",.0,"8",.0,"8",.0,"8",.0,"8",.0,"8",.0,"8",.0,"8",.0,"8",0,"8",0,"8",0,"8","","",0,"8",0,"8"
"352190360","P£OCK","2006","09","15","07","9","",0,"8",0,"8","","","",7,"",0,"8",0,"8",0,"",100,"",3,"",0,"",17.5,"",.0,"8","U","",13.2,"",66,"",11.1,"",1005.7,"",1018.6,"",3,1.2,"",.0,"8",0,"8","02","0","0","","0","","","0","","","0","","",0,"8",.0,"8",.0,"8","","8",0,"8","","",.0,"8",.0,"8",.0,"8",.0,"8",.0,"8",.0,"8",.0,"8",.0,"8",.0,"8",0,"8",0,"8",0,"8","","",0,"8",0,"8"
"352190360","P£OCK","2006","09","15","08","9","",0,"8",0,"8","","","",7,"",0,"8",0,"8",0,"",100,"",3,"",0,"",19.4,"",.0,"8","U","",13.5,"",60,"",11.4,"",1006.0,"",1018.9,"",2,1.2,"",.0,"8",0,"8","02","0","0","","0","","","0","","","0","","",0,"8",.0,"8",.0,"8","","8",0,"8","","",.0,"8",.0,"8",.0,"8",.0,"8",.0,"8",.0,"8",.0,"8",.0,"8",.0,"8",0,"8",0,"8",0,"8","","",0,"8",0,"8"
"352190360","P£OCK","2006","09","15","09","9","",0,"8",0,"8","","","",8,"",0,"8",0,"8",0,"",100,"",4,"",0,"",21.3,"",.0,"8","U","",12.9,"",51,"",10.7,"",1006.0,"",1018.8,"",1,.9,"",.0,"8",0,"8","02","0","0","","0","","","0","","","0","","",0,"8",.0,"8",.0,"8","","8",0,"8","","",.0,"8",.0,"8",.0,"8",.0,"8",.0,"8",.0,"8",.0,"8",.0,"8",.0,"8",0,"8",0,"8",0,"8","","",0,"8",0,"8"
"352190360","P£OCK","2006","09","15","10","9","",0,"8",0,"8","","","",8,"",0,"8",0,"8",0,"",100,"",5,"",0,"",22.5,"",.0,"8","U","",13.1,"",48,"",10.9,"",1005.9,"",1018.6,"",0,.2,"",.0,"8",0,"8","02","0","0","","0","","","0","","","0","","",0,"8",.0,"8",.0,"8","","8",0,"8","","",.0,"8",.0,"8",.0,"8",.0,"8",.0,"8",.0,"8",.0,"8",.0,"8",.0,"8",0,"8",0,"8",0,"8","","",0,"8",0,"8"
"352190360","P£OCK","2006","09","15","11","6","",0,"8",0,"8","","","",8,"",0,"8",0,"8",1,"",120,"",6,"",0,"",23.4,"",.0,"8","U","",11.8,"",41,"",9.4,"",1005.7,"",1018.4,"",8,-.3,"",.0,"8",0,"8","03","0","1","","1","","","0","","","0","","",0,"8",.0,"8",.0,"8","","8",0,"8","","",.0,"8",.0,"8",.0,"8",.0,"8",.0,"8",.0,"8",.0,"8",.0,"8",.0,"8",0,"8",0,"8",0,"8","","",0,"8",0,"8"
"352190360","P£OCK","2006","09","15","12","7","",0,"8",0,"8","","","",8,"",0,"8",0,"8",3,"",100,"",6,"",0,"",23.6,"",.0,"8","U","",11.9,"",41,"",9.6,"",1005.8,"",1018.5,"",5,-.2,"",.0,"9",0,"9","03","0","3","","1","","","0","","","0","","",0,"",.0,"8",.0,"8","","8",0,"8","","",.0,"8",.0,"8",.0,"8",.0,"8",.0,"8",.0,"8",.0,"8",.0,"8",.0,"8",0,"8",0,"8",0,"8","","",0,"8",0,"8"
"352190360","P£OCK","2006","09","15","13","7","",0,"8",0,"8","","","",8,"",0,"8",0,"8",3,"",110,"",5,"",0,"",23.8,"",.0,"8","U","",12.6,"",43,"",10.5,"",1005.6,"",1018.3,"",7,-.3,"",.0,"8",0,"8","03","0","3","","2","","","0","","","0","","",0,"8",.0,"8",.0,"8","","8",0,"8","","",.0,"8",.0,"8",.0,"8",.0,"8",.0,"8",.0,"8",.0,"8",.0,"8",.0,"8",0,"8",0,"8",0,"8","","",0,"8",0,"8"
"352190360","P£OCK","2006","09","15","14","7","",0,"8",0,"8","","","",8,"",0,"8",0,"8",2,"",90,"",5,"",0,"",22.6,"",.0,"8","U","",12.3,"",45,"",10.1,"",1005.4,"",1018.1,"",8,-.3,"",.0,"8",0,"8","01","0","2","","2","","","0","","","0","","",0,"8",.0,"8",.0,"8","","8",0,"8","","",.0,"8",.0,"8",.0,"8",.0,"8",.0,"8",.0,"8",.0,"8",.0,"8",.0,"8",0,"8",0,"8",0,"8","","",0,"8",0,"8"
"352190360","P£OCK","2006","09","15","15","7","",0,"8",0,"8","","","",8,"",0,"8",0,"8",1,"",100,"",5,"",0,"",23.2,"",.0,"8","U","",12.2,"",43,"",9.9,"",1005.3,"",1018.0,"",7,-.5,"",.0,"8",0,"8","01","0","1","","2","","","0","","","0","","",0,"8",.0,"8",.0,"8","","8",0,"8","","",.0,"8",.0,"8",.0,"8",.0,"8",.0,"8",.0,"8",.0,"8",.0,"8",.0,"8",0,"8",0,"8",0,"8","","",0,"8",0,"8"
"352190360","P£OCK","2006","09","15","16","7","",0,"8",0,"8","","","",8,"",0,"8",0,"8",1,"",90,"",3,"",0,"",22.1,"",.0,"8","U","",12.7,"",48,"",10.6,"",1005.5,"",1018.2,"",5,-.1,"",.0,"8",0,"8","01","0","1","","5","","","0","","","0","","",0,"8",.0,"8",.0,"8","","8",0,"8","","",.0,"8",.0,"8",.0,"8",.0,"8",.0,"8",.0,"8",.0,"8",.0,"8",.0,"8",0,"8",0,"8",0,"8","","",0,"8",0,"8"
"352190360","P£OCK","2006","09","15","17","7","",0,"8",0,"8","","","",8,"",0,"8",0,"8",1,"",60,"",2,"",0,"",19.6,"",.0,"8","U","",13.2,"",58,"",11.1,"",1005.8,"",1018.6,"",3,.4,"",.0,"8",0,"8","02","0","1","","5","","","0","","","0","","",0,"8",.0,"8",.0,"8","","8",0,"8","","",.0,"8",.0,"8",.0,"8",.0,"8",.0,"8",.0,"8",.0,"8",.0,"8",.0,"8",0,"8",0,"8",0,"8","","",0,"8",0,"8"
"352190360","P£OCK","2006","09","15","18","7","",0,"8",0,"8","","","",8,"",0,"8",0,"8",1,"",70,"",2,"",0,"",18.1,"",.0,"8","U","",13.3,"",64,"",11.2,"",1006.2,"",1019.1,"",3,.9,"",.0,"9",0,"9","02","0","1","","5","","","0","","","0","","",0,"",.0,"8",.0,"8","","8",0,"8","","",.0,"8",.0,"8",.0,"8",.0,"8",.0,"8",.0,"8",.0,"8",.0,"8",.0,"8",0,"8",0,"8",0,"8","","",0,"8",0,"8"
"352190360","P£OCK","2006","09","15","19","9","",0,"8",0,"8","","","",8,"",0,"8",0,"8",0,"",70,"",3,"",0,"",17.6,"",.0,"8","U","",13.1,"",65,"",10.9,"",1006.8,"",1019.7,"",3,1.3,"",.0,"8",0,"8","01","0","0","","0","","","0","","","0","","",0,"8",.0,"8",.0,"8","","8",0,"8","","",.0,"8",.0,"8",.0,"8",.0,"8",.0,"8",.0,"8",.0,"8",.0,"8",.0,"8",0,"8",0,"8",0,"8","","",0,"8",0,"8"
"352190360","P£OCK","2006","09","15","20","9","",0,"8",0,"8","","","",8,"",0,"8",0,"8",0,"",80,"",3,"",0,"",17.2,"",.0,"8","U","",12.7,"",65,"",10.6,"",1007.1,"",1020.1,"",2,1.3,"",.0,"8",0,"8","02","0","0","","0","","","0","","","0","","",0,"8",.0,"8",.0,"8","","8",0,"8","","",.0,"8",.0,"8",.0,"8",.0,"8",.0,"8",.0,"8",.0,"8",.0,"8",.0,"8",0,"8",0,"8",0,"8","","",0,"8",0,"8"
"352190360","P£OCK","2006","09","15","21","9","",0,"8",0,"8","","","",8,"",0,"8",0,"8",0,"",80,"",3,"",0,"",16.4,"",.0,"8","U","",12.5,"",67,"",10.3,"",1007.6,"",1020.6,"",2,1.4,"",.0,"8",0,"8","02","0","0","","0","","","0","","","0","","",0,"8",.0,"8",.0,"8","","8",0,"8","","",.0,"8",.0,"8",.0,"8",.0,"8",.0,"8",.0,"8",.0,"8",.0,"8",.0,"8",0,"8",0,"8",0,"8","","",0,"8",0,"8"
"352190360","P£OCK","2006","09","15","22","9","",0,"8",0,"8","","","",8,"",0,"8",0,"8",0,"",80,"",3,"",0,"",15.5,"",.0,"8","U","",12.3,"",70,"",10.0,"",1007.8,"",1020.9,"",2,1.0,"",.0,"8",0,"8","02","0","0","","0","","","0","","","0","","",0,"8",.0,"8",.0,"8","","8",0,"8","","",.0,"8",.0,"8",.0,"8",.0,"8",.0,"8",.0,"8",.0,"8",.0,"8",.0,"8",0,"8",0,"8",0,"8","","",0,"8",0,"8"
"352190360","P£OCK","2006","09","15","23","9","",0,"8",0,"8","","","",7,"",0,"8",0,"8",0,"",70,"",3,"",0,"",15.1,"",.0,"8","U","",12.3,"",72,"",10.1,"",1007.9,"",1021.0,"",1,.8,"",.0,"8",0,"8","02","0","0","","0","","","0","","","0","","",0,"8",.0,"8",.0,"8","","8",0,"8","","",.0,"8",.0,"8",.0,"8",.0,"8",.0,"8",.0,"8",.0,"8",.0,"8",.0,"8",0,"8",0,"8",0,"8","","",0,"8",0,"8"
"352190360","P£OCK","2006","09","16","00","9","",0,"8",0,"8","","","",7,"",0,"8",0,"8",1,"",80,"",3,"",0,"",14.6,"",.0,"8","U","",12.6,"",76,"",10.4,"",1008.1,"",1021.2,"",2,.5,"",.0,"9",0,"9","03","0","1","","0","","","3","","","0","","",0,"",.0,"8",.0,"8","","8",0,"8","","",.0,"8",.0,"8",.0,"8",.0,"8",.0,"8",.0,"8",.0,"8",.0,"8",.0,"8",0,"8",0,"8",0,"8","","",0,"8",0,"8"
"352190360","P£OCK","2006","09","16","01","9","",0,"8",0,"8","","","",7,"",0,"8",0,"8",1,"",80,"",4,"",0,"",14.0,"",.0,"8","U","",12.9,"",81,"",10.8,"",1008.3,"",1021.4,"",2,.5,"",.0,"8",0,"8","02","0","1","","0","","","3","","","0","","",0,"8",.0,"8",.0,"8","","8",0,"8","","",.0,"8",.0,"8",.0,"8",.0,"8",.0,"8",.0,"8",.0,"8",.0,"8",.0,"8",0,"8",0,"8",0,"8","","",0,"8",0,"8"
"352190360","P£OCK","2006","09","16","02","9","",0,"8",0,"8","","","",7,"",0,"8",0,"8",0,"",80,"",3,"",0,"",13.6,"",.0,"8","U","",13.1,"",84,"",10.9,"",1008.4,"",1021.6,"",2,.5,"",.0,"8",0,"8","01","0","0","","0","","","0","","","0","","",0,"8",.0,"8",.0,"8","","8",0,"8","","",.0,"8",.0,"8",.0,"8",.0,"8",.0,"8",.0,"8",.0,"8",.0,"8",.0,"8",0,"8",0,"8",0,"8","","",0,"8",0,"8"
"352190360","P£OCK","2006","09","16","03","9","",0,"8",0,"8","","","",6,"",0,"8",0,"8",0,"",80,"",3,"",0,"",13.4,"",.0,"8","U","",13.5,"",88,"",11.5,"",1008.5,"",1021.7,"",2,.4,"",.0,"8",0,"8","10","0","0","","0","","","0","","","0","","",0,"8",.0,"8",.0,"8","","8",0,"8","","",.0,"8",.0,"8",.0,"8",.0,"8",.0,"8",.0,"8",.0,"8",.0,"8",.0,"8",0,"8",0,"8",0,"8","","",0,"8",0,"8"
"352190360","P£OCK","2006","09","16","04","9","",0,"8",0,"8","","","",6,"",0,"8",0,"8",0,"",90,"",4,"",0,"",13.2,"",.0,"8","U","",13.6,"",90,"",11.6,"",1008.6,"",1021.8,"",2,.3,"",.0,"8",0,"8","10","0","0","","0","","","0","","","0","","",0,"8",.0,"8",.0,"8","","8",0,"8","","",.0,"8",.0,"8",.0,"8",.0,"8",.0,"8",.0,"8",.0,"8",.0,"8",.0,"8",0,"8",0,"8",0,"8","","",0,"8",0,"8"
"352190360","P£OCK","2006","09","16","05","3","",0,"8",0,"8","","","",6,"",0,"8",0,"8",1,"",90,"",4,"",0,"",13.2,"",.0,"8","U","",13.6,"",90,"",11.6,"",1008.8,"",1022.0,"",2,.4,"",.0,"8",0,"8","10","0","1","","6","","","0","","","0","","",0,"8",.0,"8",.0,"8","","8",0,"8","","",.0,"8",.0,"8",.0,"8",.0,"8",.0,"8",.0,"8",.0,"8",.0,"8",.0,"8",0,"8",0,"8",0,"8","","",0,"8",0,"8"
"352190360","P£OCK","2006","09","16","06","3","",0,"8",0,"8","","","",6,"",0,"8",0,"8",1,"",90,"",4,"",0,"",13.9,"",.0,"8","U","",13.8,"",87,"",11.8,"",1009.2,"",1022.3,"",3,.7,"",.0,"9",0,"9","10","0","1","","6","","","0","","","0","","",0,"",.0,"8",.0,"8","","8",0,"8","","",.0,"8",.0,"8",.0,"8",.0,"8",.0,"8",.0,"8",.0,"8",.0,"8",.0,"8",0,"8",0,"8",0,"8","","",0,"8",0,"8"
"352190360","P£OCK","2006","09","16","07","4","",0,"8",0,"8","","","",7,"",0,"8",0,"8",1,"",90,"",5,"",0,"",15.4,"",.0,"8","U","",14.0,"",80,"",12.0,"",1009.4,"",1022.5,"",2,.8,"",.0,"8",0,"8","03","0","1","","1","","","0","","","0","","",0,"8",.0,"8",.0,"8","","8",0,"8","","",.0,"8",.0,"8",.0,"8",.0,"8",.0,"8",.0,"8",.0,"8",.0,"8",.0,"8",0,"8",0,"8",0,"8","","",0,"8",0,"8"
"352190360","P£OCK","2006","09","16","08","9","",0,"8",0,"8","","","",7,"",0,"8",0,"8",1,"",90,"",5,"",0,"",16.7,"",.0,"8","U","",14.0,"",74,"",12.0,"",1009.6,"",1022.6,"",1,.8,"",.0,"8",0,"8","01","0","0","","0","","","0","","","1","","",0,"8",.0,"8",.0,"8","","8",0,"8","","",.0,"8",.0,"8",.0,"8",.0,"8",.0,"8",.0,"8",.0,"8",.0,"8",.0,"8",0,"8",0,"8",0,"8","","",0,"8",0,"8"
"352190360","P£OCK","2006","09","16","09","9","",0,"8",0,"8","","","",7,"",0,"8",0,"8",3,"",90,"",5,"",0,"",18.1,"",.0,"8","U","",13.9,"",67,"",11.9,"",1009.4,"",1022.4,"",0,.2,"",.0,"8",0,"8","03","0","0","","0","","","0","","","6","","",0,"8",.0,"8",.0,"8","","8",0,"8","","",.0,"8",.0,"8",.0,"8",.0,"8",.0,"8",.0,"8",.0,"8",.0,"8",.0,"8",0,"8",0,"8",0,"8","","",0,"8",0,"8"
"352190360","P£OCK","2006","09","16","10","9","",0,"8",0,"8","","","",7,"",0,"8",0,"8",5,"",90,"",5,"",0,"",19.5,"",.0,"8","U","",14.0,"",62,"",12.0,"",1009.2,"",1022.1,"",8,-.2,"",.0,"8",0,"8","03","1","0","","0","","","0","","","6","","",0,"8",.0,"8",.0,"8","","8",0,"8","","",.0,"8",.0,"8",.0,"8",.0,"8",.0,"8",.0,"8",.0,"8",.0,"8",.0,"8",0,"8",0,"8",0,"8","","",0,"8",0,"8"
"352190360","P£OCK","2006","09","16","11","9","",0,"8",0,"8","","","",7,"",0,"8",0,"8",7,"",100,"",6,"",0,"",21.0,"",.0,"8","U","",13.9,"",56,"",11.9,"",1008.9,"",1021.7,"",7,-.7,"",.0,"8",0,"8","03","2","0","","0","","","0","","","6","","",0,"8",.0,"8",.0,"8","","8",0,"8","","",.0,"8",.0,"8",.0,"8",.0,"8",.0,"8",.0,"8",.0,"8",.0,"8",.0,"8",0,"8",0,"8",0,"8","","",0,"8",0,"8"
"352190360","P£OCK","2006","09","16","12","9","",0,"8",0,"8","","","",8,"",0,"8",0,"8",7,"",110,"",7,"",0,"",21.3,"",.0,"8","U","",13.4,"",53,"",11.3,"",1008.4,"",1021.2,"",8,-1.0,"",.0,"9",0,"9","02","1","0","","0","","","0","","","8","","",0,"",.0,"8",.0,"8","","8",0,"8","","",.0,"8",.0,"8",.0,"8",.0,"8",.0,"8",.0,"8",.0,"8",.0,"8",.0,"8",0,"8",0,"8",0,"8","","",0,"8",0,"8"
"352190360","P£OCK","2006","09","16","13","9","",0,"8",0,"8","","","",8,"",0,"8",0,"8",5,"",110,"",8,"",0,"",22.2,"",.0,"8","U","",12.8,"",48,"",10.7,"",1007.9,"",1020.7,"",8,-1.3,"",.0,"8",0,"8","01","2","0","","0","","","0","","","8","","",0,"8",.0,"8",.0,"8","","8",0,"8","","",.0,"8",.0,"8",.0,"8",.0,"8",.0,"8",.0,"8",.0,"8",.0,"8",.0,"8",0,"8",0,"8",0,"8","","",0,"8",0,"8"
"352190360","P£OCK","2006","09","16","14","9","",0,"8",0,"8","","","",8,"",0,"8",0,"8",3,"",110,"",8,"",0,"",22.0,"",.0,"8","U","",12.4,"",47,"",10.2,"",1007.5,"",1020.3,"",7,-1.4,"",.0,"8",0,"8","01","1","0","","0","","","0","","","1","","",0,"8",.0,"8",.0,"8","","8",0,"8","","",.0,"8",.0,"8",.0,"8",.0,"8",.0,"8",.0,"8",.0,"8",.0,"8",.0,"8",0,"8",0,"8",0,"8","","",0,"8",0,"8"
"352190360","P£OCK","2006","09","16","15","9","",0,"8",0,"8","","","",8,"",0,"8",0,"8",3,"",120,"",7,"",0,"",21.6,"",.0,"8","U","",12.4,"",48,"",10.1,"",1007.3,"",1020.1,"",6,-1.1,"",.0,"8",0,"8","02","1","0","","0","","","0","","","1","","",0,"8",.0,"8",.0,"8","","8",0,"8","","",.0,"8",.0,"8",.0,"8",.0,"8",.0,"8",.0,"8",.0,"8",.0,"8",.0,"8",0,"8",0,"8",0,"8","","",0,"8",0,"8"
"352190360","P£OCK","2006","09","16","16","9","",0,"8",0,"8","","","",8,"",0,"8",0,"8",2,"",110,"",6,"",11,"",20.6,"",.0,"8","U","",12.6,"",52,"",10.4,"",1007.2,"",1020.0,"",6,-.7,"",.0,"8",0,"8","01","0","0","","0","","","0","","","1","","",0,"8",.0,"8",.0,"8","","8",0,"8","","",.0,"8",.0,"8",.0,"8",.0,"8",.0,"8",.0,"8",.0,"8",.0,"8",.0,"8",0,"8",0,"8",0,"8","","",0,"8",0,"8"
"352190360","P£OCK","2006","09","16","17","9","",0,"8",0,"8","","","",7,"",0,"8",0,"8",2,"",100,"",4,"",0,"",18.8,"",.0,"8","U","",13.0,"",60,"",10.9,"",1007.2,"",1020.1,"",6,-.3,"",.0,"8",0,"8","02","0","0","","0","","","0","","","1","","",0,"8",.0,"8",.0,"8","","8",0,"8","","",.0,"8",.0,"8",.0,"8",.0,"8",.0,"8",.0,"8",.0,"8",.0,"8",.0,"8",0,"8",0,"8",0,"8","","",0,"8",0,"8"
"352190360","P£OCK","2006","09","16","18","9","",0,"8",0,"8","","","",7,"",0,"8",0,"8",2,"",100,"",4,"",0,"",17.3,"",.0,"8","U","",13.4,"",68,"",11.3,"",1007.4,"",1020.4,"",3,.1,"",.0,"9",0,"9","02","1","0","","0","","","0","","","1","","",0,"",.0,"8",.0,"8","","8",0,"8","","",.0,"8",.0,"8",.0,"8",.0,"8",.0,"8",.0,"8",.0,"8",.0,"8",.0,"8",0,"8",0,"8",0,"8","","",0,"8",0,"8"
"352190360","P£OCK","2006","09","16","19","9","",0,"8",0,"8","","","",7,"",0,"8",0,"8",2,"",100,"",4,"",0,"",16.4,"",.0,"8","U","",13.6,"",73,"",11.5,"",1007.5,"",1020.5,"",3,.3,"",.0,"8",0,"8","02","0","0","","0","","","0","","","1","","",0,"8",.0,"8",.0,"8","","8",0,"8","","",.0,"8",.0,"8",.0,"8",.0,"8",.0,"8",.0,"8",.0,"8",.0,"8",.0,"8",0,"8",0,"8",0,"8","","",0,"8",0,"8"
"352190360","P£OCK","2006","09","16","20","9","",0,"8",0,"8","","","",7,"",0,"8",0,"8",2,"",90,"",4,"",0,"",15.4,"",.0,"8","U","",13.6,"",78,"",11.6,"",1007.3,"",1020.4,"",0,.1,"",.0,"8",0,"8","02","0","0","","0","","","0","","","1","","",0,"8",.0,"8",.0,"8","","8",0,"8","","",.0,"8",.0,"8",.0,"8",.0,"8",.0,"8",.0,"8",.0,"8",.0,"8",.0,"8",0,"8",0,"8",0,"8","","",0,"8",0,"8"
"352190360","P£OCK","2006","09","16","21","9","",0,"8",0,"8","","","",7,"",0,"8",0,"8",2,"",110,"",4,"",0,"",15.4,"",.0,"8","U","",13.6,"",78,"",11.6,"",1007.0,"",1020.0,"",8,-.4,"",.0,"8",0,"8","02","0","0","","0","","","0","","","1","","",0,"8",.0,"8",.0,"8","","8",0,"8","","",.0,"8",.0,"8",.0,"8",.0,"8",.0,"8",.0,"8",.0,"8",.0,"8",.0,"8",0,"8",0,"8",0,"8","","",0,"8",0,"8"
"352190360","P£OCK","2006","09","16","22","9","",0,"8",0,"8","","","",7,"",0,"8",0,"8",2,"",100,"",4,"",0,"",14.5,"",.0,"8","U","",13.3,"",81,"",11.3,"",1006.8,"",1019.9,"",7,-.7,"",.0,"8",0,"8","02","0","0","","0","","","0","","","1","","",0,"8",.0,"8",.0,"8","","8",0,"8","","",.0,"8",.0,"8",.0,"8",.0,"8",.0,"8",.0,"8",.0,"8",.0,"8",.0,"8",0,"8",0,"8",0,"8","","",0,"8",0,"8"
"352190360","P£OCK","2006","09","16","23","9","",0,"8",0,"8","","","",7,"",0,"8",0,"8",2,"",100,"",3,"",0,"",14.2,"",.0,"8","U","",13.1,"",81,"",11.0,"",1006.4,"",1019.5,"",7,-.9,"",.0,"8",0,"8","02","0","0","","0","","","0","","","1","","",0,"8",.0,"8",.0,"8","","8",0,"8","","",.0,"8",.0,"8",.0,"8",.0,"8",.0,"8",.0,"8",.0,"8",.0,"8",.0,"8",0,"8",0,"8",0,"8","","",0,"8",0,"8"
"352190360","P£OCK","2006","09","17","00","9","",0,"8",0,"8","","","",7,"",0,"8",0,"8",1,"",90,"",4,"",0,"",13.5,"",.0,"8","U","",12.8,"",83,"",10.7,"",1005.9,"",1019.0,"",8,-1.1,"",.0,"9",0,"9","01","0","0","","0","","","0","","","1","","",0,"",.0,"8",.0,"8","","8",0,"8","","",.0,"8",.0,"8",.0,"8",.0,"8",.0,"8",.0,"8",.0,"8",.0,"8",.0,"8",0,"8",0,"8",0,"8","","",0,"8",0,"8"
"352190360","P£OCK","2006","09","17","01","9","",0,"8",0,"8","","","",7,"",0,"8",0,"8",1,"",90,"",4,"",0,"",12.9,"",.0,"8","U","",12.5,"",84,"",10.3,"",1005.4,"",1018.5,"",7,-1.4,"",.0,"8",0,"8","02","0","0","","0","","","0","","","1","","",0,"8",.0,"8",.0,"8","","8",0,"8","","",.0,"8",.0,"8",.0,"8",.0,"8",.0,"8",.0,"8",.0,"8",.0,"8",.0,"8",0,"8",0,"8",0,"8","","",0,"8",0,"8"
"352190360","P£OCK","2006","09","17","02","9","",0,"8",0,"8","","","",6,"",0,"8",0,"8",0,"",90,"",4,"",0,"",12.3,"",.0,"8","U","",12.3,"",86,"",10.0,"",1005.0,"",1018.2,"",7,-1.4,"",.0,"8",0,"8","10","0","0","","0","","","0","","","0","","",0,"8",.0,"8",.0,"8","","8",0,"8","","",.0,"8",.0,"8",.0,"8",.0,"8",.0,"8",.0,"8",.0,"8",.0,"8",.0,"8",0,"8",0,"8",0,"8","","",0,"8",0,"8"
"352190360","P£OCK","2006","09","17","03","9","",0,"8",0,"8","","","",6,"",0,"8",0,"8",0,"",90,"",4,"",0,"",11.8,"",.0,"8","U","",11.9,"",86,"",9.5,"",1004.6,"",1017.8,"",7,-1.3,"",.0,"8",0,"8","10","0","0","","0","","","0","","","0","","",0,"8",.0,"8",.0,"8","","8",0,"8","","",.0,"8",.0,"8",.0,"8",.0,"8",.0,"8",.0,"8",.0,"8",.0,"8",.0,"8",0,"8",0,"8",0,"8","","",0,"8",0,"8"
"352190360","P£OCK","2006","09","17","04","9","",0,"8",0,"8","","","",6,"",0,"8",0,"8",1,"",100,"",3,"",0,"",11.4,"",.0,"8","U","",11.7,"",87,"",9.3,"",1004.4,"",1017.6,"",6,-1.0,"",.0,"8",0,"8","10","0","0","","0","","","0","","","1","","",0,"8",.0,"8",.0,"8","","8",0,"8","","",.0,"8",.0,"8",.0,"8",.0,"8",.0,"8",.0,"8",.0,"8",.0,"8",.0,"8",0,"8",0,"8",0,"8","","",0,"8",0,"8"
"352190360","P£OCK","2006","09","17","05","9","",0,"8",0,"8","","","",6,"",0,"8",0,"8",1,"",100,"",4,"",0,"",11.4,"",.0,"8","U","",11.8,"",88,"",9.5,"",1004.1,"",1017.3,"",7,-.9,"",.0,"8",0,"8","10","0","0","","0","","","0","","","1","","",0,"8",.0,"8",.0,"8","","8",0,"8","","",.0,"8",.0,"8",.0,"8",.0,"8",.0,"8",.0,"8",.0,"8",.0,"8",.0,"8",0,"8",0,"8",0,"8","","",0,"8",0,"8"
"352190360","P£OCK","2006","09","17","06","9","",0,"8",0,"8","","","",6,"",0,"8",0,"8",1,"",110,"",4,"",0,"",12.7,"",.0,"8","U","",12.2,"",83,"",9.9,"",1004.2,"",1017.3,"",5,-.4,"",.0,"9",0,"9","10","0","0","","0","","","0","","","1","","",0,"",.0,"8",.0,"8","","8",0,"8","","",.0,"8",.0,"8",.0,"8",.0,"8",.0,"8",.0,"8",.0,"8",.0,"8",.0,"8",0,"8",0,"8",0,"8","","",0,"8",0,"8"
"352190360","P£OCK","2006","09","17","07","9","",0,"8",0,"8","","","",7,"",0,"8",0,"8",1,"",110,"",5,"",0,"",14.2,"",.0,"8","U","",12.6,"",78,"",10.4,"",1004.2,"",1017.3,"",6,-.2,"",.0,"8",0,"8","02","0","0","","0","","","0","","","1","","",0,"8",.0,"8",.0,"8","","8",0,"8","","",.0,"8",.0,"8",.0,"8",.0,"8",.0,"8",.0,"8",.0,"8",.0,"8",.0,"8",0,"8",0,"8",0,"8","","",0,"8",0,"8"
"352190360","P£OCK","2006","09","17","08","9","",0,"8",0,"8","","","",7,"",0,"8",0,"8",1,"",110,"",5,"",0,"",15.9,"",.0,"8","U","",12.8,"",71,"",10.6,"",1004.2,"",1017.2,"",1,.1,"",.0,"8",0,"8","02","0","0","","0","","","0","","","1","","",0,"8",.0,"8",.0,"8","","8",0,"8","","",.0,"8",.0,"8",.0,"8",.0,"8",.0,"8",.0,"8",.0,"8",.0,"8",.0,"8",0,"8",0,"8",0,"8","","",0,"8",0,"8"
"352190360","P£OCK","2006","09","17","09","9","",0,"8",0,"8","","","",7,"",0,"8",0,"8",1,"",120,"",5,"",0,"",18.0,"",.0,"8","U","",13.2,"",64,"",11.1,"",1003.9,"",1016.8,"",8,-.3,"",.0,"8",0,"8","02","0","0","","0","","","0","","","1","","",0,"8",.0,"8",.0,"8","","8",0,"8","","",.0,"8",.0,"8",.0,"8",.0,"8",.0,"8",.0,"8",.0,"8",.0,"8",.0,"8",0,"8",0,"8",0,"8","","",0,"8",0,"8"
"352190360","P£OCK","2006","09","17","10","9","",0,"8",0,"8","","","",7,"",0,"8",0,"8",1,"",100,"",4,"",0,"",19.6,"",.0,"8","U","",13.0,"",57,"",10.8,"",1003.5,"",1016.3,"",8,-.7,"",.0,"8",0,"8","02","0","0","","0","","","0","","","1","","",0,"8",.0,"8",.0,"8","","8",0,"8","","",.0,"8",.0,"8",.0,"8",.0,"8",.0,"8",.0,"8",.0,"8",.0,"8",.0,"8",0,"8",0,"8",0,"8","","",0,"8",0,"8"
"352190360","P£OCK","2006","09","17","11","9","",0,"8",0,"8","","","",7,"",0,"8",0,"8",2,"",110,"",5,"",0,"",20.7,"",.0,"8","U","",12.9,"",53,"",10.8,"",1003.1,"",1015.9,"",7,-1.1,"",.0,"8",0,"8","03","0","0","","0","","","0","","","1","","",0,"8",.0,"8",.0,"8","","8",0,"8","","",.0,"8",.0,"8",.0,"8",.0,"8",.0,"8",.0,"8",.0,"8",.0,"8",.0,"8",0,"8",0,"8",0,"8","","",0,"8",0,"8"
"352190360","P£OCK","2006","09","17","12","9","",0,"8",0,"8","","","",7,"",0,"8",0,"8",2,"",120,"",5,"",0,"",21.8,"",.0,"8","U","",12.8,"",49,"",10.6,"",1002.7,"",1015.4,"",7,-1.2,"",.0,"9",0,"9","02","0","0","","0","","","0","","","1","","",0,"",.0,"8",.0,"8","","8",0,"8","","",.0,"8",.0,"8",.0,"8",.0,"8",.0,"8",.0,"8",.0,"8",.0,"8",.0,"8",0,"8",0,"8",0,"8","","",0,"8",0,"8"
"352190360","P£OCK","2006","09","17","13","9","",0,"8",0,"8","","","",8,"",0,"8",0,"8",2,"",130,"",5,"",0,"",22.6,"",.0,"8","U","",12.0,"",44,"",9.7,"",1002.4,"",1015.1,"",7,-1.1,"",.0,"8",0,"8","02","0","0","","0","","","0","","","1","","",0,"8",.0,"8",.0,"8","","8",0,"8","","",.0,"8",.0,"8",.0,"8",.0,"8",.0,"8",.0,"8",.0,"8",.0,"8",.0,"8",0,"8",0,"8",0,"8","","",0,"8",0,"8"
"352190360","P£OCK","2006","09","17","14","9","",0,"8",0,"8","","","",8,"",0,"8",0,"8",4,"",130,"",5,"",0,"",22.0,"",.0,"8","U","",12.7,"",48,"",10.5,"",1002.1,"",1014.8,"",7,-1.0,"",.0,"8",0,"8","03","0","0","","0","","","0","","","6","","",0,"8",.0,"8",.0,"8","","8",0,"8","","",.0,"8",.0,"8",.0,"8",.0,"8",.0,"8",.0,"8",.0,"8",.0,"8",.0,"8",0,"8",0,"8",0,"8","","",0,"8",0,"8"
"352190360","P£OCK","2006","09","17","15","9","",0,"8",0,"8","","","",8,"",0,"8",0,"8",5,"",130,"",4,"",0,"",20.9,"",.0,"8","U","",12.8,"",52,"",10.7,"",1001.9,"",1014.6,"",7,-.8,"",.0,"8",0,"8","03","1","0","","0","","","0","","","6","","",0,"8",.0,"8",.0,"8","","8",0,"8","","",.0,"8",.0,"8",.0,"8",.0,"8",.0,"8",.0,"8",.0,"8",.0,"8",.0,"8",0,"8",0,"8",0,"8","","",0,"8",0,"8"
"352190360","P£OCK","2006","09","17","16","9","",0,"8",0,"8","","","",7,"",0,"8",0,"8",5,"",110,"",3,"",0,"",19.7,"",.0,"8","U","",13.3,"",58,"",11.2,"",1001.7,"",1014.5,"",7,-.7,"",.0,"8",0,"8","02","2","0","","0","","","0","","","8","","",0,"8",.0,"8",.0,"8","","8",0,"8","","",.0,"8",.0,"8",.0,"8",.0,"8",.0,"8",.0,"8",.0,"8",.0,"8",.0,"8",0,"8",0,"8",0,"8","","",0,"8",0,"8"
"352190360","P£OCK","2006","09","17","17","9","",0,"8",0,"8","","","",7,"",0,"8",0,"8",5,"",80,"",2,"",0,"",17.6,"",.0,"8","U","",13.3,"",66,"",11.2,"",1001.5,"",1014.4,"",7,-.6,"",.0,"8",0,"8","03","2","1","","0","","","3","","","8","","",0,"8",.0,"8",.0,"8","","8",0,"8","","",.0,"8",.0,"8",.0,"8",.0,"8",.0,"8",.0,"8",.0,"8",.0,"8",.0,"8",0,"8",0,"8",0,"8","","",0,"8",0,"8"
"352190360","P£OCK","2006","09","17","18","9","",0,"8",0,"8","","","",7,"",0,"8",0,"8",5,"",100,"",3,"",0,"",16.9,"",.0,"8","U","",13.3,"",69,"",11.2,"",1001.5,"",1014.4,"",6,-.4,"",.0,"9",0,"9","01","1","1","","0","","","3","","","8","","",0,"",.0,"8",.0,"8","","8",0,"8","","",.0,"8",.0,"8",.0,"8",.0,"8",.0,"8",.0,"8",.0,"8",.0,"8",.0,"8",0,"8",0,"8",0,"8","","",0,"8",0,"8"
"352190360","P£OCK","2006","09","17","19","9","",0,"8",0,"8","","","",7,"",0,"8",0,"8",1,"",90,"",3,"",0,"",16.2,"",.0,"8","U","",13.2,"",72,"",11.1,"",1001.6,"",1014.5,"",5,-.1,"",.0,"8",0,"8","01","1","0","","0","","","0","","","1","","",0,"8",.0,"8",.0,"8","","8",0,"8","","",.0,"8",.0,"8",.0,"8",.0,"8",.0,"8",.0,"8",.0,"8",.0,"8",.0,"8",0,"8",0,"8",0,"8","","",0,"8",0,"8"
"352190360","P£OCK","2006","09","17","20","9","",0,"8",0,"8","","","",7,"",0,"8",0,"8",0,"",100,"",3,"",0,"",15.5,"",.0,"8","U","",13.2,"",75,"",11.1,"",1001.5,"",1014.5,"",0,.0,"",.0,"8",0,"8","01","0","0","","0","","","0","","","0","","",0,"8",.0,"8",.0,"8","","8",0,"8","","",.0,"8",.0,"8",.0,"8",.0,"8",.0,"8",.0,"8",.0,"8",.0,"8",.0,"8",0,"8",0,"8",0,"8","","",0,"8",0,"8"
"352190360","P£OCK","2006","09","17","21","9","",0,"8",0,"8","","","",7,"",0,"8",0,"8",0,"",100,"",2,"",0,"",15.0,"",.0,"8","U","",13.4,"",79,"",11.4,"",1001.3,"",1014.3,"",8,-.2,"",.0,"8",0,"8","02","1","0","","0","","","0","","","0","","",0,"8",.0,"8",.0,"8","","8",0,"8","","",.0,"8",.0,"8",.0,"8",.0,"8",.0,"8",.0,"8",.0,"8",.0,"8",.0,"8",0,"8",0,"8",0,"8","","",0,"8",0,"8"
"352190360","P£OCK","2006","09","17","22","9","",0,"8",0,"8","","","",7,"",0,"8",0,"8",0,"",100,"",2,"",0,"",14.1,"",.0,"8","U","",13.2,"",82,"",11.1,"",1001.1,"",1014.1,"",7,-.5,"",.0,"8",0,"8","02","0","0","","0","","","0","","","0","","",0,"8",.0,"8",.0,"8","","8",0,"8","","",.0,"8",.0,"8",.0,"8",.0,"8",.0,"8",.0,"8",.0,"8",.0,"8",.0,"8",0,"8",0,"8",0,"8","","",0,"8",0,"8"
"352190360","P£OCK","2006","09","17","23","9","",0,"8",0,"8","","","",7,"",0,"8",0,"8",0,"",110,"",2,"",0,"",13.8,"",.0,"8","U","",13.4,"",85,"",11.3,"",1001.1,"",1014.1,"",6,-.4,"",.0,"8",0,"8","02","0","0","","0","","","0","","","0","","",0,"8",.0,"8",.0,"8","","8",0,"8","","",.0,"8",.0,"8",.0,"8",.0,"8",.0,"8",.0,"8",.0,"8",.0,"8",.0,"8",0,"8",0,"8",0,"8","","",0,"8",0,"8"
"352190360","P£OCK","2006","09","18","00","9","",0,"8",0,"8","","","",6,"",0,"8",0,"8",1,"",100,"",2,"",0,"",13.3,"",.0,"8","U","",13.3,"",87,"",11.2,"",1001.0,"",1014.1,"",7,-.3,"",.0,"9",0,"9","10","1","1","","0","","","3","","","0","","",0,"",.0,"8",.0,"8","","8",0,"8","","",.0,"8",.0,"8",.0,"8",.0,"8",.0,"8",.0,"8",.0,"8",.0,"8",.0,"8",0,"8",0,"8",0,"8","","",0,"8",0,"8"
"352190360","P£OCK","2006","09","18","01","9","",0,"8",0,"8","","","",6,"",0,"8",0,"8",1,"",100,"",2,"",0,"",12.9,"",.0,"8","U","",13.1,"",88,"",11.0,"",1000.6,"",1013.7,"",8,-.5,"",.0,"8",0,"8","10","0","1","","0","","","3","","","0","","",0,"8",.0,"8",.0,"8","","8",0,"8","","",.0,"8",.0,"8",.0,"8",.0,"8",.0,"8",.0,"8",.0,"8",.0,"8",.0,"8",0,"8",0,"8",0,"8","","",0,"8",0,"8"
"352190360","P£OCK","2006","09","18","02","9","",0,"8",0,"8","","","",6,"",0,"8",0,"8",2,"",120,"",2,"",0,"",12.9,"",.0,"8","U","",13.2,"",89,"",11.1,"",1000.5,"",1013.6,"",7,-.6,"",.0,"8",0,"8","10","0","1","","0","","","3","","","1","","",0,"8",.0,"8",.0,"8","","8",0,"8","","",.0,"8",.0,"8",.0,"8",.0,"8",.0,"8",.0,"8",.0,"8",.0,"8",.0,"8",0,"8",0,"8",0,"8","","",0,"8",0,"8"
"352190360","P£OCK","2006","09","18","03","9","",0,"8",0,"8","","","",6,"",0,"8",0,"8",2,"",100,"",2,"",0,"",12.2,"",.0,"8","U","",12.8,"",90,"",10.6,"",1000.5,"",1013.6,"",6,-.5,"",.0,"8",0,"8","10","0","1","","0","","","3","","","1","","",0,"8",.0,"8",.0,"8","","8",0,"8","","",.0,"8",.0,"8",.0,"8",.0,"8",.0,"8",.0,"8",.0,"8",.0,"8",.0,"8",0,"8",0,"8",0,"8","","",0,"8",0,"8"
"352190360","P£OCK","2006","09","18","04","9","",0,"8",0,"8","","","",5,"",0,"8",0,"8",3,"",90,"",2,"",0,"",11.9,"",.0,"8","U","",12.8,"",92,"",10.6,"",1000.3,"",1013.4,"",7,-.3,"",.0,"8",0,"8","10","0","2","","0","","","3","","","1","","",0,"8",.0,"8",.0,"8","","8",0,"8","","",.0,"8",.0,"8",.0,"8",.0,"8",.0,"8",.0,"8",.0,"8",.0,"8",.0,"8",0,"8",0,"8",0,"8","","",0,"8",0,"8"
"352190360","P£OCK","2006","09","18","05","9","",0,"8",0,"8","","","",5,"",0,"8",0,"8",2,"",110,"",1,"",0,"",12.1,"",.0,"8","U","",13.1,"",93,"",11.0,"",1000.3,"",1013.4,"",6,-.2,"",.0,"8",0,"8","10","0","2","","0","","","3","","","0","","",0,"8",.0,"8",.0,"8","","8",0,"8","","",.0,"8",.0,"8",.0,"8",.0,"8",.0,"8",.0,"8",.0,"8",.0,"8",.0,"8",0,"8",0,"8",0,"8","","",0,"8",0,"8"
"352190360","P£OCK","2006","09","18","06","9","",0,"8",0,"8","","","",6,"",0,"8",0,"8",1,"",130,"",2,"",0,"",13.9,"",.0,"8","U","",14.3,"",90,"",12.3,"",1000.5,"",1013.5,"",5,.0,"",.0,"9",0,"9","10","0","1","","0","","","3","","","0","","",0,"",.0,"8",.0,"8","","8",0,"8","","",.0,"8",.0,"8",.0,"8",.0,"8",.0,"8",.0,"8",.0,"8",.0,"8",.0,"8",0,"8",0,"8",0,"8","","",0,"8",0,"8"
"352190360","P£OCK","2006","09","18","07","9","",0,"8",0,"8","","","",6,"",0,"8",0,"8",1,"",120,"",2,"",0,"",16.4,"",.0,"8","U","",15.3,"",82,"",13.3,"",1000.3,"",1013.2,"",0,.0,"",.0,"8",0,"8","10","0","1","","0","","","3","","","0","","",0,"8",.0,"8",.0,"8","","8",0,"8","","",.0,"8",.0,"8",.0,"8",.0,"8",.0,"8",.0,"8",.0,"8",.0,"8",.0,"8",0,"8",0,"8",0,"8","","",0,"8",0,"8"
"352190360","P£OCK","2006","09","18","08","9","",0,"8",0,"8","","","",7,"",0,"8",0,"8",1,"",130,"",3,"",0,"",19.3,"",.0,"8","U","",15.9,"",71,"",13.9,"",1000.3,"",1013.1,"",4,.0,"",.0,"8",0,"8","02","0","1","","0","","","3","","","0","","",0,"8",.0,"8",.0,"8","","8",0,"8","","",.0,"8",.0,"8",.0,"8",.0,"8",.0,"8",.0,"8",.0,"8",.0,"8",.0,"8",0,"8",0,"8",0,"8","","",0,"8",0,"8"
"352190360","P£OCK","2006","09","18","09","9","",0,"8",0,"8","","","",7,"",0,"8",0,"8",3,"",150,"",3,"",0,"",21.5,"",.0,"8","U","",15.3,"",60,"",13.4,"",1000.2,"",1012.9,"",7,-.3,"",.0,"8",0,"8","03","0","1","","0","","","3","","","9","","",0,"8",.0,"8",.0,"8","","8",0,"8","","",.0,"8",.0,"8",.0,"8",.0,"8",.0,"8",.0,"8",.0,"8",.0,"8",.0,"8",0,"8",0,"8",0,"8","","",0,"8",0,"8"
"352190360","P£OCK","2006","09","18","10","9","",0,"8",0,"8","","","",8,"",0,"8",0,"8",3,"",150,"",3,"",0,"",22.3,"",.0,"8","U","",15.0,"",56,"",13.1,"",999.9,"",1012.6,"",8,-.4,"",.0,"8",0,"8","03","0","2","","0","","","3","","","1","","",0,"8",.0,"8",.0,"8","","8",0,"8","","",.0,"8",.0,"8",.0,"8",.0,"8",.0,"8",.0,"8",.0,"8",.0,"8",.0,"8",0,"8",0,"8",0,"8","","",0,"8",0,"8"
"352190360","P£OCK","2006","09","18","11","9","",0,"8",0,"8","","","",8,"",0,"8",0,"8",2,"",130,"",3,"",0,"",22.9,"",.0,"8","U","",15.0,"",54,"",13.1,"",999.8,"",1012.4,"",7,-.5,"",.0,"8",0,"8","01","0","2","","0","","","3","","","0","","",0,"8",.0,"8",.0,"8","","8",0,"8","","",.0,"8",.0,"8",.0,"8",.0,"8",.0,"8",.0,"8",.0,"8",.0,"8",.0,"8",0,"8",0,"8",0,"8","","",0,"8",0,"8"
"352190360","P£OCK","2006","09","18","12","9","",0,"8",0,"8","","","",8,"",0,"8",0,"8",2,"",150,"",3,"",0,"",23.7,"",.0,"8","U","",14.3,"",49,"",12.3,"",999.6,"",1012.2,"",7,-.6,"",.0,"9",0,"9","01","0","1","","0","","","3","","","1","","",0,"",.0,"8",.0,"8","","8",0,"8","","",.0,"8",.0,"8",.0,"8",.0,"8",.0,"8",.0,"8",.0,"8",.0,"8",.0,"8",0,"8",0,"8",0,"8","","",0,"8",0,"8"
"352190360","P£OCK","2006","09","18","13","9","",0,"8",0,"8","","","",8,"",0,"8",0,"8",6,"",140,"",3,"",0,"",24.7,"",.0,"8","U","",14.3,"",46,"",12.3,"",999.0,"",1011.5,"",8,-.9,"",.0,"8",0,"8","03","1","1","","0","","","3","","","6","","",0,"8",.0,"8",.0,"8","","8",0,"8","","",.0,"8",.0,"8",.0,"8",.0,"8",.0,"8",.0,"8",.0,"8",.0,"8",.0,"8",0,"8",0,"8",0,"8","","",0,"8",0,"8"
"352190360","P£OCK","2006","09","18","14","9","",0,"8",0,"8","","","",8,"",0,"8",0,"8",6,"",140,"",2,"",0,"",25.1,"",.0,"8","U","",14.0,"",44,"",12.0,"",998.9,"",1011.4,"",7,-.9,"",.0,"8",0,"8","03","2","4","","0","","","5","","","8","","",0,"8",.0,"8",.0,"8","","8",0,"8","","",.0,"8",.0,"8",.0,"8",.0,"8",.0,"8",.0,"8",.0,"8",.0,"8",.0,"8",0,"8",0,"8",0,"8","","",0,"8",0,"8"
"352190360","P£OCK","2006","09","18","15","9","",0,"8",0,"8","","","",8,"",0,"8",0,"8",5,"",150,"",2,"",0,"",24.6,"",.0,"8","U","",13.3,"",43,"",11.2,"",998.7,"",1011.2,"",6,-.9,"",.0,"8",0,"8","01","1","4","","0","","","3","","","1","","",0,"8",.0,"8",.0,"8","","8",0,"8","","",.0,"8",.0,"8",.0,"8",.0,"8",.0,"8",.0,"8",.0,"8",.0,"8",.0,"8",0,"8",0,"8",0,"8","","",0,"8",0,"8"
"352190360","P£OCK","2006","09","18","16","9","",0,"8",0,"8","","","",7,"",0,"8",0,"8",4,"",120,"",3,"",0,"",22.3,"",.0,"8","U","",15.3,"",57,"",13.4,"",998.6,"",1011.2,"",7,-.4,"",.0,"8",0,"8","01","1","3","","0","","","3","","","1","","",0,"8",.0,"8",.0,"8","","8",0,"8","","",.0,"8",.0,"8",.0,"8",.0,"8",.0,"8",.0,"8",.0,"8",.0,"8",.0,"8",0,"8",0,"8",0,"8","","",0,"8",0,"8"
"352190360","P£OCK","2006","09","18","17","9","",0,"8",0,"8","","","",7,"",0,"8",0,"8",4,"",110,"",2,"",0,"",20.0,"",.0,"8","U","",15.4,"",66,"",13.5,"",998.6,"",1011.3,"",6,-.3,"",.0,"8",0,"8","02","0","3","","0","","","3","","","9","","",0,"8",.0,"8",.0,"8","","8",0,"8","","",.0,"8",.0,"8",.0,"8",.0,"8",.0,"8",.0,"8",.0,"8",.0,"8",.0,"8",0,"8",0,"8",0,"8","","",0,"8",0,"8"
"352190360","P£OCK","2006","09","18","18","9","",0,"8",0,"8","","","",6,"",0,"8",0,"8",4,"",100,"",1,"",0,"",18.3,"",.0,"8","U","",15.5,"",74,"",13.6,"",998.8,"",1011.6,"",3,.1,"",.0,"9",0,"9","10","1","3","","0","","","3","","","1","","",0,"",.0,"8",.0,"8","","8",0,"8","","",.0,"8",.0,"8",.0,"8",.0,"8",.0,"8",.0,"8",.0,"8",.0,"8",.0,"8",0,"8",0,"8",0,"8","","",0,"8",0,"8"
"352190360","P£OCK","2006","09","18","19","9","",0,"8",0,"8","","","",6,"",0,"8",0,"8",3,"",120,"",2,"",0,"",17.2,"",.0,"8","U","",15.3,"",78,"",13.3,"",999.1,"",1012.0,"",3,.5,"",.0,"8",0,"8","10","0","1","","0","","","3","","","1","","",0,"8",.0,"8",.0,"8","","8",0,"8","","",.0,"8",.0,"8",.0,"8",.0,"8",.0,"8",.0,"8",.0,"8",.0,"8",.0,"8",0,"8",0,"8",0,"8","","",0,"8",0,"8"
"352190360","P£OCK","2006","09","18","20","9","",0,"8",0,"8","","","",6,"",0,"8",0,"8",2,"",120,"",2,"",0,"",16.8,"",.0,"8","U","",15.3,"",80,"",13.3,"",998.8,"",1011.7,"",0,.2,"",.0,"8",0,"8","10","0","0","","0","","","0","","","1","","",0,"8",.0,"8",.0,"8","","8",0,"8","","",.0,"8",.0,"8",.0,"8",.0,"8",.0,"8",.0,"8",.0,"8",.0,"8",.0,"8",0,"8",0,"8",0,"8","","",0,"8",0,"8"
"352190360","P£OCK","2006","09","18","21","9","",0,"8",0,"8","","","",6,"",0,"8",0,"8",2,"",120,"",2,"",0,"",16.6,"",.0,"8","U","",15.5,"",82,"",13.5,"",998.8,"",1011.7,"",4,.0,"",.0,"8",0,"8","10","0","0","","0","","","0","","","1","","",0,"8",.0,"8",.0,"8","","8",0,"8","","",.0,"8",.0,"8",.0,"8",.0,"8",.0,"8",.0,"8",.0,"8",.0,"8",.0,"8",0,"8",0,"8",0,"8","","",0,"8",0,"8"
"352190360","P£OCK","2006","09","18","22","9","",0,"8",0,"8","","","",6,"",0,"8",0,"8",1,"",140,"",2,"",0,"",16.3,"",.0,"8","U","",15.5,"",84,"",13.6,"",998.8,"",1011.7,"",6,-.3,"",.0,"8",0,"8","10","0","0","","0","","","0","","","1","","",0,"8",.0,"8",.0,"8","","8",0,"8","","",.0,"8",.0,"8",.0,"8",.0,"8",.0,"8",.0,"8",.0,"8",.0,"8",.0,"8",0,"8",0,"8",0,"8","","",0,"8",0,"8"
"352190360","P£OCK","2006","09","18","23","9","",0,"8",0,"8","","","",6,"",0,"8",0,"8",1,"",120,"",1,"",0,"",14.8,"",.0,"8","U","",14.8,"",88,"",12.8,"",998.8,"",1011.8,"",4,.0,"",.0,"8",0,"8","10","0","0","","0","","","0","","","1","","",0,"8",.0,"8",.0,"8","","8",0,"8","","",.0,"8",.0,"8",.0,"8",.0,"8",.0,"8",.0,"8",.0,"8",.0,"8",.0,"8",0,"8",0,"8",0,"8","","",0,"8",0,"8"
"352190360","P£OCK","2006","09","19","00","9","",0,"8",0,"8","","","",6,"",0,"8",0,"8",1,"",0,"",0,"",0,"",14.5,"",.0,"8","U","",15.0,"",91,"",13.0,"",998.7,"",1011.7,"",8,-.1,"",.0,"9",0,"9","10","0","0","","0","","","0","","","1","","",0,"",.0,"8",.0,"8","","8",0,"8","","",.0,"8",.0,"8",.0,"8",.0,"8",.0,"8",.0,"8",.0,"8",.0,"8",.0,"8",0,"8",0,"8",0,"8","","",0,"8",0,"8"
"352190360","P£OCK","2006","09","19","01","9","",0,"8",0,"8","","","",5,"",0,"8",0,"8",0,"",90,"",1,"",0,"",13.9,"",.0,"8","U","",14.6,"",92,"",12.6,"",998.6,"",1011.6,"",8,-.2,"",.0,"8",0,"8","10","0","0","","0","","","0","","","0","","",0,"8",.0,"8",.0,"8","","8",0,"8","","",.0,"8",.0,"8",.0,"8",.0,"8",.0,"8",.0,"8",.0,"8",.0,"8",.0,"8",0,"8",0,"8",0,"8","","",0,"8",0,"8"
"352190360","P£OCK","2006","09","19","02","9","",0,"8",0,"8","","","",5,"",0,"8",0,"8",0,"",110,"",1,"",0,"",13.1,"",.0,"8","U","",14.0,"",93,"",12.0,"",998.5,"",1011.5,"",7,-.3,"",.0,"8",0,"8","10","0","0","","0","","","0","","","0","","",0,"8",.0,"8",.0,"8","","8",0,"8","","",.0,"8",.0,"8",.0,"8",.0,"8",.0,"8",.0,"8",.0,"8",.0,"8",.0,"8",0,"8",0,"8",0,"8","","",0,"8",0,"8"
"352190360","P£OCK","2006","09","19","03","9","",0,"8",0,"8","","","",5,"",0,"8",0,"8",0,"",90,"",1,"",0,"",13.1,"",.0,"8","U","",14.1,"",94,"",12.2,"",998.4,"",1011.4,"",7,-.3,"",.0,"8",0,"8","10","0","0","","0","","","0","","","0","","",0,"8",.0,"8",.0,"8","","8",0,"8","","",.0,"8",.0,"8",.0,"8",.0,"8",.0,"8",.0,"8",.0,"8",.0,"8",.0,"8",0,"8",0,"8",0,"8","","",0,"8",0,"8"
"352190360","P£OCK","2006","09","19","04","9","",0,"8",0,"8","","","",4,"",0,"8",0,"8",1,"",110,"",1,"",0,"",12.2,"",.0,"8","U","",13.3,"",94,"",11.3,"",998.2,"",1011.3,"",7,-.4,"",.0,"8",0,"8","10","0","1","","0","","","3","","","0","","",0,"8",.0,"8",.0,"8","","8",0,"8","","",.0,"8",.0,"8",.0,"8",.0,"8",.0,"8",.0,"8",.0,"8",.0,"8",.0,"8",0,"8",0,"8",0,"8","","",0,"8",0,"8"
"352190360","P£OCK","2006","09","19","05","9","",0,"8",0,"8","","","",4,"",0,"8",0,"8",2,"",110,"",1,"",0,"",12.2,"",.0,"8","U","",13.3,"",94,"",11.3,"",998.3,"",1011.4,"",5,-.2,"",.0,"8",0,"8","10","0","1","","0","","","3","","","9","","",0,"8",.0,"8",.0,"8","","8",0,"8","","",.0,"8",.0,"8",.0,"8",.0,"8",.0,"8",.0,"8",.0,"8",.0,"8",.0,"8",0,"8",0,"8",0,"8","","",0,"8",0,"8"
"352190360","P£OCK","2006","09","19","06","9","",0,"8",0,"8","","","",4,"",0,"8",0,"8",3,"",140,"",2,"",0,"",14.5,"",.0,"8","U","",15.7,"",95,"",13.7,"",998.6,"",1011.6,"",3,.2,"",.0,"9",0,"9","10","0","2","","0","","","3","","","1","","",0,"",.0,"8",.0,"8","","8",0,"8","","",.0,"8",.0,"8",.0,"8",.0,"8",.0,"8",.0,"8",.0,"8",.0,"8",.0,"8",0,"8",0,"8",0,"8","","",0,"8",0,"8"
"352190360","P£OCK","2006","09","19","07","9","",0,"8",0,"8","","","",6,"",0,"8",0,"8",2,"",0,"",0,"",0,"",18.2,"",.0,"8","U","",17.7,"",85,"",15.6,"",998.5,"",1011.3,"",0,.3,"",.0,"8",0,"8","10","0","1","","0","","","3","","","1","","",0,"8",.0,"8",.0,"8","","8",0,"8","","",.0,"8",.0,"8",.0,"8",.0,"8",.0,"8",.0,"8",.0,"8",.0,"8",.0,"8",0,"8",0,"8",0,"8","","",0,"8",0,"8"
"352190360","P£OCK","2006","09","19","08","9","",0,"8",0,"8","","","",7,"",0,"8",0,"8",3,"",220,"",3,"",0,"",20.6,"",.0,"8","U","",15.7,"",65,"",13.8,"",998.7,"",1011.4,"",2,.4,"",.0,"8",0,"8","03","0","1","","0","","","3","","","1","","",0,"8",.0,"8",.0,"8","","8",0,"8","","",.0,"8",.0,"8",.0,"8",.0,"8",.0,"8",.0,"8",.0,"8",.0,"8",.0,"8",0,"8",0,"8",0,"8","","",0,"8",0,"8"
"352190360","P£OCK","2006","09","19","09","9","",0,"8",0,"8","","","",7,"",0,"8",0,"8",2,"",200,"",2,"",0,"",22.2,"",.0,"8","U","",15.8,"",59,"",13.8,"",998.6,"",1011.2,"",4,.0,"",.0,"8",0,"8","03","0","2","","0","","","3","","","0","","",0,"8",.0,"8",.0,"8","","8",0,"8","","",.0,"8",.0,"8",.0,"8",.0,"8",.0,"8",.0,"8",.0,"8",.0,"8",.0,"8",0,"8",0,"8",0,"8","","",0,"8",0,"8"
"352190360","P£OCK","2006","09","19","10","9","",0,"8",0,"8","","","",7,"",0,"8",0,"8",4,"",210,"",3,"",0,"",22.7,"",.0,"8","U","",16.2,"",59,"",14.3,"",998.5,"",1011.1,"",0,.0,"",.0,"8",0,"8","03","0","4","","0","","","5","","","0","","",0,"8",.0,"8",.0,"8","","8",0,"8","","",.0,"8",.0,"8",.0,"8",.0,"8",.0,"8",.0,"8",.0,"8",.0,"8",.0,"8",0,"8",0,"8",0,"8","","",0,"8",0,"8"
"352190360","P£OCK","2006","09","19","11","6","",0,"8",0,"8","","","",7,"",0,"8",0,"8",7,"",210,"",2,"",0,"",23.2,"",.0,"8","U","",16.2,"",57,"",14.2,"",998.5,"",1011.1,"",6,-.2,"",.0,"8",0,"8","03","1","2","","2","","","5","","","1","","",0,"8",.0,"8",.0,"8","","8",0,"8","","",.0,"8",.0,"8",.0,"8",.0,"8",.0,"8",.0,"8",.0,"8",.0,"8",.0,"8",0,"8",0,"8",0,"8","","",0,"8",0,"8"
"352190360","P£OCK","2006","09","19","12","6","",0,"8",0,"8","","","",7,"",0,"8",0,"8",8,"",210,"",3,"",0,"",23.7,"",.0,"8","U","",14.9,"",51,"",13.0,"",998.3,"",1010.9,"",7,-.3,"",.0,"9",0,"9","03","1","2","","2","","","3","","","7","","",0,"",.0,"8",.0,"8","","8",0,"8","","",.0,"8",.0,"8",.0,"8",.0,"8",.0,"8",.0,"8",.0,"8",.0,"8",.0,"8",0,"8",0,"8",0,"8","","",0,"8",0,"8"
"352190360","P£OCK","2006","09","19","13","9","",0,"8",0,"8","","","",7,"",0,"8",0,"8",8,"",220,"",3,"",0,"",22.8,"",.0,"8","U","",15.8,"",57,"",13.8,"",998.1,"",1010.7,"",8,-.4,"",.0,"8",0,"8","01","2","6","","0","","","5","","","7","","",0,"8",.0,"8",.0,"8","","8",0,"8","","",.0,"8",.0,"8",.0,"8",.0,"8",.0,"8",.0,"8",.0,"8",.0,"8",.0,"8",0,"8",0,"8",0,"8","","",0,"8",0,"8"
"352190360","P£OCK","2006","09","19","14","7","",0,"8",0,"8","","","",7,"",0,"8",0,"8",8,"",220,"",3,"",0,"",22.9,"",.0,"8","U","",15.6,"",56,"",13.7,"",997.8,"",1010.4,"",7,-.7,"",.0,"8",0,"8","03","2","3","","2","","","3","","","7","","",0,"8",.0,"8",.0,"8","","8",0,"8","","",.0,"8",.0,"8",.0,"8",.0,"8",.0,"8",.0,"8",.0,"8",.0,"8",.0,"8",0,"8",0,"8",0,"8","","",0,"8",0,"8"
"352190360","P£OCK","2006","09","19","15","9","",0,"8",0,"8","","","",7,"",0,"8",0,"8",8,"",220,"",3,"",0,"",22.1,"",.0,"8","U","",16.2,"",61,"",14.2,"",997.6,"",1010.2,"",7,-.7,"",.0,"8",0,"8","01","2","6","","0","","","3","","","7","","",0,"8",.0,"8",.0,"8","","8",0,"8","","",.0,"8",.0,"8",.0,"8",.0,"8",.0,"8",.0,"8",.0,"8",.0,"8",.0,"8",0,"8",0,"8",0,"8","","",0,"8",0,"8"
"352190360","P£OCK","2006","09","19","16","9","",0,"8",0,"8","","","",7,"",0,"8",0,"8",8,"",210,"",2,"",0,"",21.1,"",.0,"8","U","",16.5,"",66,"",14.5,"",997.4,"",1010.1,"",7,-.7,"",.0,"8",0,"8","01","2","5","","0","","","3","","","7","","",0,"8",.0,"8",.0,"8","","8",0,"8","","",.0,"8",.0,"8",.0,"8",.0,"8",.0,"8",.0,"8",.0,"8",.0,"8",.0,"8",0,"8",0,"8",0,"8","","",0,"8",0,"8"
"352190360","P£OCK","2006","09","19","17","9","",0,"8",0,"8","","","",7,"",0,"8",0,"8",8,"",0,"",0,"",0,"",18.9,"",.0,"8","U","",15.7,"",72,"",13.7,"",997.8,"",1010.6,"",5,.0,"",.0,"8",0,"8","01","2","3","","0","","","3","","","7","","",0,"8",.0,"8",.0,"8","","8",0,"8","","",.0,"8",.0,"8",.0,"8",.0,"8",.0,"8",.0,"8",.0,"8",.0,"8",.0,"8",0,"8",0,"8",0,"8","","",0,"8",0,"8"
"352190360","P£OCK","2006","09","19","18","9","",0,"8",0,"8","","","",6,"",0,"8",0,"8",7,"",250,"",1,"",0,"",18.5,"",.0,"8","U","",16.6,"",78,"",14.6,"",998.2,"",1011.0,"",3,.6,"",.0,"9",0,"9","10","2","2","","0","","","3","","","8","","",0,"",.0,"8",.0,"8","","8",0,"8","","",.0,"8",.0,"8",.0,"8",.0,"8",.0,"8",.0,"8",.0,"8",.0,"8",.0,"8",0,"8",0,"8",0,"8","","",0,"8",0,"8"
"352190360","P£OCK","2006","09","19","19","9","",0,"8",0,"8","","","",6,"",0,"8",0,"8",8,"",290,"",4,"",0,"",18.3,"",.0,"8","U","",16.8,"",80,"",14.8,"",998.7,"",1011.5,"",2,1.3,"",.0,"8",0,"8","10","2","2","","0","","","3","","","7","","",0,"8",.0,"8",.0,"8","","8",0,"8","","",.0,"8",.0,"8",.0,"8",.0,"8",.0,"8",.0,"8",.0,"8",.0,"8",.0,"8",0,"8",0,"8",0,"8","","",0,"8",0,"8"
"352190360","P£OCK","2006","09","19","20","4","",0,"8",0,"8","","","",5,"",0,"8",0,"8",8,"",280,"",4,"",0,"",17.8,"",.0,"8","U","",16.7,"",82,"",14.7,"",998.9,"",1011.7,"",2,1.1,"",.0,"8",0,"8","10","2","8","","5","","","/","","","/","","",0,"8",.0,"8",.0,"8","","8",0,"8","","",.0,"8",.0,"8",.0,"8",.0,"8",.0,"8",.0,"8",.0,"8",.0,"8",.0,"8",0,"8",0,"8",0,"8","","",0,"8",0,"8"
"352190360","P£OCK","2006","09","19","21","5","",0,"8",0,"8","","","",5,"",0,"8",0,"8",8,"",280,"",4,"",0,"",17.3,"",.0,"8","U","",16.6,"",84,"",14.6,"",998.7,"",1011.6,"",0,.5,"",.0,"8",0,"8","10","2","8","","5","","","/","","","/","","",0,"8",.0,"8",.0,"8","","8",0,"8","","",.0,"8",.0,"8",.0,"8",.0,"8",.0,"8",.0,"8",.0,"8",.0,"8",.0,"8",0,"8",0,"8",0,"8","","",0,"8",0,"8"
"352190360","P£OCK","2006","09","19","22","4","",0,"8",0,"8","","","",5,"",0,"8",0,"8",8,"",230,"",2,"",0,"",16.7,"",.0,"8","U","",16.7,"",88,"",14.7,"",998.5,"",1011.4,"",8,-.2,"",.0,"8",0,"8","10","2","8","","5","","","/","","","/","","",0,"8",.0,"8",.0,"8","","8",0,"8","","",.0,"8",.0,"8",.0,"8",.0,"8",.0,"8",.0,"8",.0,"8",.0,"8",.0,"8",0,"8",0,"8",0,"8","","",0,"8",0,"8"
"352190360","P£OCK","2006","09","19","23","4","",0,"8",0,"8","","","",5,"",0,"8",0,"8",8,"",270,"",3,"",0,"",17.5,"",.0,"8","U","",17.0,"",85,"",14.9,"",998.6,"",1011.4,"",5,-.3,"",.0,"8",0,"8","10","2","8","","5","","","/","","","/","","",0,"8",.0,"8",.0,"8","","8",0,"8","","",.0,"8",.0,"8",.0,"8",.0,"8",.0,"8",.0,"8",.0,"8",.0,"8",.0,"8",0,"8",0,"8",0,"8","","",0,"8",0,"8"
"352190360","P£OCK","2006","09","20","00","5","",0,"8",0,"8","","","",5,"",0,"8",0,"8",8,"",280,"",4,"",0,"",16.9,"",.0,"8","U","",17.1,"",89,"",15.1,"",998.6,"",1011.5,"",6,-.1,"",.2,"",6,"","25","2","8","","9","","","/","","","/","","",1,"",.0,"8",.0,"8","","8",0,"8","","",.0,"8",.0,"8",.0,"8",.0,"8",.0,"8",.0,"8",.0,"8",.0,"8",.0,"8",0,"8",0,"8",0,"8","","",0,"8",0,"8"
"352190360","P£OCK","2006","09","20","01","6","",0,"8",0,"8","","","",5,"",0,"8",0,"8",8,"",270,"",4,"",0,"",16.8,"",.0,"8","U","",17.0,"",89,"",15.0,"",998.9,"",1011.8,"",2,.4,"",.0,"8",0,"8","10","2","8","","5","","","/","","","/","","",0,"8",.0,"8",.0,"8","","8",0,"8","","",.0,"8",.0,"8",.0,"8",.0,"8",.0,"8",.0,"8",.0,"8",.0,"8",.0,"8",0,"8",0,"8",0,"8","","",0,"8",0,"8"
"352190360","P£OCK","2006","09","20","02","6","",0,"8",0,"8","","","",5,"",0,"8",0,"8",8,"",270,"",4,"",0,"",16.5,"",.0,"8","U","",16.9,"",90,"",14.9,"",999.1,"",1012.0,"",3,.5,"",.0,"8",0,"8","10","2","8","","5","","","/","","","/","","",0,"8",.0,"8",.0,"8","","8",0,"8","","",.0,"8",.0,"8",.0,"8",.0,"8",.0,"8",.0,"8",.0,"8",.0,"8",.0,"8",0,"8",0,"8",0,"8","","",0,"8",0,"8"
"352190360","P£OCK","2006","09","20","03","5","",0,"8",0,"8","","","",4,"",0,"8",0,"8",8,"",280,"",3,"",0,"",15.8,"",.0,"8","U","",16.5,"",92,"",14.5,"",999.2,"",1012.1,"",1,.6,"",.0,"8",0,"8","10","2","8","","5","","","/","","","/","","",0,"8",.0,"8",.0,"8","","8",0,"8","","",.0,"8",.0,"8",.0,"8",.0,"8",.0,"8",.0,"8",.0,"8",.0,"8",.0,"8",0,"8",0,"8",0,"8","","",0,"8",0,"8"
"352190360","P£OCK","2006","09","20","04","6","",0,"8",0,"8","","","",4,"",0,"8",0,"8",8,"",280,"",3,"",0,"",15.8,"",.0,"8","U","",16.7,"",93,"",14.7,"",999.4,"",1012.3,"",2,.5,"",.0,"8",0,"8","10","2","7","","5","","","/","","","/","","",0,"8",.0,"8",.0,"8","","8",0,"8","","",.0,"8",.0,"8",.0,"8",.0,"8",.0,"8",.0,"8",.0,"8",.0,"8",.0,"8",0,"8",0,"8",0,"8","","",0,"8",0,"8"
"352190360","P£OCK","2006","09","20","05","9","",0,"8",0,"8","","","",4,"",0,"8",0,"8",6,"",280,"",3,"",0,"",15.7,"",.0,"8","U","",16.4,"",92,"",14.4,"",999.9,"",1012.8,"",3,.8,"",.0,"8",0,"8","10","2","5","","0","","","3","","","1","","",0,"8",.0,"8",.0,"8","","8",0,"8","","",.0,"8",.0,"8",.0,"8",.0,"8",.0,"8",.0,"8",.0,"8",.0,"8",.0,"8",0,"8",0,"8",0,"8","","",0,"8",0,"8"
"352190360","P£OCK","2006","09","20","06","9","",0,"8",0,"8","","","",5,"",0,"8",0,"8",3,"",280,"",3,"",0,"",16.1,"",.0,"8","U","",16.1,"",88,"",14.1,"",1000.5,"",1013.4,"",3,1.3,"",.0,"9",0,"9","10","1","2","","0","","","3","","","1","","",1,"",.0,"8",.0,"8","","8",0,"8","","",.0,"8",.0,"8",.0,"8",.0,"8",.0,"8",.0,"8",.0,"8",.0,"8",.0,"8",0,"8",0,"8",0,"8","","",0,"8",0,"8"
"352190360","P£OCK","2006","09","20","07","4","",0,"8",0,"8","","","",5,"",0,"8",0,"8",4,"",290,"",4,"",0,"",16.9,"",.0,"8","U","",15.9,"",83,"",14.0,"",1001.3,"",1014.2,"",3,1.9,"",.0,"8",0,"8","10","0","1","","5","","","3","","","1","","",0,"8",.0,"8",.0,"8","","8",0,"8","","",.0,"8",.0,"8",.0,"8",.0,"8",.0,"8",.0,"8",.0,"8",.0,"8",.0,"8",0,"8",0,"8",0,"8","","",0,"8",0,"8"
"352190360","P£OCK","2006","09","20","08","4","",0,"8",0,"8","","","",6,"",0,"8",0,"8",7,"",300,"",5,"",0,"",17.2,"",.0,"8","U","",15.1,"",77,"",13.1,"",1002.2,"",1015.1,"",3,2.3,"",.0,"8",0,"8","10","1","5","","5","","","3","","","/","","",0,"8",.0,"8",.0,"8","","8",0,"8","","",.0,"8",.0,"8",.0,"8",.0,"8",.0,"8",.0,"8",.0,"8",.0,"8",.0,"8",0,"8",0,"8",0,"8","","",0,"8",0,"8"
"352190360","P£OCK","2006","09","20","09","6","",0,"8",0,"8","","","",6,"",0,"8",0,"8",7,"",300,"",3,"",0,"",17.6,"",.0,"8","U","",15.1,"",75,"",13.1,"",1002.1,"",1015.0,"",0,1.6,"",.0,"8",0,"8","10","1","5","","5","","","3","","","/","","",0,"8",.0,"8",.0,"8","","8",0,"8","","",.0,"8",.0,"8",.0,"8",.0,"8",.0,"8",.0,"8",.0,"8",.0,"8",.0,"8",0,"8",0,"8",0,"8","","",0,"8",0,"8"
"352190360","P£OCK","2006","09","20","10","5","",0,"8",0,"8","","","",7,"",0,"8",0,"8",7,"",300,"",5,"",0,"",17.2,"",.0,"8","U","",14.1,"",72,"",12.1,"",1002.8,"",1015.7,"",2,1.5,"",.0,"8",0,"8","03","2","7","","3","","","/","","","/","","",0,"8",.0,"8",.0,"8","","8",0,"8","","",.0,"8",.0,"8",.0,"8",.0,"8",.0,"8",.0,"8",.0,"8",.0,"8",.0,"8",0,"8",0,"8",0,"8","","",0,"8",0,"8"
"352190360","P£OCK","2006","09","20","11","5","",0,"8",0,"8","","","",7,"",0,"8",0,"8",7,"",310,"",4,"",0,"",17.9,"",.0,"8","U","",14.1,"",69,"",12.1,"",1003.4,"",1016.3,"",3,1.2,"",.0,"8",0,"8","01","2","5","","2","","","3","","","/","","",0,"8",.0,"8",.0,"8","","8",0,"8","","",.0,"8",.0,"8",.0,"8",.0,"8",.0,"8",.0,"8",.0,"8",.0,"8",.0,"8",0,"8",0,"8",0,"8","","",0,"8",0,"8"
"352190360","P£OCK","2006","09","20","12","6","",0,"8",0,"8","","","",8,"",0,"8",0,"8",4,"",320,"",4,"",0,"",18.3,"",.0,"8","U","",11.8,"",56,"",9.4,"",1003.7,"",1016.6,"",1,1.6,"",.0,"9",0,"9","01","1","3","","2","","","3","","","1","","",0,"",.0,"8",.0,"8","","8",0,"8","","",.0,"8",.0,"8",.0,"8",.0,"8",.0,"8",.0,"8",.0,"8",.0,"8",.0,"8",0,"8",0,"8",0,"8","","",0,"8",0,"8"
"352190360","P£OCK","2006","09","20","13","6","",0,"8",0,"8","","","",8,"",0,"8",0,"8",4,"",310,"",4,"",0,"",18.8,"",.0,"8","U","",11.5,"",53,"",9.0,"",1003.9,"",1016.8,"",1,1.1,"",.0,"8",0,"8","02","0","3","","2","","","3","","","1","","",0,"8",.0,"8",.0,"8","","8",0,"8","","",.0,"8",.0,"8",.0,"8",.0,"8",.0,"8",.0,"8",.0,"8",.0,"8",.0,"8",0,"8",0,"8",0,"8","","",0,"8",0,"8"
"352190360","P£OCK","2006","09","20","14","6","",0,"8",0,"8","","","",8,"",0,"8",0,"8",4,"",280,"",4,"",0,"",19.9,"",.0,"8","U","",11.4,"",49,"",8.9,"",1003.8,"",1016.6,"",0,.4,"",.0,"8",0,"8","01","0","2","","2","","","3","","","1","","",0,"8",.0,"8",.0,"8","","8",0,"8","","",.0,"8",.0,"8",.0,"8",.0,"8",.0,"8",.0,"8",.0,"8",.0,"8",.0,"8",0,"8",0,"8",0,"8","","",0,"8",0,"8"
"352190360","P£OCK","2006","09","20","15","6","",0,"8",0,"8","","","",8,"",0,"8",0,"8",2,"",310,"",4,"",0,"",18.4,"",.0,"8","U","",11.2,"",53,"",8.6,"",1004.1,"",1017.0,"",2,.4,"",.0,"8",0,"8","01","0","1","","2","","","0","","","1","","",0,"8",.0,"8",.0,"8","","8",0,"8","","",.0,"8",.0,"8",.0,"8",.0,"8",.0,"8",.0,"8",.0,"8",.0,"8",.0,"8",0,"8",0,"8",0,"8","","",0,"8",0,"8"
"352190360","P£OCK","2006","09","20","16","9","",0,"8",0,"8","","","",8,"",0,"8",0,"8",2,"",290,"",3,"",0,"",18.1,"",.0,"8","U","",11.4,"",55,"",8.9,"",1004.3,"",1017.2,"",3,.4,"",.0,"8",0,"8","01","0","0","","0","","","0","","","1","","",0,"8",.0,"8",.0,"8","","8",0,"8","","",.0,"8",.0,"8",.0,"8",.0,"8",.0,"8",.0,"8",.0,"8",.0,"8",.0,"8",0,"8",0,"8",0,"8","","",0,"8",0,"8"
"352190360","P£OCK","2006","09","20","17","9","",0,"8",0,"8","","","",8,"",0,"8",0,"8",2,"",290,"",2,"",0,"",16.1,"",.0,"8","U","",10.4,"",57,"",7.6,"",1004.6,"",1017.6,"",2,.8,"",.0,"8",0,"8","02","0","0","","0","","","0","","","1","","",0,"8",.0,"8",.0,"8","","8",0,"8","","",.0,"8",.0,"8",.0,"8",.0,"8",.0,"8",.0,"8",.0,"8",.0,"8",.0,"8",0,"8",0,"8",0,"8","","",0,"8",0,"8"
"352190360","P£OCK","2006","09","20","18","9","",0,"8",0,"8","","","",8,"",0,"8",0,"8",2,"",290,"",2,"",0,"",14.6,"",.0,"8","U","",10.4,"",63,"",7.6,"",1005.5,"",1018.6,"",3,1.4,"",.0,"9",0,"9","02","0","0","","0","","","0","","","1","","",0,"",.0,"8",.0,"8","","8",0,"8","","",.0,"8",.0,"8",.0,"8",.0,"8",.0,"8",.0,"8",.0,"8",.0,"8",.0,"8",0,"8",0,"8",0,"8","","",0,"8",0,"8"
"352190360","P£OCK","2006","09","20","19","9","",0,"8",0,"8","","","",8,"",0,"8",0,"8",1,"",320,"",2,"",0,"",13.1,"",.0,"8","U","",9.9,"",66,"",6.9,"",1006.0,"",1019.1,"",2,1.7,"",.0,"8",0,"8","01","0","0","","0","","","0","","","1","","",0,"8",.0,"8",.0,"8","","8",0,"8","","",.0,"8",.0,"8",.0,"8",.0,"8",.0,"8",.0,"8",.0,"8",.0,"8",.0,"8",0,"8",0,"8",0,"8","","",0,"8",0,"8"
"352190360","P£OCK","2006","09","20","20","9","",0,"8",0,"8","","","",8,"",0,"8",0,"8",1,"",290,"",2,"",0,"",13.0,"",.0,"8","U","",10.3,"",69,"",7.4,"",1006.5,"",1019.7,"",1,1.9,"",.0,"8",0,"8","02","0","0","","0","","","0","","","1","","",0,"8",.0,"8",.0,"8","","8",0,"8","","",.0,"8",.0,"8",.0,"8",.0,"8",.0,"8",.0,"8",.0,"8",.0,"8",.0,"8",0,"8",0,"8",0,"8","","",0,"8",0,"8"
"352190360","P£OCK","2006","09","20","21","9","",0,"8",0,"8","","","",8,"",0,"8",0,"8",1,"",300,"",2,"",0,"",12.4,"",.0,"8","U","",10.3,"",72,"",7.5,"",1007.0,"",1020.2,"",2,1.5,"",.0,"8",0,"8","02","0","0","","0","","","0","","","1","","",0,"8",.0,"8",.0,"8","","8",0,"8","","",.0,"8",.0,"8",.0,"8",.0,"8",.0,"8",.0,"8",.0,"8",.0,"8",.0,"8",0,"8",0,"8",0,"8","","",0,"8",0,"8"
"352190360","P£OCK","2006","09","20","22","9","",0,"8",0,"8","","","",8,"",0,"8",0,"8",0,"",320,"",1,"",0,"",11.0,"",.0,"8","U","",10.2,"",78,"",7.3,"",1007.1,"",1020.4,"",1,1.1,"",.0,"8",0,"8","01","0","0","","0","","","0","","","0","","",0,"8",.0,"8",.0,"8","","8",0,"8","","",.0,"8",.0,"8",.0,"8",.0,"8",.0,"8",.0,"8",.0,"8",.0,"8",.0,"8",0,"8",0,"8",0,"8","","",0,"8",0,"8"
"352190360","P£OCK","2006","09","20","23","9","",0,"8",0,"8","","","",7,"",0,"8",0,"8",0,"",0,"",0,"",0,"",8.8,"",.0,"8","U","",9.6,"",85,"",6.4,"",1007.6,"",1021.0,"",2,1.1,"",.0,"8",0,"8","02","0","0","","0","","","0","","","0","","",0,"8",.0,"8",.0,"8","","8",0,"8","","",.0,"8",.0,"8",.0,"8",.0,"8",.0,"8",.0,"8",.0,"8",.0,"8",.0,"8",0,"8",0,"8",0,"8","","",0,"8",0,"8"
"352190360","P£OCK","2006","09","21","00","9","",0,"8",0,"8","","","",7,"",0,"8",0,"8",0,"",0,"",0,"",0,"",8.1,"",.0,"8","U","",9.4,"",87,"",6.1,"",1007.9,"",1021.3,"",2,.9,"",.0,"9",0,"9","02","0","0","","0","","","0","","","0","","",0,"",.0,"8",.0,"8","","8",0,"8","","",.0,"8",.0,"8",.0,"8",.0,"8",.0,"8",.0,"8",.0,"8",.0,"8",.0,"8",0,"8",0,"8",0,"8","","",0,"8",0,"8"
"352190360","P£OCK","2006","09","21","01","9","",0,"8",0,"8","","","",7,"",0,"8",0,"8",0,"",0,"",0,"",0,"",8.3,"",.0,"8","U","",10.1,"",92,"",7.1,"",1008.2,"",1021.6,"",1,1.1,"",.0,"8",0,"8","02","0","0","","0","","","0","","","0","","",0,"8",.0,"8",.0,"8","","8",0,"8","","",.0,"8",.0,"8",.0,"8",.0,"8",.0,"8",.0,"8",.0,"8",.0,"8",.0,"8",0,"8",0,"8",0,"8","","",0,"8",0,"8"
"352190360","P£OCK","2006","09","21","02","9","",0,"8",0,"8","","","",6,"",0,"8",0,"8",0,"",0,"",0,"",0,"",7.8,"",.0,"8","U","",9.8,"",93,"",6.7,"",1008.5,"",1021.9,"",2,.9,"",.0,"8",0,"8","10","0","0","","0","","","0","","","0","","",0,"8",.0,"8",.0,"8","","8",0,"8","","",.0,"8",.0,"8",.0,"8",.0,"8",.0,"8",.0,"8",.0,"8",.0,"8",.0,"8",0,"8",0,"8",0,"8","","",0,"8",0,"8"
"352190360","P£OCK","2006","09","21","03","9","",0,"8",0,"8","","","",6,"",0,"8",0,"8",0,"",0,"",0,"",0,"",7.6,"",.0,"8","U","",9.8,"",94,"",6.7,"",1008.8,"",1022.2,"",2,.9,"",.0,"8",0,"8","10","0","0","","0","","","0","","","0","","",0,"8",.0,"8",.0,"8","","8",0,"8","","",.0,"8",.0,"8",.0,"8",.0,"8",.0,"8",.0,"8",.0,"8",.0,"8",.0,"8",0,"8",0,"8",0,"8","","",0,"8",0,"8"
"352190360","P£OCK","2006","09","21","04","9","",0,"8",0,"8","","","",6,"",0,"8",0,"8",2,"",0,"",0,"",0,"",7.1,"",.0,"8","U","",9.4,"",93,"",6.0,"",1008.8,"",1022.3,"",1,.6,"",.0,"8",0,"8","10","0","1","","0","","","3","","","1","","",0,"8",.0,"8",.0,"8","","8",0,"8","","",.0,"8",.0,"8",.0,"8",.0,"8",.0,"8",.0,"8",.0,"8",.0,"8",.0,"8",0,"8",0,"8",0,"8","","",0,"8",0,"8"
"352190360","P£OCK","2006","09","21","05","9","",0,"8",0,"8","","","",6,"",0,"8",0,"8",5,"",0,"",0,"",0,"",7.1,"",.0,"8","U","",9.4,"",93,"",6.0,"",1009.2,"",1022.7,"",2,.7,"",.0,"8",0,"8","10","1","0","","0","","","0","","","6","","",0,"8",.0,"8",.0,"8","","8",0,"8","","",.0,"8",.0,"8",.0,"8",.0,"8",.0,"8",.0,"8",.0,"8",.0,"8",.0,"8",0,"8",0,"8",0,"8","","",0,"8",0,"8"
"352190360","P£OCK","2006","09","21","06","9","",0,"8",0,"8","","","",6,"",0,"8",0,"8",5,"",0,"",0,"",0,"",11.2,"",.0,"8","U","",12.6,"",95,"",10.4,"",1009.7,"",1023.0,"",3,.9,"",.0,"9",0,"9","10","1","0","","0","","","0","","","8","","",0,"",.0,"8",.0,"8","","8",0,"8","","",.0,"8",.0,"8",.0,"8",.0,"8",.0,"8",.0,"8",.0,"8",.0,"8",.0,"8",0,"8",0,"8",0,"8","","",0,"8",0,"8"
"352190360","P£OCK","2006","09","21","07","9","",0,"8",0,"8","","","",7,"",0,"8",0,"8",3,"",0,"",0,"",0,"",14.1,"",.0,"8","U","",12.7,"",79,"",10.5,"",1010.2,"",1023.4,"",2,1.4,"",.0,"8",0,"8","01","1","0","","0","","","0","","","8","","",0,"8",.0,"8",.0,"8","","8",0,"8","","",.0,"8",.0,"8",.0,"8",.0,"8",.0,"8",.0,"8",.0,"8",.0,"8",.0,"8",0,"8",0,"8",0,"8","","",0,"8",0,"8"
"352190360","P£OCK","2006","09","21","08","9","",0,"8",0,"8","","","",8,"",0,"8",0,"8",2,"",220,"",2,"",0,"",16.8,"",.0,"8","U","",11.8,"",62,"",9.5,"",1010.5,"",1023.5,"",1,1.3,"",.0,"8",0,"8","01","0","0","","0","","","0","","","1","","",0,"8",.0,"8",.0,"8","","8",0,"8","","",.0,"8",.0,"8",.0,"8",.0,"8",.0,"8",.0,"8",.0,"8",.0,"8",.0,"8",0,"8",0,"8",0,"8","","",0,"8",0,"8"
"352190360","P£OCK","2006","09","21","09","9","",0,"8",0,"8","","","",8,"",0,"8",0,"8",2,"",240,"",2,"",0,"",18.3,"",.0,"8","U","",11.5,"",55,"",9.1,"",1010.6,"",1023.6,"",1,.9,"",.0,"8",0,"8","02","1","0","","0","","","0","","","2","","",0,"8",.0,"8",.0,"8","","8",0,"8","","",.0,"8",.0,"8",.0,"8",.0,"8",.0,"8",.0,"8",.0,"8",.0,"8",.0,"8",0,"8",0,"8",0,"8","","",0,"8",0,"8"
"352190360","P£OCK","2006","09","21","10","6","",0,"8",0,"8","","","",8,"",0,"8",0,"8",2,"",350,"",2,"",0,"",18.4,"",.0,"8","U","",10.3,"",49,"",7.5,"",1010.4,"",1023.4,"",0,.2,"",.0,"8",0,"8","03","0","1","","1","","","0","","","2","","",0,"8",.0,"8",.0,"8","","8",0,"8","","",.0,"8",.0,"8",.0,"8",.0,"8",.0,"8",.0,"8",.0,"8",.0,"8",.0,"8",0,"8",0,"8",0,"8","","",0,"8",0,"8"
"352190360","P£OCK","2006","09","21","11","7","",0,"8",0,"8","","","",8,"",0,"8",0,"8",2,"",290,"",1,"",0,"",19.4,"",.0,"8","U","",10.1,"",45,"",7.2,"",1010.3,"",1023.2,"",8,-.2,"",.0,"8",0,"8","02","0","1","","1","","","0","","","1","","",0,"8",.0,"8",.0,"8","","8",0,"8","","",.0,"8",.0,"8",.0,"8",.0,"8",.0,"8",.0,"8",.0,"8",.0,"8",.0,"8",0,"8",0,"8",0,"8","","",0,"8",0,"8"
"352190360","P£OCK","2006","09","21","12","7","",0,"8",0,"8","","","",8,"",0,"8",0,"8",2,"",130,"",1,"",0,"",20.5,"",.0,"8","U","",10.6,"",44,"",7.8,"",1009.9,"",1022.8,"",7,-.7,"",.0,"9",0,"9","03","1","1","","1","","","0","","","1","","",0,"",.0,"8",.0,"8","","8",0,"8","","",.0,"8",.0,"8",.0,"8",.0,"8",.0,"8",.0,"8",.0,"8",.0,"8",.0,"8",0,"8",0,"8",0,"8","","",0,"8",0,"8"
"352190360","P£OCK","2006","09","21","13","7","",0,"8",0,"8","","","",8,"",0,"8",0,"8",2,"",340,"",1,"",0,"",20.4,"",.0,"8","U","",10.3,"",43,"",7.4,"",1009.7,"",1022.6,"",7,-.7,"",.0,"8",0,"8","02","0","1","","1","","","0","","","1","","",0,"8",.0,"8",.0,"8","","8",0,"8","","",.0,"8",.0,"8",.0,"8",.0,"8",.0,"8",.0,"8",.0,"8",.0,"8",.0,"8",0,"8",0,"8",0,"8","","",0,"8",0,"8"
"352190360","P£OCK","2006","09","21","14","9","",0,"8",0,"8","","","",8,"",0,"8",0,"8",2,"",30,"",2,"",0,"",20.4,"",.0,"8","U","",10.5,"",44,"",7.7,"",1009.4,"",1022.3,"",7,-.9,"",.0,"8",0,"8","01","0","0","","0","","","0","","","1","","",0,"8",.0,"8",.0,"8","","8",0,"8","","",.0,"8",.0,"8",.0,"8",.0,"8",.0,"8",.0,"8",.0,"8",.0,"8",.0,"8",0,"8",0,"8",0,"8","","",0,"8",0,"8"
"352190360","P£OCK","2006","09","21","15","9","",0,"8",0,"8","","","",8,"",0,"8",0,"8",1,"",360,"",2,"",0,"",20.2,"",.0,"8","U","",10.2,"",43,"",7.2,"",1009.3,"",1022.2,"",7,-.6,"",.0,"8",0,"8","01","0","0","","0","","","0","","","1","","",0,"8",.0,"8",.0,"8","","8",0,"8","","",.0,"8",.0,"8",.0,"8",.0,"8",.0,"8",.0,"8",.0,"8",.0,"8",.0,"8",0,"8",0,"8",0,"8","","",0,"8",0,"8"
"352190360","P£OCK","2006","09","21","16","9","",0,"8",0,"8","","","",8,"",0,"8",0,"8",1,"",0,"",0,"",0,"",18.8,"",.0,"8","U","",11.5,"",53,"",9.0,"",1009.1,"",1022.0,"",7,-.6,"",.0,"8",0,"8","02","0","0","","0","","","0","","","1","","",0,"8",.0,"8",.0,"8","","8",0,"8","","",.0,"8",.0,"8",.0,"8",.0,"8",.0,"8",.0,"8",.0,"8",.0,"8",.0,"8",0,"8",0,"8",0,"8","","",0,"8",0,"8"
"352190360","P£OCK","2006","09","21","17","9","",0,"8",0,"8","","","",7,"",0,"8",0,"8",2,"",0,"",0,"",0,"",15.2,"",.0,"8","U","",12.1,"",70,"",9.8,"",1009.0,"",1022.1,"",7,-.4,"",.0,"8",0,"8","03","0","1","","0","","","3","","","1","","",0,"8",.0,"8",.0,"8","","8",0,"8","","",.0,"8",.0,"8",.0,"8",.0,"8",.0,"8",.0,"8",.0,"8",.0,"8",.0,"8",0,"8",0,"8",0,"8","","",0,"8",0,"8"
"352190360","P£OCK","2006","09","21","18","9","",0,"8",0,"8","","","",7,"",0,"8",0,"8",2,"",70,"",1,"",0,"",13.3,"",.0,"8","U","",11.4,"",75,"",9.0,"",1009.2,"",1022.4,"",5,-.1,"",.0,"9",0,"9","02","0","1","","0","","","3","","","1","","",0,"",.0,"8",.0,"8","","8",0,"8","","",.0,"8",.0,"8",.0,"8",.0,"8",.0,"8",.0,"8",.0,"8",.0,"8",.0,"8",0,"8",0,"8",0,"8","","",0,"8",0,"8"
"352190360","P£OCK","2006","09","21","19","9","",0,"8",0,"8","","","",7,"",0,"8",0,"8",0,"",0,"",0,"",0,"",12.2,"",.0,"8","U","",11.1,"",78,"",8.5,"",1009.4,"",1022.6,"",3,.3,"",.0,"8",0,"8","01","0","0","","0","","","0","","","0","","",0,"8",.0,"8",.0,"8","","8",0,"8","","",.0,"8",.0,"8",.0,"8",.0,"8",.0,"8",.0,"8",.0,"8",.0,"8",.0,"8",0,"8",0,"8",0,"8","","",0,"8",0,"8"
"352190360","P£OCK","2006","09","21","20","9","",0,"8",0,"8","","","",6,"",0,"8",0,"8",0,"",0,"",0,"",0,"",11.8,"",.0,"8","U","",10.8,"",78,"",8.1,"",1009.5,"",1022.7,"",2,.5,"",.0,"8",0,"8","10","0","0","","0","","","0","","","0","","",0,"8",.0,"8",.0,"8","","8",0,"8","","",.0,"8",.0,"8",.0,"8",.0,"8",.0,"8",.0,"8",.0,"8",.0,"8",.0,"8",0,"8",0,"8",0,"8","","",0,"8",0,"8"
"352190360","P£OCK","2006","09","21","21","9","",0,"8",0,"8","","","",6,"",0,"8",0,"8",0,"",60,"",1,"",0,"",10.3,"",.0,"8","U","",10.5,"",84,"",7.7,"",1009.5,"",1022.8,"",1,.3,"",.0,"8",0,"8","10","0","0","","0","","","0","","","0","","",0,"8",.0,"8",.0,"8","","8",0,"8","","",.0,"8",.0,"8",.0,"8",.0,"8",.0,"8",.0,"8",.0,"8",.0,"8",.0,"8",0,"8",0,"8",0,"8","","",0,"8",0,"8"
"352190360","P£OCK","2006","09","21","22","9","",0,"8",0,"8","","","",6,"",0,"8",0,"8",0,"",0,"",0,"",0,"",10.1,"",.0,"8","U","",10.5,"",85,"",7.7,"",1009.7,"",1023.0,"",2,.3,"",.0,"8",0,"8","10","0","0","","0","","","0","","","0","","",0,"8",.0,"8",.0,"8","","8",0,"8","","",.0,"8",.0,"8",.0,"8",.0,"8",.0,"8",.0,"8",.0,"8",.0,"8",.0,"8",0,"8",0,"8",0,"8","","",0,"8",0,"8"
"352190360","P£OCK","2006","09","21","23","9","",0,"8",0,"8","","","",6,"",0,"8",0,"8",0,"",0,"",0,"",0,"",9.4,"",.0,"8","U","",10.0,"",85,"",7.0,"",1009.9,"",1023.3,"",3,.4,"",.0,"8",0,"8","10","0","0","","0","","","0","","","0","","",0,"8",.0,"8",.0,"8","","8",0,"8","","",.0,"8",.0,"8",.0,"8",.0,"8",.0,"8",.0,"8",.0,"8",.0,"8",.0,"8",0,"8",0,"8",0,"8","","",0,"8",0,"8"
"352190360","P£OCK","2006","09","22","00","9","",0,"8",0,"8","","","",7,"",0,"8",0,"8",0,"",100,"",1,"",0,"",9.6,"",.0,"8","U","",10.3,"",86,"",7.4,"",1009.9,"",1023.3,"",1,.4,"",.0,"9",0,"9","02","0","0","","0","","","0","","","0","","",0,"",.0,"8",.0,"8","","8",0,"8","","",.0,"8",.0,"8",.0,"8",.0,"8",.0,"8",.0,"8",.0,"8",.0,"8",.0,"8",0,"8",0,"8",0,"8","","",0,"8",0,"8"
"352190360","P£OCK","2006","09","22","01","9","",0,"8",0,"8","","","",7,"",0,"8",0,"8",0,"",0,"",0,"",0,"",9.3,"",.0,"8","U","",9.9,"",85,"",6.9,"",1010.0,"",1023.4,"",2,.3,"",.0,"8",0,"8","02","0","0","","0","","","0","","","0","","",0,"8",.0,"8",.0,"8","","8",0,"8","","",.0,"8",.0,"8",.0,"8",.0,"8",.0,"8",.0,"8",.0,"8",.0,"8",.0,"8",0,"8",0,"8",0,"8","","",0,"8",0,"8"
"352190360","P£OCK","2006","09","22","02","9","",0,"8",0,"8","","","",7,"",0,"8",0,"8",0,"",0,"",0,"",0,"",8.9,"",.0,"8","U","",10.0,"",88,"",7.0,"",1009.8,"",1023.2,"",8,-.1,"",.0,"8",0,"8","02","0","0","","0","","","0","","","0","","",0,"8",.0,"8",.0,"8","","8",0,"8","","",.0,"8",.0,"8",.0,"8",.0,"8",.0,"8",.0,"8",.0,"8",.0,"8",.0,"8",0,"8",0,"8",0,"8","","",0,"8",0,"8"
"352190360","P£OCK","2006","09","22","03","9","",0,"8",0,"8","","","",6,"",0,"8",0,"8",0,"",90,"",1,"",0,"",8.4,"",.0,"8","U","",9.8,"",89,"",6.7,"",1009.8,"",1023.2,"",6,-.1,"",.0,"8",0,"8","10","0","0","","0","","","0","","","0","","",0,"8",.0,"8",.0,"8","","8",0,"8","","",.0,"8",.0,"8",.0,"8",.0,"8",.0,"8",.0,"8",.0,"8",.0,"8",.0,"8",0,"8",0,"8",0,"8","","",0,"8",0,"8"
"352190360","P£OCK","2006","09","22","04","9","",0,"8",0,"8","","","",6,"",0,"8",0,"8",0,"",0,"",0,"",0,"",8.4,"",.0,"8","U","",9.8,"",89,"",6.7,"",1009.9,"",1023.3,"",5,-.1,"",.0,"8",0,"8","10","0","0","","0","","","0","","","0","","",0,"8",.0,"8",.0,"8","","8",0,"8","","",.0,"8",.0,"8",.0,"8",.0,"8",.0,"8",.0,"8",.0,"8",.0,"8",.0,"8",0,"8",0,"8",0,"8","","",0,"8",0,"8"
"352190360","P£OCK","2006","09","22","05","9","",0,"8",0,"8","","","",6,"",0,"8",0,"8",0,"",90,"",1,"",0,"",8.3,"",.0,"8","U","",9.8,"",90,"",6.8,"",1009.9,"",1023.3,"",1,.1,"",.0,"8",0,"8","10","0","0","","0","","","0","","","0","","",0,"8",.0,"8",.0,"8","","8",0,"8","","",.0,"8",.0,"8",.0,"8",.0,"8",.0,"8",.0,"8",.0,"8",.0,"8",.0,"8",0,"8",0,"8",0,"8","","",0,"8",0,"8"
"352190360","P£OCK","2006","09","22","06","9","",0,"8",0,"8","","","",7,"",0,"8",0,"8",0,"",110,"",1,"",0,"",12.5,"",.0,"8","U","",12.3,"",85,"",10.0,"",1010.2,"",1023.4,"",2,.4,"",.0,"9",0,"9","02","0","0","","0","","","0","","","0","","",0,"",.0,"8",.0,"8","","8",0,"8","","",.0,"8",.0,"8",.0,"8",.0,"8",.0,"8",.0,"8",.0,"8",.0,"8",.0,"8",0,"8",0,"8",0,"8","","",0,"8",0,"8"
"352190360","P£OCK","2006","09","22","07","9","",0,"8",0,"8","","","",8,"",0,"8",0,"8",0,"",130,"",2,"",0,"",15.2,"",.0,"8","U","",12.4,"",72,"",10.2,"",1010.4,"",1023.5,"",3,.5,"",.0,"8",0,"8","02","0","0","","0","","","0","","","0","","",0,"8",.0,"8",.0,"8","","8",0,"8","","",.0,"8",.0,"8",.0,"8",.0,"8",.0,"8",.0,"8",.0,"8",.0,"8",.0,"8",0,"8",0,"8",0,"8","","",0,"8",0,"8"
"352190360","P£OCK","2006","09","22","08","9","",0,"8",0,"8","","","",8,"",0,"8",0,"8",0,"",130,"",3,"",0,"",17.4,"",.0,"8","U","",12.1,"",61,"",9.8,"",1010.9,"",1023.9,"",2,1.0,"",.0,"8",0,"8","02","0","0","","0","","","0","","","0","","",0,"8",.0,"8",.0,"8","","8",0,"8","","",.0,"8",.0,"8",.0,"8",.0,"8",.0,"8",.0,"8",.0,"8",.0,"8",.0,"8",0,"8",0,"8",0,"8","","",0,"8",0,"8"
"352190360","P£OCK","2006","09","22","09","9","",0,"8",0,"8","","","",8,"",0,"8",0,"8",0,"",130,"",3,"",0,"",18.9,"",.0,"8","U","",11.8,"",54,"",9.4,"",1011.2,"",1024.1,"",2,1.0,"",.0,"8",0,"8","02","0","0","","0","","","0","","","0","","",0,"8",.0,"8",.0,"8","","8",0,"8","","",.0,"8",.0,"8",.0,"8",.0,"8",.0,"8",.0,"8",.0,"8",.0,"8",.0,"8",0,"8",0,"8",0,"8","","",0,"8",0,"8"
"352190360","P£OCK","2006","09","22","10","6","",0,"8",0,"8","","","",8,"",0,"8",0,"8",1,"",120,"",3,"",0,"",19.8,"",.0,"8","U","",12.0,"",52,"",9.7,"",1011.0,"",1023.9,"",0,.6,"",.0,"8",0,"8","03","0","1","","1","","","0","","","0","","",0,"8",.0,"8",.0,"8","","8",0,"8","","",.0,"8",.0,"8",.0,"8",.0,"8",.0,"8",.0,"8",.0,"8",.0,"8",.0,"8",0,"8",0,"8",0,"8","","",0,"8",0,"8"
"352190360","P£OCK","2006","09","22","11","6","",0,"8",0,"8","","","",8,"",0,"8",0,"8",1,"",110,"",3,"",0,"",20.6,"",.0,"8","U","",11.1,"",46,"",8.6,"",1010.8,"",1023.7,"",8,-.1,"",.0,"8",0,"8","03","0","1","","1","","","0","","","0","","",0,"8",.0,"8",.0,"8","","8",0,"8","","",.0,"8",.0,"8",.0,"8",.0,"8",.0,"8",.0,"8",.0,"8",.0,"8",.0,"8",0,"8",0,"8",0,"8","","",0,"8",0,"8"
"352190360","P£OCK","2006","09","22","12","6","",0,"8",0,"8","","","",8,"",0,"8",0,"8",1,"",100,"",3,"",0,"",20.9,"",.0,"8","U","",10.8,"",44,"",8.2,"",1010.6,"",1023.4,"",7,-.6,"",.0,"9",0,"9","02","0","1","","1","","","0","","","0","","",0,"",.0,"8",.0,"8","","8",0,"8","","",.0,"8",.0,"8",.0,"8",.0,"8",.0,"8",.0,"8",.0,"8",.0,"8",.0,"8",0,"8",0,"8",0,"8","","",0,"8",0,"8"
"352190360","P£OCK","2006","09","22","13","6","",0,"8",0,"8","","","",8,"",0,"8",0,"8",1,"",120,"",4,"",0,"",21.0,"",.0,"8","U","",11.2,"",45,"",8.6,"",1010.2,"",1023.0,"",8,-.8,"",.0,"8",0,"8","02","0","1","","1","","","0","","","0","","",0,"8",.0,"8",.0,"8","","8",0,"8","","",.0,"8",.0,"8",.0,"8",.0,"8",.0,"8",.0,"8",.0,"8",.0,"8",.0,"8",0,"8",0,"8",0,"8","","",0,"8",0,"8"
"352190360","P£OCK","2006","09","22","14","6","",0,"8",0,"8","","","",8,"",0,"8",0,"8",1,"",90,"",4,"",0,"",20.7,"",.0,"8","U","",11.2,"",46,"",8.7,"",1009.9,"",1022.7,"",7,-.9,"",.0,"8",0,"8","02","0","1","","1","","","0","","","0","","",0,"8",.0,"8",.0,"8","","8",0,"8","","",.0,"8",.0,"8",.0,"8",.0,"8",.0,"8",.0,"8",.0,"8",.0,"8",.0,"8",0,"8",0,"8",0,"8","","",0,"8",0,"8"
"352190360","P£OCK","2006","09","22","15","9","",0,"8",0,"8","","","",8,"",0,"8",0,"8",0,"",110,"",4,"",0,"",20.3,"",.0,"8","U","",11.4,"",48,"",8.9,"",1009.6,"",1022.5,"",7,-1.0,"",.0,"8",0,"8","01","0","0","","0","","","0","","","0","","",0,"8",.0,"8",.0,"8","","8",0,"8","","",.0,"8",.0,"8",.0,"8",.0,"8",.0,"8",.0,"8",.0,"8",.0,"8",.0,"8",0,"8",0,"8",0,"8","","",0,"8",0,"8"
"352190360","P£OCK","2006","09","22","16","9","",0,"8",0,"8","","","",8,"",0,"8",0,"8",0,"",90,"",2,"",0,"",19.2,"",.0,"8","U","",11.8,"",53,"",9.4,"",1009.9,"",1022.8,"",5,-.3,"",.0,"8",0,"8","02","0","0","","0","","","0","","","0","","",0,"8",.0,"8",.0,"8","","8",0,"8","","",.0,"8",.0,"8",.0,"8",.0,"8",.0,"8",.0,"8",.0,"8",.0,"8",.0,"8",0,"8",0,"8",0,"8","","",0,"8",0,"8"
"352190360","P£OCK","2006","09","22","17","9","",0,"8",0,"8","","","",8,"",0,"8",0,"8",0,"",90,"",2,"",0,"",16.8,"",.0,"8","U","",11.8,"",62,"",9.5,"",1010.0,"",1023.0,"",3,.1,"",.0,"8",0,"8","02","0","0","","0","","","0","","","0","","",0,"8",.0,"8",.0,"8","","8",0,"8","","",.0,"8",.0,"8",.0,"8",.0,"8",.0,"8",.0,"8",.0,"8",.0,"8",.0,"8",0,"8",0,"8",0,"8","","",0,"8",0,"8"
"352190360","P£OCK","2006","09","22","18","9","",0,"8",0,"8","","","",7,"",0,"8",0,"8",0,"",90,"",2,"",0,"",14.7,"",.0,"8","U","",12.0,"",72,"",9.7,"",1010.3,"",1023.4,"",2,.7,"",.0,"9",0,"9","02","0","0","","0","","","0","","","0","","",0,"",.0,"8",.0,"8","","8",0,"8","","",.0,"8",.0,"8",.0,"8",.0,"8",.0,"8",.0,"8",.0,"8",.0,"8",.0,"8",0,"8",0,"8",0,"8","","",0,"8",0,"8"
"352190360","P£OCK","2006","09","22","19","9","",0,"8",0,"8","","","",7,"",0,"8",0,"8",0,"",70,"",1,"",0,"",13.6,"",.0,"8","U","",11.7,"",75,"",9.2,"",1010.8,"",1024.0,"",3,.9,"",.0,"8",0,"8","02","0","0","","0","","","0","","","0","","",0,"8",.0,"8",.0,"8","","8",0,"8","","",.0,"8",.0,"8",.0,"8",.0,"8",.0,"8",.0,"8",.0,"8",.0,"8",.0,"8",0,"8",0,"8",0,"8","","",0,"8",0,"8"
"352190360","P£OCK","2006","09","22","20","9","",0,"8",0,"8","","","",7,"",0,"8",0,"8",0,"",80,"",2,"",0,"",12.8,"",.0,"8","U","",11.7,"",79,"",9.2,"",1010.9,"",1024.1,"",2,.9,"",.0,"8",0,"8","02","0","0","","0","","","0","","","0","","",0,"8",.0,"8",.0,"8","","8",0,"8","","",.0,"8",.0,"8",.0,"8",.0,"8",.0,"8",.0,"8",.0,"8",.0,"8",.0,"8",0,"8",0,"8",0,"8","","",0,"8",0,"8"
"352190360","P£OCK","2006","09","22","21","9","",0,"8",0,"8","","","",7,"",0,"8",0,"8",0,"",80,"",1,"",0,"",12.3,"",.0,"8","U","",11.6,"",81,"",9.1,"",1011.2,"",1024.4,"",2,.9,"",.0,"8",0,"8","02","0","0","","0","","","0","","","0","","",0,"8",.0,"8",.0,"8","","8",0,"8","","",.0,"8",.0,"8",.0,"8",.0,"8",.0,"8",.0,"8",.0,"8",.0,"8",.0,"8",0,"8",0,"8",0,"8","","",0,"8",0,"8"
"352190360","P£OCK","2006","09","22","22","9","",0,"8",0,"8","","","",7,"",0,"8",0,"8",0,"",90,"",1,"",0,"",11.1,"",.0,"8","U","",11.2,"",85,"",8.7,"",1011.4,"",1024.7,"",2,.6,"",.0,"8",0,"8","02","0","0","","0","","","0","","","0","","",0,"8",.0,"8",.0,"8","","8",0,"8","","",.0,"8",.0,"8",.0,"8",.0,"8",.0,"8",.0,"8",.0,"8",.0,"8",.0,"8",0,"8",0,"8",0,"8","","",0,"8",0,"8"
"352190360","P£OCK","2006","09","22","23","9","",0,"8",0,"8","","","",7,"",0,"8",0,"8",0,"",90,"",1,"",0,"",10.4,"",.0,"8","U","",10.8,"",86,"",8.2,"",1011.6,"",1024.9,"",2,.7,"",.0,"8",0,"8","02","0","0","","0","","","0","","","0","","",0,"8",.0,"8",.0,"8","","8",0,"8","","",.0,"8",.0,"8",.0,"8",.0,"8",.0,"8",.0,"8",.0,"8",.0,"8",.0,"8",0,"8",0,"8",0,"8","","",0,"8",0,"8"
"352190360","P£OCK","2006","09","23","00","9","",0,"8",0,"8","","","",7,"",0,"8",0,"8",0,"",50,"",1,"",0,"",9.8,"",.0,"8","U","",10.5,"",87,"",7.7,"",1011.8,"",1025.2,"",2,.6,"",.0,"9",0,"9","02","0","0","","0","","","0","","","0","","",0,"",.0,"8",.0,"8","","8",0,"8","","",.0,"8",.0,"8",.0,"8",.0,"8",.0,"8",.0,"8",.0,"8",.0,"8",.0,"8",0,"8",0,"8",0,"8","","",0,"8",0,"8"
"352190360","P£OCK","2006","09","23","01","9","",0,"8",0,"8","","","",6,"",0,"8",0,"8",0,"",0,"",0,"",0,"",8.7,"",.0,"8","U","",10.1,"",90,"",7.1,"",1011.7,"",1025.1,"",0,.3,"",.0,"8",0,"8","10","0","0","","0","","","0","","","0","","",0,"8",.0,"8",.0,"8","","8",0,"8","","",.0,"8",.0,"8",.0,"8",.0,"8",.0,"8",.0,"8",.0,"8",.0,"8",.0,"8",0,"8",0,"8",0,"8","","",0,"8",0,"8"
"352190360","P£OCK","2006","09","23","02","9","",0,"8",0,"8","","","",6,"",0,"8",0,"8",0,"",50,"",1,"",0,"",7.9,"",.0,"8","U","",9.7,"",91,"",6.5,"",1011.5,"",1025.0,"",8,-.1,"",.0,"8",0,"8","10","0","0","","0","","","0","","","0","","",0,"8",.0,"8",.0,"8","","8",0,"8","","",.0,"8",.0,"8",.0,"8",.0,"8",.0,"8",.0,"8",.0,"8",.0,"8",.0,"8",0,"8",0,"8",0,"8","","",0,"8",0,"8"
"352190360","P£OCK","2006","09","23","03","9","",0,"8",0,"8","","","",6,"",0,"8",0,"8",0,"",90,"",2,"",0,"",8.1,"",.0,"8","U","",9.7,"",90,"",6.6,"",1011.6,"",1025.1,"",5,-.2,"",.0,"8",0,"8","10","0","0","","0","","","0","","","0","","",0,"8",.0,"8",.0,"8","","8",0,"8","","",.0,"8",.0,"8",.0,"8",.0,"8",.0,"8",.0,"8",.0,"8",.0,"8",.0,"8",0,"8",0,"8",0,"8","","",0,"8",0,"8"
"352190360","P£OCK","2006","09","23","04","9","",0,"8",0,"8","","","",7,"",0,"8",0,"8",0,"",90,"",3,"",0,"",9.5,"",.0,"8","U","",10.8,"",91,"",8.1,"",1011.6,"",1025.0,"",6,-.1,"",.0,"8",0,"8","02","0","0","","0","","","0","","","0","","",0,"8",.0,"8",.0,"8","","8",0,"8","","",.0,"8",.0,"8",.0,"8",.0,"8",.0,"8",.0,"8",.0,"8",.0,"8",.0,"8",0,"8",0,"8",0,"8","","",0,"8",0,"8"
"352190360","P£OCK","2006","09","23","05","9","",0,"8",0,"8","","","",7,"",0,"8",0,"8",0,"",90,"",2,"",0,"",9.5,"",.0,"8","U","",10.7,"",90,"",7.9,"",1011.9,"",1025.3,"",2,.4,"",.0,"8",0,"8","02","0","0","","0","","","0","","","0","","",0,"8",.0,"8",.0,"8","","8",0,"8","","",.0,"8",.0,"8",.0,"8",.0,"8",.0,"8",.0,"8",.0,"8",.0,"8",.0,"8",0,"8",0,"8",0,"8","","",0,"8",0,"8"
"352190360","P£OCK","2006","09","23","06","9","",0,"8",0,"8","","","",7,"",0,"8",0,"8",1,"",70,"",1,"",0,"",11.7,"",.0,"8","U","",11.5,"",84,"",9.1,"",1012.1,"",1025.4,"",3,.5,"",.0,"9",0,"9","03","0","0","","0","","","0","","","1","","",0,"",.0,"8",.0,"8","","8",0,"8","","",.0,"8",.0,"8",.0,"8",.0,"8",.0,"8",.0,"8",.0,"8",.0,"8",.0,"8",0,"8",0,"8",0,"8","","",0,"8",0,"8"
"352190360","P£OCK","2006","09","23","07","9","",0,"8",0,"8","","","",8,"",0,"8",0,"8",1,"",100,"",3,"",0,"",14.7,"",.0,"8","U","",12.4,"",74,"",10.1,"",1012.3,"",1025.5,"",2,.7,"",.0,"8",0,"8","02","0","0","","0","","","0","","","1","","",0,"8",.0,"8",.0,"8","","8",0,"8","","",.0,"8",.0,"8",.0,"8",.0,"8",.0,"8",.0,"8",.0,"8",.0,"8",.0,"8",0,"8",0,"8",0,"8","","",0,"8",0,"8"
"352190360","P£OCK","2006","09","23","08","9","",0,"8",0,"8","","","",8,"",0,"8",0,"8",1,"",100,"",3,"",0,"",16.7,"",.0,"8","U","",12.5,"",66,"",10.3,"",1012.6,"",1025.7,"",2,.7,"",.0,"8",0,"8","02","0","0","","0","","","0","","","1","","",0,"8",.0,"8",.0,"8","","8",0,"8","","",.0,"8",.0,"8",.0,"8",.0,"8",.0,"8",.0,"8",.0,"8",.0,"8",.0,"8",0,"8",0,"8",0,"8","","",0,"8",0,"8"
"352190360","P£OCK","2006","09","23","09","9","",0,"8",0,"8","","","",8,"",0,"8",0,"8",1,"",100,"",4,"",0,"",18.3,"",.0,"8","U","",12.4,"",59,"",10.1,"",1012.5,"",1025.5,"",0,.4,"",.0,"8",0,"8","03","0","1","","0","","","3","","","0","","",0,"8",.0,"8",.0,"8","","8",0,"8","","",.0,"8",.0,"8",.0,"8",.0,"8",.0,"8",.0,"8",.0,"8",.0,"8",.0,"8",0,"8",0,"8",0,"8","","",0,"8",0,"8"
"352190360","P£OCK","2006","09","23","10","9","",0,"8",0,"8","","","",8,"",0,"8",0,"8",0,"",130,"",5,"",0,"",19.4,"",.0,"8","U","",11.9,"",53,"",9.6,"",1012.3,"",1025.2,"",0,.0,"",.0,"8",0,"8","01","0","0","","0","","","0","","","0","","",0,"8",.0,"8",.0,"8","","8",0,"8","","",.0,"8",.0,"8",.0,"8",.0,"8",.0,"8",.0,"8",.0,"8",.0,"8",.0,"8",0,"8",0,"8",0,"8","","",0,"8",0,"8"
"352190360","P£OCK","2006","09","23","11","9","",0,"8",0,"8","","","",8,"",0,"8",0,"8",0,"",120,"",4,"",0,"",19.8,"",.0,"8","U","",11.7,"",51,"",9.4,"",1012.0,"",1024.9,"",8,-.6,"",.0,"8",0,"8","02","0","0","","0","","","0","","","0","","",0,"8",.0,"8",.0,"8","","8",0,"8","","",.0,"8",.0,"8",.0,"8",.0,"8",.0,"8",.0,"8",.0,"8",.0,"8",.0,"8",0,"8",0,"8",0,"8","","",0,"8",0,"8"
"352190360","P£OCK","2006","09","23","12","9","",0,"8",0,"8","","","",8,"",0,"8",0,"8",0,"",120,"",5,"",0,"",20.9,"",.0,"8","U","",11.8,"",48,"",9.5,"",1011.7,"",1024.6,"",7,-.8,"",.0,"9",0,"9","02","0","0","","0","","","0","","","0","","",0,"",.0,"8",.0,"8","","8",0,"8","","",.0,"8",.0,"8",.0,"8",.0,"8",.0,"8",.0,"8",.0,"8",.0,"8",.0,"8",0,"8",0,"8",0,"8","","",0,"8",0,"8"
"352190360","P£OCK","2006","09","23","13","9","",0,"8",0,"8","","","",8,"",0,"8",0,"8",0,"",100,"",5,"",0,"",21.4,"",.0,"8","U","",11.7,"",46,"",9.3,"",1011.3,"",1024.1,"",7,-1.0,"",.0,"8",0,"8","02","0","0","","0","","","0","","","0","","",0,"8",.0,"8",.0,"8","","8",0,"8","","",.0,"8",.0,"8",.0,"8",.0,"8",.0,"8",.0,"8",.0,"8",.0,"8",.0,"8",0,"8",0,"8",0,"8","","",0,"8",0,"8"
"352190360","P£OCK","2006","09","23","14","9","",0,"8",0,"8","","","",8,"",0,"8",0,"8",0,"",120,"",5,"",0,"",21.6,"",.0,"8","U","",11.8,"",46,"",9.5,"",1010.9,"",1023.7,"",7,-1.1,"",.0,"8",0,"8","02","0","0","","0","","","0","","","0","","",0,"8",.0,"8",.0,"8","","8",0,"8","","",.0,"8",.0,"8",.0,"8",.0,"8",.0,"8",.0,"8",.0,"8",.0,"8",.0,"8",0,"8",0,"8",0,"8","","",0,"8",0,"8"
"352190360","P£OCK","2006","09","23","15","9","",0,"8",0,"8","","","",8,"",0,"8",0,"8",0,"",100,"",4,"",0,"",21.2,"",.0,"8","U","",11.6,"",46,"",9.1,"",1010.6,"",1023.4,"",7,-1.1,"",.0,"8",0,"8","02","0","0","","0","","","0","","","0","","",0,"8",.0,"8",.0,"8","","8",0,"8","","",.0,"8",.0,"8",.0,"8",.0,"8",.0,"8",.0,"8",.0,"8",.0,"8",.0,"8",0,"8",0,"8",0,"8","","",0,"8",0,"8"
"352190360","P£OCK","2006","09","23","16","9","",0,"8",0,"8","","","",8,"",0,"8",0,"8",0,"",100,"",3,"",0,"",19.8,"",.0,"8","U","",12.0,"",52,"",9.7,"",1010.3,"",1023.2,"",7,-1.0,"",.0,"8",0,"8","02","0","0","","0","","","0","","","0","","",0,"8",.0,"8",.0,"8","","8",0,"8","","",.0,"8",.0,"8",.0,"8",.0,"8",.0,"8",.0,"8",.0,"8",.0,"8",.0,"8",0,"8",0,"8",0,"8","","",0,"8",0,"8"
"352190360","P£OCK","2006","09","23","17","9","",0,"8",0,"8","","","",7,"",0,"8",0,"8",0,"",90,"",2,"",0,"",17.7,"",.0,"8","U","",12.3,"",61,"",10.1,"",1010.3,"",1023.3,"",6,-.6,"",.0,"8",0,"8","02","0","0","","0","","","0","","","0","","",0,"8",.0,"8",.0,"8","","8",0,"8","","",.0,"8",.0,"8",.0,"8",.0,"8",.0,"8",.0,"8",.0,"8",.0,"8",.0,"8",0,"8",0,"8",0,"8","","",0,"8",0,"8"
"352190360","P£OCK","2006","09","23","18","9","",0,"8",0,"8","","","",7,"",0,"8",0,"8",0,"",90,"",3,"",0,"",16.3,"",.0,"8","U","",12.4,"",67,"",10.2,"",1010.3,"",1023.4,"",6,-.3,"",.0,"9",0,"9","02","0","0","","0","","","0","","","0","","",0,"",.0,"8",.0,"8","","8",0,"8","","",.0,"8",.0,"8",.0,"8",.0,"8",.0,"8",.0,"8",.0,"8",.0,"8",.0,"8",0,"8",0,"8",0,"8","","",0,"8",0,"8"
"352190360","P£OCK","2006","09","23","19","9","",0,"8",0,"8","","","",7,"",0,"8",0,"8",0,"",100,"",2,"",0,"",15.6,"",.0,"8","U","",12.2,"",69,"",9.9,"",1010.6,"",1023.7,"",3,.3,"",.0,"8",0,"8","02","0","0","","0","","","0","","","0","","",0,"8",.0,"8",.0,"8","","8",0,"8","","",.0,"8",.0,"8",.0,"8",.0,"8",.0,"8",.0,"8",.0,"8",.0,"8",.0,"8",0,"8",0,"8",0,"8","","",0,"8",0,"8"
"352190360","P£OCK","2006","09","23","20","9","",0,"8",0,"8","","","",7,"",0,"8",0,"8",0,"",90,"",3,"",0,"",15.2,"",.0,"8","U","",12.2,"",71,"",10.0,"",1010.6,"",1023.7,"",1,.3,"",.0,"8",0,"8","02","0","0","","0","","","0","","","0","","",0,"8",.0,"8",.0,"8","","8",0,"8","","",.0,"8",.0,"8",.0,"8",.0,"8",.0,"8",.0,"8",.0,"8",.0,"8",.0,"8",0,"8",0,"8",0,"8","","",0,"8",0,"8"
"352190360","P£OCK","2006","09","23","21","9","",0,"8",0,"8","","","",7,"",0,"8",0,"8",0,"",100,"",4,"",0,"",15.5,"",.0,"8","U","",12.3,"",70,"",10.0,"",1010.3,"",1023.4,"",0,.0,"",.0,"8",0,"8","02","0","0","","0","","","0","","","0","","",0,"8",.0,"8",.0,"8","","8",0,"8","","",.0,"8",.0,"8",.0,"8",.0,"8",.0,"8",.0,"8",.0,"8",.0,"8",.0,"8",0,"8",0,"8",0,"8","","",0,"8",0,"8"
"352190360","P£OCK","2006","09","23","22","9","",0,"8",0,"8","","","",7,"",0,"8",0,"8",0,"",100,"",3,"",0,"",14.6,"",.0,"8","U","",12.1,"",73,"",9.8,"",1010.0,"",1023.1,"",8,-.6,"",.0,"8",0,"8","02","0","0","","0","","","0","","","0","","",0,"8",.0,"8",.0,"8","","8",0,"8","","",.0,"8",.0,"8",.0,"8",.0,"8",.0,"8",.0,"8",.0,"8",.0,"8",.0,"8",0,"8",0,"8",0,"8","","",0,"8",0,"8"
"352190360","P£OCK","2006","09","23","23","9","",0,"8",0,"8","","","",7,"",0,"8",0,"8",0,"",100,"",2,"",0,"",14.0,"",.0,"8","U","",12.1,"",76,"",9.8,"",1010.0,"",1023.2,"",6,-.6,"",.0,"8",0,"8","02","0","0","","0","","","0","","","0","","",0,"8",.0,"8",.0,"8","","8",0,"8","","",.0,"8",.0,"8",.0,"8",.0,"8",.0,"8",.0,"8",.0,"8",.0,"8",.0,"8",0,"8",0,"8",0,"8","","",0,"8",0,"8"
"352190360","P£OCK","2006","09","24","00","9","",0,"8",0,"8","","","",7,"",0,"8",0,"8",0,"",100,"",3,"",0,"",13.6,"",.0,"8","U","",12.3,"",79,"",10.0,"",1009.7,"",1022.9,"",7,-.6,"",.0,"9",0,"9","02","0","0","","0","","","0","","","0","","",0,"",.0,"8",.0,"8","","8",0,"8","","",.0,"8",.0,"8",.0,"8",.0,"8",.0,"8",.0,"8",.0,"8",.0,"8",.0,"8",0,"8",0,"8",0,"8","","",0,"8",0,"8"
"352190360","P£OCK","2006","09","24","01","9","",0,"8",0,"8","","","",7,"",0,"8",0,"8",0,"",90,"",2,"",0,"",13.1,"",.0,"8","U","",12.2,"",81,"",9.9,"",1009.4,"",1022.6,"",8,-.6,"",.0,"8",0,"8","02","0","0","","0","","","0","","","0","","",0,"8",.0,"8",.0,"8","","8",0,"8","","",.0,"8",.0,"8",.0,"8",.0,"8",.0,"8",.0,"8",.0,"8",.0,"8",.0,"8",0,"8",0,"8",0,"8","","",0,"8",0,"8"
"352190360","P£OCK","2006","09","24","02","9","",0,"8",0,"8","","","",7,"",0,"8",0,"8",0,"",90,"",3,"",0,"",13.2,"",.0,"8","U","",12.4,"",82,"",10.2,"",1009.1,"",1022.3,"",7,-.9,"",.0,"8",0,"8","02","0","0","","0","","","0","","","0","","",0,"8",.0,"8",.0,"8","","8",0,"8","","",.0,"8",.0,"8",.0,"8",.0,"8",.0,"8",.0,"8",.0,"8",.0,"8",.0,"8",0,"8",0,"8",0,"8","","",0,"8",0,"8"
"352190360","P£OCK","2006","09","24","03","9","",0,"8",0,"8","","","",7,"",0,"8",0,"8",0,"",100,"",3,"",0,"",12.8,"",.0,"8","U","",12.2,"",83,"",10.0,"",1009.1,"",1022.3,"",6,-.6,"",.0,"8",0,"8","02","0","0","","0","","","0","","","0","","",0,"8",.0,"8",.0,"8","","8",0,"8","","",.0,"8",.0,"8",.0,"8",.0,"8",.0,"8",.0,"8",.0,"8",.0,"8",.0,"8",0,"8",0,"8",0,"8","","",0,"8",0,"8"
"352190360","P£OCK","2006","09","24","04","9","",0,"8",0,"8","","","",7,"",0,"8",0,"8",0,"",100,"",3,"",0,"",12.4,"",.0,"8","U","",12.2,"",85,"",9.9,"",1009.0,"",1022.2,"",7,-.4,"",.0,"8",0,"8","02","0","0","","0","","","0","","","0","","",0,"8",.0,"8",.0,"8","","8",0,"8","","",.0,"8",.0,"8",.0,"8",.0,"8",.0,"8",.0,"8",.0,"8",.0,"8",.0,"8",0,"8",0,"8",0,"8","","",0,"8",0,"8"
"352190360","P£OCK","2006","09","24","05","9","",0,"8",0,"8","","","",7,"",0,"8",0,"8",0,"",90,"",3,"",0,"",12.2,"",.0,"8","U","",12.3,"",87,"",10.1,"",1009.0,"",1022.2,"",6,-.1,"",.0,"8",0,"8","02","0","0","","0","","","0","","","0","","",0,"8",.0,"8",.0,"8","","8",0,"8","","",.0,"8",.0,"8",.0,"8",.0,"8",.0,"8",.0,"8",.0,"8",.0,"8",.0,"8",0,"8",0,"8",0,"8","","",0,"8",0,"8"
"352190360","P£OCK","2006","09","24","06","9","",0,"8",0,"8","","","",7,"",0,"8",0,"8",0,"",110,"",4,"",0,"",13.7,"",.0,"8","U","",13.1,"",84,"",11.0,"",1008.9,"",1022.1,"",7,-.2,"",.0,"9",0,"9","02","0","0","","0","","","0","","","0","","",0,"",.0,"8",.0,"8","","8",0,"8","","",.0,"8",.0,"8",.0,"8",.0,"8",.0,"8",.0,"8",.0,"8",.0,"8",.0,"8",0,"8",0,"8",0,"8","","",0,"8",0,"8"
"352190360","P£OCK","2006","09","24","07","9","",0,"8",0,"8","","","",7,"",0,"8",0,"8",0,"",110,"",4,"",0,"",15.8,"",.0,"8","U","",14.0,"",78,"",12.0,"",1008.9,"",1022.0,"",6,-.1,"",.0,"8",0,"8","02","0","0","","0","","","0","","","0","","",0,"8",.0,"8",.0,"8","","8",0,"8","","",.0,"8",.0,"8",.0,"8",.0,"8",.0,"8",.0,"8",.0,"8",.0,"8",.0,"8",0,"8",0,"8",0,"8","","",0,"8",0,"8"
"352190360","P£OCK","2006","09","24","08","9","",0,"8",0,"8","","","",7,"",0,"8",0,"8",0,"",110,"",4,"",0,"",18.0,"",.0,"8","U","",14.4,"",70,"",12.4,"",1008.7,"",1021.7,"",7,-.3,"",.0,"8",0,"8","02","0","0","","0","","","0","","","0","","",0,"8",.0,"8",.0,"8","","8",0,"8","","",.0,"8",.0,"8",.0,"8",.0,"8",.0,"8",.0,"8",.0,"8",.0,"8",.0,"8",0,"8",0,"8",0,"8","","",0,"8",0,"8"
"352190360","P£OCK","2006","09","24","09","9","",0,"8",0,"8","","","",7,"",0,"8",0,"8",0,"",110,"",4,"",0,"",20.4,"",.0,"8","U","",14.3,"",60,"",12.4,"",1008.7,"",1021.5,"",6,-.2,"",.0,"8",0,"8","02","0","0","","0","","","0","","","0","","",0,"8",.0,"8",.0,"8","","8",0,"8","","",.0,"8",.0,"8",.0,"8",.0,"8",.0,"8",.0,"8",.0,"8",.0,"8",.0,"8",0,"8",0,"8",0,"8","","",0,"8",0,"8"
"352190360","P£OCK","2006","09","24","10","9","",0,"8",0,"8","","","",8,"",0,"8",0,"8",0,"",120,"",5,"",0,"",21.9,"",.0,"8","U","",13.1,"",50,"",11.0,"",1008.5,"",1021.3,"",7,-.4,"",.0,"8",0,"8","02","0","0","","0","","","0","","","0","","",0,"8",.0,"8",.0,"8","","8",0,"8","","",.0,"8",.0,"8",.0,"8",.0,"8",.0,"8",.0,"8",.0,"8",.0,"8",.0,"8",0,"8",0,"8",0,"8","","",0,"8",0,"8"
"352190360","P£OCK","2006","09","24","11","9","",0,"8",0,"8","","","",8,"",0,"8",0,"8",0,"",100,"",5,"",0,"",23.3,"",.0,"8","U","",13.1,"",46,"",11.0,"",1008.0,"",1020.7,"",8,-.7,"",.0,"8",0,"8","02","0","0","","0","","","0","","","0","","",0,"8",.0,"8",.0,"8","","8",0,"8","","",.0,"8",.0,"8",.0,"8",.0,"8",.0,"8",.0,"8",.0,"8",.0,"8",.0,"8",0,"8",0,"8",0,"8","","",0,"8",0,"8"
"352190360","P£OCK","2006","09","24","12","9","",0,"8",0,"8","","","",8,"",0,"8",0,"8",0,"",110,"",6,"",0,"",24.1,"",.0,"8","U","",10.8,"",36,"",8.1,"",1007.5,"",1020.2,"",8,-1.2,"",.0,"9",0,"9","02","0","0","","0","","","0","","","0","","",0,"",.0,"8",.0,"8","","8",0,"8","","",.0,"8",.0,"8",.0,"8",.0,"8",.0,"8",.0,"8",.0,"8",.0,"8",.0,"8",0,"8",0,"8",0,"8","","",0,"8",0,"8"
"352190360","P£OCK","2006","09","24","13","9","",0,"8",0,"8","","","",8,"",0,"8",0,"8",0,"",120,"",6,"",11,"",24.4,"",.0,"8","U","",10.7,"",35,"",7.9,"",1007.0,"",1019.7,"",7,-1.5,"",.0,"8",0,"8","02","0","0","","0","","","0","","","0","","",0,"8",.0,"8",.0,"8","","8",0,"8","","",.0,"8",.0,"8",.0,"8",.0,"8",.0,"8",.0,"8",.0,"8",.0,"8",.0,"8",0,"8",0,"8",0,"8","","",0,"8",0,"8"
"352190360","P£OCK","2006","09","24","14","9","",0,"8",0,"8","","","",8,"",0,"8",0,"8",0,"",120,"",6,"",0,"",24.2,"",.0,"8","U","",10.8,"",36,"",8.2,"",1006.4,"",1019.1,"",7,-1.6,"",.0,"8",0,"8","02","0","0","","0","","","0","","","0","","",0,"8",.0,"8",.0,"8","","8",0,"8","","",.0,"8",.0,"8",.0,"8",.0,"8",.0,"8",.0,"8",.0,"8",.0,"8",.0,"8",0,"8",0,"8",0,"8","","",0,"8",0,"8"
"352190360","P£OCK","2006","09","24","15","9","",0,"8",0,"8","","","",8,"",0,"8",0,"8",0,"",110,"",5,"",0,"",23.8,"",.0,"8","U","",11.8,"",40,"",9.4,"",1006.0,"",1018.7,"",7,-1.5,"",.0,"8",0,"8","02","0","0","","0","","","0","","","0","","",0,"8",.0,"8",.0,"8","","8",0,"8","","",.0,"8",.0,"8",.0,"8",.0,"8",.0,"8",.0,"8",.0,"8",.0,"8",.0,"8",0,"8",0,"8",0,"8","","",0,"8",0,"8"
"352190360","P£OCK","2006","09","24","16","9","",0,"8",0,"8","","","",8,"",0,"8",0,"8",0,"",110,"",3,"",0,"",22.1,"",.0,"8","U","",11.9,"",45,"",9.6,"",1005.5,"",1018.2,"",7,-1.5,"",.0,"8",0,"8","02","0","0","","0","","","0","","","0","","",0,"8",.0,"8",.0,"8","","8",0,"8","","",.0,"8",.0,"8",.0,"8",.0,"8",.0,"8",.0,"8",.0,"8",.0,"8",.0,"8",0,"8",0,"8",0,"8","","",0,"8",0,"8"
"352190360","P£OCK","2006","09","24","17","9","",0,"8",0,"8","","","",8,"",0,"8",0,"8",0,"",90,"",4,"",0,"",19.7,"",.0,"8","U","",12.1,"",53,"",9.8,"",1005.6,"",1018.4,"",5,-.8,"",.0,"8",0,"8","02","0","0","","0","","","0","","","0","","",0,"8",.0,"8",.0,"8","","8",0,"8","","",.0,"8",.0,"8",.0,"8",.0,"8",.0,"8",.0,"8",.0,"8",.0,"8",.0,"8",0,"8",0,"8",0,"8","","",0,"8",0,"8"
"352190360","P£OCK","2006","09","24","18","9","",0,"8",0,"8","","","",8,"",0,"8",0,"8",0,"",100,"",3,"",0,"",18.5,"",.0,"8","U","",12.3,"",58,"",10.1,"",1005.8,"",1018.7,"",5,-.2,"",.0,"9",0,"9","02","0","0","","0","","","0","","","0","","",0,"",.0,"8",.0,"8","","8",0,"8","","",.0,"8",.0,"8",.0,"8",.0,"8",.0,"8",.0,"8",.0,"8",.0,"8",.0,"8",0,"8",0,"8",0,"8","","",0,"8",0,"8"
"352190360","P£OCK","2006","09","24","19","9","",0,"8",0,"8","","","",8,"",0,"8",0,"8",0,"",100,"",3,"",0,"",17.6,"",.0,"8","U","",12.4,"",62,"",10.2,"",1005.6,"",1018.5,"",0,.1,"",.0,"8",0,"8","02","0","0","","0","","","0","","","0","","",0,"8",.0,"8",.0,"8","","8",0,"8","","",.0,"8",.0,"8",.0,"8",.0,"8",.0,"8",.0,"8",.0,"8",.0,"8",.0,"8",0,"8",0,"8",0,"8","","",0,"8",0,"8"
"352190360","P£OCK","2006","09","24","20","9","",0,"8",0,"8","","","",8,"",0,"8",0,"8",0,"",100,"",3,"",0,"",16.8,"",.0,"8","U","",12.8,"",67,"",10.6,"",1005.5,"",1018.5,"",8,-.1,"",.0,"8",0,"8","02","0","0","","0","","","0","","","0","","",0,"8",.0,"8",.0,"8","","8",0,"8","","",.0,"8",.0,"8",.0,"8",.0,"8",.0,"8",.0,"8",.0,"8",.0,"8",.0,"8",0,"8",0,"8",0,"8","","",0,"8",0,"8"
"352190360","P£OCK","2006","09","24","21","9","",0,"8",0,"8","","","",8,"",0,"8",0,"8",0,"",100,"",3,"",0,"",16.6,"",.0,"8","U","",13.0,"",69,"",10.9,"",1005.3,"",1018.3,"",7,-.5,"",.0,"8",0,"8","02","0","0","","0","","","0","","","0","","",0,"8",.0,"8",.0,"8","","8",0,"8","","",.0,"8",.0,"8",.0,"8",.0,"8",.0,"8",.0,"8",.0,"8",.0,"8",.0,"8",0,"8",0,"8",0,"8","","",0,"8",0,"8"
"352190360","P£OCK","2006","09","24","22","9","",0,"8",0,"8","","","",8,"",0,"8",0,"8",0,"",120,"",3,"",0,"",16.0,"",.0,"8","U","",12.9,"",71,"",10.7,"",1005.2,"",1018.2,"",7,-.4,"",.0,"8",0,"8","02","0","0","","0","","","0","","","0","","",0,"8",.0,"8",.0,"8","","8",0,"8","","",.0,"8",.0,"8",.0,"8",.0,"8",.0,"8",.0,"8",.0,"8",.0,"8",.0,"8",0,"8",0,"8",0,"8","","",0,"8",0,"8"
"352190360","P£OCK","2006","09","24","23","9","",0,"8",0,"8","","","",8,"",0,"8",0,"8",0,"",110,"",3,"",0,"",15.0,"",.0,"8","U","",12.9,"",76,"",10.8,"",1005.1,"",1018.1,"",7,-.4,"",.0,"8",0,"8","02","0","0","","0","","","0","","","0","","",0,"8",.0,"8",.0,"8","","8",0,"8","","",.0,"8",.0,"8",.0,"8",.0,"8",.0,"8",.0,"8",.0,"8",.0,"8",.0,"8",0,"8",0,"8",0,"8","","",0,"8",0,"8"
"352190360","P£OCK","2006","09","25","00","9","",0,"8",0,"8","","","",7,"",0,"8",0,"8",0,"",110,"",3,"",0,"",14.3,"",.0,"8","U","",12.7,"",78,"",10.5,"",1005.1,"",1018.2,"",6,-.2,"",.0,"9",0,"9","02","0","0","","0","","","0","","","0","","",0,"",.0,"8",.0,"8","","8",0,"8","","",.0,"8",.0,"8",.0,"8",.0,"8",.0,"8",.0,"8",.0,"8",.0,"8",.0,"8",0,"8",0,"8",0,"8","","",0,"8",0,"8"
"352190360","P£OCK","2006","09","25","01","9","",0,"8",0,"8","","","",7,"",0,"8",0,"8",0,"",100,"",2,"",0,"",13.9,"",.0,"8","U","",12.7,"",80,"",10.5,"",1004.8,"",1017.9,"",7,-.4,"",.0,"8",0,"8","02","0","0","","0","","","0","","","0","","",0,"8",.0,"8",.0,"8","","8",0,"8","","",.0,"8",.0,"8",.0,"8",.0,"8",.0,"8",.0,"8",.0,"8",.0,"8",.0,"8",0,"8",0,"8",0,"8","","",0,"8",0,"8"
"352190360","P£OCK","2006","09","25","02","9","",0,"8",0,"8","","","",7,"",0,"8",0,"8",0,"",90,"",2,"",0,"",13.4,"",.0,"8","U","",12.4,"",81,"",10.2,"",1004.9,"",1018.0,"",5,-.2,"",.0,"8",0,"8","02","0","0","","0","","","0","","","0","","",0,"8",.0,"8",.0,"8","","8",0,"8","","",.0,"8",.0,"8",.0,"8",.0,"8",.0,"8",.0,"8",.0,"8",.0,"8",.0,"8",0,"8",0,"8",0,"8","","",0,"8",0,"8"
"352190360","P£OCK","2006","09","25","03","9","",0,"8",0,"8","","","",7,"",0,"8",0,"8",0,"",100,"",3,"",0,"",13.2,"",.0,"8","U","",12.4,"",82,"",10.2,"",1004.6,"",1017.7,"",7,-.5,"",.0,"8",0,"8","02","0","0","","0","","","0","","","0","","",0,"8",.0,"8",.0,"8","","8",0,"8","","",.0,"8",.0,"8",.0,"8",.0,"8",.0,"8",.0,"8",.0,"8",.0,"8",.0,"8",0,"8",0,"8",0,"8","","",0,"8",0,"8"
"352190360","P£OCK","2006","09","25","04","9","",0,"8",0,"8","","","",7,"",0,"8",0,"8",0,"",100,"",3,"",0,"",12.7,"",.0,"8","U","",12.2,"",83,"",9.9,"",1004.4,"",1017.5,"",8,-.4,"",.0,"8",0,"8","02","0","0","","0","","","0","","","0","","",0,"8",.0,"8",.0,"8","","8",0,"8","","",.0,"8",.0,"8",.0,"8",.0,"8",.0,"8",.0,"8",.0,"8",.0,"8",.0,"8",0,"8",0,"8",0,"8","","",0,"8",0,"8"
"352190360","P£OCK","2006","09","25","05","9","",0,"8",0,"8","","","",7,"",0,"8",0,"8",0,"",90,"",2,"",0,"",12.3,"",.0,"8","U","",12.0,"",84,"",9.7,"",1004.6,"",1017.8,"",5,-.3,"",.0,"8",0,"8","02","0","0","","0","","","0","","","0","","",0,"8",.0,"8",.0,"8","","8",0,"8","","",.0,"8",.0,"8",.0,"8",.0,"8",.0,"8",.0,"8",.0,"8",.0,"8",.0,"8",0,"8",0,"8",0,"8","","",0,"8",0,"8"
"352190360","P£OCK","2006","09","25","06","9","",0,"8",0,"8","","","",7,"",0,"8",0,"8",0,"",110,"",3,"",0,"",14.4,"",.0,"8","U","",12.9,"",79,"",10.8,"",1004.8,"",1017.9,"",3,.2,"",.0,"9",0,"9","02","0","0","","0","","","0","","","0","","",0,"",.0,"8",.0,"8","","8",0,"8","","",.0,"8",.0,"8",.0,"8",.0,"8",.0,"8",.0,"8",.0,"8",.0,"8",.0,"8",0,"8",0,"8",0,"8","","",0,"8",0,"8"
"352190360","P£OCK","2006","09","25","07","9","",0,"8",0,"8","","","",7,"",0,"8",0,"8",0,"",120,"",4,"",0,"",17.0,"",.0,"8","U","",13.1,"",68,"",11.0,"",1004.8,"",1017.7,"",1,.4,"",.0,"8",0,"8","02","0","0","","0","","","0","","","0","","",0,"8",.0,"8",.0,"8","","8",0,"8","","",.0,"8",.0,"8",.0,"8",.0,"8",.0,"8",.0,"8",.0,"8",.0,"8",.0,"8",0,"8",0,"8",0,"8","","",0,"8",0,"8"
"352190360","P£OCK","2006","09","25","08","9","",0,"8",0,"8","","","",7,"",0,"8",0,"8",0,"",120,"",4,"",0,"",19.6,"",.0,"8","U","",13.0,"",57,"",10.8,"",1004.9,"",1017.7,"",2,.3,"",.0,"8",0,"8","02","0","0","","0","","","0","","","0","","",0,"8",.0,"8",.0,"8","","8",0,"8","","",.0,"8",.0,"8",.0,"8",.0,"8",.0,"8",.0,"8",.0,"8",.0,"8",.0,"8",0,"8",0,"8",0,"8","","",0,"8",0,"8"
"352190360","P£OCK","2006","09","25","09","9","",0,"8",0,"8","","","",8,"",0,"8",0,"8",0,"",130,"",5,"",0,"",22.2,"",.0,"8","U","",12.0,"",45,"",9.7,"",1004.7,"",1017.4,"",8,-.1,"",.0,"8",0,"8","02","0","0","","0","","","0","","","0","","",0,"8",.0,"8",.0,"8","","8",0,"8","","",.0,"8",.0,"8",.0,"8",.0,"8",.0,"8",.0,"8",.0,"8",.0,"8",.0,"8",0,"8",0,"8",0,"8","","",0,"8",0,"8"
"352190360","P£OCK","2006","09","25","10","9","",0,"8",0,"8","","","",8,"",0,"8",0,"8",0,"",120,"",6,"",0,"",23.4,"",.0,"8","U","",11.8,"",41,"",9.4,"",1004.5,"",1017.2,"",8,-.3,"",.0,"8",0,"8","02","0","0","","0","","","0","","","0","","",0,"8",.0,"8",.0,"8","","8",0,"8","","",.0,"8",.0,"8",.0,"8",.0,"8",.0,"8",.0,"8",.0,"8",.0,"8",.0,"8",0,"8",0,"8",0,"8","","",0,"8",0,"8"
"352190360","P£OCK","2006","09","25","11","9","",0,"8",0,"8","","","",8,"",0,"8",0,"8",0,"",110,"",6,"",0,"",24.5,"",.0,"8","U","",11.7,"",38,"",9.2,"",1004.0,"",1016.6,"",8,-.9,"",.0,"8",0,"8","02","0","0","","0","","","0","","","0","","",0,"8",.0,"8",.0,"8","","8",0,"8","","",.0,"8",.0,"8",.0,"8",.0,"8",.0,"8",.0,"8",.0,"8",.0,"8",.0,"8",0,"8",0,"8",0,"8","","",0,"8",0,"8"
"352190360","P£OCK","2006","09","25","12","9","",0,"8",0,"8","","","",8,"",0,"8",0,"8",0,"",110,"",6,"",0,"",24.8,"",.0,"8","U","",10.6,"",34,"",7.9,"",1003.5,"",1016.1,"",8,-1.2,"",.0,"9",0,"9","02","0","0","","0","","","0","","","0","","",0,"",.0,"8",.0,"8","","8",0,"8","","",.0,"8",.0,"8",.0,"8",.0,"8",.0,"8",.0,"8",.0,"8",.0,"8",.0,"8",0,"8",0,"8",0,"8","","",0,"8",0,"8"
"352190360","P£OCK","2006","09","25","13","9","",0,"8",0,"8","","","",8,"",0,"8",0,"8",0,"",120,"",7,"",0,"",24.6,"",.0,"8","U","",10.2,"",33,"",7.3,"",1003.4,"",1016.0,"",6,-1.1,"",.0,"8",0,"8","02","0","0","","0","","","0","","","0","","",0,"8",.0,"8",.0,"8","","8",0,"8","","",.0,"8",.0,"8",.0,"8",.0,"8",.0,"8",.0,"8",.0,"8",.0,"8",.0,"8",0,"8",0,"8",0,"8","","",0,"8",0,"8"
"352190360","P£OCK","2006","09","25","14","9","",0,"8",0,"8","","","",8,"",0,"8",0,"8",0,"",120,"",7,"",0,"",24.5,"",.0,"8","U","",9.5,"",31,"",6.3,"",1003.2,"",1015.8,"",7,-.8,"",.0,"8",0,"8","02","0","0","","0","","","0","","","0","","",0,"8",.0,"8",.0,"8","","8",0,"8","","",.0,"8",.0,"8",.0,"8",.0,"8",.0,"8",.0,"8",.0,"8",.0,"8",.0,"8",0,"8",0,"8",0,"8","","",0,"8",0,"8"
"352190360","P£OCK","2006","09","25","15","9","",0,"8",0,"8","","","",8,"",0,"8",0,"8",0,"",110,"",5,"",0,"",23.9,"",.0,"8","U","",10.7,"",36,"",7.9,"",1002.9,"",1015.5,"",8,-.6,"",.0,"8",0,"8","02","0","0","","0","","","0","","","0","","",0,"8",.0,"8",.0,"8","","8",0,"8","","",.0,"8",.0,"8",.0,"8",.0,"8",.0,"8",.0,"8",.0,"8",.0,"8",.0,"8",0,"8",0,"8",0,"8","","",0,"8",0,"8"
"352190360","P£OCK","2006","09","25","16","9","",0,"8",0,"8","","","",8,"",0,"8",0,"8",0,"",100,"",4,"",0,"",22.0,"",.0,"8","U","",11.1,"",42,"",8.5,"",1002.8,"",1015.5,"",7,-.6,"",.0,"8",0,"8","02","0","0","","0","","","0","","","0","","",0,"8",.0,"8",.0,"8","","8",0,"8","","",.0,"8",.0,"8",.0,"8",.0,"8",.0,"8",.0,"8",.0,"8",.0,"8",.0,"8",0,"8",0,"8",0,"8","","",0,"8",0,"8"
"352190360","P£OCK","2006","09","25","17","9","",0,"8",0,"8","","","",8,"",0,"8",0,"8",0,"",90,"",3,"",0,"",19.7,"",.0,"8","U","",11.2,"",49,"",8.7,"",1003.0,"",1015.8,"",5,-.2,"",.0,"8",0,"8","02","0","0","","0","","","0","","","0","","",0,"8",.0,"8",.0,"8","","8",0,"8","","",.0,"8",.0,"8",.0,"8",.0,"8",.0,"8",.0,"8",.0,"8",.0,"8",.0,"8",0,"8",0,"8",0,"8","","",0,"8",0,"8"
"352190360","P£OCK","2006","09","25","18","9","",0,"8",0,"8","","","",7,"",0,"8",0,"8",0,"",90,"",3,"",0,"",18.3,"",.0,"8","U","",11.8,"",56,"",9.4,"",1003.3,"",1016.2,"",3,.4,"",.0,"9",0,"9","02","0","0","","0","","","0","","","0","","",0,"",.0,"8",.0,"8","","8",0,"8","","",.0,"8",.0,"8",.0,"8",.0,"8",.0,"8",.0,"8",.0,"8",.0,"8",.0,"8",0,"8",0,"8",0,"8","","",0,"8",0,"8"
"352190360","P£OCK","2006","09","25","19","9","",0,"8",0,"8","","","",7,"",0,"8",0,"8",0,"",90,"",4,"",0,"",18.0,"",.0,"8","U","",11.5,"",56,"",9.1,"",1003.6,"",1016.5,"",2,.8,"",.0,"8",0,"8","02","0","0","","0","","","0","","","0","","",0,"8",.0,"8",.0,"8","","8",0,"8","","",.0,"8",.0,"8",.0,"8",.0,"8",.0,"8",.0,"8",.0,"8",.0,"8",.0,"8",0,"8",0,"8",0,"8","","",0,"8",0,"8"
"352190360","P£OCK","2006","09","25","20","9","",0,"8",0,"8","","","",8,"",0,"8",0,"8",0,"",100,"",4,"",0,"",17.1,"",.0,"8","U","",11.7,"",60,"",9.3,"",1003.7,"",1016.6,"",1,.7,"",.0,"8",0,"8","02","0","0","","0","","","0","","","0","","",0,"8",.0,"8",.0,"8","","8",0,"8","","",.0,"8",.0,"8",.0,"8",.0,"8",.0,"8",.0,"8",.0,"8",.0,"8",.0,"8",0,"8",0,"8",0,"8","","",0,"8",0,"8"
"352190360","P£OCK","2006","09","25","21","9","",0,"8",0,"8","","","",8,"",0,"8",0,"8",0,"",90,"",3,"",0,"",16.2,"",.0,"8","U","",11.8,"",64,"",9.4,"",1003.9,"",1016.9,"",2,.6,"",.0,"8",0,"8","02","0","0","","0","","","0","","","0","","",0,"8",.0,"8",.0,"8","","8",0,"8","","",.0,"8",.0,"8",.0,"8",.0,"8",.0,"8",.0,"8",.0,"8",.0,"8",.0,"8",0,"8",0,"8",0,"8","","",0,"8",0,"8"
"352190360","P£OCK","2006","09","25","22","9","",0,"8",0,"8","","","",8,"",0,"8",0,"8",0,"",90,"",3,"",0,"",15.4,"",.0,"8","U","",11.7,"",67,"",9.3,"",1004.0,"",1017.0,"",2,.4,"",.0,"8",0,"8","02","0","0","","0","","","0","","","0","","",0,"8",.0,"8",.0,"8","","8",0,"8","","",.0,"8",.0,"8",.0,"8",.0,"8",.0,"8",.0,"8",.0,"8",.0,"8",.0,"8",0,"8",0,"8",0,"8","","",0,"8",0,"8"
"352190360","P£OCK","2006","09","25","23","9","",0,"8",0,"8","","","",7,"",0,"8",0,"8",0,"",90,"",4,"",0,"",14.7,"",.0,"8","U","",11.9,"",71,"",9.5,"",1004.2,"",1017.2,"",2,.5,"",.0,"8",0,"8","02","0","0","","0","","","0","","","0","","",0,"8",.0,"8",.0,"8","","8",0,"8","","",.0,"8",.0,"8",.0,"8",.0,"8",.0,"8",.0,"8",.0,"8",.0,"8",.0,"8",0,"8",0,"8",0,"8","","",0,"8",0,"8"
"352190360","P£OCK","2006","09","26","00","9","",0,"8",0,"8","","","",7,"",0,"8",0,"8",0,"",100,"",3,"",0,"",14.4,"",.0,"8","U","",12.1,"",74,"",9.8,"",1004.2,"",1017.3,"",1,.3,"",.0,"9",0,"9","02","0","0","","0","","","0","","","0","","",0,"",.0,"8",.0,"8","","8",0,"8","","",.0,"8",.0,"8",.0,"8",.0,"8",.0,"8",.0,"8",.0,"8",.0,"8",.0,"8",0,"8",0,"8",0,"8","","",0,"8",0,"8"
"352190360","P£OCK","2006","09","26","01","9","",0,"8",0,"8","","","",7,"",0,"8",0,"8",0,"",90,"",3,"",0,"",13.9,"",.0,"8","U","",12.0,"",76,"",9.7,"",1004.3,"",1017.4,"",2,.3,"",.0,"8",0,"8","02","0","0","","0","","","0","","","0","","",0,"8",.0,"8",.0,"8","","8",0,"8","","",.0,"8",.0,"8",.0,"8",.0,"8",.0,"8",.0,"8",.0,"8",.0,"8",.0,"8",0,"8",0,"8",0,"8","","",0,"8",0,"8"
"352190360","P£OCK","2006","09","26","02","9","",0,"8",0,"8","","","",7,"",0,"8",0,"8",0,"",100,"",3,"",0,"",13.1,"",.0,"8","U","",11.9,"",79,"",9.5,"",1004.4,"",1017.5,"",3,.2,"",.0,"8",0,"8","02","0","0","","0","","","0","","","0","","",0,"8",.0,"8",.0,"8","","8",0,"8","","",.0,"8",.0,"8",.0,"8",.0,"8",.0,"8",.0,"8",.0,"8",.0,"8",.0,"8",0,"8",0,"8",0,"8","","",0,"8",0,"8"
"352190360","P£OCK","2006","09","26","03","9","",0,"8",0,"8","","","",7,"",0,"8",0,"8",0,"",100,"",3,"",0,"",12.9,"",.0,"8","U","",11.9,"",80,"",9.5,"",1004.4,"",1017.5,"",1,.2,"",.0,"8",0,"8","02","0","0","","0","","","0","","","0","","",0,"8",.0,"8",.0,"8","","8",0,"8","","",.0,"8",.0,"8",.0,"8",.0,"8",.0,"8",.0,"8",.0,"8",.0,"8",.0,"8",0,"8",0,"8",0,"8","","",0,"8",0,"8"
"352190360","P£OCK","2006","09","26","04","9","",0,"8",0,"8","","","",7,"",0,"8",0,"8",0,"",90,"",3,"",0,"",12.7,"",.0,"8","U","",11.9,"",81,"",9.5,"",1004.6,"",1017.7,"",2,.3,"",.0,"8",0,"8","02","0","0","","0","","","0","","","0","","",0,"8",.0,"8",.0,"8","","8",0,"8","","",.0,"8",.0,"8",.0,"8",.0,"8",.0,"8",.0,"8",.0,"8",.0,"8",.0,"8",0,"8",0,"8",0,"8","","",0,"8",0,"8"
"352190360","P£OCK","2006","09","26","05","9","",0,"8",0,"8","","","",7,"",0,"8",0,"8",0,"",90,"",2,"",0,"",12.0,"",.0,"8","U","",11.6,"",83,"",9.2,"",1004.7,"",1017.9,"",3,.3,"",.0,"8",0,"8","02","0","0","","0","","","0","","","0","","",0,"8",.0,"8",.0,"8","","8",0,"8","","",.0,"8",.0,"8",.0,"8",.0,"8",.0,"8",.0,"8",.0,"8",.0,"8",.0,"8",0,"8",0,"8",0,"8","","",0,"8",0,"8"
"352190360","P£OCK","2006","09","26","06","9","",0,"8",0,"8","","","",7,"",0,"8",0,"8",0,"",100,"",3,"",0,"",13.9,"",.0,"8","U","",12.5,"",79,"",10.3,"",1005.0,"",1018.1,"",2,.6,"",.0,"9",0,"9","02","0","0","","0","","","0","","","0","","",0,"",.0,"8",.0,"8","","8",0,"8","","",.0,"8",.0,"8",.0,"8",.0,"8",.0,"8",.0,"8",.0,"8",.0,"8",.0,"8",0,"8",0,"8",0,"8","","",0,"8",0,"8"
"352190360","P£OCK","2006","09","26","07","9","",0,"8",0,"8","","","",7,"",0,"8",0,"8",0,"",110,"",4,"",0,"",15.6,"",.0,"8","U","",12.6,"",71,"",10.4,"",1005.3,"",1018.3,"",3,.7,"",.0,"8",0,"8","02","0","0","","0","","","0","","","0","","",0,"8",.0,"8",.0,"8","","8",0,"8","","",.0,"8",.0,"8",.0,"8",.0,"8",.0,"8",.0,"8",.0,"8",.0,"8",.0,"8",0,"8",0,"8",0,"8","","",0,"8",0,"8"
"352190360","P£OCK","2006","09","26","08","9","",0,"8",0,"8","","","",7,"",0,"8",0,"8",0,"",120,"",4,"",0,"",17.9,"",.0,"8","U","",13.1,"",64,"",11.0,"",1005.4,"",1018.3,"",1,.7,"",.0,"8",0,"8","02","0","0","","0","","","0","","","0","","",0,"8",.0,"8",.0,"8","","8",0,"8","","",.0,"8",.0,"8",.0,"8",.0,"8",.0,"8",.0,"8",.0,"8",.0,"8",.0,"8",0,"8",0,"8",0,"8","","",0,"8",0,"8"
"352190360","P£OCK","2006","09","26","09","9","",0,"8",0,"8","","","",7,"",0,"8",0,"8",0,"",110,"",4,"",0,"",20.4,"",.0,"8","U","",12.7,"",53,"",10.5,"",1005.2,"",1018.0,"",0,.2,"",.0,"8",0,"8","02","0","0","","0","","","0","","","0","","",0,"8",.0,"8",.0,"8","","8",0,"8","","",.0,"8",.0,"8",.0,"8",.0,"8",.0,"8",.0,"8",.0,"8",.0,"8",.0,"8",0,"8",0,"8",0,"8","","",0,"8",0,"8"
"352190360","P£OCK","2006","09","26","10","9","",0,"8",0,"8","","","",7,"",0,"8",0,"8",0,"",110,"",4,"",0,"",22.0,"",.0,"8","U","",12.4,"",47,"",10.2,"",1004.9,"",1017.6,"",8,-.4,"",.0,"8",0,"8","02","0","0","","0","","","0","","","0","","",0,"8",.0,"8",.0,"8","","8",0,"8","","",.0,"8",.0,"8",.0,"8",.0,"8",.0,"8",.0,"8",.0,"8",.0,"8",.0,"8",0,"8",0,"8",0,"8","","",0,"8",0,"8"
"352190360","P£OCK","2006","09","26","11","9","",0,"8",0,"8","","","",7,"",0,"8",0,"8",0,"",110,"",4,"",0,"",23.0,"",.0,"8","U","",12.3,"",44,"",10.1,"",1004.7,"",1017.4,"",7,-.7,"",.0,"8",0,"8","02","0","0","","0","","","0","","","0","","",0,"8",.0,"8",.0,"8","","8",0,"8","","",.0,"8",.0,"8",.0,"8",.0,"8",.0,"8",.0,"8",.0,"8",.0,"8",.0,"8",0,"8",0,"8",0,"8","","",0,"8",0,"8"
"352190360","P£OCK","2006","09","26","12","9","",0,"8",0,"8","","","",8,"",0,"8",0,"8",0,"",120,"",5,"",0,"",23.1,"",.0,"8","U","",12.1,"",43,"",9.8,"",1004.3,"",1017.0,"",7,-.9,"",.0,"9",0,"9","02","0","0","","0","","","0","","","0","","",0,"",.0,"8",.0,"8","","8",0,"8","","",.0,"8",.0,"8",.0,"8",.0,"8",.0,"8",.0,"8",.0,"8",.0,"8",.0,"8",0,"8",0,"8",0,"8","","",0,"8",0,"8"
"352190360","P£OCK","2006","09","26","13","9","",0,"8",0,"8","","","",8,"",0,"8",0,"8",0,"",110,"",5,"",0,"",23.4,"",.0,"8","U","",11.2,"",39,"",8.7,"",1004.2,"",1016.9,"",7,-.7,"",.0,"8",0,"8","02","0","0","","0","","","0","","","0","","",0,"8",.0,"8",.0,"8","","8",0,"8","","",.0,"8",.0,"8",.0,"8",.0,"8",.0,"8",.0,"8",.0,"8",.0,"8",.0,"8",0,"8",0,"8",0,"8","","",0,"8",0,"8"
"352190360","P£OCK","2006","09","26","14","9","",0,"8",0,"8","","","",8,"",0,"8",0,"8",0,"",110,"",5,"",0,"",23.2,"",.0,"8","U","",11.3,"",40,"",8.8,"",1003.9,"",1016.6,"",7,-.8,"",.0,"8",0,"8","02","0","0","","0","","","0","","","0","","",0,"8",.0,"8",.0,"8","","8",0,"8","","",.0,"8",.0,"8",.0,"8",.0,"8",.0,"8",.0,"8",.0,"8",.0,"8",.0,"8",0,"8",0,"8",0,"8","","",0,"8",0,"8"
"352190360","P£OCK","2006","09","26","15","9","",0,"8",0,"8","","","",8,"",0,"8",0,"8",0,"",120,"",5,"",0,"",22.6,"",.0,"8","U","",12.0,"",44,"",9.7,"",1003.9,"",1016.6,"",6,-.4,"",.0,"8",0,"8","02","0","0","","0","","","0","","","0","","",0,"8",.0,"8",.0,"8","","8",0,"8","","",.0,"8",.0,"8",.0,"8",.0,"8",.0,"8",.0,"8",.0,"8",.0,"8",.0,"8",0,"8",0,"8",0,"8","","",0,"8",0,"8"
"352190360","P£OCK","2006","09","26","16","9","",0,"8",0,"8","","","",8,"",0,"8",0,"8",0,"",100,"",3,"",0,"",20.9,"",.0,"8","U","",12.8,"",52,"",10.7,"",1004.0,"",1016.8,"",5,-.2,"",.0,"8",0,"8","02","0","0","","0","","","0","","","0","","",0,"8",.0,"8",.0,"8","","8",0,"8","","",.0,"8",.0,"8",.0,"8",.0,"8",.0,"8",.0,"8",.0,"8",.0,"8",.0,"8",0,"8",0,"8",0,"8","","",0,"8",0,"8"
"352190360","P£OCK","2006","09","26","17","9","",0,"8",0,"8","","","",7,"",0,"8",0,"8",0,"",90,"",3,"",0,"",18.9,"",.0,"8","U","",13.3,"",61,"",11.2,"",1004.2,"",1017.1,"",3,.3,"",.0,"8",0,"8","02","0","0","","0","","","0","","","0","","",0,"8",.0,"8",.0,"8","","8",0,"8","","",.0,"8",.0,"8",.0,"8",.0,"8",.0,"8",.0,"8",.0,"8",.0,"8",.0,"8",0,"8",0,"8",0,"8","","",0,"8",0,"8"
"352190360","P£OCK","2006","09","26","18","9","",0,"8",0,"8","","","",7,"",0,"8",0,"8",0,"",90,"",4,"",0,"",17.9,"",.0,"8","U","",13.3,"",65,"",11.2,"",1004.6,"",1017.5,"",3,.7,"",.0,"9",0,"9","02","0","0","","0","","","0","","","0","","",0,"",.0,"8",.0,"8","","8",0,"8","","",.0,"8",.0,"8",.0,"8",.0,"8",.0,"8",.0,"8",.0,"8",.0,"8",.0,"8",0,"8",0,"8",0,"8","","",0,"8",0,"8"
"352190360","P£OCK","2006","09","26","19","9","",0,"8",0,"8","","","",7,"",0,"8",0,"8",0,"",100,"",3,"",0,"",17.3,"",.0,"8","U","",13.2,"",67,"",11.1,"",1004.6,"",1017.5,"",1,.6,"",.0,"8",0,"8","02","0","0","","0","","","0","","","0","","",0,"8",.0,"8",.0,"8","","8",0,"8","","",.0,"8",.0,"8",.0,"8",.0,"8",.0,"8",.0,"8",.0,"8",.0,"8",.0,"8",0,"8",0,"8",0,"8","","",0,"8",0,"8"
"352190360","P£OCK","2006","09","26","20","9","",0,"8",0,"8","","","",7,"",0,"8",0,"8",0,"",110,"",3,"",0,"",16.2,"",.0,"8","U","",12.9,"",70,"",10.7,"",1004.7,"",1017.7,"",2,.5,"",.0,"8",0,"8","02","0","0","","0","","","0","","","0","","",0,"8",.0,"8",.0,"8","","8",0,"8","","",.0,"8",.0,"8",.0,"8",.0,"8",.0,"8",.0,"8",.0,"8",.0,"8",.0,"8",0,"8",0,"8",0,"8","","",0,"8",0,"8"
"352190360","P£OCK","2006","09","26","21","9","",0,"8",0,"8","","","",7,"",0,"8",0,"8",0,"",100,"",3,"",0,"",15.6,"",.0,"8","U","",12.7,"",72,"",10.6,"",1004.7,"",1017.7,"",1,.1,"",.0,"8",0,"8","02","0","0","","0","","","0","","","0","","",0,"8",.0,"8",.0,"8","","8",0,"8","","",.0,"8",.0,"8",.0,"8",.0,"8",.0,"8",.0,"8",.0,"8",.0,"8",.0,"8",0,"8",0,"8",0,"8","","",0,"8",0,"8"
"352190360","P£OCK","2006","09","26","22","9","",0,"8",0,"8","","","",7,"",0,"8",0,"8",0,"",110,"",3,"",0,"",15.4,"",.0,"8","U","",12.7,"",73,"",10.6,"",1004.5,"",1017.5,"",8,-.1,"",.0,"8",0,"8","02","0","0","","0","","","0","","","0","","",0,"8",.0,"8",.0,"8","","8",0,"8","","",.0,"8",.0,"8",.0,"8",.0,"8",.0,"8",.0,"8",.0,"8",.0,"8",.0,"8",0,"8",0,"8",0,"8","","",0,"8",0,"8"
"352190360","P£OCK","2006","09","26","23","9","",0,"8",0,"8","","","",7,"",0,"8",0,"8",0,"",110,"",3,"",0,"",14.9,"",.0,"8","U","",12.7,"",75,"",10.5,"",1004.3,"",1017.3,"",8,-.4,"",.0,"8",0,"8","02","0","0","","0","","","0","","","0","","",0,"8",.0,"8",.0,"8","","8",0,"8","","",.0,"8",.0,"8",.0,"8",.0,"8",.0,"8",.0,"8",.0,"8",.0,"8",.0,"8",0,"8",0,"8",0,"8","","",0,"8",0,"8"
"352190360","P£OCK","2006","09","27","00","9","",0,"8",0,"8","","","",7,"",0,"8",0,"8",0,"",110,"",3,"",0,"",14.3,"",.0,"8","U","",12.7,"",78,"",10.5,"",1004.0,"",1017.1,"",7,-.7,"",.0,"9",0,"9","02","0","0","","0","","","0","","","0","","",0,"",.0,"8",.0,"8","","8",0,"8","","",.0,"8",.0,"8",.0,"8",.0,"8",.0,"8",.0,"8",.0,"8",.0,"8",.0,"8",0,"8",0,"8",0,"8","","",0,"8",0,"8"
"352190360","P£OCK","2006","09","27","01","9","",0,"8",0,"8","","","",7,"",0,"8",0,"8",0,"",110,"",3,"",0,"",13.7,"",.0,"8","U","",12.4,"",79,"",10.1,"",1003.8,"",1016.9,"",7,-.7,"",.0,"8",0,"8","02","0","0","","0","","","0","","","0","","",0,"8",.0,"8",.0,"8","","8",0,"8","","",.0,"8",.0,"8",.0,"8",.0,"8",.0,"8",.0,"8",.0,"8",.0,"8",.0,"8",0,"8",0,"8",0,"8","","",0,"8",0,"8"
"352190360","P£OCK","2006","09","27","02","9","",0,"8",0,"8","","","",7,"",0,"8",0,"8",0,"",110,"",3,"",0,"",13.4,"",.0,"8","U","",12.3,"",80,"",10.0,"",1003.6,"",1016.7,"",7,-.7,"",.0,"8",0,"8","02","0","0","","0","","","0","","","0","","",0,"8",.0,"8",.0,"8","","8",0,"8","","",.0,"8",.0,"8",.0,"8",.0,"8",.0,"8",.0,"8",.0,"8",.0,"8",.0,"8",0,"8",0,"8",0,"8","","",0,"8",0,"8"
"352190360","P£OCK","2006","09","27","03","9","",0,"8",0,"8","","","",7,"",0,"8",0,"8",0,"",100,"",2,"",0,"",12.8,"",.0,"8","U","",12.1,"",82,"",9.8,"",1003.2,"",1016.3,"",8,-.8,"",.0,"8",0,"8","02","0","0","","0","","","0","","","0","","",0,"8",.0,"8",.0,"8","","8",0,"8","","",.0,"8",.0,"8",.0,"8",.0,"8",.0,"8",.0,"8",.0,"8",.0,"8",.0,"8",0,"8",0,"8",0,"8","","",0,"8",0,"8"
"352190360","P£OCK","2006","09","27","04","9","",0,"8",0,"8","","","",7,"",0,"8",0,"8",0,"",110,"",3,"",0,"",12.1,"",.0,"8","U","",11.7,"",83,"",9.3,"",1002.9,"",1016.0,"",7,-.9,"",.0,"8",0,"8","02","0","0","","0","","","0","","","0","","",0,"8",.0,"8",.0,"8","","8",0,"8","","",.0,"8",.0,"8",.0,"8",.0,"8",.0,"8",.0,"8",.0,"8",.0,"8",.0,"8",0,"8",0,"8",0,"8","","",0,"8",0,"8"
"352190360","P£OCK","2006","09","27","05","9","",0,"8",0,"8","","","",7,"",0,"8",0,"8",0,"",110,"",2,"",0,"",11.7,"",.0,"8","U","",11.7,"",85,"",9.3,"",1002.8,"",1016.0,"",6,-.8,"",.0,"8",0,"8","02","0","0","","0","","","0","","","0","","",0,"8",.0,"8",.0,"8","","8",0,"8","","",.0,"8",.0,"8",.0,"8",.0,"8",.0,"8",.0,"8",.0,"8",.0,"8",.0,"8",0,"8",0,"8",0,"8","","",0,"8",0,"8"
"352190360","P£OCK","2006","09","27","06","9","",0,"8",0,"8","","","",7,"",0,"8",0,"8",0,"",100,"",3,"",0,"",13.1,"",.0,"8","U","",12.3,"",82,"",10.1,"",1002.8,"",1015.9,"",6,-.4,"",.0,"9",0,"9","02","0","0","","0","","","0","","","0","","",0,"",.0,"8",.0,"8","","8",0,"8","","",.0,"8",.0,"8",.0,"8",.0,"8",.0,"8",.0,"8",.0,"8",.0,"8",.0,"8",0,"8",0,"8",0,"8","","",0,"8",0,"8"
"352190360","P£OCK","2006","09","27","07","9","",0,"8",0,"8","","","",7,"",0,"8",0,"8",1,"",120,"",4,"",0,"",14.9,"",.0,"8","U","",12.8,"",76,"",10.7,"",1002.6,"",1015.6,"",7,-.3,"",.0,"8",0,"8","03","0","1","","0","","","3","","","0","","",0,"8",.0,"8",.0,"8","","8",0,"8","","",.0,"8",.0,"8",.0,"8",.0,"8",.0,"8",.0,"8",.0,"8",.0,"8",.0,"8",0,"8",0,"8",0,"8","","",0,"8",0,"8"
"352190360","P£OCK","2006","09","27","08","9","",0,"8",0,"8","","","",7,"",0,"8",0,"8",1,"",130,"",4,"",0,"",15.9,"",.0,"8","U","",12.8,"",71,"",10.6,"",1002.4,"",1015.4,"",8,-.4,"",.0,"8",0,"8","02","0","1","","0","","","3","","","0","","",0,"8",.0,"8",.0,"8","","8",0,"8","","",.0,"8",.0,"8",.0,"8",.0,"8",.0,"8",.0,"8",.0,"8",.0,"8",.0,"8",0,"8",0,"8",0,"8","","",0,"8",0,"8"
"352190360","P£OCK","2006","09","27","09","9","",0,"8",0,"8","","","",7,"",0,"8",0,"8",0,"",190,"",2,"",0,"",18.2,"",.0,"8","U","",13.8,"",66,"",11.7,"",1002.2,"",1015.1,"",7,-.6,"",.0,"8",0,"8","01","0","0","","0","","","0","","","0","","",0,"8",.0,"8",.0,"8","","8",0,"8","","",.0,"8",.0,"8",.0,"8",.0,"8",.0,"8",.0,"8",.0,"8",.0,"8",.0,"8",0,"8",0,"8",0,"8","","",0,"8",0,"8"
"352190360","P£OCK","2006","09","27","10","9","",0,"8",0,"8","","","",7,"",0,"8",0,"8",0,"",160,"",2,"",0,"",19.8,"",.0,"8","U","",14.3,"",62,"",12.3,"",1001.8,"",1014.6,"",8,-.8,"",.0,"8",0,"8","02","0","0","","0","","","0","","","0","","",0,"8",.0,"8",.0,"8","","8",0,"8","","",.0,"8",.0,"8",.0,"8",.0,"8",.0,"8",.0,"8",.0,"8",.0,"8",.0,"8",0,"8",0,"8",0,"8","","",0,"8",0,"8"
"352190360","P£OCK","2006","09","27","11","9","",0,"8",0,"8","","","",7,"",0,"8",0,"8",0,"",160,"",3,"",0,"",20.1,"",.0,"8","U","",13.6,"",58,"",11.6,"",1001.6,"",1014.4,"",7,-.8,"",.0,"8",0,"8","02","0","0","","0","","","0","","","0","","",0,"8",.0,"8",.0,"8","","8",0,"8","","",.0,"8",.0,"8",.0,"8",.0,"8",.0,"8",.0,"8",.0,"8",.0,"8",.0,"8",0,"8",0,"8",0,"8","","",0,"8",0,"8"
"352190360","P£OCK","2006","09","27","12","9","",0,"8",0,"8","","","",7,"",0,"8",0,"8",0,"",140,"",3,"",0,"",21.2,"",.0,"8","U","",14.1,"",56,"",12.1,"",1001.2,"",1013.9,"",7,-1.0,"",.0,"9",0,"9","02","0","0","","0","","","0","","","0","","",0,"",.0,"8",.0,"8","","8",0,"8","","",.0,"8",.0,"8",.0,"8",.0,"8",.0,"8",.0,"8",.0,"8",.0,"8",.0,"8",0,"8",0,"8",0,"8","","",0,"8",0,"8"
"352190360","P£OCK","2006","09","27","13","9","",0,"8",0,"8","","","",7,"",0,"8",0,"8",0,"",160,"",2,"",0,"",22.7,"",.0,"8","U","",14.3,"",52,"",12.3,"",1000.8,"",1013.4,"",8,-1.0,"",.0,"8",0,"8","02","0","0","","0","","","0","","","0","","",0,"8",.0,"8",.0,"8","","8",0,"8","","",.0,"8",.0,"8",.0,"8",.0,"8",.0,"8",.0,"8",.0,"8",.0,"8",.0,"8",0,"8",0,"8",0,"8","","",0,"8",0,"8"
"352190360","P£OCK","2006","09","27","14","9","",0,"8",0,"8","","","",7,"",0,"8",0,"8",0,"",160,"",2,"",0,"",23.0,"",.0,"8","U","",13.7,"",49,"",11.7,"",1000.5,"",1013.1,"",7,-1.1,"",.0,"8",0,"8","02","0","0","","0","","","0","","","0","","",0,"8",.0,"8",.0,"8","","8",0,"8","","",.0,"8",.0,"8",.0,"8",.0,"8",.0,"8",.0,"8",.0,"8",.0,"8",.0,"8",0,"8",0,"8",0,"8","","",0,"8",0,"8"
"352190360","P£OCK","2006","09","27","15","9","",0,"8",0,"8","","","",7,"",0,"8",0,"8",0,"",150,"",2,"",0,"",22.8,"",.0,"8","U","",13.8,"",50,"",11.8,"",1000.3,"",1012.9,"",6,-.9,"",.0,"8",0,"8","02","0","0","","0","","","0","","","0","","",0,"8",.0,"8",.0,"8","","8",0,"8","","",.0,"8",.0,"8",.0,"8",.0,"8",.0,"8",.0,"8",.0,"8",.0,"8",.0,"8",0,"8",0,"8",0,"8","","",0,"8",0,"8"
"352190360","P£OCK","2006","09","27","16","9","",0,"8",0,"8","","","",7,"",0,"8",0,"8",0,"",100,"",2,"",0,"",20.9,"",.0,"8","U","",14.1,"",57,"",12.1,"",1000.1,"",1012.8,"",7,-.7,"",.0,"8",0,"8","02","0","0","","0","","","0","","","0","","",0,"8",.0,"8",.0,"8","","8",0,"8","","",.0,"8",.0,"8",.0,"8",.0,"8",.0,"8",.0,"8",.0,"8",.0,"8",.0,"8",0,"8",0,"8",0,"8","","",0,"8",0,"8"
"352190360","P£OCK","2006","09","27","17","9","",0,"8",0,"8","","","",7,"",0,"8",0,"8",0,"",90,"",1,"",0,"",17.9,"",.0,"8","U","",13.5,"",66,"",11.5,"",1000.0,"",1012.8,"",7,-.5,"",.0,"8",0,"8","02","0","0","","0","","","0","","","0","","",0,"8",.0,"8",.0,"8","","8",0,"8","","",.0,"8",.0,"8",.0,"8",.0,"8",.0,"8",.0,"8",.0,"8",.0,"8",.0,"8",0,"8",0,"8",0,"8","","",0,"8",0,"8"
"352190360","P£OCK","2006","09","27","18","9","",0,"8",0,"8","","","",6,"",0,"8",0,"8",0,"",80,"",1,"",0,"",16.5,"",.0,"8","U","",13.7,"",73,"",11.6,"",1000.1,"",1013.0,"",5,-.2,"",.0,"9",0,"9","10","0","0","","0","","","0","","","0","","",0,"",.0,"8",.0,"8","","8",0,"8","","",.0,"8",.0,"8",.0,"8",.0,"8",.0,"8",.0,"8",.0,"8",.0,"8",.0,"8",0,"8",0,"8",0,"8","","",0,"8",0,"8"
"352190360","P£OCK","2006","09","27","19","9","",0,"8",0,"8","","","",6,"",0,"8",0,"8",0,"",90,"",2,"",0,"",15.1,"",.0,"8","U","",13.4,"",78,"",11.3,"",999.8,"",1012.8,"",7,-.3,"",.0,"8",0,"8","10","0","0","","0","","","0","","","0","","",0,"8",.0,"8",.0,"8","","8",0,"8","","",.0,"8",.0,"8",.0,"8",.0,"8",.0,"8",.0,"8",.0,"8",.0,"8",.0,"8",0,"8",0,"8",0,"8","","",0,"8",0,"8"
"352190360","P£OCK","2006","09","27","20","9","",0,"8",0,"8","","","",6,"",0,"8",0,"8",1,"",90,"",1,"",0,"",14.9,"",.0,"8","U","",13.4,"",79,"",11.3,"",999.6,"",1012.6,"",8,-.4,"",.0,"8",0,"8","10","0","0","","0","","","0","","","1","","",0,"8",.0,"8",.0,"8","","8",0,"8","","",.0,"8",.0,"8",.0,"8",.0,"8",.0,"8",.0,"8",.0,"8",.0,"8",.0,"8",0,"8",0,"8",0,"8","","",0,"8",0,"8"
"352190360","P£OCK","2006","09","27","21","9","",0,"8",0,"8","","","",6,"",0,"8",0,"8",0,"",0,"",0,"",0,"",13.4,"",.0,"8","U","",12.4,"",81,"",10.2,"",999.5,"",1012.5,"",6,-.6,"",.0,"8",0,"8","10","0","0","","0","","","0","","","0","","",0,"8",.0,"8",.0,"8","","8",0,"8","","",.0,"8",.0,"8",.0,"8",.0,"8",.0,"8",.0,"8",.0,"8",.0,"8",.0,"8",0,"8",0,"8",0,"8","","",0,"8",0,"8"
"352190360","P£OCK","2006","09","27","22","7","",0,"8",0,"8","","","",6,"",0,"8",0,"8",4,"",0,"",0,"",0,"",12.6,"",.0,"8","U","",12.5,"",86,"",10.3,"",999.4,"",1012.5,"",7,-.4,"",.0,"8",0,"8","10","0","2","","5","","","3","","","1","","",0,"8",.0,"8",.0,"8","","8",0,"8","","",.0,"8",.0,"8",.0,"8",.0,"8",.0,"8",.0,"8",.0,"8",.0,"8",.0,"8",0,"8",0,"8",0,"8","","",0,"8",0,"8"
"352190360","P£OCK","2006","09","27","23","9","",0,"8",0,"8","","","",6,"",0,"8",0,"8",3,"",0,"",0,"",0,"",12.1,"",.0,"8","U","",12.5,"",89,"",10.3,"",999.1,"",1012.2,"",8,-.5,"",.0,"8",0,"8","10","0","2","","0","","","3","","","1","","",0,"8",.0,"8",.0,"8","","8",0,"8","","",.0,"8",.0,"8",.0,"8",.0,"8",.0,"8",.0,"8",.0,"8",.0,"8",.0,"8",0,"8",0,"8",0,"8","","",0,"8",0,"8"
"352190360","P£OCK","2006","09","28","00","9","",0,"8",0,"8","","","",5,"",0,"8",0,"8",4,"",130,"",1,"",0,"",11.8,"",.0,"8","U","",12.3,"",89,"",10.0,"",998.9,"",1012.0,"",7,-.6,"",.0,"9",0,"9","10","0","4","","0","","","5","","","0","","",0,"",.0,"8",.0,"8","","8",0,"8","","",.0,"8",.0,"8",.0,"8",.0,"8",.0,"8",.0,"8",.0,"8",.0,"8",.0,"8",0,"8",0,"8",0,"8","","",0,"8",0,"8"
"352190360","P£OCK","2006","09","28","01","9","",0,"8",0,"8","","","",5,"",0,"8",0,"8",4,"",330,"",1,"",0,"",12.2,"",.0,"8","U","",13.2,"",93,"",11.1,"",998.6,"",1011.7,"",7,-.8,"",.0,"8",0,"8","10","0","4","","0","","","3","","","0","","",0,"8",.0,"8",.0,"8","","8",0,"8","","",.0,"8",.0,"8",.0,"8",.0,"8",.0,"8",.0,"8",.0,"8",.0,"8",.0,"8",0,"8",0,"8",0,"8","","",0,"8",0,"8"
"352190360","P£OCK","2006","09","28","02","9","",0,"8",0,"8","","","",5,"",0,"8",0,"8",5,"",0,"",0,"",0,"",11.7,"",.0,"8","U","",12.5,"",91,"",10.3,"",998.5,"",1011.6,"",7,-.6,"",.0,"8",0,"8","10","1","5","","0","","","5","","","0","","",0,"8",.0,"8",.0,"8","","8",0,"8","","",.0,"8",.0,"8",.0,"8",.0,"8",.0,"8",.0,"8",.0,"8",.0,"8",.0,"8",0,"8",0,"8",0,"8","","",0,"8",0,"8"
"352190360","P£OCK","2006","09","28","03","9","",0,"8",0,"8","","","",5,"",0,"8",0,"8",4,"",330,"",1,"",0,"",12.1,"",.0,"8","U","",13.1,"",93,"",11.0,"",998.4,"",1011.5,"",6,-.5,"",.0,"8",0,"8","10","1","4","","0","","","3","","","0","","",0,"8",.0,"8",.0,"8","","8",0,"8","","",.0,"8",.0,"8",.0,"8",.0,"8",.0,"8",.0,"8",.0,"8",.0,"8",.0,"8",0,"8",0,"8",0,"8","","",0,"8",0,"8"
"352190360","P£OCK","2006","09","28","04","/","",0,"8",0,"8","","","",2,"",0,"8",0,"8",9,"",0,"",0,"",0,"",11.3,"",.0,"8","U","",12.4,"",93,"",10.2,"",998.5,"",1011.6,"",5,-.1,"",.0,"8",0,"8","47","0","9","","/","","","/","","","/","","",0,"8",.0,"8",.0,"8","","8",0,"8","","",.0,"8",.0,"8",.0,"8",.0,"8",.0,"8",.0,"8",.0,"8",.0,"8",.0,"8",0,"8",0,"8",0,"8","","",0,"8",0,"8"
"352190360","P£OCK","2006","09","28","05","1","",0,"8",0,"8","","","",1,"",0,"8",0,"8",8,"",320,"",2,"",0,"",12.2,"",.0,"8","U","",13.5,"",95,"",11.4,"",998.8,"",1011.9,"",3,.3,"",.0,"8",0,"8","46","4","8","","6","","","/","","","/","","",0,"8",.0,"8",.0,"8","","8",0,"8","","",.0,"8",.0,"8",.0,"8",.0,"8",.0,"8",.0,"8",.0,"8",.0,"8",.0,"8",0,"8",0,"8",0,"8","","",0,"8",0,"8"
"352190360","P£OCK","2006","09","28","06","1","",0,"8",0,"8","","","",2,"",0,"8",0,"8",8,"",320,"",2,"",0,"",13.6,"",.0,"8","U","",14.9,"",96,"",13.0,"",999.0,"",1012.0,"",2,.6,"",.0,"9",0,"9","42","1","8","","6","","","/","","","/","","",0,"",.0,"8",.0,"8","","8",0,"8","","",.0,"8",.0,"8",.0,"8",.0,"8",.0,"8",.0,"8",.0,"8",.0,"8",.0,"8",0,"8",0,"8",0,"8","","",0,"8",0,"8"
"352190360","P£OCK","2006","09","28","07","2","",0,"8",0,"8","","","",4,"",0,"8",0,"8",8,"",340,"",3,"",0,"",14.5,"",.0,"8","U","",15.8,"",96,"",13.9,"",999.1,"",1012.1,"",1,.6,"",.0,"8",0,"8","28","4","8","","6","","","/","","","/","","",0,"8",.0,"8",.0,"8","","8",0,"8","","",.0,"8",.0,"8",.0,"8",.0,"8",.0,"8",.0,"8",.0,"8",.0,"8",.0,"8",0,"8",0,"8",0,"8","","",0,"8",0,"8"
"352190360","P£OCK","2006","09","28","08","2","",0,"8",0,"8","","","",4,"",0,"8",0,"8",8,"",360,"",2,"",0,"",15.1,"",.0,"8","U","",16.1,"",94,"",14.1,"",999.4,"",1012.4,"",2,.6,"",.0,"8",0,"8","10","2","8","","6","","","/","","","/","","",0,"8",.0,"8",.0,"8","","8",0,"8","","",.0,"8",.0,"8",.0,"8",.0,"8",.0,"8",.0,"8",.0,"8",.0,"8",.0,"8",0,"8",0,"8",0,"8","","",0,"8",0,"8"
"352190360","P£OCK","2006","09","28","09","4","",0,"8",0,"8","","","",5,"",0,"8",0,"8",7,"",300,"",2,"",0,"",16.0,"",.0,"8","U","",16.1,"",89,"",14.2,"",999.4,"",1012.3,"",1,.4,"",.0,"8",0,"8","25","4","5","","9","","","3","","","/","","",0,"8",.0,"8",.0,"8","","8",0,"8","","",.0,"8",.0,"8",.0,"8",.0,"8",.0,"8",.0,"8",.0,"8",.0,"8",.0,"8",0,"8",0,"8",0,"8","","",0,"8",0,"8"
"352190360","P£OCK","2006","09","28","10","4","",0,"8",0,"8","","","",6,"",0,"8",0,"8",7,"",320,"",2,"",0,"",17.4,"",.0,"8","U","",15.9,"",80,"",13.9,"",999.3,"",1012.2,"",0,.2,"",.0,"8",0,"8","10","2","7","","5","","","/","","","/","","",0,"8",.0,"8",.0,"8","","8",0,"8","","",.0,"8",.0,"8",.0,"8",.0,"8",.0,"8",.0,"8",.0,"8",.0,"8",.0,"8",0,"8",0,"8",0,"8","","",0,"8",0,"8"
"352190360","P£OCK","2006","09","28","11","5","",0,"8",0,"8","","","",7,"",0,"8",0,"8",7,"",330,"",2,"",0,"",17.4,"",.0,"8","U","",15.1,"",76,"",13.1,"",999.4,"",1012.3,"",4,.0,"",.0,"8",0,"8","02","2","7","","5","","","/","","","/","","",0,"8",.0,"8",.0,"8","","8",0,"8","","",.0,"8",.0,"8",.0,"8",.0,"8",.0,"8",.0,"8",.0,"8",.0,"8",.0,"8",0,"8",0,"8",0,"8","","",0,"8",0,"8"
"352190360","P£OCK","2006","09","28","12","5","",0,"8",0,"8","","","",7,"",0,"8",0,"8",8,"",340,"",2,"",0,"",16.8,"",.0,"8","U","",15.3,"",80,"",13.3,"",999.5,"",1012.4,"",3,.1,"",.0,"",6,"","80","4","8","","9","","","/","","","/","","",0,"",.0,"8",.0,"8","","8",0,"8","","",.0,"8",.0,"8",.0,"8",.0,"8",.0,"8",.0,"8",.0,"8",.0,"8",.0,"8",0,"8",0,"8",0,"8","","",0,"8",0,"8"
"352190360","P£OCK","2006","09","28","13","5","",0,"8",0,"8","","","",7,"",0,"8",0,"8",8,"",340,"",2,"",0,"",16.8,"",.0,"8","U","",15.3,"",80,"",13.3,"",999.5,"",1012.4,"",1,.2,"",.0,"8",0,"8","25","8","8","","9","","","/","","","/","","",0,"8",.0,"8",.0,"8","","8",0,"8","","",.0,"8",.0,"8",.0,"8",.0,"8",.0,"8",.0,"8",.0,"8",.0,"8",.0,"8",0,"8",0,"8",0,"8","","",0,"8",0,"8"
"352190360","P£OCK","2006","09","28","14","6","",0,"8",0,"8","","","",8,"",0,"8",0,"8",7,"",310,"",2,"",0,"",16.7,"",.0,"8","U","",15.0,"",79,"",13.0,"",999.4,"",1012.3,"",0,.0,"",.0,"8",0,"8","01","2","5","","5","","","3","","","/","","",0,"8",.0,"8",.0,"8","","8",0,"8","","",.0,"8",.0,"8",.0,"8",.0,"8",.0,"8",.0,"8",.0,"8",.0,"8",.0,"8",0,"8",0,"8",0,"8","","",0,"8",0,"8"
"352190360","P£OCK","2006","09","28","15","6","",0,"8",0,"8","","","",8,"",0,"8",0,"8",7,"",330,"",2,"",0,"",17.2,"",.0,"8","U","",14.7,"",75,"",12.7,"",999.3,"",1012.2,"",8,-.2,"",.0,"8",0,"8","01","8","3","","5","","","3","","","/","","",0,"8",.0,"8",.0,"8","","8",0,"8","","",.0,"8",.0,"8",.0,"8",.0,"8",.0,"8",.0,"8",.0,"8",.0,"8",.0,"8",0,"8",0,"8",0,"8","","",0,"8",0,"8"
"352190360","P£OCK","2006","09","28","16","7","",0,"8",0,"8","","","",8,"",0,"8",0,"8",5,"",330,"",1,"",0,"",16.5,"",.0,"8","U","",14.2,"",76,"",12.3,"",999.2,"",1012.1,"",7,-.3,"",.0,"8",0,"8","01","2","2","","5","","","3","","","0","","",0,"8",.0,"8",.0,"8","","8",0,"8","","",.0,"8",.0,"8",.0,"8",.0,"8",.0,"8",.0,"8",.0,"8",.0,"8",.0,"8",0,"8",0,"8",0,"8","","",0,"8",0,"8"
"352190360","P£OCK","2006","09","28","17","7","",0,"8",0,"8","","","",7,"",0,"8",0,"8",7,"",330,"",1,"",0,"",14.9,"",.0,"8","U","",13.9,"",82,"",11.9,"",999.4,"",1012.4,"",5,.0,"",.0,"8",0,"8","03","2","5","","5","","","3","","","/","","",0,"8",.0,"8",.0,"8","","8",0,"8","","",.0,"8",.0,"8",.0,"8",.0,"8",.0,"8",.0,"8",.0,"8",.0,"8",.0,"8",0,"8",0,"8",0,"8","","",0,"8",0,"8"
"352190360","P£OCK","2006","09","28","18","9","",0,"8",0,"8","","","",7,"",0,"8",0,"8",3,"",360,"",2,"",0,"",13.7,"",.0,"8","U","",13.3,"",85,"",11.2,"",999.7,"",1012.7,"",3,.4,"",.0,"",6,"","01","8","3","","0","","","3","","","0","","",0,"",.0,"8",.0,"8","","8",0,"8","","",.0,"8",.0,"8",.0,"8",.0,"8",.0,"8",.0,"8",.0,"8",.0,"8",.0,"8",0,"8",0,"8",0,"8","","",0,"8",0,"8"
"352190360","P£OCK","2006","09","28","19","9","",0,"8",0,"8","","","",6,"",0,"8",0,"8",4,"",0,"",0,"",0,"",13.0,"",.0,"8","U","",13.0,"",87,"",10.9,"",999.8,"",1012.9,"",2,.6,"",.0,"8",0,"8","10","0","4","","0","","","3","","","0","","",0,"8",.0,"8",.0,"8","","8",0,"8","","",.0,"8",.0,"8",.0,"8",.0,"8",.0,"8",.0,"8",.0,"8",.0,"8",.0,"8",0,"8",0,"8",0,"8","","",0,"8",0,"8"
"352190360","P£OCK","2006","09","28","20","9","",0,"8",0,"8","","","",6,"",0,"8",0,"8",4,"",0,"",0,"",0,"",11.9,"",.0,"8","U","",12.1,"",87,"",9.8,"",1000.0,"",1013.1,"",2,.6,"",.0,"8",0,"8","10","0","4","","0","","","3","","","0","","",0,"8",.0,"8",.0,"8","","8",0,"8","","",.0,"8",.0,"8",.0,"8",.0,"8",.0,"8",.0,"8",.0,"8",.0,"8",.0,"8",0,"8",0,"8",0,"8","","",0,"8",0,"8"
"352190360","P£OCK","2006","09","28","21","9","",0,"8",0,"8","","","",6,"",0,"8",0,"8",2,"",0,"",0,"",0,"",10.6,"",.0,"8","U","",11.6,"",91,"",9.2,"",1000.0,"",1013.2,"",1,.3,"",.0,"8",0,"8","10","0","2","","0","","","3","","","0","","",0,"8",.0,"8",.0,"8","","8",0,"8","","",.0,"8",.0,"8",.0,"8",.0,"8",.0,"8",.0,"8",.0,"8",.0,"8",.0,"8",0,"8",0,"8",0,"8","","",0,"8",0,"8"
"352190360","P£OCK","2006","09","28","22","9","",0,"8",0,"8","","","",6,"",0,"8",0,"8",6,"",0,"",0,"",0,"",10.8,"",.0,"8","U","",12.2,"",94,"",9.9,"",1000.2,"",1013.4,"",2,.4,"",.0,"8",0,"8","10","1","6","","0","","","5","","","0","","",0,"8",.0,"8",.0,"8","","8",0,"8","","",.0,"8",.0,"8",.0,"8",.0,"8",.0,"8",.0,"8",.0,"8",.0,"8",.0,"8",0,"8",0,"8",0,"8","","",0,"8",0,"8"
"352190360","P£OCK","2006","09","28","23","9","",0,"8",0,"8","","","",6,"",0,"8",0,"8",3,"",100,"",1,"",0,"",10.3,"",.0,"8","U","",11.6,"",93,"",9.2,"",1000.2,"",1013.4,"",1,.2,"",.0,"8",0,"8","10","1","3","","0","","","3","","","0","","",0,"8",.0,"8",.0,"8","","8",0,"8","","",.0,"8",.0,"8",.0,"8",.0,"8",.0,"8",.0,"8",.0,"8",.0,"8",.0,"8",0,"8",0,"8",0,"8","","",0,"8",0,"8"
"352190360","P£OCK","2006","09","29","00","9","",0,"8",0,"8","","","",4,"",0,"8",0,"8",2,"",0,"",0,"",0,"",9.6,"",.0,"8","U","",11.2,"",94,"",8.7,"",1000.3,"",1013.5,"",2,.3,"",.0,"9",0,"9","10","1","2","","0","","","3","","","0","","",0,"",.0,"8",.0,"8","","8",0,"8","","",.0,"8",.0,"8",.0,"8",.0,"8",.0,"8",.0,"8",.0,"8",.0,"8",.0,"8",0,"8",0,"8",0,"8","","",0,"8",0,"8"
"352190360","P£OCK","2006","09","29","01","9","",0,"8",0,"8","","","",5,"",0,"8",0,"8",3,"",0,"",0,"",0,"",9.1,"",.0,"8","U","",10.8,"",94,"",8.2,"",1000.5,"",1013.8,"",3,.3,"",.0,"8",0,"8","10","0","3","","0","","","3","","","0","","",0,"8",.0,"8",.0,"8","","8",0,"8","","",.0,"8",.0,"8",.0,"8",.0,"8",.0,"8",.0,"8",.0,"8",.0,"8",.0,"8",0,"8",0,"8",0,"8","","",0,"8",0,"8"
"352190360","P£OCK","2006","09","29","02","9","",0,"8",0,"8","","","",1,"",0,"8",0,"8",0,"",0,"",0,"",0,"",8.7,"",.0,"8","U","",10.6,"",94,"",7.8,"",1000.5,"",1013.8,"",1,.3,"",.0,"8",0,"8","46","0","0","","0","","","0","","","0","","",0,"8",.0,"8",.0,"8","","8",0,"8","","",.0,"8",.0,"8",.0,"8",.0,"8",.0,"8",.0,"8",.0,"8",.0,"8",.0,"8",0,"8",0,"8",0,"8","","",0,"8",0,"8"
"352190360","P£OCK","2006","09","29","03","9","",0,"8",0,"8","","","",1,"",0,"8",0,"8",0,"",0,"",0,"",0,"",7.9,"",.0,"8","U","",10.1,"",95,"",7.1,"",1000.7,"",1014.0,"",2,.4,"",.0,"8",0,"8","42","0","0","","0","","","0","","","0","","",0,"8",.0,"8",.0,"8","","8",0,"8","","",.0,"8",.0,"8",.0,"8",.0,"8",.0,"8",.0,"8",.0,"8",.0,"8",.0,"8",0,"8",0,"8",0,"8","","",0,"8",0,"8"
"352190360","P£OCK","2006","09","29","04","9","",0,"8",0,"8","","","",1,"",0,"8",0,"8",3,"",120,"",1,"",0,"",7.7,"",.0,"8","U","",10.0,"",95,"",6.9,"",1000.6,"",1013.9,"",0,.1,"",.0,"8",0,"8","46","4","3","","0","","","3","","","0","","",0,"8",.0,"8",.0,"8","","8",0,"8","","",.0,"8",.0,"8",.0,"8",.0,"8",.0,"8",.0,"8",.0,"8",.0,"8",.0,"8",0,"8",0,"8",0,"8","","",0,"8",0,"8"
"352190360","P£OCK","2006","09","29","05","2","",0,"8",0,"8","","","",5,"",0,"8",0,"8",7,"",0,"",0,"",0,"",9.0,"",.0,"8","U","",11.0,"",96,"",8.4,"",1001.2,"",1014.5,"",2,.7,"",.0,"8",0,"8","28","1","4","","6","","","3","","","/","","",0,"8",.0,"8",.0,"8","","8",0,"8","","",.0,"8",.0,"8",.0,"8",.0,"8",.0,"8",.0,"8",.0,"8",.0,"8",.0,"8",0,"8",0,"8",0,"8","","",0,"8",0,"8"
"352190360","P£OCK","2006","09","29","06","7","",0,"8",0,"8","","","",5,"",0,"8",0,"8",7,"",0,"",0,"",0,"",11.0,"",.0,"8","U","",12.6,"",96,"",10.4,"",1001.3,"",1014.5,"",3,.6,"",.0,"9",0,"9","10","4","2","","5","","","5","","","/","","",0,"",.0,"8",.0,"8","","8",0,"8","","",.0,"8",.0,"8",.0,"8",.0,"8",.0,"8",.0,"8",.0,"8",.0,"8",.0,"8",0,"8",0,"8",0,"8","","",0,"8",0,"8"
"352190360","P£OCK","2006","09","29","07","9","",0,"8",0,"8","","","",6,"",0,"8",0,"8",5,"",230,"",1,"",0,"",13.8,"",.0,"8","U","",15.1,"",96,"",13.2,"",1001.7,"",1014.8,"",2,1.1,"",.0,"8",0,"8","25","2","4","","0","","","3","","","1","","",0,"8",.0,"8",.0,"8","","8",0,"8","","",.0,"8",.0,"8",.0,"8",.0,"8",.0,"8",.0,"8",.0,"8",.0,"8",.0,"8",0,"8",0,"8",0,"8","","",0,"8",0,"8"
"352190360","P£OCK","2006","09","29","08","9","",0,"8",0,"8","","","",6,"",0,"8",0,"8",6,"",240,"",1,"",0,"",15.0,"",.0,"8","U","",14.6,"",86,"",12.7,"",1002.1,"",1015.1,"",3,.9,"",.0,"8",0,"8","10","2","3","","0","","","3","","","6","","",0,"8",.0,"8",.0,"8","","8",0,"8","","",.0,"8",.0,"8",.0,"8",.0,"8",.0,"8",.0,"8",.0,"8",.0,"8",.0,"8",0,"8",0,"8",0,"8","","",0,"8",0,"8"
"352190360","P£OCK","2006","09","29","09","9","",0,"8",0,"8","","","",6,"",0,"8",0,"8",6,"",200,"",2,"",0,"",17.3,"",.0,"8","U","",14.8,"",75,"",12.8,"",1002.2,"",1015.1,"",1,.9,"",.0,"8",0,"8","10","8","2","","0","","","3","","","6","","",0,"8",.0,"8",.0,"8","","8",0,"8","","",.0,"8",.0,"8",.0,"8",.0,"8",.0,"8",.0,"8",.0,"8",.0,"8",.0,"8",0,"8",0,"8",0,"8","","",0,"8",0,"8"
"352190360","P£OCK","2006","09","29","10","5","",0,"8",0,"8","","","",7,"",0,"8",0,"8",5,"",300,"",3,"",0,"",17.7,"",.0,"8","U","",13.7,"",68,"",11.7,"",1002.1,"",1015.0,"",0,.4,"",.0,"8",0,"8","03","2","2","","2","","","3","","","8","","",0,"8",.0,"8",.0,"8","","8",0,"8","","",.0,"8",.0,"8",.0,"8",.0,"8",.0,"8",.0,"8",.0,"8",.0,"8",.0,"8",0,"8",0,"8",0,"8","","",0,"8",0,"8"
"352190360","P£OCK","2006","09","29","11","5","",0,"8",0,"8","","","",7,"",0,"8",0,"8",4,"",310,"",3,"",0,"",18.1,"",.0,"8","U","",12.6,"",61,"",10.5,"",1002.0,"",1014.9,"",8,-.1,"",.0,"8",0,"8","01","1","2","","2","","","3","","","1","","",0,"8",.0,"8",.0,"8","","8",0,"8","","",.0,"8",.0,"8",.0,"8",.0,"8",.0,"8",.0,"8",.0,"8",.0,"8",.0,"8",0,"8",0,"8",0,"8","","",0,"8",0,"8"
"352190360","P£OCK","2006","09","29","12","5","",0,"8",0,"8","","","",8,"",0,"8",0,"8",3,"",310,"",3,"",0,"",18.8,"",.0,"8","U","",12.3,"",57,"",10.1,"",1001.7,"",1014.5,"",8,-.5,"",.0,"",6,"","01","8","2","","2","","","3","","","1","","",0,"",.0,"8",.0,"8","","8",0,"8","","",.0,"8",.0,"8",.0,"8",.0,"8",.0,"8",.0,"8",.0,"8",.0,"8",.0,"8",0,"8",0,"8",0,"8","","",0,"8",0,"8"
"352190360","P£OCK","2006","09","29","13","6","",0,"8",0,"8","","","",8,"",0,"8",0,"8",3,"",290,"",3,"",0,"",20.5,"",.0,"8","U","",12.3,"",51,"",10.0,"",1001.4,"",1014.1,"",8,-.7,"",.0,"8",0,"8","02","0","2","","2","","","3","","","1","","",0,"8",.0,"8",.0,"8","","8",0,"8","","",.0,"8",.0,"8",.0,"8",.0,"8",.0,"8",.0,"8",.0,"8",.0,"8",.0,"8",0,"8",0,"8",0,"8","","",0,"8",0,"8"
"352190360","P£OCK","2006","09","29","14","6","",0,"8",0,"8","","","",8,"",0,"8",0,"8",3,"",230,"",2,"",0,"",21.0,"",.0,"8","U","",11.9,"",48,"",9.6,"",1001.1,"",1013.8,"",7,-.9,"",.0,"8",0,"8","01","0","1","","2","","","3","","","1","","",0,"8",.0,"8",.0,"8","","8",0,"8","","",.0,"8",.0,"8",.0,"8",.0,"8",.0,"8",.0,"8",.0,"8",.0,"8",.0,"8",0,"8",0,"8",0,"8","","",0,"8",0,"8"
"352190360","P£OCK","2006","09","29","15","9","",0,"8",0,"8","","","",8,"",0,"8",0,"8",1,"",220,"",2,"",0,"",20.5,"",.0,"8","U","",12.0,"",50,"",9.7,"",1000.9,"",1013.6,"",7,-.8,"",.0,"8",0,"8","01","0","0","","0","","","0","","","1","","",0,"8",.0,"8",.0,"8","","8",0,"8","","",.0,"8",.0,"8",.0,"8",.0,"8",.0,"8",.0,"8",.0,"8",.0,"8",.0,"8",0,"8",0,"8",0,"8","","",0,"8",0,"8"
"352190360","P£OCK","2006","09","29","16","9","",0,"8",0,"8","","","",8,"",0,"8",0,"8",1,"",200,"",1,"",0,"",18.5,"",.0,"8","U","",12.3,"",58,"",10.1,"",1000.9,"",1013.7,"",6,-.5,"",.0,"8",0,"8","02","0","0","","0","","","0","","","1","","",0,"8",.0,"8",.0,"8","","8",0,"8","","",.0,"8",.0,"8",.0,"8",.0,"8",.0,"8",.0,"8",.0,"8",.0,"8",.0,"8",0,"8",0,"8",0,"8","","",0,"8",0,"8"
"352190360","P£OCK","2006","09","29","17","9","",0,"8",0,"8","","","",7,"",0,"8",0,"8",1,"",150,"",1,"",0,"",14.4,"",.0,"8","U","",11.6,"",71,"",9.2,"",1001.0,"",1014.0,"",5,-.1,"",.0,"8",0,"8","03","0","1","","0","","","3","","","0","","",0,"8",.0,"8",.0,"8","","8",0,"8","","",.0,"8",.0,"8",.0,"8",.0,"8",.0,"8",.0,"8",.0,"8",.0,"8",.0,"8",0,"8",0,"8",0,"8","","",0,"8",0,"8"
"352190360","P£OCK","2006","09","29","18","9","",0,"8",0,"8","","","",6,"",0,"8",0,"8",1,"",0,"",0,"",0,"",13.0,"",.0,"8","U","",11.7,"",78,"",9.3,"",1001.4,"",1014.5,"",3,.5,"",.0,"9",0,"9","10","0","1","","0","","","3","","","0","","",0,"",.0,"8",.0,"8","","8",0,"8","","",.0,"8",.0,"8",.0,"8",.0,"8",.0,"8",.0,"8",.0,"8",.0,"8",.0,"8",0,"8",0,"8",0,"8","","",0,"8",0,"8"
"352190360","P£OCK","2006","09","29","19","9","",0,"8",0,"8","","","",6,"",0,"8",0,"8",1,"",100,"",1,"",0,"",12.1,"",.0,"8","U","",11.8,"",84,"",9.5,"",1001.7,"",1014.8,"",2,.8,"",.0,"8",0,"8","10","0","1","","0","","","3","","","0","","",0,"8",.0,"8",.0,"8","","8",0,"8","","",.0,"8",.0,"8",.0,"8",.0,"8",.0,"8",.0,"8",.0,"8",.0,"8",.0,"8",0,"8",0,"8",0,"8","","",0,"8",0,"8"
"352190360","P£OCK","2006","09","29","20","9","",0,"8",0,"8","","","",6,"",0,"8",0,"8",0,"",0,"",0,"",0,"",10.9,"",.0,"8","U","",11.1,"",85,"",8.5,"",1001.8,"",1015.0,"",1,.8,"",.0,"8",0,"8","10","0","0","","0","","","0","","","0","","",0,"8",.0,"8",.0,"8","","8",0,"8","","",.0,"8",.0,"8",.0,"8",.0,"8",.0,"8",.0,"8",.0,"8",.0,"8",.0,"8",0,"8",0,"8",0,"8","","",0,"8",0,"8"
"352190360","P£OCK","2006","09","29","21","9","",0,"8",0,"8","","","",6,"",0,"8",0,"8",0,"",90,"",1,"",0,"",10.1,"",.0,"8","U","",10.7,"",87,"",8.0,"",1001.9,"",1015.1,"",1,.5,"",.0,"8",0,"8","10","0","0","","0","","","0","","","0","","",0,"8",.0,"8",.0,"8","","8",0,"8","","",.0,"8",.0,"8",.0,"8",.0,"8",.0,"8",.0,"8",.0,"8",.0,"8",.0,"8",0,"8",0,"8",0,"8","","",0,"8",0,"8"
"352190360","P£OCK","2006","09","29","22","9","",0,"8",0,"8","","","",5,"",0,"8",0,"8",0,"",70,"",1,"",0,"",9.9,"",.0,"8","U","",10.8,"",89,"",8.2,"",1002.0,"",1015.2,"",2,.3,"",.0,"8",0,"8","10","0","0","","0","","","0","","","0","","",0,"8",.0,"8",.0,"8","","8",0,"8","","",.0,"8",.0,"8",.0,"8",.0,"8",.0,"8",.0,"8",.0,"8",.0,"8",.0,"8",0,"8",0,"8",0,"8","","",0,"8",0,"8"
"352190360","P£OCK","2006","09","29","23","9","",0,"8",0,"8","","","",5,"",0,"8",0,"8",0,"",100,"",1,"",0,"",9.7,"",.0,"8","U","",10.9,"",91,"",8.3,"",1002.1,"",1015.3,"",2,.3,"",.0,"8",0,"8","10","0","0","","0","","","0","","","0","","",0,"8",.0,"8",.0,"8","","8",0,"8","","",.0,"8",.0,"8",.0,"8",.0,"8",.0,"8",.0,"8",.0,"8",.0,"8",.0,"8",0,"8",0,"8",0,"8","","",0,"8",0,"8"
"352190360","P£OCK","2006","09","30","00","9","",0,"8",0,"8","","","",4,"",0,"8",0,"8",0,"",100,"",1,"",0,"",9.4,"",.0,"8","U","",10.8,"",92,"",8.2,"",1002.1,"",1015.4,"",1,.2,"",.0,"9",0,"9","10","0","0","","0","","","0","","","0","","",0,"",.0,"8",.0,"8","","8",0,"8","","",.0,"8",.0,"8",.0,"8",.0,"8",.0,"8",.0,"8",.0,"8",.0,"8",.0,"8",0,"8",0,"8",0,"8","","",0,"8",0,"8"
"352190360","P£OCK","2006","09","30","01","9","",0,"8",0,"8","","","",5,"",0,"8",0,"8",0,"",100,"",1,"",0,"",8.9,"",.0,"8","U","",10.5,"",92,"",7.7,"",1002.0,"",1015.3,"",0,.0,"",.0,"8",0,"8","10","0","0","","0","","","0","","","0","","",0,"8",.0,"8",.0,"8","","8",0,"8","","",.0,"8",.0,"8",.0,"8",.0,"8",.0,"8",.0,"8",.0,"8",.0,"8",.0,"8",0,"8",0,"8",0,"8","","",0,"8",0,"8"
"352190360","P£OCK","2006","09","30","02","9","",0,"8",0,"8","","","",4,"",0,"8",0,"8",0,"",100,"",1,"",0,"",8.9,"",.0,"8","U","",10.6,"",93,"",7.8,"",1002.0,"",1015.3,"",6,-.1,"",.0,"8",0,"8","10","0","0","","0","","","0","","","0","","",0,"8",.0,"8",.0,"8","","8",0,"8","","",.0,"8",.0,"8",.0,"8",.0,"8",.0,"8",.0,"8",.0,"8",.0,"8",.0,"8",0,"8",0,"8",0,"8","","",0,"8",0,"8"
"352190360","P£OCK","2006","09","30","03","9","",0,"8",0,"8","","","",4,"",0,"8",0,"8",0,"",0,"",0,"",0,"",9.0,"",.0,"8","U","",10.8,"",94,"",8.1,"",1002.1,"",1015.4,"",5,.0,"",.0,"8",0,"8","10","0","0","","0","","","0","","","0","","",0,"8",.0,"8",.0,"8","","8",0,"8","","",.0,"8",.0,"8",.0,"8",.0,"8",.0,"8",.0,"8",.0,"8",.0,"8",.0,"8",0,"8",0,"8",0,"8","","",0,"8",0,"8"
"352190360","P£OCK","2006","09","30","04","9","",0,"8",0,"8","","","",3,"",0,"8",0,"8",1,"",100,"",1,"",0,"",8.3,"",.0,"8","U","",10.3,"",94,"",7.4,"",1001.9,"",1015.2,"",8,-.1,"",.0,"8",0,"8","46","4","0","","0","","","0","","","1","","",0,"8",.0,"8",.0,"8","","8",0,"8","","",.0,"8",.0,"8",.0,"8",.0,"8",.0,"8",.0,"8",.0,"8",.0,"8",.0,"8",0,"8",0,"8",0,"8","","",0,"8",0,"8"
"352190360","P£OCK","2006","09","30","05","9","",0,"8",0,"8","","","",3,"",0,"8",0,"8",1,"",110,"",1,"",0,"",8.0,"",.0,"8","U","",10.1,"",94,"",7.1,"",1002.2,"",1015.5,"",2,.2,"",.0,"8",0,"8","46","4","0","","0","","","0","","","1","","",0,"8",.0,"8",.0,"8","","8",0,"8","","",.0,"8",.0,"8",.0,"8",.0,"8",.0,"8",.0,"8",.0,"8",.0,"8",.0,"8",0,"8",0,"8",0,"8","","",0,"8",0,"8"
"352190360","P£OCK","2006","09","30","06","9","",0,"8",0,"8","","","",5,"",0,"8",0,"8",1,"",130,"",2,"",0,"",10.6,"",.0,"8","U","",12.3,"",96,"",10.0,"",1002.5,"",1015.7,"",3,.4,"",.0,"9",0,"9","28","0","0","","0","","","0","","","1","","",0,"",.0,"8",.0,"8","","8",0,"8","","",.0,"8",.0,"8",.0,"8",.0,"8",.0,"8",.0,"8",.0,"8",.0,"8",.0,"8",0,"8",0,"8",0,"8","","",0,"8",0,"8"
"352190360","P£OCK","2006","09","30","07","9","",0,"8",0,"8","","","",6,"",0,"8",0,"8",2,"",160,"",1,"",0,"",14.0,"",.0,"8","U","",13.7,"",86,"",11.7,"",1002.8,"",1015.9,"",2,.9,"",.0,"8",0,"8","10","0","0","","0","","","0","","","1","","",0,"8",.0,"8",.0,"8","","8",0,"8","","",.0,"8",.0,"8",.0,"8",.0,"8",.0,"8",.0,"8",.0,"8",.0,"8",.0,"8",0,"8",0,"8",0,"8","","",0,"8",0,"8"
"352190360","P£OCK","2006","09","30","08","9","",0,"8",0,"8","","","",6,"",0,"8",0,"8",3,"",190,"",2,"",0,"",16.9,"",.0,"8","U","",13.8,"",72,"",11.8,"",1002.7,"",1015.6,"",0,.5,"",.0,"8",0,"8","10","0","0","","0","","","0","","","1","","",0,"8",.0,"8",.0,"8","","8",0,"8","","",.0,"8",.0,"8",.0,"8",.0,"8",.0,"8",.0,"8",.0,"8",.0,"8",.0,"8",0,"8",0,"8",0,"8","","",0,"8",0,"8"
"352190360","P£OCK","2006","09","30","09","9","",0,"8",0,"8","","","",7,"",0,"8",0,"8",3,"",180,"",2,"",0,"",18.7,"",.0,"8","U","",13.6,"",63,"",11.5,"",1002.6,"",1015.4,"",0,.1,"",.0,"8",0,"8","02","0","0","","0","","","0","","","1","","",0,"8",.0,"8",.0,"8","","8",0,"8","","",.0,"8",.0,"8",.0,"8",.0,"8",.0,"8",.0,"8",.0,"8",.0,"8",.0,"8",0,"8",0,"8",0,"8","","",0,"8",0,"8"
"352190360","P£OCK","2006","09","30","10","9","",0,"8",0,"8","","","",7,"",0,"8",0,"8",3,"",170,"",3,"",0,"",20.1,"",.0,"8","U","",13.6,"",58,"",11.6,"",1002.5,"",1015.3,"",7,-.3,"",.0,"8",0,"8","02","0","0","","0","","","0","","","1","","",0,"8",.0,"8",.0,"8","","8",0,"8","","",.0,"8",.0,"8",.0,"8",.0,"8",.0,"8",.0,"8",.0,"8",.0,"8",.0,"8",0,"8",0,"8",0,"8","","",0,"8",0,"8"
"352190360","P£OCK","2006","09","30","11","9","",0,"8",0,"8","","","",7,"",0,"8",0,"8",3,"",160,"",4,"",0,"",21.3,"",.0,"8","U","",12.9,"",51,"",10.7,"",1002.2,"",1014.9,"",8,-.5,"",.0,"8",0,"8","02","0","0","","0","","","0","","","1","","",0,"8",.0,"8",.0,"8","","8",0,"8","","",.0,"8",.0,"8",.0,"8",.0,"8",.0,"8",.0,"8",.0,"8",.0,"8",.0,"8",0,"8",0,"8",0,"8","","",0,"8",0,"8"
"352190360","P£OCK","2006","09","30","12","9","",0,"8",0,"8","","","",8,"",0,"8",0,"8",3,"",160,"",4,"",0,"",22.0,"",.0,"8","U","",12.1,"",46,"",9.8,"",1001.7,"",1014.4,"",8,-.9,"",.0,"9",0,"9","02","0","0","","0","","","0","","","1","","",0,"",.0,"8",.0,"8","","8",0,"8","","",.0,"8",.0,"8",.0,"8",.0,"8",.0,"8",.0,"8",.0,"8",.0,"8",.0,"8",0,"8",0,"8",0,"8","","",0,"8",0,"8"
"352190360","P£OCK","2006","09","30","13","9","",0,"8",0,"8","","","",8,"",0,"8",0,"8",5,"",170,"",4,"",0,"",22.6,"",.0,"8","U","",11.5,"",42,"",9.0,"",1001.3,"",1014.0,"",7,-1.2,"",.0,"8",0,"8","03","1","0","","0","","","0","","","6","","",0,"8",.0,"8",.0,"8","","8",0,"8","","",.0,"8",.0,"8",.0,"8",.0,"8",.0,"8",.0,"8",.0,"8",.0,"8",.0,"8",0,"8",0,"8",0,"8","","",0,"8",0,"8"
"352190360","P£OCK","2006","09","30","14","9","",0,"8",0,"8","","","",8,"",0,"8",0,"8",6,"",160,"",3,"",0,"",22.8,"",.0,"8","U","",11.4,"",41,"",8.9,"",1001.2,"",1013.8,"",6,-1.0,"",.0,"8",0,"8","03","2","0","","0","","","0","","","6","","",0,"8",.0,"8",.0,"8","","8",0,"8","","",.0,"8",.0,"8",.0,"8",.0,"8",.0,"8",.0,"8",.0,"8",.0,"8",.0,"8",0,"8",0,"8",0,"8","","",0,"8",0,"8"
"352190360","P£OCK","2006","09","30","15","9","",0,"8",0,"8","","","",8,"",0,"8",0,"8",5,"",140,"",3,"",0,"",22.1,"",.0,"8","U","",11.4,"",43,"",8.9,"",1001.0,"",1013.7,"",7,-.7,"",.0,"8",0,"8","01","1","0","","0","","","0","","","8","","",0,"8",.0,"8",.0,"8","","8",0,"8","","",.0,"8",.0,"8",.0,"8",.0,"8",.0,"8",.0,"8",.0,"8",.0,"8",.0,"8",0,"8",0,"8",0,"8","","",0,"8",0,"8"
"352190360","P£OCK","2006","09","30","16","9","",0,"8",0,"8","","","",8,"",0,"8",0,"8",5,"",120,"",2,"",0,"",19.5,"",.0,"8","U","",12.0,"",53,"",9.7,"",1001.1,"",1013.9,"",5,-.2,"",.0,"8",0,"8","02","2","0","","0","","","0","","","8","","",0,"8",.0,"8",.0,"8","","8",0,"8","","",.0,"8",.0,"8",.0,"8",.0,"8",.0,"8",.0,"8",.0,"8",.0,"8",.0,"8",0,"8",0,"8",0,"8","","",0,"8",0,"8"
"352190360","P£OCK","2006","09","30","17","9","",0,"8",0,"8","","","",7,"",0,"8",0,"8",4,"",120,"",2,"",0,"",17.3,"",.0,"8","U","",12.2,"",62,"",9.9,"",1001.3,"",1014.2,"",3,.1,"",.0,"8",0,"8","03","1","1","","0","","","3","","","8","","",0,"8",.0,"8",.0,"8","","8",0,"8","","",.0,"8",.0,"8",.0,"8",.0,"8",.0,"8",.0,"8",.0,"8",.0,"8",.0,"8",0,"8",0,"8",0,"8","","",0,"8",0,"8"
"352190360","P£OCK","2006","09","30","18","9","",0,"8",0,"8","","","",7,"",0,"8",0,"8",6,"",110,"",2,"",0,"",16.1,"",.0,"8","U","",12.2,"",67,"",10.0,"",1001.5,"",1014.4,"",2,.5,"",.0,"9",0,"9","01","1","0","","0","","","0","","","6","","",0,"",.0,"8",.0,"8","","8",0,"8","","",.0,"8",.0,"8",.0,"8",.0,"8",.0,"8",.0,"8",.0,"8",.0,"8",.0,"8",0,"8",0,"8",0,"8","","",0,"8",0,"8"
"352190360","P£OCK","2006","09","30","19","9","",0,"8",0,"8","","","",7,"",0,"8",0,"8",7,"",130,"",3,"",0,"",16.2,"",.0,"8","U","",12.5,"",68,"",10.3,"",1001.5,"",1014.4,"",1,.4,"",.0,"8",0,"8","03","2","6","","0","","","5","","","6","","",0,"8",.0,"8",.0,"8","","8",0,"8","","",.0,"8",.0,"8",.0,"8",.0,"8",.0,"8",.0,"8",.0,"8",.0,"8",.0,"8",0,"8",0,"8",0,"8","","",0,"8",0,"8"
"352190360","P£OCK","2006","09","30","20","9","",0,"8",0,"8","","","",7,"",0,"8",0,"8",8,"",140,"",2,"",0,"",17.1,"",.0,"8","U","",13.0,"",67,"",10.9,"",1001.5,"",1014.4,"",1,.2,"",.0,"8",0,"8","03","2","8","","0","","","3","","","/","","",0,"8",.0,"8",.0,"8","","8",0,"8","","",.0,"8",.0,"8",.0,"8",.0,"8",.0,"8",.0,"8",.0,"8",.0,"8",.0,"8",0,"8",0,"8",0,"8","","",0,"8",0,"8"
"352190360","P£OCK","2006","09","30","21","9","",0,"8",0,"8","","","",7,"",0,"8",0,"8",8,"",140,"",1,"",0,"",15.9,"",.0,"8","U","",13.0,"",72,"",10.9,"",1001.6,"",1014.6,"",3,.1,"",.0,"8",0,"8","02","2","8","","0","","","3","","","/","","",0,"8",.0,"8",.0,"8","","8",0,"8","","",.0,"8",.0,"8",.0,"8",.0,"8",.0,"8",.0,"8",.0,"8",.0,"8",.0,"8",0,"8",0,"8",0,"8","","",0,"8",0,"8"
"352190360","P£OCK","2006","09","30","22","9","",0,"8",0,"8","","","",7,"",0,"8",0,"8",8,"",140,"",1,"",0,"",15.0,"",.0,"8","U","",12.9,"",76,"",10.8,"",1001.5,"",1014.5,"",0,.0,"",.0,"8",0,"8","02","2","8","","0","","","3","","","/","","",0,"8",.0,"8",.0,"8","","8",0,"8","","",.0,"8",.0,"8",.0,"8",.0,"8",.0,"8",.0,"8",.0,"8",.0,"8",.0,"8",0,"8",0,"8",0,"8","","",0,"8",0,"8"
"352190360","P£OCK","2006","09","30","23","9","",0,"8",0,"8","","","",6,"",0,"8",0,"8",7,"",130,"",2,"",0,"",14.8,"",.0,"8","U","",13.1,"",78,"",11.0,"",1001.4,"",1014.4,"",8,-.1,"",.0,"8",0,"8","10","2","7","","0","","","3","","","/","","",0,"8",.0,"8",.0,"8","","8",0,"8","","",.0,"8",.0,"8",.0,"8",.0,"8",.0,"8",.0,"8",.0,"8",.0,"8",.0,"8",0,"8",0,"8",0,"8","","",0,"8",0,"8"
"352190360","P£OCK","2006","10","01","00","9","",0,"8",0,"8","","","",6,"",0,"8",0,"8",7,"",140,"",1,"",0,"",14.5,"",.0,"8","U","",13.0,"",79,"",10.9,"",1001.1,"",1014.1,"",8,-.5,"",.0,"9",0,"9","10","2","7","","0","","","3","","","/","","",0,"",.0,"8",.0,"8","","8",0,"8","","",.0,"8",.0,"8",.0,"8",.0,"8",.0,"8",.0,"8",.0,"8",.0,"8",.0,"8",0,"8",0,"8",0,"8","","",0,"8",0,"8"
"352190360","P£OCK","2006","10","01","01","9","",0,"8",0,"8","","","",6,"",0,"8",0,"8",2,"",120,"",1,"",0,"",13.0,"",.0,"8","U","",12.4,"",83,"",10.2,"",1001.1,"",1014.2,"",6,-.4,"",.0,"8",0,"8","10","1","2","","0","","","3","","","0","","",0,"8",.0,"8",.0,"8","","8",0,"8","","",.0,"8",.0,"8",.0,"8",.0,"8",.0,"8",.0,"8",.0,"8",.0,"8",.0,"8",0,"8",0,"8",0,"8","","",0,"8",0,"8"
"352190360","P£OCK","2006","10","01","02","9","",0,"8",0,"8","","","",6,"",0,"8",0,"8",0,"",120,"",2,"",0,"",12.3,"",.0,"8","U","",12.1,"",85,"",9.8,"",1001.1,"",1014.2,"",6,-.3,"",.0,"8",0,"8","10","0","0","","0","","","0","","","0","","",0,"8",.0,"8",.0,"8","","8",0,"8","","",.0,"8",.0,"8",.0,"8",.0,"8",.0,"8",.0,"8",.0,"8",.0,"8",.0,"8",0,"8",0,"8",0,"8","","",0,"8",0,"8"
"352190360","P£OCK","2006","10","01","03","9","",0,"8",0,"8","","","",5,"",0,"8",0,"8",0,"",150,"",2,"",0,"",11.1,"",.0,"8","U","",11.5,"",87,"",9.0,"",1001.0,"",1014.2,"",8,-.1,"",.0,"8",0,"8","10","1","0","","0","","","0","","","0","","",0,"8",.0,"8",.0,"8","","8",0,"8","","",.0,"8",.0,"8",.0,"8",.0,"8",.0,"8",.0,"8",.0,"8",.0,"8",.0,"8",0,"8",0,"8",0,"8","","",0,"8",0,"8"
"352190360","P£OCK","2006","10","01","04","9","",0,"8",0,"8","","","",5,"",0,"8",0,"8",1,"",130,"",2,"",0,"",10.7,"",.0,"8","U","",11.4,"",89,"",9.0,"",1001.0,"",1014.2,"",6,-.1,"",.0,"8",0,"8","10","0","1","","0","","","3","","","0","","",0,"8",.0,"8",.0,"8","","8",0,"8","","",.0,"8",.0,"8",.0,"8",.0,"8",.0,"8",.0,"8",.0,"8",.0,"8",.0,"8",0,"8",0,"8",0,"8","","",0,"8",0,"8"
"352190360","P£OCK","2006","10","01","05","9","",0,"8",0,"8","","","",5,"",0,"8",0,"8",4,"",140,"",2,"",0,"",11.1,"",.0,"8","U","",12.4,"",94,"",10.2,"",1000.9,"",1014.1,"",7,-.2,"",.0,"8",0,"8","10","0","4","","0","","","5","","","0","","",0,"8",.0,"8",.0,"8","","8",0,"8","","",.0,"8",.0,"8",.0,"8",.0,"8",.0,"8",.0,"8",.0,"8",.0,"8",.0,"8",0,"8",0,"8",0,"8","","",0,"8",0,"8"
"352190360","P£OCK","2006","10","01","06","9","",0,"8",0,"8","","","",5,"",0,"8",0,"8",6,"",150,"",1,"",0,"",12.6,"",.0,"8","U","",13.4,"",92,"",11.3,"",1001.1,"",1014.2,"",3,.1,"",.0,"9",0,"9","10","1","6","","0","","","5","","","0","","",0,"",.0,"8",.0,"8","","8",0,"8","","",.0,"8",.0,"8",.0,"8",.0,"8",.0,"8",.0,"8",.0,"8",.0,"8",.0,"8",0,"8",0,"8",0,"8","","",0,"8",0,"8"
"352190360","P£OCK","2006","10","01","07","9","",0,"8",0,"8","","","",5,"",0,"8",0,"8",7,"",180,"",1,"",0,"",14.1,"",.0,"8","U","",14.1,"",88,"",12.1,"",1001.1,"",1014.1,"",1,.1,"",.0,"8",0,"8","10","2","7","","0","","","5","","","/","","",0,"8",.0,"8",.0,"8","","8",0,"8","","",.0,"8",.0,"8",.0,"8",.0,"8",.0,"8",.0,"8",.0,"8",.0,"8",.0,"8",0,"8",0,"8",0,"8","","",0,"8",0,"8"
"352190360","P£OCK","2006","10","01","08","5","",0,"8",0,"8","","","",6,"",0,"8",0,"8",7,"",130,"",2,"",0,"",14.9,"",.0,"8","U","",14.4,"",85,"",12.4,"",1001.1,"",1014.1,"",1,.2,"",.0,"8",0,"8","10","2","1","","2","","","3","","","/","","",0,"8",.0,"8",.0,"8","","8",0,"8","","",.0,"8",.0,"8",.0,"8",.0,"8",.0,"8",.0,"8",.0,"8",.0,"8",.0,"8",0,"8",0,"8",0,"8","","",0,"8",0,"8"
"352190360","P£OCK","2006","10","01","09","9","",0,"8",0,"8","","","",6,"",0,"8",0,"8",7,"",160,"",2,"",0,"",17.4,"",.0,"8","U","",15.3,"",77,"",13.3,"",1001.3,"",1014.2,"",3,.2,"",.0,"8",0,"8","10","2","5","","0","","","3","","","8","","",0,"8",.0,"8",.0,"8","","8",0,"8","","",.0,"8",.0,"8",.0,"8",.0,"8",.0,"8",.0,"8",.0,"8",.0,"8",.0,"8",0,"8",0,"8",0,"8","","",0,"8",0,"8"
"352190360","P£OCK","2006","10","01","10","9","",0,"8",0,"8","","","",7,"",0,"8",0,"8",7,"",180,"",2,"",0,"",19.3,"",.0,"8","U","",15.4,"",69,"",13.5,"",1000.9,"",1013.7,"",8,-.2,"",.0,"8",0,"8","02","2","5","","0","","","3","","","8","","",0,"8",.0,"8",.0,"8","","8",0,"8","","",.0,"8",.0,"8",.0,"8",.0,"8",.0,"8",.0,"8",.0,"8",.0,"8",.0,"8",0,"8",0,"8",0,"8","","",0,"8",0,"8"
"352190360","P£OCK","2006","10","01","11","9","",0,"8",0,"8","","","",7,"",0,"8",0,"8",8,"",170,"",2,"",0,"",19.6,"",.0,"8","U","",15.9,"",70,"",14.0,"",1000.9,"",1013.7,"",6,-.2,"",.0,"8",0,"8","03","2","5","","0","","","3","","","7","","",0,"8",.0,"8",.0,"8","","8",0,"8","","",.0,"8",.0,"8",.0,"8",.0,"8",.0,"8",.0,"8",.0,"8",.0,"8",.0,"8",0,"8",0,"8",0,"8","","",0,"8",0,"8"
"352190360","P£OCK","2006","10","01","12","5","",0,"8",0,"8","","","",6,"",0,"8",0,"8",8,"",170,"",2,"",0,"",19.6,"",.0,"8","U","",16.8,"",74,"",14.8,"",1000.9,"",1013.7,"",6,-.4,"",.0,"",6,"","80","2","3","","9","","","3","","","/","","",0,"",.0,"8",.0,"8","","8",0,"8","","",.0,"8",.0,"8",.0,"8",.0,"8",.0,"8",.0,"8",.0,"8",.0,"8",.0,"8",0,"8",0,"8",0,"8","","",0,"8",0,"8"
"352190360","P£OCK","2006","10","01","13","5","",0,"8",0,"8","","","",6,"",0,"8",0,"8",8,"",220,"",2,"",0,"",19.6,"",.0,"8","U","",16.8,"",74,"",14.8,"",1000.9,"",1013.7,"",4,.0,"",.0,"8",0,"8","80","8","5","","9","","","3","","","/","","",0,"8",.0,"8",.0,"8","","8",0,"8","","",.0,"8",.0,"8",.0,"8",.0,"8",.0,"8",.0,"8",.0,"8",.0,"8",.0,"8",0,"8",0,"8",0,"8","","",0,"8",0,"8"
"352190360","P£OCK","2006","10","01","14","3","",0,"8",0,"8","","","",6,"",0,"8",0,"8",8,"",280,"",4,"",0,"",16.3,"",.0,"8","U","",16.6,"",90,"",14.7,"",1001.2,"",1014.1,"",3,.3,"",.0,"8",0,"8","80","8","4","","9","","","3","","","/","","",0,"8",.0,"8",.0,"8","","8",0,"8","","",.0,"8",.0,"8",.0,"8",.0,"8",.0,"8",.0,"8",.0,"8",.0,"8",.0,"8",0,"8",0,"8",0,"8","","",0,"8",0,"8"
"352190360","P£OCK","2006","10","01","15","4","",0,"8",0,"8","","","",6,"",0,"8",0,"8",8,"",320,"",2,"",0,"",15.8,"",.0,"8","U","",16.1,"",90,"",14.2,"",1000.6,"",1013.5,"",8,-.3,"",.0,"8",0,"8","81","8","4","","9","","","3","","","/","","",0,"8",.0,"8",.0,"8","","8",0,"8","","",.0,"8",.0,"8",.0,"8",.0,"8",.0,"8",.0,"8",.0,"8",.0,"8",.0,"8",0,"8",0,"8",0,"8","","",0,"8",0,"8"
"352190360","P£OCK","2006","10","01","16","5","",0,"8",0,"8","","","",6,"",0,"8",0,"8",8,"",140,"",1,"",0,"",15.4,"",.0,"8","U","",15.7,"",90,"",13.8,"",1000.6,"",1013.6,"",6,-.3,"",.0,"8",0,"8","80","8","4","","9","","","3","","","/","","",0,"8",.0,"8",.0,"8","","8",0,"8","","",.0,"8",.0,"8",.0,"8",.0,"8",.0,"8",.0,"8",.0,"8",.0,"8",.0,"8",0,"8",0,"8",0,"8","","",0,"8",0,"8"
"352190360","P£OCK","2006","10","01","17","5","",0,"8",0,"8","","","",6,"",0,"8",0,"8",8,"",110,"",2,"",0,"",14.9,"",.0,"8","U","",15.6,"",92,"",13.6,"",1000.1,"",1013.1,"",7,-1.1,"",.0,"8",0,"8","80","8","4","","9","","","3","","","/","","",0,"8",.0,"8",.0,"8","","8",0,"8","","",.0,"8",.0,"8",.0,"8",.0,"8",.0,"8",.0,"8",.0,"8",.0,"8",.0,"8",0,"8",0,"8",0,"8","","",0,"8",0,"8"
"352190360","P£OCK","2006","10","01","18","5","",0,"8",0,"8","","","",6,"",0,"8",0,"8",8,"",0,"",0,"",0,"",14.7,"",.0,"8","U","",15.4,"",92,"",13.4,"",1000.3,"",1013.3,"",5,-.3,"",5.3,"",6,"","25","8","2","","9","","","3","","","/","","",2,"",.0,"8",.0,"8","","8",0,"8","","",.0,"8",.0,"8",.0,"8",.0,"8",.0,"8",.0,"8",.0,"8",.0,"8",.0,"8",0,"8",0,"8",0,"8","","",0,"8",0,"8"
"352190360","P£OCK","2006","10","01","19","2","",0,"8",0,"8","","","",6,"",0,"8",0,"8",8,"",0,"",0,"",0,"",14.6,"",.0,"8","U","",15.4,"",93,"",13.5,"",1000.1,"",1013.1,"",7,-.5,"",.0,"8",0,"8","10","2","7","","6","","","/","","","/","","",0,"8",.0,"8",.0,"8","","8",0,"8","","",.0,"8",.0,"8",.0,"8",.0,"8",.0,"8",.0,"8",.0,"8",.0,"8",.0,"8",0,"8",0,"8",0,"8","","",0,"8",0,"8"
"352190360","P£OCK","2006","10","01","20","1","",0,"8",0,"8","","","",5,"",0,"8",0,"8",8,"",170,"",1,"",0,"",14.8,"",.0,"8","U","",15.8,"",94,"",13.8,"",999.9,"",1012.9,"",8,-.2,"",.0,"8",0,"8","10","2","8","","6","","","/","","","/","","",0,"8",.0,"8",.0,"8","","8",0,"8","","",.0,"8",.0,"8",.0,"8",.0,"8",.0,"8",.0,"8",.0,"8",.0,"8",.0,"8",0,"8",0,"8",0,"8","","",0,"8",0,"8"
"352190360","P£OCK","2006","10","01","21","2","",0,"8",0,"8","","","",5,"",0,"8",0,"8",8,"",0,"",0,"",0,"",14.8,"",.0,"8","U","",16.0,"",95,"",14.0,"",999.6,"",1012.6,"",7,-.7,"",.0,"8",0,"8","10","2","8","","6","","","/","","","/","","",0,"8",.0,"8",.0,"8","","8",0,"8","","",.0,"8",.0,"8",.0,"8",.0,"8",.0,"8",.0,"8",.0,"8",.0,"8",.0,"8",0,"8",0,"8",0,"8","","",0,"8",0,"8"
"352190360","P£OCK","2006","10","01","22","1","",0,"8",0,"8","","","",5,"",0,"8",0,"8",8,"",0,"",0,"",0,"",14.8,"",.0,"8","U","",16.0,"",95,"",14.0,"",999.3,"",1012.3,"",7,-.8,"",.0,"8",0,"8","10","2","8","","6","","","/","","","/","","",0,"8",.0,"8",.0,"8","","8",0,"8","","",.0,"8",.0,"8",.0,"8",.0,"8",.0,"8",.0,"8",.0,"8",.0,"8",.0,"8",0,"8",0,"8",0,"8","","",0,"8",0,"8"
"352190360","P£OCK","2006","10","01","23","1","",0,"8",0,"8","","","",4,"",0,"8",0,"8",8,"",0,"",0,"",0,"",15.0,"",.0,"8","U","",16.2,"",95,"",14.2,"",998.9,"",1011.9,"",7,-1.0,"",.0,"8",0,"8","80","8","8","","9","","","/","","","/","","",0,"8",.0,"8",.0,"8","","8",0,"8","","",.0,"8",.0,"8",.0,"8",.0,"8",.0,"8",.0,"8",.0,"8",.0,"8",.0,"8",0,"8",0,"8",0,"8","","",0,"8",0,"8"
"352190360","P£OCK","2006","10","02","00","1","",0,"8",0,"8","","","",5,"",0,"8",0,"8",8,"",120,"",1,"",0,"",15.0,"",.0,"8","U","",16.2,"",95,"",14.2,"",998.6,"",1011.6,"",7,-1.0,"",1.9,"",6,"","80","2","8","","9","","","/","","","/","","",2,"",.0,"8",.0,"8","","8",0,"8","","",.0,"8",.0,"8",.0,"8",.0,"8",.0,"8",.0,"8",.0,"8",.0,"8",.0,"8",0,"8",0,"8",0,"8","","",0,"8",0,"8"
"352190360","P£OCK","2006","10","02","01","1","",0,"8",0,"8","","","",4,"",0,"8",0,"8",8,"",210,"",2,"",0,"",15.1,"",.0,"8","U","",16.3,"",95,"",14.3,"",998.5,"",1011.5,"",6,-.8,"",.0,"8",0,"8","25","2","8","","6","","","/","","","/","","",0,"8",.0,"8",.0,"8","","8",0,"8","","",.0,"8",.0,"8",.0,"8",.0,"8",.0,"8",.0,"8",.0,"8",.0,"8",.0,"8",0,"8",0,"8",0,"8","","",0,"8",0,"8"
"352190360","P£OCK","2006","10","02","02","1","",0,"8",0,"8","","","",4,"",0,"8",0,"8",8,"",220,"",3,"",0,"",14.8,"",.0,"8","U","",16.0,"",95,"",14.0,"",998.4,"",1011.4,"",6,-.5,"",.0,"8",0,"8","10","2","8","","6","","","/","","","/","","",0,"8",.0,"8",.0,"8","","8",0,"8","","",.0,"8",.0,"8",.0,"8",.0,"8",.0,"8",.0,"8",.0,"8",.0,"8",.0,"8",0,"8",0,"8",0,"8","","",0,"8",0,"8"
"352190360","P£OCK","2006","10","02","03","2","",0,"8",0,"8","","","",5,"",0,"8",0,"8",8,"",210,"",2,"",0,"",14.8,"",.0,"8","U","",16.0,"",95,"",14.0,"",998.4,"",1011.4,"",6,-.2,"",.0,"8",0,"8","10","8","8","","6","","","/","","","/","","",0,"8",.0,"8",.0,"8","","8",0,"8","","",.0,"8",.0,"8",.0,"8",.0,"8",.0,"8",.0,"8",.0,"8",.0,"8",.0,"8",0,"8",0,"8",0,"8","","",0,"8",0,"8"
"352190360","P£OCK","2006","10","02","04","2","",0,"8",0,"8","","","",4,"",0,"8",0,"8",8,"",210,"",2,"",0,"",14.7,"",.0,"8","U","",15.9,"",95,"",13.9,"",998.0,"",1011.0,"",7,-.5,"",.0,"8",0,"8","10","2","8","","6","","","/","","","/","","",0,"8",.0,"8",.0,"8","","8",0,"8","","",.0,"8",.0,"8",.0,"8",.0,"8",.0,"8",.0,"8",.0,"8",.0,"8",.0,"8",0,"8",0,"8",0,"8","","",0,"8",0,"8"
"352190360","P£OCK","2006","10","02","05","1","",0,"8",0,"8","","","",4,"",0,"8",0,"8",8,"",210,"",2,"",0,"",14.5,"",.0,"8","U","",15.7,"",95,"",13.7,"",997.9,"",1010.9,"",8,-.5,"",.0,"8",0,"8","28","2","8","","6","","","/","","","/","","",0,"8",.0,"8",.0,"8","","8",0,"8","","",.0,"8",.0,"8",.0,"8",.0,"8",.0,"8",.0,"8",.0,"8",.0,"8",.0,"8",0,"8",0,"8",0,"8","","",0,"8",0,"8"
"352190360","P£OCK","2006","10","02","06","1","",0,"8",0,"8","","","",4,"",0,"8",0,"8",8,"",190,"",2,"",0,"",14.6,"",.0,"8","U","",15.8,"",95,"",13.8,"",997.7,"",1010.7,"",7,-.7,"",.1,"",6,"","10","8","8","","6","","","/","","","/","","",2,"",.0,"8",.0,"8","","8",0,"8","","",.0,"8",.0,"8",.0,"8",.0,"8",.0,"8",.0,"8",.0,"8",.0,"8",.0,"8",0,"8",0,"8",0,"8","","",0,"8",0,"8"
"352190360","P£OCK","2006","10","02","07","1","",0,"8",0,"8","","","",4,"",0,"8",0,"8",8,"",190,"",3,"",0,"",15.1,"",.0,"8","U","",16.3,"",95,"",14.3,"",997.6,"",1010.5,"",7,-.4,"",.0,"8",0,"8","10","2","8","","6","","","/","","","/","","",0,"8",.0,"8",.0,"8","","8",0,"8","","",.0,"8",.0,"8",.0,"8",.0,"8",.0,"8",.0,"8",.0,"8",.0,"8",.0,"8",0,"8",0,"8",0,"8","","",0,"8",0,"8"
"352190360","P£OCK","2006","10","02","08","3","",0,"8",0,"8","","","",6,"",0,"8",0,"8",8,"",180,"",3,"",0,"",15.6,"",.0,"8","U","",15.9,"",90,"",14.0,"",997.6,"",1010.5,"",6,-.3,"",.0,"8",0,"8","10","2","8","","6","","","/","","","/","","",0,"8",.0,"8",.0,"8","","8",0,"8","","",.0,"8",.0,"8",.0,"8",.0,"8",.0,"8",.0,"8",.0,"8",.0,"8",.0,"8",0,"8",0,"8",0,"8","","",0,"8",0,"8"
"352190360","P£OCK","2006","10","02","09","3","",0,"8",0,"8","","","",6,"",0,"8",0,"8",8,"",180,"",2,"",0,"",16.2,"",.0,"8","U","",16.5,"",90,"",14.6,"",997.5,"",1010.4,"",7,-.2,"",.0,"8",0,"8","10","2","7","","6","","","/","","","/","","",0,"8",.0,"8",.0,"8","","8",0,"8","","",.0,"8",.0,"8",.0,"8",.0,"8",.0,"8",.0,"8",.0,"8",.0,"8",.0,"8",0,"8",0,"8",0,"8","","",0,"8",0,"8"
"352190360","P£OCK","2006","10","02","10","6","",0,"8",0,"8","","","",6,"",0,"8",0,"8",8,"",190,"",3,"",0,"",16.5,"",.0,"8","U","",16.3,"",87,"",14.3,"",997.2,"",1010.1,"",8,-.4,"",.0,"8",0,"8","61","2","6","","5","","","2","","","/","","",0,"8",.0,"8",.0,"8","","8",0,"8","","",.0,"8",.0,"8",.0,"8",.0,"8",.0,"8",.0,"8",.0,"8",.0,"8",.0,"8",0,"8",0,"8",0,"8","","",0,"8",0,"8"
"352190360","P£OCK","2006","10","02","11","6","",0,"8",0,"8","","","",6,"",0,"8",0,"8",8,"",190,"",3,"",0,"",17.2,"",.0,"8","U","",16.8,"",86,"",14.8,"",996.9,"",1009.7,"",8,-.7,"",.0,"8",0,"8","21","2","5","","5","","","7","","","/","","",0,"8",.0,"8",.0,"8","","8",0,"8","","",.0,"8",.0,"8",.0,"8",.0,"8",.0,"8",.0,"8",.0,"8",.0,"8",.0,"8",0,"8",0,"8",0,"8","","",0,"8",0,"8"
"352190360","P£OCK","2006","10","02","12","6","",0,"8",0,"8","","","",7,"",0,"8",0,"8",8,"",220,"",4,"",0,"",17.8,"",.0,"8","U","",16.7,"",82,"",14.7,"",996.1,"",1008.9,"",8,-1.4,"",.0,"",6,"","02","6","5","","5","","","7","","","/","","",2,"",.0,"8",.0,"8","","8",0,"8","","",.0,"8",.0,"8",.0,"8",.0,"8",.0,"8",.0,"8",.0,"8",.0,"8",.0,"8",0,"8",0,"8",0,"8","","",0,"8",0,"8"
"352190360","P£OCK","2006","10","02","13","6","",0,"8",0,"8","","","",7,"",0,"8",0,"8",7,"",230,"",5,"",0,"",18.7,"",.0,"8","U","",17.0,"",79,"",15.0,"",995.9,"",1008.7,"",7,-1.3,"",.0,"8",0,"8","01","2","5","","5","","","3","","","/","","",0,"8",.0,"8",.0,"8","","8",0,"8","","",.0,"8",.0,"8",.0,"8",.0,"8",.0,"8",.0,"8",.0,"8",.0,"8",.0,"8",0,"8",0,"8",0,"8","","",0,"8",0,"8"
"352190360","P£OCK","2006","10","02","14","6","",0,"8",0,"8","","","",8,"",0,"8",0,"8",8,"",230,"",4,"",0,"",18.6,"",.0,"8","U","",15.8,"",74,"",13.9,"",995.5,"",1008.3,"",7,-1.4,"",.0,"8",0,"8","03","2","5","","2","","","3","","","/","","",0,"8",.0,"8",.0,"8","","8",0,"8","","",.0,"8",.0,"8",.0,"8",.0,"8",.0,"8",.0,"8",.0,"8",.0,"8",.0,"8",0,"8",0,"8",0,"8","","",0,"8",0,"8"
"352190360","P£OCK","2006","10","02","15","6","",0,"8",0,"8","","","",8,"",0,"8",0,"8",7,"",220,"",4,"",0,"",17.5,"",.0,"8","U","",15.4,"",77,"",13.4,"",995.4,"",1008.2,"",7,-.7,"",.0,"8",0,"8","03","2","4","","3","","","3","","","/","","",0,"8",.0,"8",.0,"8","","8",0,"8","","",.0,"8",.0,"8",.0,"8",.0,"8",.0,"8",.0,"8",.0,"8",.0,"8",.0,"8",0,"8",0,"8",0,"8","","",0,"8",0,"8"
"352190360","P£OCK","2006","10","02","16","6","",0,"8",0,"8","","","",8,"",0,"8",0,"8",8,"",210,"",3,"",0,"",16.2,"",.0,"8","U","",14.9,"",81,"",12.9,"",995.4,"",1008.3,"",6,-.5,"",.0,"8",0,"8","25","2","5","","9","","","3","","","/","","",0,"8",.0,"8",.0,"8","","8",0,"8","","",.0,"8",.0,"8",.0,"8",.0,"8",.0,"8",.0,"8",.0,"8",.0,"8",.0,"8",0,"8",0,"8",0,"8","","",0,"8",0,"8"
"352190360","P£OCK","2006","10","02","17","6","",0,"8",0,"8","","","",8,"",0,"8",0,"8",8,"",220,"",3,"",0,"",15.5,"",.0,"8","U","",14.8,"",84,"",12.8,"",995.3,"",1008.2,"",7,-.2,"",.0,"8",0,"8","01","2","1","","5","","","3","","","/","","",0,"8",.0,"8",.0,"8","","8",0,"8","","",.0,"8",.0,"8",.0,"8",.0,"8",.0,"8",.0,"8",.0,"8",.0,"8",.0,"8",0,"8",0,"8",0,"8","","",0,"8",0,"8"
"352190360","P£OCK","2006","10","02","18","5","",0,"8",0,"8","","","",7,"",0,"8",0,"8",8,"",220,"",3,"",0,"",15.6,"",.0,"8","U","",15.2,"",86,"",13.3,"",995.4,"",1008.3,"",5,.0,"",.1,"",6,"","02","8","1","","5","","","3","","","/","","",2,"",.0,"8",.0,"8","","8",0,"8","","",.0,"8",.0,"8",.0,"8",.0,"8",.0,"8",.0,"8",.0,"8",.0,"8",.0,"8",0,"8",0,"8",0,"8","","",0,"8",0,"8"
"352190360","P£OCK","2006","10","02","19","9","",0,"8",0,"8","","","",8,"",0,"8",0,"8",8,"",220,"",3,"",0,"",15.9,"",.0,"8","U","",14.6,"",81,"",12.6,"",995.3,"",1008.2,"",7,-.1,"",.0,"8",0,"8","01","2","8","","0","","","7","","","/","","",0,"8",.0,"8",.0,"8","","8",0,"8","","",.0,"8",.0,"8",.0,"8",.0,"8",.0,"8",.0,"8",.0,"8",.0,"8",.0,"8",0,"8",0,"8",0,"8","","",0,"8",0,"8"
"352190360","P£OCK","2006","10","02","20","6","",0,"8",0,"8","","","",8,"",0,"8",0,"8",8,"",210,"",4,"",0,"",15.9,"",.0,"8","U","",14.1,"",78,"",12.1,"",995.3,"",1008.2,"",4,.0,"",.0,"8",0,"8","80","2","4","","9","","","7","","","/","","",0,"8",.0,"8",.0,"8","","8",0,"8","","",.0,"8",.0,"8",.0,"8",.0,"8",.0,"8",.0,"8",.0,"8",.0,"8",.0,"8",0,"8",0,"8",0,"8","","",0,"8",0,"8"
"352190360","P£OCK","2006","10","02","21","9","",0,"8",0,"8","","","",8,"",0,"8",0,"8",8,"",220,"",4,"",0,"",15.4,"",.0,"8","U","",12.9,"",74,"",10.8,"",995.2,"",1008.1,"",7,-.2,"",.0,"8",0,"8","61","8","8","","0","","","2","","","/","","",0,"8",.0,"8",.0,"8","","8",0,"8","","",.0,"8",.0,"8",.0,"8",.0,"8",.0,"8",.0,"8",.0,"8",.0,"8",.0,"8",0,"8",0,"8",0,"8","","",0,"8",0,"8"
"352190360","P£OCK","2006","10","02","22","7","",0,"8",0,"8","","","",9,"",0,"8",0,"8",8,"",210,"",3,"",0,"",14.7,"",.0,"8","U","",12.4,"",74,"",10.1,"",995.1,"",1008.0,"",8,-.2,"",.0,"8",0,"8","21","2","6","","5","","","7","","","/","","",0,"8",.0,"8",.0,"8","","8",0,"8","","",.0,"8",.0,"8",.0,"8",.0,"8",.0,"8",.0,"8",.0,"8",.0,"8",.0,"8",0,"8",0,"8",0,"8","","",0,"8",0,"8"
"352190360","P£OCK","2006","10","02","23","7","",0,"8",0,"8","","","",9,"",0,"8",0,"8",8,"",210,"",3,"",0,"",14.1,"",.0,"8","U","",12.0,"",75,"",9.7,"",994.8,"",1007.8,"",8,-.5,"",.0,"8",0,"8","03","2","8","","5","","","/","","","/","","",0,"8",.0,"8",.0,"8","","8",0,"8","","",.0,"8",.0,"8",.0,"8",.0,"8",.0,"8",.0,"8",.0,"8",.0,"8",.0,"8",0,"8",0,"8",0,"8","","",0,"8",0,"8"
"352190360","P£OCK","2006","10","03","00","7","",0,"8",0,"8","","","",9,"",0,"8",0,"8",8,"",230,"",4,"",0,"",13.4,"",.0,"8","U","",12.0,"",78,"",9.6,"",994.6,"",1007.6,"",7,-.6,"",.0,"",6,"","01","8","4","","5","","","3","","","7","","",1,"",.0,"8",.0,"8","","8",0,"8","","",.0,"8",.0,"8",.0,"8",.0,"8",.0,"8",.0,"8",.0,"8",.0,"8",.0,"8",0,"8",0,"8",0,"8","","",0,"8",0,"8"
"352190360","P£OCK","2006","10","03","01","7","",0,"8",0,"8","","","",9,"",0,"8",0,"8",8,"",210,"",4,"",0,"",13.1,"",.0,"8","U","",11.9,"",79,"",9.5,"",994.5,"",1007.5,"",6,-.6,"",.0,"8",0,"8","03","2","6","","5","","","3","","","/","","",0,"8",.0,"8",.0,"8","","8",0,"8","","",.0,"8",.0,"8",.0,"8",.0,"8",.0,"8",.0,"8",.0,"8",.0,"8",.0,"8",0,"8",0,"8",0,"8","","",0,"8",0,"8"
"352190360","P£OCK","2006","10","03","02","8","",0,"8",0,"8","","","",9,"",0,"8",0,"8",8,"",200,"",3,"",0,"",12.5,"",.0,"8","U","",12.0,"",83,"",9.7,"",994.2,"",1007.2,"",7,-.6,"",.0,"8",0,"8","01","2","2","","5","","","3","","","/","","",0,"8",.0,"8",.0,"8","","8",0,"8","","",.0,"8",.0,"8",.0,"8",.0,"8",.0,"8",.0,"8",.0,"8",.0,"8",.0,"8",0,"8",0,"8",0,"8","","",0,"8",0,"8"
"352190360","P£OCK","2006","10","03","03","9","",0,"8",0,"8","","","",9,"",0,"8",0,"8",8,"",210,"",2,"",0,"",12.1,"",.0,"8","U","",12.1,"",86,"",9.8,"",994.1,"",1007.1,"",7,-.5,"",.0,"8",0,"8","01","2","8","","0","","","3","","","/","","",0,"8",.0,"8",.0,"8","","8",0,"8","","",.0,"8",.0,"8",.0,"8",.0,"8",.0,"8",.0,"8",.0,"8",.0,"8",.0,"8",0,"8",0,"8",0,"8","","",0,"8",0,"8"
"352190360","P£OCK","2006","10","03","04","9","",0,"8",0,"8","","","",8,"",0,"8",0,"8",8,"",170,"",1,"",0,"",12.0,"",.0,"8","U","",12.2,"",87,"",9.9,"",993.7,"",1006.7,"",7,-.8,"",.0,"8",0,"8","01","2","7","","0","","","3","","","/","","",0,"8",.0,"8",.0,"8","","8",0,"8","","",.0,"8",.0,"8",.0,"8",.0,"8",.0,"8",.0,"8",.0,"8",.0,"8",.0,"8",0,"8",0,"8",0,"8","","",0,"8",0,"8"
"352190360","P£OCK","2006","10","03","05","9","",0,"8",0,"8","","","",8,"",0,"8",0,"8",7,"",170,"",2,"",0,"",11.1,"",.0,"8","U","",11.9,"",90,"",9.5,"",993.4,"",1006.5,"",7,-.8,"",.0,"8",0,"8","01","2","3","","0","","","3","","","8","","",0,"8",.0,"8",.0,"8","","8",0,"8","","",.0,"8",.0,"8",.0,"8",.0,"8",.0,"8",.0,"8",.0,"8",.0,"8",.0,"8",0,"8",0,"8",0,"8","","",0,"8",0,"8"
"352190360","P£OCK","2006","10","03","06","9","",0,"8",0,"8","","","",8,"",0,"8",0,"8",5,"",180,"",3,"",0,"",11.9,"",.0,"8","U","",12.4,"",89,"",10.1,"",993.5,"",1006.5,"",5,-.6,"",.0,"9",0,"9","01","2","3","","0","","","3","","","8","","",1,"",.0,"8",.0,"8","","8",0,"8","","",.0,"8",.0,"8",.0,"8",.0,"8",.0,"8",.0,"8",.0,"8",.0,"8",.0,"8",0,"8",0,"8",0,"8","","",0,"8",0,"8"
"352190360","P£OCK","2006","10","03","07","3","",0,"8",0,"8","","","",8,"",0,"8",0,"8",4,"",190,"",3,"",0,"",13.1,"",.0,"8","U","",13.1,"",87,"",11.0,"",993.6,"",1006.6,"",5,-.1,"",.0,"8",0,"8","03","1","1","","2","","","3","","","1","","",0,"8",.0,"8",.0,"8","","8",0,"8","","",.0,"8",.0,"8",.0,"8",.0,"8",.0,"8",.0,"8",.0,"8",.0,"8",.0,"8",0,"8",0,"8",0,"8","","",0,"8",0,"8"
"352190360","P£OCK","2006","10","03","08","4","",0,"8",0,"8","","","",8,"",0,"8",0,"8",4,"",190,"",3,"",0,"",14.0,"",.0,"8","U","",13.1,"",82,"",11.0,"",993.4,"",1006.3,"",0,.0,"",.0,"8",0,"8","01","0","1","","1","","","3","","","2","","",0,"8",.0,"8",.0,"8","","8",0,"8","","",.0,"8",.0,"8",.0,"8",.0,"8",.0,"8",.0,"8",.0,"8",.0,"8",.0,"8",0,"8",0,"8",0,"8","","",0,"8",0,"8"
"352190360","P£OCK","2006","10","03","09","4","",0,"8",0,"8","","","",8,"",0,"8",0,"8",7,"",180,"",3,"",0,"",14.5,"",.0,"8","U","",13.0,"",79,"",10.9,"",993.0,"",1005.9,"",8,-.5,"",.0,"8",0,"8","01","1","7","","5","","","/","","","/","","",0,"8",.0,"8",.0,"8","","8",0,"8","","",.0,"8",.0,"8",.0,"8",.0,"8",.0,"8",.0,"8",.0,"8",.0,"8",.0,"8",0,"8",0,"8",0,"8","","",0,"8",0,"8"
"352190360","P£OCK","2006","10","03","10","4","",0,"8",0,"8","","","",8,"",0,"8",0,"8",7,"",200,"",3,"",0,"",15.4,"",.0,"8","U","",13.6,"",78,"",11.6,"",993.4,"",1006.3,"",5,-.2,"",.0,"8",0,"8","01","2","4","","5","","","3","","","/","","",0,"8",.0,"8",.0,"8","","8",0,"8","","",.0,"8",.0,"8",.0,"8",.0,"8",.0,"8",.0,"8",.0,"8",.0,"8",.0,"8",0,"8",0,"8",0,"8","","",0,"8",0,"8"
"352190360","P£OCK","2006","10","03","11","4","",0,"8",0,"8","","","",8,"",0,"8",0,"8",7,"",170,"",2,"",0,"",15.6,"",.0,"8","U","",13.4,"",76,"",11.4,"",992.8,"",1005.7,"",7,-.6,"",.0,"8",0,"8","02","2","4","","5","","","3","","","/","","",0,"8",.0,"8",.0,"8","","8",0,"8","","",.0,"8",.0,"8",.0,"8",.0,"8",.0,"8",.0,"8",.0,"8",.0,"8",.0,"8",0,"8",0,"8",0,"8","","",0,"8",0,"8"
"352190360","P£OCK","2006","10","03","12","4","",0,"8",0,"8","","","",8,"",0,"8",0,"8",7,"",180,"",2,"",0,"",15.6,"",.0,"8","U","",13.1,"",74,"",11.0,"",992.0,"",1004.8,"",8,-1.0,"",.0,"9",0,"9","01","1","2","","5","","","3","","","/","","",1,"",.0,"8",.0,"8","","8",0,"8","","",.0,"8",.0,"8",.0,"8",.0,"8",.0,"8",.0,"8",.0,"8",.0,"8",.0,"8",0,"8",0,"8",0,"8","","",0,"8",0,"8"
"352190360","P£OCK","2006","10","03","13","9","",0,"8",0,"8","","","",8,"",0,"8",0,"8",8,"",160,"",1,"",0,"",15.7,"",.0,"8","U","",13.3,"",75,"",11.3,"",991.7,"",1004.5,"",7,-1.7,"",.0,"8",0,"8","01","2","8","","0","","","3","","","/","","",0,"8",.0,"8",.0,"8","","8",0,"8","","",.0,"8",.0,"8",.0,"8",.0,"8",.0,"8",.0,"8",.0,"8",.0,"8",.0,"8",0,"8",0,"8",0,"8","","",0,"8",0,"8"
"352190360","P£OCK","2006","10","03","14","5","",0,"8",0,"8","","","",8,"",0,"8",0,"8",8,"",140,"",1,"",0,"",15.7,"",.0,"8","U","",13.5,"",76,"",11.5,"",991.4,"",1004.2,"",6,-1.4,"",.0,"8",0,"8","25","2","2","","9","","","3","","","/","","",0,"8",.0,"8",.0,"8","","8",0,"8","","",.0,"8",.0,"8",.0,"8",.0,"8",.0,"8",.0,"8",.0,"8",.0,"8",.0,"8",0,"8",0,"8",0,"8","","",0,"8",0,"8"
"352190360","P£OCK","2006","10","03","15","5","",0,"8",0,"8","","","",8,"",0,"8",0,"8",8,"",130,"",2,"",0,"",15.5,"",.0,"8","U","",13.9,"",79,"",11.9,"",990.9,"",1003.7,"",8,-1.1,"",.0,"8",0,"8","25","2","3","","9","","","3","","","/","","",0,"8",.0,"8",.0,"8","","8",0,"8","","",.0,"8",.0,"8",.0,"8",.0,"8",.0,"8",.0,"8",.0,"8",.0,"8",.0,"8",0,"8",0,"8",0,"8","","",0,"8",0,"8"
"352190360","P£OCK","2006","10","03","16","5","",0,"8",0,"8","","","",6,"",0,"8",0,"8",8,"",150,"",3,"",0,"",14.3,"",.0,"8","U","",14.3,"",88,"",12.3,"",990.8,"",1003.7,"",7,-.9,"",.0,"8",0,"8","80","2","4","","9","","","3","","","/","","",0,"8",.0,"8",.0,"8","","8",0,"8","","",.0,"8",.0,"8",.0,"8",.0,"8",.0,"8",.0,"8",.0,"8",.0,"8",.0,"8",0,"8",0,"8",0,"8","","",0,"8",0,"8"
"352190360","P£OCK","2006","10","03","17","5","",0,"8",0,"8","","","",6,"",0,"8",0,"8",8,"",130,"",2,"",0,"",14.0,"",.0,"8","U","",14.8,"",93,"",12.9,"",990.4,"",1003.3,"",7,-1.0,"",.0,"8",0,"8","61","8","5","","5","","","2","","","/","","",0,"8",.0,"8",.0,"8","","8",0,"8","","",.0,"8",.0,"8",.0,"8",.0,"8",.0,"8",.0,"8",.0,"8",.0,"8",.0,"8",0,"8",0,"8",0,"8","","",0,"8",0,"8"
"352190360","P£OCK","2006","10","03","18","5","",0,"8",0,"8","","","",6,"",0,"8",0,"8",8,"",110,"",4,"",0,"",13.9,"",.0,"8","U","",14.7,"",93,"",12.8,"",989.3,"",1002.2,"",8,-1.6,"",1.6,"",6,"","61","8","5","","5","","","2","","","/","","",2,"",.0,"8",.0,"8","","8",0,"8","","",.0,"8",.0,"8",.0,"8",.0,"8",.0,"8",.0,"8",.0,"8",.0,"8",.0,"8",0,"8",0,"8",0,"8","","",0,"8",0,"8"
"352190360","P£OCK","2006","10","03","19","3","",0,"8",0,"8","","","",6,"",0,"8",0,"8",8,"",120,"",3,"",0,"",14.1,"",.0,"8","U","",14.9,"",93,"",13.0,"",989.1,"",1002.0,"",7,-1.7,"",.0,"8",0,"8","61","6","5","","7","","","2","","","/","","",0,"8",.0,"8",.0,"8","","8",0,"8","","",.0,"8",.0,"8",.0,"8",.0,"8",.0,"8",.0,"8",.0,"8",.0,"8",.0,"8",0,"8",0,"8",0,"8","","",0,"8",0,"8"
"352190360","P£OCK","2006","10","03","20","2","",0,"8",0,"8","","","",6,"",0,"8",0,"8",8,"",80,"",2,"",0,"",14.3,"",.0,"8","U","",15.3,"",94,"",13.3,"",987.9,"",1000.8,"",7,-2.5,"",.0,"8",0,"8","61","6","6","","7","","","2","","","/","","",0,"8",.0,"8",.0,"8","","8",0,"8","","",.0,"8",.0,"8",.0,"8",.0,"8",.0,"8",.0,"8",.0,"8",.0,"8",.0,"8",0,"8",0,"8",0,"8","","",0,"8",0,"8"
"352190360","P£OCK","2006","10","03","21","2","",0,"8",0,"8","","","",6,"",0,"8",0,"8",8,"",10,"",2,"",0,"",14.3,"",.0,"8","U","",15.1,"",93,"",13.2,"",987.4,"",1000.2,"",7,-1.9,"",.0,"8",0,"8","61","6","6","","7","","","2","","","/","","",0,"8",.0,"8",.0,"8","","8",0,"8","","",.0,"8",.0,"8",.0,"8",.0,"8",.0,"8",.0,"8",.0,"8",.0,"8",.0,"8",0,"8",0,"8",0,"8","","",0,"8",0,"8"
"352190360","P£OCK","2006","10","03","22","2","",0,"8",0,"8","","","",5,"",0,"8",0,"8",8,"",30,"",3,"",0,"",14.3,"",.0,"8","U","",15.1,"",93,"",13.2,"",986.9,"",999.7,"",6,-2.2,"",.0,"8",0,"8","61","6","6","","7","","","2","","","/","","",0,"8",.0,"8",.0,"8","","8",0,"8","","",.0,"8",.0,"8",.0,"8",.0,"8",.0,"8",.0,"8",.0,"8",.0,"8",.0,"8",0,"8",0,"8",0,"8","","",0,"8",0,"8"
"352190360","P£OCK","2006","10","03","23","2","",0,"8",0,"8","","","",5,"",0,"8",0,"8",8,"",120,"",4,"",0,"",14.5,"",.0,"8","U","",15.5,"",94,"",13.5,"",986.0,"",998.8,"",8,-1.9,"",.0,"8",0,"8","61","6","6","","7","","","2","","","/","","",0,"8",.0,"8",.0,"8","","8",0,"8","","",.0,"8",.0,"8",.0,"8",.0,"8",.0,"8",.0,"8",.0,"8",.0,"8",.0,"8",0,"8",0,"8",0,"8","","",0,"8",0,"8"
"352190360","P£OCK","2006","10","04","00","2","",0,"8",0,"8","","","",5,"",0,"8",0,"8",8,"",150,"",2,"",0,"",14.6,"",.0,"8","U","",15.6,"",94,"",13.6,"",986.0,"",998.8,"",6,-1.4,"",3.2,"",6,"","61","6","6","","7","","","2","","","/","","",2,"",.0,"8",.0,"8","","8",0,"8","","",.0,"8",.0,"8",.0,"8",.0,"8",.0,"8",.0,"8",.0,"8",.0,"8",.0,"8",0,"8",0,"8",0,"8","","",0,"8",0,"8"
"352190360","P£OCK","2006","10","04","01","2","",0,"8",0,"8","","","",4,"",0,"8",0,"8",8,"",160,"",2,"",0,"",14.5,"",.0,"8","U","",15.7,"",95,"",13.7,"",985.6,"",998.4,"",7,-1.3,"",.0,"8",0,"8","61","6","5","","7","","","2","","","/","","",0,"8",.0,"8",.0,"8","","8",0,"8","","",.0,"8",.0,"8",.0,"8",.0,"8",.0,"8",.0,"8",.0,"8",.0,"8",.0,"8",0,"8",0,"8",0,"8","","",0,"8",0,"8"
"352190360","P£OCK","2006","10","04","02","2","",0,"8",0,"8","","","",4,"",0,"8",0,"8",8,"",0,"",0,"",0,"",14.6,"",.0,"8","U","",15.8,"",95,"",13.8,"",985.6,"",998.4,"",6,-.4,"",.0,"8",0,"8","61","6","5","","7","","","2","","","/","","",0,"8",.0,"8",.0,"8","","8",0,"8","","",.0,"8",.0,"8",.0,"8",.0,"8",.0,"8",.0,"8",.0,"8",.0,"8",.0,"8",0,"8",0,"8",0,"8","","",0,"8",0,"8"
"352190360","P£OCK","2006","10","04","03","2","",0,"8",0,"8","","","",4,"",0,"8",0,"8",8,"",300,"",2,"",0,"",14.3,"",.0,"8","U","",15.5,"",95,"",13.5,"",986.0,"",998.8,"",5,.0,"",.0,"8",0,"8","61","6","6","","7","","","2","","","/","","",0,"8",.0,"8",.0,"8","","8",0,"8","","",.0,"8",.0,"8",.0,"8",.0,"8",.0,"8",.0,"8",.0,"8",.0,"8",.0,"8",0,"8",0,"8",0,"8","","",0,"8",0,"8"
"352190360","P£OCK","2006","10","04","04","2","",0,"8",0,"8","","","",5,"",0,"8",0,"8",8,"",280,"",4,"",0,"",14.2,"",.0,"8","U","",15.4,"",95,"",13.4,"",987.0,"",999.8,"",3,1.4,"",.0,"8",0,"8","61","6","6","","7","","","2","","","/","","",0,"8",.0,"8",.0,"8","","8",0,"8","","",.0,"8",.0,"8",.0,"8",.0,"8",.0,"8",.0,"8",.0,"8",.0,"8",.0,"8",0,"8",0,"8",0,"8","","",0,"8",0,"8"
"352190360","P£OCK","2006","10","04","05","2","",0,"8",0,"8","","","",5,"",0,"8",0,"8",8,"",280,"",3,"",0,"",13.9,"",.0,"8","U","",15.1,"",95,"",13.1,"",987.7,"",1000.6,"",2,2.1,"",.0,"8",0,"8","61","6","6","","7","","","2","","","/","","",0,"8",.0,"8",.0,"8","","8",0,"8","","",.0,"8",.0,"8",.0,"8",.0,"8",.0,"8",.0,"8",.0,"8",.0,"8",.0,"8",0,"8",0,"8",0,"8","","",0,"8",0,"8"
"352190360","P£OCK","2006","10","04","06","2","",0,"8",0,"8","","","",6,"",0,"8",0,"8",8,"",270,"",4,"",0,"",13.8,"",.0,"8","U","",14.8,"",94,"",12.9,"",988.3,"",1001.2,"",1,2.3,"",3.5,"",6,"","21","6","8","","6","","","/","","","/","","",2,"",.0,"8",.0,"8","","8",0,"8","","",.0,"8",.0,"8",.0,"8",.0,"8",.0,"8",.0,"8",.0,"8",.0,"8",.0,"8",0,"8",0,"8",0,"8","","",0,"8",0,"8"
"352190360","P£OCK","2006","10","04","07","2","",0,"8",0,"8","","","",5,"",0,"8",0,"8",8,"",290,"",4,"",0,"",13.7,"",.0,"8","U","",14.6,"",93,"",12.6,"",989.3,"",1002.2,"",2,2.3,"",.0,"8",0,"8","10","2","8","","6","","","/","","","/","","",0,"8",.0,"8",.0,"8","","8",0,"8","","",.0,"8",.0,"8",.0,"8",.0,"8",.0,"8",.0,"8",.0,"8",.0,"8",.0,"8",0,"8",0,"8",0,"8","","",0,"8",0,"8"
"352190360","P£OCK","2006","10","04","08","2","",0,"8",0,"8","","","",6,"",0,"8",0,"8",8,"",280,"",4,"",0,"",13.7,"",.0,"8","U","",14.2,"",91,"",12.3,"",990.2,"",1003.1,"",2,2.5,"",.0,"8",0,"8","10","2","8","","5","","","/","","","/","","",0,"8",.0,"8",.0,"8","","8",0,"8","","",.0,"8",.0,"8",.0,"8",.0,"8",.0,"8",.0,"8",.0,"8",.0,"8",.0,"8",0,"8",0,"8",0,"8","","",0,"8",0,"8"
"352190360","P£OCK","2006","10","04","09","2","",0,"8",0,"8","","","",6,"",0,"8",0,"8",8,"",250,"",3,"",0,"",14.2,"",.0,"8","U","",14.5,"",90,"",12.6,"",991.0,"",1003.9,"",1,2.7,"",.0,"8",0,"8","10","2","8","","5","","","/","","","/","","",0,"8",.0,"8",.0,"8","","8",0,"8","","",.0,"8",.0,"8",.0,"8",.0,"8",.0,"8",.0,"8",.0,"8",.0,"8",.0,"8",0,"8",0,"8",0,"8","","",0,"8",0,"8"
"352190360","P£OCK","2006","10","04","10","4","",0,"8",0,"8","","","",6,"",0,"8",0,"8",7,"",280,"",4,"",0,"",14.5,"",.0,"8","U","",13.8,"",84,"",11.8,"",991.5,"",1004.4,"",1,2.2,"",.0,"8",0,"8","10","2","7","","5","","","/","","","/","","",0,"8",.0,"8",.0,"8","","8",0,"8","","",.0,"8",.0,"8",.0,"8",.0,"8",.0,"8",.0,"8",.0,"8",.0,"8",.0,"8",0,"8",0,"8",0,"8","","",0,"8",0,"8"
"352190360","P£OCK","2006","10","04","11","5","",0,"8",0,"8","","","",7,"",0,"8",0,"8",7,"",260,"",3,"",0,"",15.5,"",.0,"8","U","",13.9,"",79,"",11.9,"",992.2,"",1005.1,"",2,2.0,"",.0,"8",0,"8","02","2","7","","5","","","/","","","/","","",0,"8",.0,"8",.0,"8","","8",0,"8","","",.0,"8",.0,"8",.0,"8",.0,"8",.0,"8",.0,"8",.0,"8",.0,"8",.0,"8",0,"8",0,"8",0,"8","","",0,"8",0,"8"
"352190360","P£OCK","2006","10","04","12","4","",0,"8",0,"8","","","",7,"",0,"8",0,"8",7,"",260,"",2,"",0,"",15.3,"",.0,"8","U","",14.1,"",81,"",12.1,"",992.7,"",1005.6,"",2,1.7,"",.0,"",6,"","80","2","5","","9","","","3","","","/","","",2,"",.0,"8",.0,"8","","8",0,"8","","",.0,"8",.0,"8",.0,"8",.0,"8",.0,"8",.0,"8",.0,"8",.0,"8",.0,"8",0,"8",0,"8",0,"8","","",0,"8",0,"8"
"352190360","P£OCK","2006","10","04","13","5","",0,"8",0,"8","","","",7,"",0,"8",0,"8",7,"",280,"",4,"",0,"",15.7,"",.0,"8","U","",13.7,"",77,"",11.7,"",992.9,"",1005.8,"",1,1.4,"",.0,"8",0,"8","25","2","2","","2","","","3","","","/","","",0,"8",.0,"8",.0,"8","","8",0,"8","","",.0,"8",.0,"8",.0,"8",.0,"8",.0,"8",.0,"8",.0,"8",.0,"8",.0,"8",0,"8",0,"8",0,"8","","",0,"8",0,"8"
"352190360","P£OCK","2006","10","04","14","6","",0,"8",0,"8","","","",7,"",0,"8",0,"8",7,"",280,"",4,"",0,"",15.6,"",.0,"8","U","",13.3,"",75,"",11.2,"",993.5,"",1006.4,"",2,1.3,"",.0,"8",0,"8","01","2","1","","5","","","3","","","/","","",0,"8",.0,"8",.0,"8","","8",0,"8","","",.0,"8",.0,"8",.0,"8",.0,"8",.0,"8",.0,"8",.0,"8",.0,"8",.0,"8",0,"8",0,"8",0,"8","","",0,"8",0,"8"
"352190360","P£OCK","2006","10","04","15","5","",0,"8",0,"8","","","",7,"",0,"8",0,"8",7,"",280,"",5,"",0,"",15.5,"",.0,"8","U","",13.5,"",77,"",11.5,"",994.1,"",1007.0,"",3,1.4,"",.0,"8",0,"8","03","8","2","","5","","","3","","","/","","",0,"8",.0,"8",.0,"8","","8",0,"8","","",.0,"8",.0,"8",.0,"8",.0,"8",.0,"8",.0,"8",.0,"8",.0,"8",.0,"8",0,"8",0,"8",0,"8","","",0,"8",0,"8"
"352190360","P£OCK","2006","10","04","16","5","",0,"8",0,"8","","","",7,"",0,"8",0,"8",7,"",270,"",4,"",0,"",15.0,"",.0,"8","U","",13.4,"",79,"",11.4,"",995.1,"",1008.0,"",3,2.2,"",.0,"8",0,"8","01","2","1","","5","","","3","","","/","","",0,"8",.0,"8",.0,"8","","8",0,"8","","",.0,"8",.0,"8",.0,"8",.0,"8",.0,"8",.0,"8",.0,"8",.0,"8",.0,"8",0,"8",0,"8",0,"8","","",0,"8",0,"8"
"352190360","P£OCK","2006","10","04","17","5","",0,"8",0,"8","","","",7,"",0,"8",0,"8",7,"",270,"",4,"",0,"",14.5,"",.0,"8","U","",13.7,"",83,"",11.6,"",995.5,"",1008.4,"",2,2.0,"",.0,"8",0,"8","02","2","1","","5","","","3","","","/","","",0,"8",.0,"8",.0,"8","","8",0,"8","","",.0,"8",.0,"8",.0,"8",.0,"8",.0,"8",.0,"8",.0,"8",.0,"8",.0,"8",0,"8",0,"8",0,"8","","",0,"8",0,"8"
"352190360","P£OCK","2006","10","04","18","4","",0,"8",0,"8","","","",6,"",0,"8",0,"8",7,"",220,"",3,"",0,"",14.1,"",.0,"8","U","",13.6,"",85,"",11.6,"",996.3,"",1009.3,"",2,2.2,"",.0,"",6,"","10","8","2","","5","","","3","","","/","","",1,"",.0,"8",.0,"8","","8",0,"8","","",.0,"8",.0,"8",.0,"8",.0,"8",.0,"8",.0,"8",.0,"8",.0,"8",.0,"8",0,"8",0,"8",0,"8","","",0,"8",0,"8"
"352190360","P£OCK","2006","10","04","19","4","",0,"8",0,"8","","","",6,"",0,"8",0,"8",7,"",250,"",4,"",0,"",14.2,"",.0,"8","U","",13.4,"",83,"",11.4,"",996.6,"",1009.6,"",2,1.5,"",.0,"8",0,"8","25","2","3","","9","","","3","","","/","","",0,"8",.0,"8",.0,"8","","8",0,"8","","",.0,"8",.0,"8",.0,"8",.0,"8",.0,"8",.0,"8",.0,"8",.0,"8",.0,"8",0,"8",0,"8",0,"8","","",0,"8",0,"8"
"352190360","P£OCK","2006","10","04","20","5","",0,"8",0,"8","","","",6,"",0,"8",0,"8",5,"",230,"",4,"",0,"",13.3,"",.0,"8","U","",13.3,"",87,"",11.2,"",997.5,"",1010.5,"",2,2.0,"",.0,"8",0,"8","10","2","1","","5","","","3","","","1","","",0,"8",.0,"8",.0,"8","","8",0,"8","","",.0,"8",.0,"8",.0,"8",.0,"8",.0,"8",.0,"8",.0,"8",.0,"8",.0,"8",0,"8",0,"8",0,"8","","",0,"8",0,"8"
"352190360","P£OCK","2006","10","04","21","5","",0,"8",0,"8","","","",6,"",0,"8",0,"8",5,"",210,"",2,"",0,"",12.8,"",.0,"8","U","",13.1,"",89,"",11.0,"",997.6,"",1010.6,"",2,1.3,"",.0,"8",0,"8","10","8","2","","5","","","3","","","1","","",0,"8",.0,"8",.0,"8","","8",0,"8","","",.0,"8",.0,"8",.0,"8",.0,"8",.0,"8",.0,"8",.0,"8",.0,"8",.0,"8",0,"8",0,"8",0,"8","","",0,"8",0,"8"
"352190360","P£OCK","2006","10","04","22","3","",0,"8",0,"8","","","",6,"",0,"8",0,"8",7,"",220,"",3,"",0,"",12.5,"",.0,"8","U","",13.2,"",91,"",11.1,"",998.1,"",1011.2,"",2,1.5,"",.0,"8",0,"8","10","2","5","","6","","","3","","","/","","",0,"8",.0,"8",.0,"8","","8",0,"8","","",.0,"8",.0,"8",.0,"8",.0,"8",.0,"8",.0,"8",.0,"8",.0,"8",.0,"8",0,"8",0,"8",0,"8","","",0,"8",0,"8"
"352190360","P£OCK","2006","10","04","23","3","",0,"8",0,"8","","","",6,"",0,"8",0,"8",6,"",220,"",3,"",0,"",12.1,"",.0,"8","U","",13.0,"",92,"",10.8,"",998.0,"",1011.1,"",0,.5,"",.0,"8",0,"8","10","2","4","","6","","","3","","","1","","",0,"8",.0,"8",.0,"8","","8",0,"8","","",.0,"8",.0,"8",.0,"8",.0,"8",.0,"8",.0,"8",.0,"8",.0,"8",.0,"8",0,"8",0,"8",0,"8","","",0,"8",0,"8"
"352190360","P£OCK","2006","10","05","00","4","",0,"8",0,"8","","","",5,"",0,"8",0,"8",7,"",200,"",3,"",0,"",11.7,"",.0,"8","U","",12.8,"",93,"",10.6,"",998.5,"",1011.6,"",2,.9,"",.0,"",6,"","10","8","7","","5","","","/","","","/","","",1,"",.0,"8",.0,"8","","8",0,"8","","",.0,"8",.0,"8",.0,"8",.0,"8",.0,"8",.0,"8",.0,"8",.0,"8",.0,"8",0,"8",0,"8",0,"8","","",0,"8",0,"8"
"352190360","P£OCK","2006","10","05","01","4","",0,"8",0,"8","","","",6,"",0,"8",0,"8",8,"",200,"",3,"",0,"",11.8,"",.0,"8","U","",12.7,"",92,"",10.5,"",998.6,"",1011.7,"",3,.5,"",.0,"8",0,"8","10","2","8","","5","","","/","","","/","","",0,"8",.0,"8",.0,"8","","8",0,"8","","",.0,"8",.0,"8",.0,"8",.0,"8",.0,"8",.0,"8",.0,"8",.0,"8",.0,"8",0,"8",0,"8",0,"8","","",0,"8",0,"8"
"352190360","P£OCK","2006","10","05","02","4","",0,"8",0,"8","","","",6,"",0,"8",0,"8",8,"",220,"",3,"",0,"",11.8,"",.0,"8","U","",12.7,"",92,"",10.5,"",998.6,"",1011.7,"",1,.6,"",.0,"8",0,"8","10","2","8","","5","","","/","","","/","","",0,"8",.0,"8",.0,"8","","8",0,"8","","",.0,"8",.0,"8",.0,"8",.0,"8",.0,"8",.0,"8",.0,"8",.0,"8",.0,"8",0,"8",0,"8",0,"8","","",0,"8",0,"8"
"352190360","P£OCK","2006","10","05","03","4","",0,"8",0,"8","","","",6,"",0,"8",0,"8",8,"",230,"",4,"",0,"",11.6,"",.0,"8","U","",12.4,"",91,"",10.2,"",998.7,"",1011.8,"",2,.2,"",.0,"8",0,"8","10","2","8","","5","","","/","","","/","","",0,"8",.0,"8",.0,"8","","8",0,"8","","",.0,"8",.0,"8",.0,"8",.0,"8",.0,"8",.0,"8",.0,"8",.0,"8",.0,"8",0,"8",0,"8",0,"8","","",0,"8",0,"8"
"352190360","P£OCK","2006","10","05","04","4","",0,"8",0,"8","","","",6,"",0,"8",0,"8",8,"",210,"",3,"",0,"",11.7,"",.0,"8","U","",12.5,"",91,"",10.3,"",999.3,"",1012.4,"",3,.7,"",.0,"8",0,"8","10","2","8","","5","","","/","","","/","","",0,"8",.0,"8",.0,"8","","8",0,"8","","",.0,"8",.0,"8",.0,"8",.0,"8",.0,"8",.0,"8",.0,"8",.0,"8",.0,"8",0,"8",0,"8",0,"8","","",0,"8",0,"8"
"352190360","P£OCK","2006","10","05","05","4","",0,"8",0,"8","","","",5,"",0,"8",0,"8",8,"",220,"",3,"",0,"",11.7,"",.0,"8","U","",12.6,"",92,"",10.4,"",999.7,"",1012.8,"",2,1.1,"",.0,"8",0,"8","80","2","8","","9","","","/","","","/","","",0,"8",.0,"8",.0,"8","","8",0,"8","","",.0,"8",.0,"8",.0,"8",.0,"8",.0,"8",.0,"8",.0,"8",.0,"8",.0,"8",0,"8",0,"8",0,"8","","",0,"8",0,"8"
"352190360","P£OCK","2006","10","05","06","4","",0,"8",0,"8","","","",6,"",0,"8",0,"8",8,"",230,"",3,"",0,"",12.0,"",.0,"8","U","",12.6,"",90,"",10.4,"",1000.2,"",1013.3,"",2,1.5,"",.1,"",6,"","25","2","8","","5","","","/","","","/","","",1,"",.0,"8",.0,"8","","8",0,"8","","",.0,"8",.0,"8",.0,"8",.0,"8",.0,"8",.0,"8",.0,"8",.0,"8",.0,"8",0,"8",0,"8",0,"8","","",0,"8",0,"8"
"352190360","P£OCK","2006","10","05","07","4","",0,"8",0,"8","","","",6,"",0,"8",0,"8",8,"",250,"",3,"",0,"",12.3,"",.0,"8","U","",12.7,"",89,"",10.5,"",1001.1,"",1014.2,"",3,1.8,"",.0,"8",0,"8","10","2","8","","5","","","/","","","/","","",0,"8",.0,"8",.0,"8","","8",0,"8","","",.0,"8",.0,"8",.0,"8",.0,"8",.0,"8",.0,"8",.0,"8",.0,"8",.0,"8",0,"8",0,"8",0,"8","","",0,"8",0,"8"
"352190360","P£OCK","2006","10","05","08","4","",0,"8",0,"8","","","",6,"",0,"8",0,"8",8,"",230,"",3,"",0,"",12.7,"",.0,"8","U","",12.9,"",88,"",10.8,"",1001.6,"",1014.7,"",2,1.9,"",.0,"8",0,"8","10","2","8","","5","","","/","","","/","","",0,"8",.0,"8",.0,"8","","8",0,"8","","",.0,"8",.0,"8",.0,"8",.0,"8",.0,"8",.0,"8",.0,"8",.0,"8",.0,"8",0,"8",0,"8",0,"8","","",0,"8",0,"8"
"352190360","P£OCK","2006","10","05","09","4","",0,"8",0,"8","","","",6,"",0,"8",0,"8",8,"",240,"",3,"",0,"",13.3,"",.0,"8","U","",12.8,"",84,"",10.7,"",1002.0,"",1015.1,"",1,1.8,"",.0,"8",0,"8","10","2","8","","5","","","/","","","/","","",0,"8",.0,"8",.0,"8","","8",0,"8","","",.0,"8",.0,"8",.0,"8",.0,"8",.0,"8",.0,"8",.0,"8",.0,"8",.0,"8",0,"8",0,"8",0,"8","","",0,"8",0,"8"
"352190360","P£OCK","2006","10","05","10","4","",0,"8",0,"8","","","",6,"",0,"8",0,"8",7,"",240,"",3,"",0,"",13.5,"",.0,"8","U","",12.7,"",82,"",10.5,"",1002.4,"",1015.5,"",2,1.3,"",.0,"8",0,"8","10","2","7","","5","","","/","","","/","","",0,"8",.0,"8",.0,"8","","8",0,"8","","",.0,"8",.0,"8",.0,"8",.0,"8",.0,"8",.0,"8",.0,"8",.0,"8",.0,"8",0,"8",0,"8",0,"8","","",0,"8",0,"8"
"352190360","P£OCK","2006","10","05","11","5","",0,"8",0,"8","","","",7,"",0,"8",0,"8",6,"",280,"",4,"",0,"",15.2,"",.0,"8","U","",12.4,"",72,"",10.2,"",1002.5,"",1015.5,"",1,.9,"",.0,"8",0,"8","03","2","6","","2","","","0","","","0","","",0,"8",.0,"8",.0,"8","","8",0,"8","","",.0,"8",.0,"8",.0,"8",.0,"8",.0,"8",.0,"8",.0,"8",.0,"8",.0,"8",0,"8",0,"8",0,"8","","",0,"8",0,"8"
"352190360","P£OCK","2006","10","05","12","5","",0,"8",0,"8","","","",7,"",0,"8",0,"8",5,"",290,"",5,"",0,"",14.7,"",.0,"8","U","",11.2,"",67,"",8.6,"",1002.5,"",1015.5,"",1,.5,"",.0,"9",0,"9","01","2","4","","5","","","0","","","1","","",1,"",.0,"8",.0,"8","","8",0,"8","","",.0,"8",.0,"8",.0,"8",.0,"8",.0,"8",.0,"8",.0,"8",.0,"8",.0,"8",0,"8",0,"8",0,"8","","",0,"8",0,"8"
"352190360","P£OCK","2006","10","05","13","6","",0,"8",0,"8","","","",8,"",0,"8",0,"8",3,"",290,"",5,"",0,"",16.0,"",.0,"8","U","",10.7,"",59,"",8.0,"",1003.0,"",1016.0,"",2,.6,"",.0,"8",0,"8","03","1","3","","2","","","0","","","0","","",0,"8",.0,"8",.0,"8","","8",0,"8","","",.0,"8",.0,"8",.0,"8",.0,"8",.0,"8",.0,"8",.0,"8",.0,"8",.0,"8",0,"8",0,"8",0,"8","","",0,"8",0,"8"
"352190360","P£OCK","2006","10","05","14","6","",0,"8",0,"8","","","",8,"",0,"8",0,"8",2,"",280,"",4,"",0,"",16.1,"",.0,"8","U","",10.4,"",57,"",7.6,"",1003.3,"",1016.3,"",3,.8,"",.0,"8",0,"8","03","0","1","","2","","","3","","","0","","",0,"8",.0,"8",.0,"8","","8",0,"8","","",.0,"8",.0,"8",.0,"8",.0,"8",.0,"8",.0,"8",.0,"8",.0,"8",.0,"8",0,"8",0,"8",0,"8","","",0,"8",0,"8"
"352190360","P£OCK","2006","10","05","15","6","",0,"8",0,"8","","","",8,"",0,"8",0,"8",2,"",240,"",3,"",0,"",16.0,"",.0,"8","U","",11.4,"",63,"",9.0,"",1003.6,"",1016.6,"",1,1.1,"",.0,"8",0,"8","03","1","1","","2","","","3","","","1","","",0,"8",.0,"8",.0,"8","","8",0,"8","","",.0,"8",.0,"8",.0,"8",.0,"8",.0,"8",.0,"8",.0,"8",.0,"8",.0,"8",0,"8",0,"8",0,"8","","",0,"8",0,"8"
"352190360","P£OCK","2006","10","05","16","6","",0,"8",0,"8","","","",8,"",0,"8",0,"8",2,"",240,"",2,"",0,"",14.3,"",.0,"8","U","",10.9,"",67,"",8.3,"",1003.8,"",1016.9,"",2,.8,"",.0,"8",0,"8","01","0","1","","5","","","3","","","1","","",0,"8",.0,"8",.0,"8","","8",0,"8","","",.0,"8",.0,"8",.0,"8",.0,"8",.0,"8",.0,"8",.0,"8",.0,"8",.0,"8",0,"8",0,"8",0,"8","","",0,"8",0,"8"
"352190360","P£OCK","2006","10","05","17","6","",0,"8",0,"8","","","",7,"",0,"8",0,"8",2,"",240,"",1,"",0,"",11.8,"",.0,"8","U","",10.8,"",78,"",8.1,"",1004.2,"",1017.4,"",2,.9,"",.0,"8",0,"8","02","0","1","","5","","","3","","","1","","",0,"8",.0,"8",.0,"8","","8",0,"8","","",.0,"8",.0,"8",.0,"8",.0,"8",.0,"8",.0,"8",.0,"8",.0,"8",.0,"8",0,"8",0,"8",0,"8","","",0,"8",0,"8"
"352190360","P£OCK","2006","10","05","18","9","",0,"8",0,"8","","","",7,"",0,"8",0,"8",4,"",200,"",3,"",0,"",11.5,"",.0,"8","U","",11.4,"",84,"",8.9,"",1004.5,"",1017.7,"",2,.9,"",.0,"9",0,"9","01","1","3","","0","","","5","","","1","","",1,"",.0,"8",.0,"8","","8",0,"8","","",.0,"8",.0,"8",.0,"8",.0,"8",.0,"8",.0,"8",.0,"8",.0,"8",.0,"8",0,"8",0,"8",0,"8","","",0,"8",0,"8"
"352190360","P£OCK","2006","10","05","19","9","",0,"8",0,"8","","","",7,"",0,"8",0,"8",3,"",220,"",3,"",0,"",11.1,"",.0,"8","U","",11.5,"",87,"",9.0,"",1004.8,"",1018.0,"",2,1.0,"",.0,"8",0,"8","01","0","3","","0","","","3","","","0","","",0,"8",.0,"8",.0,"8","","8",0,"8","","",.0,"8",.0,"8",.0,"8",.0,"8",.0,"8",.0,"8",.0,"8",.0,"8",.0,"8",0,"8",0,"8",0,"8","","",0,"8",0,"8"
"352190360","P£OCK","2006","10","05","20","9","",0,"8",0,"8","","","",7,"",0,"8",0,"8",3,"",210,"",2,"",0,"",10.7,"",.0,"8","U","",11.7,"",91,"",9.3,"",1005.0,"",1018.2,"",2,.8,"",.0,"8",0,"8","02","0","3","","0","","","3","","","0","","",0,"8",.0,"8",.0,"8","","8",0,"8","","",.0,"8",.0,"8",.0,"8",.0,"8",.0,"8",.0,"8",.0,"8",.0,"8",.0,"8",0,"8",0,"8",0,"8","","",0,"8",0,"8"
"352190360","P£OCK","2006","10","05","21","9","",0,"8",0,"8","","","",6,"",0,"8",0,"8",3,"",190,"",2,"",0,"",10.8,"",.0,"8","U","",11.9,"",92,"",9.6,"",1005.0,"",1018.2,"",1,.5,"",.0,"8",0,"8","10","0","3","","0","","","3","","","0","","",0,"8",.0,"8",.0,"8","","8",0,"8","","",.0,"8",.0,"8",.0,"8",.0,"8",.0,"8",.0,"8",.0,"8",.0,"8",.0,"8",0,"8",0,"8",0,"8","","",0,"8",0,"8"
"352190360","P£OCK","2006","10","05","22","9","",0,"8",0,"8","","","",6,"",0,"8",0,"8",1,"",200,"",2,"",0,"",10.2,"",.0,"8","U","",11.6,"",93,"",9.1,"",1005.2,"",1018.5,"",2,.4,"",.0,"8",0,"8","10","0","1","","0","","","3","","","0","","",0,"8",.0,"8",.0,"8","","8",0,"8","","",.0,"8",.0,"8",.0,"8",.0,"8",.0,"8",.0,"8",.0,"8",.0,"8",.0,"8",0,"8",0,"8",0,"8","","",0,"8",0,"8"
"352190360","P£OCK","2006","10","05","23","9","",0,"8",0,"8","","","",5,"",0,"8",0,"8",0,"",200,"",2,"",0,"",10.0,"",.0,"8","U","",11.5,"",94,"",9.1,"",1005.0,"",1018.3,"",0,.0,"",.0,"8",0,"8","10","0","0","","0","","","0","","","0","","",0,"8",.0,"8",.0,"8","","8",0,"8","","",.0,"8",.0,"8",.0,"8",.0,"8",.0,"8",.0,"8",.0,"8",.0,"8",.0,"8",0,"8",0,"8",0,"8","","",0,"8",0,"8"
"352190360","P£OCK","2006","10","06","00","9","",0,"8",0,"8","","","",5,"",0,"8",0,"8",0,"",200,"",2,"",0,"",9.6,"",.0,"8","U","",11.2,"",94,"",8.7,"",1004.9,"",1018.2,"",8,-.1,"",.0,"9",0,"9","10","0","0","","0","","","0","","","0","","",1,"",.0,"8",.0,"8","","8",0,"8","","",.0,"8",.0,"8",.0,"8",.0,"8",.0,"8",.0,"8",.0,"8",.0,"8",.0,"8",0,"8",0,"8",0,"8","","",0,"8",0,"8"
"352190360","P£OCK","2006","10","06","01","9","",0,"8",0,"8","","","",5,"",0,"8",0,"8",0,"",210,"",2,"",0,"",9.4,"",.0,"8","U","",11.2,"",95,"",8.6,"",1004.9,"",1018.2,"",6,-.3,"",.0,"8",0,"8","10","0","0","","0","","","0","","","0","","",0,"8",.0,"8",.0,"8","","8",0,"8","","",.0,"8",.0,"8",.0,"8",.0,"8",.0,"8",.0,"8",.0,"8",.0,"8",.0,"8",0,"8",0,"8",0,"8","","",0,"8",0,"8"
"352190360","P£OCK","2006","10","06","02","9","",0,"8",0,"8","","","",5,"",0,"8",0,"8",0,"",210,"",2,"",0,"",9.0,"",.0,"8","U","",10.8,"",94,"",8.1,"",1005.1,"",1018.4,"",3,.1,"",.0,"8",0,"8","10","0","0","","0","","","0","","","0","","",0,"8",.0,"8",.0,"8","","8",0,"8","","",.0,"8",.0,"8",.0,"8",.0,"8",.0,"8",.0,"8",.0,"8",.0,"8",.0,"8",0,"8",0,"8",0,"8","","",0,"8",0,"8"
"352190360","P£OCK","2006","10","06","03","9","",0,"8",0,"8","","","",5,"",0,"8",0,"8",0,"",180,"",2,"",0,"",8.9,"",.0,"8","U","",10.8,"",95,"",8.1,"",1004.9,"",1018.2,"",0,.0,"",.0,"8",0,"8","10","0","0","","0","","","0","","","0","","",0,"8",.0,"8",.0,"8","","8",0,"8","","",.0,"8",.0,"8",.0,"8",.0,"8",.0,"8",.0,"8",.0,"8",.0,"8",.0,"8",0,"8",0,"8",0,"8","","",0,"8",0,"8"
"352190360","P£OCK","2006","10","06","04","1","",0,"8",0,"8","","","",5,"",0,"8",0,"8",7,"",200,"",1,"",0,"",8.7,"",.0,"8","U","",10.7,"",95,"",7.9,"",1004.8,"",1018.1,"",8,-.1,"",.0,"8",0,"8","10","1","7","","6","","","/","","","/","","",0,"8",.0,"8",.0,"8","","8",0,"8","","",.0,"8",.0,"8",.0,"8",.0,"8",.0,"8",.0,"8",.0,"8",.0,"8",.0,"8",0,"8",0,"8",0,"8","","",0,"8",0,"8"
"352190360","P£OCK","2006","10","06","05","2","",0,"8",0,"8","","","",5,"",0,"8",0,"8",2,"",170,"",2,"",0,"",7.8,"",.0,"8","U","",9.9,"",94,"",6.9,"",1004.5,"",1017.9,"",7,-.6,"",.0,"8",0,"8","10","1","1","","6","","","0","","","1","","",0,"8",.0,"8",.0,"8","","8",0,"8","","",.0,"8",.0,"8",.0,"8",.0,"8",.0,"8",.0,"8",.0,"8",.0,"8",.0,"8",0,"8",0,"8",0,"8","","",0,"8",0,"8"
"352190360","P£OCK","2006","10","06","06","9","",0,"8",0,"8","","","",6,"",0,"8",0,"8",1,"",180,"",2,"",0,"",8.4,"",.0,"8","U","",10.3,"",94,"",7.5,"",1004.7,"",1018.0,"",5,-.2,"",.0,"9",0,"9","10","1","0","","0","","","0","","","1","","",1,"",.0,"8",.0,"8","","8",0,"8","","",.0,"8",.0,"8",.0,"8",.0,"8",.0,"8",.0,"8",.0,"8",.0,"8",.0,"8",0,"8",0,"8",0,"8","","",0,"8",0,"8"
"352190360","P£OCK","2006","10","06","07","9","",0,"8",0,"8","","","",6,"",0,"8",0,"8",2,"",190,"",3,"",0,"",9.9,"",.0,"8","U","",10.7,"",88,"",8.0,"",1004.8,"",1018.1,"",5,.0,"",.0,"8",0,"8","10","0","0","","0","","","0","","","1","","",0,"8",.0,"8",.0,"8","","8",0,"8","","",.0,"8",.0,"8",.0,"8",.0,"8",.0,"8",.0,"8",.0,"8",.0,"8",.0,"8",0,"8",0,"8",0,"8","","",0,"8",0,"8"
"352190360","P£OCK","2006","10","06","08","9","",0,"8",0,"8","","","",6,"",0,"8",0,"8",5,"",200,"",4,"",0,"",11.8,"",.0,"8","U","",11.2,"",81,"",8.6,"",1004.3,"",1017.5,"",8,-.2,"",.0,"8",0,"8","10","1","0","","0","","","0","","","6","","",0,"8",.0,"8",.0,"8","","8",0,"8","","",.0,"8",.0,"8",.0,"8",.0,"8",.0,"8",.0,"8",.0,"8",.0,"8",.0,"8",0,"8",0,"8",0,"8","","",0,"8",0,"8"
"352190360","P£OCK","2006","10","06","09","9","",0,"8",0,"8","","","",7,"",0,"8",0,"8",7,"",200,"",4,"",0,"",13.6,"",.0,"8","U","",11.7,"",75,"",9.2,"",1004.1,"",1017.2,"",8,-.6,"",.0,"8",0,"8","03","1","0","","0","","","0","","","6","","",0,"8",.0,"8",.0,"8","","8",0,"8","","",.0,"8",.0,"8",.0,"8",.0,"8",.0,"8",.0,"8",.0,"8",.0,"8",.0,"8",0,"8",0,"8",0,"8","","",0,"8",0,"8"
"352190360","P£OCK","2006","10","06","10","9","",0,"8",0,"8","","","",8,"",0,"8",0,"8",7,"",190,"",5,"",0,"",14.8,"",.0,"8","U","",10.6,"",63,"",7.8,"",1003.6,"",1016.6,"",7,-1.2,"",.0,"8",0,"8","02","2","0","","0","","","0","","","8","","",0,"8",.0,"8",.0,"8","","8",0,"8","","",.0,"8",.0,"8",.0,"8",.0,"8",.0,"8",.0,"8",.0,"8",.0,"8",.0,"8",0,"8",0,"8",0,"8","","",0,"8",0,"8"
"352190360","P£OCK","2006","10","06","11","6","",0,"8",0,"8","","","",8,"",0,"8",0,"8",7,"",190,"",5,"",0,"",15.7,"",.0,"8","U","",10.7,"",60,"",8.0,"",1002.8,"",1015.8,"",8,-1.5,"",.0,"8",0,"8","03","2","1","","1","","","0","","","8","","",0,"8",.0,"8",.0,"8","","8",0,"8","","",.0,"8",.0,"8",.0,"8",.0,"8",.0,"8",.0,"8",.0,"8",.0,"8",.0,"8",0,"8",0,"8",0,"8","","",0,"8",0,"8"
"352190360","P£OCK","2006","10","06","12","6","",0,"8",0,"8","","","",8,"",0,"8",0,"8",7,"",190,"",6,"",0,"",16.0,"",.0,"8","U","",9.8,"",54,"",6.7,"",1001.9,"",1014.9,"",8,-2.2,"",.0,"9",0,"9","03","1","1","","1","","","3","","","8","","",1,"",.0,"8",.0,"8","","8",0,"8","","",.0,"8",.0,"8",.0,"8",.0,"8",.0,"8",.0,"8",.0,"8",.0,"8",.0,"8",0,"8",0,"8",0,"8","","",0,"8",0,"8"
"352190360","P£OCK","2006","10","06","13","6","",0,"8",0,"8","","","",8,"",0,"8",0,"8",6,"",190,"",5,"",0,"",16.9,"",.0,"8","U","",10.4,"",54,"",7.5,"",1001.3,"",1014.2,"",7,-2.3,"",.0,"8",0,"8","03","2","1","","2","","","3","","","8","","",0,"8",.0,"8",.0,"8","","8",0,"8","","",.0,"8",.0,"8",.0,"8",.0,"8",.0,"8",.0,"8",.0,"8",.0,"8",.0,"8",0,"8",0,"8",0,"8","","",0,"8",0,"8"
"352190360","P£OCK","2006","10","06","14","6","",0,"8",0,"8","","","",8,"",0,"8",0,"8",7,"",200,"",5,"",0,"",16.3,"",.0,"8","U","",10.0,"",54,"",7.0,"",1000.9,"",1013.8,"",6,-1.9,"",.0,"8",0,"8","01","2","1","","1","","","5","","","/","","",0,"8",.0,"8",.0,"8","","8",0,"8","","",.0,"8",.0,"8",.0,"8",.0,"8",.0,"8",.0,"8",.0,"8",.0,"8",.0,"8",0,"8",0,"8",0,"8","","",0,"8",0,"8"
"352190360","P£OCK","2006","10","06","15","7","",0,"8",0,"8","","","",8,"",0,"8",0,"8",7,"",200,"",4,"",0,"",16.0,"",.0,"8","U","",10.9,"",60,"",8.2,"",1000.7,"",1013.6,"",6,-1.2,"",.0,"8",0,"8","01","2","3","","5","","","3","","","/","","",0,"8",.0,"8",.0,"8","","8",0,"8","","",.0,"8",.0,"8",.0,"8",.0,"8",.0,"8",.0,"8",.0,"8",.0,"8",.0,"8",0,"8",0,"8",0,"8","","",0,"8",0,"8"
"352190360","P£OCK","2006","10","06","16","6","",0,"8",0,"8","","","",8,"",0,"8",0,"8",8,"",210,"",3,"",0,"",15.4,"",.0,"8","U","",11.3,"",65,"",8.8,"",1000.7,"",1013.7,"",6,-.6,"",.0,"8",0,"8","03","2","5","","9","","","3","","","/","","",0,"8",.0,"8",.0,"8","","8",0,"8","","",.0,"8",.0,"8",.0,"8",.0,"8",.0,"8",.0,"8",.0,"8",.0,"8",.0,"8",0,"8",0,"8",0,"8","","",0,"8",0,"8"
"352190360","P£OCK","2006","10","06","17","6","",0,"8",0,"8","","","",8,"",0,"8",0,"8",8,"",210,"",4,"",0,"",15.0,"",.0,"8","U","",11.6,"",68,"",9.1,"",1000.8,"",1013.8,"",5,-.1,"",.0,"8",0,"8","01","2","8","","5","","","/","","","/","","",0,"8",.0,"8",.0,"8","","8",0,"8","","",.0,"8",.0,"8",.0,"8",.0,"8",.0,"8",.0,"8",.0,"8",.0,"8",.0,"8",0,"8",0,"8",0,"8","","",0,"8",0,"8"
"352190360","P£OCK","2006","10","06","18","7","",0,"8",0,"8","","","",8,"",0,"8",0,"8",7,"",220,"",3,"",0,"",14.5,"",.0,"8","U","",11.9,"",72,"",9.5,"",1000.6,"",1013.6,"",8,-.1,"",.0,"9",0,"9","01","2","5","","5","","","3","","","/","","",1,"",.0,"8",.0,"8","","8",0,"8","","",.0,"8",.0,"8",.0,"8",.0,"8",.0,"8",.0,"8",.0,"8",.0,"8",.0,"8",0,"8",0,"8",0,"8","","",0,"8",0,"8"
"352190360","P£OCK","2006","10","06","19","9","",0,"8",0,"8","","","",8,"",0,"8",0,"8",7,"",220,"",3,"",0,"",14.0,"",.0,"8","U","",11.8,"",74,"",9.4,"",1000.6,"",1013.6,"",6,-.1,"",.0,"8",0,"8","01","2","7","","0","","","3","","","/","","",0,"8",.0,"8",.0,"8","","8",0,"8","","",.0,"8",.0,"8",.0,"8",.0,"8",.0,"8",.0,"8",.0,"8",.0,"8",.0,"8",0,"8",0,"8",0,"8","","",0,"8",0,"8"
"352190360","P£OCK","2006","10","06","20","7","",0,"8",0,"8","","","",8,"",0,"8",0,"8",7,"",220,"",3,"",0,"",13.8,"",.0,"8","U","",12.0,"",76,"",9.6,"",1000.6,"",1013.6,"",6,-.2,"",.0,"8",0,"8","03","2","7","","5","","","/","","","/","","",0,"8",.0,"8",.0,"8","","8",0,"8","","",.0,"8",.0,"8",.0,"8",.0,"8",.0,"8",.0,"8",.0,"8",.0,"8",.0,"8",0,"8",0,"8",0,"8","","",0,"8",0,"8"
"352190360","P£OCK","2006","10","06","21","7","",0,"8",0,"8","","","",8,"",0,"8",0,"8",7,"",210,"",2,"",0,"",13.6,"",.0,"8","U","",12.0,"",77,"",9.6,"",1000.4,"",1013.4,"",8,-.2,"",.0,"8",0,"8","01","2","4","","5","","","3","","","/","","",0,"8",.0,"8",.0,"8","","8",0,"8","","",.0,"8",.0,"8",.0,"8",.0,"8",.0,"8",.0,"8",.0,"8",.0,"8",.0,"8",0,"8",0,"8",0,"8","","",0,"8",0,"8"
"352190360","P£OCK","2006","10","06","22","9","",0,"8",0,"8","","","",8,"",0,"8",0,"8",7,"",200,"",2,"",0,"",13.1,"",.0,"8","U","",11.9,"",79,"",9.5,"",1000.2,"",1013.3,"",8,-.4,"",.0,"8",0,"8","01","2","7","","0","","","3","","","/","","",0,"8",.0,"8",.0,"8","","8",0,"8","","",.0,"8",.0,"8",.0,"8",.0,"8",.0,"8",.0,"8",.0,"8",.0,"8",.0,"8",0,"8",0,"8",0,"8","","",0,"8",0,"8"
"352190360","P£OCK","2006","10","06","23","9","",0,"8",0,"8","","","",7,"",0,"8",0,"8",6,"",160,"",2,"",0,"",12.4,"",.0,"8","U","",11.9,"",83,"",9.6,"",1000.0,"",1013.1,"",7,-.6,"",.0,"8",0,"8","01","2","6","","0","","","3","","","0","","",0,"8",.0,"8",.0,"8","","8",0,"8","","",.0,"8",.0,"8",.0,"8",.0,"8",.0,"8",.0,"8",.0,"8",.0,"8",.0,"8",0,"8",0,"8",0,"8","","",0,"8",0,"8"
"352190360","P£OCK","2006","10","07","00","9","",0,"8",0,"8","","","",7,"",0,"8",0,"8",1,"",170,"",2,"",0,"",11.7,"",.0,"8","U","",11.5,"",84,"",9.1,"",999.8,"",1012.9,"",7,-.6,"",.0,"9",0,"9","01","1","1","","0","","","3","","","0","","",1,"",.0,"8",.0,"8","","8",0,"8","","",.0,"8",.0,"8",.0,"8",.0,"8",.0,"8",.0,"8",.0,"8",.0,"8",.0,"8",0,"8",0,"8",0,"8","","",0,"8",0,"8"
"352190360","P£OCK","2006","10","07","01","8","",0,"8",0,"8","","","",7,"",0,"8",0,"8",7,"",150,"",2,"",0,"",11.1,"",.0,"8","U","",11.3,"",86,"",8.8,"",999.4,"",1012.5,"",8,-.8,"",.0,"8",0,"8","03","1","7","","5","","","/","","","/","","",0,"8",.0,"8",.0,"8","","8",0,"8","","",.0,"8",.0,"8",.0,"8",.0,"8",.0,"8",.0,"8",.0,"8",.0,"8",.0,"8",0,"8",0,"8",0,"8","","",0,"8",0,"8"
"352190360","P£OCK","2006","10","07","02","8","",0,"8",0,"8","","","",7,"",0,"8",0,"8",4,"",170,"",3,"",0,"",10.9,"",.0,"8","U","",11.2,"",86,"",8.6,"",999.1,"",1012.3,"",7,-.9,"",.0,"8",0,"8","01","1","4","","5","","","0","","","0","","",0,"8",.0,"8",.0,"8","","8",0,"8","","",.0,"8",.0,"8",.0,"8",.0,"8",.0,"8",.0,"8",.0,"8",.0,"8",.0,"8",0,"8",0,"8",0,"8","","",0,"8",0,"8"
"352190360","P£OCK","2006","10","07","03","8","",0,"8",0,"8","","","",7,"",0,"8",0,"8",7,"",150,"",2,"",0,"",11.0,"",.0,"8","U","",11.3,"",86,"",8.7,"",998.5,"",1011.6,"",7,-1.3,"",.0,"8",0,"8","03","1","7","","5","","","/","","","/","","",0,"8",.0,"8",.0,"8","","8",0,"8","","",.0,"8",.0,"8",.0,"8",.0,"8",.0,"8",.0,"8",.0,"8",.0,"8",.0,"8",0,"8",0,"8",0,"8","","",0,"8",0,"8"
"352190360","P£OCK","2006","10","07","04","8","",0,"8",0,"8","","","",7,"",0,"8",0,"8",7,"",160,"",2,"",0,"",11.5,"",.0,"8","U","",11.2,"",83,"",8.7,"",998.4,"",1011.5,"",7,-1.0,"",.0,"8",0,"8","02","2","7","","5","","","/","","","/","","",0,"8",.0,"8",.0,"8","","8",0,"8","","",.0,"8",.0,"8",.0,"8",.0,"8",.0,"8",.0,"8",.0,"8",.0,"8",.0,"8",0,"8",0,"8",0,"8","","",0,"8",0,"8"
"352190360","P£OCK","2006","10","07","05","8","",0,"8",0,"8","","","",7,"",0,"8",0,"8",7,"",160,"",2,"",0,"",11.6,"",.0,"8","U","",11.0,"",81,"",8.4,"",998.2,"",1011.3,"",7,-.9,"",.0,"8",0,"8","02","2","7","","5","","","/","","","/","","",0,"8",.0,"8",.0,"8","","8",0,"8","","",.0,"8",.0,"8",.0,"8",.0,"8",.0,"8",.0,"8",.0,"8",.0,"8",.0,"8",0,"8",0,"8",0,"8","","",0,"8",0,"8"
"352190360","P£OCK","2006","10","07","06","8","",0,"8",0,"8","","","",8,"",0,"8",0,"8",7,"",170,"",2,"",0,"",11.9,"",.0,"8","U","",11.0,"",79,"",8.4,"",997.9,"",1011.0,"",8,-.6,"",.0,"9",0,"9","02","1","7","","5","","","/","","","/","","",1,"",.0,"8",.0,"8","","8",0,"8","","",.0,"8",.0,"8",.0,"8",.0,"8",.0,"8",.0,"8",.0,"8",.0,"8",.0,"8",0,"8",0,"8",0,"8","","",0,"8",0,"8"
"352190360","P£OCK","2006","10","07","07","8","",0,"8",0,"8","","","",8,"",0,"8",0,"8",7,"",170,"",3,"",0,"",12.3,"",.0,"8","U","",10.9,"",76,"",8.2,"",997.8,"",1010.9,"",7,-.6,"",.0,"8",0,"8","02","2","7","","5","","","/","","","/","","",0,"8",.0,"8",.0,"8","","8",0,"8","","",.0,"8",.0,"8",.0,"8",.0,"8",.0,"8",.0,"8",.0,"8",.0,"8",.0,"8",0,"8",0,"8",0,"8","","",0,"8",0,"8"
"352190360","P£OCK","2006","10","07","08","8","",0,"8",0,"8","","","",8,"",0,"8",0,"8",7,"",160,"",3,"",0,"",12.8,"",.0,"8","U","",11.1,"",75,"",8.5,"",997.7,"",1010.7,"",6,-.5,"",.0,"8",0,"8","02","2","7","","5","","","/","","","/","","",0,"8",.0,"8",.0,"8","","8",0,"8","","",.0,"8",.0,"8",.0,"8",.0,"8",.0,"8",.0,"8",.0,"8",.0,"8",.0,"8",0,"8",0,"8",0,"8","","",0,"8",0,"8"
"352190360","P£OCK","2006","10","07","09","9","",0,"8",0,"8","","","",8,"",0,"8",0,"8",7,"",170,"",3,"",0,"",14.2,"",.0,"8","U","",11.6,"",72,"",9.2,"",997.5,"",1010.5,"",7,-.4,"",.0,"8",0,"8","01","2","6","","0","","","3","","","8","","",0,"8",.0,"8",.0,"8","","8",0,"8","","",.0,"8",.0,"8",.0,"8",.0,"8",.0,"8",.0,"8",.0,"8",.0,"8",.0,"8",0,"8",0,"8",0,"8","","",0,"8",0,"8"
"352190360","P£OCK","2006","10","07","10","9","",0,"8",0,"8","","","",8,"",0,"8",0,"8",7,"",170,"",4,"",0,"",16.7,"",.0,"8","U","",11.4,"",60,"",8.9,"",997.0,"",1009.9,"",8,-.8,"",.0,"8",0,"8","01","2","2","","0","","","3","","","8","","",0,"8",.0,"8",.0,"8","","8",0,"8","","",.0,"8",.0,"8",.0,"8",.0,"8",.0,"8",.0,"8",.0,"8",.0,"8",.0,"8",0,"8",0,"8",0,"8","","",0,"8",0,"8"
"352190360","P£OCK","2006","10","07","11","9","",0,"8",0,"8","","","",8,"",0,"8",0,"8",6,"",190,"",5,"",0,"",18.6,"",.0,"8","U","",11.5,"",54,"",9.1,"",996.8,"",1009.6,"",7,-.9,"",.0,"8",0,"8","01","2","2","","0","","","3","","","8","","",0,"8",.0,"8",.0,"8","","8",0,"8","","",.0,"8",.0,"8",.0,"8",.0,"8",.0,"8",.0,"8",.0,"8",.0,"8",.0,"8",0,"8",0,"8",0,"8","","",0,"8",0,"8"
"352190360","P£OCK","2006","10","07","12","9","",0,"8",0,"8","","","",8,"",0,"8",0,"8",7,"",190,"",5,"",0,"",17.8,"",.0,"8","U","",11.2,"",55,"",8.6,"",996.8,"",1009.6,"",6,-.7,"",.0,"9",0,"9","03","2","5","","0","","","3","","","8","","",1,"",.0,"8",.0,"8","","8",0,"8","","",.0,"8",.0,"8",.0,"8",.0,"8",.0,"8",.0,"8",.0,"8",.0,"8",.0,"8",0,"8",0,"8",0,"8","","",0,"8",0,"8"
"352190360","P£OCK","2006","10","07","13","7","",0,"8",0,"8","","","",8,"",0,"8",0,"8",8,"",190,"",4,"",0,"",17.4,"",.0,"8","U","",11.5,"",58,"",9.0,"",996.8,"",1009.6,"",6,-.2,"",.0,"8",0,"8","03","2","6","","5","","","3","","","/","","",0,"8",.0,"8",.0,"8","","8",0,"8","","",.0,"8",.0,"8",.0,"8",.0,"8",.0,"8",.0,"8",.0,"8",.0,"8",.0,"8",0,"8",0,"8",0,"8","","",0,"8",0,"8"
"352190360","P£OCK","2006","10","07","14","6","",0,"8",0,"8","","","",8,"",0,"8",0,"8",7,"",220,"",5,"",0,"",16.7,"",.0,"8","U","",12.0,"",63,"",9.6,"",997.0,"",1009.9,"",3,.2,"",.0,"8",0,"8","25","2","7","","9","","","/","","","/","","",0,"8",.0,"8",.0,"8","","8",0,"8","","",.0,"8",.0,"8",.0,"8",.0,"8",.0,"8",.0,"8",.0,"8",.0,"8",.0,"8",0,"8",0,"8",0,"8","","",0,"8",0,"8"
"352190360","P£OCK","2006","10","07","15","5","",0,"8",0,"8","","","",8,"",0,"8",0,"8",8,"",220,"",3,"",0,"",15.6,"",.0,"8","U","",12.7,"",72,"",10.6,"",997.4,"",1010.3,"",3,.6,"",.0,"8",0,"8","25","2","8","","9","","","/","","","/","","",0,"8",.0,"8",.0,"8","","8",0,"8","","",.0,"8",.0,"8",.0,"8",.0,"8",.0,"8",.0,"8",.0,"8",.0,"8",.0,"8",0,"8",0,"8",0,"8","","",0,"8",0,"8"
"352190360","P£OCK","2006","10","07","16","5","",0,"8",0,"8","","","",8,"",0,"8",0,"8",8,"",220,"",4,"",0,"",15.5,"",.0,"8","U","",13.0,"",74,"",10.9,"",997.9,"",1010.8,"",3,1.1,"",.0,"8",0,"8","25","2","8","","9","","","/","","","/","","",0,"8",.0,"8",.0,"8","","8",0,"8","","",.0,"8",.0,"8",.0,"8",.0,"8",.0,"8",.0,"8",.0,"8",.0,"8",.0,"8",0,"8",0,"8",0,"8","","",0,"8",0,"8"
"352190360","P£OCK","2006","10","07","17","5","",0,"8",0,"8","","","",7,"",0,"8",0,"8",8,"",230,"",4,"",0,"",13.4,"",.0,"8","U","",14.1,"",92,"",12.1,"",998.4,"",1011.4,"",2,1.4,"",.0,"8",0,"8","80","8","8","","9","","","/","","","/","","",0,"8",.0,"8",.0,"8","","8",0,"8","","",.0,"8",.0,"8",.0,"8",.0,"8",.0,"8",.0,"8",.0,"8",.0,"8",.0,"8",0,"8",0,"8",0,"8","","",0,"8",0,"8"
"352190360","P£OCK","2006","10","07","18","5","",0,"8",0,"8","","","",7,"",0,"8",0,"8",8,"",220,"",3,"",0,"",13.4,"",.0,"8","U","",14.1,"",92,"",12.1,"",998.8,"",1011.8,"",2,1.4,"",.3,"",6,"","80","2","8","","9","","","/","","","/","","",1,"",.0,"8",.0,"8","","8",0,"8","","",.0,"8",.0,"8",.0,"8",.0,"8",.0,"8",.0,"8",.0,"8",.0,"8",.0,"8",0,"8",0,"8",0,"8","","",0,"8",0,"8"
"352190360","P£OCK","2006","10","07","19","5","",0,"8",0,"8","","","",7,"",0,"8",0,"8",8,"",230,"",3,"",0,"",13.3,"",.0,"8","U","",13.9,"",91,"",11.9,"",999.5,"",1012.5,"",2,1.6,"",.0,"8",0,"8","80","8","8","","9","","","/","","","/","","",0,"8",.0,"8",.0,"8","","8",0,"8","","",.0,"8",.0,"8",.0,"8",.0,"8",.0,"8",.0,"8",.0,"8",.0,"8",.0,"8",0,"8",0,"8",0,"8","","",0,"8",0,"8"
"352190360","P£OCK","2006","10","07","20","6","",0,"8",0,"8","","","",7,"",0,"8",0,"8",8,"",220,"",3,"",0,"",12.9,"",.0,"8","U","",13.4,"",90,"",11.3,"",999.6,"",1012.7,"",2,1.2,"",.0,"8",0,"8","25","2","5","","9","","","3","","","/","","",0,"8",.0,"8",.0,"8","","8",0,"8","","",.0,"8",.0,"8",.0,"8",.0,"8",.0,"8",.0,"8",.0,"8",.0,"8",.0,"8",0,"8",0,"8",0,"8","","",0,"8",0,"8"
"352190360","P£OCK","2006","10","07","21","4","",0,"8",0,"8","","","",8,"",0,"8",0,"8",7,"",220,"",3,"",0,"",12.8,"",.0,"8","U","",13.0,"",88,"",10.9,"",999.8,"",1012.9,"",1,1.0,"",.0,"8",0,"8","03","8","7","","9","","","/","","","/","","",0,"8",.0,"8",.0,"8","","8",0,"8","","",.0,"8",.0,"8",.0,"8",.0,"8",.0,"8",.0,"8",.0,"8",.0,"8",.0,"8",0,"8",0,"8",0,"8","","",0,"8",0,"8"
"352190360","P£OCK","2006","10","07","22","4","",0,"8",0,"8","","","",7,"",0,"8",0,"8",7,"",230,"",5,"",0,"",13.0,"",.0,"8","U","",13.0,"",87,"",10.9,"",1000.3,"",1013.4,"",3,.8,"",.0,"8",0,"8","01","2","7","","5","","","/","","","/","","",0,"8",.0,"8",.0,"8","","8",0,"8","","",.0,"8",.0,"8",.0,"8",.0,"8",.0,"8",.0,"8",.0,"8",.0,"8",.0,"8",0,"8",0,"8",0,"8","","",0,"8",0,"8"
"352190360","P£OCK","2006","10","07","23","4","",0,"8",0,"8","","","",8,"",0,"8",0,"8",7,"",260,"",5,"",0,"",12.9,"",.0,"8","U","",12.2,"",82,"",9.9,"",1001.2,"",1014.3,"",3,1.6,"",.0,"8",0,"8","02","2","7","","5","","","/","","","/","","",0,"8",.0,"8",.0,"8","","8",0,"8","","",.0,"8",.0,"8",.0,"8",.0,"8",.0,"8",.0,"8",.0,"8",.0,"8",.0,"8",0,"8",0,"8",0,"8","","",0,"8",0,"8"
"352190360","P£OCK","2006","10","08","00","4","",0,"8",0,"8","","","",8,"",0,"8",0,"8",7,"",270,"",6,"",0,"",12.4,"",.0,"8","U","",11.5,"",80,"",9.0,"",1001.8,"",1014.9,"",2,2.0,"",.3,"",6,"","02","8","7","","5","","","/","","","/","","",1,"",.0,"8",.0,"8","","8",0,"8","","",.0,"8",.0,"8",.0,"8",.0,"8",.0,"8",.0,"8",.0,"8",.0,"8",.0,"8",0,"8",0,"8",0,"8","","",0,"8",0,"8"
"352190360","P£OCK","2006","10","08","01","4","",0,"8",0,"8","","","",8,"",0,"8",0,"8",7,"",270,"",5,"",10,"",12.0,"",.0,"8","U","",11.3,"",81,"",8.8,"",1002.4,"",1015.5,"",1,2.1,"",.0,"8",0,"8","02","2","7","","5","","","/","","","/","","",0,"8",.0,"8",.0,"8","","8",0,"8","","",.0,"8",.0,"8",.0,"8",.0,"8",.0,"8",.0,"8",.0,"8",.0,"8",.0,"8",0,"8",0,"8",0,"8","","",0,"8",0,"8"
"352190360","P£OCK","2006","10","08","02","4","",0,"8",0,"8","","","",8,"",0,"8",0,"8",7,"",270,"",4,"",0,"",11.6,"",.0,"8","U","",11.2,"",82,"",8.6,"",1002.9,"",1016.1,"",2,1.7,"",.0,"8",0,"8","02","2","7","","5","","","/","","","/","","",0,"8",.0,"8",.0,"8","","8",0,"8","","",.0,"8",.0,"8",.0,"8",.0,"8",.0,"8",.0,"8",.0,"8",.0,"8",.0,"8",0,"8",0,"8",0,"8","","",0,"8",0,"8"
"352190360","P£OCK","2006","10","08","03","4","",0,"8",0,"8","","","",7,"",0,"8",0,"8",7,"",260,"",5,"",10,"",11.4,"",.0,"8","U","",11.2,"",83,"",8.6,"",1003.4,"",1016.6,"",2,1.6,"",.0,"8",0,"8","02","2","7","","5","","","/","","","/","","",0,"8",.0,"8",.0,"8","","8",0,"8","","",.0,"8",.0,"8",.0,"8",.0,"8",.0,"8",.0,"8",.0,"8",.0,"8",.0,"8",0,"8",0,"8",0,"8","","",0,"8",0,"8"
"352190360","P£OCK","2006","10","08","04","4","",0,"8",0,"8","","","",7,"",0,"8",0,"8",7,"",270,"",7,"",0,"",11.0,"",.0,"8","U","",10.6,"",81,"",7.9,"",1004.0,"",1017.2,"",2,1.6,"",.0,"8",0,"8","02","2","7","","5","","","/","","","/","","",0,"8",.0,"8",.0,"8","","8",0,"8","","",.0,"8",.0,"8",.0,"8",.0,"8",.0,"8",.0,"8",.0,"8",.0,"8",.0,"8",0,"8",0,"8",0,"8","","",0,"8",0,"8"
"352190360","P£OCK","2006","10","08","05","4","",0,"8",0,"8","","","",7,"",0,"8",0,"8",7,"",260,"",5,"",0,"",10.6,"",.0,"8","U","",10.7,"",84,"",8.0,"",1004.3,"",1017.5,"",2,1.4,"",.0,"8",0,"8","02","2","7","","5","","","/","","","/","","",0,"8",.0,"8",.0,"8","","8",0,"8","","",.0,"8",.0,"8",.0,"8",.0,"8",.0,"8",.0,"8",.0,"8",.0,"8",.0,"8",0,"8",0,"8",0,"8","","",0,"8",0,"8"
"352190360","P£OCK","2006","10","08","06","4","",0,"8",0,"8","","","",7,"",0,"8",0,"8",7,"",270,"",5,"",11,"",10.4,"",.0,"8","U","",10.6,"",84,"",7.8,"",1005.1,"",1018.4,"",2,1.7,"",.0,"9",0,"9","02","2","7","","5","","","/","","","/","","",1,"",.0,"8",.0,"8","","8",0,"8","","",.0,"8",.0,"8",.0,"8",.0,"8",.0,"8",.0,"8",.0,"8",.0,"8",.0,"8",0,"8",0,"8",0,"8","","",0,"8",0,"8"
"352190360","P£OCK","2006","10","08","07","4","",0,"8",0,"8","","","",7,"",0,"8",0,"8",5,"",250,"",5,"",12,"",10.6,"",.0,"8","U","",10.7,"",84,"",8.0,"",1005.3,"",1018.5,"",2,1.3,"",.0,"8",0,"8","01","2","4","","5","","","3","","","0","","",0,"8",.0,"8",.0,"8","","8",0,"8","","",.0,"8",.0,"8",.0,"8",.0,"8",.0,"8",.0,"8",.0,"8",.0,"8",.0,"8",0,"8",0,"8",0,"8","","",0,"8",0,"8"
"352190360","P£OCK","2006","10","08","08","4","",0,"8",0,"8","","","",7,"",0,"8",0,"8",7,"",240,"",5,"",0,"",11.5,"",.0,"8","U","",10.7,"",79,"",8.0,"",1005.7,"",1018.9,"",2,1.4,"",.0,"8",0,"8","03","2","6","","5","","","3","","","/","","",0,"8",.0,"8",.0,"8","","8",0,"8","","",.0,"8",.0,"8",.0,"8",.0,"8",.0,"8",.0,"8",.0,"8",.0,"8",.0,"8",0,"8",0,"8",0,"8","","",0,"8",0,"8"
"352190360","P£OCK","2006","10","08","09","4","",0,"8",0,"8","","","",7,"",0,"8",0,"8",7,"",230,"",5,"",0,"",12.1,"",.0,"8","U","",11.0,"",78,"",8.4,"",1005.9,"",1019.1,"",2,.8,"",.0,"8",0,"8","01","2","5","","5","","","3","","","1","","",0,"8",.0,"8",.0,"8","","8",0,"8","","",.0,"8",.0,"8",.0,"8",.0,"8",.0,"8",.0,"8",.0,"8",.0,"8",.0,"8",0,"8",0,"8",0,"8","","",0,"8",0,"8"
"352190360","P£OCK","2006","10","08","10","4","",0,"8",0,"8","","","",8,"",0,"8",0,"8",6,"",230,"",6,"",0,"",13.5,"",.0,"8","U","",11.3,"",73,"",8.8,"",1005.6,"",1018.7,"",0,.3,"",.0,"8",0,"8","03","2","3","","2","","","3","","","1","","",0,"8",.0,"8",.0,"8","","8",0,"8","","",.0,"8",.0,"8",.0,"8",.0,"8",.0,"8",.0,"8",.0,"8",.0,"8",.0,"8",0,"8",0,"8",0,"8","","",0,"8",0,"8"
"352190360","P£OCK","2006","10","08","11","5","",0,"8",0,"8","","","",8,"",0,"8",0,"8",6,"",230,"",7,"",0,"",14.2,"",.0,"8","U","",11.0,"",68,"",8.4,"",1005.6,"",1018.7,"",6,-.1,"",.0,"8",0,"8","03","2","4","","2","","","3","","","1","","",0,"8",.0,"8",.0,"8","","8",0,"8","","",.0,"8",.0,"8",.0,"8",.0,"8",.0,"8",.0,"8",.0,"8",.0,"8",.0,"8",0,"8",0,"8",0,"8","","",0,"8",0,"8"
"352190360","P£OCK","2006","10","08","12","5","",0,"8",0,"8","","","",7,"",0,"8",0,"8",8,"",240,"",7,"",0,"",13.9,"",.0,"8","U","",11.3,"",71,"",8.7,"",1005.6,"",1018.7,"",6,-.3,"",.0,"9",0,"9","01","2","8","","5","","","/","","","/","","",1,"",.0,"8",.0,"8","","8",0,"8","","",.0,"8",.0,"8",.0,"8",.0,"8",.0,"8",.0,"8",.0,"8",.0,"8",.0,"8",0,"8",0,"8",0,"8","","",0,"8",0,"8"
"352190360","P£OCK","2006","10","08","13","5","",0,"8",0,"8","","","",8,"",0,"8",0,"8",7,"",240,"",6,"",0,"",14.4,"",.0,"8","U","",11.6,"",71,"",9.2,"",1005.4,"",1018.5,"",8,-.2,"",.0,"8",0,"8","01","2","5","","5","","","3","","","/","","",0,"8",.0,"8",.0,"8","","8",0,"8","","",.0,"8",.0,"8",.0,"8",.0,"8",.0,"8",.0,"8",.0,"8",.0,"8",.0,"8",0,"8",0,"8",0,"8","","",0,"8",0,"8"
"352190360","P£OCK","2006","10","08","14","5","",0,"8",0,"8","","","",8,"",0,"8",0,"8",7,"",230,"",7,"",0,"",14.4,"",.0,"8","U","",11.5,"",70,"",9.0,"",1005.3,"",1018.4,"",8,-.3,"",.0,"8",0,"8","02","2","5","","5","","","3","","","/","","",0,"8",.0,"8",.0,"8","","8",0,"8","","",.0,"8",.0,"8",.0,"8",.0,"8",.0,"8",.0,"8",.0,"8",.0,"8",.0,"8",0,"8",0,"8",0,"8","","",0,"8",0,"8"
"352190360","P£OCK","2006","10","08","15","5","",0,"8",0,"8","","","",8,"",0,"8",0,"8",7,"",230,"",6,"",0,"",14.5,"",.0,"8","U","",11.5,"",70,"",9.1,"",1005.4,"",1018.5,"",5,-.2,"",.0,"8",0,"8","01","2","2","","5","","","3","","","8","","",0,"8",.0,"8",.0,"8","","8",0,"8","","",.0,"8",.0,"8",.0,"8",.0,"8",.0,"8",.0,"8",.0,"8",.0,"8",.0,"8",0,"8",0,"8",0,"8","","",0,"8",0,"8"
"352190360","P£OCK","2006","10","08","16","5","",0,"8",0,"8","","","",8,"",0,"8",0,"8",6,"",240,"",6,"",0,"",14.0,"",.0,"8","U","",11.3,"",71,"",8.8,"",1005.6,"",1018.7,"",3,.2,"",.0,"8",0,"8","03","2","3","","5","","","3","","","8","","",0,"8",.0,"8",.0,"8","","8",0,"8","","",.0,"8",.0,"8",.0,"8",.0,"8",.0,"8",.0,"8",.0,"8",.0,"8",.0,"8",0,"8",0,"8",0,"8","","",0,"8",0,"8"
"352190360","P£OCK","2006","10","08","17","5","",0,"8",0,"8","","","",8,"",0,"8",0,"8",6,"",230,"",6,"",0,"",13.5,"",.0,"8","U","",11.1,"",72,"",8.5,"",1005.9,"",1019.0,"",3,.6,"",.0,"8",0,"8","02","2","3","","5","","","3","","","8","","",0,"8",.0,"8",.0,"8","","8",0,"8","","",.0,"8",.0,"8",.0,"8",.0,"8",.0,"8",.0,"8",.0,"8",.0,"8",.0,"8",0,"8",0,"8",0,"8","","",0,"8",0,"8"
"352190360","P£OCK","2006","10","08","18","5","",0,"8",0,"8","","","",8,"",0,"8",0,"8",7,"",240,"",4,"",0,"",13.4,"",.0,"8","U","",11.5,"",75,"",9.1,"",1006.3,"",1019.4,"",3,.9,"",.0,"9",0,"9","03","2","7","","5","","","/","","","/","","",1,"",.0,"8",.0,"8","","8",0,"8","","",.0,"8",.0,"8",.0,"8",.0,"8",.0,"8",.0,"8",.0,"8",.0,"8",.0,"8",0,"8",0,"8",0,"8","","",0,"8",0,"8"
"352190360","P£OCK","2006","10","08","19","6","",0,"8",0,"8","","","",8,"",0,"8",0,"8",5,"",240,"",5,"",0,"",13.1,"",.0,"8","U","",11.3,"",75,"",8.8,"",1006.4,"",1019.5,"",2,.8,"",.0,"8",0,"8","01","2","3","","5","","","3","","","1","","",0,"8",.0,"8",.0,"8","","8",0,"8","","",.0,"8",.0,"8",.0,"8",.0,"8",.0,"8",.0,"8",.0,"8",.0,"8",.0,"8",0,"8",0,"8",0,"8","","",0,"8",0,"8"
"352190360","P£OCK","2006","10","08","20","6","",0,"8",0,"8","","","",8,"",0,"8",0,"8",5,"",240,"",5,"",0,"",13.0,"",.0,"8","U","",11.4,"",76,"",8.9,"",1006.4,"",1019.6,"",1,.5,"",.0,"8",0,"8","03","2","5","","5","","","0","","","0","","",0,"8",.0,"8",.0,"8","","8",0,"8","","",.0,"8",.0,"8",.0,"8",.0,"8",.0,"8",.0,"8",.0,"8",.0,"8",.0,"8",0,"8",0,"8",0,"8","","",0,"8",0,"8"
"352190360","P£OCK","2006","10","08","21","6","",0,"8",0,"8","","","",8,"",0,"8",0,"8",7,"",250,"",5,"",0,"",13.3,"",.0,"8","U","",11.3,"",74,"",8.8,"",1006.6,"",1019.7,"",2,.3,"",.0,"8",0,"8","03","2","7","","5","","","/","","","/","","",0,"8",.0,"8",.0,"8","","8",0,"8","","",.0,"8",.0,"8",.0,"8",.0,"8",.0,"8",.0,"8",.0,"8",.0,"8",.0,"8",0,"8",0,"8",0,"8","","",0,"8",0,"8"
"352190360","P£OCK","2006","10","08","22","7","",0,"8",0,"8","","","",8,"",0,"8",0,"8",7,"",250,"",5,"",11,"",13.4,"",.0,"8","U","",11.4,"",74,"",8.9,"",1006.7,"",1019.8,"",3,.3,"",.0,"8",0,"8","02","2","7","","5","","","/","","","/","","",0,"8",.0,"8",.0,"8","","8",0,"8","","",.0,"8",.0,"8",.0,"8",.0,"8",.0,"8",.0,"8",.0,"8",.0,"8",.0,"8",0,"8",0,"8",0,"8","","",0,"8",0,"8"
"352190360","P£OCK","2006","10","08","23","7","",0,"8",0,"8","","","",8,"",0,"8",0,"8",6,"",270,"",5,"",0,"",13.3,"",.0,"8","U","",11.3,"",74,"",8.8,"",1006.9,"",1020.0,"",2,.5,"",.0,"8",0,"8","01","2","6","","5","","","0","","","0","","",0,"8",.0,"8",.0,"8","","8",0,"8","","",.0,"8",.0,"8",.0,"8",.0,"8",.0,"8",.0,"8",.0,"8",.0,"8",.0,"8",0,"8",0,"8",0,"8","","",0,"8",0,"8"
"352190360","P£OCK","2006","10","09","00","7","",0,"8",0,"8","","","",8,"",0,"8",0,"8",6,"",250,"",5,"",0,"",13.1,"",.0,"8","U","",11.3,"",75,"",8.8,"",1007.3,"",1020.5,"",3,.7,"",.0,"9",0,"9","02","2","6","","5","","","0","","","0","","",1,"",.0,"8",.0,"8","","8",0,"8","","",.0,"8",.0,"8",.0,"8",.0,"8",.0,"8",.0,"8",.0,"8",.0,"8",.0,"8",0,"8",0,"8",0,"8","","",0,"8",0,"8"
"352190360","P£OCK","2006","10","09","01","5","",0,"8",0,"8","","","",8,"",0,"8",0,"8",7,"",270,"",6,"",0,"",13.3,"",.0,"8","U","",11.3,"",74,"",8.8,"",1007.3,"",1020.4,"",1,.6,"",.0,"8",0,"8","03","2","7","","5","","","/","","","/","","",0,"8",.0,"8",.0,"8","","8",0,"8","","",.0,"8",.0,"8",.0,"8",.0,"8",.0,"8",.0,"8",.0,"8",.0,"8",.0,"8",0,"8",0,"8",0,"8","","",0,"8",0,"8"
"352190360","P£OCK","2006","10","09","02","6","",0,"8",0,"8","","","",8,"",0,"8",0,"8",7,"",270,"",5,"",0,"",13.4,"",.0,"8","U","",11.4,"",74,"",8.9,"",1007.6,"",1020.7,"",2,.7,"",.0,"8",0,"8","02","2","7","","5","","","/","","","/","","",0,"8",.0,"8",.0,"8","","8",0,"8","","",.0,"8",.0,"8",.0,"8",.0,"8",.0,"8",.0,"8",.0,"8",.0,"8",.0,"8",0,"8",0,"8",0,"8","","",0,"8",0,"8"
"352190360","P£OCK","2006","10","09","03","6","",0,"8",0,"8","","","",8,"",0,"8",0,"8",7,"",270,"",4,"",0,"",13.2,"",.0,"8","U","",11.4,"",75,"",8.9,"",1007.9,"",1021.1,"",3,.6,"",.0,"8",0,"8","02","2","7","","5","","","/","","","/","","",0,"8",.0,"8",.0,"8","","8",0,"8","","",.0,"8",.0,"8",.0,"8",.0,"8",.0,"8",.0,"8",.0,"8",.0,"8",.0,"8",0,"8",0,"8",0,"8","","",0,"8",0,"8"
"352190360","P£OCK","2006","10","09","04","7","",0,"8",0,"8","","","",8,"",0,"8",0,"8",7,"",270,"",6,"",0,"",13.2,"",.0,"8","U","",11.4,"",75,"",8.9,"",1007.9,"",1021.1,"",1,.6,"",.0,"8",0,"8","02","2","7","","5","","","/","","","/","","",0,"8",.0,"8",.0,"8","","8",0,"8","","",.0,"8",.0,"8",.0,"8",.0,"8",.0,"8",.0,"8",.0,"8",.0,"8",.0,"8",0,"8",0,"8",0,"8","","",0,"8",0,"8"
"352190360","P£OCK","2006","10","09","05","7","",0,"8",0,"8","","","",8,"",0,"8",0,"8",7,"",270,"",6,"",0,"",13.0,"",.0,"8","U","",11.4,"",76,"",8.9,"",1008.2,"",1021.4,"",2,.6,"",.0,"8",0,"8","02","2","7","","5","","","/","","","/","","",0,"8",.0,"8",.0,"8","","8",0,"8","","",.0,"8",.0,"8",.0,"8",.0,"8",.0,"8",.0,"8",.0,"8",.0,"8",.0,"8",0,"8",0,"8",0,"8","","",0,"8",0,"8"
"352190360","P£OCK","2006","10","09","06","7","",0,"8",0,"8","","","",8,"",0,"8",0,"8",7,"",280,"",5,"",0,"",12.7,"",.0,"8","U","",11.4,"",78,"",9.0,"",1008.6,"",1021.8,"",3,.7,"",.0,"9",0,"9","02","2","7","","5","","","/","","","/","","",1,"",.0,"8",.0,"8","","8",0,"8","","",.0,"8",.0,"8",.0,"8",.0,"8",.0,"8",.0,"8",.0,"8",.0,"8",.0,"8",0,"8",0,"8",0,"8","","",0,"8",0,"8"
"352190360","P£OCK","2006","10","09","07","7","",0,"8",0,"8","","","",7,"",0,"8",0,"8",7,"",270,"",4,"",0,"",12.9,"",.0,"8","U","",11.6,"",78,"",9.2,"",1009.2,"",1022.4,"",3,1.3,"",.0,"8",0,"8","02","2","7","","5","","","/","","","/","","",0,"8",.0,"8",.0,"8","","8",0,"8","","",.0,"8",.0,"8",.0,"8",.0,"8",.0,"8",.0,"8",.0,"8",.0,"8",.0,"8",0,"8",0,"8",0,"8","","",0,"8",0,"8"
"352190360","P£OCK","2006","10","09","08","7","",0,"8",0,"8","","","",7,"",0,"8",0,"8",7,"",270,"",4,"",0,"",13.4,"",.0,"8","U","",12.0,"",78,"",9.6,"",1009.8,"",1023.0,"",3,1.6,"",.0,"8",0,"8","02","2","7","","5","","","/","","","/","","",0,"8",.0,"8",.0,"8","","8",0,"8","","",.0,"8",.0,"8",.0,"8",.0,"8",.0,"8",.0,"8",.0,"8",.0,"8",.0,"8",0,"8",0,"8",0,"8","","",0,"8",0,"8"
"352190360","P£OCK","2006","10","09","09","7","",0,"8",0,"8","","","",7,"",0,"8",0,"8",6,"",280,"",4,"",0,"",14.5,"",.0,"8","U","",12.5,"",76,"",10.3,"",1010.0,"",1023.1,"",1,1.4,"",.0,"8",0,"8","01","2","6","","5","","","0","","","0","","",0,"8",.0,"8",.0,"8","","8",0,"8","","",.0,"8",.0,"8",.0,"8",.0,"8",.0,"8",.0,"8",.0,"8",.0,"8",.0,"8",0,"8",0,"8",0,"8","","",0,"8",0,"8"
"352190360","P£OCK","2006","10","09","10","7","",0,"8",0,"8","","","",7,"",0,"8",0,"8",7,"",290,"",4,"",0,"",14.6,"",.0,"8","U","",12.4,"",75,"",10.2,"",1010.3,"",1023.4,"",2,1.1,"",.0,"8",0,"8","03","2","7","","5","","","/","","","/","","",0,"8",.0,"8",.0,"8","","8",0,"8","","",.0,"8",.0,"8",.0,"8",.0,"8",.0,"8",.0,"8",.0,"8",.0,"8",.0,"8",0,"8",0,"8",0,"8","","",0,"8",0,"8"
"352190360","P£OCK","2006","10","09","11","7","",0,"8",0,"8","","","",8,"",0,"8",0,"8",8,"",290,"",4,"",0,"",15.5,"",.0,"8","U","",12.7,"",72,"",10.5,"",1010.1,"",1023.2,"",0,.3,"",.0,"8",0,"8","03","2","8","","5","","","/","","","/","","",0,"8",.0,"8",.0,"8","","8",0,"8","","",.0,"8",.0,"8",.0,"8",.0,"8",.0,"8",.0,"8",.0,"8",.0,"8",.0,"8",0,"8",0,"8",0,"8","","",0,"8",0,"8"
"352190360","P£OCK","2006","10","09","12","5","",0,"8",0,"8","","","",8,"",0,"8",0,"8",7,"",280,"",4,"",0,"",16.0,"",.0,"8","U","",13.1,"",72,"",11.0,"",1010.1,"",1023.2,"",1,.1,"",.0,"9",0,"9","03","2","7","","8","","","/","","","/","","",1,"",.0,"8",.0,"8","","8",0,"8","","",.0,"8",.0,"8",.0,"8",.0,"8",.0,"8",.0,"8",.0,"8",.0,"8",.0,"8",0,"8",0,"8",0,"8","","",0,"8",0,"8"
"352190360","P£OCK","2006","10","09","13","5","",0,"8",0,"8","","","",8,"",0,"8",0,"8",7,"",280,"",4,"",0,"",16.2,"",.0,"8","U","",12.3,"",67,"",10.1,"",1010.1,"",1023.2,"",6,-.2,"",.0,"8",0,"8","02","2","7","","8","","","/","","","/","","",0,"8",.0,"8",.0,"8","","8",0,"8","","",.0,"8",.0,"8",.0,"8",.0,"8",.0,"8",.0,"8",.0,"8",.0,"8",.0,"8",0,"8",0,"8",0,"8","","",0,"8",0,"8"
"352190360","P£OCK","2006","10","09","14","6","",0,"8",0,"8","","","",8,"",0,"8",0,"8",7,"",290,"",3,"",0,"",16.0,"",.0,"8","U","",12.3,"",68,"",10.1,"",1010.0,"",1023.1,"",8,-.1,"",.0,"8",0,"8","01","2","7","","5","","","/","","","/","","",0,"8",.0,"8",.0,"8","","8",0,"8","","",.0,"8",.0,"8",.0,"8",.0,"8",.0,"8",.0,"8",.0,"8",.0,"8",.0,"8",0,"8",0,"8",0,"8","","",0,"8",0,"8"
"352190360","P£OCK","2006","10","09","15","6","",0,"8",0,"8","","","",8,"",0,"8",0,"8",7,"",240,"",1,"",0,"",16.1,"",.0,"8","U","",12.8,"",70,"",10.6,"",1010.1,"",1023.2,"",5,.0,"",.0,"8",0,"8","02","2","7","","5","","","/","","","/","","",0,"8",.0,"8",.0,"8","","8",0,"8","","",.0,"8",.0,"8",.0,"8",.0,"8",.0,"8",.0,"8",.0,"8",.0,"8",.0,"8",0,"8",0,"8",0,"8","","",0,"8",0,"8"
"352190360","P£OCK","2006","10","09","16","6","",0,"8",0,"8","","","",8,"",0,"8",0,"8",4,"",0,"",0,"",0,"",15.6,"",.0,"8","U","",12.6,"",71,"",10.4,"",1010.0,"",1023.1,"",7,-.1,"",.0,"8",0,"8","01","1","4","","5","","","0","","","0","","",0,"8",.0,"8",.0,"8","","8",0,"8","","",.0,"8",.0,"8",.0,"8",.0,"8",.0,"8",.0,"8",.0,"8",.0,"8",.0,"8",0,"8",0,"8",0,"8","","",0,"8",0,"8"
"352190360","P£OCK","2006","10","09","17","6","",0,"8",0,"8","","","",8,"",0,"8",0,"8",1,"",230,"",1,"",0,"",14.3,"",.0,"8","U","",12.5,"",77,"",10.3,"",1010.2,"",1023.3,"",2,.2,"",.0,"8",0,"8","01","0","1","","5","","","0","","","0","","",0,"8",.0,"8",.0,"8","","8",0,"8","","",.0,"8",.0,"8",.0,"8",.0,"8",.0,"8",.0,"8",.0,"8",.0,"8",.0,"8",0,"8",0,"8",0,"8","","",0,"8",0,"8"
"352190360","P£OCK","2006","10","09","18","6","",0,"8",0,"8","","","",7,"",0,"8",0,"8",1,"",0,"",0,"",0,"",12.8,"",.0,"8","U","",12.2,"",83,"",10.0,"",1010.4,"",1023.6,"",3,.3,"",.0,"9",0,"9","02","1","1","","5","","","0","","","0","","",1,"",.0,"8",.0,"8","","8",0,"8","","",.0,"8",.0,"8",.0,"8",.0,"8",.0,"8",.0,"8",.0,"8",.0,"8",.0,"8",0,"8",0,"8",0,"8","","",0,"8",0,"8"
"352190360","P£OCK","2006","10","09","19","9","",0,"8",0,"8","","","",7,"",0,"8",0,"8",1,"",0,"",0,"",0,"",11.6,"",.0,"8","U","",11.0,"",81,"",8.4,"",1010.3,"",1023.6,"",0,.3,"",.0,"8",0,"8","01","0","0","","0","","","0","","","1","","",0,"8",.0,"8",.0,"8","","8",0,"8","","",.0,"8",.0,"8",.0,"8",.0,"8",.0,"8",.0,"8",.0,"8",.0,"8",.0,"8",0,"8",0,"8",0,"8","","",0,"8",0,"8"
"352190360","P£OCK","2006","10","09","20","9","",0,"8",0,"8","","","",6,"",0,"8",0,"8",0,"",90,"",1,"",0,"",9.5,"",.0,"8","U","",10.7,"",90,"",7.9,"",1010.6,"",1024.0,"",2,.4,"",.0,"8",0,"8","10","0","0","","0","","","0","","","0","","",0,"8",.0,"8",.0,"8","","8",0,"8","","",.0,"8",.0,"8",.0,"8",.0,"8",.0,"8",.0,"8",.0,"8",.0,"8",.0,"8",0,"8",0,"8",0,"8","","",0,"8",0,"8"
"352190360","P£OCK","2006","10","09","21","9","",0,"8",0,"8","","","",5,"",0,"8",0,"8",0,"",0,"",0,"",0,"",8.5,"",.0,"8","U","",10.2,"",92,"",7.3,"",1010.8,"",1024.2,"",3,.4,"",.0,"8",0,"8","10","0","0","","0","","","0","","","0","","",0,"8",.0,"8",.0,"8","","8",0,"8","","",.0,"8",.0,"8",.0,"8",.0,"8",.0,"8",.0,"8",.0,"8",.0,"8",.0,"8",0,"8",0,"8",0,"8","","",0,"8",0,"8"
"352190360","P£OCK","2006","10","09","22","9","",0,"8",0,"8","","","",5,"",0,"8",0,"8",0,"",140,"",1,"",0,"",7.7,"",.0,"8","U","",9.7,"",92,"",6.5,"",1010.9,"",1024.4,"",1,.6,"",.0,"8",0,"8","10","0","0","","0","","","0","","","0","","",0,"8",.0,"8",.0,"8","","8",0,"8","","",.0,"8",.0,"8",.0,"8",.0,"8",.0,"8",.0,"8",.0,"8",.0,"8",.0,"8",0,"8",0,"8",0,"8","","",0,"8",0,"8"
"352190360","P£OCK","2006","10","09","23","9","",0,"8",0,"8","","","",2,"",0,"8",0,"8",0,"",90,"",1,"",0,"",6.7,"",.0,"8","U","",9.1,"",93,"",5.6,"",1010.9,"",1024.4,"",1,.3,"",.0,"8",0,"8","46","0","0","","0","","","0","","","0","","",0,"8",.0,"8",.0,"8","","8",0,"8","","",.0,"8",.0,"8",.0,"8",.0,"8",.0,"8",.0,"8",.0,"8",.0,"8",.0,"8",0,"8",0,"8",0,"8","","",0,"8",0,"8"
"352190360","P£OCK","2006","10","10","00","9","",0,"8",0,"8","","","",2,"",0,"8",0,"8",0,"",90,"",1,"",0,"",6.5,"",.0,"8","U","",9.1,"",94,"",5.6,"",1011.0,"",1024.5,"",2,.2,"",.0,"9",0,"9","42","0","0","","0","","","0","","","0","","",1,"",.0,"8",.0,"8","","8",0,"8","","",.0,"8",.0,"8",.0,"8",.0,"8",.0,"8",.0,"8",.0,"8",.0,"8",.0,"8",0,"8",0,"8",0,"8","","",0,"8",0,"8"
"352190360","P£OCK","2006","10","10","01","9","",0,"8",0,"8","","","",1,"",0,"8",0,"8",0,"",110,"",1,"",0,"",5.8,"",.0,"8","U","",8.7,"",94,"",4.9,"",1011.0,"",1024.6,"",1,.1,"",.0,"8",0,"8","46","4","0","","0","","","0","","","0","","",0,"8",.0,"8",.0,"8","","8",0,"8","","",.0,"8",.0,"8",.0,"8",.0,"8",.0,"8",.0,"8",.0,"8",.0,"8",.0,"8",0,"8",0,"8",0,"8","","",0,"8",0,"8"
"352190360","P£OCK","2006","10","10","02","9","",0,"8",0,"8","","","",3,"",0,"8",0,"8",0,"",100,"",2,"",0,"",6.0,"",.0,"8","U","",8.9,"",95,"",5.3,"",1011.2,"",1024.7,"",2,.3,"",.0,"8",0,"8","42","4","0","","0","","","0","","","0","","",0,"8",.0,"8",.0,"8","","8",0,"8","","",.0,"8",.0,"8",.0,"8",.0,"8",.0,"8",.0,"8",.0,"8",.0,"8",.0,"8",0,"8",0,"8",0,"8","","",0,"8",0,"8"
"352190360","P£OCK","2006","10","10","03","9","",0,"8",0,"8","","","",4,"",0,"8",0,"8",0,"",100,"",2,"",0,"",6.4,"",.0,"8","U","",9.1,"",95,"",5.7,"",1010.9,"",1024.4,"",8,-.1,"",.0,"8",0,"8","28","4","0","","0","","","0","","","0","","",0,"8",.0,"8",.0,"8","","8",0,"8","","",.0,"8",.0,"8",.0,"8",.0,"8",.0,"8",.0,"8",.0,"8",.0,"8",.0,"8",0,"8",0,"8",0,"8","","",0,"8",0,"8"
"352190360","P£OCK","2006","10","10","04","9","",0,"8",0,"8","","","",2,"",0,"8",0,"8",1,"",130,"",1,"",0,"",5.5,"",.0,"8","U","",8.6,"",95,"",4.8,"",1011.0,"",1024.6,"",4,.0,"",.0,"8",0,"8","46","4","0","","0","","","0","","","1","","",0,"8",.0,"8",.0,"8","","8",0,"8","","",.0,"8",.0,"8",.0,"8",.0,"8",.0,"8",.0,"8",.0,"8",.0,"8",.0,"8",0,"8",0,"8",0,"8","","",0,"8",0,"8"
"352190360","P£OCK","2006","10","10","05","9","",0,"8",0,"8","","","",2,"",0,"8",0,"8",2,"",150,"",1,"",0,"",6.4,"",.0,"8","U","",9.1,"",95,"",5.7,"",1011.4,"",1024.9,"",3,.2,"",.0,"8",0,"8","46","4","1","","0","","","3","","","1","","",0,"8",.0,"8",.0,"8","","8",0,"8","","",.0,"8",.0,"8",.0,"8",.0,"8",.0,"8",.0,"8",.0,"8",.0,"8",.0,"8",0,"8",0,"8",0,"8","","",0,"8",0,"8"
"352190360","P£OCK","2006","10","10","06","9","",0,"8",0,"8","","","",4,"",0,"8",0,"8",2,"",130,"",2,"",0,"",7.6,"",.0,"8","U","",9.9,"",95,"",6.8,"",1011.7,"",1025.2,"",2,.8,"",.0,"9",0,"9","28","4","1","","0","","","3","","","1","","",1,"",.0,"8",.0,"8","","8",0,"8","","",.0,"8",.0,"8",.0,"8",.0,"8",.0,"8",.0,"8",.0,"8",.0,"8",.0,"8",0,"8",0,"8",0,"8","","",0,"8",0,"8"
"352190360","P£OCK","2006","10","10","07","9","",0,"8",0,"8","","","",6,"",0,"8",0,"8",2,"",140,"",2,"",0,"",10.0,"",.0,"8","U","",11.5,"",94,"",9.1,"",1011.9,"",1025.3,"",1,.9,"",.0,"8",0,"8","10","0","1","","0","","","3","","","1","","",0,"8",.0,"8",.0,"8","","8",0,"8","","",.0,"8",.0,"8",.0,"8",.0,"8",.0,"8",.0,"8",.0,"8",.0,"8",.0,"8",0,"8",0,"8",0,"8","","",0,"8",0,"8"
"352190360","P£OCK","2006","10","10","08","9","",0,"8",0,"8","","","",7,"",0,"8",0,"8",2,"",140,"",2,"",0,"",12.3,"",.0,"8","U","",11.9,"",83,"",9.5,"",1011.8,"",1025.1,"",0,.4,"",.0,"8",0,"8","02","0","1","","0","","","3","","","1","","",0,"8",.0,"8",.0,"8","","8",0,"8","","",.0,"8",.0,"8",.0,"8",.0,"8",.0,"8",.0,"8",.0,"8",.0,"8",.0,"8",0,"8",0,"8",0,"8","","",0,"8",0,"8"
"352190360","P£OCK","2006","10","10","09","9","",0,"8",0,"8","","","",7,"",0,"8",0,"8",2,"",150,"",2,"",0,"",14.8,"",.0,"8","U","",12.6,"",75,"",10.4,"",1011.7,"",1024.8,"",0,.0,"",.0,"8",0,"8","02","0","1","","0","","","3","","","1","","",0,"8",.0,"8",.0,"8","","8",0,"8","","",.0,"8",.0,"8",.0,"8",.0,"8",.0,"8",.0,"8",.0,"8",.0,"8",.0,"8",0,"8",0,"8",0,"8","","",0,"8",0,"8"
"352190360","P£OCK","2006","10","10","10","9","",0,"8",0,"8","","","",7,"",0,"8",0,"8",2,"",160,"",2,"",0,"",16.0,"",.0,"8","U","",12.5,"",69,"",10.3,"",1011.5,"",1024.6,"",7,-.4,"",.0,"8",0,"8","02","0","1","","0","","","3","","","1","","",0,"8",.0,"8",.0,"8","","8",0,"8","","",.0,"8",.0,"8",.0,"8",.0,"8",.0,"8",.0,"8",.0,"8",.0,"8",.0,"8",0,"8",0,"8",0,"8","","",0,"8",0,"8"
"352190360","P£OCK","2006","10","10","11","9","",0,"8",0,"8","","","",7,"",0,"8",0,"8",1,"",180,"",2,"",0,"",17.6,"",.0,"8","U","",12.7,"",63,"",10.5,"",1011.4,"",1024.4,"",7,-.4,"",.0,"8",0,"8","01","0","0","","0","","","0","","","1","","",0,"8",.0,"8",.0,"8","","8",0,"8","","",.0,"8",.0,"8",.0,"8",.0,"8",.0,"8",.0,"8",.0,"8",.0,"8",.0,"8",0,"8",0,"8",0,"8","","",0,"8",0,"8"
"352190360","P£OCK","2006","10","10","12","9","",0,"8",0,"8","","","",8,"",0,"8",0,"8",1,"",170,"",2,"",0,"",18.4,"",.0,"8","U","",11.6,"",55,"",9.2,"",1011.2,"",1024.2,"",7,-.5,"",.0,"9",0,"9","02","0","0","","0","","","0","","","1","","",0,"",.0,"8",.0,"8","","8",0,"8","","",.0,"8",.0,"8",.0,"8",.0,"8",.0,"8",.0,"8",.0,"8",.0,"8",.0,"8",0,"8",0,"8",0,"8","","",0,"8",0,"8"
"352190360","P£OCK","2006","10","10","13","9","",0,"8",0,"8","","","",8,"",0,"8",0,"8",1,"",180,"",2,"",0,"",18.9,"",.0,"8","U","",11.1,"",51,"",8.5,"",1010.8,"",1023.7,"",8,-.7,"",.0,"8",0,"8","02","0","0","","0","","","0","","","1","","",0,"8",.0,"8",.0,"8","","8",0,"8","","",.0,"8",.0,"8",.0,"8",.0,"8",.0,"8",.0,"8",.0,"8",.0,"8",.0,"8",0,"8",0,"8",0,"8","","",0,"8",0,"8"
"352190360","P£OCK","2006","10","10","14","9","",0,"8",0,"8","","","",7,"",0,"8",0,"8",3,"",160,"",2,"",0,"",18.7,"",.0,"8","U","",12.0,"",56,"",9.7,"",1010.4,"",1023.3,"",8,-1.0,"",.0,"8",0,"8","03","0","1","","0","","","3","","","9","","",0,"8",.0,"8",.0,"8","","8",0,"8","","",.0,"8",.0,"8",.0,"8",.0,"8",.0,"8",.0,"8",.0,"8",.0,"8",.0,"8",0,"8",0,"8",0,"8","","",0,"8",0,"8"
"352190360","P£OCK","2006","10","10","15","9","",0,"8",0,"8","","","",7,"",0,"8",0,"8",3,"",150,"",2,"",0,"",18.1,"",.0,"8","U","",12.4,"",60,"",10.2,"",1010.4,"",1023.4,"",6,-.8,"",.0,"8",0,"8","01","0","0","","0","","","0","","","9","","",0,"8",.0,"8",.0,"8","","8",0,"8","","",.0,"8",.0,"8",.0,"8",.0,"8",.0,"8",.0,"8",.0,"8",.0,"8",.0,"8",0,"8",0,"8",0,"8","","",0,"8",0,"8"
"352190360","P£OCK","2006","10","10","16","9","",0,"8",0,"8","","","",7,"",0,"8",0,"8",3,"",100,"",1,"",0,"",15.3,"",.0,"8","U","",12.1,"",70,"",9.9,"",1010.4,"",1023.5,"",6,-.4,"",.0,"8",0,"8","03","0","2","","0","","","3","","","2","","",0,"8",.0,"8",.0,"8","","8",0,"8","","",.0,"8",.0,"8",.0,"8",.0,"8",.0,"8",.0,"8",.0,"8",.0,"8",.0,"8",0,"8",0,"8",0,"8","","",0,"8",0,"8"
"352190360","P£OCK","2006","10","10","17","9","",0,"8",0,"8","","","",7,"",0,"8",0,"8",4,"",90,"",2,"",0,"",13.6,"",.0,"8","U","",12.1,"",78,"",9.8,"",1010.5,"",1023.7,"",3,.1,"",.0,"8",0,"8","03","0","4","","0","","","3","","","0","","",0,"8",.0,"8",.0,"8","","8",0,"8","","",.0,"8",.0,"8",.0,"8",.0,"8",.0,"8",.0,"8",.0,"8",.0,"8",.0,"8",0,"8",0,"8",0,"8","","",0,"8",0,"8"
"352190360","P£OCK","2006","10","10","18","9","",0,"8",0,"8","","","",6,"",0,"8",0,"8",4,"",100,"",2,"",0,"",13.2,"",.0,"8","U","",12.0,"",79,"",9.6,"",1010.6,"",1023.8,"",3,.2,"",.0,"9",0,"9","10","0","4","","0","","","3","","","0","","",0,"",.0,"8",.0,"8","","8",0,"8","","",.0,"8",.0,"8",.0,"8",.0,"8",.0,"8",.0,"8",.0,"8",.0,"8",.0,"8",0,"8",0,"8",0,"8","","",0,"8",0,"8"
"352190360","P£OCK","2006","10","10","19","9","",0,"8",0,"8","","","",6,"",0,"8",0,"8",4,"",110,"",2,"",0,"",12.1,"",.0,"8","U","",11.4,"",81,"",8.9,"",1010.6,"",1023.8,"",1,.2,"",.0,"8",0,"8","10","0","4","","0","","","3","","","0","","",0,"8",.0,"8",.0,"8","","8",0,"8","","",.0,"8",.0,"8",.0,"8",.0,"8",.0,"8",.0,"8",.0,"8",.0,"8",.0,"8",0,"8",0,"8",0,"8","","",0,"8",0,"8"
"352190360","P£OCK","2006","10","10","20","9","",0,"8",0,"8","","","",6,"",0,"8",0,"8",4,"",120,"",2,"",0,"",11.8,"",.0,"8","U","",11.5,"",83,"",9.0,"",1010.5,"",1023.8,"",0,.0,"",.0,"8",0,"8","10","0","4","","0","","","3","","","0","","",0,"8",.0,"8",.0,"8","","8",0,"8","","",.0,"8",.0,"8",.0,"8",.0,"8",.0,"8",.0,"8",.0,"8",.0,"8",.0,"8",0,"8",0,"8",0,"8","","",0,"8",0,"8"
"352190360","P£OCK","2006","10","10","21","9","",0,"8",0,"8","","","",6,"",0,"8",0,"8",4,"",130,"",2,"",0,"",11.5,"",.0,"8","U","",11.5,"",85,"",9.1,"",1010.4,"",1023.7,"",8,-.2,"",.0,"8",0,"8","10","0","3","","0","","","3","","","1","","",0,"8",.0,"8",.0,"8","","8",0,"8","","",.0,"8",.0,"8",.0,"8",.0,"8",.0,"8",.0,"8",.0,"8",.0,"8",.0,"8",0,"8",0,"8",0,"8","","",0,"8",0,"8"
"352190360","P£OCK","2006","10","10","22","9","",0,"8",0,"8","","","",6,"",0,"8",0,"8",1,"",120,"",2,"",0,"",10.9,"",.0,"8","U","",11.3,"",87,"",8.8,"",1010.3,"",1023.6,"",7,-.3,"",.0,"8",0,"8","10","0","0","","0","","","0","","","1","","",0,"8",.0,"8",.0,"8","","8",0,"8","","",.0,"8",.0,"8",.0,"8",.0,"8",.0,"8",.0,"8",.0,"8",.0,"8",.0,"8",0,"8",0,"8",0,"8","","",0,"8",0,"8"
"352190360","P£OCK","2006","10","10","23","9","",0,"8",0,"8","","","",5,"",0,"8",0,"8",1,"",100,"",2,"",0,"",10.0,"",.0,"8","U","",11.0,"",90,"",8.4,"",1010.4,"",1023.7,"",5,-.1,"",.0,"8",0,"8","10","0","0","","0","","","0","","","1","","",0,"8",.0,"8",.0,"8","","8",0,"8","","",.0,"8",.0,"8",.0,"8",.0,"8",.0,"8",.0,"8",.0,"8",.0,"8",.0,"8",0,"8",0,"8",0,"8","","",0,"8",0,"8"
"352190360","P£OCK","2006","10","11","00","9","",0,"8",0,"8","","","",5,"",0,"8",0,"8",1,"",100,"",2,"",0,"",9.1,"",.0,"8","U","",10.5,"",91,"",7.7,"",1010.4,"",1023.8,"",4,.0,"",.0,"9",0,"9","10","0","0","","0","","","0","","","1","","",0,"",.0,"8",.0,"8","","8",0,"8","","",.0,"8",.0,"8",.0,"8",.0,"8",.0,"8",.0,"8",.0,"8",.0,"8",.0,"8",0,"8",0,"8",0,"8","","",0,"8",0,"8"
"352190360","P£OCK","2006","10","11","01","9","",0,"8",0,"8","","","",5,"",0,"8",0,"8",1,"",120,"",2,"",0,"",9.1,"",.0,"8","U","",10.7,"",93,"",8.0,"",1010.1,"",1023.5,"",8,-.2,"",.0,"8",0,"8","10","0","0","","0","","","0","","","1","","",0,"8",.0,"8",.0,"8","","8",0,"8","","",.0,"8",.0,"8",.0,"8",.0,"8",.0,"8",.0,"8",.0,"8",.0,"8",.0,"8",0,"8",0,"8",0,"8","","",0,"8",0,"8"
"352190360","P£OCK","2006","10","11","02","9","",0,"8",0,"8","","","",5,"",0,"8",0,"8",3,"",130,"",2,"",0,"",9.0,"",.0,"8","U","",10.7,"",93,"",7.9,"",1009.9,"",1023.3,"",8,-.5,"",.0,"8",0,"8","10","0","2","","0","","","3","","","1","","",0,"8",.0,"8",.0,"8","","8",0,"8","","",.0,"8",.0,"8",.0,"8",.0,"8",.0,"8",.0,"8",.0,"8",.0,"8",.0,"8",0,"8",0,"8",0,"8","","",0,"8",0,"8"
"352190360","P£OCK","2006","10","11","03","9","",0,"8",0,"8","","","",5,"",0,"8",0,"8",3,"",130,"",2,"",0,"",8.7,"",.0,"8","U","",10.4,"",93,"",7.6,"",1009.7,"",1023.1,"",7,-.7,"",.0,"8",0,"8","10","0","2","","0","","","3","","","1","","",0,"8",.0,"8",.0,"8","","8",0,"8","","",.0,"8",.0,"8",.0,"8",.0,"8",.0,"8",.0,"8",.0,"8",.0,"8",.0,"8",0,"8",0,"8",0,"8","","",0,"8",0,"8"
"352190360","P£OCK","2006","10","11","04","9","",0,"8",0,"8","","","",5,"",0,"8",0,"8",6,"",120,"",2,"",0,"",8.6,"",.0,"8","U","",10.4,"",93,"",7.5,"",1009.5,"",1022.9,"",7,-.6,"",.0,"8",0,"8","10","1","5","","0","","","5","","","1","","",0,"8",.0,"8",.0,"8","","8",0,"8","","",.0,"8",.0,"8",.0,"8",.0,"8",.0,"8",.0,"8",.0,"8",.0,"8",.0,"8",0,"8",0,"8",0,"8","","",0,"8",0,"8"
"352190360","P£OCK","2006","10","11","05","9","",0,"8",0,"8","","","",6,"",0,"8",0,"8",6,"",120,"",3,"",0,"",9.1,"",.0,"8","U","",10.6,"",92,"",7.9,"",1009.3,"",1022.7,"",7,-.6,"",.0,"8",0,"8","10","2","5","","0","","","3","","","1","","",0,"8",.0,"8",.0,"8","","8",0,"8","","",.0,"8",.0,"8",.0,"8",.0,"8",.0,"8",.0,"8",.0,"8",.0,"8",.0,"8",0,"8",0,"8",0,"8","","",0,"8",0,"8"
"352190360","P£OCK","2006","10","11","06","9","",0,"8",0,"8","","","",6,"",0,"8",0,"8",4,"",120,"",3,"",0,"",9.8,"",.0,"8","U","",10.8,"",89,"",8.1,"",1009.4,"",1022.7,"",5,-.3,"",.0,"9",0,"9","10","1","4","","0","","","3","","","0","","",0,"",.0,"8",.0,"8","","8",0,"8","","",.0,"8",.0,"8",.0,"8",.0,"8",.0,"8",.0,"8",.0,"8",.0,"8",.0,"8",0,"8",0,"8",0,"8","","",0,"8",0,"8"
"352190360","P£OCK","2006","10","11","07","9","",0,"8",0,"8","","","",6,"",0,"8",0,"8",3,"",130,"",3,"",0,"",11.0,"",.0,"8","U","",11.0,"",84,"",8.4,"",1009.5,"",1022.8,"",5,.0,"",.0,"8",0,"8","10","0","3","","0","","","3","","","0","","",0,"8",.0,"8",.0,"8","","8",0,"8","","",.0,"8",.0,"8",.0,"8",.0,"8",.0,"8",.0,"8",.0,"8",.0,"8",.0,"8",0,"8",0,"8",0,"8","","",0,"8",0,"8"
"352190360","P£OCK","2006","10","11","08","9","",0,"8",0,"8","","","",7,"",0,"8",0,"8",5,"",140,"",4,"",0,"",13.3,"",.0,"8","U","",11.1,"",73,"",8.6,"",1009.5,"",1022.7,"",1,.2,"",.0,"8",0,"8","03","1","5","","0","","","5","","","0","","",0,"8",.0,"8",.0,"8","","8",0,"8","","",.0,"8",.0,"8",.0,"8",.0,"8",.0,"8",.0,"8",.0,"8",.0,"8",.0,"8",0,"8",0,"8",0,"8","","",0,"8",0,"8"
"352190360","P£OCK","2006","10","11","09","9","",0,"8",0,"8","","","",7,"",0,"8",0,"8",5,"",140,"",4,"",0,"",15.0,"",.0,"8","U","",11.1,"",65,"",8.5,"",1009.4,"",1022.5,"",0,.0,"",.0,"8",0,"8","01","1","4","","0","","","3","","","2","","",0,"8",.0,"8",.0,"8","","8",0,"8","","",.0,"8",.0,"8",.0,"8",.0,"8",.0,"8",.0,"8",.0,"8",.0,"8",.0,"8",0,"8",0,"8",0,"8","","",0,"8",0,"8"
"352190360","P£OCK","2006","10","11","10","9","",0,"8",0,"8","","","",7,"",0,"8",0,"8",3,"",150,"",4,"",0,"",15.9,"",.0,"8","U","",11.5,"",64,"",9.1,"",1008.9,"",1022.0,"",8,-.6,"",.0,"8",0,"8","01","1","2","","0","","","3","","","2","","",0,"8",.0,"8",.0,"8","","8",0,"8","","",.0,"8",.0,"8",.0,"8",.0,"8",.0,"8",.0,"8",.0,"8",.0,"8",.0,"8",0,"8",0,"8",0,"8","","",0,"8",0,"8"
"352190360","P£OCK","2006","10","11","11","9","",0,"8",0,"8","","","",7,"",0,"8",0,"8",3,"",130,"",4,"",0,"",17.2,"",.0,"8","U","",11.7,"",60,"",9.4,"",1008.6,"",1021.6,"",7,-.9,"",.0,"8",0,"8","02","0","2","","0","","","3","","","2","","",0,"8",.0,"8",.0,"8","","8",0,"8","","",.0,"8",.0,"8",.0,"8",.0,"8",.0,"8",.0,"8",.0,"8",.0,"8",.0,"8",0,"8",0,"8",0,"8","","",0,"8",0,"8"
"352190360","P£OCK","2006","10","11","12","7","",0,"8",0,"8","","","",8,"",0,"8",0,"8",3,"",160,"",4,"",0,"",18.1,"",.0,"8","U","",11.2,"",54,"",8.6,"",1008.2,"",1021.1,"",7,-1.2,"",.0,"9",0,"9","03","1","1","","5","","","3","","","1","","",0,"",.0,"8",.0,"8","","8",0,"8","","",.0,"8",.0,"8",.0,"8",.0,"8",.0,"8",.0,"8",.0,"8",.0,"8",.0,"8",0,"8",0,"8",0,"8","","",0,"8",0,"8"
"352190360","P£OCK","2006","10","11","13","7","",0,"8",0,"8","","","",8,"",0,"8",0,"8",3,"",130,"",4,"",0,"",18.6,"",.0,"8","U","",11.5,"",54,"",9.1,"",1007.9,"",1020.8,"",7,-1.0,"",.0,"8",0,"8","01","0","1","","5","","","3","","","1","","",0,"8",.0,"8",.0,"8","","8",0,"8","","",.0,"8",.0,"8",.0,"8",.0,"8",.0,"8",.0,"8",.0,"8",.0,"8",.0,"8",0,"8",0,"8",0,"8","","",0,"8",0,"8"
"352190360","P£OCK","2006","10","11","14","9","",0,"8",0,"8","","","",8,"",0,"8",0,"8",2,"",110,"",4,"",0,"",18.7,"",.0,"8","U","",11.6,"",54,"",9.2,"",1007.6,"",1020.5,"",7,-1.0,"",.0,"8",0,"8","01","0","1","","0","","","3","","","1","","",0,"8",.0,"8",.0,"8","","8",0,"8","","",.0,"8",.0,"8",.0,"8",.0,"8",.0,"8",.0,"8",.0,"8",.0,"8",.0,"8",0,"8",0,"8",0,"8","","",0,"8",0,"8"
"352190360","P£OCK","2006","10","11","15","9","",0,"8",0,"8","","","",8,"",0,"8",0,"8",2,"",110,"",3,"",0,"",17.4,"",.0,"8","U","",11.1,"",56,"",8.5,"",1007.4,"",1020.4,"",7,-.8,"",.0,"8",0,"8","02","0","1","","0","","","3","","","1","","",0,"8",.0,"8",.0,"8","","8",0,"8","","",.0,"8",.0,"8",.0,"8",.0,"8",.0,"8",.0,"8",.0,"8",.0,"8",.0,"8",0,"8",0,"8",0,"8","","",0,"8",0,"8"
"352190360","P£OCK","2006","10","11","16","9","",0,"8",0,"8","","","",7,"",0,"8",0,"8",2,"",100,"",2,"",0,"",15.0,"",.0,"8","U","",11.6,"",68,"",9.1,"",1007.6,"",1020.7,"",5,-.3,"",.0,"8",0,"8","03","0","2","","0","","","3","","","0","","",0,"8",.0,"8",.0,"8","","8",0,"8","","",.0,"8",.0,"8",.0,"8",.0,"8",.0,"8",.0,"8",.0,"8",.0,"8",.0,"8",0,"8",0,"8",0,"8","","",0,"8",0,"8"
"352190360","P£OCK","2006","10","11","17","9","",0,"8",0,"8","","","",7,"",0,"8",0,"8",2,"",100,"",3,"",0,"",13.9,"",.0,"8","U","",11.6,"",73,"",9.1,"",1007.7,"",1020.8,"",3,.1,"",.0,"8",0,"8","02","0","2","","0","","","3","","","0","","",0,"8",.0,"8",.0,"8","","8",0,"8","","",.0,"8",.0,"8",.0,"8",.0,"8",.0,"8",.0,"8",.0,"8",.0,"8",.0,"8",0,"8",0,"8",0,"8","","",0,"8",0,"8"
"352190360","P£OCK","2006","10","11","18","9","",0,"8",0,"8","","","",7,"",0,"8",0,"8",3,"",100,"",3,"",0,"",13.7,"",.0,"8","U","",11.6,"",74,"",9.1,"",1007.8,"",1020.9,"",2,.4,"",.0,"9",0,"9","03","0","3","","0","","","3","","","0","","",0,"",.0,"8",.0,"8","","8",0,"8","","",.0,"8",.0,"8",.0,"8",.0,"8",.0,"8",.0,"8",.0,"8",.0,"8",.0,"8",0,"8",0,"8",0,"8","","",0,"8",0,"8"
"352190360","P£OCK","2006","10","11","19","9","",0,"8",0,"8","","","",7,"",0,"8",0,"8",7,"",110,"",3,"",0,"",13.0,"",.0,"8","U","",11.4,"",76,"",8.9,"",1007.8,"",1021.0,"",1,.2,"",.0,"8",0,"8","03","1","6","","0","","","5","","","1","","",0,"8",.0,"8",.0,"8","","8",0,"8","","",.0,"8",.0,"8",.0,"8",.0,"8",.0,"8",.0,"8",.0,"8",.0,"8",.0,"8",0,"8",0,"8",0,"8","","",0,"8",0,"8"
"352190360","P£OCK","2006","10","11","20","9","",0,"8",0,"8","","","",6,"",0,"8",0,"8",7,"",110,"",3,"",0,"",12.1,"",.0,"8","U","",11.4,"",81,"",8.9,"",1007.8,"",1021.0,"",1,.1,"",.0,"8",0,"8","10","2","6","","0","","","3","","","1","","",0,"8",.0,"8",.0,"8","","8",0,"8","","",.0,"8",.0,"8",.0,"8",.0,"8",.0,"8",.0,"8",.0,"8",.0,"8",.0,"8",0,"8",0,"8",0,"8","","",0,"8",0,"8"
"352190360","P£OCK","2006","10","11","21","9","",0,"8",0,"8","","","",6,"",0,"8",0,"8",7,"",120,"",3,"",0,"",11.3,"",.0,"8","U","",11.2,"",84,"",8.7,"",1007.8,"",1021.0,"",4,.0,"",.0,"8",0,"8","10","1","5","","0","","","3","","","1","","",0,"8",.0,"8",.0,"8","","8",0,"8","","",.0,"8",.0,"8",.0,"8",.0,"8",.0,"8",.0,"8",.0,"8",.0,"8",.0,"8",0,"8",0,"8",0,"8","","",0,"8",0,"8"
"352190360","P£OCK","2006","10","11","22","9","",0,"8",0,"8","","","",6,"",0,"8",0,"8",7,"",100,"",2,"",0,"",10.7,"",.0,"8","U","",11.0,"",86,"",8.5,"",1007.5,"",1020.8,"",8,-.3,"",.0,"8",0,"8","10","2","5","","0","","","3","","","1","","",0,"8",.0,"8",.0,"8","","8",0,"8","","",.0,"8",.0,"8",.0,"8",.0,"8",.0,"8",.0,"8",.0,"8",.0,"8",.0,"8",0,"8",0,"8",0,"8","","",0,"8",0,"8"
"352190360","P£OCK","2006","10","11","23","9","",0,"8",0,"8","","","",6,"",0,"8",0,"8",7,"",100,"",2,"",0,"",10.8,"",.0,"8","U","",11.1,"",86,"",8.6,"",1007.5,"",1020.8,"",6,-.3,"",.0,"8",0,"8","10","2","7","","0","","","5","","","/","","",0,"8",.0,"8",.0,"8","","8",0,"8","","",.0,"8",.0,"8",.0,"8",.0,"8",.0,"8",.0,"8",.0,"8",.0,"8",.0,"8",0,"8",0,"8",0,"8","","",0,"8",0,"8"
"352190360","P£OCK","2006","10","12","00","9","",0,"8",0,"8","","","",6,"",0,"8",0,"8",7,"",130,"",2,"",0,"",10.8,"",.0,"8","U","",11.0,"",85,"",8.4,"",1007.5,"",1020.8,"",6,-.3,"",.0,"9",0,"9","10","1","7","","0","","","3","","","/","","",0,"",.0,"8",.0,"8","","8",0,"8","","",.0,"8",.0,"8",.0,"8",.0,"8",.0,"8",.0,"8",.0,"8",.0,"8",.0,"8",0,"8",0,"8",0,"8","","",0,"8",0,"8"
"352190360","P£OCK","2006","10","12","01","9","",0,"8",0,"8","","","",6,"",0,"8",0,"8",7,"",120,"",3,"",0,"",10.3,"",.0,"8","U","",10.8,"",86,"",8.1,"",1007.6,"",1020.9,"",3,.1,"",.0,"8",0,"8","10","2","7","","0","","","3","","","/","","",0,"8",.0,"8",.0,"8","","8",0,"8","","",.0,"8",.0,"8",.0,"8",.0,"8",.0,"8",.0,"8",.0,"8",.0,"8",.0,"8",0,"8",0,"8",0,"8","","",0,"8",0,"8"
"352190360","P£OCK","2006","10","12","02","9","",0,"8",0,"8","","","",6,"",0,"8",0,"8",7,"",120,"",3,"",0,"",10.1,"",.0,"8","U","",10.7,"",87,"",8.0,"",1007.6,"",1020.9,"",1,.1,"",.0,"8",0,"8","10","2","7","","0","","","3","","","/","","",0,"8",.0,"8",.0,"8","","8",0,"8","","",.0,"8",.0,"8",.0,"8",.0,"8",.0,"8",.0,"8",.0,"8",.0,"8",.0,"8",0,"8",0,"8",0,"8","","",0,"8",0,"8"
"352190360","P£OCK","2006","10","12","03","9","",0,"8",0,"8","","","",6,"",0,"8",0,"8",7,"",120,"",2,"",0,"",9.9,"",.0,"8","U","",10.7,"",88,"",8.0,"",1007.6,"",1020.9,"",1,.1,"",.0,"8",0,"8","10","2","7","","0","","","3","","","/","","",0,"8",.0,"8",.0,"8","","8",0,"8","","",.0,"8",.0,"8",.0,"8",.0,"8",.0,"8",.0,"8",.0,"8",.0,"8",.0,"8",0,"8",0,"8",0,"8","","",0,"8",0,"8"
"352190360","P£OCK","2006","10","12","04","9","",0,"8",0,"8","","","",6,"",0,"8",0,"8",7,"",130,"",3,"",0,"",9.8,"",.0,"8","U","",10.6,"",88,"",7.9,"",1007.8,"",1021.1,"",3,.2,"",.0,"8",0,"8","10","2","7","","0","","","3","","","/","","",0,"8",.0,"8",.0,"8","","8",0,"8","","",.0,"8",.0,"8",.0,"8",.0,"8",.0,"8",.0,"8",.0,"8",.0,"8",.0,"8",0,"8",0,"8",0,"8","","",0,"8",0,"8"
"352190360","P£OCK","2006","10","12","05","9","",0,"8",0,"8","","","",6,"",0,"8",0,"8",7,"",110,"",2,"",0,"",9.0,"",.0,"8","U","",10.3,"",90,"",7.4,"",1007.9,"",1021.3,"",3,.3,"",.0,"8",0,"8","10","2","7","","0","","","3","","","/","","",0,"8",.0,"8",.0,"8","","8",0,"8","","",.0,"8",.0,"8",.0,"8",.0,"8",.0,"8",.0,"8",.0,"8",.0,"8",.0,"8",0,"8",0,"8",0,"8","","",0,"8",0,"8"
"352190360","P£OCK","2006","10","12","06","9","",0,"8",0,"8","","","",5,"",0,"8",0,"8",6,"",120,"",2,"",0,"",9.3,"",.0,"8","U","",10.6,"",91,"",7.9,"",1008.0,"",1021.3,"",2,.4,"",.0,"9",0,"9","10","2","5","","0","","","3","","","1","","",0,"",.0,"8",.0,"8","","8",0,"8","","",.0,"8",.0,"8",.0,"8",.0,"8",.0,"8",.0,"8",.0,"8",.0,"8",.0,"8",0,"8",0,"8",0,"8","","",0,"8",0,"8"
"352190360","P£OCK","2006","10","12","07","9","",0,"8",0,"8","","","",6,"",0,"8",0,"8",6,"",130,"",2,"",0,"",10.0,"",.0,"8","U","",10.8,"",88,"",8.1,"",1008.4,"",1021.7,"",3,.6,"",.0,"8",0,"8","10","2","5","","0","","","3","","","1","","",0,"8",.0,"8",.0,"8","","8",0,"8","","",.0,"8",.0,"8",.0,"8",.0,"8",.0,"8",.0,"8",.0,"8",.0,"8",.0,"8",0,"8",0,"8",0,"8","","",0,"8",0,"8"
"352190360","P£OCK","2006","10","12","08","9","",0,"8",0,"8","","","",6,"",0,"8",0,"8",5,"",140,"",2,"",0,"",11.2,"",.0,"8","U","",11.2,"",84,"",8.6,"",1008.7,"",1022.0,"",2,.8,"",.0,"8",0,"8","10","2","4","","0","","","3","","","1","","",0,"8",.0,"8",.0,"8","","8",0,"8","","",.0,"8",.0,"8",.0,"8",.0,"8",.0,"8",.0,"8",.0,"8",.0,"8",.0,"8",0,"8",0,"8",0,"8","","",0,"8",0,"8"
"352190360","P£OCK","2006","10","12","09","9","",0,"8",0,"8","","","",6,"",0,"8",0,"8",5,"",130,"",2,"",0,"",13.2,"",.0,"8","U","",11.7,"",77,"",9.3,"",1008.9,"",1022.1,"",1,.9,"",.0,"8",0,"8","10","2","4","","0","","","3","","","1","","",0,"8",.0,"8",.0,"8","","8",0,"8","","",.0,"8",.0,"8",.0,"8",.0,"8",.0,"8",.0,"8",.0,"8",.0,"8",.0,"8",0,"8",0,"8",0,"8","","",0,"8",0,"8"
"352190360","P£OCK","2006","10","12","10","9","",0,"8",0,"8","","","",7,"",0,"8",0,"8",6,"",150,"",2,"",0,"",15.6,"",.0,"8","U","",12.2,"",69,"",9.9,"",1009.0,"",1022.1,"",1,.6,"",.0,"8",0,"8","01","2","3","","0","","","3","","","6","","",0,"8",.0,"8",.0,"8","","8",0,"8","","",.0,"8",.0,"8",.0,"8",.0,"8",.0,"8",.0,"8",.0,"8",.0,"8",.0,"8",0,"8",0,"8",0,"8","","",0,"8",0,"8"
"352190360","P£OCK","2006","10","12","11","9","",0,"8",0,"8","","","",7,"",0,"8",0,"8",5,"",160,"",2,"",0,"",17.2,"",.0,"8","U","",12.5,"",64,"",10.3,"",1009.0,"",1022.0,"",1,.3,"",.0,"8",0,"8","01","2","2","","0","","","3","","","8","","",0,"8",.0,"8",.0,"8","","8",0,"8","","",.0,"8",.0,"8",.0,"8",.0,"8",.0,"8",.0,"8",.0,"8",.0,"8",.0,"8",0,"8",0,"8",0,"8","","",0,"8",0,"8"
"352190360","P£OCK","2006","10","12","12","5","",0,"8",0,"8","","","",7,"",0,"8",0,"8",4,"",140,"",3,"",0,"",18.7,"",.0,"8","U","",12.5,"",58,"",10.3,"",1009.0,"",1021.9,"",1,.1,"",.0,"9",0,"9","03","1","1","","1","","","3","","","8","","",0,"",.0,"8",.0,"8","","8",0,"8","","",.0,"8",.0,"8",.0,"8",.0,"8",.0,"8",.0,"8",.0,"8",.0,"8",.0,"8",0,"8",0,"8",0,"8","","",0,"8",0,"8"
"352190360","P£OCK","2006","10","12","13","9","",0,"8",0,"8","","","",7,"",0,"8",0,"8",3,"",140,"",3,"",0,"",19.5,"",.0,"8","U","",12.4,"",55,"",10.2,"",1008.9,"",1021.8,"",8,-.1,"",.0,"8",0,"8","01","0","1","","0","","","3","","","1","","",0,"8",.0,"8",.0,"8","","8",0,"8","","",.0,"8",.0,"8",.0,"8",.0,"8",.0,"8",.0,"8",.0,"8",.0,"8",.0,"8",0,"8",0,"8",0,"8","","",0,"8",0,"8"
"352190360","P£OCK","2006","10","12","14","9","",0,"8",0,"8","","","",7,"",0,"8",0,"8",3,"",140,"",3,"",0,"",19.0,"",.0,"8","U","",12.1,"",55,"",9.7,"",1008.8,"",1021.7,"",8,-.2,"",.0,"8",0,"8","03","0","2","","0","","","3","","","1","","",0,"8",.0,"8",.0,"8","","8",0,"8","","",.0,"8",.0,"8",.0,"8",.0,"8",.0,"8",.0,"8",.0,"8",.0,"8",.0,"8",0,"8",0,"8",0,"8","","",0,"8",0,"8"
"352190360","P£OCK","2006","10","12","15","9","",0,"8",0,"8","","","",7,"",0,"8",0,"8",3,"",120,"",2,"",0,"",16.8,"",.0,"8","U","",12.4,"",65,"",10.2,"",1009.3,"",1022.3,"",3,.3,"",.0,"8",0,"8","02","0","2","","0","","","3","","","1","","",0,"8",.0,"8",.0,"8","","8",0,"8","","",.0,"8",.0,"8",.0,"8",.0,"8",.0,"8",.0,"8",.0,"8",.0,"8",.0,"8",0,"8",0,"8",0,"8","","",0,"8",0,"8"
"352190360","P£OCK","2006","10","12","16","9","",0,"8",0,"8","","","",6,"",0,"8",0,"8",3,"",100,"",2,"",0,"",14.6,"",.0,"8","U","",12.3,"",74,"",10.0,"",1009.7,"",1022.8,"",3,.8,"",.0,"8",0,"8","10","0","2","","0","","","3","","","1","","",0,"8",.0,"8",.0,"8","","8",0,"8","","",.0,"8",.0,"8",.0,"8",.0,"8",.0,"8",.0,"8",.0,"8",.0,"8",.0,"8",0,"8",0,"8",0,"8","","",0,"8",0,"8"
"352190360","P£OCK","2006","10","12","17","9","",0,"8",0,"8","","","",6,"",0,"8",0,"8",3,"",120,"",2,"",0,"",13.4,"",.0,"8","U","",12.1,"",79,"",9.8,"",1010.0,"",1023.2,"",1,1.2,"",.0,"8",0,"8","10","0","2","","0","","","3","","","1","","",0,"8",.0,"8",.0,"8","","8",0,"8","","",.0,"8",.0,"8",.0,"8",.0,"8",.0,"8",.0,"8",.0,"8",.0,"8",.0,"8",0,"8",0,"8",0,"8","","",0,"8",0,"8"
"352190360","P£OCK","2006","10","12","18","9","",0,"8",0,"8","","","",6,"",0,"8",0,"8",1,"",100,"",2,"",0,"",12.4,"",.0,"8","U","",11.8,"",82,"",9.4,"",1010.3,"",1023.5,"",2,1.0,"",.0,"9",0,"9","10","0","1","","0","","","3","","","0","","",0,"",.0,"8",.0,"8","","8",0,"8","","",.0,"8",.0,"8",.0,"8",.0,"8",.0,"8",.0,"8",.0,"8",.0,"8",.0,"8",0,"8",0,"8",0,"8","","",0,"8",0,"8"
"352190360","P£OCK","2006","10","12","19","9","",0,"8",0,"8","","","",6,"",0,"8",0,"8",0,"",110,"",2,"",0,"",11.5,"",.0,"8","U","",11.9,"",88,"",9.6,"",1010.6,"",1023.9,"",2,.9,"",.0,"8",0,"8","10","0","0","","0","","","0","","","0","","",0,"8",.0,"8",.0,"8","","8",0,"8","","",.0,"8",.0,"8",.0,"8",.0,"8",.0,"8",.0,"8",.0,"8",.0,"8",.0,"8",0,"8",0,"8",0,"8","","",0,"8",0,"8"
"352190360","P£OCK","2006","10","12","20","9","",0,"8",0,"8","","","",6,"",0,"8",0,"8",0,"",130,"",2,"",0,"",11.2,"",.0,"8","U","",11.7,"",88,"",9.3,"",1010.9,"",1024.2,"",2,.9,"",.0,"8",0,"8","10","0","0","","0","","","0","","","0","","",0,"8",.0,"8",.0,"8","","8",0,"8","","",.0,"8",.0,"8",.0,"8",.0,"8",.0,"8",.0,"8",.0,"8",.0,"8",.0,"8",0,"8",0,"8",0,"8","","",0,"8",0,"8"
"352190360","P£OCK","2006","10","12","21","9","",0,"8",0,"8","","","",5,"",0,"8",0,"8",1,"",120,"",2,"",0,"",9.9,"",.0,"8","U","",11.0,"",90,"",8.3,"",1011.2,"",1024.6,"",2,.9,"",.0,"8",0,"8","10","0","1","","0","","","3","","","0","","",0,"8",.0,"8",.0,"8","","8",0,"8","","",.0,"8",.0,"8",.0,"8",.0,"8",.0,"8",.0,"8",.0,"8",.0,"8",.0,"8",0,"8",0,"8",0,"8","","",0,"8",0,"8"
"352190360","P£OCK","2006","10","12","22","9","",0,"8",0,"8","","","",5,"",0,"8",0,"8",2,"",0,"",0,"",0,"",9.3,"",.0,"8","U","",10.8,"",92,"",8.1,"",1011.5,"",1024.9,"",2,.9,"",.0,"8",0,"8","10","0","2","","0","","","3","","","0","","",0,"8",.0,"8",.0,"8","","8",0,"8","","",.0,"8",.0,"8",.0,"8",.0,"8",.0,"8",.0,"8",.0,"8",.0,"8",.0,"8",0,"8",0,"8",0,"8","","",0,"8",0,"8"
"352190360","P£OCK","2006","10","12","23","9","",0,"8",0,"8","","","",4,"",0,"8",0,"8",2,"",90,"",1,"",0,"",9.1,"",.0,"8","U","",10.7,"",93,"",8.0,"",1011.6,"",1025.0,"",1,.7,"",.0,"8",0,"8","10","0","2","","0","","","3","","","0","","",0,"8",.0,"8",.0,"8","","8",0,"8","","",.0,"8",.0,"8",.0,"8",.0,"8",.0,"8",.0,"8",.0,"8",.0,"8",.0,"8",0,"8",0,"8",0,"8","","",0,"8",0,"8"
"352190360","P£OCK","2006","10","13","00","9","",0,"8",0,"8","","","",4,"",0,"8",0,"8",1,"",0,"",0,"",0,"",8.0,"",.0,"8","U","",10.0,"",93,"",6.9,"",1011.8,"",1025.3,"",2,.6,"",.0,"9",0,"9","10","0","1","","0","","","3","","","0","","",0,"",.0,"8",.0,"8","","8",0,"8","","",.0,"8",.0,"8",.0,"8",.0,"8",.0,"8",.0,"8",.0,"8",.0,"8",.0,"8",0,"8",0,"8",0,"8","","",0,"8",0,"8"
"352190360","P£OCK","2006","10","13","01","9","",0,"8",0,"8","","","",4,"",0,"8",0,"8",1,"",0,"",0,"",0,"",7.4,"",.0,"8","U","",9.6,"",93,"",6.3,"",1012.0,"",1025.5,"",2,.5,"",.0,"8",0,"8","10","0","1","","0","","","3","","","0","","",0,"8",.0,"8",.0,"8","","8",0,"8","","",.0,"8",.0,"8",.0,"8",.0,"8",.0,"8",.0,"8",.0,"8",.0,"8",.0,"8",0,"8",0,"8",0,"8","","",0,"8",0,"8"
"352190360","P£OCK","2006","10","13","02","9","",0,"8",0,"8","","","",4,"",0,"8",0,"8",1,"",0,"",0,"",0,"",7.1,"",.0,"8","U","",9.5,"",94,"",6.2,"",1012.1,"",1025.6,"",2,.5,"",.0,"8",0,"8","10","0","1","","0","","","3","","","0","","",0,"8",.0,"8",.0,"8","","8",0,"8","","",.0,"8",.0,"8",.0,"8",.0,"8",.0,"8",.0,"8",.0,"8",.0,"8",.0,"8",0,"8",0,"8",0,"8","","",0,"8",0,"8"
"352190360","P£OCK","2006","10","13","03","9","",0,"8",0,"8","","","",3,"",0,"8",0,"8",1,"",0,"",0,"",0,"",7.3,"",.0,"8","U","",9.7,"",95,"",6.6,"",1012.2,"",1025.7,"",2,.4,"",.0,"8",0,"8","46","0","1","","0","","","3","","","0","","",0,"8",.0,"8",.0,"8","","8",0,"8","","",.0,"8",.0,"8",.0,"8",.0,"8",.0,"8",.0,"8",.0,"8",.0,"8",.0,"8",0,"8",0,"8",0,"8","","",0,"8",0,"8"
"352190360","P£OCK","2006","10","13","04","9","",0,"8",0,"8","","","",3,"",0,"8",0,"8",1,"",0,"",0,"",0,"",6.3,"",.0,"8","U","",9.0,"",94,"",5.4,"",1012.5,"",1026.1,"",3,.5,"",.0,"8",0,"8","44","4","1","","0","","","3","","","0","","",0,"8",.0,"8",.0,"8","","8",0,"8","","",.0,"8",.0,"8",.0,"8",.0,"8",.0,"8",.0,"8",.0,"8",.0,"8",.0,"8",0,"8",0,"8",0,"8","","",0,"8",0,"8"
"352190360","P£OCK","2006","10","13","05","9","",0,"8",0,"8","","","",2,"",0,"8",0,"8",4,"",0,"",0,"",0,"",5.7,"",.0,"8","U","",8.6,"",94,"",4.8,"",1012.9,"",1026.5,"",3,.8,"",.0,"8",0,"8","46","4","4","","0","","","5","","","0","","",0,"8",.0,"8",.0,"8","","8",0,"8","","",.0,"8",.0,"8",.0,"8",.0,"8",.0,"8",.0,"8",.0,"8",.0,"8",.0,"8",0,"8",0,"8",0,"8","","",0,"8",0,"8"
"352190360","P£OCK","2006","10","13","06","9","",0,"8",0,"8","","","",2,"",0,"8",0,"8",7,"",40,"",2,"",0,"",6.5,"",.0,"8","U","",9.2,"",95,"",5.8,"",1013.4,"",1027.0,"",3,1.2,"",.0,"9",0,"9","46","4","7","","0","","","5","","","/","","",0,"",.0,"8",.0,"8","","8",0,"8","","",.0,"8",.0,"8",.0,"8",.0,"8",.0,"8",.0,"8",.0,"8",.0,"8",.0,"8",0,"8",0,"8",0,"8","","",0,"8",0,"8"
"352190360","P£OCK","2006","10","13","07","1","",0,"8",0,"8","","","",2,"",0,"8",0,"8",8,"",40,"",3,"",0,"",8.0,"",.0,"8","U","",10.2,"",95,"",7.2,"",1014.1,"",1027.6,"",3,1.6,"",.0,"8",0,"8","42","4","8","","6","","","/","","","/","","",0,"8",.0,"8",.0,"8","","8",0,"8","","",.0,"8",.0,"8",.0,"8",.0,"8",.0,"8",.0,"8",.0,"8",.0,"8",.0,"8",0,"8",0,"8",0,"8","","",0,"8",0,"8"
"352190360","P£OCK","2006","10","13","08","1","",0,"8",0,"8","","","",2,"",0,"8",0,"8",8,"",40,"",3,"",0,"",9.0,"",.0,"8","U","",11.0,"",96,"",8.4,"",1014.6,"",1028.0,"",2,1.7,"",.0,"8",0,"8","46","4","8","","6","","","/","","","/","","",0,"8",.0,"8",.0,"8","","8",0,"8","","",.0,"8",.0,"8",.0,"8",.0,"8",.0,"8",.0,"8",.0,"8",.0,"8",.0,"8",0,"8",0,"8",0,"8","","",0,"8",0,"8"
"352190360","P£OCK","2006","10","13","09","1","",0,"8",0,"8","","","",3,"",0,"8",0,"8",8,"",50,"",2,"",0,"",10.7,"",.0,"8","U","",12.3,"",96,"",10.1,"",1015.2,"",1028.6,"",2,1.8,"",.0,"8",0,"8","42","4","8","","6","","","/","","","/","","",0,"8",.0,"8",.0,"8","","8",0,"8","","",.0,"8",.0,"8",.0,"8",.0,"8",.0,"8",.0,"8",.0,"8",.0,"8",.0,"8",0,"8",0,"8",0,"8","","",0,"8",0,"8"
"352190360","P£OCK","2006","10","13","10","1","",0,"8",0,"8","","","",4,"",0,"8",0,"8",7,"",40,"",2,"",0,"",11.6,"",.0,"8","U","",13.1,"",96,"",11.0,"",1015.6,"",1028.9,"",2,1.5,"",.0,"8",0,"8","28","2","7","","6","","","/","","","/","","",0,"8",.0,"8",.0,"8","","8",0,"8","","",.0,"8",.0,"8",.0,"8",.0,"8",.0,"8",.0,"8",.0,"8",.0,"8",.0,"8",0,"8",0,"8",0,"8","","",0,"8",0,"8"
"352190360","P£OCK","2006","10","13","11","2","",0,"8",0,"8","","","",5,"",0,"8",0,"8",8,"",30,"",3,"",0,"",12.0,"",.0,"8","U","",12.7,"",91,"",10.6,"",1016.0,"",1029.3,"",1,1.4,"",.0,"8",0,"8","10","2","8","","6","","","/","","","/","","",0,"8",.0,"8",.0,"8","","8",0,"8","","",.0,"8",.0,"8",.0,"8",.0,"8",.0,"8",.0,"8",.0,"8",.0,"8",.0,"8",0,"8",0,"8",0,"8","","",0,"8",0,"8"
"352190360","P£OCK","2006","10","13","12","2","",0,"8",0,"8","","","",5,"",0,"8",0,"8",7,"",50,"",3,"",0,"",13.5,"",.0,"8","U","",13.4,"",87,"",11.4,"",1016.1,"",1029.4,"",1,.9,"",.0,"9",0,"9","10","4","7","","6","","","/","","","/","","",0,"",.0,"8",.0,"8","","8",0,"8","","",.0,"8",.0,"8",.0,"8",.0,"8",.0,"8",.0,"8",.0,"8",.0,"8",.0,"8",0,"8",0,"8",0,"8","","",0,"8",0,"8"
"352190360","P£OCK","2006","10","13","13","4","",0,"8",0,"8","","","",5,"",0,"8",0,"8",7,"",20,"",4,"",0,"",14.6,"",.0,"8","U","",13.4,"",81,"",11.4,"",1016.4,"",1029.6,"",2,.8,"",.0,"8",0,"8","10","2","7","","5","","","/","","","/","","",0,"8",.0,"8",.0,"8","","8",0,"8","","",.0,"8",.0,"8",.0,"8",.0,"8",.0,"8",.0,"8",.0,"8",.0,"8",.0,"8",0,"8",0,"8",0,"8","","",0,"8",0,"8"
"352190360","P£OCK","2006","10","13","14","4","",0,"8",0,"8","","","",6,"",0,"8",0,"8",8,"",70,"",4,"",0,"",13.7,"",.0,"8","U","",12.7,"",81,"",10.5,"",1016.7,"",1030.0,"",3,.7,"",.0,"8",0,"8","10","2","8","","5","","","/","","","/","","",0,"8",.0,"8",.0,"8","","8",0,"8","","",.0,"8",.0,"8",.0,"8",.0,"8",.0,"8",.0,"8",.0,"8",.0,"8",.0,"8",0,"8",0,"8",0,"8","","",0,"8",0,"8"
"352190360","P£OCK","2006","10","13","15","2","",0,"8",0,"8","","","",5,"",0,"8",0,"8",8,"",40,"",5,"",0,"",10.5,"",.0,"8","U","",11.4,"",90,"",8.9,"",1017.5,"",1030.9,"",3,1.4,"",.0,"8",0,"8","10","2","8","","6","","","/","","","/","","",0,"8",.0,"8",.0,"8","","8",0,"8","","",.0,"8",.0,"8",.0,"8",.0,"8",.0,"8",.0,"8",.0,"8",.0,"8",.0,"8",0,"8",0,"8",0,"8","","",0,"8",0,"8"
"352190360","P£OCK","2006","10","13","16","1","",0,"8",0,"8","","","",4,"",0,"8",0,"8",8,"",70,"",3,"",0,"",9.3,"",.0,"8","U","",10.9,"",93,"",8.2,"",1018.1,"",1031.6,"",2,1.7,"",.0,"8",0,"8","10","2","8","","6","","","/","","","/","","",0,"8",.0,"8",.0,"8","","8",0,"8","","",.0,"8",.0,"8",.0,"8",.0,"8",.0,"8",.0,"8",.0,"8",.0,"8",.0,"8",0,"8",0,"8",0,"8","","",0,"8",0,"8"
"352190360","P£OCK","2006","10","13","17","1","",0,"8",0,"8","","","",4,"",0,"8",0,"8",8,"",60,"",3,"",0,"",8.8,"",.0,"8","U","",10.6,"",94,"",7.9,"",1018.8,"",1032.3,"",2,2.1,"",.0,"8",0,"8","10","2","8","","6","","","/","","","/","","",0,"8",.0,"8",.0,"8","","8",0,"8","","",.0,"8",.0,"8",.0,"8",.0,"8",.0,"8",.0,"8",.0,"8",.0,"8",.0,"8",0,"8",0,"8",0,"8","","",0,"8",0,"8"
"352190360","P£OCK","2006","10","13","18","1","",0,"8",0,"8","","","",4,"",0,"8",0,"8",8,"",60,"",3,"",0,"",9.0,"",.0,"8","U","",10.8,"",94,"",8.1,"",1019.3,"",1032.8,"",2,1.8,"",.0,"9",0,"9","10","2","8","","6","","","/","","","/","","",0,"",.0,"8",.0,"8","","8",0,"8","","",.0,"8",.0,"8",.0,"8",.0,"8",.0,"8",.0,"8",.0,"8",.0,"8",.0,"8",0,"8",0,"8",0,"8","","",0,"8",0,"8"
"352190360","P£OCK","2006","10","13","19","1","",0,"8",0,"8","","","",4,"",0,"8",0,"8",8,"",60,"",3,"",0,"",8.8,"",.0,"8","U","",10.7,"",95,"",8.0,"",1019.8,"",1033.3,"",1,1.7,"",.0,"8",0,"8","10","2","8","","6","","","/","","","/","","",0,"8",.0,"8",.0,"8","","8",0,"8","","",.0,"8",.0,"8",.0,"8",.0,"8",.0,"8",.0,"8",.0,"8",.0,"8",.0,"8",0,"8",0,"8",0,"8","","",0,"8",0,"8"
"352190360","P£OCK","2006","10","13","20","1","",0,"8",0,"8","","","",5,"",0,"8",0,"8",8,"",70,"",3,"",0,"",8.9,"",.0,"8","U","",10.8,"",95,"",8.1,"",1020.3,"",1033.8,"",2,1.5,"",.0,"8",0,"8","10","2","8","","6","","","/","","","/","","",0,"8",.0,"8",.0,"8","","8",0,"8","","",.0,"8",.0,"8",.0,"8",.0,"8",.0,"8",.0,"8",.0,"8",.0,"8",.0,"8",0,"8",0,"8",0,"8","","",0,"8",0,"8"
"352190360","P£OCK","2006","10","13","21","2","",0,"8",0,"8","","","",5,"",0,"8",0,"8",8,"",60,"",3,"",0,"",8.8,"",.0,"8","U","",10.6,"",94,"",7.9,"",1020.7,"",1034.2,"",2,1.4,"",.0,"8",0,"8","10","2","8","","6","","","/","","","/","","",0,"8",.0,"8",.0,"8","","8",0,"8","","",.0,"8",.0,"8",.0,"8",.0,"8",.0,"8",.0,"8",.0,"8",.0,"8",.0,"8",0,"8",0,"8",0,"8","","",0,"8",0,"8"
"352190360","P£OCK","2006","10","13","22","1","",0,"8",0,"8","","","",4,"",0,"8",0,"8",8,"",60,"",3,"",0,"",8.6,"",.0,"8","U","",10.5,"",94,"",7.7,"",1020.8,"",1034.4,"",1,1.0,"",.0,"8",0,"8","10","2","8","","6","","","/","","","/","","",0,"8",.0,"8",.0,"8","","8",0,"8","","",.0,"8",.0,"8",.0,"8",.0,"8",.0,"8",.0,"8",.0,"8",.0,"8",.0,"8",0,"8",0,"8",0,"8","","",0,"8",0,"8"
"352190360","P£OCK","2006","10","13","23","2","",0,"8",0,"8","","","",5,"",0,"8",0,"8",8,"",60,"",3,"",0,"",8.6,"",.0,"8","U","",10.5,"",94,"",7.7,"",1021.0,"",1034.6,"",2,.7,"",.0,"8",0,"8","10","2","8","","6","","","/","","","/","","",0,"8",.0,"8",.0,"8","","8",0,"8","","",.0,"8",.0,"8",.0,"8",.0,"8",.0,"8",.0,"8",.0,"8",.0,"8",.0,"8",0,"8",0,"8",0,"8","","",0,"8",0,"8"
"352190360","P£OCK","2006","10","14","00","2","",0,"8",0,"8","","","",5,"",0,"8",0,"8",8,"",60,"",2,"",0,"",8.6,"",.0,"8","U","",10.4,"",93,"",7.5,"",1021.3,"",1034.9,"",3,.6,"",.0,"9",0,"9","10","2","8","","6","","","/","","","/","","",0,"",.0,"8",.0,"8","","8",0,"8","","",.0,"8",.0,"8",.0,"8",.0,"8",.0,"8",.0,"8",.0,"8",.0,"8",.0,"8",0,"8",0,"8",0,"8","","",0,"8",0,"8"
"352190360","P£OCK","2006","10","14","01","2","",0,"8",0,"8","","","",5,"",0,"8",0,"8",8,"",100,"",3,"",0,"",8.5,"",.0,"8","U","",10.3,"",93,"",7.4,"",1021.4,"",1035.0,"",2,.6,"",.0,"8",0,"8","10","2","8","","6","","","/","","","/","","",0,"8",.0,"8",.0,"8","","8",0,"8","","",.0,"8",.0,"8",.0,"8",.0,"8",.0,"8",.0,"8",.0,"8",.0,"8",.0,"8",0,"8",0,"8",0,"8","","",0,"8",0,"8"
"352190360","P£OCK","2006","10","14","02","2","",0,"8",0,"8","","","",5,"",0,"8",0,"8",8,"",90,"",3,"",0,"",8.5,"",.0,"8","U","",10.3,"",93,"",7.4,"",1021.2,"",1034.8,"",0,.2,"",.0,"8",0,"8","10","2","8","","6","","","/","","","/","","",0,"8",.0,"8",.0,"8","","8",0,"8","","",.0,"8",.0,"8",.0,"8",.0,"8",.0,"8",.0,"8",.0,"8",.0,"8",.0,"8",0,"8",0,"8",0,"8","","",0,"8",0,"8"
"352190360","P£OCK","2006","10","14","03","2","",0,"8",0,"8","","","",5,"",0,"8",0,"8",8,"",90,"",3,"",0,"",8.5,"",.0,"8","U","",10.3,"",93,"",7.4,"",1020.9,"",1034.5,"",8,-.4,"",.0,"8",0,"8","51","2","8","","6","","","/","","","/","","",0,"8",.0,"8",.0,"8","","8",0,"8","","",.0,"8",.0,"8",.0,"8",.0,"8",.0,"8",.0,"8",.0,"8",.0,"8",.0,"8",0,"8",0,"8",0,"8","","",0,"8",0,"8"
"352190360","P£OCK","2006","10","14","04","2","",0,"8",0,"8","","","",5,"",0,"8",0,"8",8,"",90,"",1,"",0,"",8.5,"",.0,"8","U","",10.3,"",93,"",7.4,"",1020.9,"",1034.5,"",6,-.5,"",.0,"8",0,"8","51","5","8","","6","","","/","","","/","","",0,"8",.0,"8",.0,"8","","8",0,"8","","",.0,"8",.0,"8",.0,"8",.0,"8",.0,"8",.0,"8",.0,"8",.0,"8",.0,"8",0,"8",0,"8",0,"8","","",0,"8",0,"8"
"352190360","P£OCK","2006","10","14","05","3","",0,"8",0,"8","","","",5,"",0,"8",0,"8",8,"",30,"",3,"",0,"",8.5,"",.0,"8","U","",10.3,"",93,"",7.4,"",1021.6,"",1035.2,"",3,.4,"",.0,"8",0,"8","51","5","8","","6","","","/","","","/","","",0,"8",.0,"8",.0,"8","","8",0,"8","","",.0,"8",.0,"8",.0,"8",.0,"8",.0,"8",.0,"8",.0,"8",.0,"8",.0,"8",0,"8",0,"8",0,"8","","",0,"8",0,"8"
"352190360","P£OCK","2006","10","14","06","3","",0,"8",0,"8","","","",6,"",0,"8",0,"8",8,"",30,"",2,"",0,"",8.6,"",.0,"8","U","",10.3,"",92,"",7.4,"",1021.5,"",1035.1,"",0,.6,"",.0,"",6,"","51","5","8","","6","","","/","","","/","","",1,"",.0,"8",.0,"8","","8",0,"8","","",.0,"8",.0,"8",.0,"8",.0,"8",.0,"8",.0,"8",.0,"8",.0,"8",.0,"8",0,"8",0,"8",0,"8","","",0,"8",0,"8"
"352190360","P£OCK","2006","10","14","07","3","",0,"8",0,"8","","","",6,"",0,"8",0,"8",8,"",50,"",3,"",0,"",8.6,"",.0,"8","U","",10.3,"",92,"",7.4,"",1021.7,"",1035.3,"",2,.8,"",.0,"8",0,"8","51","5","8","","6","","","/","","","/","","",0,"8",.0,"8",.0,"8","","8",0,"8","","",.0,"8",.0,"8",.0,"8",.0,"8",.0,"8",.0,"8",.0,"8",.0,"8",.0,"8",0,"8",0,"8",0,"8","","",0,"8",0,"8"
"352190360","P£OCK","2006","10","14","08","3","",0,"8",0,"8","","","",6,"",0,"8",0,"8",8,"",40,"",3,"",0,"",8.8,"",.0,"8","U","",10.4,"",92,"",7.6,"",1021.9,"",1035.5,"",3,.3,"",.0,"8",0,"8","51","5","8","","6","","","/","","","/","","",0,"8",.0,"8",.0,"8","","8",0,"8","","",.0,"8",.0,"8",.0,"8",.0,"8",.0,"8",.0,"8",.0,"8",.0,"8",.0,"8",0,"8",0,"8",0,"8","","",0,"8",0,"8"
"352190360","P£OCK","2006","10","14","09","3","",0,"8",0,"8","","","",6,"",0,"8",0,"8",8,"",40,"",2,"",0,"",9.1,"",.0,"8","U","",10.5,"",91,"",7.7,"",1022.0,"",1035.5,"",2,.5,"",.0,"8",0,"8","50","5","8","","6","","","/","","","/","","",0,"8",.0,"8",.0,"8","","8",0,"8","","",.0,"8",.0,"8",.0,"8",.0,"8",.0,"8",.0,"8",.0,"8",.0,"8",.0,"8",0,"8",0,"8",0,"8","","",0,"8",0,"8"
"352190360","P£OCK","2006","10","14","10","3","",0,"8",0,"8","","","",6,"",0,"8",0,"8",8,"",40,"",2,"",0,"",9.4,"",.0,"8","U","",10.0,"",85,"",7.0,"",1021.8,"",1035.3,"",0,.1,"",.0,"8",0,"8","50","5","8","","6","","","/","","","/","","",0,"8",.0,"8",.0,"8","","8",0,"8","","",.0,"8",.0,"8",.0,"8",.0,"8",.0,"8",.0,"8",.0,"8",.0,"8",.0,"8",0,"8",0,"8",0,"8","","",0,"8",0,"8"
"352190360","P£OCK","2006","10","14","11","3","",0,"8",0,"8","","","",6,"",0,"8",0,"8",8,"",20,"",3,"",0,"",9.3,"",.0,"8","U","",10.1,"",86,"",7.1,"",1021.5,"",1035.0,"",8,-.4,"",.0,"8",0,"8","20","2","8","","6","","","/","","","/","","",0,"8",.0,"8",.0,"8","","8",0,"8","","",.0,"8",.0,"8",.0,"8",.0,"8",.0,"8",.0,"8",.0,"8",.0,"8",.0,"8",0,"8",0,"8",0,"8","","",0,"8",0,"8"
"352190360","P£OCK","2006","10","14","12","3","",0,"8",0,"8","","","",6,"",0,"8",0,"8",8,"",10,"",2,"",0,"",9.2,"",.0,"8","U","",9.8,"",84,"",6.6,"",1021.0,"",1034.5,"",8,-1.0,"",.0,"",6,"","10","5","8","","6","","","/","","","/","","",0,"",.0,"8",.0,"8","","8",0,"8","","",.0,"8",.0,"8",.0,"8",.0,"8",.0,"8",.0,"8",.0,"8",.0,"8",.0,"8",0,"8",0,"8",0,"8","","",0,"8",0,"8"
"352190360","P£OCK","2006","10","14","13","3","",0,"8",0,"8","","","",6,"",0,"8",0,"8",8,"",10,"",2,"",0,"",9.3,"",.0,"8","U","",9.9,"",85,"",6.9,"",1020.8,"",1034.3,"",7,-1.0,"",.0,"8",0,"8","10","2","8","","6","","","/","","","/","","",0,"8",.0,"8",.0,"8","","8",0,"8","","",.0,"8",.0,"8",.0,"8",.0,"8",.0,"8",.0,"8",.0,"8",.0,"8",.0,"8",0,"8",0,"8",0,"8","","",0,"8",0,"8"
"352190360","P£OCK","2006","10","14","14","3","",0,"8",0,"8","","","",6,"",0,"8",0,"8",8,"",80,"",1,"",0,"",9.0,"",.0,"8","U","",9.4,"",82,"",6.1,"",1020.4,"",1033.9,"",7,-1.1,"",.0,"8",0,"8","10","2","8","","6","","","/","","","/","","",0,"8",.0,"8",.0,"8","","8",0,"8","","",.0,"8",.0,"8",.0,"8",.0,"8",.0,"8",.0,"8",.0,"8",.0,"8",.0,"8",0,"8",0,"8",0,"8","","",0,"8",0,"8"
"352190360","P£OCK","2006","10","14","15","4","",0,"8",0,"8","","","",6,"",0,"8",0,"8",8,"",0,"",0,"",0,"",9.4,"",.0,"8","U","",9.3,"",79,"",5.9,"",1020.2,"",1033.7,"",7,-.8,"",.0,"8",0,"8","10","2","8","","5","","","/","","","/","","",0,"8",.0,"8",.0,"8","","8",0,"8","","",.0,"8",.0,"8",.0,"8",.0,"8",.0,"8",.0,"8",.0,"8",.0,"8",.0,"8",0,"8",0,"8",0,"8","","",0,"8",0,"8"
"352190360","P£OCK","2006","10","14","16","4","",0,"8",0,"8","","","",6,"",0,"8",0,"8",7,"",270,"",1,"",0,"",9.3,"",.0,"8","U","",9.5,"",81,"",6.2,"",1019.7,"",1033.2,"",7,-1.1,"",.0,"8",0,"8","10","2","7","","5","","","/","","","/","","",0,"8",.0,"8",.0,"8","","8",0,"8","","",.0,"8",.0,"8",.0,"8",.0,"8",.0,"8",.0,"8",.0,"8",.0,"8",.0,"8",0,"8",0,"8",0,"8","","",0,"8",0,"8"
"352190360","P£OCK","2006","10","14","17","5","",0,"8",0,"8","","","",6,"",0,"8",0,"8",8,"",290,"",3,"",0,"",9.1,"",.0,"8","U","",9.6,"",83,"",6.4,"",1019.7,"",1033.2,"",6,-.7,"",.0,"8",0,"8","10","2","8","","5","","","/","","","/","","",0,"8",.0,"8",.0,"8","","8",0,"8","","",.0,"8",.0,"8",.0,"8",.0,"8",.0,"8",.0,"8",.0,"8",.0,"8",.0,"8",0,"8",0,"8",0,"8","","",0,"8",0,"8"
"352190360","P£OCK","2006","10","14","18","5","",0,"8",0,"8","","","",6,"",0,"8",0,"8",8,"",280,"",3,"",0,"",9.1,"",.0,"8","U","",9.6,"",83,"",6.4,"",1019.0,"",1032.5,"",7,-1.2,"",.0,"9",0,"9","10","2","8","","5","","","/","","","/","","",0,"",.0,"8",.0,"8","","8",0,"8","","",.0,"8",.0,"8",.0,"8",.0,"8",.0,"8",.0,"8",.0,"8",.0,"8",.0,"8",0,"8",0,"8",0,"8","","",0,"8",0,"8"
"352190360","P£OCK","2006","10","14","19","4","",0,"8",0,"8","","","",6,"",0,"8",0,"8",8,"",290,"",2,"",0,"",9.0,"",.0,"8","U","",9.6,"",84,"",6.4,"",1018.9,"",1032.4,"",8,-.8,"",.0,"8",0,"8","10","2","8","","5","","","/","","","/","","",0,"8",.0,"8",.0,"8","","8",0,"8","","",.0,"8",.0,"8",.0,"8",.0,"8",.0,"8",.0,"8",.0,"8",.0,"8",.0,"8",0,"8",0,"8",0,"8","","",0,"8",0,"8"
"352190360","P£OCK","2006","10","14","20","5","",0,"8",0,"8","","","",6,"",0,"8",0,"8",8,"",320,"",2,"",0,"",9.0,"",.0,"8","U","",9.5,"",83,"",6.3,"",1019.3,"",1032.8,"",5,-.4,"",.0,"8",0,"8","10","2","8","","5","","","/","","","/","","",0,"8",.0,"8",.0,"8","","8",0,"8","","",.0,"8",.0,"8",.0,"8",.0,"8",.0,"8",.0,"8",.0,"8",.0,"8",.0,"8",0,"8",0,"8",0,"8","","",0,"8",0,"8"
"352190360","P£OCK","2006","10","14","21","5","",0,"8",0,"8","","","",6,"",0,"8",0,"8",8,"",340,"",3,"",0,"",8.7,"",.0,"8","U","",8.5,"",76,"",4.7,"",1019.6,"",1033.1,"",3,.6,"",.0,"8",0,"8","10","2","8","","5","","","/","","","/","","",0,"8",.0,"8",.0,"8","","8",0,"8","","",.0,"8",.0,"8",.0,"8",.0,"8",.0,"8",.0,"8",.0,"8",.0,"8",.0,"8",0,"8",0,"8",0,"8","","",0,"8",0,"8"
"352190360","P£OCK","2006","10","14","22","5","",0,"8",0,"8","","","",6,"",0,"8",0,"8",8,"",330,"",3,"",0,"",7.8,"",.0,"8","U","",8.5,"",80,"",4.6,"",1019.4,"",1033.0,"",0,.5,"",.0,"8",0,"8","10","2","8","","5","","","/","","","/","","",0,"8",.0,"8",.0,"8","","8",0,"8","","",.0,"8",.0,"8",.0,"8",.0,"8",.0,"8",.0,"8",.0,"8",.0,"8",.0,"8",0,"8",0,"8",0,"8","","",0,"8",0,"8"
"352190360","P£OCK","2006","10","14","23","5","",0,"8",0,"8","","","",6,"",0,"8",0,"8",8,"",320,"",2,"",0,"",6.5,"",.0,"8","U","",7.9,"",82,"",3.6,"",1018.9,"",1032.5,"",8,-.4,"",.0,"8",0,"8","10","2","8","","5","","","/","","","/","","",0,"8",.0,"8",.0,"8","","8",0,"8","","",.0,"8",.0,"8",.0,"8",.0,"8",.0,"8",.0,"8",.0,"8",.0,"8",.0,"8",0,"8",0,"8",0,"8","","",0,"8",0,"8"
"352190360","P£OCK","2006","10","15","00","5","",0,"8",0,"8","","","",6,"",0,"8",0,"8",3,"",300,"",2,"",0,"",5.4,"",.0,"8","U","",7.9,"",88,"",3.6,"",1018.1,"",1031.8,"",8,-1.5,"",.0,"9",0,"9","10","1","1","","5","","","3","","","1","","",0,"",.0,"8",.0,"8","","8",0,"8","","",.0,"8",.0,"8",.0,"8",.0,"8",.0,"8",.0,"8",.0,"8",.0,"8",.0,"8",0,"8",0,"8",0,"8","","",0,"8",0,"8"
"352190360","P£OCK","2006","10","15","01","5","",0,"8",0,"8","","","",6,"",0,"8",0,"8",7,"",290,"",2,"",0,"",5.6,"",.0,"8","U","",8.3,"",91,"",4.2,"",1017.9,"",1031.6,"",7,-1.5,"",.0,"8",0,"8","10","1","7","","5","","","/","","","/","","",0,"8",.0,"8",.0,"8","","8",0,"8","","",.0,"8",.0,"8",.0,"8",.0,"8",.0,"8",.0,"8",.0,"8",.0,"8",.0,"8",0,"8",0,"8",0,"8","","",0,"8",0,"8"
"352190360","P£OCK","2006","10","15","02","5","",0,"8",0,"8","","","",6,"",0,"8",0,"8",8,"",290,"",3,"",0,"",6.3,"",.0,"8","U","",8.5,"",89,"",4.6,"",1017.5,"",1031.1,"",7,-1.4,"",.0,"8",0,"8","10","2","8","","5","","","/","","","/","","",0,"8",.0,"8",.0,"8","","8",0,"8","","",.0,"8",.0,"8",.0,"8",.0,"8",.0,"8",.0,"8",.0,"8",.0,"8",.0,"8",0,"8",0,"8",0,"8","","",0,"8",0,"8"
"352190360","P£OCK","2006","10","15","03","5","",0,"8",0,"8","","","",6,"",0,"8",0,"8",8,"",290,"",3,"",0,"",6.5,"",.0,"8","U","",8.7,"",90,"",5.0,"",1017.2,"",1030.8,"",7,-.9,"",.0,"8",0,"8","10","1","8","","5","","","/","","","/","","",0,"8",.0,"8",.0,"8","","8",0,"8","","",.0,"8",.0,"8",.0,"8",.0,"8",.0,"8",.0,"8",.0,"8",.0,"8",.0,"8",0,"8",0,"8",0,"8","","",0,"8",0,"8"
"352190360","P£OCK","2006","10","15","04","5","",0,"8",0,"8","","","",6,"",0,"8",0,"8",8,"",280,"",3,"",0,"",6.7,"",.0,"8","U","",8.8,"",90,"",5.2,"",1016.9,"",1030.5,"",7,-1.0,"",.0,"8",0,"8","10","2","8","","5","","","/","","","/","","",0,"8",.0,"8",.0,"8","","8",0,"8","","",.0,"8",.0,"8",.0,"8",.0,"8",.0,"8",.0,"8",.0,"8",.0,"8",.0,"8",0,"8",0,"8",0,"8","","",0,"8",0,"8"
"352190360","P£OCK","2006","10","15","05","5","",0,"8",0,"8","","","",6,"",0,"8",0,"8",8,"",280,"",4,"",0,"",7.3,"",.0,"8","U","",9.2,"",90,"",5.8,"",1016.4,"",1030.0,"",8,-1.1,"",.0,"8",0,"8","10","2","8","","5","","","/","","","/","","",0,"8",.0,"8",.0,"8","","8",0,"8","","",.0,"8",.0,"8",.0,"8",.0,"8",.0,"8",.0,"8",.0,"8",.0,"8",.0,"8",0,"8",0,"8",0,"8","","",0,"8",0,"8"
"352190360","P£OCK","2006","10","15","06","5","",0,"8",0,"8","","","",6,"",0,"8",0,"8",8,"",290,"",3,"",0,"",7.5,"",.0,"8","U","",9.3,"",90,"",6.0,"",1016.4,"",1029.9,"",6,-.8,"",.0,"",6,"","80","1","8","","9","","","/","","","/","","",0,"",.0,"8",.0,"8","","8",0,"8","","",.0,"8",.0,"8",.0,"8",.0,"8",.0,"8",.0,"8",.0,"8",.0,"8",.0,"8",0,"8",0,"8",0,"8","","",0,"8",0,"8"
"352190360","P£OCK","2006","10","15","07","5","",0,"8",0,"8","","","",6,"",0,"8",0,"8",8,"",290,"",3,"",0,"",7.9,"",.0,"8","U","",9.6,"",90,"",6.4,"",1016.4,"",1029.9,"",6,-.5,"",.0,"8",0,"8","25","2","8","","5","","","/","","","/","","",0,"8",.0,"8",.0,"8","","8",0,"8","","",.0,"8",.0,"8",.0,"8",.0,"8",.0,"8",.0,"8",.0,"8",.0,"8",.0,"8",0,"8",0,"8",0,"8","","",0,"8",0,"8"
"352190360","P£OCK","2006","10","15","08","6","",0,"8",0,"8","","","",6,"",0,"8",0,"8",8,"",280,"",5,"",0,"",8.7,"",.0,"8","U","",9.9,"",88,"",6.8,"",1016.1,"",1029.6,"",8,-.3,"",.0,"8",0,"8","10","2","8","","5","","","/","","","/","","",0,"8",.0,"8",.0,"8","","8",0,"8","","",.0,"8",.0,"8",.0,"8",.0,"8",.0,"8",.0,"8",.0,"8",.0,"8",.0,"8",0,"8",0,"8",0,"8","","",0,"8",0,"8"
"352190360","P£OCK","2006","10","15","09","6","",0,"8",0,"8","","","",6,"",0,"8",0,"8",7,"",290,"",4,"",0,"",9.7,"",.0,"8","U","",10.3,"",86,"",7.5,"",1015.7,"",1029.1,"",8,-.7,"",.0,"8",0,"8","10","8","7","","5","","","/","","","/","","",0,"8",.0,"8",.0,"8","","8",0,"8","","",.0,"8",.0,"8",.0,"8",.0,"8",.0,"8",.0,"8",.0,"8",.0,"8",.0,"8",0,"8",0,"8",0,"8","","",0,"8",0,"8"
"352190360","P£OCK","2006","10","15","10","4","",0,"8",0,"8","","","",6,"",0,"8",0,"8",7,"",290,"",5,"",0,"",11.5,"",.0,"8","U","",11.2,"",83,"",8.7,"",1015.1,"",1028.4,"",8,-1.3,"",.0,"8",0,"8","10","2","7","","5","","","/","","","/","","",0,"8",.0,"8",.0,"8","","8",0,"8","","",.0,"8",.0,"8",.0,"8",.0,"8",.0,"8",.0,"8",.0,"8",.0,"8",.0,"8",0,"8",0,"8",0,"8","","",0,"8",0,"8"
"352190360","P£OCK","2006","10","15","11","4","",0,"8",0,"8","","","",7,"",0,"8",0,"8",7,"",310,"",5,"",0,"",13.4,"",.0,"8","U","",11.8,"",77,"",9.4,"",1014.4,"",1027.6,"",8,-1.7,"",.0,"8",0,"8","02","2","7","","5","","","/","","","/","","",0,"8",.0,"8",.0,"8","","8",0,"8","","",.0,"8",.0,"8",.0,"8",.0,"8",.0,"8",.0,"8",.0,"8",.0,"8",.0,"8",0,"8",0,"8",0,"8","","",0,"8",0,"8"
"352190360","P£OCK","2006","10","15","12","4","",0,"8",0,"8","","","",7,"",0,"8",0,"8",7,"",300,"",6,"",0,"",14.2,"",.0,"8","U","",12.0,"",74,"",9.6,"",1013.4,"",1026.6,"",8,-2.3,"",.0,"",6,"","02","8","7","","5","","","/","","","/","","",0,"",.0,"8",.0,"8","","8",0,"8","","",.0,"8",.0,"8",.0,"8",.0,"8",.0,"8",.0,"8",.0,"8",.0,"8",.0,"8",0,"8",0,"8",0,"8","","",0,"8",0,"8"
"352190360","P£OCK","2006","10","15","13","5","",0,"8",0,"8","","","",7,"",0,"8",0,"8",7,"",300,"",6,"",0,"",13.8,"",.0,"8","U","",12.1,"",77,"",9.8,"",1013.2,"",1026.4,"",7,-1.9,"",.0,"8",0,"8","03","2","7","","8","","","/","","","/","","",0,"8",.0,"8",.0,"8","","8",0,"8","","",.0,"8",.0,"8",.0,"8",.0,"8",.0,"8",.0,"8",.0,"8",.0,"8",.0,"8",0,"8",0,"8",0,"8","","",0,"8",0,"8"
"352190360","P£OCK","2006","10","15","14","4","",0,"8",0,"8","","","",8,"",0,"8",0,"8",7,"",310,"",5,"",0,"",14.1,"",.0,"8","U","",12.0,"",75,"",9.7,"",1012.5,"",1025.7,"",7,-1.9,"",.0,"8",0,"8","01","2","7","","5","","","/","","","/","","",0,"8",.0,"8",.0,"8","","8",0,"8","","",.0,"8",.0,"8",.0,"8",.0,"8",.0,"8",.0,"8",.0,"8",.0,"8",.0,"8",0,"8",0,"8",0,"8","","",0,"8",0,"8"
"352190360","P£OCK","2006","10","15","15","5","",0,"8",0,"8","","","",8,"",0,"8",0,"8",5,"",300,"",5,"",0,"",13.6,"",.0,"8","U","",12.1,"",78,"",9.8,"",1012.2,"",1025.4,"",7,-1.2,"",.0,"8",0,"8","03","2","5","","3","","","0","","","0","","",0,"8",.0,"8",.0,"8","","8",0,"8","","",.0,"8",.0,"8",.0,"8",.0,"8",.0,"8",.0,"8",.0,"8",.0,"8",.0,"8",0,"8",0,"8",0,"8","","",0,"8",0,"8"
"352190360","P£OCK","2006","10","15","16","5","",0,"8",0,"8","","","",8,"",0,"8",0,"8",7,"",320,"",3,"",0,"",13.2,"",.0,"8","U","",12.0,"",79,"",9.6,"",1012.3,"",1025.5,"",5,-.9,"",.0,"8",0,"8","03","2","6","","3","","","3","","","/","","",0,"8",.0,"8",.0,"8","","8",0,"8","","",.0,"8",.0,"8",.0,"8",.0,"8",.0,"8",.0,"8",.0,"8",.0,"8",.0,"8",0,"8",0,"8",0,"8","","",0,"8",0,"8"
"352190360","P£OCK","2006","10","15","17","6","",0,"8",0,"8","","","",8,"",0,"8",0,"8",7,"",320,"",3,"",0,"",12.0,"",.0,"8","U","",11.5,"",82,"",9.0,"",1012.5,"",1025.8,"",5,.0,"",.0,"8",0,"8","01","2","7","","5","","","/","","","/","","",0,"8",.0,"8",.0,"8","","8",0,"8","","",.0,"8",.0,"8",.0,"8",.0,"8",.0,"8",.0,"8",.0,"8",.0,"8",.0,"8",0,"8",0,"8",0,"8","","",0,"8",0,"8"
"352190360","P£OCK","2006","10","15","18","6","",0,"8",0,"8","","","",8,"",0,"8",0,"8",2,"",350,"",5,"",0,"",11.9,"",.0,"8","U","",11.0,"",79,"",8.4,"",1012.9,"",1026.2,"",3,.7,"",.0,"9",0,"9","01","1","2","","5","","","0","","","0","","",0,"",.0,"8",.0,"8","","8",0,"8","","",.0,"8",.0,"8",.0,"8",.0,"8",.0,"8",.0,"8",.0,"8",.0,"8",.0,"8",0,"8",0,"8",0,"8","","",0,"8",0,"8"
"352190360","P£OCK","2006","10","15","19","6","",0,"8",0,"8","","","",8,"",0,"8",0,"8",1,"",350,"",4,"",0,"",10.6,"",.0,"8","U","",10.5,"",82,"",7.7,"",1013.3,"",1026.7,"",3,1.0,"",.0,"8",0,"8","01","0","1","","5","","","0","","","0","","",0,"8",.0,"8",.0,"8","","8",0,"8","","",.0,"8",.0,"8",.0,"8",.0,"8",.0,"8",.0,"8",.0,"8",.0,"8",.0,"8",0,"8",0,"8",0,"8","","",0,"8",0,"8"
"352190360","P£OCK","2006","10","15","20","6","",0,"8",0,"8","","","",8,"",0,"8",0,"8",1,"",360,"",3,"",0,"",9.6,"",.0,"8","U","",10.1,"",85,"",7.2,"",1013.8,"",1027.2,"",2,1.3,"",.0,"8",0,"8","02","0","1","","5","","","0","","","0","","",0,"8",.0,"8",.0,"8","","8",0,"8","","",.0,"8",.0,"8",.0,"8",.0,"8",.0,"8",.0,"8",.0,"8",.0,"8",.0,"8",0,"8",0,"8",0,"8","","",0,"8",0,"8"
"352190360","P£OCK","2006","10","15","21","6","",0,"8",0,"8","","","",8,"",0,"8",0,"8",1,"",10,"",3,"",0,"",8.4,"",.0,"8","U","",9.6,"",87,"",6.4,"",1014.3,"",1027.8,"",2,1.4,"",.0,"8",0,"8","02","0","1","","5","","","0","","","0","","",0,"8",.0,"8",.0,"8","","8",0,"8","","",.0,"8",.0,"8",.0,"8",.0,"8",.0,"8",.0,"8",.0,"8",.0,"8",.0,"8",0,"8",0,"8",0,"8","","",0,"8",0,"8"
"352190360","P£OCK","2006","10","15","22","9","",0,"8",0,"8","","","",7,"",0,"8",0,"8",0,"",30,"",2,"",0,"",7.0,"",.0,"8","U","",8.9,"",89,"",5.3,"",1014.7,"",1028.2,"",2,1.4,"",.0,"8",0,"8","01","0","0","","0","","","0","","","0","","",0,"8",.0,"8",.0,"8","","8",0,"8","","",.0,"8",.0,"8",.0,"8",.0,"8",.0,"8",.0,"8",.0,"8",.0,"8",.0,"8",0,"8",0,"8",0,"8","","",0,"8",0,"8"
"352190360","P£OCK","2006","10","15","23","9","",0,"8",0,"8","","","",7,"",0,"8",0,"8",0,"",20,"",2,"",0,"",5.6,"",.0,"8","U","",8.2,"",90,"",4.1,"",1014.7,"",1028.3,"",1,.9,"",.0,"8",0,"8","02","0","0","","0","","","0","","","0","","",0,"8",.0,"8",.0,"8","","8",0,"8","","",.0,"8",.0,"8",.0,"8",.0,"8",.0,"8",.0,"8",.0,"8",.0,"8",.0,"8",0,"8",0,"8",0,"8","","",0,"8",0,"8"
"352190360","P£OCK","2006","10","16","00","9","",0,"8",0,"8","","","",8,"",0,"8",0,"8",0,"",20,"",2,"",0,"",4.9,"",.0,"8","U","",7.9,"",91,"",3.6,"",1014.9,"",1028.6,"",2,.6,"",.0,"9",0,"9","02","0","0","","0","","","0","","","0","","",0,"",.0,"8",.0,"8","","8",0,"8","","",.0,"8",.0,"8",.0,"8",.0,"8",.0,"8",.0,"8",.0,"8",.0,"8",.0,"8",0,"8",0,"8",0,"8","","",0,"8",0,"8"
"352190360","P£OCK","2006","10","16","01","9","",0,"8",0,"8","","","",8,"",0,"8",0,"8",0,"",20,"",2,"",0,"",3.7,"",.0,"8","U","",7.2,"",90,"",2.2,"",1015.0,"",1028.7,"",3,.3,"",.0,"8",0,"8","02","0","0","","0","","","0","","","0","","",0,"8",.0,"8",.0,"8","","8",0,"8","","",.0,"8",.0,"8",.0,"8",.0,"8",.0,"8",.0,"8",.0,"8",.0,"8",.0,"8",0,"8",0,"8",0,"8","","",0,"8",0,"8"
"352190360","P£OCK","2006","10","16","02","9","",0,"8",0,"8","","","",8,"",0,"8",0,"8",0,"",20,"",2,"",0,"",3.3,"",.0,"8","U","",7.1,"",92,"",2.1,"",1015.1,"",1028.8,"",2,.4,"",.0,"8",0,"8","02","0","0","","0","","","0","","","0","","",0,"8",.0,"8",.0,"8","","8",0,"8","","",.0,"8",.0,"8",.0,"8",.0,"8",.0,"8",.0,"8",.0,"8",.0,"8",.0,"8",0,"8",0,"8",0,"8","","",0,"8",0,"8"
"352190360","P£OCK","2006","10","16","03","9","",0,"8",0,"8","","","",8,"",0,"8",0,"8",0,"",20,"",3,"",0,"",2.3,"",.0,"8","U","",6.6,"",92,"",1.1,"",1015.1,"",1028.9,"",1,.2,"",.0,"8",0,"8","02","0","0","","0","","","0","","","0","","",0,"8",.0,"8",.0,"8","","8",0,"8","","",.0,"8",.0,"8",.0,"8",.0,"8",.0,"8",.0,"8",.0,"8",.0,"8",.0,"8",0,"8",0,"8",0,"8","","",0,"8",0,"8"
"352190360","P£OCK","2006","10","16","04","9","",0,"8",0,"8","","","",7,"",0,"8",0,"8",0,"",30,"",2,"",0,"",1.9,"",.0,"8","U","",6.5,"",93,"",.9,"",1015.4,"",1029.2,"",2,.4,"",.0,"8",0,"8","02","0","0","","0","","","0","","","0","","",0,"8",.0,"8",.0,"8","","8",0,"8","","",.0,"8",.0,"8",.0,"8",.0,"8",.0,"8",.0,"8",.0,"8",.0,"8",.0,"8",0,"8",0,"8",0,"8","","",0,"8",0,"8"
"352190360","P£OCK","2006","10","16","05","9","",0,"8",0,"8","","","",7,"",0,"8",0,"8",1,"",20,"",3,"",0,"",1.9,"",.0,"8","U","",6.5,"",93,"",.9,"",1015.6,"",1029.4,"",3,.5,"",.0,"8",0,"8","03","0","0","","0","","","0","","","1","","",0,"8",.0,"8",.0,"8","","8",0,"8","","",.0,"8",.0,"8",.0,"8",.0,"8",.0,"8",.0,"8",.0,"8",.0,"8",.0,"8",0,"8",0,"8",0,"8","","",0,"8",0,"8"
"352190360","P£OCK","2006","10","16","06","9","",0,"8",0,"8","","","",7,"",0,"8",0,"8",1,"",20,"",2,"",0,"",2.2,"",.0,"8","U","",6.7,"",94,"",1.3,"",1015.9,"",1029.7,"",2,.8,"",.0,"9",0,"9","02","0","0","","0","","","0","","","1","","",0,"",.0,"8",.0,"8","","8",0,"8","","",.0,"8",.0,"8",.0,"8",.0,"8",.0,"8",.0,"8",.0,"8",.0,"8",.0,"8",0,"8",0,"8",0,"8","","",0,"8",0,"8"
"352190360","P£OCK","2006","10","16","07","9","",0,"8",0,"8","","","",8,"",0,"8",0,"8",1,"",40,"",3,"",0,"",4.7,"",.0,"8","U","",7.6,"",89,"",3.0,"",1016.1,"",1029.8,"",2,.7,"",.0,"8",0,"8","02","0","0","","0","","","0","","","1","","",0,"8",.0,"8",.0,"8","","8",0,"8","","",.0,"8",.0,"8",.0,"8",.0,"8",.0,"8",.0,"8",.0,"8",.0,"8",.0,"8",0,"8",0,"8",0,"8","","",0,"8",0,"8"
"352190360","P£OCK","2006","10","16","08","9","",0,"8",0,"8","","","",8,"",0,"8",0,"8",1,"",30,"",2,"",0,"",6.7,"",.0,"8","U","",8.1,"",83,"",4.0,"",1016.6,"",1030.2,"",2,1.0,"",.0,"8",0,"8","02","0","0","","0","","","0","","","1","","",0,"8",.0,"8",.0,"8","","8",0,"8","","",.0,"8",.0,"8",.0,"8",.0,"8",.0,"8",.0,"8",.0,"8",.0,"8",.0,"8",0,"8",0,"8",0,"8","","",0,"8",0,"8"
"352190360","P£OCK","2006","10","16","09","9","",0,"8",0,"8","","","",8,"",0,"8",0,"8",1,"",40,"",2,"",0,"",8.5,"",.0,"8","U","",8.3,"",75,"",4.3,"",1016.8,"",1030.3,"",2,.9,"",.0,"8",0,"8","02","0","0","","0","","","0","","","1","","",0,"8",.0,"8",.0,"8","","8",0,"8","","",.0,"8",.0,"8",.0,"8",.0,"8",.0,"8",.0,"8",.0,"8",.0,"8",.0,"8",0,"8",0,"8",0,"8","","",0,"8",0,"8"
"352190360","P£OCK","2006","10","16","10","5","",0,"8",0,"8","","","",8,"",0,"8",0,"8",2,"",70,"",3,"",0,"",10.0,"",.0,"8","U","",7.5,"",61,"",2.8,"",1016.7,"",1030.1,"",0,.6,"",.0,"8",0,"8","03","0","2","","1","","","0","","","0","","",0,"8",.0,"8",.0,"8","","8",0,"8","","",.0,"8",.0,"8",.0,"8",.0,"8",.0,"8",.0,"8",.0,"8",.0,"8",.0,"8",0,"8",0,"8",0,"8","","",0,"8",0,"8"
"352190360","P£OCK","2006","10","16","11","5","",0,"8",0,"8","","","",8,"",0,"8",0,"8",4,"",40,"",3,"",0,"",10.0,"",.0,"8","U","",6.9,"",56,"",1.6,"",1016.5,"",1029.9,"",8,-.1,"",.0,"8",0,"8","03","0","4","","2","","","0","","","0","","",0,"8",.0,"8",.0,"8","","8",0,"8","","",.0,"8",.0,"8",.0,"8",.0,"8",.0,"8",.0,"8",.0,"8",.0,"8",.0,"8",0,"8",0,"8",0,"8","","",0,"8",0,"8"
"352190360","P£OCK","2006","10","16","12","6","",0,"8",0,"8","","","",8,"",0,"8",0,"8",4,"",40,"",2,"",0,"",10.5,"",.0,"8","U","",6.7,"",53,"",1.3,"",1016.0,"",1029.4,"",8,-.8,"",.0,"9",0,"9","02","0","4","","2","","","0","","","0","","",0,"",.0,"8",.0,"8","","8",0,"8","","",.0,"8",.0,"8",.0,"8",.0,"8",.0,"8",.0,"8",.0,"8",.0,"8",.0,"8",0,"8",0,"8",0,"8","","",0,"8",0,"8"
"352190360","P£OCK","2006","10","16","13","6","",0,"8",0,"8","","","",8,"",0,"8",0,"8",3,"",70,"",2,"",0,"",10.5,"",.0,"8","U","",6.8,"",54,"",1.6,"",1015.7,"",1029.1,"",7,-1.0,"",.0,"8",0,"8","01","0","3","","2","","","0","","","0","","",0,"8",.0,"8",.0,"8","","8",0,"8","","",.0,"8",.0,"8",.0,"8",.0,"8",.0,"8",.0,"8",.0,"8",.0,"8",.0,"8",0,"8",0,"8",0,"8","","",0,"8",0,"8"
"352190360","P£OCK","2006","10","16","14","6","",0,"8",0,"8","","","",8,"",0,"8",0,"8",3,"",0,"",0,"",0,"",9.8,"",.0,"8","U","",6.9,"",57,"",1.7,"",1015.5,"",1028.9,"",6,-1.0,"",.0,"8",0,"8","01","0","2","","2","","","0","","","1","","",0,"8",.0,"8",.0,"8","","8",0,"8","","",.0,"8",.0,"8",.0,"8",.0,"8",.0,"8",.0,"8",.0,"8",.0,"8",.0,"8",0,"8",0,"8",0,"8","","",0,"8",0,"8"
"352190360","P£OCK","2006","10","16","15","6","",0,"8",0,"8","","","",8,"",0,"8",0,"8",2,"",160,"",1,"",0,"",9.1,"",.0,"8","U","",7.0,"",61,"",2.0,"",1015.1,"",1028.6,"",7,-.9,"",.0,"8",0,"8","01","0","1","","2","","","0","","","1","","",0,"8",.0,"8",.0,"8","","8",0,"8","","",.0,"8",.0,"8",.0,"8",.0,"8",.0,"8",.0,"8",.0,"8",.0,"8",.0,"8",0,"8",0,"8",0,"8","","",0,"8",0,"8"
"352190360","P£OCK","2006","10","16","16","9","",0,"8",0,"8","","","",8,"",0,"8",0,"8",3,"",90,"",1,"",0,"",6.7,"",.0,"8","U","",7.1,"",72,"",2.0,"",1015.1,"",1028.7,"",6,-.6,"",.0,"8",0,"8","01","0","2","","0","","","3","","","1","","",0,"8",.0,"8",.0,"8","","8",0,"8","","",.0,"8",.0,"8",.0,"8",.0,"8",.0,"8",.0,"8",.0,"8",.0,"8",.0,"8",0,"8",0,"8",0,"8","","",0,"8",0,"8"
"352190360","P£OCK","2006","10","16","17","9","",0,"8",0,"8","","","",7,"",0,"8",0,"8",3,"",120,"",1,"",0,"",5.7,"",.0,"8","U","",7.0,"",76,"",1.8,"",1015.0,"",1028.6,"",7,-.5,"",.0,"8",0,"8","02","0","2","","0","","","3","","","1","","",0,"8",.0,"8",.0,"8","","8",0,"8","","",.0,"8",.0,"8",.0,"8",.0,"8",.0,"8",.0,"8",.0,"8",.0,"8",.0,"8",0,"8",0,"8",0,"8","","",0,"8",0,"8"
"352190360","P£OCK","2006","10","16","18","9","",0,"8",0,"8","","","",7,"",0,"8",0,"8",2,"",120,"",1,"",0,"",4.6,"",.0,"8","U","",6.7,"",79,"",1.3,"",1014.9,"",1028.6,"",8,-.2,"",.0,"9",0,"9","01","0","1","","0","","","3","","","1","","",0,"",.0,"8",.0,"8","","8",0,"8","","",.0,"8",.0,"8",.0,"8",.0,"8",.0,"8",.0,"8",.0,"8",.0,"8",.0,"8",0,"8",0,"8",0,"8","","",0,"8",0,"8"
"352190360","P£OCK","2006","10","16","19","9","",0,"8",0,"8","","","",7,"",0,"8",0,"8",0,"",120,"",2,"",0,"",4.0,"",.0,"8","U","",6.7,"",83,"",1.4,"",1014.8,"",1028.5,"",7,-.3,"",.0,"8",0,"8","01","0","0","","0","","","0","","","0","","",0,"8",.0,"8",.0,"8","","8",0,"8","","",.0,"8",.0,"8",.0,"8",.0,"8",.0,"8",.0,"8",.0,"8",.0,"8",.0,"8",0,"8",0,"8",0,"8","","",0,"8",0,"8"
"352190360","P£OCK","2006","10","16","20","9","",0,"8",0,"8","","","",7,"",0,"8",0,"8",0,"",130,"",2,"",0,"",3.3,"",.0,"8","U","",6.7,"",86,"",1.2,"",1014.9,"",1028.6,"",5,-.1,"",.0,"8",0,"8","02","0","0","","0","","","0","","","0","","",0,"8",.0,"8",.0,"8","","8",0,"8","","",.0,"8",.0,"8",.0,"8",.0,"8",.0,"8",.0,"8",.0,"8",.0,"8",.0,"8",0,"8",0,"8",0,"8","","",0,"8",0,"8"
"352190360","P£OCK","2006","10","16","21","9","",0,"8",0,"8","","","",6,"",0,"8",0,"8",0,"",150,"",1,"",0,"",2.5,"",.0,"8","U","",6.4,"",88,"",.7,"",1014.9,"",1028.7,"",4,.0,"",.0,"8",0,"8","10","0","0","","0","","","0","","","0","","",0,"8",.0,"8",.0,"8","","8",0,"8","","",.0,"8",.0,"8",.0,"8",.0,"8",.0,"8",.0,"8",.0,"8",.0,"8",.0,"8",0,"8",0,"8",0,"8","","",0,"8",0,"8"
"352190360","P£OCK","2006","10","16","22","9","",0,"8",0,"8","","","",6,"",0,"8",0,"8",0,"",120,"",1,"",0,"",1.9,"",.0,"8","U","",6.3,"",90,"",.4,"",1014.8,"",1028.6,"",0,.0,"",.0,"8",0,"8","10","0","0","","0","","","0","","","0","","",0,"8",.0,"8",.0,"8","","8",0,"8","","",.0,"8",.0,"8",.0,"8",.0,"8",.0,"8",.0,"8",.0,"8",.0,"8",.0,"8",0,"8",0,"8",0,"8","","",0,"8",0,"8"
"352190360","P£OCK","2006","10","16","23","9","",0,"8",0,"8","","","",6,"",0,"8",0,"8",0,"",130,"",1,"",0,"",1.8,"",.0,"8","U","",6.3,"",91,"",.5,"",1014.6,"",1028.4,"",8,-.3,"",.0,"8",0,"8","10","0","0","","0","","","0","","","0","","",0,"8",.0,"8",.0,"8","","8",0,"8","","",.0,"8",.0,"8",.0,"8",.0,"8",.0,"8",.0,"8",.0,"8",.0,"8",.0,"8",0,"8",0,"8",0,"8","","",0,"8",0,"8"
"352190360","P£OCK","2006","10","17","00","6","",0,"8",0,"8","","","",6,"",0,"8",0,"8",7,"",120,"",1,"",0,"",1.0,"",.0,"8","U","",6.0,"",92,"",-.2,"",1014.1,"",1027.9,"",8,-.8,"",.0,"9",0,"9","10","1","7","","5","","","/","","","/","","",0,"",.0,"8",.0,"8","","8",0,"8","","",.0,"8",.0,"8",.0,"8",.0,"8",.0,"8",.0,"8",.0,"8",.0,"8",.0,"8",0,"8",0,"8",0,"8","","",0,"8",0,"8"
"352190360","P£OCK","2006","10","17","01","6","",0,"8",0,"8","","","",6,"",0,"8",0,"8",7,"",110,"",1,"",0,"",.9,"",.0,"8","U","",6.1,"",93,"",-.1,"",1013.8,"",1027.6,"",7,-1.0,"",.0,"8",0,"8","10","2","7","","5","","","/","","","/","","",0,"8",.0,"8",.0,"8","","8",0,"8","","",.0,"8",.0,"8",.0,"8",.0,"8",.0,"8",.0,"8",.0,"8",.0,"8",.0,"8",0,"8",0,"8",0,"8","","",0,"8",0,"8"
"352190360","P£OCK","2006","10","17","02","6","",0,"8",0,"8","","","",6,"",0,"8",0,"8",7,"",0,"",0,"",0,"",2.0,"",.0,"8","U","",6.6,"",94,"",1.1,"",1013.5,"",1027.3,"",6,-1.1,"",.0,"8",0,"8","10","2","7","","5","","","/","","","/","","",0,"8",.0,"8",.0,"8","","8",0,"8","","",.0,"8",.0,"8",.0,"8",.0,"8",.0,"8",.0,"8",.0,"8",.0,"8",.0,"8",0,"8",0,"8",0,"8","","",0,"8",0,"8"
"352190360","P£OCK","2006","10","17","03","6","",0,"8",0,"8","","","",6,"",0,"8",0,"8",7,"",130,"",2,"",0,"",2.3,"",.0,"8","U","",6.7,"",93,"",1.3,"",1013.3,"",1027.1,"",7,-.8,"",.0,"8",0,"8","10","2","7","","5","","","/","","","/","","",0,"8",.0,"8",.0,"8","","8",0,"8","","",.0,"8",.0,"8",.0,"8",.0,"8",.0,"8",.0,"8",.0,"8",.0,"8",.0,"8",0,"8",0,"8",0,"8","","",0,"8",0,"8"
"352190360","P£OCK","2006","10","17","04","6","",0,"8",0,"8","","","",6,"",0,"8",0,"8",2,"",140,"",2,"",0,"",2.6,"",.0,"8","U","",6.7,"",91,"",1.3,"",1013.2,"",1026.9,"",6,-.6,"",.0,"8",0,"8","10","1","1","","5","","","3","","","0","","",0,"8",.0,"8",.0,"8","","8",0,"8","","",.0,"8",.0,"8",.0,"8",.0,"8",.0,"8",.0,"8",.0,"8",.0,"8",.0,"8",0,"8",0,"8",0,"8","","",0,"8",0,"8"
"352190360","P£OCK","2006","10","17","05","9","",0,"8",0,"8","","","",4,"",0,"8",0,"8",2,"",0,"",0,"",0,"",.9,"",.0,"8","U","",6.0,"",92,"",-.3,"",1013.3,"",1027.1,"",5,-.2,"",.0,"8",0,"8","10","0","1","","0","","","3","","","1","","",0,"8",.0,"8",.0,"8","","8",0,"8","","",.0,"8",.0,"8",.0,"8",.0,"8",.0,"8",.0,"8",.0,"8",.0,"8",.0,"8",0,"8",0,"8",0,"8","","",0,"8",0,"8"
"352190360","P£OCK","2006","10","17","06","9","",0,"8",0,"8","","","",5,"",0,"8",0,"8",1,"",150,"",1,"",0,"",1.5,"",.0,"8","U","",6.5,"",95,"",.8,"",1013.4,"",1027.2,"",3,.1,"",.0,"9",0,"9","10","1","1","","0","","","3","","","0","","",0,"",.0,"8",.0,"8","","8",0,"8","","",.0,"8",.0,"8",.0,"8",.0,"8",.0,"8",.0,"8",.0,"8",.0,"8",.0,"8",0,"8",0,"8",0,"8","","",0,"8",0,"8"
"352190360","P£OCK","2006","10","17","07","9","",0,"8",0,"8","","","",6,"",0,"8",0,"8",1,"",0,"",0,"",0,"",4.2,"",.0,"8","U","",7.3,"",88,"",2.4,"",1013.5,"",1027.2,"",2,.3,"",.0,"8",0,"8","10","0","1","","0","","","3","","","0","","",0,"8",.0,"8",.0,"8","","8",0,"8","","",.0,"8",.0,"8",.0,"8",.0,"8",.0,"8",.0,"8",.0,"8",.0,"8",.0,"8",0,"8",0,"8",0,"8","","",0,"8",0,"8"
"352190360","P£OCK","2006","10","17","08","9","",0,"8",0,"8","","","",7,"",0,"8",0,"8",1,"",210,"",2,"",0,"",6.8,"",.0,"8","U","",7.4,"",75,"",2.7,"",1013.3,"",1026.8,"",0,.0,"",.0,"8",0,"8","02","0","1","","0","","","3","","","0","","",0,"8",.0,"8",.0,"8","","8",0,"8","","",.0,"8",.0,"8",.0,"8",.0,"8",.0,"8",.0,"8",.0,"8",.0,"8",.0,"8",0,"8",0,"8",0,"8","","",0,"8",0,"8"
"352190360","P£OCK","2006","10","17","09","9","",0,"8",0,"8","","","",7,"",0,"8",0,"8",1,"",210,"",3,"",0,"",8.6,"",.0,"8","U","",7.6,"",68,"",3.0,"",1012.9,"",1026.3,"",8,-.5,"",.0,"8",0,"8","02","0","1","","0","","","3","","","0","","",0,"8",.0,"8",.0,"8","","8",0,"8","","",.0,"8",.0,"8",.0,"8",.0,"8",.0,"8",.0,"8",.0,"8",.0,"8",.0,"8",0,"8",0,"8",0,"8","","",0,"8",0,"8"
"352190360","P£OCK","2006","10","17","10","5","",0,"8",0,"8","","","",8,"",0,"8",0,"8",2,"",220,"",3,"",0,"",10.0,"",.0,"8","U","",7.4,"",60,"",2.6,"",1012.5,"",1025.9,"",8,-1.0,"",.0,"8",0,"8","03","0","1","","1","","","3","","","0","","",0,"8",.0,"8",.0,"8","","8",0,"8","","",.0,"8",.0,"8",.0,"8",.0,"8",.0,"8",.0,"8",.0,"8",.0,"8",.0,"8",0,"8",0,"8",0,"8","","",0,"8",0,"8"
"352190360","P£OCK","2006","10","17","11","6","",0,"8",0,"8","","","",8,"",0,"8",0,"8",2,"",170,"",2,"",0,"",10.5,"",.0,"8","U","",7.1,"",56,"",2.1,"",1012.1,"",1025.4,"",7,-1.2,"",.0,"8",0,"8","02","0","1","","1","","","3","","","0","","",0,"8",.0,"8",.0,"8","","8",0,"8","","",.0,"8",.0,"8",.0,"8",.0,"8",.0,"8",.0,"8",.0,"8",.0,"8",.0,"8",0,"8",0,"8",0,"8","","",0,"8",0,"8"
"352190360","P£OCK","2006","10","17","12","6","",0,"8",0,"8","","","",8,"",0,"8",0,"8",1,"",150,"",3,"",0,"",10.5,"",.0,"8","U","",6.8,"",54,"",1.6,"",1011.4,"",1024.7,"",8,-1.5,"",.0,"9",0,"9","03","0","1","","1","","","0","","","0","","",0,"",.0,"8",.0,"8","","8",0,"8","","",.0,"8",.0,"8",.0,"8",.0,"8",.0,"8",.0,"8",.0,"8",.0,"8",.0,"8",0,"8",0,"8",0,"8","","",0,"8",0,"8"
"352190360","P£OCK","2006","10","17","13","6","",0,"8",0,"8","","","",8,"",0,"8",0,"8",1,"",150,"",3,"",0,"",10.6,"",.0,"8","U","",6.9,"",54,"",1.7,"",1011.0,"",1024.3,"",7,-1.5,"",.0,"8",0,"8","02","0","1","","1","","","0","","","0","","",0,"8",.0,"8",.0,"8","","8",0,"8","","",.0,"8",.0,"8",.0,"8",.0,"8",.0,"8",.0,"8",.0,"8",.0,"8",.0,"8",0,"8",0,"8",0,"8","","",0,"8",0,"8"
"352190360","P£OCK","2006","10","17","14","9","",0,"8",0,"8","","","",8,"",0,"8",0,"8",1,"",150,"",2,"",0,"",10.3,"",.0,"8","U","",7.0,"",56,"",1.9,"",1010.5,"",1023.8,"",7,-1.6,"",.0,"8",0,"8","01","0","1","","0","","","3","","","0","","",0,"8",.0,"8",.0,"8","","8",0,"8","","",.0,"8",.0,"8",.0,"8",.0,"8",.0,"8",.0,"8",.0,"8",.0,"8",.0,"8",0,"8",0,"8",0,"8","","",0,"8",0,"8"
"352190360","P£OCK","2006","10","17","15","9","",0,"8",0,"8","","","",8,"",0,"8",0,"8",1,"",140,"",3,"",0,"",9.3,"",.0,"8","U","",6.8,"",58,"",1.4,"",1009.8,"",1023.2,"",8,-1.6,"",.0,"8",0,"8","02","0","1","","0","","","3","","","0","","",0,"8",.0,"8",.0,"8","","8",0,"8","","",.0,"8",.0,"8",.0,"8",.0,"8",.0,"8",.0,"8",.0,"8",.0,"8",.0,"8",0,"8",0,"8",0,"8","","",0,"8",0,"8"
"352190360","P£OCK","2006","10","17","16","9","",0,"8",0,"8","","","",8,"",0,"8",0,"8",1,"",140,"",2,"",0,"",7.3,"",.0,"8","U","",6.7,"",66,"",1.4,"",1009.4,"",1022.9,"",7,-1.6,"",.0,"8",0,"8","01","0","0","","0","","","0","","","1","","",0,"8",.0,"8",.0,"8","","8",0,"8","","",.0,"8",.0,"8",.0,"8",.0,"8",.0,"8",.0,"8",.0,"8",.0,"8",.0,"8",0,"8",0,"8",0,"8","","",0,"8",0,"8"
"352190360","P£OCK","2006","10","17","17","9","",0,"8",0,"8","","","",7,"",0,"8",0,"8",0,"",100,"",1,"",0,"",5.3,"",.0,"8","U","",6.7,"",75,"",1.2,"",1009.3,"",1022.9,"",6,-1.2,"",.0,"8",0,"8","01","0","0","","0","","","0","","","0","","",0,"8",.0,"8",.0,"8","","8",0,"8","","",.0,"8",.0,"8",.0,"8",.0,"8",.0,"8",.0,"8",.0,"8",.0,"8",.0,"8",0,"8",0,"8",0,"8","","",0,"8",0,"8"
"352190360","P£OCK","2006","10","17","18","9","",0,"8",0,"8","","","",7,"",0,"8",0,"8",0,"",120,"",1,"",0,"",4.3,"",.0,"8","U","",6.6,"",79,"",1.0,"",1009.5,"",1023.1,"",5,-.3,"",.0,"9",0,"9","02","0","0","","0","","","0","","","0","","",0,"",.0,"8",.0,"8","","8",0,"8","","",.0,"8",.0,"8",.0,"8",.0,"8",.0,"8",.0,"8",.0,"8",.0,"8",.0,"8",0,"8",0,"8",0,"8","","",0,"8",0,"8"
"352190360","P£OCK","2006","10","17","19","9","",0,"8",0,"8","","","",6,"",0,"8",0,"8",0,"",130,"",2,"",0,"",3.5,"",.0,"8","U","",6.3,"",80,"",.4,"",1008.9,"",1022.5,"",7,-.5,"",.0,"8",0,"8","10","0","0","","0","","","0","","","0","","",0,"8",.0,"8",.0,"8","","8",0,"8","","",.0,"8",.0,"8",.0,"8",.0,"8",.0,"8",.0,"8",.0,"8",.0,"8",.0,"8",0,"8",0,"8",0,"8","","",0,"8",0,"8"
"352190360","P£OCK","2006","10","17","20","9","",0,"8",0,"8","","","",6,"",0,"8",0,"8",0,"",110,"",2,"",0,"",3.0,"",.0,"8","U","",6.2,"",82,"",.2,"",1008.5,"",1022.2,"",8,-.8,"",.0,"8",0,"8","10","0","0","","0","","","0","","","0","","",0,"8",.0,"8",.0,"8","","8",0,"8","","",.0,"8",.0,"8",.0,"8",.0,"8",.0,"8",.0,"8",.0,"8",.0,"8",.0,"8",0,"8",0,"8",0,"8","","",0,"8",0,"8"
"352190360","P£OCK","2006","10","17","21","9","",0,"8",0,"8","","","",6,"",0,"8",0,"8",0,"",120,"",2,"",0,"",2.0,"",.0,"8","U","",5.9,"",83,"",-.6,"",1008.1,"",1021.8,"",6,-1.4,"",.0,"8",0,"8","10","0","0","","0","","","0","","","0","","",0,"8",.0,"8",.0,"8","","8",0,"8","","",.0,"8",.0,"8",.0,"8",.0,"8",.0,"8",.0,"8",.0,"8",.0,"8",.0,"8",0,"8",0,"8",0,"8","","",0,"8",0,"8"
"352190360","P£OCK","2006","10","17","22","9","",0,"8",0,"8","","","",6,"",0,"8",0,"8",0,"",120,"",2,"",0,"",1.9,"",.0,"8","U","",6.0,"",86,"",-.2,"",1007.6,"",1021.3,"",7,-1.3,"",.0,"8",0,"8","10","0","0","","0","","","0","","","0","","",0,"8",.0,"8",.0,"8","","8",0,"8","","",.0,"8",.0,"8",.0,"8",.0,"8",.0,"8",.0,"8",.0,"8",.0,"8",.0,"8",0,"8",0,"8",0,"8","","",0,"8",0,"8"
"352190360","P£OCK","2006","10","17","23","9","",0,"8",0,"8","","","",6,"",0,"8",0,"8",0,"",130,"",3,"",0,"",1.9,"",.0,"8","U","",6.2,"",88,"",.1,"",1007.0,"",1020.7,"",8,-1.5,"",.0,"8",0,"8","10","0","0","","0","","","0","","","0","","",0,"8",.0,"8",.0,"8","","8",0,"8","","",.0,"8",.0,"8",.0,"8",.0,"8",.0,"8",.0,"8",.0,"8",.0,"8",.0,"8",0,"8",0,"8",0,"8","","",0,"8",0,"8"
"352190360","P£OCK","2006","10","18","00","9","",0,"8",0,"8","","","",6,"",0,"8",0,"8",0,"",110,"",2,"",0,"",1.0,"",.0,"8","U","",5.9,"",90,"",-.5,"",1006.9,"",1020.6,"",7,-1.2,"",.0,"9",0,"9","10","0","0","","0","","","0","","","0","","",4,"",.0,"8",.0,"8","","8",0,"8","","",.0,"8",.0,"8",.0,"8",.0,"8",.0,"8",.0,"8",.0,"8",.0,"8",.0,"8",0,"8",0,"8",0,"8","","",0,"8",0,"8"
"352190360","P£OCK","2006","10","18","01","9","",0,"8",0,"8","","","",6,"",0,"8",0,"8",0,"",120,"",2,"",0,"",.4,"",.0,"8","U","",5.8,"",92,"",-.7,"",1006.1,"",1019.9,"",7,-1.5,"",.0,"8",0,"8","10","0","0","","0","","","0","","","0","","",0,"8",.0,"8",.0,"8","","8",0,"8","","",.0,"8",.0,"8",.0,"8",.0,"8",.0,"8",.0,"8",.0,"8",.0,"8",.0,"8",0,"8",0,"8",0,"8","","",0,"8",0,"8"
"352190360","P£OCK","2006","10","18","02","9","",0,"8",0,"8","","","",5,"",0,"8",0,"8",0,"",130,"",3,"",0,"",.4,"",.0,"8","U","",5.8,"",92,"",-.7,"",1005.3,"",1019.0,"",8,-1.7,"",.0,"8",0,"8","10","0","0","","0","","","0","","","0","","",0,"8",.0,"8",.0,"8","","8",0,"8","","",.0,"8",.0,"8",.0,"8",.0,"8",.0,"8",.0,"8",.0,"8",.0,"8",.0,"8",0,"8",0,"8",0,"8","","",0,"8",0,"8"
"352190360","P£OCK","2006","10","18","03","9","",0,"8",0,"8","","","",6,"",0,"8",0,"8",0,"",140,"",3,"",0,"",.6,"",.0,"8","U","",5.9,"",92,"",-.6,"",1004.7,"",1018.4,"",6,-2.2,"",.0,"8",0,"8","10","0","0","","0","","","0","","","0","","",0,"8",.0,"8",.0,"8","","8",0,"8","","",.0,"8",.0,"8",.0,"8",.0,"8",.0,"8",.0,"8",.0,"8",.0,"8",.0,"8",0,"8",0,"8",0,"8","","",0,"8",0,"8"
"352190360","P£OCK","2006","10","18","04","9","",0,"8",0,"8","","","",6,"",0,"8",0,"8",0,"",140,"",3,"",0,"",.4,"",.0,"8","U","",5.8,"",92,"",-.7,"",1004.2,"",1017.9,"",6,-1.9,"",.0,"8",0,"8","10","0","0","","0","","","0","","","0","","",0,"8",.0,"8",.0,"8","","8",0,"8","","",.0,"8",.0,"8",.0,"8",.0,"8",.0,"8",.0,"8",.0,"8",.0,"8",.0,"8",0,"8",0,"8",0,"8","","",0,"8",0,"8"
"352190360","P£OCK","2006","10","18","05","9","",0,"8",0,"8","","","",5,"",0,"8",0,"8",0,"",130,"",2,"",0,"",-.1,"",.0,"8","U","",5.6,"",92,"",-1.2,"",1004.1,"",1017.9,"",6,-1.2,"",.0,"8",0,"8","10","0","0","","0","","","0","","","0","","",0,"8",.0,"8",.0,"8","","8",0,"8","","",.0,"8",.0,"8",.0,"8",.0,"8",.0,"8",.0,"8",.0,"8",.0,"8",.0,"8",0,"8",0,"8",0,"8","","",0,"8",0,"8"
"352190360","P£OCK","2006","10","18","06","9","",0,"8",0,"8","","","",5,"",0,"8",0,"8",0,"",140,"",2,"",0,"",.1,"",.0,"8","U","",5.7,"",93,"",-.9,"",1004.0,"",1017.7,"",6,-.7,"",.0,"9",0,"9","10","0","0","","0","","","0","","","0","","",4,"",.0,"8",.0,"8","","8",0,"8","","",.0,"8",.0,"8",.0,"8",.0,"8",.0,"8",.0,"8",.0,"8",.0,"8",.0,"8",0,"8",0,"8",0,"8","","",0,"8",0,"8"
"352190360","P£OCK","2006","10","18","07","9","",0,"8",0,"8","","","",6,"",0,"8",0,"8",1,"",140,"",2,"",0,"",1.8,"",.0,"8","U","",6.2,"",89,"",.2,"",1003.7,"",1017.4,"",8,-.5,"",.0,"8",0,"8","10","0","0","","0","","","0","","","1","","",0,"8",.0,"8",.0,"8","","8",0,"8","","",.0,"8",.0,"8",.0,"8",.0,"8",.0,"8",.0,"8",.0,"8",.0,"8",.0,"8",0,"8",0,"8",0,"8","","",0,"8",0,"8"
"352190360","P£OCK","2006","10","18","08","9","",0,"8",0,"8","","","",6,"",0,"8",0,"8",1,"",160,"",2,"",0,"",4.1,"",.0,"8","U","",6.5,"",80,"",1.0,"",1003.3,"",1016.8,"",8,-.8,"",.0,"8",0,"8","10","0","0","","0","","","0","","","1","","",0,"8",.0,"8",.0,"8","","8",0,"8","","",.0,"8",.0,"8",.0,"8",.0,"8",.0,"8",.0,"8",.0,"8",.0,"8",.0,"8",0,"8",0,"8",0,"8","","",0,"8",0,"8"
"352190360","P£OCK","2006","10","18","09","9","",0,"8",0,"8","","","",6,"",0,"8",0,"8",1,"",170,"",3,"",0,"",6.6,"",.0,"8","U","",7.0,"",72,"",1.9,"",1002.8,"",1016.2,"",8,-1.2,"",.0,"8",0,"8","10","0","0","","0","","","0","","","1","","",0,"8",.0,"8",.0,"8","","8",0,"8","","",.0,"8",.0,"8",.0,"8",.0,"8",.0,"8",.0,"8",.0,"8",.0,"8",.0,"8",0,"8",0,"8",0,"8","","",0,"8",0,"8"
"352190360","P£OCK","2006","10","18","10","9","",0,"8",0,"8","","","",6,"",0,"8",0,"8",2,"",160,"",3,"",0,"",8.8,"",.0,"8","U","",7.5,"",66,"",2.8,"",1002.3,"",1015.6,"",7,-1.4,"",.0,"8",0,"8","10","0","0","","0","","","0","","","1","","",0,"8",.0,"8",.0,"8","","8",0,"8","","",.0,"8",.0,"8",.0,"8",.0,"8",.0,"8",.0,"8",.0,"8",.0,"8",.0,"8",0,"8",0,"8",0,"8","","",0,"8",0,"8"
"352190360","P£OCK","2006","10","18","11","9","",0,"8",0,"8","","","",7,"",0,"8",0,"8",2,"",150,"",3,"",0,"",11.2,"",.0,"8","U","",7.8,"",59,"",3.5,"",1002.1,"",1015.3,"",6,-1.2,"",.0,"8",0,"8","02","0","0","","0","","","0","","","1","","",0,"8",.0,"8",.0,"8","","8",0,"8","","",.0,"8",.0,"8",.0,"8",.0,"8",.0,"8",.0,"8",.0,"8",.0,"8",.0,"8",0,"8",0,"8",0,"8","","",0,"8",0,"8"
"352190360","P£OCK","2006","10","18","12","9","",0,"8",0,"8","","","",7,"",0,"8",0,"8",3,"",160,"",3,"",0,"",12.0,"",.0,"8","U","",7.6,"",54,"",3.0,"",1001.2,"",1014.3,"",7,-1.6,"",.0,"9",0,"9","03","0","0","","0","","","0","","","6","","",0,"",.0,"8",.0,"8","","8",0,"8","","",.0,"8",.0,"8",.0,"8",.0,"8",.0,"8",.0,"8",.0,"8",.0,"8",.0,"8",0,"8",0,"8",0,"8","","",0,"8",0,"8"
"352190360","P£OCK","2006","10","18","13","9","",0,"8",0,"8","","","",7,"",0,"8",0,"8",5,"",150,"",4,"",0,"",12.5,"",.0,"8","U","",7.1,"",49,"",2.1,"",1000.8,"",1013.9,"",7,-1.5,"",.0,"8",0,"8","03","1","0","","0","","","0","","","6","","",0,"8",.0,"8",.0,"8","","8",0,"8","","",.0,"8",.0,"8",.0,"8",.0,"8",.0,"8",.0,"8",.0,"8",.0,"8",.0,"8",0,"8",0,"8",0,"8","","",0,"8",0,"8"
"352190360","P£OCK","2006","10","18","14","9","",0,"8",0,"8","","","",7,"",0,"8",0,"8",7,"",170,"",3,"",0,"",12.7,"",.0,"8","U","",7.3,"",50,"",2.5,"",1000.4,"",1013.5,"",6,-1.7,"",.0,"8",0,"8","03","2","0","","0","","","0","","","6","","",0,"8",.0,"8",.0,"8","","8",0,"8","","",.0,"8",.0,"8",.0,"8",.0,"8",.0,"8",.0,"8",.0,"8",.0,"8",.0,"8",0,"8",0,"8",0,"8","","",0,"8",0,"8"
"352190360","P£OCK","2006","10","18","15","9","",0,"8",0,"8","","","",7,"",0,"8",0,"8",7,"",150,"",1,"",0,"",11.8,"",.0,"8","U","",7.3,"",53,"",2.5,"",1000.0,"",1013.1,"",7,-1.2,"",.0,"8",0,"8","02","1","0","","0","","","0","","","8","","",0,"8",.0,"8",.0,"8","","8",0,"8","","",.0,"8",.0,"8",.0,"8",.0,"8",.0,"8",.0,"8",.0,"8",.0,"8",.0,"8",0,"8",0,"8",0,"8","","",0,"8",0,"8"
"352190360","P£OCK","2006","10","18","16","9","",0,"8",0,"8","","","",7,"",0,"8",0,"8",7,"",120,"",2,"",0,"",8.8,"",.0,"8","U","",7.2,"",64,"",2.4,"",999.6,"",1012.9,"",7,-1.2,"",.0,"8",0,"8","02","2","0","","0","","","0","","","8","","",0,"8",.0,"8",.0,"8","","8",0,"8","","",.0,"8",.0,"8",.0,"8",.0,"8",.0,"8",.0,"8",.0,"8",.0,"8",.0,"8",0,"8",0,"8",0,"8","","",0,"8",0,"8"
"352190360","P£OCK","2006","10","18","17","9","",0,"8",0,"8","","","",7,"",0,"8",0,"8",6,"",140,"",2,"",0,"",8.7,"",.0,"8","U","",7.0,"",62,"",1.8,"",999.6,"",1012.9,"",6,-.8,"",.0,"8",0,"8","01","2","0","","0","","","0","","","8","","",0,"8",.0,"8",.0,"8","","8",0,"8","","",.0,"8",.0,"8",.0,"8",.0,"8",.0,"8",.0,"8",.0,"8",.0,"8",.0,"8",0,"8",0,"8",0,"8","","",0,"8",0,"8"
"352190360","P£OCK","2006","10","18","18","9","",0,"8",0,"8","","","",7,"",0,"8",0,"8",6,"",140,"",3,"",0,"",8.2,"",.0,"8","U","",7.0,"",64,"",1.8,"",999.2,"",1012.5,"",7,-.8,"",.0,"9",0,"9","02","1","0","","0","","","0","","","8","","",0,"",.0,"8",.0,"8","","8",0,"8","","",.0,"8",.0,"8",.0,"8",.0,"8",.0,"8",.0,"8",.0,"8",.0,"8",.0,"8",0,"8",0,"8",0,"8","","",0,"8",0,"8"
"352190360","P£OCK","2006","10","18","19","9","",0,"8",0,"8","","","",6,"",0,"8",0,"8",8,"",150,"",3,"",0,"",7.6,"",.0,"8","U","",6.9,"",66,"",1.6,"",999.0,"",1012.3,"",8,-.6,"",.0,"8",0,"8","10","2","0","","0","","","0","","","7","","",0,"8",.0,"8",.0,"8","","8",0,"8","","",.0,"8",.0,"8",.0,"8",.0,"8",.0,"8",.0,"8",.0,"8",.0,"8",.0,"8",0,"8",0,"8",0,"8","","",0,"8",0,"8"
"352190360","P£OCK","2006","10","18","20","9","",0,"8",0,"8","","","",6,"",0,"8",0,"8",7,"",150,"",2,"",0,"",6.6,"",.0,"8","U","",6.6,"",68,"",1.1,"",998.7,"",1012.1,"",7,-.9,"",.0,"8",0,"8","10","2","0","","0","","","0","","","8","","",0,"8",.0,"8",.0,"8","","8",0,"8","","",.0,"8",.0,"8",.0,"8",.0,"8",.0,"8",.0,"8",.0,"8",.0,"8",.0,"8",0,"8",0,"8",0,"8","","",0,"8",0,"8"
"352190360","P£OCK","2006","10","18","21","9","",0,"8",0,"8","","","",6,"",0,"8",0,"8",7,"",150,"",2,"",0,"",5.9,"",.0,"8","U","",6.6,"",71,"",1.0,"",998.4,"",1011.8,"",7,-.8,"",.0,"8",0,"8","10","2","0","","0","","","0","","","8","","",0,"8",.0,"8",.0,"8","","8",0,"8","","",.0,"8",.0,"8",.0,"8",.0,"8",.0,"8",.0,"8",.0,"8",.0,"8",.0,"8",0,"8",0,"8",0,"8","","",0,"8",0,"8"
"352190360","P£OCK","2006","10","18","22","9","",0,"8",0,"8","","","",6,"",0,"8",0,"8",7,"",170,"",2,"",0,"",5.6,"",.0,"8","U","",6.4,"",70,"",.6,"",998.4,"",1011.8,"",6,-.6,"",.0,"8",0,"8","10","2","0","","0","","","0","","","8","","",0,"8",.0,"8",.0,"8","","8",0,"8","","",.0,"8",.0,"8",.0,"8",.0,"8",.0,"8",.0,"8",.0,"8",.0,"8",.0,"8",0,"8",0,"8",0,"8","","",0,"8",0,"8"
"352190360","P£OCK","2006","10","18","23","9","",0,"8",0,"8","","","",7,"",0,"8",0,"8",3,"",170,"",3,"",0,"",5.7,"",.0,"8","U","",6.1,"",67,"",.0,"",998.2,"",1011.6,"",7,-.5,"",.0,"8",0,"8","01","1","0","","0","","","0","","","8","","",0,"8",.0,"8",.0,"8","","8",0,"8","","",.0,"8",.0,"8",.0,"8",.0,"8",.0,"8",.0,"8",.0,"8",.0,"8",.0,"8",0,"8",0,"8",0,"8","","",0,"8",0,"8"
"352190360","P£OCK","2006","10","19","00","9","",0,"8",0,"8","","","",7,"",0,"8",0,"8",3,"",180,"",2,"",0,"",4.3,"",.0,"8","U","",6.0,"",72,"",-.3,"",998.4,"",1011.9,"",5,.0,"",.0,"9",0,"9","02","1","0","","0","","","0","","","8","","",0,"",.0,"8",.0,"8","","8",0,"8","","",.0,"8",.0,"8",.0,"8",.0,"8",.0,"8",.0,"8",.0,"8",.0,"8",.0,"8",0,"8",0,"8",0,"8","","",0,"8",0,"8"
"352190360","P£OCK","2006","10","19","01","9","",0,"8",0,"8","","","",7,"",0,"8",0,"8",5,"",160,"",2,"",0,"",4.5,"",.0,"8","U","",6.1,"",72,"",-.1,"",998.1,"",1011.5,"",7,-.3,"",.0,"8",0,"8","03","1","0","","0","","","0","","","6","","",0,"8",.0,"8",.0,"8","","8",0,"8","","",.0,"8",.0,"8",.0,"8",.0,"8",.0,"8",.0,"8",.0,"8",.0,"8",.0,"8",0,"8",0,"8",0,"8","","",0,"8",0,"8"
"352190360","P£OCK","2006","10","19","02","9","",0,"8",0,"8","","","",7,"",0,"8",0,"8",5,"",140,"",1,"",0,"",4.2,"",.0,"8","U","",6.0,"",73,"",-.2,"",997.8,"",1011.3,"",8,-.4,"",.0,"8",0,"8","02","2","0","","0","","","0","","","8","","",0,"8",.0,"8",.0,"8","","8",0,"8","","",.0,"8",.0,"8",.0,"8",.0,"8",.0,"8",.0,"8",.0,"8",.0,"8",.0,"8",0,"8",0,"8",0,"8","","",0,"8",0,"8"
"352190360","P£OCK","2006","10","19","03","9","",0,"8",0,"8","","","",7,"",0,"8",0,"8",6,"",160,"",2,"",0,"",4.4,"",.0,"8","U","",6.1,"",73,"",.0,"",997.5,"",1010.9,"",7,-.9,"",.0,"8",0,"8","03","1","3","","0","","","5","","","8","","",0,"8",.0,"8",.0,"8","","8",0,"8","","",.0,"8",.0,"8",.0,"8",.0,"8",.0,"8",.0,"8",.0,"8",.0,"8",.0,"8",0,"8",0,"8",0,"8","","",0,"8",0,"8"
"352190360","P£OCK","2006","10","19","04","9","",0,"8",0,"8","","","",7,"",0,"8",0,"8",6,"",160,"",2,"",0,"",4.1,"",.0,"8","U","",6.1,"",74,"",-.1,"",997.3,"",1010.8,"",7,-.8,"",.0,"8",0,"8","02","2","3","","0","","","3","","","8","","",0,"8",.0,"8",.0,"8","","8",0,"8","","",.0,"8",.0,"8",.0,"8",.0,"8",.0,"8",.0,"8",.0,"8",.0,"8",.0,"8",0,"8",0,"8",0,"8","","",0,"8",0,"8"
"352190360","P£OCK","2006","10","19","05","9","",0,"8",0,"8","","","",6,"",0,"8",0,"8",6,"",100,"",1,"",0,"",1.5,"",.0,"8","U","",5.6,"",82,"",-1.2,"",997.2,"",1010.8,"",6,-.6,"",.0,"8",0,"8","10","2","1","","0","","","3","","","8","","",0,"8",.0,"8",.0,"8","","8",0,"8","","",.0,"8",.0,"8",.0,"8",.0,"8",.0,"8",.0,"8",.0,"8",.0,"8",.0,"8",0,"8",0,"8",0,"8","","",0,"8",0,"8"
"352190360","P£OCK","2006","10","19","06","9","",0,"8",0,"8","","","",6,"",0,"8",0,"8",4,"",120,"",2,"",0,"",2.5,"",.0,"8","U","",6.0,"",82,"",-.3,"",997.1,"",1010.6,"",7,-.4,"",.0,"9",0,"9","10","1","0","","0","","","0","","","8","","",0,"",.0,"8",.0,"8","","8",0,"8","","",.0,"8",.0,"8",.0,"8",.0,"8",.0,"8",.0,"8",.0,"8",.0,"8",.0,"8",0,"8",0,"8",0,"8","","",0,"8",0,"8"
"352190360","P£OCK","2006","10","19","07","9","",0,"8",0,"8","","","",6,"",0,"8",0,"8",7,"",130,"",2,"",0,"",5.0,"",.0,"8","U","",6.6,"",76,"",1.1,"",997.1,"",1010.5,"",6,-.2,"",.0,"8",0,"8","10","1","0","","0","","","0","","","6","","",0,"8",.0,"8",.0,"8","","8",0,"8","","",.0,"8",.0,"8",.0,"8",.0,"8",.0,"8",.0,"8",.0,"8",.0,"8",.0,"8",0,"8",0,"8",0,"8","","",0,"8",0,"8"
"352190360","P£OCK","2006","10","19","08","9","",0,"8",0,"8","","","",7,"",0,"8",0,"8",7,"",160,"",2,"",0,"",7.9,"",.0,"8","U","",6.7,"",63,"",1.3,"",997.1,"",1010.4,"",6,-.1,"",.0,"8",0,"8","02","2","0","","0","","","0","","","8","","",0,"8",.0,"8",.0,"8","","8",0,"8","","",.0,"8",.0,"8",.0,"8",.0,"8",.0,"8",.0,"8",.0,"8",.0,"8",.0,"8",0,"8",0,"8",0,"8","","",0,"8",0,"8"
"352190360","P£OCK","2006","10","19","09","9","",0,"8",0,"8","","","",7,"",0,"8",0,"8",7,"",150,"",2,"",0,"",9.5,"",.0,"8","U","",7.6,"",64,"",3.0,"",996.8,"",1010.0,"",8,-.3,"",.0,"8",0,"8","02","1","0","","0","","","0","","","8","","",0,"8",.0,"8",.0,"8","","8",0,"8","","",.0,"8",.0,"8",.0,"8",.0,"8",.0,"8",.0,"8",.0,"8",.0,"8",.0,"8",0,"8",0,"8",0,"8","","",0,"8",0,"8"
"352190360","P£OCK","2006","10","19","10","9","",0,"8",0,"8","","","",7,"",0,"8",0,"8",7,"",150,"",2,"",0,"",11.7,"",.0,"8","U","",7.8,"",57,"",3.5,"",996.5,"",1009.6,"",8,-.6,"",.0,"8",0,"8","02","2","0","","0","","","0","","","8","","",0,"8",.0,"8",.0,"8","","8",0,"8","","",.0,"8",.0,"8",.0,"8",.0,"8",.0,"8",.0,"8",.0,"8",.0,"8",.0,"8",0,"8",0,"8",0,"8","","",0,"8",0,"8"
"352190360","P£OCK","2006","10","19","11","9","",0,"8",0,"8","","","",7,"",0,"8",0,"8",7,"",180,"",2,"",0,"",13.8,"",.0,"8","U","",7.2,"",46,"",2.4,"",996.1,"",1009.1,"",7,-1.0,"",.0,"8",0,"8","02","2","0","","0","","","0","","","8","","",0,"8",.0,"8",.0,"8","","8",0,"8","","",.0,"8",.0,"8",.0,"8",.0,"8",.0,"8",.0,"8",.0,"8",.0,"8",.0,"8",0,"8",0,"8",0,"8","","",0,"8",0,"8"
"352190360","P£OCK","2006","10","19","12","9","",0,"8",0,"8","","","",7,"",0,"8",0,"8",7,"",150,"",2,"",0,"",13.6,"",.0,"8","U","",7.3,"",47,"",2.5,"",995.6,"",1008.6,"",8,-1.2,"",.0,"9",0,"9","02","1","0","","0","","","0","","","8","","",0,"",.0,"8",.0,"8","","8",0,"8","","",.0,"8",.0,"8",.0,"8",.0,"8",.0,"8",.0,"8",.0,"8",.0,"8",.0,"8",0,"8",0,"8",0,"8","","",0,"8",0,"8"
"352190360","P£OCK","2006","10","19","13","9","",0,"8",0,"8","","","",7,"",0,"8",0,"8",7,"",160,"",2,"",0,"",14.3,"",.0,"8","U","",7.0,"",43,"",1.9,"",995.4,"",1008.3,"",7,-1.1,"",.0,"8",0,"8","02","2","0","","0","","","0","","","8","","",0,"8",.0,"8",.0,"8","","8",0,"8","","",.0,"8",.0,"8",.0,"8",.0,"8",.0,"8",.0,"8",.0,"8",.0,"8",.0,"8",0,"8",0,"8",0,"8","","",0,"8",0,"8"
"352190360","P£OCK","2006","10","19","14","9","",0,"8",0,"8","","","",7,"",0,"8",0,"8",3,"",160,"",3,"",0,"",14.2,"",.0,"8","U","",6.9,"",43,"",1.8,"",995.3,"",1008.3,"",6,-.8,"",.0,"8",0,"8","01","1","0","","0","","","0","","","8","","",0,"8",.0,"8",.0,"8","","8",0,"8","","",.0,"8",.0,"8",.0,"8",.0,"8",.0,"8",.0,"8",.0,"8",.0,"8",.0,"8",0,"8",0,"8",0,"8","","",0,"8",0,"8"
"352190360","P£OCK","2006","10","19","15","9","",0,"8",0,"8","","","",7,"",0,"8",0,"8",2,"",110,"",2,"",0,"",12.5,"",.0,"8","U","",7.4,"",51,"",2.6,"",995.0,"",1008.0,"",7,-.6,"",.0,"8",0,"8","01","1","0","","0","","","0","","","8","","",0,"8",.0,"8",.0,"8","","8",0,"8","","",.0,"8",.0,"8",.0,"8",.0,"8",.0,"8",.0,"8",.0,"8",.0,"8",.0,"8",0,"8",0,"8",0,"8","","",0,"8",0,"8"
"352190360","P£OCK","2006","10","19","16","9","",0,"8",0,"8","","","",7,"",0,"8",0,"8",1,"",100,"",2,"",0,"",10.0,"",.0,"8","U","",7.1,"",58,"",2.1,"",995.1,"",1008.2,"",5,-.3,"",.0,"8",0,"8","03","0","1","","0","","","3","","","0","","",0,"8",.0,"8",.0,"8","","8",0,"8","","",.0,"8",.0,"8",.0,"8",.0,"8",.0,"8",.0,"8",.0,"8",.0,"8",.0,"8",0,"8",0,"8",0,"8","","",0,"8",0,"8"
"352190360","P£OCK","2006","10","19","17","9","",0,"8",0,"8","","","",6,"",0,"8",0,"8",1,"",90,"",2,"",0,"",8.3,"",.0,"8","U","",6.9,"",63,"",1.7,"",995.0,"",1008.2,"",7,-.3,"",.0,"8",0,"8","10","0","0","","0","","","0","","","1","","",0,"8",.0,"8",.0,"8","","8",0,"8","","",.0,"8",.0,"8",.0,"8",.0,"8",.0,"8",.0,"8",.0,"8",.0,"8",.0,"8",0,"8",0,"8",0,"8","","",0,"8",0,"8"
"352190360","P£OCK","2006","10","19","18","9","",0,"8",0,"8","","","",6,"",0,"8",0,"8",0,"",100,"",2,"",0,"",8.1,"",.0,"8","U","",6.8,"",63,"",1.5,"",994.8,"",1008.0,"",8,-.2,"",.0,"9",0,"9","10","1","0","","0","","","0","","","0","","",0,"",.0,"8",.0,"8","","8",0,"8","","",.0,"8",.0,"8",.0,"8",.0,"8",.0,"8",.0,"8",.0,"8",.0,"8",.0,"8",0,"8",0,"8",0,"8","","",0,"8",0,"8"
"352190360","P£OCK","2006","10","19","19","9","",0,"8",0,"8","","","",6,"",0,"8",0,"8",0,"",110,"",2,"",0,"",7.3,"",.0,"8","U","",7.2,"",70,"",2.2,"",994.9,"",1008.2,"",5,-.2,"",.0,"8",0,"8","10","0","0","","0","","","0","","","0","","",0,"8",.0,"8",.0,"8","","8",0,"8","","",.0,"8",.0,"8",.0,"8",.0,"8",.0,"8",.0,"8",.0,"8",.0,"8",.0,"8",0,"8",0,"8",0,"8","","",0,"8",0,"8"
"352190360","P£OCK","2006","10","19","20","9","",0,"8",0,"8","","","",6,"",0,"8",0,"8",0,"",110,"",3,"",0,"",7.0,"",.0,"8","U","",7.5,"",75,"",2.9,"",994.7,"",1008.0,"",7,-.3,"",.0,"8",0,"8","10","0","0","","0","","","0","","","0","","",0,"8",.0,"8",.0,"8","","8",0,"8","","",.0,"8",.0,"8",.0,"8",.0,"8",.0,"8",.0,"8",.0,"8",.0,"8",.0,"8",0,"8",0,"8",0,"8","","",0,"8",0,"8"
"352190360","P£OCK","2006","10","19","21","9","",0,"8",0,"8","","","",6,"",0,"8",0,"8",5,"",130,"",2,"",0,"",7.0,"",.0,"8","U","",7.6,"",76,"",3.1,"",994.4,"",1007.7,"",8,-.4,"",.0,"8",0,"8","10","1","5","","0","","","5","","","0","","",0,"8",.0,"8",.0,"8","","8",0,"8","","",.0,"8",.0,"8",.0,"8",.0,"8",.0,"8",.0,"8",.0,"8",.0,"8",.0,"8",0,"8",0,"8",0,"8","","",0,"8",0,"8"
"352190360","P£OCK","2006","10","19","22","9","",0,"8",0,"8","","","",6,"",0,"8",0,"8",7,"",120,"",2,"",0,"",7.3,"",.0,"8","U","",7.7,"",75,"",3.2,"",994.4,"",1007.7,"",6,-.5,"",.0,"8",0,"8","10","2","7","","0","","","5","","","/","","",0,"8",.0,"8",.0,"8","","8",0,"8","","",.0,"8",.0,"8",.0,"8",.0,"8",.0,"8",.0,"8",.0,"8",.0,"8",.0,"8",0,"8",0,"8",0,"8","","",0,"8",0,"8"
"352190360","P£OCK","2006","10","19","23","9","",0,"8",0,"8","","","",6,"",0,"8",0,"8",3,"",120,"",2,"",0,"",6.5,"",.0,"8","U","",7.3,"",76,"",2.6,"",994.1,"",1007.4,"",7,-.6,"",.0,"8",0,"8","10","1","3","","0","","","3","","","0","","",0,"8",.0,"8",.0,"8","","8",0,"8","","",.0,"8",.0,"8",.0,"8",.0,"8",.0,"8",.0,"8",.0,"8",.0,"8",.0,"8",0,"8",0,"8",0,"8","","",0,"8",0,"8"
"352190360","P£OCK","2006","10","20","00","9","",0,"8",0,"8","","","",6,"",0,"8",0,"8",0,"",110,"",2,"",0,"",6.1,"",.0,"8","U","",7.1,"",75,"",2.0,"",993.7,"",1007.0,"",8,-.7,"",.0,"9",0,"9","10","1","0","","0","","","0","","","0","","",0,"",.0,"8",.0,"8","","8",0,"8","","",.0,"8",.0,"8",.0,"8",.0,"8",.0,"8",.0,"8",.0,"8",.0,"8",.0,"8",0,"8",0,"8",0,"8","","",0,"8",0,"8"
"352190360","P£OCK","2006","10","20","01","9","",0,"8",0,"8","","","",6,"",0,"8",0,"8",0,"",120,"",2,"",0,"",5.5,"",.0,"8","U","",6.9,"",77,"",1.8,"",993.4,"",1006.7,"",7,-1.0,"",.0,"8",0,"8","10","0","0","","0","","","0","","","0","","",0,"8",.0,"8",.0,"8","","8",0,"8","","",.0,"8",.0,"8",.0,"8",.0,"8",.0,"8",.0,"8",.0,"8",.0,"8",.0,"8",0,"8",0,"8",0,"8","","",0,"8",0,"8"
"352190360","P£OCK","2006","10","20","02","9","",0,"8",0,"8","","","",6,"",0,"8",0,"8",0,"",130,"",2,"",0,"",5.0,"",.0,"8","U","",6.7,"",77,"",1.3,"",993.2,"",1006.6,"",6,-.9,"",.0,"8",0,"8","10","0","0","","0","","","0","","","0","","",0,"8",.0,"8",.0,"8","","8",0,"8","","",.0,"8",.0,"8",.0,"8",.0,"8",.0,"8",.0,"8",.0,"8",.0,"8",.0,"8",0,"8",0,"8",0,"8","","",0,"8",0,"8"
"352190360","P£OCK","2006","10","20","03","9","",0,"8",0,"8","","","",6,"",0,"8",0,"8",0,"",130,"",2,"",0,"",4.5,"",.0,"8","U","",6.8,"",81,"",1.5,"",993.2,"",1006.6,"",6,-.5,"",.0,"8",0,"8","10","0","0","","0","","","0","","","0","","",0,"8",.0,"8",.0,"8","","8",0,"8","","",.0,"8",.0,"8",.0,"8",.0,"8",.0,"8",.0,"8",.0,"8",.0,"8",.0,"8",0,"8",0,"8",0,"8","","",0,"8",0,"8"
"352190360","P£OCK","2006","10","20","04","9","",0,"8",0,"8","","","",6,"",0,"8",0,"8",0,"",140,"",2,"",0,"",4.4,"",.0,"8","U","",6.7,"",80,"",1.2,"",992.9,"",1006.3,"",7,-.5,"",.0,"8",0,"8","10","0","0","","0","","","0","","","0","","",0,"8",.0,"8",.0,"8","","8",0,"8","","",.0,"8",.0,"8",.0,"8",.0,"8",.0,"8",.0,"8",.0,"8",.0,"8",.0,"8",0,"8",0,"8",0,"8","","",0,"8",0,"8"
"352190360","P£OCK","2006","10","20","05","9","",0,"8",0,"8","","","",6,"",0,"8",0,"8",2,"",130,"",1,"",0,"",3.5,"",.0,"8","U","",6.4,"",81,"",.5,"",992.9,"",1006.3,"",6,-.3,"",.0,"8",0,"8","10","0","0","","0","","","0","","","1","","",0,"8",.0,"8",.0,"8","","8",0,"8","","",.0,"8",.0,"8",.0,"8",.0,"8",.0,"8",.0,"8",.0,"8",.0,"8",.0,"8",0,"8",0,"8",0,"8","","",0,"8",0,"8"
"352190360","P£OCK","2006","10","20","06","9","",0,"8",0,"8","","","",6,"",0,"8",0,"8",7,"",120,"",3,"",0,"",4.0,"",.0,"8","U","",6.7,"",83,"",1.4,"",992.9,"",1006.3,"",6,-.3,"",.0,"9",0,"9","10","1","0","","0","","","0","","","6","","",0,"",.0,"8",.0,"8","","8",0,"8","","",.0,"8",.0,"8",.0,"8",.0,"8",.0,"8",.0,"8",.0,"8",.0,"8",.0,"8",0,"8",0,"8",0,"8","","",0,"8",0,"8"
"352190360","P£OCK","2006","10","20","07","9","",0,"8",0,"8","","","",6,"",0,"8",0,"8",8,"",170,"",2,"",0,"",6.8,"",.0,"8","U","",6.9,"",70,"",1.7,"",993.2,"",1006.5,"",3,.3,"",.0,"8",0,"8","10","2","0","","0","","","0","","","7","","",0,"8",.0,"8",.0,"8","","8",0,"8","","",.0,"8",.0,"8",.0,"8",.0,"8",.0,"8",.0,"8",.0,"8",.0,"8",.0,"8",0,"8",0,"8",0,"8","","",0,"8",0,"8"
"352190360","P£OCK","2006","10","20","08","9","",0,"8",0,"8","","","",7,"",0,"8",0,"8",8,"",150,"",3,"",0,"",9.1,"",.0,"8","U","",7.2,"",62,"",2.2,"",992.8,"",1006.0,"",8,-.1,"",.0,"8",0,"8","02","2","0","","0","","","0","","","7","","",0,"8",.0,"8",.0,"8","","8",0,"8","","",.0,"8",.0,"8",.0,"8",.0,"8",.0,"8",.0,"8",.0,"8",.0,"8",.0,"8",0,"8",0,"8",0,"8","","",0,"8",0,"8"
"352190360","P£OCK","2006","10","20","09","9","",0,"8",0,"8","","","",7,"",0,"8",0,"8",5,"",140,"",3,"",0,"",11.4,"",.0,"8","U","",6.9,"",51,"",1.6,"",992.5,"",1005.5,"",8,-.4,"",.0,"8",0,"8","01","2","0","","0","","","0","","","8","","",0,"8",.0,"8",.0,"8","","8",0,"8","","",.0,"8",.0,"8",.0,"8",.0,"8",.0,"8",.0,"8",.0,"8",.0,"8",.0,"8",0,"8",0,"8",0,"8","","",0,"8",0,"8"
"352190360","P£OCK","2006","10","20","10","9","",0,"8",0,"8","","","",7,"",0,"8",0,"8",5,"",150,"",4,"",0,"",13.3,"",.0,"8","U","",7.2,"",47,"",2.2,"",992.3,"",1005.3,"",6,-.9,"",.0,"8",0,"8","02","2","0","","0","","","0","","","8","","",0,"8",.0,"8",.0,"8","","8",0,"8","","",.0,"8",.0,"8",.0,"8",.0,"8",.0,"8",.0,"8",.0,"8",.0,"8",.0,"8",0,"8",0,"8",0,"8","","",0,"8",0,"8"
"352190360","P£OCK","2006","10","20","11","9","",0,"8",0,"8","","","",7,"",0,"8",0,"8",5,"",140,"",3,"",0,"",14.2,"",.0,"8","U","",6.9,"",43,"",1.8,"",991.6,"",1004.5,"",8,-1.2,"",.0,"8",0,"8","02","2","0","","0","","","0","","","8","","",0,"8",.0,"8",.0,"8","","8",0,"8","","",.0,"8",.0,"8",.0,"8",.0,"8",.0,"8",.0,"8",.0,"8",.0,"8",.0,"8",0,"8",0,"8",0,"8","","",0,"8",0,"8"
"352190360","P£OCK","2006","10","20","12","9","",0,"8",0,"8","","","",7,"",0,"8",0,"8",7,"",150,"",3,"",0,"",14.9,"",.0,"8","U","",7.1,"",42,"",2.1,"",991.2,"",1004.1,"",7,-1.3,"",.0,"9",0,"9","03","2","2","","0","","","3","","","6","","",0,"",.0,"8",.0,"8","","8",0,"8","","",.0,"8",.0,"8",.0,"8",.0,"8",.0,"8",.0,"8",.0,"8",.0,"8",.0,"8",0,"8",0,"8",0,"8","","",0,"8",0,"8"
"352190360","P£OCK","2006","10","20","13","9","",0,"8",0,"8","","","",7,"",0,"8",0,"8",8,"",150,"",2,"",0,"",14.3,"",.0,"8","U","",7.0,"",43,"",1.9,"",990.8,"",1003.7,"",6,-1.5,"",.0,"8",0,"8","03","2","8","","0","","","7","","","/","","",0,"8",.0,"8",.0,"8","","8",0,"8","","",.0,"8",.0,"8",.0,"8",.0,"8",.0,"8",.0,"8",.0,"8",.0,"8",.0,"8",0,"8",0,"8",0,"8","","",0,"8",0,"8"
"352190360","P£OCK","2006","10","20","14","9","",0,"8",0,"8","","","",7,"",0,"8",0,"8",8,"",140,"",2,"",0,"",14.2,"",.0,"8","U","",7.8,"",48,"",3.3,"",990.8,"",1003.7,"",6,-.8,"",.0,"8",0,"8","03","2","8","","0","","","7","","","/","","",0,"8",.0,"8",.0,"8","","8",0,"8","","",.0,"8",.0,"8",.0,"8",.0,"8",.0,"8",.0,"8",.0,"8",.0,"8",.0,"8",0,"8",0,"8",0,"8","","",0,"8",0,"8"
"352190360","P£OCK","2006","10","20","15","9","",0,"8",0,"8","","","",7,"",0,"8",0,"8",8,"",170,"",2,"",0,"",14.0,"",.0,"8","U","",7.7,"",48,"",3.2,"",990.9,"",1003.8,"",5,-.3,"",.0,"8",0,"8","02","2","8","","0","","","7","","","/","","",0,"8",.0,"8",.0,"8","","8",0,"8","","",.0,"8",.0,"8",.0,"8",.0,"8",.0,"8",.0,"8",.0,"8",.0,"8",.0,"8",0,"8",0,"8",0,"8","","",0,"8",0,"8"
"352190360","P£OCK","2006","10","20","16","9","",0,"8",0,"8","","","",7,"",0,"8",0,"8",7,"",130,"",2,"",0,"",12.8,"",.0,"8","U","",7.5,"",51,"",2.9,"",990.9,"",1003.9,"",1,.1,"",.0,"8",0,"8","01","2","7","","0","","","7","","","/","","",0,"8",.0,"8",.0,"8","","8",0,"8","","",.0,"8",.0,"8",.0,"8",.0,"8",.0,"8",.0,"8",.0,"8",.0,"8",.0,"8",0,"8",0,"8",0,"8","","",0,"8",0,"8"
"352190360","P£OCK","2006","10","20","17","9","",0,"8",0,"8","","","",7,"",0,"8",0,"8",7,"",130,"",2,"",0,"",12.2,"",.0,"8","U","",7.5,"",53,"",2.9,"",990.7,"",1003.7,"",8,-.1,"",.0,"8",0,"8","01","2","7","","0","","","3","","","/","","",0,"8",.0,"8",.0,"8","","8",0,"8","","",.0,"8",.0,"8",.0,"8",.0,"8",.0,"8",.0,"8",.0,"8",.0,"8",.0,"8",0,"8",0,"8",0,"8","","",0,"8",0,"8"
"352190360","P£OCK","2006","10","20","18","9","",0,"8",0,"8","","","",7,"",0,"8",0,"8",8,"",130,"",2,"",0,"",11.6,"",.0,"8","U","",8.3,"",61,"",4.3,"",990.3,"",1003.3,"",8,-.6,"",.0,"9",0,"9","03","2","8","","0","","","7","","","/","","",0,"",.0,"8",.0,"8","","8",0,"8","","",.0,"8",.0,"8",.0,"8",.0,"8",.0,"8",.0,"8",.0,"8",.0,"8",.0,"8",0,"8",0,"8",0,"8","","",0,"8",0,"8"
"352190360","P£OCK","2006","10","20","19","9","",0,"8",0,"8","","","",7,"",0,"8",0,"8",8,"",140,"",2,"",0,"",10.9,"",.0,"8","U","",8.3,"",64,"",4.4,"",990.4,"",1003.4,"",5,-.5,"",.0,"8",0,"8","02","2","8","","0","","","7","","","/","","",0,"8",.0,"8",.0,"8","","8",0,"8","","",.0,"8",.0,"8",.0,"8",.0,"8",.0,"8",.0,"8",.0,"8",.0,"8",.0,"8",0,"8",0,"8",0,"8","","",0,"8",0,"8"
"352190360","P£OCK","2006","10","20","20","9","",0,"8",0,"8","","","",7,"",0,"8",0,"8",6,"",160,"",1,"",0,"",9.6,"",.0,"8","U","",8.2,"",69,"",4.2,"",990.6,"",1003.7,"",5,-.1,"",.0,"8",0,"8","01","2","0","","0","","","0","","","8","","",0,"8",.0,"8",.0,"8","","8",0,"8","","",.0,"8",.0,"8",.0,"8",.0,"8",.0,"8",.0,"8",.0,"8",.0,"8",.0,"8",0,"8",0,"8",0,"8","","",0,"8",0,"8"
"352190360","P£OCK","2006","10","20","21","9","",0,"8",0,"8","","","",6,"",0,"8",0,"8",6,"",180,"",2,"",0,"",9.5,"",.0,"8","U","",8.7,"",73,"",4.9,"",990.9,"",1004.0,"",3,.6,"",.0,"8",0,"8","10","2","1","","0","","","3","","","8","","",0,"8",.0,"8",.0,"8","","8",0,"8","","",.0,"8",.0,"8",.0,"8",.0,"8",.0,"8",.0,"8",.0,"8",.0,"8",.0,"8",0,"8",0,"8",0,"8","","",0,"8",0,"8"
"352190360","P£OCK","2006","10","20","22","9","",0,"8",0,"8","","","",6,"",0,"8",0,"8",8,"",210,"",1,"",0,"",7.7,"",.0,"8","U","",8.4,"",80,"",4.5,"",991.1,"",1004.3,"",2,.7,"",.0,"8",0,"8","10","2","0","","0","","","0","","","7","","",0,"8",.0,"8",.0,"8","","8",0,"8","","",.0,"8",.0,"8",.0,"8",.0,"8",.0,"8",.0,"8",.0,"8",.0,"8",.0,"8",0,"8",0,"8",0,"8","","",0,"8",0,"8"
"352190360","P£OCK","2006","10","20","23","9","",0,"8",0,"8","","","",6,"",0,"8",0,"8",7,"",210,"",1,"",0,"",7.5,"",.0,"8","U","",8.8,"",85,"",5.1,"",991.1,"",1004.3,"",1,.5,"",.0,"8",0,"8","10","2","0","","0","","","0","","","8","","",0,"8",.0,"8",.0,"8","","8",0,"8","","",.0,"8",.0,"8",.0,"8",.0,"8",.0,"8",.0,"8",.0,"8",.0,"8",.0,"8",0,"8",0,"8",0,"8","","",0,"8",0,"8"
"352190360","P£OCK","2006","10","21","00","9","",0,"8",0,"8","","","",6,"",0,"8",0,"8",7,"",220,"",2,"",0,"",7.1,"",.0,"8","U","",8.9,"",88,"",5.2,"",991.3,"",1004.5,"",2,.4,"",.0,"9",0,"9","10","2","0","","0","","","0","","","8","","",0,"",.0,"8",.0,"8","","8",0,"8","","",.0,"8",.0,"8",.0,"8",.0,"8",.0,"8",.0,"8",.0,"8",.0,"8",.0,"8",0,"8",0,"8",0,"8","","",0,"8",0,"8"
"352190360","P£OCK","2006","10","21","01","9","",0,"8",0,"8","","","",5,"",0,"8",0,"8",7,"",210,"",1,"",0,"",6.7,"",.0,"8","U","",8.7,"",89,"",5.0,"",991.4,"",1004.7,"",3,.3,"",.0,"8",0,"8","10","2","0","","0","","","0","","","8","","",0,"8",.0,"8",.0,"8","","8",0,"8","","",.0,"8",.0,"8",.0,"8",.0,"8",.0,"8",.0,"8",.0,"8",.0,"8",.0,"8",0,"8",0,"8",0,"8","","",0,"8",0,"8"
"352190360","P£OCK","2006","10","21","02","9","",0,"8",0,"8","","","",5,"",0,"8",0,"8",4,"",210,"",2,"",0,"",6.7,"",.0,"8","U","",8.8,"",90,"",5.2,"",991.5,"",1004.8,"",2,.4,"",.0,"8",0,"8","10","1","0","","0","","","0","","","8","","",0,"8",.0,"8",.0,"8","","8",0,"8","","",.0,"8",.0,"8",.0,"8",.0,"8",.0,"8",.0,"8",.0,"8",.0,"8",.0,"8",0,"8",0,"8",0,"8","","",0,"8",0,"8"
"352190360","P£OCK","2006","10","21","03","9","",0,"8",0,"8","","","",5,"",0,"8",0,"8",4,"",210,"",1,"",0,"",6.1,"",.0,"8","U","",8.5,"",90,"",4.6,"",991.7,"",1005.0,"",2,.4,"",.0,"8",0,"8","10","1","0","","0","","","0","","","8","","",0,"8",.0,"8",.0,"8","","8",0,"8","","",.0,"8",.0,"8",.0,"8",.0,"8",.0,"8",.0,"8",.0,"8",.0,"8",.0,"8",0,"8",0,"8",0,"8","","",0,"8",0,"8"
"352190360","P£OCK","2006","10","21","04","9","",0,"8",0,"8","","","",5,"",0,"8",0,"8",0,"",150,"",1,"",0,"",5.3,"",.0,"8","U","",8.0,"",90,"",3.8,"",991.8,"",1005.1,"",2,.4,"",.0,"8",0,"8","10","0","0","","0","","","0","","","0","","",0,"8",.0,"8",.0,"8","","8",0,"8","","",.0,"8",.0,"8",.0,"8",.0,"8",.0,"8",.0,"8",.0,"8",.0,"8",.0,"8",0,"8",0,"8",0,"8","","",0,"8",0,"8"
"352190360","P£OCK","2006","10","21","05","9","",0,"8",0,"8","","","",4,"",0,"8",0,"8",1,"",150,"",2,"",0,"",5.2,"",.0,"8","U","",8.2,"",93,"",4.2,"",991.8,"",1005.1,"",1,.3,"",.0,"8",0,"8","10","0","1","","0","","","3","","","0","","",0,"8",.0,"8",.0,"8","","8",0,"8","","",.0,"8",.0,"8",.0,"8",.0,"8",.0,"8",.0,"8",.0,"8",.0,"8",.0,"8",0,"8",0,"8",0,"8","","",0,"8",0,"8"
"352190360","P£OCK","2006","10","21","06","9","",0,"8",0,"8","","","",5,"",0,"8",0,"8",4,"",220,"",2,"",0,"",5.4,"",.0,"8","U","",8.3,"",93,"",4.4,"",992.4,"",1005.7,"",2,.7,"",.0,"9",0,"9","10","1","4","","0","","","5","","","0","","",0,"",.0,"8",.0,"8","","8",0,"8","","",.0,"8",.0,"8",.0,"8",.0,"8",.0,"8",.0,"8",.0,"8",.0,"8",.0,"8",0,"8",0,"8",0,"8","","",0,"8",0,"8"
"352190360","P£OCK","2006","10","21","07","9","",0,"8",0,"8","","","",5,"",0,"8",0,"8",6,"",170,"",2,"",0,"",7.7,"",.0,"8","U","",9.3,"",89,"",6.0,"",992.5,"",1005.7,"",3,.7,"",.0,"8",0,"8","10","1","6","","0","","","5","","","0","","",0,"8",.0,"8",.0,"8","","8",0,"8","","",.0,"8",.0,"8",.0,"8",.0,"8",.0,"8",.0,"8",.0,"8",.0,"8",.0,"8",0,"8",0,"8",0,"8","","",0,"8",0,"8"
"352190360","P£OCK","2006","10","21","08","9","",0,"8",0,"8","","","",6,"",0,"8",0,"8",7,"",180,"",2,"",0,"",9.7,"",.0,"8","U","",9.9,"",82,"",6.8,"",992.7,"",1005.8,"",2,.9,"",.0,"8",0,"8","10","2","7","","0","","","5","","","/","","",0,"8",.0,"8",.0,"8","","8",0,"8","","",.0,"8",.0,"8",.0,"8",.0,"8",.0,"8",.0,"8",.0,"8",.0,"8",.0,"8",0,"8",0,"8",0,"8","","",0,"8",0,"8"
"352190360","P£OCK","2006","10","21","09","9","",0,"8",0,"8","","","",6,"",0,"8",0,"8",7,"",180,"",1,"",0,"",11.6,"",.0,"8","U","",10.5,"",77,"",7.7,"",992.8,"",1005.8,"",2,.4,"",.0,"8",0,"8","10","1","7","","0","","","3","","","/","","",0,"8",.0,"8",.0,"8","","8",0,"8","","",.0,"8",.0,"8",.0,"8",.0,"8",.0,"8",.0,"8",.0,"8",.0,"8",.0,"8",0,"8",0,"8",0,"8","","",0,"8",0,"8"
"352190360","P£OCK","2006","10","21","10","9","",0,"8",0,"8","","","",7,"",0,"8",0,"8",7,"",140,"",2,"",0,"",14.6,"",.0,"8","U","",11.4,"",69,"",9.0,"",992.6,"",1005.5,"",0,.1,"",.0,"8",0,"8","01","2","3","","0","","","3","","","8","","",0,"8",.0,"8",.0,"8","","8",0,"8","","",.0,"8",.0,"8",.0,"8",.0,"8",.0,"8",.0,"8",.0,"8",.0,"8",.0,"8",0,"8",0,"8",0,"8","","",0,"8",0,"8"
"352190360","P£OCK","2006","10","21","11","9","",0,"8",0,"8","","","",7,"",0,"8",0,"8",5,"",180,"",3,"",0,"",16.6,"",.0,"8","U","",10.7,"",57,"",8.0,"",992.2,"",1005.0,"",8,-.5,"",.0,"8",0,"8","01","2","1","","0","","","3","","","8","","",0,"8",.0,"8",.0,"8","","8",0,"8","","",.0,"8",.0,"8",.0,"8",.0,"8",.0,"8",.0,"8",.0,"8",.0,"8",.0,"8",0,"8",0,"8",0,"8","","",0,"8",0,"8"
"352190360","P£OCK","2006","10","21","12","9","",0,"8",0,"8","","","",7,"",0,"8",0,"8",4,"",190,"",3,"",0,"",17.1,"",.0,"8","U","",10.7,"",55,"",8.0,"",992.1,"",1004.9,"",7,-.7,"",.0,"9",0,"9","01","1","1","","0","","","3","","","8","","",0,"",.0,"8",.0,"8","","8",0,"8","","",.0,"8",.0,"8",.0,"8",.0,"8",.0,"8",.0,"8",.0,"8",.0,"8",.0,"8",0,"8",0,"8",0,"8","","",0,"8",0,"8"
"352190360","P£OCK","2006","10","21","13","9","",0,"8",0,"8","","","",7,"",0,"8",0,"8",4,"",210,"",4,"",0,"",17.6,"",.0,"8","U","",10.8,"",54,"",8.2,"",992.1,"",1004.9,"",6,-.5,"",.0,"8",0,"8","02","0","1","","0","","","3","","","8","","",0,"8",.0,"8",.0,"8","","8",0,"8","","",.0,"8",.0,"8",.0,"8",.0,"8",.0,"8",.0,"8",.0,"8",.0,"8",.0,"8",0,"8",0,"8",0,"8","","",0,"8",0,"8"
"352190360","P£OCK","2006","10","21","14","9","",0,"8",0,"8","","","",7,"",0,"8",0,"8",6,"",190,"",2,"",0,"",16.3,"",.0,"8","U","",10.9,"",59,"",8.3,"",992.2,"",1005.0,"",5,.0,"",.0,"8",0,"8","03","1","3","","0","","","5","","","6","","",0,"8",.0,"8",.0,"8","","8",0,"8","","",.0,"8",.0,"8",.0,"8",.0,"8",.0,"8",.0,"8",.0,"8",.0,"8",.0,"8",0,"8",0,"8",0,"8","","",0,"8",0,"8"
"352190360","P£OCK","2006","10","21","15","9","",0,"8",0,"8","","","",7,"",0,"8",0,"8",7,"",190,"",2,"",0,"",15.7,"",.0,"8","U","",11.2,"",63,"",8.7,"",992.4,"",1005.2,"",3,.3,"",.0,"8",0,"8","03","1","7","","0","","","5","","","/","","",0,"8",.0,"8",.0,"8","","8",0,"8","","",.0,"8",.0,"8",.0,"8",.0,"8",.0,"8",.0,"8",.0,"8",.0,"8",.0,"8",0,"8",0,"8",0,"8","","",0,"8",0,"8"
"352190360","P£OCK","2006","10","21","16","6","",0,"8",0,"8","","","",7,"",0,"8",0,"8",7,"",170,"",1,"",0,"",15.0,"",.0,"8","U","",11.4,"",67,"",8.9,"",992.6,"",1005.5,"",2,.5,"",.0,"8",0,"8","25","2","1","","9","","","3","","","/","","",0,"8",.0,"8",.0,"8","","8",0,"8","","",.0,"8",.0,"8",.0,"8",.0,"8",.0,"8",.0,"8",.0,"8",.0,"8",.0,"8",0,"8",0,"8",0,"8","","",0,"8",0,"8"
"352190360","P£OCK","2006","10","21","17","6","",0,"8",0,"8","","","",7,"",0,"8",0,"8",6,"",180,"",2,"",0,"",14.5,"",.0,"8","U","",11.2,"",68,"",8.7,"",992.8,"",1005.7,"",2,.6,"",.0,"8",0,"8","01","2","3","","5","","","3","","","8","","",0,"8",.0,"8",.0,"8","","8",0,"8","","",.0,"8",.0,"8",.0,"8",.0,"8",.0,"8",.0,"8",.0,"8",.0,"8",.0,"8",0,"8",0,"8",0,"8","","",0,"8",0,"8"
"352190360","P£OCK","2006","10","21","18","5","",0,"8",0,"8","","","",6,"",0,"8",0,"8",8,"",200,"",3,"",0,"",14.8,"",.0,"8","U","",11.8,"",70,"",9.4,"",993.1,"",1006.0,"",2,.7,"",.0,"",6,"","80","1","8","","9","","","/","","","/","","",0,"",.0,"8",.0,"8","","8",0,"8","","",.0,"8",.0,"8",.0,"8",.0,"8",.0,"8",.0,"8",.0,"8",.0,"8",.0,"8",0,"8",0,"8",0,"8","","",0,"8",0,"8"
"352190360","P£OCK","2006","10","21","19","6","",0,"8",0,"8","","","",6,"",0,"8",0,"8",8,"",210,"",2,"",0,"",13.5,"",.0,"8","U","",11.9,"",77,"",9.5,"",993.3,"",1006.3,"",2,.7,"",.0,"8",0,"8","25","2","5","","5","","","3","","","/","","",0,"8",.0,"8",.0,"8","","8",0,"8","","",.0,"8",.0,"8",.0,"8",.0,"8",.0,"8",.0,"8",.0,"8",.0,"8",.0,"8",0,"8",0,"8",0,"8","","",0,"8",0,"8"
"352190360","P£OCK","2006","10","21","20","6","",0,"8",0,"8","","","",6,"",0,"8",0,"8",5,"",0,"",0,"",0,"",12.4,"",.0,"8","U","",11.2,"",78,"",8.7,"",993.6,"",1006.6,"",2,.8,"",.0,"8",0,"8","10","2","2","","5","","","3","","","0","","",0,"8",.0,"8",.0,"8","","8",0,"8","","",.0,"8",.0,"8",.0,"8",.0,"8",.0,"8",.0,"8",.0,"8",.0,"8",.0,"8",0,"8",0,"8",0,"8","","",0,"8",0,"8"
"352190360","P£OCK","2006","10","21","21","9","",0,"8",0,"8","","","",6,"",0,"8",0,"8",2,"",0,"",0,"",0,"",10.7,"",.0,"8","U","",11.4,"",89,"",9.0,"",993.9,"",1007.0,"",2,.8,"",.0,"8",0,"8","10","8","2","","0","","","3","","","0","","",0,"8",.0,"8",.0,"8","","8",0,"8","","",.0,"8",.0,"8",.0,"8",.0,"8",.0,"8",.0,"8",.0,"8",.0,"8",.0,"8",0,"8",0,"8",0,"8","","",0,"8",0,"8"
"352190360","P£OCK","2006","10","21","22","9","",0,"8",0,"8","","","",5,"",0,"8",0,"8",0,"",0,"",0,"",0,"",8.7,"",.0,"8","U","",9.9,"",88,"",6.8,"",994.2,"",1007.4,"",2,.9,"",.0,"8",0,"8","10","0","0","","0","","","0","","","0","","",0,"8",.0,"8",.0,"8","","8",0,"8","","",.0,"8",.0,"8",.0,"8",.0,"8",.0,"8",.0,"8",.0,"8",.0,"8",.0,"8",0,"8",0,"8",0,"8","","",0,"8",0,"8"
"352190360","P£OCK","2006","10","21","23","9","",0,"8",0,"8","","","",6,"",0,"8",0,"8",0,"",190,"",1,"",0,"",9.8,"",.0,"8","U","",11.0,"",91,"",8.4,"",994.3,"",1007.4,"",1,.7,"",.0,"8",0,"8","10","0","0","","0","","","0","","","0","","",0,"8",.0,"8",.0,"8","","8",0,"8","","",.0,"8",.0,"8",.0,"8",.0,"8",.0,"8",.0,"8",.0,"8",.0,"8",.0,"8",0,"8",0,"8",0,"8","","",0,"8",0,"8"
"352190360","P£OCK","2006","10","22","00","9","",0,"8",0,"8","","","",6,"",0,"8",0,"8",2,"",0,"",0,"",0,"",9.3,"",.0,"8","U","",10.6,"",91,"",7.9,"",994.6,"",1007.8,"",2,.7,"",.0,"",6,"","10","8","2","","0","","","3","","","0","","",0,"",.0,"8",.0,"8","","8",0,"8","","",.0,"8",.0,"8",.0,"8",.0,"8",.0,"8",.0,"8",.0,"8",.0,"8",.0,"8",0,"8",0,"8",0,"8","","",0,"8",0,"8"
"352190360","P£OCK","2006","10","22","01","9","",0,"8",0,"8","","","",6,"",0,"8",0,"8",5,"",160,"",1,"",0,"",9.3,"",.0,"8","U","",10.6,"",91,"",7.9,"",994.7,"",1007.9,"",2,.5,"",.0,"8",0,"8","10","1","5","","0","","","5","","","0","","",0,"8",.0,"8",.0,"8","","8",0,"8","","",.0,"8",.0,"8",.0,"8",.0,"8",.0,"8",.0,"8",.0,"8",.0,"8",.0,"8",0,"8",0,"8",0,"8","","",0,"8",0,"8"
"352190360","P£OCK","2006","10","22","02","9","",0,"8",0,"8","","","",6,"",0,"8",0,"8",5,"",130,"",2,"",0,"",9.6,"",.0,"8","U","",11.0,"",92,"",8.4,"",994.9,"",1008.1,"",2,.6,"",.0,"8",0,"8","10","2","5","","0","","","3","","","0","","",0,"8",.0,"8",.0,"8","","8",0,"8","","",.0,"8",.0,"8",.0,"8",.0,"8",.0,"8",.0,"8",.0,"8",.0,"8",.0,"8",0,"8",0,"8",0,"8","","",0,"8",0,"8"
"352190360","P£OCK","2006","10","22","03","9","",0,"8",0,"8","","","",5,"",0,"8",0,"8",7,"",110,"",1,"",0,"",8.8,"",.0,"8","U","",10.4,"",92,"",7.6,"",995.1,"",1008.3,"",2,.5,"",.0,"8",0,"8","10","1","7","","0","","","5","","","/","","",0,"8",.0,"8",.0,"8","","8",0,"8","","",.0,"8",.0,"8",.0,"8",.0,"8",.0,"8",.0,"8",.0,"8",.0,"8",.0,"8",0,"8",0,"8",0,"8","","",0,"8",0,"8"
"352190360","P£OCK","2006","10","22","04","6","",0,"8",0,"8","","","",5,"",0,"8",0,"8",7,"",0,"",0,"",0,"",10.1,"",.0,"8","U","",11.6,"",94,"",9.2,"",995.2,"",1008.3,"",2,.5,"",.0,"8",0,"8","10","2","5","","5","","","3","","","/","","",0,"8",.0,"8",.0,"8","","8",0,"8","","",.0,"8",.0,"8",.0,"8",.0,"8",.0,"8",.0,"8",.0,"8",.0,"8",.0,"8",0,"8",0,"8",0,"8","","",0,"8",0,"8"
"352190360","P£OCK","2006","10","22","05","6","",0,"8",0,"8","","","",6,"",0,"8",0,"8",5,"",150,"",1,"",0,"",10.3,"",.0,"8","U","",11.4,"",91,"",8.9,"",995.2,"",1008.3,"",1,.3,"",.0,"8",0,"8","10","2","3","","5","","","3","","","0","","",0,"8",.0,"8",.0,"8","","8",0,"8","","",.0,"8",.0,"8",.0,"8",.0,"8",.0,"8",.0,"8",.0,"8",.0,"8",.0,"8",0,"8",0,"8",0,"8","","",0,"8",0,"8"
"352190360","P£OCK","2006","10","22","06","9","",0,"8",0,"8","","","",6,"",0,"8",0,"8",3,"",200,"",2,"",0,"",10.1,"",.0,"8","U","",11.5,"",93,"",9.0,"",995.6,"",1008.7,"",2,.5,"",.0,"9",0,"9","10","1","1","","0","","","3","","","1","","",0,"",.0,"8",.0,"8","","8",0,"8","","",.0,"8",.0,"8",.0,"8",.0,"8",.0,"8",.0,"8",.0,"8",.0,"8",.0,"8",0,"8",0,"8",0,"8","","",0,"8",0,"8"
"352190360","P£OCK","2006","10","22","07","9","",0,"8",0,"8","","","",6,"",0,"8",0,"8",2,"",190,"",2,"",0,"",12.0,"",.0,"8","U","",12.2,"",87,"",9.9,"",995.8,"",1008.9,"",3,.6,"",.0,"8",0,"8","10","0","0","","0","","","0","","","1","","",0,"8",.0,"8",.0,"8","","8",0,"8","","",.0,"8",.0,"8",.0,"8",.0,"8",.0,"8",.0,"8",.0,"8",.0,"8",.0,"8",0,"8",0,"8",0,"8","","",0,"8",0,"8"
"352190360","P£OCK","2006","10","22","08","9","",0,"8",0,"8","","","",6,"",0,"8",0,"8",4,"",220,"",4,"",0,"",13.9,"",.0,"8","U","",12.4,"",78,"",10.1,"",996.1,"",1009.1,"",2,.9,"",.0,"8",0,"8","10","0","3","","0","","","3","","","1","","",0,"8",.0,"8",.0,"8","","8",0,"8","","",.0,"8",.0,"8",.0,"8",.0,"8",.0,"8",.0,"8",.0,"8",.0,"8",.0,"8",0,"8",0,"8",0,"8","","",0,"8",0,"8"
"352190360","P£OCK","2006","10","22","09","9","",0,"8",0,"8","","","",7,"",0,"8",0,"8",4,"",220,"",3,"",0,"",14.7,"",.0,"8","U","",12.4,"",74,"",10.1,"",996.1,"",1009.0,"",1,.5,"",.0,"8",0,"8","02","0","3","","0","","","3","","","1","","",0,"8",.0,"8",.0,"8","","8",0,"8","","",.0,"8",.0,"8",.0,"8",.0,"8",.0,"8",.0,"8",.0,"8",.0,"8",.0,"8",0,"8",0,"8",0,"8","","",0,"8",0,"8"
"352190360","P£OCK","2006","10","22","10","9","",0,"8",0,"8","","","",7,"",0,"8",0,"8",6,"",210,"",4,"",0,"",17.0,"",.0,"8","U","",12.8,"",66,"",10.6,"",996.3,"",1009.1,"",2,.5,"",.0,"8",0,"8","01","1","1","","0","","","8","","","6","","",0,"8",.0,"8",.0,"8","","8",0,"8","","",.0,"8",.0,"8",.0,"8",.0,"8",.0,"8",.0,"8",.0,"8",.0,"8",.0,"8",0,"8",0,"8",0,"8","","",0,"8",0,"8"
"352190360","P£OCK","2006","10","22","11","9","",0,"8",0,"8","","","",8,"",0,"8",0,"8",7,"",210,"",5,"",0,"",17.3,"",.0,"8","U","",11.8,"",60,"",9.5,"",996.2,"",1009.0,"",0,.1,"",.0,"8",0,"8","03","2","2","","0","","","3","","","6","","",0,"8",.0,"8",.0,"8","","8",0,"8","","",.0,"8",.0,"8",.0,"8",.0,"8",.0,"8",.0,"8",.0,"8",.0,"8",.0,"8",0,"8",0,"8",0,"8","","",0,"8",0,"8"
"352190360","P£OCK","2006","10","22","12","9","",0,"8",0,"8","","","",8,"",0,"8",0,"8",7,"",230,"",4,"",0,"",17.6,"",.0,"8","U","",12.0,"",60,"",9.7,"",996.2,"",1009.0,"",1,.1,"",.0,"9",0,"9","03","1","3","","0","","","3","","","6","","",0,"",.0,"8",.0,"8","","8",0,"8","","",.0,"8",.0,"8",.0,"8",.0,"8",.0,"8",.0,"8",.0,"8",.0,"8",.0,"8",0,"8",0,"8",0,"8","","",0,"8",0,"8"
"352190360","P£OCK","2006","10","22","13","9","",0,"8",0,"8","","","",8,"",0,"8",0,"8",6,"",220,"",4,"",0,"",18.0,"",.0,"8","U","",11.9,"",58,"",9.6,"",996.0,"",1008.8,"",7,-.3,"",.0,"8",0,"8","01","2","1","","0","","","3","","","8","","",0,"8",.0,"8",.0,"8","","8",0,"8","","",.0,"8",.0,"8",.0,"8",.0,"8",.0,"8",.0,"8",.0,"8",.0,"8",.0,"8",0,"8",0,"8",0,"8","","",0,"8",0,"8"
"352190360","P£OCK","2006","10","22","14","9","",0,"8",0,"8","","","",8,"",0,"8",0,"8",3,"",220,"",4,"",0,"",18.2,"",.0,"8","U","",12.1,"",58,"",9.8,"",995.9,"",1008.7,"",8,-.3,"",.0,"8",0,"8","01","1","1","","0","","","3","","","1","","",0,"8",.0,"8",.0,"8","","8",0,"8","","",.0,"8",.0,"8",.0,"8",.0,"8",.0,"8",.0,"8",.0,"8",.0,"8",.0,"8",0,"8",0,"8",0,"8","","",0,"8",0,"8"
"352190360","P£OCK","2006","10","22","15","9","",0,"8",0,"8","","","",8,"",0,"8",0,"8",3,"",210,"",3,"",0,"",16.9,"",.0,"8","U","",11.7,"",61,"",9.3,"",995.7,"",1008.5,"",7,-.5,"",.0,"8",0,"8","02","1","1","","0","","","3","","","1","","",0,"8",.0,"8",.0,"8","","8",0,"8","","",.0,"8",.0,"8",.0,"8",.0,"8",.0,"8",.0,"8",.0,"8",.0,"8",.0,"8",0,"8",0,"8",0,"8","","",0,"8",0,"8"
"352190360","P£OCK","2006","10","22","16","9","",0,"8",0,"8","","","",7,"",0,"8",0,"8",4,"",160,"",2,"",0,"",14.4,"",.0,"8","U","",11.5,"",70,"",9.0,"",996.0,"",1009.0,"",5,.0,"",.0,"8",0,"8","03","0","3","","0","","","3","","","1","","",0,"8",.0,"8",.0,"8","","8",0,"8","","",.0,"8",.0,"8",.0,"8",.0,"8",.0,"8",.0,"8",.0,"8",.0,"8",.0,"8",0,"8",0,"8",0,"8","","",0,"8",0,"8"
"352190360","P£OCK","2006","10","22","17","9","",0,"8",0,"8","","","",7,"",0,"8",0,"8",3,"",160,"",2,"",0,"",14.4,"",.0,"8","U","",11.5,"",70,"",9.0,"",996.1,"",1009.1,"",3,.2,"",.0,"8",0,"8","01","0","3","","0","","","3","","","0","","",0,"8",.0,"8",.0,"8","","8",0,"8","","",.0,"8",.0,"8",.0,"8",.0,"8",.0,"8",.0,"8",.0,"8",.0,"8",.0,"8",0,"8",0,"8",0,"8","","",0,"8",0,"8"
"352190360","P£OCK","2006","10","22","18","9","",0,"8",0,"8","","","",7,"",0,"8",0,"8",1,"",190,"",2,"",0,"",13.8,"",.0,"8","U","",11.3,"",72,"",8.8,"",996.0,"",1009.0,"",0,.3,"",.0,"9",0,"9","01","1","1","","0","","","3","","","0","","",0,"",.0,"8",.0,"8","","8",0,"8","","",.0,"8",.0,"8",.0,"8",.0,"8",.0,"8",.0,"8",.0,"8",.0,"8",.0,"8",0,"8",0,"8",0,"8","","",0,"8",0,"8"
"352190360","P£OCK","2006","10","22","19","9","",0,"8",0,"8","","","",7,"",0,"8",0,"8",0,"",200,"",2,"",0,"",12.3,"",.0,"8","U","",11.3,"",79,"",8.8,"",996.0,"",1009.0,"",4,.0,"",.0,"8",0,"8","01","0","0","","0","","","0","","","0","","",0,"8",.0,"8",.0,"8","","8",0,"8","","",.0,"8",.0,"8",.0,"8",.0,"8",.0,"8",.0,"8",.0,"8",.0,"8",.0,"8",0,"8",0,"8",0,"8","","",0,"8",0,"8"
"352190360","P£OCK","2006","10","22","20","9","",0,"8",0,"8","","","",6,"",0,"8",0,"8",0,"",190,"",2,"",0,"",13.1,"",.0,"8","U","",11.7,"",78,"",9.3,"",995.9,"",1008.9,"",7,-.2,"",.0,"8",0,"8","10","0","0","","0","","","0","","","0","","",0,"8",.0,"8",.0,"8","","8",0,"8","","",.0,"8",.0,"8",.0,"8",.0,"8",.0,"8",.0,"8",.0,"8",.0,"8",.0,"8",0,"8",0,"8",0,"8","","",0,"8",0,"8"
"352190360","P£OCK","2006","10","22","21","9","",0,"8",0,"8","","","",6,"",0,"8",0,"8",4,"",150,"",2,"",0,"",11.9,"",.0,"8","U","",11.5,"",83,"",9.1,"",995.8,"",1008.9,"",8,-.2,"",.0,"8",0,"8","10","0","0","","0","","","0","","","6","","",0,"8",.0,"8",.0,"8","","8",0,"8","","",.0,"8",.0,"8",.0,"8",.0,"8",.0,"8",.0,"8",.0,"8",.0,"8",.0,"8",0,"8",0,"8",0,"8","","",0,"8",0,"8"
"352190360","P£OCK","2006","10","22","22","9","",0,"8",0,"8","","","",6,"",0,"8",0,"8",6,"",160,"",2,"",0,"",11.6,"",.0,"8","U","",11.7,"",86,"",9.3,"",995.5,"",1008.6,"",8,-.5,"",.0,"8",0,"8","10","1","0","","0","","","0","","","6","","",0,"8",.0,"8",.0,"8","","8",0,"8","","",.0,"8",.0,"8",.0,"8",.0,"8",.0,"8",.0,"8",.0,"8",.0,"8",.0,"8",0,"8",0,"8",0,"8","","",0,"8",0,"8"
"352190360","P£OCK","2006","10","22","23","9","",0,"8",0,"8","","","",6,"",0,"8",0,"8",5,"",170,"",2,"",0,"",11.2,"",.0,"8","U","",11.8,"",89,"",9.5,"",995.1,"",1008.2,"",8,-.8,"",.0,"8",0,"8","10","2","0","","0","","","0","","","8","","",0,"8",.0,"8",.0,"8","","8",0,"8","","",.0,"8",.0,"8",.0,"8",.0,"8",.0,"8",.0,"8",.0,"8",.0,"8",.0,"8",0,"8",0,"8",0,"8","","",0,"8",0,"8"
"352190360","P£OCK","2006","10","23","00","9","",0,"8",0,"8","","","",5,"",0,"8",0,"8",4,"",160,"",2,"",0,"",10.6,"",.0,"8","U","",11.6,"",91,"",9.2,"",995.1,"",1008.2,"",6,-.7,"",.0,"9",0,"9","10","1","0","","0","","","0","","","8","","",0,"",.0,"8",.0,"8","","8",0,"8","","",.0,"8",.0,"8",.0,"8",.0,"8",.0,"8",.0,"8",.0,"8",.0,"8",.0,"8",0,"8",0,"8",0,"8","","",0,"8",0,"8"
"352190360","P£OCK","2006","10","23","01","9","",0,"8",0,"8","","","",5,"",0,"8",0,"8",4,"",150,"",2,"",0,"",10.3,"",.0,"8","U","",11.5,"",92,"",9.1,"",994.8,"",1007.9,"",7,-.7,"",.0,"8",0,"8","10","0","0","","0","","","0","","","8","","",0,"8",.0,"8",.0,"8","","8",0,"8","","",.0,"8",.0,"8",.0,"8",.0,"8",.0,"8",.0,"8",.0,"8",.0,"8",.0,"8",0,"8",0,"8",0,"8","","",0,"8",0,"8"
"352190360","P£OCK","2006","10","23","02","9","",0,"8",0,"8","","","",5,"",0,"8",0,"8",4,"",150,"",3,"",0,"",10.0,"",.0,"8","U","",11.3,"",92,"",8.8,"",994.3,"",1007.4,"",8,-.8,"",.0,"8",0,"8","10","0","0","","0","","","0","","","8","","",0,"8",.0,"8",.0,"8","","8",0,"8","","",.0,"8",.0,"8",.0,"8",.0,"8",.0,"8",.0,"8",.0,"8",.0,"8",.0,"8",0,"8",0,"8",0,"8","","",0,"8",0,"8"
"352190360","P£OCK","2006","10","23","03","9","",0,"8",0,"8","","","",4,"",0,"8",0,"8",2,"",140,"",2,"",0,"",9.3,"",.0,"8","U","",10.8,"",92,"",8.1,"",994.2,"",1007.4,"",7,-.9,"",.0,"8",0,"8","10","0","0","","0","","","0","","","1","","",0,"8",.0,"8",.0,"8","","8",0,"8","","",.0,"8",.0,"8",.0,"8",.0,"8",.0,"8",.0,"8",.0,"8",.0,"8",.0,"8",0,"8",0,"8",0,"8","","",0,"8",0,"8"
"352190360","P£OCK","2006","10","23","04","9","",0,"8",0,"8","","","",4,"",0,"8",0,"8",2,"",130,"",2,"",0,"",8.8,"",.0,"8","U","",10.5,"",93,"",7.7,"",993.6,"",1006.8,"",7,-1.2,"",.0,"8",0,"8","10","0","0","","0","","","0","","","1","","",0,"8",.0,"8",.0,"8","","8",0,"8","","",.0,"8",.0,"8",.0,"8",.0,"8",.0,"8",.0,"8",.0,"8",.0,"8",.0,"8",0,"8",0,"8",0,"8","","",0,"8",0,"8"
"352190360","P£OCK","2006","10","23","05","9","",0,"8",0,"8","","","",5,"",0,"8",0,"8",6,"",140,"",3,"",0,"",9.6,"",.0,"8","U","",11.2,"",94,"",8.7,"",992.9,"",1006.0,"",8,-1.4,"",.0,"8",0,"8","10","1","2","","0","","","3","","","6","","",0,"8",.0,"8",.0,"8","","8",0,"8","","",.0,"8",.0,"8",.0,"8",.0,"8",.0,"8",.0,"8",.0,"8",.0,"8",.0,"8",0,"8",0,"8",0,"8","","",0,"8",0,"8"
"352190360","P£OCK","2006","10","23","06","9","",0,"8",0,"8","","","",5,"",0,"8",0,"8",8,"",130,"",2,"",0,"",9.8,"",.0,"8","U","",10.9,"",90,"",8.2,"",993.3,"",1006.4,"",5,-.9,"",.0,"9",0,"9","10","1","0","","0","","","0","","","7","","",0,"",.0,"8",.0,"8","","8",0,"8","","",.0,"8",.0,"8",.0,"8",.0,"8",.0,"8",.0,"8",.0,"8",.0,"8",.0,"8",0,"8",0,"8",0,"8","","",0,"8",0,"8"
"352190360","P£OCK","2006","10","23","07","9","",0,"8",0,"8","","","",5,"",0,"8",0,"8",8,"",150,"",3,"",0,"",10.4,"",.0,"8","U","",11.3,"",90,"",8.8,"",993.1,"",1006.2,"",7,-.5,"",.0,"8",0,"8","10","2","0","","0","","","0","","","7","","",0,"8",.0,"8",.0,"8","","8",0,"8","","",.0,"8",.0,"8",.0,"8",.0,"8",.0,"8",.0,"8",.0,"8",.0,"8",.0,"8",0,"8",0,"8",0,"8","","",0,"8",0,"8"
"352190360","P£OCK","2006","10","23","08","9","",0,"8",0,"8","","","",4,"",0,"8",0,"8",8,"",150,"",3,"",0,"",11.3,"",.0,"8","U","",11.8,"",88,"",9.4,"",992.8,"",1005.9,"",8,-.1,"",.0,"8",0,"8","10","2","0","","0","","","0","","","7","","",0,"8",.0,"8",.0,"8","","8",0,"8","","",.0,"8",.0,"8",.0,"8",.0,"8",.0,"8",.0,"8",.0,"8",.0,"8",.0,"8",0,"8",0,"8",0,"8","","",0,"8",0,"8"
"352190360","P£OCK","2006","10","23","09","9","",0,"8",0,"8","","","",6,"",0,"8",0,"8",8,"",170,"",4,"",0,"",13.3,"",.0,"8","U","",12.0,"",79,"",9.7,"",992.5,"",1005.5,"",7,-.8,"",.0,"8",0,"8","10","2","0","","0","","","0","","","7","","",0,"8",.0,"8",.0,"8","","8",0,"8","","",.0,"8",.0,"8",.0,"8",.0,"8",.0,"8",.0,"8",.0,"8",.0,"8",.0,"8",0,"8",0,"8",0,"8","","",0,"8",0,"8"
"352190360","P£OCK","2006","10","23","10","9","",0,"8",0,"8","","","",6,"",0,"8",0,"8",8,"",160,"",6,"",0,"",14.8,"",.0,"8","U","",11.9,"",71,"",9.6,"",991.4,"",1004.3,"",8,-1.7,"",.0,"8",0,"8","10","2","0","","0","","","0","","","7","","",0,"8",.0,"8",.0,"8","","8",0,"8","","",.0,"8",.0,"8",.0,"8",.0,"8",.0,"8",.0,"8",.0,"8",.0,"8",.0,"8",0,"8",0,"8",0,"8","","",0,"8",0,"8"
"352190360","P£OCK","2006","10","23","11","9","",0,"8",0,"8","","","",7,"",0,"8",0,"8",8,"",180,"",5,"",0,"",15.5,"",.0,"8","U","",11.9,"",68,"",9.6,"",990.9,"",1003.7,"",7,-1.9,"",.0,"8",0,"8","03","2","8","","0","","","1","","","/","","",0,"8",.0,"8",.0,"8","","8",0,"8","","",.0,"8",.0,"8",.0,"8",.0,"8",.0,"8",.0,"8",.0,"8",.0,"8",.0,"8",0,"8",0,"8",0,"8","","",0,"8",0,"8"
"352190360","P£OCK","2006","10","23","12","9","",0,"8",0,"8","","","",7,"",0,"8",0,"8",8,"",170,"",4,"",0,"",15.8,"",.0,"8","U","",12.0,"",67,"",9.7,"",990.3,"",1003.1,"",6,-2.2,"",.0,"9",0,"9","03","2","8","","0","","","7","","","/","","",0,"",.0,"8",.0,"8","","8",0,"8","","",.0,"8",.0,"8",.0,"8",.0,"8",.0,"8",.0,"8",.0,"8",.0,"8",.0,"8",0,"8",0,"8",0,"8","","",0,"8",0,"8"
"352190360","P£OCK","2006","10","23","13","9","",0,"8",0,"8","","","",7,"",0,"8",0,"8",8,"",180,"",3,"",0,"",15.9,"",.0,"8","U","",12.3,"",68,"",10.0,"",990.2,"",1003.0,"",7,-1.2,"",.0,"8",0,"8","02","2","8","","0","","","7","","","/","","",0,"8",.0,"8",.0,"8","","8",0,"8","","",.0,"8",.0,"8",.0,"8",.0,"8",.0,"8",.0,"8",.0,"8",.0,"8",.0,"8",0,"8",0,"8",0,"8","","",0,"8",0,"8"
"352190360","P£OCK","2006","10","23","14","9","",0,"8",0,"8","","","",7,"",0,"8",0,"8",7,"",160,"",2,"",0,"",15.6,"",.0,"8","U","",12.6,"",71,"",10.4,"",990.2,"",1003.0,"",6,-.7,"",.0,"8",0,"8","01","2","2","","0","","","3","","","8","","",0,"8",.0,"8",.0,"8","","8",0,"8","","",.0,"8",.0,"8",.0,"8",.0,"8",.0,"8",.0,"8",.0,"8",.0,"8",.0,"8",0,"8",0,"8",0,"8","","",0,"8",0,"8"
"352190360","P£OCK","2006","10","23","15","9","",0,"8",0,"8","","","",6,"",0,"8",0,"8",7,"",150,"",2,"",0,"",15.5,"",.0,"8","U","",13.0,"",74,"",10.9,"",990.2,"",1003.0,"",6,-.1,"",.0,"8",0,"8","10","2","3","","0","","","3","","","8","","",0,"8",.0,"8",.0,"8","","8",0,"8","","",.0,"8",.0,"8",.0,"8",.0,"8",.0,"8",.0,"8",.0,"8",.0,"8",.0,"8",0,"8",0,"8",0,"8","","",0,"8",0,"8"
"352190360","P£OCK","2006","10","23","16","9","",0,"8",0,"8","","","",6,"",0,"8",0,"8",7,"",150,"",2,"",0,"",15.0,"",.0,"8","U","",13.1,"",77,"",11.0,"",990.5,"",1003.4,"",3,.3,"",.0,"8",0,"8","10","2","7","","0","","","5","","","/","","",0,"8",.0,"8",.0,"8","","8",0,"8","","",.0,"8",.0,"8",.0,"8",.0,"8",.0,"8",.0,"8",.0,"8",.0,"8",.0,"8",0,"8",0,"8",0,"8","","",0,"8",0,"8"
"352190360","P£OCK","2006","10","23","17","9","",0,"8",0,"8","","","",6,"",0,"8",0,"8",7,"",160,"",2,"",0,"",14.7,"",.0,"8","U","",13.0,"",78,"",10.9,"",990.5,"",1003.4,"",1,.3,"",.0,"8",0,"8","25","2","7","","0","","","3","","","/","","",0,"8",.0,"8",.0,"8","","8",0,"8","","",.0,"8",.0,"8",.0,"8",.0,"8",.0,"8",.0,"8",.0,"8",.0,"8",.0,"8",0,"8",0,"8",0,"8","","",0,"8",0,"8"
"352190360","P£OCK","2006","10","23","18","9","",0,"8",0,"8","","","",6,"",0,"8",0,"8",7,"",160,"",2,"",0,"",14.2,"",.0,"8","U","",12.9,"",80,"",10.8,"",990.3,"",1003.2,"",0,.1,"",.0,"",6,"","10","8","7","","0","","","3","","","/","","",0,"",.0,"8",.0,"8","","8",0,"8","","",.0,"8",.0,"8",.0,"8",.0,"8",.0,"8",.0,"8",.0,"8",.0,"8",.0,"8",0,"8",0,"8",0,"8","","",0,"8",0,"8"
"352190360","P£OCK","2006","10","23","19","9","",0,"8",0,"8","","","",6,"",0,"8",0,"8",3,"",180,"",3,"",0,"",14.4,"",.0,"8","U","",12.8,"",78,"",10.6,"",990.6,"",1003.5,"",3,.1,"",.0,"8",0,"8","10","1","2","","0","","","3","","","1","","",0,"8",.0,"8",.0,"8","","8",0,"8","","",.0,"8",.0,"8",.0,"8",.0,"8",.0,"8",.0,"8",.0,"8",.0,"8",.0,"8",0,"8",0,"8",0,"8","","",0,"8",0,"8"
"352190360","P£OCK","2006","10","23","20","9","",0,"8",0,"8","","","",6,"",0,"8",0,"8",1,"",170,"",3,"",0,"",13.5,"",.0,"8","U","",12.5,"",81,"",10.3,"",990.3,"",1003.2,"",7,-.2,"",.0,"8",0,"8","10","0","0","","0","","","0","","","1","","",0,"8",.0,"8",.0,"8","","8",0,"8","","",.0,"8",.0,"8",.0,"8",.0,"8",.0,"8",.0,"8",.0,"8",.0,"8",.0,"8",0,"8",0,"8",0,"8","","",0,"8",0,"8"
"352190360","P£OCK","2006","10","23","21","9","",0,"8",0,"8","","","",6,"",0,"8",0,"8",5,"",180,"",2,"",0,"",13.7,"",.0,"8","U","",12.5,"",80,"",10.3,"",990.2,"",1003.1,"",8,-.1,"",.0,"8",0,"8","10","1","5","","0","","","5","","","0","","",0,"8",.0,"8",.0,"8","","8",0,"8","","",.0,"8",.0,"8",.0,"8",.0,"8",.0,"8",.0,"8",.0,"8",.0,"8",.0,"8",0,"8",0,"8",0,"8","","",0,"8",0,"8"
"352190360","P£OCK","2006","10","23","22","9","",0,"8",0,"8","","","",6,"",0,"8",0,"8",5,"",180,"",2,"",0,"",12.8,"",.0,"8","U","",13.0,"",88,"",10.9,"",990.0,"",1002.9,"",7,-.6,"",.0,"8",0,"8","10","2","5","","0","","","3","","","0","","",0,"8",.0,"8",.0,"8","","8",0,"8","","",.0,"8",.0,"8",.0,"8",.0,"8",.0,"8",.0,"8",.0,"8",.0,"8",.0,"8",0,"8",0,"8",0,"8","","",0,"8",0,"8"
"352190360","P£OCK","2006","10","23","23","9","",0,"8",0,"8","","","",6,"",0,"8",0,"8",1,"",170,"",3,"",0,"",12.6,"",.0,"8","U","",12.2,"",84,"",10.0,"",989.9,"",1002.9,"",7,-.4,"",.0,"8",0,"8","10","1","1","","0","","","3","","","0","","",0,"8",.0,"8",.0,"8","","8",0,"8","","",.0,"8",.0,"8",.0,"8",.0,"8",.0,"8",.0,"8",.0,"8",.0,"8",.0,"8",0,"8",0,"8",0,"8","","",0,"8",0,"8"
"352190360","P£OCK","2006","10","24","00","9","",0,"8",0,"8","","","",6,"",0,"8",0,"8",3,"",170,"",2,"",0,"",12.3,"",.0,"8","U","",12.1,"",85,"",9.8,"",989.7,"",1002.7,"",7,-.5,"",.0,"9",0,"9","10","1","3","","0","","","3","","","0","","",0,"",.0,"8",.0,"8","","8",0,"8","","",.0,"8",.0,"8",.0,"8",.0,"8",.0,"8",.0,"8",.0,"8",.0,"8",.0,"8",0,"8",0,"8",0,"8","","",0,"8",0,"8"
"352190360","P£OCK","2006","10","24","01","7","",0,"8",0,"8","","","",6,"",0,"8",0,"8",7,"",150,"",2,"",0,"",12.2,"",.0,"8","U","",12.2,"",86,"",9.9,"",989.3,"",1002.3,"",8,-.7,"",.0,"8",0,"8","10","1","7","","5","","","/","","","/","","",0,"8",.0,"8",.0,"8","","8",0,"8","","",.0,"8",.0,"8",.0,"8",.0,"8",.0,"8",.0,"8",.0,"8",.0,"8",.0,"8",0,"8",0,"8",0,"8","","",0,"8",0,"8"
"352190360","P£OCK","2006","10","24","02","7","",0,"8",0,"8","","","",6,"",0,"8",0,"8",7,"",150,"",2,"",0,"",11.6,"",.0,"8","U","",12.0,"",88,"",9.7,"",988.7,"",1001.7,"",8,-1.2,"",.0,"8",0,"8","10","2","4","","5","","","3","","","/","","",0,"8",.0,"8",.0,"8","","8",0,"8","","",.0,"8",.0,"8",.0,"8",.0,"8",.0,"8",.0,"8",.0,"8",.0,"8",.0,"8",0,"8",0,"8",0,"8","","",0,"8",0,"8"
"352190360","P£OCK","2006","10","24","03","9","",0,"8",0,"8","","","",6,"",0,"8",0,"8",1,"",150,"",2,"",0,"",11.7,"",.0,"8","U","",11.9,"",87,"",9.6,"",988.2,"",1001.2,"",7,-1.5,"",.0,"8",0,"8","10","1","1","","0","","","3","","","0","","",0,"8",.0,"8",.0,"8","","8",0,"8","","",.0,"8",.0,"8",.0,"8",.0,"8",.0,"8",.0,"8",.0,"8",.0,"8",.0,"8",0,"8",0,"8",0,"8","","",0,"8",0,"8"
"352190360","P£OCK","2006","10","24","04","9","",0,"8",0,"8","","","",6,"",0,"8",0,"8",6,"",130,"",2,"",0,"",11.1,"",.0,"8","U","",11.6,"",88,"",9.2,"",987.9,"",1000.9,"",6,-1.4,"",.0,"8",0,"8","10","1","6","","0","","","5","","","0","","",0,"8",.0,"8",.0,"8","","8",0,"8","","",.0,"8",.0,"8",.0,"8",.0,"8",.0,"8",.0,"8",.0,"8",.0,"8",.0,"8",0,"8",0,"8",0,"8","","",0,"8",0,"8"
"352190360","P£OCK","2006","10","24","05","9","",0,"8",0,"8","","","",6,"",0,"8",0,"8",7,"",130,"",3,"",0,"",11.2,"",.0,"8","U","",11.8,"",89,"",9.5,"",987.8,"",1000.8,"",6,-.9,"",.0,"8",0,"8","10","2","7","","0","","","5","","","/","","",0,"8",.0,"8",.0,"8","","8",0,"8","","",.0,"8",.0,"8",.0,"8",.0,"8",.0,"8",.0,"8",.0,"8",.0,"8",.0,"8",0,"8",0,"8",0,"8","","",0,"8",0,"8"
"352190360","P£OCK","2006","10","24","06","9","",0,"8",0,"8","","","",6,"",0,"8",0,"8",7,"",140,"",3,"",0,"",11.5,"",.0,"8","U","",11.9,"",88,"",9.6,"",988.2,"",1001.2,"",5,.0,"",.0,"9",0,"9","10","1","7","","0","","","7","","","/","","",0,"",.0,"8",.0,"8","","8",0,"8","","",.0,"8",.0,"8",.0,"8",.0,"8",.0,"8",.0,"8",.0,"8",.0,"8",.0,"8",0,"8",0,"8",0,"8","","",0,"8",0,"8"
"352190360","P£OCK","2006","10","24","07","9","",0,"8",0,"8","","","",6,"",0,"8",0,"8",8,"",160,"",2,"",0,"",12.3,"",.0,"8","U","",12.1,"",85,"",9.8,"",988.2,"",1001.1,"",1,.3,"",.0,"8",0,"8","10","2","8","","0","","","7","","","/","","",0,"8",.0,"8",.0,"8","","8",0,"8","","",.0,"8",.0,"8",.0,"8",.0,"8",.0,"8",.0,"8",.0,"8",.0,"8",.0,"8",0,"8",0,"8",0,"8","","",0,"8",0,"8"
"352190360","P£OCK","2006","10","24","08","9","",0,"8",0,"8","","","",6,"",0,"8",0,"8",8,"",130,"",2,"",0,"",13.3,"",.0,"8","U","",12.7,"",83,"",10.5,"",988.0,"",1000.9,"",0,.2,"",.0,"8",0,"8","10","2","8","","0","","","7","","","/","","",0,"8",.0,"8",.0,"8","","8",0,"8","","",.0,"8",.0,"8",.0,"8",.0,"8",.0,"8",.0,"8",.0,"8",.0,"8",.0,"8",0,"8",0,"8",0,"8","","",0,"8",0,"8"
"352190360","P£OCK","2006","10","24","09","9","",0,"8",0,"8","","","",6,"",0,"8",0,"8",8,"",150,"",2,"",0,"",13.3,"",.0,"8","U","",12.7,"",83,"",10.5,"",988.0,"",1000.9,"",6,-.2,"",.0,"8",0,"8","61","2","8","","0","","","7","","","/","","",0,"8",.0,"8",.0,"8","","8",0,"8","","",.0,"8",.0,"8",.0,"8",.0,"8",.0,"8",.0,"8",.0,"8",.0,"8",.0,"8",0,"8",0,"8",0,"8","","",0,"8",0,"8"
"352190360","P£OCK","2006","10","24","10","9","",0,"8",0,"8","","","",6,"",0,"8",0,"8",8,"",150,"",2,"",0,"",14.0,"",.0,"8","U","",12.9,"",81,"",10.8,"",987.6,"",1000.5,"",7,-.6,"",.0,"8",0,"8","60","6","8","","0","","","7","","","/","","",0,"8",.0,"8",.0,"8","","8",0,"8","","",.0,"8",.0,"8",.0,"8",.0,"8",.0,"8",.0,"8",.0,"8",.0,"8",.0,"8",0,"8",0,"8",0,"8","","",0,"8",0,"8"
"352190360","P£OCK","2006","10","24","11","5","",0,"8",0,"8","","","",6,"",0,"8",0,"8",8,"",160,"",2,"",0,"",14.2,"",.0,"8","U","",13.4,"",83,"",11.4,"",987.4,"",1000.2,"",8,-.6,"",.0,"8",0,"8","61","6","6","","5","","","2","","","/","","",0,"8",.0,"8",.0,"8","","8",0,"8","","",.0,"8",.0,"8",.0,"8",.0,"8",.0,"8",.0,"8",.0,"8",.0,"8",.0,"8",0,"8",0,"8",0,"8","","",0,"8",0,"8"
"352190360","P£OCK","2006","10","24","12","5","",0,"8",0,"8","","","",6,"",0,"8",0,"8",8,"",150,"",2,"",0,"",14.2,"",.0,"8","U","",13.9,"",86,"",11.9,"",987.0,"",999.8,"",7,-1.0,"",.3,"",6,"","61","6","6","","5","","","2","","","/","","",1,"",.0,"8",.0,"8","","8",0,"8","","",.0,"8",.0,"8",.0,"8",.0,"8",.0,"8",.0,"8",.0,"8",.0,"8",.0,"8",0,"8",0,"8",0,"8","","",0,"8",0,"8"
"352190360","P£OCK","2006","10","24","13","5","",0,"8",0,"8","","","",6,"",0,"8",0,"8",8,"",230,"",3,"",0,"",14.7,"",.0,"8","U","",14.5,"",87,"",12.6,"",987.0,"",999.8,"",6,-.6,"",.0,"8",0,"8","21","6","1","","5","","","7","","","/","","",0,"8",.0,"8",.0,"8","","8",0,"8","","",.0,"8",.0,"8",.0,"8",.0,"8",.0,"8",.0,"8",.0,"8",.0,"8",.0,"8",0,"8",0,"8",0,"8","","",0,"8",0,"8"
"352190360","P£OCK","2006","10","24","14","9","",0,"8",0,"8","","","",6,"",0,"8",0,"8",8,"",190,"",3,"",0,"",15.2,"",.0,"8","U","",14.7,"",85,"",12.7,"",987.0,"",999.8,"",6,-.4,"",.0,"8",0,"8","10","2","2","","0","","","3","","","7","","",0,"8",.0,"8",.0,"8","","8",0,"8","","",.0,"8",.0,"8",.0,"8",.0,"8",.0,"8",.0,"8",.0,"8",.0,"8",.0,"8",0,"8",0,"8",0,"8","","",0,"8",0,"8"
"352190360","P£OCK","2006","10","24","15","9","",0,"8",0,"8","","","",6,"",0,"8",0,"8",7,"",180,"",3,"",0,"",14.8,"",.0,"8","U","",14.8,"",88,"",12.8,"",986.9,"",999.7,"",8,-.1,"",.0,"8",0,"8","10","6","5","","0","","","5","","","8","","",0,"8",.0,"8",.0,"8","","8",0,"8","","",.0,"8",.0,"8",.0,"8",.0,"8",.0,"8",.0,"8",.0,"8",.0,"8",.0,"8",0,"8",0,"8",0,"8","","",0,"8",0,"8"
"352190360","P£OCK","2006","10","24","16","9","",0,"8",0,"8","","","",6,"",0,"8",0,"8",7,"",190,"",3,"",0,"",14.7,"",.0,"8","U","",14.5,"",87,"",12.6,"",987.4,"",1000.2,"",3,.4,"",.0,"8",0,"8","10","2","7","","0","","","5","","","/","","",0,"8",.0,"8",.0,"8","","8",0,"8","","",.0,"8",.0,"8",.0,"8",.0,"8",.0,"8",.0,"8",.0,"8",.0,"8",.0,"8",0,"8",0,"8",0,"8","","",0,"8",0,"8"
"352190360","P£OCK","2006","10","24","17","9","",0,"8",0,"8","","","",6,"",0,"8",0,"8",8,"",210,"",4,"",0,"",14.5,"",.0,"8","U","",14.2,"",86,"",12.2,"",987.5,"",1000.3,"",3,.5,"",.0,"8",0,"8","10","2","2","","0","","","3","","","7","","",0,"8",.0,"8",.0,"8","","8",0,"8","","",.0,"8",.0,"8",.0,"8",.0,"8",.0,"8",.0,"8",.0,"8",.0,"8",.0,"8",0,"8",0,"8",0,"8","","",0,"8",0,"8"
"352190360","P£OCK","2006","10","24","18","9","",0,"8",0,"8","","","",7,"",0,"8",0,"8",8,"",210,"",3,"",0,"",14.6,"",.0,"8","U","",13.4,"",81,"",11.4,"",987.4,"",1000.2,"",0,.5,"",.6,"",6,"","03","6","8","","0","","","7","","","/","","",1,"",.0,"8",.0,"8","","8",0,"8","","",.0,"8",.0,"8",.0,"8",.0,"8",.0,"8",.0,"8",.0,"8",.0,"8",.0,"8",0,"8",0,"8",0,"8","","",0,"8",0,"8"
"352190360","P£OCK","2006","10","24","19","9","",0,"8",0,"8","","","",7,"",0,"8",0,"8",1,"",210,"",3,"",0,"",13.7,"",.0,"8","U","",12.5,"",80,"",10.3,"",987.7,"",1000.6,"",3,.3,"",.0,"8",0,"8","01","1","1","","0","","","3","","","0","","",0,"8",.0,"8",.0,"8","","8",0,"8","","",.0,"8",.0,"8",.0,"8",.0,"8",.0,"8",.0,"8",.0,"8",.0,"8",.0,"8",0,"8",0,"8",0,"8","","",0,"8",0,"8"
"352190360","P£OCK","2006","10","24","20","9","",0,"8",0,"8","","","",7,"",0,"8",0,"8",0,"",210,"",4,"",0,"",13.6,"",.0,"8","U","",12.1,"",78,"",9.8,"",988.3,"",1001.2,"",3,.8,"",.0,"8",0,"8","01","0","0","","0","","","0","","","0","","",0,"8",.0,"8",.0,"8","","8",0,"8","","",.0,"8",.0,"8",.0,"8",.0,"8",.0,"8",.0,"8",.0,"8",.0,"8",.0,"8",0,"8",0,"8",0,"8","","",0,"8",0,"8"
"352190360","P£OCK","2006","10","24","21","9","",0,"8",0,"8","","","",7,"",0,"8",0,"8",4,"",220,"",4,"",0,"",14.0,"",.0,"8","U","",12.3,"",77,"",10.0,"",988.7,"",1001.6,"",2,1.3,"",.0,"8",0,"8","03","1","4","","0","","","3","","","0","","",0,"8",.0,"8",.0,"8","","8",0,"8","","",.0,"8",.0,"8",.0,"8",.0,"8",.0,"8",.0,"8",.0,"8",.0,"8",.0,"8",0,"8",0,"8",0,"8","","",0,"8",0,"8"
"352190360","P£OCK","2006","10","24","22","9","",0,"8",0,"8","","","",8,"",0,"8",0,"8",4,"",220,"",4,"",0,"",13.7,"",.0,"8","U","",11.9,"",76,"",9.5,"",988.7,"",1001.6,"",1,1.0,"",.0,"8",0,"8","02","0","4","","0","","","3","","","0","","",0,"8",.0,"8",.0,"8","","8",0,"8","","",.0,"8",.0,"8",.0,"8",.0,"8",.0,"8",.0,"8",.0,"8",.0,"8",.0,"8",0,"8",0,"8",0,"8","","",0,"8",0,"8"
"352190360","P£OCK","2006","10","24","23","9","",0,"8",0,"8","","","",8,"",0,"8",0,"8",7,"",220,"",5,"",0,"",13.9,"",.0,"8","U","",11.4,"",72,"",8.9,"",988.7,"",1001.6,"",1,.4,"",.0,"8",0,"8","03","1","7","","0","","","5","","","/","","",0,"8",.0,"8",.0,"8","","8",0,"8","","",.0,"8",.0,"8",.0,"8",.0,"8",.0,"8",.0,"8",.0,"8",.0,"8",.0,"8",0,"8",0,"8",0,"8","","",0,"8",0,"8"
"352190360","P£OCK","2006","10","25","00","9","",0,"8",0,"8","","","",8,"",0,"8",0,"8",1,"",230,"",5,"",0,"",13.4,"",.0,"8","U","",11.0,"",72,"",8.5,"",988.8,"",1001.7,"",3,.1,"",.0,"9",0,"9","01","1","0","","0","","","0","","","1","","",1,"",.0,"8",.0,"8","","8",0,"8","","",.0,"8",.0,"8",.0,"8",.0,"8",.0,"8",.0,"8",.0,"8",.0,"8",.0,"8",0,"8",0,"8",0,"8","","",0,"8",0,"8"
"352190360","P£OCK","2006","10","25","01","7","",0,"8",0,"8","","","",8,"",0,"8",0,"8",7,"",230,"",5,"",0,"",13.9,"",.0,"8","U","",11.1,"",70,"",8.5,"",988.9,"",1001.8,"",3,.2,"",.0,"8",0,"8","03","1","7","","5","","","/","","","/","","",0,"8",.0,"8",.0,"8","","8",0,"8","","",.0,"8",.0,"8",.0,"8",.0,"8",.0,"8",.0,"8",.0,"8",.0,"8",.0,"8",0,"8",0,"8",0,"8","","",0,"8",0,"8"
"352190360","P£OCK","2006","10","25","02","7","",0,"8",0,"8","","","",8,"",0,"8",0,"8",8,"",220,"",4,"",0,"",13.6,"",.0,"8","U","",11.0,"",71,"",8.4,"",989.1,"",1002.0,"",2,.4,"",.0,"8",0,"8","03","2","8","","5","","","/","","","/","","",0,"8",.0,"8",.0,"8","","8",0,"8","","",.0,"8",.0,"8",.0,"8",.0,"8",.0,"8",.0,"8",.0,"8",.0,"8",.0,"8",0,"8",0,"8",0,"8","","",0,"8",0,"8"
"352190360","P£OCK","2006","10","25","03","5","",0,"8",0,"8","","","",8,"",0,"8",0,"8",7,"",230,"",6,"",0,"",13.6,"",.0,"8","U","",11.0,"",71,"",8.4,"",989.6,"",1002.5,"",3,.8,"",.0,"8",0,"8","01","1","5","","5","","","3","","","/","","",0,"8",.0,"8",.0,"8","","8",0,"8","","",.0,"8",.0,"8",.0,"8",.0,"8",.0,"8",.0,"8",.0,"8",.0,"8",.0,"8",0,"8",0,"8",0,"8","","",0,"8",0,"8"
"352190360","P£OCK","2006","10","25","04","4","",0,"8",0,"8","","","",8,"",0,"8",0,"8",8,"",230,"",8,"",0,"",13.2,"",.0,"8","U","",12.0,"",79,"",9.6,"",990.3,"",1003.2,"",3,1.4,"",.0,"8",0,"8","03","2","8","","5","","","/","","","/","","",0,"8",.0,"8",.0,"8","","8",0,"8","","",.0,"8",.0,"8",.0,"8",.0,"8",.0,"8",.0,"8",.0,"8",.0,"8",.0,"8",0,"8",0,"8",0,"8","","",0,"8",0,"8"
"352190360","P£OCK","2006","10","25","05","4","",0,"8",0,"8","","","",8,"",0,"8",0,"8",8,"",240,"",6,"",0,"",13.0,"",.0,"8","U","",12.3,"",82,"",10.0,"",991.1,"",1004.1,"",3,2.0,"",.0,"8",0,"8","02","2","8","","5","","","/","","","/","","",0,"8",.0,"8",.0,"8","","8",0,"8","","",.0,"8",.0,"8",.0,"8",.0,"8",.0,"8",.0,"8",.0,"8",.0,"8",.0,"8",0,"8",0,"8",0,"8","","",0,"8",0,"8"
"352190360","P£OCK","2006","10","25","06","4","",0,"8",0,"8","","","",7,"",0,"8",0,"8",8,"",240,"",6,"",0,"",12.7,"",.0,"8","U","",12.6,"",86,"",10.4,"",992.3,"",1005.3,"",3,2.7,"",.0,"",6,"","80","1","8","","9","","","/","","","/","","",1,"",.0,"8",.0,"8","","8",0,"8","","",.0,"8",.0,"8",.0,"8",.0,"8",.0,"8",.0,"8",.0,"8",.0,"8",.0,"8",0,"8",0,"8",0,"8","","",0,"8",0,"8"
"352190360","P£OCK","2006","10","25","07","4","",0,"8",0,"8","","","",8,"",0,"8",0,"8",8,"",250,"",6,"",11,"",13.3,"",.0,"8","U","",12.7,"",83,"",10.5,"",993.2,"",1006.2,"",2,2.9,"",.0,"8",0,"8","25","2","8","","5","","","/","","","/","","",0,"8",.0,"8",.0,"8","","8",0,"8","","",.0,"8",.0,"8",.0,"8",.0,"8",.0,"8",.0,"8",.0,"8",.0,"8",.0,"8",0,"8",0,"8",0,"8","","",0,"8",0,"8"
"352190360","P£OCK","2006","10","25","08","4","",0,"8",0,"8","","","",7,"",0,"8",0,"8",8,"",270,"",7,"",13,"",12.8,"",.0,"8","U","",12.4,"",84,"",10.2,"",994.3,"",1007.3,"",2,3.2,"",.0,"8",0,"8","80","2","8","","9","","","/","","","/","","",0,"8",.0,"8",.0,"8","","8",0,"8","","",.0,"8",.0,"8",.0,"8",.0,"8",.0,"8",.0,"8",.0,"8",.0,"8",.0,"8",0,"8",0,"8",0,"8","","",0,"8",0,"8"
"352190360","P£OCK","2006","10","25","09","4","",0,"8",0,"8","","","",7,"",0,"8",0,"8",7,"",280,"",8,"",13,"",12.2,"",.0,"8","U","",12.3,"",87,"",10.1,"",996.0,"",1009.1,"",3,3.7,"",.0,"8",0,"8","80","2","7","","9","","","/","","","/","","",0,"8",.0,"8",.0,"8","","8",0,"8","","",.0,"8",.0,"8",.0,"8",.0,"8",.0,"8",.0,"8",.0,"8",.0,"8",.0,"8",0,"8",0,"8",0,"8","","",0,"8",0,"8"
"352190360","P£OCK","2006","10","25","10","5","",0,"8",0,"8","","","",8,"",0,"8",0,"8",5,"",270,"",8,"",14,"",12.3,"",.0,"8","U","",11.7,"",82,"",9.3,"",997.5,"",1010.6,"",2,4.3,"",.0,"8",0,"8","25","2","5","","9","","","0","","","0","","",0,"8",.0,"8",.0,"8","","8",0,"8","","",.0,"8",.0,"8",.0,"8",.0,"8",.0,"8",.0,"8",.0,"8",.0,"8",.0,"8",0,"8",0,"8",0,"8","","",0,"8",0,"8"
"352190360","P£OCK","2006","10","25","11","5","",0,"8",0,"8","","","",8,"",0,"8",0,"8",6,"",280,"",7,"",0,"",12.9,"",.0,"8","U","",11.0,"",74,"",8.4,"",998.4,"",1011.5,"",1,4.1,"",.0,"8",0,"8","03","2","6","","9","","","0","","","0","","",0,"8",.0,"8",.0,"8","","8",0,"8","","",.0,"8",.0,"8",.0,"8",.0,"8",.0,"8",.0,"8",.0,"8",.0,"8",.0,"8",0,"8",0,"8",0,"8","","",0,"8",0,"8"
"352190360","P£OCK","2006","10","25","12","5","",0,"8",0,"8","","","",8,"",0,"8",0,"8",3,"",270,"",6,"",0,"",14.3,"",.0,"8","U","",10.2,"",63,"",7.3,"",999.0,"",1012.0,"",1,3.0,"",.3,"",6,"","01","8","3","","2","","","0","","","0","","",1,"",.0,"8",.0,"8","","8",0,"8","","",.0,"8",.0,"8",.0,"8",.0,"8",.0,"8",.0,"8",.0,"8",.0,"8",.0,"8",0,"8",0,"8",0,"8","","",0,"8",0,"8"
"352190360","P£OCK","2006","10","25","13","5","",0,"8",0,"8","","","",8,"",0,"8",0,"8",4,"",280,"",5,"",0,"",14.0,"",.0,"8","U","",10.4,"",65,"",7.5,"",999.7,"",1012.7,"",2,2.2,"",.0,"8",0,"8","03","0","4","","3","","","0","","","0","","",0,"8",.0,"8",.0,"8","","8",0,"8","","",.0,"8",.0,"8",.0,"8",.0,"8",.0,"8",.0,"8",.0,"8",.0,"8",.0,"8",0,"8",0,"8",0,"8","","",0,"8",0,"8"
"352190360","P£OCK","2006","10","25","14","6","",0,"8",0,"8","","","",8,"",0,"8",0,"8",5,"",270,"",6,"",0,"",13.4,"",.0,"8","U","",10.4,"",68,"",7.6,"",1000.5,"",1013.6,"",3,2.1,"",.0,"8",0,"8","03","1","4","","3","","","0","","","2","","",0,"8",.0,"8",.0,"8","","8",0,"8","","",.0,"8",.0,"8",.0,"8",.0,"8",.0,"8",.0,"8",.0,"8",.0,"8",.0,"8",0,"8",0,"8",0,"8","","",0,"8",0,"8"
"352190360","P£OCK","2006","10","25","15","6","",0,"8",0,"8","","","",8,"",0,"8",0,"8",2,"",270,"",5,"",0,"",12.6,"",.0,"8","U","",10.6,"",73,"",7.9,"",1001.3,"",1014.4,"",2,2.3,"",.0,"8",0,"8","25","1","2","","9","","","0","","","0","","",0,"8",.0,"8",.0,"8","","8",0,"8","","",.0,"8",.0,"8",.0,"8",.0,"8",.0,"8",.0,"8",.0,"8",.0,"8",.0,"8",0,"8",0,"8",0,"8","","",0,"8",0,"8"
"352190360","P£OCK","2006","10","25","16","6","",0,"8",0,"8","","","",8,"",0,"8",0,"8",1,"",280,"",4,"",0,"",11.4,"",.0,"8","U","",10.2,"",76,"",7.3,"",1002.3,"",1015.5,"",3,2.6,"",.0,"8",0,"8","01","0","1","","5","","","0","","","0","","",0,"8",.0,"8",.0,"8","","8",0,"8","","",.0,"8",.0,"8",.0,"8",.0,"8",.0,"8",.0,"8",.0,"8",.0,"8",.0,"8",0,"8",0,"8",0,"8","","",0,"8",0,"8"
"352190360","P£OCK","2006","10","25","17","9","",0,"8",0,"8","","","",7,"",0,"8",0,"8",0,"",280,"",5,"",0,"",11.6,"",.0,"8","U","",10.4,"",76,"",7.5,"",1003.3,"",1016.5,"",3,2.8,"",.0,"8",0,"8","01","0","0","","0","","","0","","","0","","",0,"8",.0,"8",.0,"8","","8",0,"8","","",.0,"8",.0,"8",.0,"8",.0,"8",.0,"8",.0,"8",.0,"8",.0,"8",.0,"8",0,"8",0,"8",0,"8","","",0,"8",0,"8"
"352190360","P£OCK","2006","10","25","18","9","",0,"8",0,"8","","","",7,"",0,"8",0,"8",0,"",280,"",3,"",0,"",10.6,"",.0,"8","U","",10.2,"",80,"",7.3,"",1004.0,"",1017.2,"",1,2.7,"",.0,"",6,"","02","8","0","","0","","","0","","","0","","",1,"",.0,"8",.0,"8","","8",0,"8","","",.0,"8",.0,"8",.0,"8",.0,"8",.0,"8",.0,"8",.0,"8",.0,"8",.0,"8",0,"8",0,"8",0,"8","","",0,"8",0,"8"
"352190360","P£OCK","2006","10","25","19","9","",0,"8",0,"8","","","",6,"",0,"8",0,"8",0,"",280,"",3,"",0,"",9.7,"",.0,"8","U","",10.5,"",87,"",7.6,"",1004.8,"",1018.1,"",2,2.5,"",.0,"8",0,"8","10","0","0","","0","","","0","","","0","","",0,"8",.0,"8",.0,"8","","8",0,"8","","",.0,"8",.0,"8",.0,"8",.0,"8",.0,"8",.0,"8",.0,"8",.0,"8",.0,"8",0,"8",0,"8",0,"8","","",0,"8",0,"8"
"352190360","P£OCK","2006","10","25","20","9","",0,"8",0,"8","","","",6,"",0,"8",0,"8",0,"",290,"",2,"",0,"",8.4,"",.0,"8","U","",9.9,"",90,"",6.9,"",1005.3,"",1018.7,"",2,2.0,"",.0,"8",0,"8","10","0","0","","0","","","0","","","0","","",0,"8",.0,"8",.0,"8","","8",0,"8","","",.0,"8",.0,"8",.0,"8",.0,"8",.0,"8",.0,"8",.0,"8",.0,"8",.0,"8",0,"8",0,"8",0,"8","","",0,"8",0,"8"
"352190360","P£OCK","2006","10","25","21","9","",0,"8",0,"8","","","",5,"",0,"8",0,"8",0,"",0,"",0,"",0,"",6.9,"",.0,"8","U","",8.9,"",90,"",5.4,"",1005.7,"",1019.1,"",1,1.7,"",.0,"8",0,"8","10","0","0","","0","","","0","","","0","","",0,"8",.0,"8",.0,"8","","8",0,"8","","",.0,"8",.0,"8",.0,"8",.0,"8",.0,"8",.0,"8",.0,"8",.0,"8",.0,"8",0,"8",0,"8",0,"8","","",0,"8",0,"8"
"352190360","P£OCK","2006","10","25","22","9","",0,"8",0,"8","","","",5,"",0,"8",0,"8",0,"",0,"",0,"",0,"",4.9,"",.0,"8","U","",7.8,"",90,"",3.4,"",1006.3,"",1019.8,"",2,1.5,"",.0,"8",0,"8","10","0","0","","0","","","0","","","0","","",0,"8",.0,"8",.0,"8","","8",0,"8","","",.0,"8",.0,"8",.0,"8",.0,"8",.0,"8",.0,"8",.0,"8",.0,"8",.0,"8",0,"8",0,"8",0,"8","","",0,"8",0,"8"
"352190360","P£OCK","2006","10","25","23","9","",0,"8",0,"8","","","",4,"",0,"8",0,"8",0,"",0,"",0,"",0,"",3.5,"",.0,"8","U","",7.2,"",92,"",2.3,"",1006.8,"",1020.4,"",2,1.5,"",.0,"8",0,"8","10","0","0","","0","","","0","","","0","","",0,"8",.0,"8",.0,"8","","8",0,"8","","",.0,"8",.0,"8",.0,"8",.0,"8",.0,"8",.0,"8",.0,"8",.0,"8",.0,"8",0,"8",0,"8",0,"8","","",0,"8",0,"8"
"352190360","P£OCK","2006","10","26","00","/","",0,"8",0,"8","","","",2,"",0,"8",0,"8",9,"",90,"",1,"",0,"",2.2,"",.0,"8","U","",6.7,"",94,"",1.3,"",1006.6,"",1020.3,"",0,.9,"",.0,"9",0,"9","47","0","9","","/","","","/","","","/","","",1,"",.0,"8",.0,"8","","8",0,"8","","",.0,"8",.0,"8",.0,"8",.0,"8",.0,"8",.0,"8",.0,"8",.0,"8",.0,"8",0,"8",0,"8",0,"8","","",0,"8",0,"8"
"352190360","P£OCK","2006","10","26","01","/","",0,"8",0,"8","","","",1,"",0,"8",0,"8",9,"",120,"",1,"",0,"",2.1,"",.0,"8","U","",6.8,"",95,"",1.4,"",1006.9,"",1020.6,"",2,.6,"",.0,"8",0,"8","47","4","9","","/","","","/","","","/","","",0,"8",.0,"8",.0,"8","","8",0,"8","","",.0,"8",.0,"8",.0,"8",.0,"8",.0,"8",.0,"8",.0,"8",.0,"8",.0,"8",0,"8",0,"8",0,"8","","",0,"8",0,"8"
"352190360","P£OCK","2006","10","26","02","/","",0,"8",0,"8","","","",1,"",0,"8",0,"8",9,"",110,"",2,"",0,"",2.2,"",.0,"8","U","",6.8,"",95,"",1.5,"",1007.4,"",1021.1,"",3,.6,"",.0,"8",0,"8","43","4","9","","/","","","/","","","/","","",0,"8",.0,"8",.0,"8","","8",0,"8","","",.0,"8",.0,"8",.0,"8",.0,"8",.0,"8",.0,"8",.0,"8",.0,"8",.0,"8",0,"8",0,"8",0,"8","","",0,"8",0,"8"
"352190360","P£OCK","2006","10","26","03","/","",0,"8",0,"8","","","",1,"",0,"8",0,"8",9,"",130,"",2,"",0,"",2.8,"",.0,"8","U","",7.1,"",95,"",2.1,"",1007.7,"",1021.4,"",2,1.1,"",.0,"8",0,"8","47","4","9","","/","","","/","","","/","","",0,"8",.0,"8",.0,"8","","8",0,"8","","",.0,"8",.0,"8",.0,"8",.0,"8",.0,"8",.0,"8",.0,"8",.0,"8",.0,"8",0,"8",0,"8",0,"8","","",0,"8",0,"8"
"352190360","P£OCK","2006","10","26","04","/","",0,"8",0,"8","","","",2,"",0,"8",0,"8",9,"",110,"",2,"",0,"",2.3,"",.0,"8","U","",6.8,"",95,"",1.6,"",1007.6,"",1021.3,"",0,.7,"",.0,"8",0,"8","43","4","9","","/","","","/","","","/","","",0,"8",.0,"8",.0,"8","","8",0,"8","","",.0,"8",.0,"8",.0,"8",.0,"8",.0,"8",.0,"8",.0,"8",.0,"8",.0,"8",0,"8",0,"8",0,"8","","",0,"8",0,"8"
"352190360","P£OCK","2006","10","26","05","9","",0,"8",0,"8","","","",1,"",0,"8",0,"8",0,"",120,"",2,"",0,"",2.8,"",.0,"8","U","",7.1,"",95,"",2.1,"",1007.0,"",1020.7,"",8,-.4,"",.0,"8",0,"8","46","4","0","","0","","","0","","","0","","",0,"8",.0,"8",.0,"8","","8",0,"8","","",.0,"8",.0,"8",.0,"8",.0,"8",.0,"8",.0,"8",.0,"8",.0,"8",.0,"8",0,"8",0,"8",0,"8","","",0,"8",0,"8"
"352190360","P£OCK","2006","10","26","06","9","",0,"8",0,"8","","","",1,"",0,"8",0,"8",4,"",140,"",2,"",0,"",3.9,"",.0,"8","U","",7.7,"",95,"",3.2,"",1007.4,"",1021.0,"",5,-.3,"",.0,"9",0,"9","46","4","2","","0","","","3","","","6","","",1,"",.0,"8",.0,"8","","8",0,"8","","",.0,"8",.0,"8",.0,"8",.0,"8",.0,"8",.0,"8",.0,"8",.0,"8",.0,"8",0,"8",0,"8",0,"8","","",0,"8",0,"8"
"352190360","P£OCK","2006","10","26","07","9","",0,"8",0,"8","","","",3,"",0,"8",0,"8",6,"",130,"",3,"",0,"",6.0,"",.0,"8","U","",9.0,"",96,"",5.4,"",1007.3,"",1020.8,"",7,-.3,"",.0,"8",0,"8","42","4","2","","0","","","3","","","6","","",0,"8",.0,"8",.0,"8","","8",0,"8","","",.0,"8",.0,"8",.0,"8",.0,"8",.0,"8",.0,"8",.0,"8",.0,"8",.0,"8",0,"8",0,"8",0,"8","","",0,"8",0,"8"
"352190360","P£OCK","2006","10","26","08","9","",0,"8",0,"8","","","",6,"",0,"8",0,"8",4,"",150,"",4,"",0,"",8.0,"",.0,"8","U","",10.2,"",95,"",7.2,"",1006.9,"",1020.3,"",8,-.1,"",.0,"8",0,"8","10","1","1","","0","","","3","","","8","","",0,"8",.0,"8",.0,"8","","8",0,"8","","",.0,"8",.0,"8",.0,"8",.0,"8",.0,"8",.0,"8",.0,"8",.0,"8",.0,"8",0,"8",0,"8",0,"8","","",0,"8",0,"8"
"352190360","P£OCK","2006","10","26","09","9","",0,"8",0,"8","","","",7,"",0,"8",0,"8",4,"",150,"",4,"",0,"",10.0,"",.0,"8","U","",10.1,"",82,"",7.1,"",1006.4,"",1019.7,"",8,-1.0,"",.0,"8",0,"8","02","4","1","","0","","","3","","","8","","",0,"8",.0,"8",.0,"8","","8",0,"8","","",.0,"8",.0,"8",.0,"8",.0,"8",.0,"8",.0,"8",.0,"8",.0,"8",.0,"8",0,"8",0,"8",0,"8","","",0,"8",0,"8"
"352190360","P£OCK","2006","10","26","10","9","",0,"8",0,"8","","","",7,"",0,"8",0,"8",6,"",150,"",5,"",0,"",12.2,"",.0,"8","U","",10.5,"",74,"",7.7,"",1005.9,"",1019.1,"",7,-1.4,"",.0,"8",0,"8","03","1","1","","0","","","3","","","6","","",0,"8",.0,"8",.0,"8","","8",0,"8","","",.0,"8",.0,"8",.0,"8",.0,"8",.0,"8",.0,"8",.0,"8",.0,"8",.0,"8",0,"8",0,"8",0,"8","","",0,"8",0,"8"
"352190360","P£OCK","2006","10","26","11","9","",0,"8",0,"8","","","",7,"",0,"8",0,"8",6,"",150,"",5,"",0,"",13.2,"",.0,"8","U","",10.3,"",68,"",7.4,"",1004.9,"",1018.0,"",8,-2.0,"",.0,"8",0,"8","03","2","4","","0","","","5","","","8","","",0,"8",.0,"8",.0,"8","","8",0,"8","","",.0,"8",.0,"8",.0,"8",.0,"8",.0,"8",.0,"8",.0,"8",.0,"8",.0,"8",0,"8",0,"8",0,"8","","",0,"8",0,"8"
"352190360","P£OCK","2006","10","26","12","9","",0,"8",0,"8","","","",8,"",0,"8",0,"8",6,"",150,"",5,"",10,"",14.6,"",.0,"8","U","",10.6,"",64,"",7.9,"",1004.3,"",1017.4,"",7,-2.1,"",.0,"9",0,"9","01","4","2","","0","","","3","","","8","","",0,"",.0,"8",.0,"8","","8",0,"8","","",.0,"8",.0,"8",.0,"8",.0,"8",.0,"8",.0,"8",.0,"8",.0,"8",.0,"8",0,"8",0,"8",0,"8","","",0,"8",0,"8"
"352190360","P£OCK","2006","10","26","13","9","",0,"8",0,"8","","","",8,"",0,"8",0,"8",7,"",150,"",6,"",0,"",15.5,"",.0,"8","U","",10.4,"",59,"",7.5,"",1003.5,"",1016.5,"",7,-2.4,"",.0,"8",0,"8","01","2","1","","0","","","3","","","6","","",0,"8",.0,"8",.0,"8","","8",0,"8","","",.0,"8",.0,"8",.0,"8",.0,"8",.0,"8",.0,"8",.0,"8",.0,"8",.0,"8",0,"8",0,"8",0,"8","","",0,"8",0,"8"
"352190360","P£OCK","2006","10","26","14","9","",0,"8",0,"8","","","",7,"",0,"8",0,"8",6,"",150,"",5,"",0,"",15.9,"",.0,"8","U","",10.3,"",57,"",7.4,"",1002.8,"",1015.8,"",7,-2.1,"",.0,"8",0,"8","01","2","0","","0","","","0","","","8","","",0,"8",.0,"8",.0,"8","","8",0,"8","","",.0,"8",.0,"8",.0,"8",.0,"8",.0,"8",.0,"8",.0,"8",.0,"8",.0,"8",0,"8",0,"8",0,"8","","",0,"8",0,"8"
"352190360","P£OCK","2006","10","26","15","9","",0,"8",0,"8","","","",7,"",0,"8",0,"8",4,"",150,"",5,"",0,"",15.3,"",.0,"8","U","",9.5,"",55,"",6.3,"",1002.6,"",1015.6,"",6,-1.7,"",.0,"8",0,"8","01","1","0","","0","","","0","","","8","","",0,"8",.0,"8",.0,"8","","8",0,"8","","",.0,"8",.0,"8",.0,"8",.0,"8",.0,"8",.0,"8",.0,"8",.0,"8",.0,"8",0,"8",0,"8",0,"8","","",0,"8",0,"8"
"352190360","P£OCK","2006","10","26","16","9","",0,"8",0,"8","","","",7,"",0,"8",0,"8",4,"",150,"",4,"",0,"",14.2,"",.0,"8","U","",9.4,"",58,"",6.0,"",1002.4,"",1015.4,"",6,-1.1,"",.0,"8",0,"8","03","0","1","","0","","","3","","","8","","",0,"8",.0,"8",.0,"8","","8",0,"8","","",.0,"8",.0,"8",.0,"8",.0,"8",.0,"8",.0,"8",.0,"8",.0,"8",.0,"8",0,"8",0,"8",0,"8","","",0,"8",0,"8"
"352190360","P£OCK","2006","10","26","17","9","",0,"8",0,"8","","","",7,"",0,"8",0,"8",2,"",150,"",5,"",0,"",13.7,"",.0,"8","U","",9.5,"",61,"",6.3,"",1001.9,"",1015.0,"",8,-.9,"",.0,"8",0,"8","01","0","1","","0","","","3","","","1","","",0,"8",.0,"8",.0,"8","","8",0,"8","","",.0,"8",.0,"8",.0,"8",.0,"8",.0,"8",.0,"8",.0,"8",.0,"8",.0,"8",0,"8",0,"8",0,"8","","",0,"8",0,"8"
"352190360","P£OCK","2006","10","26","18","9","",0,"8",0,"8","","","",7,"",0,"8",0,"8",1,"",160,"",5,"",0,"",12.9,"",.0,"8","U","",9.5,"",64,"",6.2,"",1001.6,"",1014.7,"",7,-1.0,"",.0,"9",0,"9","01","1","0","","0","","","0","","","1","","",0,"",.0,"8",.0,"8","","8",0,"8","","",.0,"8",.0,"8",.0,"8",.0,"8",.0,"8",.0,"8",.0,"8",.0,"8",.0,"8",0,"8",0,"8",0,"8","","",0,"8",0,"8"
"352190360","P£OCK","2006","10","26","19","9","",0,"8",0,"8","","","",7,"",0,"8",0,"8",0,"",160,"",4,"",0,"",12.8,"",.0,"8","U","",9.6,"",65,"",6.4,"",1001.3,"",1014.4,"",6,-1.1,"",.0,"8",0,"8","01","0","0","","0","","","0","","","0","","",0,"8",.0,"8",.0,"8","","8",0,"8","","",.0,"8",.0,"8",.0,"8",.0,"8",.0,"8",.0,"8",.0,"8",.0,"8",.0,"8",0,"8",0,"8",0,"8","","",0,"8",0,"8"
"352190360","P£OCK","2006","10","26","20","9","",0,"8",0,"8","","","",7,"",0,"8",0,"8",0,"",150,"",3,"",0,"",12.3,"",.0,"8","U","",9.7,"",68,"",6.6,"",1001.0,"",1014.1,"",7,-.9,"",.0,"8",0,"8","02","0","0","","0","","","0","","","0","","",0,"8",.0,"8",.0,"8","","8",0,"8","","",.0,"8",.0,"8",.0,"8",.0,"8",.0,"8",.0,"8",.0,"8",.0,"8",.0,"8",0,"8",0,"8",0,"8","","",0,"8",0,"8"
"352190360","P£OCK","2006","10","26","21","9","",0,"8",0,"8","","","",7,"",0,"8",0,"8",0,"",190,"",2,"",0,"",12.0,"",.0,"8","U","",9.9,"",71,"",6.9,"",1000.7,"",1013.8,"",7,-.9,"",.0,"8",0,"8","02","0","0","","0","","","0","","","0","","",0,"8",.0,"8",.0,"8","","8",0,"8","","",.0,"8",.0,"8",.0,"8",.0,"8",.0,"8",.0,"8",.0,"8",.0,"8",.0,"8",0,"8",0,"8",0,"8","","",0,"8",0,"8"
"352190360","P£OCK","2006","10","26","22","9","",0,"8",0,"8","","","",7,"",0,"8",0,"8",0,"",150,"",2,"",0,"",11.4,"",.0,"8","U","",10.4,"",77,"",7.5,"",999.8,"",1012.9,"",8,-1.5,"",.0,"8",0,"8","02","0","0","","0","","","0","","","0","","",0,"8",.0,"8",.0,"8","","8",0,"8","","",.0,"8",.0,"8",.0,"8",.0,"8",.0,"8",.0,"8",.0,"8",.0,"8",.0,"8",0,"8",0,"8",0,"8","","",0,"8",0,"8"
"352190360","P£OCK","2006","10","26","23","9","",0,"8",0,"8","","","",7,"",0,"8",0,"8",0,"",160,"",3,"",0,"",11.8,"",.0,"8","U","",10.6,"",77,"",7.9,"",999.5,"",1012.6,"",7,-1.5,"",.0,"8",0,"8","02","0","0","","0","","","0","","","0","","",0,"8",.0,"8",.0,"8","","8",0,"8","","",.0,"8",.0,"8",.0,"8",.0,"8",.0,"8",.0,"8",.0,"8",.0,"8",.0,"8",0,"8",0,"8",0,"8","","",0,"8",0,"8"
"352190360","P£OCK","2006","10","27","00","9","",0,"8",0,"8","","","",7,"",0,"8",0,"8",0,"",180,"",3,"",0,"",13.3,"",.0,"8","U","",11.4,"",75,"",9.0,"",999.6,"",1012.6,"",5,-1.1,"",.0,"9",0,"9","02","0","0","","0","","","0","","","0","","",0,"",.0,"8",.0,"8","","8",0,"8","","",.0,"8",.0,"8",.0,"8",.0,"8",.0,"8",.0,"8",.0,"8",.0,"8",.0,"8",0,"8",0,"8",0,"8","","",0,"8",0,"8"
"352190360","P£OCK","2006","10","27","01","9","",0,"8",0,"8","","","",7,"",0,"8",0,"8",0,"",170,"",3,"",0,"",12.8,"",.0,"8","U","",11.4,"",77,"",8.9,"",999.0,"",1012.1,"",7,-.8,"",.0,"8",0,"8","02","0","0","","0","","","0","","","0","","",0,"8",.0,"8",.0,"8","","8",0,"8","","",.0,"8",.0,"8",.0,"8",.0,"8",.0,"8",.0,"8",.0,"8",.0,"8",.0,"8",0,"8",0,"8",0,"8","","",0,"8",0,"8"
"352190360","P£OCK","2006","10","27","02","9","",0,"8",0,"8","","","",7,"",0,"8",0,"8",0,"",160,"",3,"",0,"",13.0,"",.0,"8","U","",11.5,"",77,"",9.1,"",998.9,"",1012.0,"",8,-.6,"",.0,"8",0,"8","02","0","0","","0","","","0","","","0","","",0,"8",.0,"8",.0,"8","","8",0,"8","","",.0,"8",.0,"8",.0,"8",.0,"8",.0,"8",.0,"8",.0,"8",.0,"8",.0,"8",0,"8",0,"8",0,"8","","",0,"8",0,"8"
"352190360","P£OCK","2006","10","27","03","9","",0,"8",0,"8","","","",7,"",0,"8",0,"8",1,"",180,"",3,"",0,"",14.0,"",.0,"8","U","",11.8,"",74,"",9.4,"",998.7,"",1011.7,"",6,-.9,"",.0,"8",0,"8","03","0","1","","0","","","3","","","0","","",0,"8",.0,"8",.0,"8","","8",0,"8","","",.0,"8",.0,"8",.0,"8",.0,"8",.0,"8",.0,"8",.0,"8",.0,"8",.0,"8",0,"8",0,"8",0,"8","","",0,"8",0,"8"
"352190360","P£OCK","2006","10","27","04","9","",0,"8",0,"8","","","",7,"",0,"8",0,"8",1,"",230,"",1,"",0,"",13.8,"",.0,"8","U","",11.5,"",73,"",9.0,"",998.9,"",1011.9,"",5,-.1,"",.0,"8",0,"8","02","0","1","","0","","","3","","","0","","",0,"8",.0,"8",.0,"8","","8",0,"8","","",.0,"8",.0,"8",.0,"8",.0,"8",.0,"8",.0,"8",.0,"8",.0,"8",.0,"8",0,"8",0,"8",0,"8","","",0,"8",0,"8"
"352190360","P£OCK","2006","10","27","05","9","",0,"8",0,"8","","","",7,"",0,"8",0,"8",6,"",220,"",5,"",0,"",14.5,"",.0,"8","U","",11.9,"",72,"",9.5,"",998.7,"",1011.7,"",7,-.2,"",.0,"8",0,"8","03","1","6","","0","","","5","","","0","","",0,"8",.0,"8",.0,"8","","8",0,"8","","",.0,"8",.0,"8",.0,"8",.0,"8",.0,"8",.0,"8",.0,"8",.0,"8",.0,"8",0,"8",0,"8",0,"8","","",0,"8",0,"8"
"352190360","P£OCK","2006","10","27","06","9","",0,"8",0,"8","","","",7,"",0,"8",0,"8",7,"",210,"",6,"",0,"",15.0,"",.0,"8","U","",12.3,"",72,"",10.0,"",998.6,"",1011.6,"",8,-.1,"",.0,"9",0,"9","01","1","3","","0","","","3","","","6","","",0,"",.0,"8",.0,"8","","8",0,"8","","",.0,"8",.0,"8",.0,"8",.0,"8",.0,"8",.0,"8",.0,"8",.0,"8",.0,"8",0,"8",0,"8",0,"8","","",0,"8",0,"8"
"352190360","P£OCK","2006","10","27","07","9","",0,"8",0,"8","","","",7,"",0,"8",0,"8",8,"",210,"",6,"",0,"",16.7,"",.0,"8","U","",12.5,"",66,"",10.3,"",998.9,"",1011.8,"",5,.0,"",.0,"8",0,"8","01","2","2","","0","","","3","","","7","","",0,"8",.0,"8",.0,"8","","8",0,"8","","",.0,"8",.0,"8",.0,"8",.0,"8",.0,"8",.0,"8",.0,"8",.0,"8",.0,"8",0,"8",0,"8",0,"8","","",0,"8",0,"8"
"352190360","P£OCK","2006","10","27","08","9","",0,"8",0,"8","","","",8,"",0,"8",0,"8",8,"",220,"",6,"",0,"",17.0,"",.0,"8","U","",12.8,"",66,"",10.6,"",999.4,"",1012.3,"",3,.7,"",.0,"8",0,"8","02","2","2","","0","","","3","","","7","","",0,"8",.0,"8",.0,"8","","8",0,"8","","",.0,"8",.0,"8",.0,"8",.0,"8",.0,"8",.0,"8",.0,"8",.0,"8",.0,"8",0,"8",0,"8",0,"8","","",0,"8",0,"8"
"352190360","P£OCK","2006","10","27","09","9","",0,"8",0,"8","","","",8,"",0,"8",0,"8",8,"",230,"",6,"",0,"",17.6,"",.0,"8","U","",13.1,"",65,"",10.9,"",999.6,"",1012.5,"",2,1.0,"",.0,"8",0,"8","01","2","1","","0","","","3","","","7","","",0,"8",.0,"8",.0,"8","","8",0,"8","","",.0,"8",.0,"8",.0,"8",.0,"8",.0,"8",.0,"8",.0,"8",.0,"8",.0,"8",0,"8",0,"8",0,"8","","",0,"8",0,"8"
"352190360","P£OCK","2006","10","27","10","9","",0,"8",0,"8","","","",8,"",0,"8",0,"8",6,"",240,"",8,"",0,"",19.3,"",.0,"8","U","",13.2,"",59,"",11.1,"",999.2,"",1012.0,"",0,.3,"",.0,"8",0,"8","01","2","0","","0","","","0","","","8","","",0,"8",.0,"8",.0,"8","","8",0,"8","","",.0,"8",.0,"8",.0,"8",.0,"8",.0,"8",.0,"8",.0,"8",.0,"8",.0,"8",0,"8",0,"8",0,"8","","",0,"8",0,"8"
"352190360","P£OCK","2006","10","27","11","6","",0,"8",0,"8","","","",8,"",0,"8",0,"8",5,"",250,"",8,"",14,"",20.5,"",.0,"8","U","",13.0,"",54,"",10.9,"",999.1,"",1011.8,"",8,-.3,"",.0,"8",0,"8","03","2","1","","1","","","0","","","8","","",0,"8",.0,"8",.0,"8","","8",0,"8","","",.0,"8",.0,"8",.0,"8",.0,"8",.0,"8",.0,"8",.0,"8",.0,"8",.0,"8",0,"8",0,"8",0,"8","","",0,"8",0,"8"
"352190360","P£OCK","2006","10","27","12","6","",0,"8",0,"8","","","",7,"",0,"8",0,"8",5,"",250,"",9,"",14,"",20.5,"",.0,"8","U","",12.5,"",52,"",10.3,"",999.3,"",1012.0,"",5,-.3,"",.0,"9",0,"9","02","2","1","","1","","","0","","","8","","",0,"",.0,"8",.0,"8","","8",0,"8","","",.0,"8",.0,"8",.0,"8",.0,"8",.0,"8",.0,"8",.0,"8",.0,"8",.0,"8",0,"8",0,"8",0,"8","","",0,"8",0,"8"
"352190360","P£OCK","2006","10","27","13","6","",0,"8",0,"8","","","",7,"",0,"8",0,"8",3,"",250,"",8,"",15,"",20.2,"",.0,"8","U","",11.3,"",48,"",8.8,"",999.9,"",1012.6,"",3,.7,"",.0,"8",0,"8","03","1","1","","1","","","3","","","1","","",0,"8",.0,"8",.0,"8","","8",0,"8","","",.0,"8",.0,"8",.0,"8",.0,"8",.0,"8",.0,"8",.0,"8",.0,"8",.0,"8",0,"8",0,"8",0,"8","","",0,"8",0,"8"
"352190360","P£OCK","2006","10","27","14","6","",0,"8",0,"8","","","",8,"",0,"8",0,"8",2,"",280,"",8,"",0,"",19.2,"",.0,"8","U","",8.9,"",40,"",5.3,"",1000.8,"",1013.6,"",3,1.7,"",.0,"8",0,"8","01","0","1","","1","","","0","","","1","","",0,"8",.0,"8",.0,"8","","8",0,"8","","",.0,"8",.0,"8",.0,"8",.0,"8",.0,"8",.0,"8",.0,"8",.0,"8",.0,"8",0,"8",0,"8",0,"8","","",0,"8",0,"8"
"352190360","P£OCK","2006","10","27","15","9","",0,"8",0,"8","","","",8,"",0,"8",0,"8",2,"",270,"",9,"",17,"",18.0,"",.0,"8","U","",7.4,"",36,"",2.7,"",1001.2,"",1014.1,"",2,1.9,"",.0,"8",0,"8","01","1","0","","0","","","0","","","1","","",0,"8",.0,"8",.0,"8","","8",0,"8","","",.0,"8",.0,"8",.0,"8",.0,"8",.0,"8",.0,"8",.0,"8",.0,"8",.0,"8",0,"8",0,"8",0,"8","","",0,"8",0,"8"
"352190360","P£OCK","2006","10","27","16","9","",0,"8",0,"8","","","",8,"",0,"8",0,"8",1,"",270,"",6,"",0,"",15.8,"",.0,"8","U","",7.2,"",40,"",2.2,"",1002.6,"",1015.6,"",2,2.7,"",.0,"8",0,"8","01","0","0","","0","","","0","","","1","","",0,"8",.0,"8",.0,"8","","8",0,"8","","",.0,"8",.0,"8",.0,"8",.0,"8",.0,"8",.0,"8",.0,"8",.0,"8",.0,"8",0,"8",0,"8",0,"8","","",0,"8",0,"8"
"352190360","P£OCK","2006","10","27","17","9","",0,"8",0,"8","","","",8,"",0,"8",0,"8",0,"",280,"",5,"",0,"",13.8,"",.0,"8","U","",8.2,"",52,"",4.1,"",1003.3,"",1016.4,"",2,2.5,"",.0,"8",0,"8","01","0","0","","0","","","0","","","0","","",0,"8",.0,"8",.0,"8","","8",0,"8","","",.0,"8",.0,"8",.0,"8",.0,"8",.0,"8",.0,"8",.0,"8",.0,"8",.0,"8",0,"8",0,"8",0,"8","","",0,"8",0,"8"
"352190360","P£OCK","2006","10","27","18","9","",0,"8",0,"8","","","",8,"",0,"8",0,"8",0,"",280,"",5,"",0,"",12.4,"",.0,"8","U","",8.9,"",62,"",5.3,"",1004.2,"",1017.4,"",2,3.0,"",.0,"9",0,"9","02","1","0","","0","","","0","","","0","","",0,"",.0,"8",.0,"8","","8",0,"8","","",.0,"8",.0,"8",.0,"8",.0,"8",.0,"8",.0,"8",.0,"8",.0,"8",.0,"8",0,"8",0,"8",0,"8","","",0,"8",0,"8"
"352190360","P£OCK","2006","10","27","19","9","",0,"8",0,"8","","","",7,"",0,"8",0,"8",0,"",280,"",5,"",0,"",11.4,"",.0,"8","U","",9.0,"",67,"",5.5,"",1005.1,"",1018.3,"",3,2.5,"",.0,"8",0,"8","02","0","0","","0","","","0","","","0","","",0,"8",.0,"8",.0,"8","","8",0,"8","","",.0,"8",.0,"8",.0,"8",.0,"8",.0,"8",.0,"8",.0,"8",.0,"8",.0,"8",0,"8",0,"8",0,"8","","",0,"8",0,"8"
"352190360","P£OCK","2006","10","27","20","9","",0,"8",0,"8","","","",7,"",0,"8",0,"8",0,"",270,"",6,"",0,"",11.6,"",.0,"8","U","",8.9,"",65,"",5.2,"",1005.3,"",1018.5,"",1,2.0,"",.0,"8",0,"8","02","0","0","","0","","","0","","","0","","",0,"8",.0,"8",.0,"8","","8",0,"8","","",.0,"8",.0,"8",.0,"8",.0,"8",.0,"8",.0,"8",.0,"8",.0,"8",.0,"8",0,"8",0,"8",0,"8","","",0,"8",0,"8"
"352190360","P£OCK","2006","10","27","21","9","",0,"8",0,"8","","","",8,"",0,"8",0,"8",0,"",270,"",8,"",0,"",11.2,"",.0,"8","U","",8.6,"",65,"",4.9,"",1005.4,"",1018.6,"",1,1.2,"",.0,"8",0,"8","02","0","0","","0","","","0","","","0","","",0,"8",.0,"8",.0,"8","","8",0,"8","","",.0,"8",.0,"8",.0,"8",.0,"8",.0,"8",.0,"8",.0,"8",.0,"8",.0,"8",0,"8",0,"8",0,"8","","",0,"8",0,"8"
"352190360","P£OCK","2006","10","27","22","9","",0,"8",0,"8","","","",8,"",0,"8",0,"8",0,"",270,"",7,"",0,"",11.2,"",.0,"8","U","",8.6,"",65,"",4.9,"",1005.4,"",1018.6,"",1,.3,"",.0,"8",0,"8","02","0","0","","0","","","0","","","0","","",0,"8",.0,"8",.0,"8","","8",0,"8","","",.0,"8",.0,"8",.0,"8",.0,"8",.0,"8",.0,"8",.0,"8",.0,"8",.0,"8",0,"8",0,"8",0,"8","","",0,"8",0,"8"
"352190360","P£OCK","2006","10","27","23","6","",0,"8",0,"8","","","",8,"",0,"8",0,"8",7,"",270,"",7,"",0,"",10.9,"",.0,"8","U","",8.6,"",66,"",4.8,"",1005.8,"",1019.0,"",2,.5,"",.0,"8",0,"8","03","1","7","","5","","","/","","","/","","",0,"8",.0,"8",.0,"8","","8",0,"8","","",.0,"8",.0,"8",.0,"8",.0,"8",.0,"8",.0,"8",.0,"8",.0,"8",.0,"8",0,"8",0,"8",0,"8","","",0,"8",0,"8"
"352190360","P£OCK","2006","10","28","00","6","",0,"8",0,"8","","","",7,"",0,"8",0,"8",5,"",250,"",5,"",0,"",9.8,"",.0,"8","U","",8.8,"",73,"",5.2,"",1006.1,"",1019.4,"",3,.7,"",.0,"9",0,"9","01","1","3","","5","","","3","","","1","","",0,"",.0,"8",.0,"8","","8",0,"8","","",.0,"8",.0,"8",.0,"8",.0,"8",.0,"8",.0,"8",.0,"8",.0,"8",.0,"8",0,"8",0,"8",0,"8","","",0,"8",0,"8"
"352190360","P£OCK","2006","10","28","01","9","",0,"8",0,"8","","","",7,"",0,"8",0,"8",3,"",250,"",5,"",0,"",9.7,"",.0,"8","U","",9.0,"",75,"",5.5,"",1006.2,"",1019.5,"",1,.8,"",.0,"8",0,"8","01","1","2","","0","","","3","","","1","","",0,"8",.0,"8",.0,"8","","8",0,"8","","",.0,"8",.0,"8",.0,"8",.0,"8",.0,"8",.0,"8",.0,"8",.0,"8",.0,"8",0,"8",0,"8",0,"8","","",0,"8",0,"8"
"352190360","P£OCK","2006","10","28","02","7","",0,"8",0,"8","","","",7,"",0,"8",0,"8",7,"",270,"",7,"",0,"",10.4,"",.0,"8","U","",8.9,"",71,"",5.4,"",1006.6,"",1019.9,"",2,.8,"",.0,"8",0,"8","03","1","7","","5","","","/","","","/","","",0,"8",.0,"8",.0,"8","","8",0,"8","","",.0,"8",.0,"8",.0,"8",.0,"8",.0,"8",.0,"8",.0,"8",.0,"8",.0,"8",0,"8",0,"8",0,"8","","",0,"8",0,"8"
"352190360","P£OCK","2006","10","28","03","6","",0,"8",0,"8","","","",7,"",0,"8",0,"8",7,"",280,"",6,"",0,"",9.9,"",.0,"8","U","",8.9,"",73,"",5.3,"",1006.8,"",1020.1,"",2,.7,"",.0,"8",0,"8","01","1","5","","5","","","3","","","/","","",0,"8",.0,"8",.0,"8","","8",0,"8","","",.0,"8",.0,"8",.0,"8",.0,"8",.0,"8",.0,"8",.0,"8",.0,"8",.0,"8",0,"8",0,"8",0,"8","","",0,"8",0,"8"
"352190360","P£OCK","2006","10","28","04","6","",0,"8",0,"8","","","",7,"",0,"8",0,"8",7,"",280,"",5,"",0,"",9.7,"",.0,"8","U","",9.0,"",75,"",5.5,"",1007.3,"",1020.6,"",2,1.1,"",.0,"8",0,"8","02","2","5","","5","","","3","","","/","","",0,"8",.0,"8",.0,"8","","8",0,"8","","",.0,"8",.0,"8",.0,"8",.0,"8",.0,"8",.0,"8",.0,"8",.0,"8",.0,"8",0,"8",0,"8",0,"8","","",0,"8",0,"8"
"352190360","P£OCK","2006","10","28","05","6","",0,"8",0,"8","","","",7,"",0,"8",0,"8",7,"",270,"",5,"",0,"",9.8,"",.0,"8","U","",9.2,"",76,"",5.8,"",1007.5,"",1020.8,"",2,.9,"",.0,"8",0,"8","01","2","4","","5","","","3","","","/","","",0,"8",.0,"8",.0,"8","","8",0,"8","","",.0,"8",.0,"8",.0,"8",.0,"8",.0,"8",.0,"8",.0,"8",.0,"8",.0,"8",0,"8",0,"8",0,"8","","",0,"8",0,"8"
"352190360","P£OCK","2006","10","28","06","6","",0,"8",0,"8","","","",7,"",0,"8",0,"8",7,"",270,"",7,"",0,"",10.1,"",.0,"8","U","",9.3,"",75,"",5.9,"",1008.3,"",1021.6,"",2,1.5,"",.0,"9",0,"9","01","1","1","","5","","","3","","","/","","",0,"",.0,"8",.0,"8","","8",0,"8","","",.0,"8",.0,"8",.0,"8",.0,"8",.0,"8",.0,"8",.0,"8",.0,"8",.0,"8",0,"8",0,"8",0,"8","","",0,"8",0,"8"
"352190360","P£OCK","2006","10","28","07","6","",0,"8",0,"8","","","",7,"",0,"8",0,"8",5,"",270,"",5,"",0,"",9.9,"",.0,"8","U","",9.4,"",77,"",6.1,"",1009.1,"",1022.4,"",3,1.8,"",.0,"8",0,"8","01","2","1","","5","","","3","","","0","","",0,"8",.0,"8",.0,"8","","8",0,"8","","",.0,"8",.0,"8",.0,"8",.0,"8",.0,"8",.0,"8",.0,"8",.0,"8",.0,"8",0,"8",0,"8",0,"8","","",0,"8",0,"8"
"352190360","P£OCK","2006","10","28","08","5","",0,"8",0,"8","","","",7,"",0,"8",0,"8",2,"",280,"",5,"",10,"",10.6,"",.0,"8","U","",9.4,"",74,"",6.2,"",1009.4,"",1022.7,"",1,1.9,"",.0,"8",0,"8","01","1","1","","5","","","3","","","0","","",0,"8",.0,"8",.0,"8","","8",0,"8","","",.0,"8",.0,"8",.0,"8",.0,"8",.0,"8",.0,"8",.0,"8",.0,"8",.0,"8",0,"8",0,"8",0,"8","","",0,"8",0,"8"
"352190360","P£OCK","2006","10","28","09","5","",0,"8",0,"8","","","",7,"",0,"8",0,"8",3,"",290,"",5,"",0,"",11.5,"",.0,"8","U","",9.5,"",70,"",6.2,"",1009.7,"",1023.0,"",1,1.4,"",.0,"8",0,"8","01","1","1","","5","","","0","","","1","","",0,"8",.0,"8",.0,"8","","8",0,"8","","",.0,"8",.0,"8",.0,"8",.0,"8",.0,"8",.0,"8",.0,"8",.0,"8",.0,"8",0,"8",0,"8",0,"8","","",0,"8",0,"8"
"352190360","P£OCK","2006","10","28","10","5","",0,"8",0,"8","","","",7,"",0,"8",0,"8",6,"",290,"",5,"",0,"",11.6,"",.0,"8","U","",9.3,"",68,"",5.9,"",1009.8,"",1023.1,"",1,.7,"",.0,"8",0,"8","03","1","5","","5","","","0","","","1","","",0,"8",.0,"8",.0,"8","","8",0,"8","","",.0,"8",.0,"8",.0,"8",.0,"8",.0,"8",.0,"8",.0,"8",.0,"8",.0,"8",0,"8",0,"8",0,"8","","",0,"8",0,"8"
"352190360","P£OCK","2006","10","28","11","5","",0,"8",0,"8","","","",7,"",0,"8",0,"8",4,"",280,"",5,"",0,"",11.5,"",.0,"8","U","",8.8,"",65,"",5.1,"",1009.1,"",1022.4,"",8,-.3,"",.0,"8",0,"8","03","1","3","","3","","","0","","","1","","",0,"8",.0,"8",.0,"8","","8",0,"8","","",.0,"8",.0,"8",.0,"8",.0,"8",.0,"8",.0,"8",.0,"8",.0,"8",.0,"8",0,"8",0,"8",0,"8","","",0,"8",0,"8"
"352190360","P£OCK","2006","10","28","12","6","",0,"8",0,"8","","","",7,"",0,"8",0,"8",6,"",280,"",4,"",0,"",12.4,"",.0,"8","U","",8.8,"",61,"",5.1,"",1008.8,"",1022.0,"",8,-.9,"",.0,"9",0,"9","03","1","5","","3","","","0","","","1","","",0,"",.0,"8",.0,"8","","8",0,"8","","",.0,"8",.0,"8",.0,"8",.0,"8",.0,"8",.0,"8",.0,"8",.0,"8",.0,"8",0,"8",0,"8",0,"8","","",0,"8",0,"8"
"352190360","P£OCK","2006","10","28","13","6","",0,"8",0,"8","","","",8,"",0,"8",0,"8",5,"",290,"",4,"",0,"",12.4,"",.0,"8","U","",9.1,"",63,"",5.5,"",1008.3,"",1021.5,"",7,-1.5,"",.0,"8",0,"8","01","2","1","","2","","","0","","","6","","",0,"8",.0,"8",.0,"8","","8",0,"8","","",.0,"8",.0,"8",.0,"8",.0,"8",.0,"8",.0,"8",.0,"8",.0,"8",.0,"8",0,"8",0,"8",0,"8","","",0,"8",0,"8"
"352190360","P£OCK","2006","10","28","14","6","",0,"8",0,"8","","","",7,"",0,"8",0,"8",7,"",270,"",4,"",0,"",11.9,"",.0,"8","U","",8.6,"",62,"",4.8,"",1008.2,"",1021.4,"",7,-.9,"",.0,"8",0,"8","01","2","3","","5","","","3","","","6","","",0,"8",.0,"8",.0,"8","","8",0,"8","","",.0,"8",.0,"8",.0,"8",.0,"8",.0,"8",.0,"8",.0,"8",.0,"8",.0,"8",0,"8",0,"8",0,"8","","",0,"8",0,"8"
"352190360","P£OCK","2006","10","28","15","6","",0,"8",0,"8","","","",7,"",0,"8",0,"8",7,"",280,"",4,"",0,"",11.4,"",.0,"8","U","",8.3,"",62,"",4.4,"",1007.7,"",1020.9,"",7,-1.1,"",.0,"8",0,"8","03","2","3","","5","","","3","","","6","","",0,"8",.0,"8",.0,"8","","8",0,"8","","",.0,"8",.0,"8",.0,"8",.0,"8",.0,"8",.0,"8",.0,"8",.0,"8",.0,"8",0,"8",0,"8",0,"8","","",0,"8",0,"8"
"352190360","P£OCK","2006","10","28","16","6","",0,"8",0,"8","","","",7,"",0,"8",0,"8",7,"",260,"",3,"",0,"",11.3,"",.0,"8","U","",8.7,"",65,"",5.0,"",1007.5,"",1020.7,"",7,-.8,"",.0,"8",0,"8","03","2","7","","5","","","/","","","/","","",0,"8",.0,"8",.0,"8","","8",0,"8","","",.0,"8",.0,"8",.0,"8",.0,"8",.0,"8",.0,"8",.0,"8",.0,"8",.0,"8",0,"8",0,"8",0,"8","","",0,"8",0,"8"
"352190360","P£OCK","2006","10","28","17","6","",0,"8",0,"8","","","",7,"",0,"8",0,"8",7,"",220,"",3,"",0,"",10.3,"",.0,"8","U","",9.1,"",73,"",5.7,"",1006.8,"",1020.1,"",7,-1.4,"",.0,"8",0,"8","01","2","2","","5","","","0","","","8","","",0,"8",.0,"8",.0,"8","","8",0,"8","","",.0,"8",.0,"8",.0,"8",.0,"8",.0,"8",.0,"8",.0,"8",.0,"8",.0,"8",0,"8",0,"8",0,"8","","",0,"8",0,"8"
"352190360","P£OCK","2006","10","28","18","9","",0,"8",0,"8","","","",7,"",0,"8",0,"8",7,"",220,"",4,"",0,"",9.1,"",.0,"8","U","",9.0,"",78,"",5.5,"",1006.1,"",1019.4,"",8,-1.6,"",.0,"9",0,"9","01","2","0","","0","","","0","","","8","","",0,"",.0,"8",.0,"8","","8",0,"8","","",.0,"8",.0,"8",.0,"8",.0,"8",.0,"8",.0,"8",.0,"8",.0,"8",.0,"8",0,"8",0,"8",0,"8","","",0,"8",0,"8"
"352190360","P£OCK","2006","10","28","19","9","",0,"8",0,"8","","","",7,"",0,"8",0,"8",5,"",220,"",2,"",0,"",7.6,"",.0,"8","U","",8.8,"",84,"",5.1,"",1005.4,"",1018.8,"",7,-2.1,"",.0,"8",0,"8","01","2","0","","0","","","0","","","8","","",0,"8",.0,"8",.0,"8","","8",0,"8","","",.0,"8",.0,"8",.0,"8",.0,"8",.0,"8",.0,"8",.0,"8",.0,"8",.0,"8",0,"8",0,"8",0,"8","","",0,"8",0,"8"
"352190360","P£OCK","2006","10","28","20","7","",0,"8",0,"8","","","",7,"",0,"8",0,"8",7,"",220,"",3,"",0,"",8.1,"",.0,"8","U","",9.3,"",86,"",5.9,"",1004.6,"",1018.0,"",7,-2.2,"",.0,"8",0,"8","03","2","5","","5","","","0","","","8","","",0,"8",.0,"8",.0,"8","","8",0,"8","","",.0,"8",.0,"8",.0,"8",.0,"8",.0,"8",.0,"8",.0,"8",.0,"8",.0,"8",0,"8",0,"8",0,"8","","",0,"8",0,"8"
"352190360","P£OCK","2006","10","28","21","7","",0,"8",0,"8","","","",7,"",0,"8",0,"8",8,"",220,"",2,"",0,"",8.5,"",.0,"8","U","",9.4,"",85,"",6.1,"",1003.4,"",1016.7,"",8,-2.7,"",.0,"8",0,"8","03","2","8","","5","","","/","","","/","","",0,"8",.0,"8",.0,"8","","8",0,"8","","",.0,"8",.0,"8",.0,"8",.0,"8",.0,"8",.0,"8",.0,"8",.0,"8",.0,"8",0,"8",0,"8",0,"8","","",0,"8",0,"8"
"352190360","P£OCK","2006","10","28","22","6","",0,"8",0,"8","","","",7,"",0,"8",0,"8",8,"",220,"",3,"",0,"",8.8,"",.0,"8","U","",9.5,"",84,"",6.2,"",1002.2,"",1015.5,"",8,-3.2,"",.0,"8",0,"8","02","2","8","","5","","","/","","","/","","",0,"8",.0,"8",.0,"8","","8",0,"8","","",.0,"8",.0,"8",.0,"8",.0,"8",.0,"8",.0,"8",.0,"8",.0,"8",.0,"8",0,"8",0,"8",0,"8","","",0,"8",0,"8"
"352190360","P£OCK","2006","10","28","23","5","",0,"8",0,"8","","","",6,"",0,"8",0,"8",8,"",220,"",3,"",0,"",8.6,"",.0,"8","U","",9.8,"",88,"",6.7,"",1001.2,"",1014.5,"",6,-3.4,"",.0,"8",0,"8","61","6","5","","5","","","2","","","/","","",0,"8",.0,"8",.0,"8","","8",0,"8","","",.0,"8",.0,"8",.0,"8",.0,"8",.0,"8",.0,"8",.0,"8",.0,"8",.0,"8",0,"8",0,"8",0,"8","","",0,"8",0,"8"
"352190360","P£OCK","2006","10","29","00","7","",0,"8",0,"8","","","",6,"",0,"8",0,"8",8,"",200,"",2,"",0,"",8.5,"",.0,"8","U","",9.9,"",89,"",6.8,"",999.5,"",1012.8,"",7,-3.9,"",.1,"",6,"","61","2","8","","0","","","2","","","/","","",1,"",.0,"8",.0,"8","","8",0,"8","","",.0,"8",.0,"8",.0,"8",.0,"8",.0,"8",.0,"8",.0,"8",.0,"8",.0,"8",0,"8",0,"8",0,"8","","",0,"8",0,"8"
"352190360","P£OCK","2006","10","29","01","4","",0,"8",0,"8","","","",6,"",0,"8",0,"8",8,"",210,"",3,"",0,"",8.5,"",.0,"8","U","",10.2,"",92,"",7.3,"",998.3,"",1011.6,"",7,-3.9,"",.0,"8",0,"8","63","6","5","","5","","","2","","","/","","",0,"8",.0,"8",.0,"8","","8",0,"8","","",.0,"8",.0,"8",.0,"8",.0,"8",.0,"8",.0,"8",.0,"8",.0,"8",.0,"8",0,"8",0,"8",0,"8","","",0,"8",0,"8"
"352190360","P£OCK","2006","10","29","02","5","",0,"8",0,"8","","","",6,"",0,"8",0,"8",8,"",190,"",3,"",0,"",8.4,"",.0,"8","U","",10.2,"",93,"",7.3,"",996.5,"",1009.7,"",7,-4.7,"",.0,"8",0,"8","61","6","8","","5","","","/","","","/","","",0,"8",.0,"8",.0,"8","","8",0,"8","","",.0,"8",.0,"8",.0,"8",.0,"8",.0,"8",.0,"8",.0,"8",.0,"8",.0,"8",0,"8",0,"8",0,"8","","",0,"8",0,"8"
"352190360","P£OCK","2006","10","29","03","2","",0,"8",0,"8","","","",5,"",0,"8",0,"8",8,"",190,"",3,"",0,"",8.4,"",.0,"8","U","",10.3,"",94,"",7.5,"",995.0,"",1008.2,"",7,-4.5,"",.0,"8",0,"8","21","6","8","","6","","","/","","","/","","",0,"8",.0,"8",.0,"8","","8",0,"8","","",.0,"8",.0,"8",.0,"8",.0,"8",.0,"8",.0,"8",.0,"8",.0,"8",.0,"8",0,"8",0,"8",0,"8","","",0,"8",0,"8"
"352190360","P£OCK","2006","10","29","04","2","",0,"8",0,"8","","","",5,"",0,"8",0,"8",8,"",210,"",3,"",0,"",8.9,"",.0,"8","U","",10.7,"",94,"",8.0,"",993.4,"",1006.6,"",7,-4.9,"",.0,"8",0,"8","51","2","8","","6","","","/","","","/","","",0,"8",.0,"8",.0,"8","","8",0,"8","","",.0,"8",.0,"8",.0,"8",.0,"8",.0,"8",.0,"8",.0,"8",.0,"8",.0,"8",0,"8",0,"8",0,"8","","",0,"8",0,"8"
"352190360","P£OCK","2006","10","29","05","2","",0,"8",0,"8","","","",5,"",0,"8",0,"8",8,"",220,"",3,"",0,"",9.3,"",.0,"8","U","",11.0,"",94,"",8.4,"",991.7,"",1004.8,"",7,-4.8,"",.0,"8",0,"8","61","6","7","","7","","","/","","","/","","",0,"8",.0,"8",.0,"8","","8",0,"8","","",.0,"8",.0,"8",.0,"8",.0,"8",.0,"8",.0,"8",.0,"8",.0,"8",.0,"8",0,"8",0,"8",0,"8","","",0,"8",0,"8"
"352190360","P£OCK","2006","10","29","06","2","",0,"8",0,"8","","","",4,"",0,"8",0,"8",8,"",210,"",4,"",0,"",9.4,"",.0,"8","U","",11.1,"",94,"",8.5,"",990.3,"",1003.4,"",7,-4.7,"",1.3,"",6,"","51","6","8","","6","","","/","","","/","","",2,"",.0,"8",.0,"8","","8",0,"8","","",.0,"8",.0,"8",.0,"8",.0,"8",.0,"8",.0,"8",.0,"8",.0,"8",.0,"8",0,"8",0,"8",0,"8","","",0,"8",0,"8"
"352190360","P£OCK","2006","10","29","07","2","",0,"8",0,"8","","","",5,"",0,"8",0,"8",8,"",210,"",4,"",0,"",9.6,"",.0,"8","U","",11.3,"",95,"",8.8,"",988.8,"",1001.9,"",7,-4.6,"",.0,"8",0,"8","53","5","8","","6","","","/","","","/","","",0,"8",.0,"8",.0,"8","","8",0,"8","","",.0,"8",.0,"8",.0,"8",.0,"8",.0,"8",.0,"8",.0,"8",.0,"8",.0,"8",0,"8",0,"8",0,"8","","",0,"8",0,"8"
"352190360","P£OCK","2006","10","29","08","2","",0,"8",0,"8","","","",5,"",0,"8",0,"8",8,"",230,"",5,"",0,"",10.4,"",.0,"8","U","",11.8,"",94,"",9.5,"",987.7,"",1000.7,"",7,-4.0,"",.0,"8",0,"8","51","5","8","","6","","","/","","","/","","",0,"8",.0,"8",.0,"8","","8",0,"8","","",.0,"8",.0,"8",.0,"8",.0,"8",.0,"8",.0,"8",.0,"8",.0,"8",.0,"8",0,"8",0,"8",0,"8","","",0,"8",0,"8"
"352190360","P£OCK","2006","10","29","09","2","",0,"8",0,"8","","","",6,"",0,"8",0,"8",8,"",270,"",5,"",10,"",11.7,"",.0,"8","U","",12.6,"",92,"",10.4,"",986.9,"",999.9,"",6,-3.4,"",.0,"8",0,"8","20","5","8","","6","","","/","","","/","","",0,"8",.0,"8",.0,"8","","8",0,"8","","",.0,"8",.0,"8",.0,"8",.0,"8",.0,"8",.0,"8",.0,"8",.0,"8",.0,"8",0,"8",0,"8",0,"8","","",0,"8",0,"8"
"352190360","P£OCK","2006","10","29","10","4","",0,"8",0,"8","","","",7,"",0,"8",0,"8",8,"",280,"",7,"",12,"",12.4,"",.0,"8","U","",12.6,"",88,"",10.5,"",986.2,"",999.1,"",6,-2.6,"",.0,"8",0,"8","02","2","8","","5","","","/","","","/","","",0,"8",.0,"8",.0,"8","","8",0,"8","","",.0,"8",.0,"8",.0,"8",.0,"8",.0,"8",.0,"8",.0,"8",.0,"8",.0,"8",0,"8",0,"8",0,"8","","",0,"8",0,"8"
"352190360","P£OCK","2006","10","29","11","4","",0,"8",0,"8","","","",8,"",0,"8",0,"8",7,"",270,"",7,"",0,"",13.3,"",.0,"8","U","",13.0,"",85,"",10.8,"",985.2,"",998.1,"",7,-2.5,"",.0,"8",0,"8","01","2","7","","5","","","/","","","/","","",0,"8",.0,"8",.0,"8","","8",0,"8","","",.0,"8",.0,"8",.0,"8",.0,"8",.0,"8",.0,"8",.0,"8",.0,"8",.0,"8",0,"8",0,"8",0,"8","","",0,"8",0,"8"
"352190360","P£OCK","2006","10","29","12","4","",0,"8",0,"8","","","",6,"",0,"8",0,"8",8,"",280,"",8,"",15,"",12.1,"",.0,"8","U","",12.0,"",85,"",9.7,"",985.2,"",998.1,"",6,-1.7,"",1.1,"",6,"","80","5","8","","9","","","/","","","/","","",2,"",.0,"8",.0,"8","","8",0,"8","","",.0,"8",.0,"8",.0,"8",.0,"8",.0,"8",.0,"8",.0,"8",.0,"8",.0,"8",0,"8",0,"8",0,"8","","",0,"8",0,"8"
"352190360","P£OCK","2006","10","29","13","4","",0,"8",0,"8","","","",8,"",0,"8",0,"8",7,"",340,"",6,"",11,"",10.4,"",.0,"8","U","",10.7,"",85,"",8.0,"",986.8,"",999.8,"",3,.6,"",.0,"8",0,"8","25","2","7","","9","","","/","","","/","","",0,"8",.0,"8",.0,"8","","8",0,"8","","",.0,"8",.0,"8",.0,"8",.0,"8",.0,"8",.0,"8",.0,"8",.0,"8",.0,"8",0,"8",0,"8",0,"8","","",0,"8",0,"8"
"352190360","P£OCK","2006","10","29","14","4","",0,"8",0,"8","","","",8,"",0,"8",0,"8",8,"",340,"",5,"",0,"",9.6,"",.0,"8","U","",9.8,"",82,"",6.7,"",988.5,"",1001.6,"",3,3.3,"",.0,"8",0,"8","01","2","5","","9","","","3","","","/","","",0,"8",.0,"8",.0,"8","","8",0,"8","","",.0,"8",.0,"8",.0,"8",.0,"8",.0,"8",.0,"8",.0,"8",.0,"8",.0,"8",0,"8",0,"8",0,"8","","",0,"8",0,"8"
"352190360","P£OCK","2006","10","29","15","6","",0,"8",0,"8","","","",8,"",0,"8",0,"8",7,"",340,"",5,"",10,"",9.2,"",.0,"8","U","",9.2,"",79,"",5.7,"",989.8,"",1002.9,"",2,4.6,"",.0,"8",0,"8","25","2","5","","5","","","3","","","/","","",0,"8",.0,"8",.0,"8","","8",0,"8","","",.0,"8",.0,"8",.0,"8",.0,"8",.0,"8",.0,"8",.0,"8",.0,"8",.0,"8",0,"8",0,"8",0,"8","","",0,"8",0,"8"
"352190360","P£OCK","2006","10","29","16","4","",0,"8",0,"8","","","",7,"",0,"8",0,"8",7,"",360,"",9,"",14,"",5.9,"",.0,"8","U","",7.7,"",83,"",3.2,"",991.8,"",1005.1,"",2,5.0,"",.0,"8",0,"8","80","2","7","","9","","","/","","","/","","",0,"8",.0,"8",.0,"8","","8",0,"8","","",.0,"8",.0,"8",.0,"8",.0,"8",.0,"8",.0,"8",.0,"8",.0,"8",.0,"8",0,"8",0,"8",0,"8","","",0,"8",0,"8"
"352190360","P£OCK","2006","10","29","17","4","",0,"8",0,"8","","","",9,"",0,"8",0,"8",8,"",10,"",10,"",16,"",4.1,"",.0,"8","U","",6.5,"",80,"",1.0,"",994.9,"",1008.3,"",3,6.4,"",.0,"8",0,"8","80","2","8","","9","","","/","","","/","","",0,"8",.0,"8",.0,"8","","8",0,"8","","",.0,"8",.0,"8",.0,"8",.0,"8",.0,"8",.0,"8",.0,"8",.0,"8",.0,"8",0,"8",0,"8",0,"8","","",0,"8",0,"8"
"352190360","P£OCK","2006","10","29","18","6","",0,"8",0,"8","","","",9,"",0,"8",0,"8",7,"",10,"",9,"",14,"",3.2,"",.0,"8","U","",5.4,"",70,"",-1.8,"",996.9,"",1010.4,"",2,7.1,"",.3,"",6,"","25","2","2","","5","","","3","","","/","","",2,"",.0,"8",.0,"8","","8",0,"8","","",.0,"8",.0,"8",.0,"8",.0,"8",.0,"8",.0,"8",.0,"8",.0,"8",.0,"8",0,"8",0,"8",0,"8","","",0,"8",0,"8"
"352190360","P£OCK","2006","10","29","19","9","",0,"8",0,"8","","","",9,"",0,"8",0,"8",4,"",360,"",7,"",0,"",2.0,"",.0,"8","U","",4.9,"",70,"",-2.9,"",998.8,"",1012.4,"",1,7.0,"",.0,"8",0,"8","01","1","1","","0","","","3","","","1","","",0,"8",.0,"8",.0,"8","","8",0,"8","","",.0,"8",.0,"8",.0,"8",.0,"8",.0,"8",.0,"8",.0,"8",.0,"8",.0,"8",0,"8",0,"8",0,"8","","",0,"8",0,"8"
"352190360","P£OCK","2006","10","29","20","9","",0,"8",0,"8","","","",8,"",0,"8",0,"8",3,"",10,"",6,"",13,"",1.4,"",.0,"8","U","",4.7,"",69,"",-3.7,"",1000.5,"",1014.1,"",1,5.6,"",.0,"8",0,"8","01","0","0","","0","","","0","","","1","","",0,"8",.0,"8",.0,"8","","8",0,"8","","",.0,"8",.0,"8",.0,"8",.0,"8",.0,"8",.0,"8",.0,"8",.0,"8",.0,"8",0,"8",0,"8",0,"8","","",0,"8",0,"8"
"352190360","P£OCK","2006","10","29","21","9","",0,"8",0,"8","","","",9,"",0,"8",0,"8",3,"",360,"",5,"",0,"",1.2,"",.0,"8","U","",5.0,"",75,"",-2.7,"",1002.0,"",1015.7,"",1,5.1,"",.0,"8",0,"8","02","1","0","","0","","","0","","","1","","",0,"8",.0,"8",.0,"8","","8",0,"8","","",.0,"8",.0,"8",.0,"8",.0,"8",.0,"8",.0,"8",.0,"8",.0,"8",.0,"8",0,"8",0,"8",0,"8","","",0,"8",0,"8"
"352190360","P£OCK","2006","10","29","22","9","",0,"8",0,"8","","","",9,"",0,"8",0,"8",2,"",350,"",3,"",0,"",.6,"",.0,"8","U","",5.2,"",82,"",-2.1,"",1003.1,"",1016.8,"",1,4.3,"",.0,"8",0,"8","01","0","0","","0","","","0","","","1","","",0,"8",.0,"8",.0,"8","","8",0,"8","","",.0,"8",.0,"8",.0,"8",.0,"8",.0,"8",.0,"8",.0,"8",.0,"8",.0,"8",0,"8",0,"8",0,"8","","",0,"8",0,"8"
"352190360","P£OCK","2006","10","29","23","9","",0,"8",0,"8","","","",7,"",0,"8",0,"8",0,"",360,"",3,"",0,"",.5,"",.0,"8","U","",5.0,"",79,"",-2.7,"",1004.1,"",1017.8,"",1,3.6,"",.0,"8",0,"8","01","0","0","","0","","","0","","","0","","",0,"8",.0,"8",.0,"8","","8",0,"8","","",.0,"8",.0,"8",.0,"8",.0,"8",.0,"8",.0,"8",.0,"8",.0,"8",.0,"8",0,"8",0,"8",0,"8","","",0,"8",0,"8"
"352190360","P£OCK","2006","10","30","00","9","",0,"8",0,"8","","","",9,"",0,"8",0,"8",0,"",330,"",3,"",0,"",-.2,"",.0,"8","U","",4.7,"",78,"",-3.6,"",1005.1,"",1018.9,"",2,3.1,"",.0,"9",0,"9","02","1","0","","0","","","0","","","0","","",4,"",.0,"8",.0,"8","","8",0,"8","","",.0,"8",.0,"8",.0,"8",.0,"8",.0,"8",.0,"8",.0,"8",.0,"8",.0,"8",0,"8",0,"8",0,"8","","",0,"8",0,"8"
"352190360","P£OCK","2006","10","30","01","9","",0,"8",0,"8","","","",8,"",0,"8",0,"8",0,"",310,"",3,"",0,"",-1.3,"",.0,"8","U","",4.8,"",86,"",-3.3,"",1006.0,"",1019.8,"",2,2.9,"",.0,"8",0,"8","02","0","0","","0","","","0","","","0","","",0,"8",.0,"8",.0,"8","","8",0,"8","","",.0,"8",.0,"8",.0,"8",.0,"8",.0,"8",.0,"8",.0,"8",.0,"8",.0,"8",0,"8",0,"8",0,"8","","",0,"8",0,"8"
"352190360","P£OCK","2006","10","30","02","9","",0,"8",0,"8","","","",8,"",0,"8",0,"8",0,"",310,"",2,"",0,"",-1.6,"",.0,"8","U","",4.7,"",86,"",-3.6,"",1006.8,"",1020.7,"",1,2.7,"",.0,"8",0,"8","02","0","0","","0","","","0","","","0","","",0,"8",.0,"8",.0,"8","","8",0,"8","","",.0,"8",.0,"8",.0,"8",.0,"8",.0,"8",.0,"8",.0,"8",.0,"8",.0,"8",0,"8",0,"8",0,"8","","",0,"8",0,"8"
"352190360","P£OCK","2006","10","30","03","9","",0,"8",0,"8","","","",8,"",0,"8",0,"8",0,"",330,"",2,"",0,"",-2.0,"",.0,"8","U","",4.5,"",86,"",-4.0,"",1007.6,"",1021.5,"",2,2.5,"",.0,"8",0,"8","02","0","0","","0","","","0","","","0","","",0,"8",.0,"8",.0,"8","","8",0,"8","","",.0,"8",.0,"8",.0,"8",.0,"8",.0,"8",.0,"8",.0,"8",.0,"8",.0,"8",0,"8",0,"8",0,"8","","",0,"8",0,"8"
"352190360","P£OCK","2006","10","30","04","9","",0,"8",0,"8","","","",8,"",0,"8",0,"8",0,"",300,"",3,"",0,"",-2.0,"",.0,"8","U","",4.5,"",86,"",-4.0,"",1008.5,"",1022.4,"",2,2.5,"",.0,"8",0,"8","02","0","0","","0","","","0","","","0","","",0,"8",.0,"8",.0,"8","","8",0,"8","","",.0,"8",.0,"8",.0,"8",.0,"8",.0,"8",.0,"8",.0,"8",.0,"8",.0,"8",0,"8",0,"8",0,"8","","",0,"8",0,"8"
"352190360","P£OCK","2006","10","30","05","9","",0,"8",0,"8","","","",8,"",0,"8",0,"8",1,"",320,"",2,"",0,"",-1.9,"",.0,"8","U","",4.5,"",84,"",-4.2,"",1009.1,"",1023.0,"",2,2.3,"",.0,"8",0,"8","03","0","1","","0","","","3","","","0","","",0,"8",.0,"8",.0,"8","","8",0,"8","","",.0,"8",.0,"8",.0,"8",.0,"8",.0,"8",.0,"8",.0,"8",.0,"8",.0,"8",0,"8",0,"8",0,"8","","",0,"8",0,"8"
"352190360","P£OCK","2006","10","30","06","9","",0,"8",0,"8","","","",8,"",0,"8",0,"8",2,"",310,"",2,"",0,"",-2.2,"",.0,"8","U","",4.5,"",86,"",-4.2,"",1009.8,"",1023.7,"",2,2.2,"",.0,"9",0,"9","03","0","1","","0","","","3","","","1","","",4,"",.0,"8",.0,"8","","8",0,"8","","",.0,"8",.0,"8",.0,"8",.0,"8",.0,"8",.0,"8",.0,"8",.0,"8",.0,"8",0,"8",0,"8",0,"8","","",0,"8",0,"8"
"352190360","P£OCK","2006","10","30","07","9","",0,"8",0,"8","","","",8,"",0,"8",0,"8",4,"",340,"",1,"",0,"",-.4,"",.0,"8","U","",4.8,"",81,"",-3.3,"",1010.4,"",1024.3,"",2,1.9,"",.0,"8",0,"8","03","0","1","","0","","","3","","","6","","",0,"8",.0,"8",.0,"8","","8",0,"8","","",.0,"8",.0,"8",.0,"8",.0,"8",.0,"8",.0,"8",.0,"8",.0,"8",.0,"8",0,"8",0,"8",0,"8","","",0,"8",0,"8"
"352190360","P£OCK","2006","10","30","08","9","",0,"8",0,"8","","","",8,"",0,"8",0,"8",4,"",350,"",1,"",0,"",2.3,"",.0,"8","U","",4.9,"",68,"",-3.0,"",1010.4,"",1024.1,"",1,1.3,"",.0,"8",0,"8","02","0","1","","0","","","3","","","8","","",0,"8",.0,"8",.0,"8","","8",0,"8","","",.0,"8",.0,"8",.0,"8",.0,"8",.0,"8",.0,"8",.0,"8",.0,"8",.0,"8",0,"8",0,"8",0,"8","","",0,"8",0,"8"
"352190360","P£OCK","2006","10","30","09","6","",0,"8",0,"8","","","",8,"",0,"8",0,"8",5,"",310,"",2,"",0,"",3.8,"",.0,"8","U","",4.5,"",56,"",-4.2,"",1010.9,"",1024.6,"",2,1.1,"",.0,"8",0,"8","03","1","1","","5","","","3","","","6","","",0,"8",.0,"8",.0,"8","","8",0,"8","","",.0,"8",.0,"8",.0,"8",.0,"8",.0,"8",.0,"8",.0,"8",.0,"8",.0,"8",0,"8",0,"8",0,"8","","",0,"8",0,"8"
"352190360","P£OCK","2006","10","30","10","6","",0,"8",0,"8","","","",8,"",0,"8",0,"8",6,"",300,"",2,"",0,"",4.4,"",.0,"8","U","",4.3,"",52,"",-4.6,"",1010.7,"",1024.3,"",0,.3,"",.0,"8",0,"8","03","2","4","","5","","","3","","","6","","",0,"8",.0,"8",.0,"8","","8",0,"8","","",.0,"8",.0,"8",.0,"8",.0,"8",.0,"8",.0,"8",.0,"8",.0,"8",.0,"8",0,"8",0,"8",0,"8","","",0,"8",0,"8"
"352190360","P£OCK","2006","10","30","11","6","",0,"8",0,"8","","","",8,"",0,"8",0,"8",4,"",250,"",1,"",0,"",5.5,"",.0,"8","U","",4.6,"",51,"",-3.9,"",1009.9,"",1023.5,"",8,-.5,"",.0,"8",0,"8","03","1","1","","2","","","3","","","8","","",0,"8",.0,"8",.0,"8","","8",0,"8","","",.0,"8",.0,"8",.0,"8",.0,"8",.0,"8",.0,"8",.0,"8",.0,"8",.0,"8",0,"8",0,"8",0,"8","","",0,"8",0,"8"
"352190360","P£OCK","2006","10","30","12","6","",0,"8",0,"8","","","",8,"",0,"8",0,"8",6,"",40,"",1,"",0,"",5.2,"",.0,"8","U","",4.8,"",54,"",-3.4,"",1009.7,"",1023.3,"",7,-1.2,"",.0,"9",0,"9","03","1","4","","8","","","3","","","8","","",1,"",.0,"8",.0,"8","","8",0,"8","","",.0,"8",.0,"8",.0,"8",.0,"8",.0,"8",.0,"8",.0,"8",.0,"8",.0,"8",0,"8",0,"8",0,"8","","",0,"8",0,"8"
"352190360","P£OCK","2006","10","30","13","6","",0,"8",0,"8","","","",8,"",0,"8",0,"8",4,"",300,"",4,"",0,"",5.9,"",.0,"8","U","",5.1,"",55,"",-2.5,"",1009.4,"",1022.9,"",7,-1.3,"",.0,"8",0,"8","01","1","2","","5","","","3","","","1","","",0,"8",.0,"8",.0,"8","","8",0,"8","","",.0,"8",.0,"8",.0,"8",.0,"8",.0,"8",.0,"8",.0,"8",.0,"8",.0,"8",0,"8",0,"8",0,"8","","",0,"8",0,"8"
"352190360","P£OCK","2006","10","30","14","6","",0,"8",0,"8","","","",8,"",0,"8",0,"8",5,"",260,"",2,"",0,"",6.3,"",.0,"8","U","",5.3,"",56,"",-1.8,"",1009.2,"",1022.7,"",7,-.7,"",.0,"8",0,"8","03","1","2","","5","","","3","","","6","","",0,"8",.0,"8",.0,"8","","8",0,"8","","",.0,"8",.0,"8",.0,"8",.0,"8",.0,"8",.0,"8",.0,"8",.0,"8",.0,"8",0,"8",0,"8",0,"8","","",0,"8",0,"8"
"352190360","P£OCK","2006","10","30","15","6","",0,"8",0,"8","","","",8,"",0,"8",0,"8",6,"",200,"",2,"",0,"",4.5,"",.0,"8","U","",5.6,"",66,"",-1.3,"",1008.8,"",1022.4,"",7,-.9,"",.0,"8",0,"8","01","1","1","","5","","","3","","","6","","",0,"8",.0,"8",.0,"8","","8",0,"8","","",.0,"8",.0,"8",.0,"8",.0,"8",.0,"8",.0,"8",.0,"8",.0,"8",.0,"8",0,"8",0,"8",0,"8","","",0,"8",0,"8"
"352190360","P£OCK","2006","10","30","16","9","",0,"8",0,"8","","","",8,"",0,"8",0,"8",7,"",190,"",2,"",0,"",3.5,"",.0,"8","U","",5.4,"",69,"",-1.7,"",1008.8,"",1022.4,"",6,-.6,"",.0,"8",0,"8","01","2","1","","0","","","3","","","6","","",0,"8",.0,"8",.0,"8","","8",0,"8","","",.0,"8",.0,"8",.0,"8",.0,"8",.0,"8",.0,"8",.0,"8",.0,"8",.0,"8",0,"8",0,"8",0,"8","","",0,"8",0,"8"
"352190360","P£OCK","2006","10","30","17","9","",0,"8",0,"8","","","",7,"",0,"8",0,"8",7,"",200,"",2,"",0,"",2.5,"",.0,"8","U","",5.3,"",72,"",-2.0,"",1008.6,"",1022.3,"",7,-.6,"",.0,"8",0,"8","02","2","1","","0","","","3","","","8","","",0,"8",.0,"8",.0,"8","","8",0,"8","","",.0,"8",.0,"8",.0,"8",.0,"8",.0,"8",.0,"8",.0,"8",.0,"8",.0,"8",0,"8",0,"8",0,"8","","",0,"8",0,"8"
"352190360","P£OCK","2006","10","30","18","9","",0,"8",0,"8","","","",7,"",0,"8",0,"8",6,"",200,"",2,"",0,"",1.9,"",.0,"8","U","",5.2,"",74,"",-2.2,"",1008.1,"",1021.8,"",8,-.7,"",.0,"9",0,"9","01","1","0","","0","","","0","","","8","","",4,"",.0,"8",.0,"8","","8",0,"8","","",.0,"8",.0,"8",.0,"8",.0,"8",.0,"8",.0,"8",.0,"8",.0,"8",.0,"8",0,"8",0,"8",0,"8","","",0,"8",0,"8"
"352190360","P£OCK","2006","10","30","19","9","",0,"8",0,"8","","","",7,"",0,"8",0,"8",6,"",200,"",2,"",0,"",1.3,"",.0,"8","U","",5.2,"",78,"",-2.1,"",1008.0,"",1021.7,"",7,-.8,"",.0,"8",0,"8","02","2","0","","0","","","0","","","8","","",0,"8",.0,"8",.0,"8","","8",0,"8","","",.0,"8",.0,"8",.0,"8",.0,"8",.0,"8",.0,"8",.0,"8",.0,"8",.0,"8",0,"8",0,"8",0,"8","","",0,"8",0,"8"
"352190360","P£OCK","2006","10","30","20","9","",0,"8",0,"8","","","",7,"",0,"8",0,"8",7,"",190,"",2,"",0,"",2.2,"",.0,"8","U","",5.4,"",76,"",-1.6,"",1007.6,"",1021.3,"",7,-1.0,"",.0,"8",0,"8","03","2","3","","0","","","5","","","8","","",0,"8",.0,"8",.0,"8","","8",0,"8","","",.0,"8",.0,"8",.0,"8",.0,"8",.0,"8",.0,"8",.0,"8",.0,"8",.0,"8",0,"8",0,"8",0,"8","","",0,"8",0,"8"
"352190360","P£OCK","2006","10","30","21","9","",0,"8",0,"8","","","",7,"",0,"8",0,"8",7,"",200,"",2,"",0,"",2.3,"",.0,"8","U","",5.5,"",76,"",-1.5,"",1007.3,"",1021.0,"",7,-.8,"",.0,"8",0,"8","03","2","5","","0","","","5","","","8","","",0,"8",.0,"8",.0,"8","","8",0,"8","","",.0,"8",.0,"8",.0,"8",.0,"8",.0,"8",.0,"8",.0,"8",.0,"8",.0,"8",0,"8",0,"8",0,"8","","",0,"8",0,"8"
"352190360","P£OCK","2006","10","30","22","9","",0,"8",0,"8","","","",7,"",0,"8",0,"8",6,"",180,"",2,"",0,"",2.0,"",.0,"8","U","",5.3,"",75,"",-2.0,"",1006.9,"",1020.6,"",7,-1.1,"",.0,"8",0,"8","01","2","5","","0","","","3","","","1","","",0,"8",.0,"8",.0,"8","","8",0,"8","","",.0,"8",.0,"8",.0,"8",.0,"8",.0,"8",.0,"8",.0,"8",.0,"8",.0,"8",0,"8",0,"8",0,"8","","",0,"8",0,"8"
"352190360","P£OCK","2006","10","30","23","9","",0,"8",0,"8","","","",7,"",0,"8",0,"8",3,"",180,"",3,"",0,"",1.3,"",.0,"8","U","",5.2,"",78,"",-2.1,"",1006.2,"",1019.9,"",8,-1.4,"",.0,"8",0,"8","01","1","2","","0","","","3","","","1","","",0,"8",.0,"8",.0,"8","","8",0,"8","","",.0,"8",.0,"8",.0,"8",.0,"8",.0,"8",.0,"8",.0,"8",.0,"8",.0,"8",0,"8",0,"8",0,"8","","",0,"8",0,"8"
"352190360","P£OCK","2006","10","31","00","9","",0,"8",0,"8","","","",7,"",0,"8",0,"8",4,"",190,"",2,"",0,"",1.1,"",.0,"8","U","",5.2,"",78,"",-2.3,"",1005.8,"",1019.5,"",7,-1.5,"",.0,"9",0,"9","03","1","2","","0","","","3","","","1","","",4,"",.0,"8",.0,"8","","8",0,"8","","",.0,"8",.0,"8",.0,"8",.0,"8",.0,"8",.0,"8",.0,"8",.0,"8",.0,"8",0,"8",0,"8",0,"8","","",0,"8",0,"8"
"352190360","P£OCK","2006","10","31","01","9","",0,"8",0,"8","","","",7,"",0,"8",0,"8",2,"",180,"",3,"",0,"",1.3,"",.0,"8","U","",5.0,"",74,"",-2.8,"",1004.8,"",1018.5,"",7,-2.1,"",.0,"8",0,"8","01","0","0","","0","","","0","","","1","","",0,"8",.0,"8",.0,"8","","8",0,"8","","",.0,"8",.0,"8",.0,"8",.0,"8",.0,"8",.0,"8",.0,"8",.0,"8",.0,"8",0,"8",0,"8",0,"8","","",0,"8",0,"8"
"352190360","P£OCK","2006","10","31","02","9","",0,"8",0,"8","","","",7,"",0,"8",0,"8",3,"",190,"",4,"",0,"",1.5,"",.0,"8","U","",4.8,"",71,"",-3.2,"",1004.0,"",1017.7,"",7,-2.2,"",.0,"8",0,"8","03","0","2","","0","","","3","","","1","","",0,"8",.0,"8",.0,"8","","8",0,"8","","",.0,"8",.0,"8",.0,"8",.0,"8",.0,"8",.0,"8",.0,"8",.0,"8",.0,"8",0,"8",0,"8",0,"8","","",0,"8",0,"8"
"352190360","P£OCK","2006","10","31","03","9","",0,"8",0,"8","","","",7,"",0,"8",0,"8",2,"",180,"",3,"",0,"",1.2,"",.0,"8","U","",4.7,"",70,"",-3.7,"",1003.1,"",1016.8,"",7,-2.7,"",.0,"8",0,"8","01","0","1","","0","","","3","","","1","","",0,"8",.0,"8",.0,"8","","8",0,"8","","",.0,"8",.0,"8",.0,"8",.0,"8",.0,"8",.0,"8",.0,"8",.0,"8",.0,"8",0,"8",0,"8",0,"8","","",0,"8",0,"8"
"352190360","P£OCK","2006","10","31","04","9","",0,"8",0,"8","","","",7,"",0,"8",0,"8",2,"",170,"",3,"",0,"",.7,"",.0,"8","U","",4.7,"",73,"",-3.6,"",1002.1,"",1015.8,"",8,-2.7,"",.0,"8",0,"8","02","0","1","","0","","","3","","","1","","",0,"8",.0,"8",.0,"8","","8",0,"8","","",.0,"8",.0,"8",.0,"8",.0,"8",.0,"8",.0,"8",.0,"8",.0,"8",.0,"8",0,"8",0,"8",0,"8","","",0,"8",0,"8"
"352190360","P£OCK","2006","10","31","05","9","",0,"8",0,"8","","","",7,"",0,"8",0,"8",3,"",180,"",3,"",0,"",.7,"",.0,"8","U","",4.6,"",72,"",-3.8,"",1001.3,"",1015.0,"",7,-2.7,"",.0,"8",0,"8","03","0","1","","0","","","3","","","1","","",0,"8",.0,"8",.0,"8","","8",0,"8","","",.0,"8",.0,"8",.0,"8",.0,"8",.0,"8",.0,"8",.0,"8",.0,"8",.0,"8",0,"8",0,"8",0,"8","","",0,"8",0,"8"
"352190360","P£OCK","2006","10","31","06","9","",0,"8",0,"8","","","",7,"",0,"8",0,"8",5,"",170,"",3,"",0,"",.7,"",.0,"8","U","",4.8,"",74,"",-3.4,"",1000.6,"",1014.3,"",6,-2.5,"",.0,"9",0,"9","03","1","1","","0","","","3","","","6","","",4,"",.0,"8",.0,"8","","8",0,"8","","",.0,"8",.0,"8",.0,"8",.0,"8",.0,"8",.0,"8",.0,"8",.0,"8",.0,"8",0,"8",0,"8",0,"8","","",0,"8",0,"8"
"352190360","P£OCK","2006","10","31","07","9","",0,"8",0,"8","","","",7,"",0,"8",0,"8",7,"",170,"",4,"",0,"",1.4,"",.0,"8","U","",4.9,"",72,"",-3.1,"",999.8,"",1013.4,"",7,-2.3,"",.0,"8",0,"8","03","2","2","","0","","","3","","","6","","",0,"8",.0,"8",.0,"8","","8",0,"8","","",.0,"8",.0,"8",.0,"8",.0,"8",.0,"8",.0,"8",.0,"8",.0,"8",.0,"8",0,"8",0,"8",0,"8","","",0,"8",0,"8"
"352190360","P£OCK","2006","10","31","08","9","",0,"8",0,"8","","","",7,"",0,"8",0,"8",7,"",180,"",4,"",0,"",3.3,"",.0,"8","U","",5.3,"",68,"",-2.0,"",998.9,"",1012.4,"",7,-2.4,"",.0,"8",0,"8","03","2","6","","0","","","5","","","8","","",0,"8",.0,"8",.0,"8","","8",0,"8","","",.0,"8",.0,"8",.0,"8",.0,"8",.0,"8",.0,"8",.0,"8",.0,"8",.0,"8",0,"8",0,"8",0,"8","","",0,"8",0,"8"
"352190360","P£OCK","2006","10","31","09","6","",0,"8",0,"8","","","",6,"",0,"8",0,"8",7,"",180,"",5,"",0,"",4.8,"",.0,"8","U","",5.7,"",66,"",-1.0,"",997.9,"",1011.3,"",8,-2.7,"",.0,"8",0,"8","05","2","5","","5","","","7","","","/","","",0,"8",.0,"8",.0,"8","","8",0,"8","","",.0,"8",.0,"8",.0,"8",.0,"8",.0,"8",.0,"8",.0,"8",.0,"8",.0,"8",0,"8",0,"8",0,"8","","",0,"8",0,"8"
"352190360","P£OCK","2006","10","31","10","6","",0,"8",0,"8","","","",7,"",0,"8",0,"8",8,"",190,"",5,"",0,"",6.5,"",.0,"8","U","",6.4,"",66,"",.6,"",996.8,"",1010.1,"",8,-3.0,"",.0,"8",0,"8","03","2","5","","5","","","7","","","/","","",0,"8",.0,"8",.0,"8","","8",0,"8","","",.0,"8",.0,"8",.0,"8",.0,"8",.0,"8",.0,"8",.0,"8",.0,"8",.0,"8",0,"8",0,"8",0,"8","","",0,"8",0,"8"
"352190360","P£OCK","2006","10","31","11","6","",0,"8",0,"8","","","",7,"",0,"8",0,"8",8,"",190,"",4,"",0,"",7.3,"",.0,"8","U","",6.9,"",68,"",1.8,"",996.0,"",1009.3,"",7,-2.9,"",.0,"8",0,"8","25","2","4","","5","","","7","","","/","","",0,"8",.0,"8",.0,"8","","8",0,"8","","",.0,"8",.0,"8",.0,"8",.0,"8",.0,"8",.0,"8",.0,"8",.0,"8",.0,"8",0,"8",0,"8",0,"8","","",0,"8",0,"8"
"352190360","P£OCK","2006","10","31","12","6","",0,"8",0,"8","","","",6,"",0,"8",0,"8",8,"",190,"",4,"",0,"",7.0,"",.0,"8","U","",7.7,"",77,"",3.2,"",995.3,"",1008.6,"",6,-2.6,"",.2,"",6,"","80","2","5","","9","","","7","","","/","","",1,"",.0,"8",.0,"8","","8",0,"8","","",.0,"8",.0,"8",.0,"8",.0,"8",.0,"8",.0,"8",.0,"8",.0,"8",.0,"8",0,"8",0,"8",0,"8","","",0,"8",0,"8"
"352190360","P£OCK","2006","10","31","13","6","",0,"8",0,"8","","","",7,"",0,"8",0,"8",8,"",180,"",4,"",9,"",7.7,"",.0,"8","U","",7.9,"",75,"",3.5,"",993.5,"",1006.7,"",8,-3.3,"",.0,"8",0,"8","25","8","4","","9","","","7","","","/","","",0,"8",.0,"8",.0,"8","","8",0,"8","","",.0,"8",.0,"8",.0,"8",.0,"8",.0,"8",.0,"8",.0,"8",.0,"8",.0,"8",0,"8",0,"8",0,"8","","",0,"8",0,"8"
"352190360","P£OCK","2006","10","31","14","6","",0,"8",0,"8","","","",7,"",0,"8",0,"8",7,"",180,"",4,"",0,"",8.6,"",.0,"8","U","",7.7,"",69,"",3.2,"",992.6,"",1005.8,"",7,-3.4,"",.0,"8",0,"8","01","2","3","","9","","","7","","","/","","",0,"8",.0,"8",.0,"8","","8",0,"8","","",.0,"8",.0,"8",.0,"8",.0,"8",.0,"8",.0,"8",.0,"8",.0,"8",.0,"8",0,"8",0,"8",0,"8","","",0,"8",0,"8"
"352190360","P£OCK","2006","10","31","15","9","",0,"8",0,"8","","","",7,"",0,"8",0,"8",7,"",190,"",4,"",0,"",8.9,"",.0,"8","U","",7.5,"",66,"",2.9,"",991.1,"",1004.2,"",7,-4.2,"",.0,"8",0,"8","01","8","6","","0","","","3","","","8","","",0,"8",.0,"8",.0,"8","","8",0,"8","","",.0,"8",.0,"8",.0,"8",.0,"8",.0,"8",.0,"8",.0,"8",.0,"8",.0,"8",0,"8",0,"8",0,"8","","",0,"8",0,"8"
"352190360","P£OCK","2006","10","31","16","9","",0,"8",0,"8","","","",7,"",0,"8",0,"8",7,"",180,"",5,"",0,"",8.8,"",.0,"8","U","",7.6,"",67,"",3.0,"",989.6,"",1002.7,"",8,-3.9,"",.0,"8",0,"8","01","2","4","","0","","","3","","","8","","",0,"8",.0,"8",.0,"8","","8",0,"8","","",.0,"8",.0,"8",.0,"8",.0,"8",.0,"8",.0,"8",.0,"8",.0,"8",.0,"8",0,"8",0,"8",0,"8","","",0,"8",0,"8"
"352190360","P£OCK","2006","10","31","17","9","",0,"8",0,"8","","","",7,"",0,"8",0,"8",7,"",190,"",6,"",0,"",9.1,"",.0,"8","U","",7.6,"",66,"",3.1,"",988.6,"",1001.7,"",6,-4.0,"",.0,"8",0,"8","03","2","7","","0","","","5","","","/","","",0,"8",.0,"8",.0,"8","","8",0,"8","","",.0,"8",.0,"8",.0,"8",.0,"8",.0,"8",.0,"8",.0,"8",.0,"8",.0,"8",0,"8",0,"8",0,"8","","",0,"8",0,"8"
"352190360","P£OCK","2006","10","31","18","9","",0,"8",0,"8","","","",7,"",0,"8",0,"8",7,"",190,"",6,"",0,"",9.4,"",.0,"8","U","",7.5,"",64,"",2.9,"",987.6,"",1000.7,"",6,-3.5,"",.1,"",6,"","02","8","7","","0","","","3","","","/","","",1,"",.0,"8",.0,"8","","8",0,"8","","",.0,"8",.0,"8",.0,"8",.0,"8",.0,"8",.0,"8",.0,"8",.0,"8",.0,"8",0,"8",0,"8",0,"8","","",0,"8",0,"8"
"352190360","P£OCK","2006","10","31","19","6","",0,"8",0,"8","","","",7,"",0,"8",0,"8",8,"",190,"",5,"",0,"",9.4,"",.0,"8","U","",7.3,"",62,"",2.5,"",987.0,"",1000.1,"",6,-2.6,"",.0,"8",0,"8","25","8","4","","9","","","7","","","/","","",0,"8",.0,"8",.0,"8","","8",0,"8","","",.0,"8",.0,"8",.0,"8",.0,"8",.0,"8",.0,"8",.0,"8",.0,"8",.0,"8",0,"8",0,"8",0,"8","","",0,"8",0,"8"
"352190360","P£OCK","2006","10","31","20","9","",0,"8",0,"8","","","",8,"",0,"8",0,"8",8,"",200,"",6,"",11,"",9.9,"",.0,"8","U","",7.2,"",59,"",2.3,"",986.5,"",999.5,"",6,-2.1,"",.0,"8",0,"8","01","2","8","","0","","","7","","","/","","",0,"8",.0,"8",.0,"8","","8",0,"8","","",.0,"8",.0,"8",.0,"8",.0,"8",.0,"8",.0,"8",.0,"8",.0,"8",.0,"8",0,"8",0,"8",0,"8","","",0,"8",0,"8"
"352190360","P£OCK","2006","10","31","21","9","",0,"8",0,"8","","","",8,"",0,"8",0,"8",8,"",210,"",7,"",0,"",9.8,"",.0,"8","U","",7.3,"",60,"",2.4,"",985.8,"",998.8,"",7,-1.8,"",.0,"8",0,"8","02","8","8","","0","","","7","","","/","","",0,"8",.0,"8",.0,"8","","8",0,"8","","",.0,"8",.0,"8",.0,"8",.0,"8",.0,"8",.0,"8",.0,"8",.0,"8",.0,"8",0,"8",0,"8",0,"8","","",0,"8",0,"8"
"352190360","P£OCK","2006","10","31","22","9","",0,"8",0,"8","","","",8,"",0,"8",0,"8",8,"",210,"",8,"",0,"",9.7,"",.0,"8","U","",7.5,"",62,"",2.8,"",985.3,"",998.3,"",7,-1.7,"",.0,"8",0,"8","02","2","8","","0","","","7","","","/","","",0,"8",.0,"8",.0,"8","","8",0,"8","","",.0,"8",.0,"8",.0,"8",.0,"8",.0,"8",.0,"8",.0,"8",.0,"8",.0,"8",0,"8",0,"8",0,"8","","",0,"8",0,"8"
"352190360","P£OCK","2006","10","31","23","6","",0,"8",0,"8","","","",8,"",0,"8",0,"8",8,"",210,"",6,"",0,"",9.1,"",.0,"8","U","",7.7,"",67,"",3.3,"",984.9,"",998.0,"",6,-1.6,"",.0,"8",0,"8","25","2","8","","9","","","/","","","/","","",0,"8",.0,"8",.0,"8","","8",0,"8","","",.0,"8",.0,"8",.0,"8",.0,"8",.0,"8",.0,"8",.0,"8",.0,"8",.0,"8",0,"8",0,"8",0,"8","","",0,"8",0,"8"
"352190360","P£OCK","2006","11","01","00","5","",0,"8",0,"8","","","",7,"",0,"8",0,"8",8,"",210,"",6,"",0,"",7.8,"",.0,"8","U","",8.6,"",81,"",4.7,"",984.6,"",997.7,"",6,-1.2,"",.7,"",6,"","80","2","8","","9","","","/","","","/","","",2,"",.0,"8",.0,"8","","8",0,"8","","",.0,"8",.0,"8",.0,"8",.0,"8",.0,"8",.0,"8",.0,"8",.0,"8",.0,"8",0,"8",0,"8",0,"8","","",0,"8",0,"8"
"352190360","P£OCK","2006","11","01","01","6","",0,"8",0,"8","","","",7,"",0,"8",0,"8",6,"",210,"",6,"",0,"",8.1,"",.0,"8","U","",8.4,"",78,"",4.5,"",984.1,"",997.2,"",7,-1.2,"",.0,"8",0,"8","25","2","3","","9","","","3","","","0","","",0,"8",.0,"8",.0,"8","","8",0,"8","","",.0,"8",.0,"8",.0,"8",.0,"8",.0,"8",.0,"8",.0,"8",.0,"8",.0,"8",0,"8",0,"8",0,"8","","",0,"8",0,"8"
"352190360","P£OCK","2006","11","01","02","6","",0,"8",0,"8","","","",7,"",0,"8",0,"8",6,"",220,"",6,"",0,"",8.0,"",.0,"8","U","",8.1,"",76,"",4.0,"",983.6,"",996.7,"",8,-1.3,"",.0,"8",0,"8","01","2","1","","5","","","3","","","0","","",0,"8",.0,"8",.0,"8","","8",0,"8","","",.0,"8",.0,"8",.0,"8",.0,"8",.0,"8",.0,"8",.0,"8",.0,"8",.0,"8",0,"8",0,"8",0,"8","","",0,"8",0,"8"
"352190360","P£OCK","2006","11","01","03","7","",0,"8",0,"8","","","",7,"",0,"8",0,"8",5,"",210,"",5,"",0,"",7.7,"",.0,"8","U","",7.9,"",75,"",3.5,"",983.0,"",996.1,"",7,-1.6,"",.0,"8",0,"8","03","8","3","","5","","","3","","","0","","",0,"8",.0,"8",.0,"8","","8",0,"8","","",.0,"8",.0,"8",.0,"8",.0,"8",.0,"8",.0,"8",.0,"8",.0,"8",.0,"8",0,"8",0,"8",0,"8","","",0,"8",0,"8"
"352190360","P£OCK","2006","11","01","04","7","",0,"8",0,"8","","","",7,"",0,"8",0,"8",4,"",210,"",6,"",0,"",8.0,"",.0,"8","U","",7.8,"",73,"",3.5,"",982.5,"",995.6,"",7,-1.6,"",.0,"8",0,"8","01","1","3","","5","","","3","","","0","","",0,"8",.0,"8",.0,"8","","8",0,"8","","",.0,"8",.0,"8",.0,"8",.0,"8",.0,"8",.0,"8",.0,"8",.0,"8",.0,"8",0,"8",0,"8",0,"8","","",0,"8",0,"8"
"352190360","P£OCK","2006","11","01","05","6","",0,"8",0,"8","","","",7,"",0,"8",0,"8",7,"",220,"",6,"",0,"",8.7,"",.0,"8","U","",8.2,"",73,"",4.1,"",982.2,"",995.2,"",6,-1.4,"",.0,"8",0,"8","03","1","6","","5","","","3","","","/","","",0,"8",.0,"8",.0,"8","","8",0,"8","","",.0,"8",.0,"8",.0,"8",.0,"8",.0,"8",.0,"8",.0,"8",.0,"8",.0,"8",0,"8",0,"8",0,"8","","",0,"8",0,"8"
"352190360","P£OCK","2006","11","01","06","5","",0,"8",0,"8","","","",7,"",0,"8",0,"8",7,"",220,"",6,"",0,"",9.0,"",.0,"8","U","",9.3,"",81,"",5.9,"",982.1,"",995.1,"",6,-.9,"",.1,"",6,"","80","1","7","","9","","","/","","","/","","",2,"",.0,"8",.0,"8","","8",0,"8","","",.0,"8",.0,"8",.0,"8",.0,"8",.0,"8",.0,"8",.0,"8",.0,"8",.0,"8",0,"8",0,"8",0,"8","","",0,"8",0,"8"
"352190360","P£OCK","2006","11","01","07","4","",0,"8",0,"8","","","",6,"",0,"8",0,"8",8,"",220,"",7,"",0,"",8.5,"",.0,"8","U","",9.9,"",89,"",6.8,"",982.8,"",995.9,"",3,.3,"",.0,"8",0,"8","80","8","8","","9","","","/","","","/","","",0,"8",.0,"8",.0,"8","","8",0,"8","","",.0,"8",.0,"8",.0,"8",.0,"8",.0,"8",.0,"8",.0,"8",.0,"8",.0,"8",0,"8",0,"8",0,"8","","",0,"8",0,"8"
"352190360","P£OCK","2006","11","01","08","5","",0,"8",0,"8","","","",7,"",0,"8",0,"8",7,"",270,"",7,"",0,"",6.8,"",.0,"8","U","",8.1,"",82,"",3.9,"",983.8,"",996.9,"",3,1.6,"",.0,"8",0,"8","80","8","5","","9","","","3","","","/","","",0,"8",.0,"8",.0,"8","","8",0,"8","","",.0,"8",.0,"8",.0,"8",.0,"8",.0,"8",.0,"8",.0,"8",.0,"8",.0,"8",0,"8",0,"8",0,"8","","",0,"8",0,"8"
"352190360","P£OCK","2006","11","01","09","5","",0,"8",0,"8","","","",7,"",0,"8",0,"8",6,"",230,"",7,"",0,"",6.8,"",.0,"8","U","",8.0,"",81,"",3.8,"",984.4,"",997.6,"",2,2.3,"",.0,"8",0,"8","25","8","2","","9","","","3","","","8","","",0,"8",.0,"8",.0,"8","","8",0,"8","","",.0,"8",.0,"8",.0,"8",.0,"8",.0,"8",.0,"8",.0,"8",.0,"8",.0,"8",0,"8",0,"8",0,"8","","",0,"8",0,"8"
"352190360","P£OCK","2006","11","01","10","5","",0,"8",0,"8","","","",7,"",0,"8",0,"8",6,"",240,"",8,"",14,"",8.0,"",.0,"8","U","",7.7,"",72,"",3.3,"",984.6,"",997.7,"",1,1.8,"",.0,"8",0,"8","03","2","4","","9","","","3","","","8","","",0,"8",.0,"8",.0,"8","","8",0,"8","","",.0,"8",.0,"8",.0,"8",.0,"8",.0,"8",.0,"8",.0,"8",.0,"8",.0,"8",0,"8",0,"8",0,"8","","",0,"8",0,"8"
"352190360","P£OCK","2006","11","01","11","5","",0,"8",0,"8","","","",7,"",0,"8",0,"8",5,"",240,"",8,"",0,"",7.4,"",.0,"8","U","",7.2,"",70,"",2.3,"",984.5,"",997.6,"",0,.7,"",.0,"8",0,"8","25","2","3","","3","","","3","","","1","","",0,"8",.0,"8",.0,"8","","8",0,"8","","",.0,"8",.0,"8",.0,"8",.0,"8",.0,"8",.0,"8",.0,"8",.0,"8",.0,"8",0,"8",0,"8",0,"8","","",0,"8",0,"8"
"352190360","P£OCK","2006","11","01","12","5","",0,"8",0,"8","","","",8,"",0,"8",0,"8",3,"",240,"",8,"",0,"",7.4,"",.0,"8","U","",6.4,"",62,"",.6,"",984.5,"",997.6,"",1,.1,"",3.8,"",6,"","01","8","2","","2","","","0","","","1","","",2,"",.0,"8",.0,"8","","8",0,"8","","",.0,"8",.0,"8",.0,"8",.0,"8",.0,"8",.0,"8",.0,"8",.0,"8",.0,"8",0,"8",0,"8",0,"8","","",0,"8",0,"8"
"352190360","P£OCK","2006","11","01","13","5","",0,"8",0,"8","","","",7,"",0,"8",0,"8",7,"",230,"",7,"",0,"",7.7,"",.0,"8","U","",6.5,"",62,"",.9,"",984.2,"",997.3,"",7,-.4,"",.0,"8",0,"8","03","1","7","","9","","","/","","","/","","",0,"8",.0,"8",.0,"8","","8",0,"8","","",.0,"8",.0,"8",.0,"8",.0,"8",.0,"8",.0,"8",.0,"8",.0,"8",.0,"8",0,"8",0,"8",0,"8","","",0,"8",0,"8"
"352190360","P£OCK","2006","11","01","14","5","",0,"8",0,"8","","","",7,"",0,"8",0,"8",8,"",220,"",6,"",0,"",5.8,"",.0,"8","U","",7.5,"",81,"",2.8,"",984.1,"",997.3,"",8,-.4,"",.0,"8",0,"8","80","8","8","","9","","","/","","","/","","",0,"8",.0,"8",.0,"8","","8",0,"8","","",.0,"8",.0,"8",.0,"8",.0,"8",.0,"8",.0,"8",.0,"8",.0,"8",.0,"8",0,"8",0,"8",0,"8","","",0,"8",0,"8"
"352190360","P£OCK","2006","11","01","15","4","",0,"8",0,"8","","","",7,"",0,"8",0,"8",8,"",220,"",6,"",0,"",5.4,"",.0,"8","U","",7.8,"",87,"",3.4,"",983.7,"",996.9,"",7,-.8,"",.0,"8",0,"8","80","8","8","","9","","","/","","","/","","",0,"8",.0,"8",.0,"8","","8",0,"8","","",.0,"8",.0,"8",.0,"8",.0,"8",.0,"8",.0,"8",.0,"8",.0,"8",.0,"8",0,"8",0,"8",0,"8","","",0,"8",0,"8"
"352190360","P£OCK","2006","11","01","16","4","",0,"8",0,"8","","","",8,"",0,"8",0,"8",7,"",240,"",7,"",0,"",5.4,"",.0,"8","U","",7.6,"",85,"",3.1,"",983.9,"",997.1,"",5,-.3,"",.0,"8",0,"8","25","8","5","","9","","","3","","","/","","",0,"8",.0,"8",.0,"8","","8",0,"8","","",.0,"8",.0,"8",.0,"8",.0,"8",.0,"8",.0,"8",.0,"8",.0,"8",.0,"8",0,"8",0,"8",0,"8","","",0,"8",0,"8"
"352190360","P£OCK","2006","11","01","17","4","",0,"8",0,"8","","","",9,"",0,"8",0,"8",7,"",230,"",8,"",0,"",4.5,"",.0,"8","U","",6.7,"",79,"",1.2,"",984.5,"",997.8,"",3,.4,"",.0,"8",0,"8","25","2","4","","9","","","3","","","/","","",0,"8",.0,"8",.0,"8","","8",0,"8","","",.0,"8",.0,"8",.0,"8",.0,"8",.0,"8",.0,"8",.0,"8",.0,"8",.0,"8",0,"8",0,"8",0,"8","","",0,"8",0,"8"
"352190360","P£OCK","2006","11","01","18","9","",0,"8",0,"8","","","",9,"",0,"8",0,"8",4,"",230,"",6,"",0,"",3.4,"",.0,"8","U","",6.2,"",80,"",.3,"",985.2,"",998.5,"",3,1.5,"",.9,"",6,"","01","8","3","","0","","","3","","","1","","",2,"",.0,"8",.0,"8","","8",0,"8","","",.0,"8",.0,"8",.0,"8",.0,"8",.0,"8",.0,"8",.0,"8",.0,"8",.0,"8",0,"8",0,"8",0,"8","","",0,"8",0,"8"
"352190360","P£OCK","2006","11","01","19","4","",0,"8",0,"8","","","",9,"",0,"8",0,"8",7,"",230,"",5,"",0,"",3.2,"",.0,"8","U","",6.4,"",83,"",.6,"",985.7,"",999.0,"",2,1.8,"",.0,"8",0,"8","03","1","7","","5","","","/","","","/","","",0,"8",.0,"8",.0,"8","","8",0,"8","","",.0,"8",.0,"8",.0,"8",.0,"8",.0,"8",.0,"8",.0,"8",.0,"8",.0,"8",0,"8",0,"8",0,"8","","",0,"8",0,"8"
"352190360","P£OCK","2006","11","01","20","4","",0,"8",0,"8","","","",9,"",0,"8",0,"8",7,"",250,"",3,"",0,"",3.0,"",.0,"8","U","",6.5,"",86,"",.9,"",986.4,"",999.8,"",2,1.9,"",.0,"8",0,"8","02","2","7","","5","","","/","","","/","","",0,"8",.0,"8",.0,"8","","8",0,"8","","",.0,"8",.0,"8",.0,"8",.0,"8",.0,"8",.0,"8",.0,"8",.0,"8",.0,"8",0,"8",0,"8",0,"8","","",0,"8",0,"8"
"352190360","P£OCK","2006","11","01","21","4","",0,"8",0,"8","","","",7,"",0,"8",0,"8",7,"",280,"",5,"",0,"",2.8,"",.0,"8","U","",6.6,"",88,"",1.0,"",987.0,"",1000.4,"",2,1.8,"",.0,"8",0,"8","81","1","7","","9","","","/","","","/","","",0,"8",.0,"8",.0,"8","","8",0,"8","","",.0,"8",.0,"8",.0,"8",.0,"8",.0,"8",.0,"8",.0,"8",.0,"8",.0,"8",0,"8",0,"8",0,"8","","",0,"8",0,"8"
"352190360","P£OCK","2006","11","01","22","4","",0,"8",0,"8","","","",7,"",0,"8",0,"8",7,"",290,"",5,"",0,"",3.0,"",.0,"8","U","",7.0,"",92,"",1.8,"",987.5,"",1000.9,"",1,1.8,"",.0,"8",0,"8","80","8","7","","9","","","/","","","/","","",0,"8",.0,"8",.0,"8","","8",0,"8","","",.0,"8",.0,"8",.0,"8",.0,"8",.0,"8",.0,"8",.0,"8",.0,"8",.0,"8",0,"8",0,"8",0,"8","","",0,"8",0,"8"
"352190360","P£OCK","2006","11","01","23","4","",0,"8",0,"8","","","",7,"",0,"8",0,"8",8,"",330,"",5,"",0,"",3.3,"",.0,"8","U","",6.7,"",87,"",1.3,"",989.0,"",1002.4,"",3,2.6,"",.0,"8",0,"8","80","8","8","","9","","","/","","","/","","",0,"8",.0,"8",.0,"8","","8",0,"8","","",.0,"8",.0,"8",.0,"8",.0,"8",.0,"8",.0,"8",.0,"8",.0,"8",.0,"8",0,"8",0,"8",0,"8","","",0,"8",0,"8"
"352190360","P£OCK","2006","11","02","00","5","",0,"8",0,"8","","","",8,"",0,"8",0,"8",8,"",320,"",6,"",0,"",3.1,"",.0,"8","U","",6.6,"",86,"",1.0,"",990.2,"",1003.6,"",3,3.2,"",1.9,"",6,"","25","8","4","","5","","","7","","","/","","",2,"",.0,"8",.0,"8","","8",0,"8","","",.0,"8",.0,"8",.0,"8",.0,"8",.0,"8",.0,"8",.0,"8",.0,"8",.0,"8",0,"8",0,"8",0,"8","","",0,"8",0,"8"
"352190360","P£OCK","2006","11","02","01","4","",0,"8",0,"8","","","",9,"",0,"8",0,"8",8,"",320,"",6,"",0,"",2.7,"",.0,"8","U","",6.4,"",86,"",.6,"",991.4,"",1004.8,"",1,3.9,"",.0,"8",0,"8","02","2","4","","5","","","7","","","/","","",0,"8",.0,"8",.0,"8","","8",0,"8","","",.0,"8",.0,"8",.0,"8",.0,"8",.0,"8",.0,"8",.0,"8",.0,"8",.0,"8",0,"8",0,"8",0,"8","","",0,"8",0,"8"
"352190360","P£OCK","2006","11","02","02","4","",0,"8",0,"8","","","",8,"",0,"8",0,"8",8,"",310,"",7,"",0,"",2.5,"",.0,"8","U","",6.2,"",85,"",.2,"",992.5,"",1006.0,"",2,3.5,"",.0,"8",0,"8","80","2","8","","9","","","/","","","/","","",0,"8",.0,"8",.0,"8","","8",0,"8","","",.0,"8",.0,"8",.0,"8",.0,"8",.0,"8",.0,"8",.0,"8",.0,"8",.0,"8",0,"8",0,"8",0,"8","","",0,"8",0,"8"
"352190360","P£OCK","2006","11","02","03","4","",0,"8",0,"8","","","",9,"",0,"8",0,"8",8,"",310,"",7,"",0,"",1.9,"",.0,"8","U","",5.7,"",81,"",-1.0,"",994.0,"",1007.5,"",2,3.8,"",.0,"8",0,"8","25","2","8","","5","","","/","","","/","","",0,"8",.0,"8",.0,"8","","8",0,"8","","",.0,"8",.0,"8",.0,"8",.0,"8",.0,"8",.0,"8",.0,"8",.0,"8",.0,"8",0,"8",0,"8",0,"8","","",0,"8",0,"8"
"352190360","P£OCK","2006","11","02","04","5","",0,"8",0,"8","","","",9,"",0,"8",0,"8",7,"",310,"",7,"",13,"",1.4,"",.0,"8","U","",5.5,"",82,"",-1.3,"",994.9,"",1008.5,"",2,3.5,"",.0,"8",0,"8","25","2","7","","5","","","/","","","/","","",0,"8",.0,"8",.0,"8","","8",0,"8","","",.0,"8",.0,"8",.0,"8",.0,"8",.0,"8",.0,"8",.0,"8",.0,"8",.0,"8",0,"8",0,"8",0,"8","","",0,"8",0,"8"
"352190360","P£OCK","2006","11","02","05","5","",0,"8",0,"8","","","",7,"",0,"8",0,"8",7,"",300,"",7,"",12,"",.8,"",.0,"8","U","",5.7,"",88,"",-1.0,"",995.8,"",1009.4,"",1,3.3,"",.0,"8",0,"8","85","2","7","","9","","","/","","","/","","",0,"8",.0,"8",.0,"8","","8",0,"8","","",.0,"8",.0,"8",.0,"8",.0,"8",.0,"8",.0,"8",.0,"8",.0,"8",.0,"8",0,"8",0,"8",0,"8","","",0,"8",0,"8"
"352190360","P£OCK","2006","11","02","06","4","",0,"8",0,"8","","","",8,"",0,"8",0,"8",7,"",300,"",7,"",0,"",.5,"",.0,"8","U","",5.3,"",83,"",-2.1,"",996.8,"",1010.4,"",2,2.8,"",.0,"",7,"","85","2","7","","9","","","/","","","/","","",1,"",.0,"8",.0,"8","","8",0,"8","","",.0,"8",.0,"8",.0,"8",.0,"8",.0,"8",.0,"8",.0,"8",.0,"8",.0,"8",0,"8",0,"8",0,"8","","",0,"8",0,"8"
"352190360","P£OCK","2006","11","02","07","4","",0,"8",0,"8","","","",7,"",0,"8",0,"8",7,"",300,"",7,"",0,"",.2,"",.0,"8","U","",4.9,"",79,"",-3.0,"",998.0,"",1011.7,"",3,3.1,"",.0,"8",0,"8","85","8","7","","9","","","/","","","/","","",0,"8",.0,"8",.0,"8","","8",0,"8","","",.0,"8",.0,"8",.0,"8",.0,"8",.0,"8",.0,"8",.0,"8",.0,"8",.0,"8",0,"8",0,"8",0,"8","","",0,"8",0,"8"
"352190360","P£OCK","2006","11","02","08","5","",0,"8",0,"8","","","",8,"",0,"8",0,"8",6,"",300,"",8,"",0,"",.7,"",.0,"8","U","",4.8,"",74,"",-3.4,"",998.5,"",1012.1,"",2,2.7,"",.0,"8",0,"8","26","2","6","","5","","","0","","","0","","",0,"8",.0,"8",.0,"8","","8",0,"8","","",.0,"8",.0,"8",.0,"8",.0,"8",.0,"8",.0,"8",.0,"8",.0,"8",.0,"8",0,"8",0,"8",0,"8","","",0,"8",0,"8"
"352190360","P£OCK","2006","11","02","09","5","",0,"8",0,"8","","","",7,"",0,"8",0,"8",7,"",300,"",8,"",0,"",.4,"",.0,"8","U","",4.8,"",77,"",-3.2,"",999.3,"",1013.0,"",2,2.5,"",.0,"8",0,"8","85","2","7","","9","","","/","","","/","","",0,"8",.0,"8",.0,"8","","8",0,"8","","",.0,"8",.0,"8",.0,"8",.0,"8",.0,"8",.0,"8",.0,"8",.0,"8",.0,"8",0,"8",0,"8",0,"8","","",0,"8",0,"8"
"352190360","P£OCK","2006","11","02","10","5","",0,"8",0,"8","","","",7,"",0,"8",0,"8",8,"",300,"",9,"",0,"",.8,"",.0,"8","U","",4.7,"",72,"",-3.7,"",999.8,"",1013.5,"",2,1.8,"",.0,"8",0,"8","85","8","8","","9","","","/","","","/","","",0,"8",.0,"8",.0,"8","","8",0,"8","","",.0,"8",.0,"8",.0,"8",.0,"8",.0,"8",.0,"8",.0,"8",.0,"8",.0,"8",0,"8",0,"8",0,"8","","",0,"8",0,"8"
"352190360","P£OCK","2006","11","02","11","5","",0,"8",0,"8","","","",8,"",0,"8",0,"8",7,"",300,"",8,"",0,"",1.1,"",.0,"8","U","",4.6,"",69,"",-4.0,"",1000.3,"",1013.9,"",1,1.8,"",.0,"8",0,"8","26","2","7","","5","","","/","","","/","","",0,"8",.0,"8",.0,"8","","8",0,"8","","",.0,"8",.0,"8",.0,"8",.0,"8",.0,"8",.0,"8",.0,"8",.0,"8",.0,"8",0,"8",0,"8",0,"8","","",0,"8",0,"8"
"352190360","P£OCK","2006","11","02","12","5","",0,"8",0,"8","","","",9,"",0,"8",0,"8",7,"",300,"",8,"",0,"",1.8,"",.0,"8","U","",4.3,"",62,"",-4.7,"",1000.5,"",1014.1,"",1,1.2,"",.0,"",7,"","02","8","7","","5","","","/","","","/","","",1,"",.0,"8",.0,"8","","8",0,"8","","",.0,"8",.0,"8",.0,"8",.0,"8",.0,"8",.0,"8",.0,"8",.0,"8",.0,"8",0,"8",0,"8",0,"8","","",0,"8",0,"8"
"352190360","P£OCK","2006","11","02","13","6","",0,"8",0,"8","","","",9,"",0,"8",0,"8",7,"",300,"",7,"",12,"",1.8,"",.0,"8","U","",4.0,"",58,"",-5.6,"",1001.0,"",1014.6,"",2,1.2,"",.0,"8",0,"8","02","2","7","","5","","","/","","","/","","",0,"8",.0,"8",.0,"8","","8",0,"8","","",.0,"8",.0,"8",.0,"8",.0,"8",.0,"8",.0,"8",.0,"8",.0,"8",.0,"8",0,"8",0,"8",0,"8","","",0,"8",0,"8"
"352190360","P£OCK","2006","11","02","14","6","",0,"8",0,"8","","","",8,"",0,"8",0,"8",7,"",290,"",7,"",0,"",1.4,"",.0,"8","U","",3.9,"",57,"",-6.2,"",1001.4,"",1015.0,"",2,1.1,"",.0,"8",0,"8","01","2","3","","5","","","3","","","2","","",0,"8",.0,"8",.0,"8","","8",0,"8","","",.0,"8",.0,"8",.0,"8",.0,"8",.0,"8",.0,"8",.0,"8",.0,"8",.0,"8",0,"8",0,"8",0,"8","","",0,"8",0,"8"
"352190360","P£OCK","2006","11","02","15","6","",0,"8",0,"8","","","",9,"",0,"8",0,"8",7,"",300,"",6,"",0,"",1.1,"",.0,"8","U","",3.8,"",58,"",-6.3,"",1002.0,"",1015.7,"",2,1.5,"",.0,"8",0,"8","03","2","6","","5","","","0","","","1","","",0,"8",.0,"8",.0,"8","","8",0,"8","","",.0,"8",.0,"8",.0,"8",.0,"8",.0,"8",.0,"8",.0,"8",.0,"8",.0,"8",0,"8",0,"8",0,"8","","",0,"8",0,"8"
"352190360","P£OCK","2006","11","02","16","6","",0,"8",0,"8","","","",9,"",0,"8",0,"8",1,"",290,"",5,"",0,"",.4,"",.0,"8","U","",3.8,"",61,"",-6.3,"",1002.6,"",1016.3,"",3,1.6,"",.0,"8",0,"8","01","1","1","","5","","","0","","","0","","",0,"8",.0,"8",.0,"8","","8",0,"8","","",.0,"8",.0,"8",.0,"8",.0,"8",.0,"8",.0,"8",.0,"8",.0,"8",.0,"8",0,"8",0,"8",0,"8","","",0,"8",0,"8"
"352190360","P£OCK","2006","11","02","17","6","",0,"8",0,"8","","","",8,"",0,"8",0,"8",2,"",280,"",5,"",0,"",.2,"",.0,"8","U","",3.8,"",62,"",-6.2,"",1003.0,"",1016.7,"",1,1.6,"",.0,"8",0,"8","03","0","2","","5","","","0","","","0","","",0,"8",.0,"8",.0,"8","","8",0,"8","","",.0,"8",.0,"8",.0,"8",.0,"8",.0,"8",.0,"8",.0,"8",.0,"8",.0,"8",0,"8",0,"8",0,"8","","",0,"8",0,"8"
"352190360","P£OCK","2006","11","02","18","9","",0,"8",0,"8","","","",8,"",0,"8",0,"8",1,"",280,"",5,"",0,"",-.6,"",.0,"8","U","",3.7,"",63,"",-6.8,"",1002.9,"",1016.7,"",0,.9,"",.0,"9",0,"9","01","1","1","","0","","","3","","","0","","",4,"",.0,"8",.0,"8","","8",0,"8","","",.0,"8",.0,"8",.0,"8",.0,"8",.0,"8",.0,"8",.0,"8",.0,"8",.0,"8",0,"8",0,"8",0,"8","","",0,"8",0,"8"
"352190360","P£OCK","2006","11","02","19","9","",0,"8",0,"8","","","",8,"",0,"8",0,"8",1,"",280,"",5,"",0,"",-.9,"",.0,"8","U","",3.7,"",65,"",-6.7,"",1002.9,"",1016.7,"",1,.3,"",.0,"8",0,"8","02","0","1","","0","","","3","","","0","","",0,"8",.0,"8",.0,"8","","8",0,"8","","",.0,"8",.0,"8",.0,"8",.0,"8",.0,"8",.0,"8",.0,"8",.0,"8",.0,"8",0,"8",0,"8",0,"8","","",0,"8",0,"8"
"352190360","P£OCK","2006","11","02","20","9","",0,"8",0,"8","","","",8,"",0,"8",0,"8",2,"",280,"",5,"",0,"",-1.1,"",.0,"8","U","",3.7,"",66,"",-6.7,"",1003.1,"",1016.9,"",3,.1,"",.0,"8",0,"8","03","0","1","","0","","","3","","","1","","",0,"8",.0,"8",.0,"8","","8",0,"8","","",.0,"8",.0,"8",.0,"8",.0,"8",.0,"8",.0,"8",.0,"8",.0,"8",.0,"8",0,"8",0,"8",0,"8","","",0,"8",0,"8"
"352190360","P£OCK","2006","11","02","21","9","",0,"8",0,"8","","","",8,"",0,"8",0,"8",4,"",280,"",4,"",0,"",-1.5,"",.0,"8","U","",3.8,"",70,"",-6.3,"",1003.1,"",1016.9,"",1,.2,"",.0,"8",0,"8","03","0","1","","0","","","3","","","6","","",0,"8",.0,"8",.0,"8","","8",0,"8","","",.0,"8",.0,"8",.0,"8",.0,"8",.0,"8",.0,"8",.0,"8",.0,"8",.0,"8",0,"8",0,"8",0,"8","","",0,"8",0,"8"
"352190360","P£OCK","2006","11","02","22","9","",0,"8",0,"8","","","",8,"",0,"8",0,"8",4,"",280,"",4,"",0,"",-1.7,"",.0,"8","U","",3.9,"",72,"",-6.1,"",1003.0,"",1016.8,"",0,.1,"",.0,"8",0,"8","02","0","1","","0","","","3","","","8","","",0,"8",.0,"8",.0,"8","","8",0,"8","","",.0,"8",.0,"8",.0,"8",.0,"8",.0,"8",.0,"8",.0,"8",.0,"8",.0,"8",0,"8",0,"8",0,"8","","",0,"8",0,"8"
"352190360","P£OCK","2006","11","02","23","9","",0,"8",0,"8","","","",8,"",0,"8",0,"8",5,"",290,"",3,"",0,"",-2.3,"",.0,"8","U","",4.0,"",77,"",-5.8,"",1002.9,"",1016.8,"",8,-.2,"",.0,"8",0,"8","01","1","0","","0","","","0","","","6","","",0,"8",.0,"8",.0,"8","","8",0,"8","","",.0,"8",.0,"8",.0,"8",.0,"8",.0,"8",.0,"8",.0,"8",.0,"8",.0,"8",0,"8",0,"8",0,"8","","",0,"8",0,"8"
"352190360","P£OCK","2006","11","03","00","6","",0,"8",0,"8","","","",8,"",0,"8",0,"8",5,"",290,"",3,"",0,"",-2.2,"",.0,"8","U","",4.1,"",78,"",-5.5,"",1003.1,"",1017.0,"",5,.0,"",.0,"9",0,"9","03","1","2","","5","","","0","","","8","","",4,"",.0,"8",.0,"8","","8",0,"8","","",.0,"8",.0,"8",.0,"8",.0,"8",.0,"8",.0,"8",.0,"8",.0,"8",.0,"8",0,"8",0,"8",0,"8","","",0,"8",0,"8"
"352190360","P£OCK","2006","11","03","01","9","",0,"8",0,"8","","","",8,"",0,"8",0,"8",5,"",280,"",2,"",0,"",-2.9,"",.0,"8","U","",4.1,"",82,"",-5.5,"",1002.9,"",1016.8,"",7,-.1,"",.0,"8",0,"8","01","2","0","","0","","","0","","","8","","",0,"8",.0,"8",.0,"8","","8",0,"8","","",.0,"8",.0,"8",.0,"8",.0,"8",.0,"8",.0,"8",.0,"8",.0,"8",.0,"8",0,"8",0,"8",0,"8","","",0,"8",0,"8"
"352190360","P£OCK","2006","11","03","02","9","",0,"8",0,"8","","","",7,"",0,"8",0,"8",2,"",290,"",3,"",0,"",-3.1,"",.0,"8","U","",4.1,"",85,"",-5.3,"",1002.9,"",1016.8,"",4,.0,"",.0,"8",0,"8","01","1","0","","0","","","0","","","1","","",0,"8",.0,"8",.0,"8","","8",0,"8","","",.0,"8",.0,"8",.0,"8",.0,"8",.0,"8",.0,"8",.0,"8",.0,"8",.0,"8",0,"8",0,"8",0,"8","","",0,"8",0,"8"
"352190360","P£OCK","2006","11","03","03","9","",0,"8",0,"8","","","",8,"",0,"8",0,"8",0,"",290,"",4,"",0,"",-2.9,"",.0,"8","U","",4.2,"",84,"",-5.2,"",1002.7,"",1016.6,"",7,-.4,"",.0,"8",0,"8","01","1","0","","0","","","0","","","0","","",0,"8",.0,"8",.0,"8","","8",0,"8","","",.0,"8",.0,"8",.0,"8",.0,"8",.0,"8",.0,"8",.0,"8",.0,"8",.0,"8",0,"8",0,"8",0,"8","","",0,"8",0,"8"
"352190360","P£OCK","2006","11","03","04","9","",0,"8",0,"8","","","",8,"",0,"8",0,"8",1,"",300,"",4,"",0,"",-2.8,"",.0,"8","U","",4.2,"",84,"",-5.1,"",1003.1,"",1017.0,"",3,.2,"",.0,"8",0,"8","03","0","1","","0","","","3","","","0","","",0,"8",.0,"8",.0,"8","","8",0,"8","","",.0,"8",.0,"8",.0,"8",.0,"8",.0,"8",.0,"8",.0,"8",.0,"8",.0,"8",0,"8",0,"8",0,"8","","",0,"8",0,"8"
"352190360","P£OCK","2006","11","03","05","6","",0,"8",0,"8","","","",8,"",0,"8",0,"8",7,"",290,"",4,"",0,"",-2.4,"",.0,"8","U","",4.4,"",85,"",-4.6,"",1003.3,"",1017.2,"",3,.4,"",.0,"8",0,"8","03","1","7","","5","","","/","","","/","","",0,"8",.0,"8",.0,"8","","8",0,"8","","",.0,"8",.0,"8",.0,"8",.0,"8",.0,"8",.0,"8",.0,"8",.0,"8",.0,"8",0,"8",0,"8",0,"8","","",0,"8",0,"8"
"352190360","P£OCK","2006","11","03","06","5","",0,"8",0,"8","","","",8,"",0,"8",0,"8",6,"",290,"",5,"",0,"",-2.3,"",.0,"8","U","",4.4,"",85,"",-4.5,"",1003.5,"",1017.4,"",1,.8,"",.0,"9",0,"9","01","1","4","","5","","","3","","","1","","",4,"",.0,"8",.0,"8","","8",0,"8","","",.0,"8",.0,"8",.0,"8",.0,"8",.0,"8",.0,"8",.0,"8",.0,"8",.0,"8",0,"8",0,"8",0,"8","","",0,"8",0,"8"
"352190360","P£OCK","2006","11","03","07","4","",0,"8",0,"8","","","",8,"",0,"8",0,"8",7,"",300,"",5,"",0,"",-1.7,"",.0,"8","U","",4.8,"",88,"",-3.4,"",1004.3,"",1018.1,"",3,1.2,"",.0,"8",0,"8","03","2","7","","5","","","/","","","/","","",0,"8",.0,"8",.0,"8","","8",0,"8","","",.0,"8",.0,"8",.0,"8",.0,"8",.0,"8",.0,"8",.0,"8",.0,"8",.0,"8",0,"8",0,"8",0,"8","","",0,"8",0,"8"
"352190360","P£OCK","2006","11","03","08","4","",0,"8",0,"8","","","",8,"",0,"8",0,"8",7,"",310,"",5,"",0,"",-.3,"",.0,"8","U","",5.1,"",86,"",-2.4,"",1004.8,"",1018.6,"",2,1.5,"",.0,"8",0,"8","02","2","7","","5","","","/","","","/","","",0,"8",.0,"8",.0,"8","","8",0,"8","","",.0,"8",.0,"8",.0,"8",.0,"8",.0,"8",.0,"8",.0,"8",.0,"8",.0,"8",0,"8",0,"8",0,"8","","",0,"8",0,"8"
"352190360","P£OCK","2006","11","03","09","4","",0,"8",0,"8","","","",8,"",0,"8",0,"8",6,"",320,"",5,"",0,"",.5,"",.0,"8","U","",5.1,"",81,"",-2.4,"",1005.6,"",1019.3,"",2,2.1,"",.0,"8",0,"8","01","2","2","","5","","","3","","","8","","",0,"8",.0,"8",.0,"8","","8",0,"8","","",.0,"8",.0,"8",.0,"8",.0,"8",.0,"8",.0,"8",.0,"8",.0,"8",.0,"8",0,"8",0,"8",0,"8","","",0,"8",0,"8"
"352190360","P£OCK","2006","11","03","10","5","",0,"8",0,"8","","","",8,"",0,"8",0,"8",7,"",320,"",4,"",0,"",1.0,"",.0,"8","U","",4.5,"",69,"",-4.1,"",1005.8,"",1019.5,"",2,1.5,"",.0,"8",0,"8","01","2","2","","5","","","3","","","6","","",0,"8",.0,"8",.0,"8","","8",0,"8","","",.0,"8",.0,"8",.0,"8",.0,"8",.0,"8",.0,"8",.0,"8",.0,"8",.0,"8",0,"8",0,"8",0,"8","","",0,"8",0,"8"
"352190360","P£OCK","2006","11","03","11","4","",0,"8",0,"8","","","",6,"",0,"8",0,"8",7,"",310,"",4,"",0,"",.9,"",.0,"8","U","",4.9,"",75,"",-3.0,"",1006.1,"",1019.8,"",2,1.3,"",.0,"8",0,"8","85","2","7","","9","","","/","","","/","","",0,"8",.0,"8",.0,"8","","8",0,"8","","",.0,"8",.0,"8",.0,"8",.0,"8",.0,"8",.0,"8",.0,"8",.0,"8",.0,"8",0,"8",0,"8",0,"8","","",0,"8",0,"8"
"352190360","P£OCK","2006","11","03","12","3","",0,"8",0,"8","","","",6,"",0,"8",0,"8",8,"",300,"",5,"",0,"",-.1,"",.0,"8","U","",5.5,"",90,"",-1.5,"",1006.5,"",1020.3,"",3,.9,"",.2,"",7,"","85","2","8","","9","","","/","","","/","","",2,"",.0,"8",.0,"8","","8",0,"8","","",.0,"8",.0,"8",.0,"8",.0,"8",.0,"8",.0,"8",.0,"8",.0,"8",.0,"8",0,"8",0,"8",0,"8","","",0,"8",0,"8"
"352190360","P£OCK","2006","11","03","13","5","",0,"8",0,"8","","","",8,"",0,"8",0,"8",6,"",300,"",5,"",0,"",1.2,"",.0,"8","U","",5.3,"",80,"",-1.9,"",1006.5,"",1020.2,"",1,.7,"",.0,"8",0,"8","26","2","3","","5","","","3","","","1","","",0,"8",.0,"8",.0,"8","","8",0,"8","","",.0,"8",.0,"8",.0,"8",.0,"8",.0,"8",.0,"8",.0,"8",.0,"8",.0,"8",0,"8",0,"8",0,"8","","",0,"8",0,"8"
"352190360","P£OCK","2006","11","03","14","5","",0,"8",0,"8","","","",8,"",0,"8",0,"8",6,"",290,"",5,"",0,"",1.5,"",.0,"8","U","",5.2,"",76,"",-2.3,"",1006.5,"",1020.2,"",1,.4,"",.0,"8",0,"8","03","2","4","","5","","","0","","","1","","",0,"8",.0,"8",.0,"8","","8",0,"8","","",.0,"8",.0,"8",.0,"8",.0,"8",.0,"8",.0,"8",.0,"8",.0,"8",.0,"8",0,"8",0,"8",0,"8","","",0,"8",0,"8"
"352190360","P£OCK","2006","11","03","15","5","",0,"8",0,"8","","","",8,"",0,"8",0,"8",3,"",290,"",5,"",0,"",1.1,"",.0,"8","U","",4.5,"",68,"",-4.2,"",1006.8,"",1020.5,"",3,.3,"",.0,"8",0,"8","03","8","2","","9","","","0","","","1","","",0,"8",.0,"8",.0,"8","","8",0,"8","","",.0,"8",.0,"8",.0,"8",.0,"8",.0,"8",.0,"8",.0,"8",.0,"8",.0,"8",0,"8",0,"8",0,"8","","",0,"8",0,"8"
"352190360","P£OCK","2006","11","03","16","6","",0,"8",0,"8","","","",8,"",0,"8",0,"8",5,"",300,"",4,"",0,"",.6,"",.0,"8","U","",4.4,"",69,"",-4.4,"",1007.5,"",1021.3,"",3,1.0,"",.0,"8",0,"8","01","1","4","","5","","","3","","","0","","",0,"8",.0,"8",.0,"8","","8",0,"8","","",.0,"8",.0,"8",.0,"8",.0,"8",.0,"8",.0,"8",.0,"8",.0,"8",.0,"8",0,"8",0,"8",0,"8","","",0,"8",0,"8"
"352190360","P£OCK","2006","11","03","17","6","",0,"8",0,"8","","","",8,"",0,"8",0,"8",4,"",290,"",5,"",0,"",.1,"",.0,"8","U","",4.2,"",68,"",-5.1,"",1007.8,"",1021.6,"",2,1.3,"",.0,"8",0,"8","03","1","2","","9","","","3","","","0","","",0,"8",.0,"8",.0,"8","","8",0,"8","","",.0,"8",.0,"8",.0,"8",.0,"8",.0,"8",.0,"8",.0,"8",.0,"8",.0,"8",0,"8",0,"8",0,"8","","",0,"8",0,"8"
"352190360","P£OCK","2006","11","03","18","9","",0,"8",0,"8","","","",8,"",0,"8",0,"8",3,"",290,"",5,"",0,"",-.1,"",.0,"8","U","",4.0,"",66,"",-5.7,"",1008.0,"",1021.8,"",1,1.2,"",.0,"",7,"","01","8","3","","0","","","3","","","0","","",4,"",.0,"8",.0,"8","","8",0,"8","","",.0,"8",.0,"8",.0,"8",.0,"8",.0,"8",.0,"8",.0,"8",.0,"8",.0,"8",0,"8",0,"8",0,"8","","",0,"8",0,"8"
"352190360","P£OCK","2006","11","03","19","7","",0,"8",0,"8","","","",8,"",0,"8",0,"8",7,"",300,"",5,"",0,"",-.1,"",.0,"8","U","",3.8,"",63,"",-6.3,"",1008.4,"",1022.2,"",2,.9,"",.0,"8",0,"8","03","1","6","","5","","","3","","","/","","",0,"8",.0,"8",.0,"8","","8",0,"8","","",.0,"8",.0,"8",.0,"8",.0,"8",.0,"8",.0,"8",.0,"8",.0,"8",.0,"8",0,"8",0,"8",0,"8","","",0,"8",0,"8"
"352190360","P£OCK","2006","11","03","20","5","",0,"8",0,"8","","","",6,"",0,"8",0,"8",8,"",310,"",6,"",0,"",-.5,"",.0,"8","U","",4.2,"",72,"",-4.9,"",1008.7,"",1022.5,"",2,.9,"",.0,"8",0,"8","85","8","8","","9","","","/","","","/","","",0,"8",.0,"8",.0,"8","","8",0,"8","","",.0,"8",.0,"8",.0,"8",.0,"8",.0,"8",.0,"8",.0,"8",.0,"8",.0,"8",0,"8",0,"8",0,"8","","",0,"8",0,"8"
"352190360","P£OCK","2006","11","03","21","7","",0,"8",0,"8","","","",8,"",0,"8",0,"8",7,"",300,"",4,"",0,"",-1.2,"",.0,"8","U","",4.4,"",79,"",-4.4,"",1008.8,"",1022.7,"",1,.8,"",.0,"8",0,"8","26","1","7","","5","","","/","","","/","","",0,"8",.0,"8",.0,"8","","8",0,"8","","",.0,"8",.0,"8",.0,"8",.0,"8",.0,"8",.0,"8",.0,"8",.0,"8",.0,"8",0,"8",0,"8",0,"8","","",0,"8",0,"8"
"352190360","P£OCK","2006","11","03","22","6","",0,"8",0,"8","","","",8,"",0,"8",0,"8",5,"",290,"",4,"",0,"",-1.1,"",.0,"8","U","",3.9,"",69,"",-6.1,"",1008.7,"",1022.6,"",0,.3,"",.0,"8",0,"8","26","2","5","","5","","","0","","","0","","",0,"8",.0,"8",.0,"8","","8",0,"8","","",.0,"8",.0,"8",.0,"8",.0,"8",.0,"8",.0,"8",.0,"8",.0,"8",.0,"8",0,"8",0,"8",0,"8","","",0,"8",0,"8"
"352190360","P£OCK","2006","11","03","23","7","",0,"8",0,"8","","","",8,"",0,"8",0,"8",7,"",300,"",3,"",0,"",-1.5,"",.0,"8","U","",3.9,"",71,"",-6.1,"",1008.8,"",1022.7,"",2,.1,"",.0,"8",0,"8","03","2","7","","5","","","/","","","/","","",0,"8",.0,"8",.0,"8","","8",0,"8","","",.0,"8",.0,"8",.0,"8",.0,"8",.0,"8",.0,"8",.0,"8",.0,"8",.0,"8",0,"8",0,"8",0,"8","","",0,"8",0,"8"
"352190360","P£OCK","2006","11","04","00","6","",0,"8",0,"8","","","",8,"",0,"8",0,"8",5,"",280,"",4,"",0,"",-1.5,"",.0,"8","U","",4.7,"",86,"",-3.5,"",1008.4,"",1022.3,"",7,-.4,"",.0,"",7,"","26","1","4","","9","","","3","","","0","","",17,"",.0,"8",.0,"8","","8",0,"8","","",.0,"8",.0,"8",.0,"8",.0,"8",.0,"8",.0,"8",.0,"8",.0,"8",.0,"8",0,"8",0,"8",0,"8","","",0,"8",0,"8"
"352190360","P£OCK","2006","11","04","01","9","",0,"8",0,"8","","","",8,"",0,"8",0,"8",1,"",280,"",4,"",0,"",-2.0,"",.0,"8","U","",3.8,"",72,"",-6.4,"",1008.4,"",1022.3,"",6,-.3,"",.0,"8",0,"8","01","1","1","","0","","","3","","","0","","",0,"8",.0,"8",.0,"8","","8",0,"8","","",.0,"8",.0,"8",.0,"8",.0,"8",.0,"8",.0,"8",.0,"8",.0,"8",.0,"8",0,"8",0,"8",0,"8","","",0,"8",0,"8"
"352190360","P£OCK","2006","11","04","02","6","",0,"8",0,"8","","","",7,"",0,"8",0,"8",5,"",250,"",2,"",0,"",-2.6,"",.0,"8","U","",3.7,"",73,"",-6.8,"",1007.9,"",1021.8,"",7,-.9,"",.0,"8",0,"8","03","1","1","","5","","","5","","","0","","",0,"8",.0,"8",.0,"8","","8",0,"8","","",.0,"8",.0,"8",.0,"8",.0,"8",.0,"8",.0,"8",.0,"8",.0,"8",.0,"8",0,"8",0,"8",0,"8","","",0,"8",0,"8"
"352190360","P£OCK","2006","11","04","03","9","",0,"8",0,"8","","","",8,"",0,"8",0,"8",7,"",240,"",2,"",0,"",-2.1,"",.0,"8","U","",4.0,"",77,"",-5.6,"",1007.2,"",1021.1,"",8,-1.2,"",.0,"8",0,"8","01","1","6","","0","","","5","","","1","","",0,"8",.0,"8",.0,"8","","8",0,"8","","",.0,"8",.0,"8",.0,"8",.0,"8",.0,"8",.0,"8",.0,"8",.0,"8",.0,"8",0,"8",0,"8",0,"8","","",0,"8",0,"8"
"352190360","P£OCK","2006","11","04","04","9","",0,"8",0,"8","","","",8,"",0,"8",0,"8",8,"",260,"",4,"",0,"",-.5,"",.0,"8","U","",4.3,"",73,"",-4.7,"",1006.9,"",1020.7,"",7,-1.5,"",.0,"8",0,"8","03","2","8","","0","","","3","","","/","","",0,"8",.0,"8",.0,"8","","8",0,"8","","",.0,"8",.0,"8",.0,"8",.0,"8",.0,"8",.0,"8",.0,"8",.0,"8",.0,"8",0,"8",0,"8",0,"8","","",0,"8",0,"8"
"352190360","P£OCK","2006","11","04","05","9","",0,"8",0,"8","","","",8,"",0,"8",0,"8",7,"",260,"",5,"",0,"",-.6,"",.0,"8","U","",4.5,"",77,"",-4.1,"",1006.6,"",1020.4,"",6,-1.3,"",.0,"8",0,"8","01","2","7","","0","","","3","","","/","","",0,"8",.0,"8",.0,"8","","8",0,"8","","",.0,"8",.0,"8",.0,"8",.0,"8",.0,"8",.0,"8",.0,"8",.0,"8",.0,"8",0,"8",0,"8",0,"8","","",0,"8",0,"8"
"352190360","P£OCK","2006","11","04","06","5","",0,"8",0,"8","","","",5,"",0,"8",0,"8",8,"",250,"",6,"",12,"",.1,"",.0,"8","U","",5.1,"",83,"",-2.4,"",1005.9,"",1019.7,"",8,-1.3,"",.0,"",7,"","85","1","8","","9","","","/","","","/","","",17,"",.0,"8",.0,"8","","8",0,"8","","",.0,"8",.0,"8",.0,"8",.0,"8",.0,"8",.0,"8",.0,"8",.0,"8",.0,"8",0,"8",0,"8",0,"8","","",0,"8",0,"8"
"352190360","P£OCK","2006","11","04","07","4","",0,"8",0,"8","","","",3,"",0,"8",0,"8",8,"",260,"",5,"",10,"",.1,"",.0,"8","U","",5.7,"",93,"",-.9,"",1005.2,"",1019.0,"",8,-1.7,"",.0,"8",0,"8","86","8","8","","9","","","/","","","/","","",0,"8",.0,"8",.0,"8","","8",0,"8","","",.0,"8",.0,"8",.0,"8",.0,"8",.0,"8",.0,"8",.0,"8",.0,"8",.0,"8",0,"8",0,"8",0,"8","","",0,"8",0,"8"
"352190360","P£OCK","2006","11","04","08","4","",0,"8",0,"8","","","",5,"",0,"8",0,"8",8,"",260,"",7,"",0,"",.7,"",.0,"8","U","",5.7,"",88,"",-1.1,"",1004.3,"",1018.0,"",8,-2.3,"",.0,"8",0,"8","85","8","8","","9","","","/","","","/","","",0,"8",.0,"8",.0,"8","","8",0,"8","","",.0,"8",.0,"8",.0,"8",.0,"8",.0,"8",.0,"8",.0,"8",.0,"8",.0,"8",0,"8",0,"8",0,"8","","",0,"8",0,"8"
"352190360","P£OCK","2006","11","04","09","4","",0,"8",0,"8","","","",7,"",0,"8",0,"8",8,"",250,"",7,"",13,"",.9,"",.0,"8","U","",5.5,"",85,"",-1.3,"",1003.4,"",1017.1,"",8,-2.5,"",.0,"8",0,"8","83","8","8","","9","","","/","","","/","","",0,"8",.0,"8",.0,"8","","8",0,"8","","",.0,"8",.0,"8",.0,"8",.0,"8",.0,"8",.0,"8",.0,"8",.0,"8",.0,"8",0,"8",0,"8",0,"8","","",0,"8",0,"8"
"352190360","P£OCK","2006","11","04","10","3","",0,"8",0,"8","","","",5,"",0,"8",0,"8",8,"",260,"",7,"",13,"",.7,"",.0,"8","U","",5.7,"",89,"",-.9,"",1002.9,"",1016.6,"",6,-2.3,"",.0,"8",0,"8","71","8","5","","7","","","2","","","/","","",0,"8",.0,"8",.0,"8","","8",0,"8","","",.0,"8",.0,"8",.0,"8",.0,"8",.0,"8",.0,"8",.0,"8",.0,"8",.0,"8",0,"8",0,"8",0,"8","","",0,"8",0,"8"
"352190360","P£OCK","2006","11","04","11","3","",0,"8",0,"8","","","",6,"",0,"8",0,"8",8,"",270,"",9,"",0,"",1.0,"",.0,"8","U","",5.9,"",90,"",-.5,"",1002.1,"",1015.8,"",7,-2.2,"",.0,"8",0,"8","71","7","6","","7","","","2","","","/","","",0,"8",.0,"8",.0,"8","","8",0,"8","","",.0,"8",.0,"8",.0,"8",.0,"8",.0,"8",.0,"8",.0,"8",.0,"8",.0,"8",0,"8",0,"8",0,"8","","",0,"8",0,"8"
"352190360","P£OCK","2006","11","04","12","2","",0,"8",0,"8","","","",6,"",0,"8",0,"8",8,"",270,"",8,"",13,"",1.5,"",.0,"8","U","",6.3,"",92,"",.3,"",1001.4,"",1015.0,"",7,-2.0,"",1.0,"",7,"","68","8","6","","7","","","2","","","/","","",11,"",.0,"8",.0,"8","","8",0,"8","","",.0,"8",.0,"8",.0,"8",.0,"8",.0,"8",.0,"8",.0,"8",.0,"8",.0,"8",0,"8",0,"8",0,"8","","",0,"8",0,"8"
"352190360","P£OCK","2006","11","04","13","3","",0,"8",0,"8","","","",6,"",0,"8",0,"8",8,"",280,"",6,"",11,"",1.9,"",.0,"8","U","",6.3,"",90,"",.4,"",1001.2,"",1014.8,"",6,-1.7,"",.0,"8",0,"8","61","7","8","","7","","","/","","","/","","",0,"8",.0,"8",.0,"8","","8",0,"8","","",.0,"8",.0,"8",.0,"8",.0,"8",.0,"8",.0,"8",.0,"8",.0,"8",.0,"8",0,"8",0,"8",0,"8","","",0,"8",0,"8"
"352190360","P£OCK","2006","11","04","14","2","",0,"8",0,"8","","","",5,"",0,"8",0,"8",8,"",270,"",7,"",0,"",2.0,"",.0,"8","U","",6.4,"",91,"",.7,"",1000.9,"",1014.5,"",6,-1.2,"",.0,"8",0,"8","61","6","6","","7","","","2","","","/","","",0,"8",.0,"8",.0,"8","","8",0,"8","","",.0,"8",.0,"8",.0,"8",.0,"8",.0,"8",.0,"8",.0,"8",.0,"8",.0,"8",0,"8",0,"8",0,"8","","",0,"8",0,"8"
"352190360","P£OCK","2006","11","04","15","2","",0,"8",0,"8","","","",5,"",0,"8",0,"8",8,"",280,"",5,"",0,"",2.3,"",.0,"8","U","",6.6,"",92,"",1.1,"",1000.6,"",1014.2,"",7,-.8,"",.0,"8",0,"8","61","7","6","","7","","","2","","","/","","",0,"8",.0,"8",.0,"8","","8",0,"8","","",.0,"8",.0,"8",.0,"8",.0,"8",.0,"8",.0,"8",.0,"8",.0,"8",.0,"8",0,"8",0,"8",0,"8","","",0,"8",0,"8"
"352190360","P£OCK","2006","11","04","16","3","",0,"8",0,"8","","","",6,"",0,"8",0,"8",8,"",280,"",6,"",0,"",2.6,"",.0,"8","U","",6.8,"",92,"",1.4,"",1000.7,"",1014.3,"",5,-.5,"",.0,"8",0,"8","61","6","6","","7","","","2","","","/","","",0,"8",.0,"8",.0,"8","","8",0,"8","","",.0,"8",.0,"8",.0,"8",.0,"8",.0,"8",.0,"8",.0,"8",.0,"8",.0,"8",0,"8",0,"8",0,"8","","",0,"8",0,"8"
"352190360","P£OCK","2006","11","04","17","2","",0,"8",0,"8","","","",5,"",0,"8",0,"8",8,"",290,"",5,"",0,"",2.6,"",.0,"8","U","",6.8,"",92,"",1.4,"",1000.8,"",1014.4,"",5,-.1,"",.0,"8",0,"8","61","6","7","","7","","","2","","","/","","",0,"8",.0,"8",.0,"8","","8",0,"8","","",.0,"8",.0,"8",.0,"8",.0,"8",.0,"8",.0,"8",.0,"8",.0,"8",.0,"8",0,"8",0,"8",0,"8","","",0,"8",0,"8"
"352190360","P£OCK","2006","11","04","18","2","",0,"8",0,"8","","","",5,"",0,"8",0,"8",8,"",360,"",4,"",0,"",1.6,"",.0,"8","U","",6.3,"",92,"",.4,"",1001.3,"",1014.9,"",3,.7,"",1.1,"",7,"","63","7","7","","7","","","2","","","/","","",2,"",.0,"8",.0,"8","","8",0,"8","","",.0,"8",.0,"8",.0,"8",.0,"8",.0,"8",.0,"8",.0,"8",.0,"8",.0,"8",0,"8",0,"8",0,"8","","",0,"8",0,"8"
"352190360","P£OCK","2006","11","04","19","4","",0,"8",0,"8","","","",5,"",0,"8",0,"8",8,"",70,"",1,"",0,"",.3,"",.0,"8","U","",5.9,"",94,"",-.6,"",1001.4,"",1015.1,"",2,.7,"",.0,"8",0,"8","71","7","8","","0","","","2","","","/","","",0,"8",.0,"8",.0,"8","","8",0,"8","","",.0,"8",.0,"8",.0,"8",.0,"8",.0,"8",.0,"8",.0,"8",.0,"8",.0,"8",0,"8",0,"8",0,"8","","",0,"8",0,"8"
"352190360","P£OCK","2006","11","04","20","3","",0,"8",0,"8","","","",5,"",0,"8",0,"8",8,"",80,"",2,"",0,"",.0,"",.0,"8","U","",5.7,"",93,"",-1.0,"",1001.3,"",1015.0,"",0,.5,"",.0,"8",0,"8","71","7","2","","7","","","2","","","/","","",0,"8",.0,"8",.0,"8","","8",0,"8","","",.0,"8",.0,"8",.0,"8",.0,"8",.0,"8",.0,"8",.0,"8",.0,"8",.0,"8",0,"8",0,"8",0,"8","","",0,"8",0,"8"
"352190360","P£OCK","2006","11","04","21","4","",0,"8",0,"8","","","",7,"",0,"8",0,"8",8,"",0,"",0,"",0,"",-.4,"",.0,"8","U","",5.4,"",91,"",-1.7,"",1000.9,"",1014.6,"",8,-.4,"",.0,"8",0,"8","71","7","8","","5","","","/","","","/","","",0,"8",.0,"8",.0,"8","","8",0,"8","","",.0,"8",.0,"8",.0,"8",.0,"8",.0,"8",.0,"8",.0,"8",.0,"8",.0,"8",0,"8",0,"8",0,"8","","",0,"8",0,"8"
"352190360","P£OCK","2006","11","04","22","3","",0,"8",0,"8","","","",7,"",0,"8",0,"8",8,"",140,"",2,"",0,"",-.4,"",.0,"8","U","",5.4,"",91,"",-1.7,"",1000.0,"",1013.7,"",8,-1.4,"",.0,"8",0,"8","71","7","8","","5","","","/","","","/","","",0,"8",.0,"8",.0,"8","","8",0,"8","","",.0,"8",.0,"8",.0,"8",.0,"8",.0,"8",.0,"8",.0,"8",.0,"8",.0,"8",0,"8",0,"8",0,"8","","",0,"8",0,"8"
"352190360","P£OCK","2006","11","04","23","4","",0,"8",0,"8","","","",5,"",0,"8",0,"8",8,"",160,"",2,"",0,"",-.5,"",.0,"8","U","",5.5,"",93,"",-1.5,"",999.4,"",1013.1,"",7,-1.9,"",.0,"8",0,"8","73","7","8","","0","","","2","","","/","","",0,"8",.0,"8",.0,"8","","8",0,"8","","",.0,"8",.0,"8",.0,"8",.0,"8",.0,"8",.0,"8",.0,"8",.0,"8",.0,"8",0,"8",0,"8",0,"8","","",0,"8",0,"8"
"352190360","P£OCK","2006","11","05","00","2","",0,"8",0,"8","","","",6,"",0,"8",0,"8",8,"",160,"",3,"",0,"",-.6,"",.0,"8","U","",5.5,"",94,"",-1.4,"",998.3,"",1012.0,"",7,-2.6,"",4.1,"",7,"","71","7","8","","7","","","/","","","/","","",13,"",.0,"8",.0,"8","","8",0,"8","","",.0,"8",.0,"8",.0,"8",.0,"8",.0,"8",.0,"8",.0,"8",.0,"8",.0,"8",0,"8",0,"8",0,"8","","",0,"8",0,"8"
"352190360","P£OCK","2006","11","05","01","2","",0,"8",0,"8","","","",6,"",0,"8",0,"8",8,"",170,"",3,"",0,"",-.5,"",.0,"8","U","",5.5,"",94,"",-1.3,"",997.5,"",1011.2,"",7,-2.5,"",.0,"8",0,"8","61","7","8","","7","","","/","","","/","","",0,"8",.0,"8",.0,"8","","8",0,"8","","",.0,"8",.0,"8",.0,"8",.0,"8",.0,"8",.0,"8",.0,"8",.0,"8",.0,"8",0,"8",0,"8",0,"8","","",0,"8",0,"8"
"352190360","P£OCK","2006","11","05","02","2","",0,"8",0,"8","","","",6,"",0,"8",0,"8",8,"",140,"",2,"",0,"",-.1,"",.0,"8","U","",5.8,"",95,"",-.8,"",997.0,"",1010.7,"",6,-2.4,"",.0,"8",0,"8","61","6","6","","7","","","2","","","/","","",0,"8",.0,"8",.0,"8","","8",0,"8","","",.0,"8",.0,"8",.0,"8",.0,"8",.0,"8",.0,"8",.0,"8",.0,"8",.0,"8",0,"8",0,"8",0,"8","","",0,"8",0,"8"
"352190360","P£OCK","2006","11","05","03","1","",0,"8",0,"8","","","",6,"",0,"8",0,"8",8,"",170,"",1,"",0,"",.1,"",.0,"8","U","",5.8,"",95,"",-.6,"",996.7,"",1010.3,"",6,-1.6,"",.0,"8",0,"8","61","7","8","","7","","","/","","","/","","",0,"8",.0,"8",.0,"8","","8",0,"8","","",.0,"8",.0,"8",.0,"8",.0,"8",.0,"8",.0,"8",.0,"8",.0,"8",.0,"8",0,"8",0,"8",0,"8","","",0,"8",0,"8"
"352190360","P£OCK","2006","11","05","04","1","",0,"8",0,"8","","","",6,"",0,"8",0,"8",8,"",160,"",2,"",0,"",.2,"",.0,"8","U","",5.9,"",95,"",-.5,"",996.2,"",1009.8,"",7,-1.3,"",.0,"8",0,"8","21","6","8","","6","","","/","","","/","","",0,"8",.0,"8",.0,"8","","8",0,"8","","",.0,"8",.0,"8",.0,"8",.0,"8",.0,"8",.0,"8",.0,"8",.0,"8",.0,"8",0,"8",0,"8",0,"8","","",0,"8",0,"8"
"352190360","P£OCK","2006","11","05","05","2","",0,"8",0,"8","","","",5,"",0,"8",0,"8",8,"",0,"",0,"",0,"",1.1,"",.0,"8","U","",6.4,"",96,"",.5,"",995.7,"",1009.3,"",8,-1.3,"",.0,"8",0,"8","10","2","8","","6","","","/","","","/","","",0,"8",.0,"8",.0,"8","","8",0,"8","","",.0,"8",.0,"8",.0,"8",.0,"8",.0,"8",.0,"8",.0,"8",.0,"8",.0,"8",0,"8",0,"8",0,"8","","",0,"8",0,"8"
"352190360","P£OCK","2006","11","05","06","2","",0,"8",0,"8","","","",6,"",0,"8",0,"8",8,"",260,"",4,"",9,"",5.6,"",.0,"8","U","",8.6,"",95,"",4.9,"",994.8,"",1008.1,"",8,-1.9,"",2.4,"",7,"","80","7","8","","9","","","/","","","/","","",11,"",.0,"8",.0,"8","","8",0,"8","","",.0,"8",.0,"8",.0,"8",.0,"8",.0,"8",.0,"8",.0,"8",.0,"8",.0,"8",0,"8",0,"8",0,"8","","",0,"8",0,"8"
"352190360","P£OCK","2006","11","05","07","3","",0,"8",0,"8","","","",6,"",0,"8",0,"8",8,"",250,"",6,"",11,"",7.0,"",.0,"8","U","",9.4,"",94,"",6.1,"",993.9,"",1007.2,"",8,-2.3,"",.0,"8",0,"8","81","8","8","","9","","","/","","","/","","",0,"8",.0,"8",.0,"8","","8",0,"8","","",.0,"8",.0,"8",.0,"8",.0,"8",.0,"8",.0,"8",.0,"8",.0,"8",.0,"8",0,"8",0,"8",0,"8","","",0,"8",0,"8"
"352190360","P£OCK","2006","11","05","08","4","",0,"8",0,"8","","","",7,"",0,"8",0,"8",8,"",260,"",6,"",0,"",7.7,"",.0,"8","U","",9.6,"",91,"",6.3,"",992.4,"",1005.6,"",8,-3.3,"",.0,"8",0,"8","80","8","8","","9","","","/","","","/","","",0,"8",.0,"8",.0,"8","","8",0,"8","","",.0,"8",.0,"8",.0,"8",.0,"8",.0,"8",.0,"8",.0,"8",.0,"8",.0,"8",0,"8",0,"8",0,"8","","",0,"8",0,"8"
"352190360","P£OCK","2006","11","05","09","4","",0,"8",0,"8","","","",6,"",0,"8",0,"8",8,"",250,"",6,"",0,"",7.6,"",.0,"8","U","",9.6,"",92,"",6.4,"",990.9,"",1004.1,"",8,-3.9,"",.0,"8",0,"8","63","8","7","","5","","","2","","","/","","",0,"8",.0,"8",.0,"8","","8",0,"8","","",.0,"8",.0,"8",.0,"8",.0,"8",.0,"8",.0,"8",.0,"8",.0,"8",.0,"8",0,"8",0,"8",0,"8","","",0,"8",0,"8"
"352190360","P£OCK","2006","11","05","10","4","",0,"8",0,"8","","","",6,"",0,"8",0,"8",8,"",260,"",9,"",0,"",8.4,"",.0,"8","U","",10.0,"",91,"",7.0,"",989.4,"",1002.5,"",7,-4.5,"",.0,"8",0,"8","61","6","6","","5","","","2","","","/","","",0,"8",.0,"8",.0,"8","","8",0,"8","","",.0,"8",.0,"8",.0,"8",.0,"8",.0,"8",.0,"8",.0,"8",.0,"8",.0,"8",0,"8",0,"8",0,"8","","",0,"8",0,"8"
"352190360","P£OCK","2006","11","05","11","4","",0,"8",0,"8","","","",6,"",0,"8",0,"8",8,"",270,"",10,"",15,"",8.6,"",.0,"8","U","",10.0,"",90,"",7.1,"",988.3,"",1001.4,"",6,-4.1,"",.0,"8",0,"8","63","6","6","","5","","","2","","","/","","",0,"8",.0,"8",.0,"8","","8",0,"8","","",.0,"8",.0,"8",.0,"8",.0,"8",.0,"8",.0,"8",.0,"8",.0,"8",.0,"8",0,"8",0,"8",0,"8","","",0,"8",0,"8"
"352190360","P£OCK","2006","11","05","12","4","",0,"8",0,"8","","","",8,"",0,"8",0,"8",7,"",280,"",8,"",14,"",9.0,"",.0,"8","U","",10.2,"",89,"",7.3,"",988.0,"",1001.1,"",6,-2.9,"",6.8,"",6,"","25","6","7","","9","","","/","","","/","","",2,"",.0,"8",.0,"8","","8",0,"8","","",.0,"8",.0,"8",.0,"8",.0,"8",.0,"8",.0,"8",.0,"8",.0,"8",.0,"8",0,"8",0,"8",0,"8","","",0,"8",0,"8"
"352190360","P£OCK","2006","11","05","13","5","",0,"8",0,"8","","","",7,"",0,"8",0,"8",7,"",290,"",9,"",15,"",7.0,"",.0,"8","U","",8.2,"",82,"",4.1,"",988.1,"",1001.3,"",5,-1.3,"",.0,"8",0,"8","95","2","7","","9","","","/","","","/","","",0,"8",.0,"8",.0,"8","","8",0,"8","","",.0,"8",.0,"8",.0,"8",.0,"8",.0,"8",.0,"8",.0,"8",.0,"8",.0,"8",0,"8",0,"8",0,"8","","",0,"8",0,"8"
"352190360","P£OCK","2006","11","05","14","5","",0,"8",0,"8","","","",8,"",0,"8",0,"8",3,"",290,"",6,"",0,"",7.3,"",.0,"8","U","",8.6,"",84,"",4.8,"",988.2,"",1001.4,"",5,-.1,"",.0,"8",0,"8","29","8","3","","9","","","0","","","0","","",0,"8",.0,"8",.0,"8","","8",0,"8","","",.0,"8",.0,"8",.0,"8",.0,"8",.0,"8",.0,"8",.0,"8",.0,"8",.0,"8",0,"8",0,"8",0,"8","","",0,"8",0,"8"
"352190360","P£OCK","2006","11","05","15","5","",0,"8",0,"8","","","",8,"",0,"8",0,"8",5,"",300,"",8,"",13,"",7.5,"",.0,"8","U","",7.8,"",75,"",3.4,"",989.3,"",1002.5,"",3,1.3,"",.0,"8",0,"8","03","9","5","","9","","","0","","","0","","",0,"8",.0,"8",.0,"8","","8",0,"8","","",.0,"8",.0,"8",.0,"8",.0,"8",.0,"8",.0,"8",.0,"8",.0,"8",.0,"8",0,"8",0,"8",0,"8","","",0,"8",0,"8"
"352190360","P£OCK","2006","11","05","16","6","",0,"8",0,"8","","","",9,"",0,"8",0,"8",7,"",310,"",6,"",0,"",7.1,"",.0,"8","U","",7.7,"",76,"",3.2,"",990.6,"",1003.8,"",3,2.5,"",.0,"8",0,"8","01","2","7","","5","","","/","","","/","","",0,"8",.0,"8",.0,"8","","8",0,"8","","",.0,"8",.0,"8",.0,"8",.0,"8",.0,"8",.0,"8",.0,"8",.0,"8",.0,"8",0,"8",0,"8",0,"8","","",0,"8",0,"8"
"352190360","P£OCK","2006","11","05","17","5","",0,"8",0,"8","","","",7,"",0,"8",0,"8",8,"",310,"",8,"",13,"",6.9,"",.0,"8","U","",7.7,"",77,"",3.1,"",991.9,"",1005.1,"",3,3.7,"",.0,"8",0,"8","80","2","8","","9","","","/","","","/","","",0,"8",.0,"8",.0,"8","","8",0,"8","","",.0,"8",.0,"8",.0,"8",.0,"8",.0,"8",.0,"8",.0,"8",.0,"8",.0,"8",0,"8",0,"8",0,"8","","",0,"8",0,"8"
"352190360","P£OCK","2006","11","05","18","4","",0,"8",0,"8","","","",8,"",0,"8",0,"8",8,"",30,"",8,"",0,"",2.2,"",.0,"8","U","",6.0,"",84,"",-.2,"",994.5,"",1008.0,"",3,5.2,"",2.9,"",6,"","80","9","8","","9","","","/","","","/","","",2,"",.0,"8",.0,"8","","8",0,"8","","",.0,"8",.0,"8",.0,"8",.0,"8",.0,"8",.0,"8",.0,"8",.0,"8",.0,"8",0,"8",0,"8",0,"8","","",0,"8",0,"8"
"352190360","P£OCK","2006","11","05","19","3","",0,"8",0,"8","","","",7,"",0,"8",0,"8",7,"",30,"",6,"",0,"",-.3,"",.0,"8","U","",5.3,"",89,"",-1.9,"",997.1,"",1010.8,"",3,6.5,"",.0,"8",0,"8","25","2","7","","5","","","/","","","/","","",0,"8",.0,"8",.0,"8","","8",0,"8","","",.0,"8",.0,"8",.0,"8",.0,"8",.0,"8",.0,"8",.0,"8",.0,"8",.0,"8",0,"8",0,"8",0,"8","","",0,"8",0,"8"
"352190360","P£OCK","2006","11","05","20","3","",0,"8",0,"8","","","",7,"",0,"8",0,"8",8,"",30,"",4,"",0,"",-.9,"",.0,"8","U","",5.0,"",87,"",-2.8,"",998.8,"",1012.5,"",1,6.9,"",.0,"8",0,"8","03","2","8","","5","","","/","","","/","","",0,"8",.0,"8",.0,"8","","8",0,"8","","",.0,"8",.0,"8",.0,"8",.0,"8",.0,"8",.0,"8",.0,"8",.0,"8",.0,"8",0,"8",0,"8",0,"8","","",0,"8",0,"8"
"352190360","P£OCK","2006","11","05","21","3","",0,"8",0,"8","","","",7,"",0,"8",0,"8",8,"",40,"",4,"",0,"",-1.7,"",.0,"8","U","",4.7,"",87,"",-3.6,"",1000.3,"",1014.1,"",1,5.8,"",.0,"8",0,"8","02","8","8","","5","","","/","","","/","","",0,"8",.0,"8",.0,"8","","8",0,"8","","",.0,"8",.0,"8",.0,"8",.0,"8",.0,"8",.0,"8",.0,"8",.0,"8",.0,"8",0,"8",0,"8",0,"8","","",0,"8",0,"8"
"352190360","P£OCK","2006","11","05","22","3","",0,"8",0,"8","","","",7,"",0,"8",0,"8",8,"",60,"",3,"",0,"",-1.9,"",.0,"8","U","",4.6,"",87,"",-3.8,"",1001.2,"",1015.0,"",1,4.1,"",.0,"8",0,"8","02","2","8","","5","","","/","","","/","","",0,"8",.0,"8",.0,"8","","8",0,"8","","",.0,"8",.0,"8",.0,"8",.0,"8",.0,"8",.0,"8",.0,"8",.0,"8",.0,"8",0,"8",0,"8",0,"8","","",0,"8",0,"8"
"352190360","P£OCK","2006","11","05","23","3","",0,"8",0,"8","","","",7,"",0,"8",0,"8",8,"",90,"",3,"",0,"",-2.2,"",.0,"8","U","",4.6,"",88,"",-3.9,"",1001.5,"",1015.3,"",1,2.7,"",.0,"8",0,"8","02","2","8","","6","","","/","","","/","","",0,"8",.0,"8",.0,"8","","8",0,"8","","",.0,"8",.0,"8",.0,"8",.0,"8",.0,"8",.0,"8",.0,"8",.0,"8",.0,"8",0,"8",0,"8",0,"8","","",0,"8",0,"8"
"352190360","P£OCK","2006","11","06","00","3","",0,"8",0,"8","","","",7,"",0,"8",0,"8",8,"",130,"",3,"",0,"",-2.2,"",.0,"8","U","",4.6,"",89,"",-3.8,"",1001.9,"",1015.7,"",1,1.6,"",.0,"",6,"","01","8","8","","6","","","/","","","/","","",4,"",.0,"8",.0,"8","","8",0,"8","","",.0,"8",.0,"8",.0,"8",.0,"8",.0,"8",.0,"8",.0,"8",.0,"8",.0,"8",0,"8",0,"8",0,"8","","",0,"8",0,"8"
"352190360","P£OCK","2006","11","06","01","2","",0,"8",0,"8","","","",6,"",0,"8",0,"8",8,"",160,"",2,"",0,"",-2.0,"",.0,"8","U","",4.8,"",90,"",-3.4,"",1002.1,"",1015.9,"",2,.9,"",.0,"8",0,"8","10","2","8","","6","","","/","","","/","","",0,"8",.0,"8",.0,"8","","8",0,"8","","",.0,"8",.0,"8",.0,"8",.0,"8",.0,"8",.0,"8",.0,"8",.0,"8",.0,"8",0,"8",0,"8",0,"8","","",0,"8",0,"8"
"352190360","P£OCK","2006","11","06","02","2","",0,"8",0,"8","","","",6,"",0,"8",0,"8",8,"",170,"",3,"",0,"",-1.8,"",.0,"8","U","",4.9,"",92,"",-2.9,"",1002.2,"",1016.0,"",1,.7,"",.0,"8",0,"8","10","2","8","","6","","","/","","","/","","",0,"8",.0,"8",.0,"8","","8",0,"8","","",.0,"8",.0,"8",.0,"8",.0,"8",.0,"8",.0,"8",.0,"8",.0,"8",.0,"8",0,"8",0,"8",0,"8","","",0,"8",0,"8"
"352190360","P£OCK","2006","11","06","03","2","",0,"8",0,"8","","","",6,"",0,"8",0,"8",8,"",170,"",3,"",0,"",-1.7,"",.0,"8","U","",5.1,"",94,"",-2.5,"",1002.2,"",1016.0,"",1,.3,"",.0,"8",0,"8","10","2","8","","6","","","/","","","/","","",0,"8",.0,"8",.0,"8","","8",0,"8","","",.0,"8",.0,"8",.0,"8",.0,"8",.0,"8",.0,"8",.0,"8",.0,"8",.0,"8",0,"8",0,"8",0,"8","","",0,"8",0,"8"
"352190360","P£OCK","2006","11","06","04","2","",0,"8",0,"8","","","",6,"",0,"8",0,"8",8,"",160,"",4,"",0,"",-1.4,"",.0,"8","U","",5.2,"",94,"",-2.2,"",1001.8,"",1015.6,"",8,-.3,"",.0,"8",0,"8","10","2","8","","6","","","/","","","/","","",0,"8",.0,"8",.0,"8","","8",0,"8","","",.0,"8",.0,"8",.0,"8",.0,"8",.0,"8",.0,"8",.0,"8",.0,"8",.0,"8",0,"8",0,"8",0,"8","","",0,"8",0,"8"
"352190360","P£OCK","2006","11","06","05","2","",0,"8",0,"8","","","",5,"",0,"8",0,"8",8,"",160,"",3,"",0,"",-1.1,"",.0,"8","U","",5.3,"",94,"",-1.9,"",1001.7,"",1015.5,"",8,-.5,"",.0,"8",0,"8","66","5","8","","7","","","/","","","/","","",0,"8",.0,"8",.0,"8","","8",0,"8","","",.0,"8",.0,"8",.0,"8",.0,"8",.0,"8",.0,"8",.0,"8",.0,"8",.0,"8",0,"8",0,"8",0,"8","","",0,"8",0,"8"
"352190360","P£OCK","2006","11","06","06","2","",0,"8",0,"8","","","",5,"",0,"8",0,"8",8,"",160,"",3,"",0,"",-.6,"",.0,"8","U","",5.6,"",95,"",-1.3,"",1001.7,"",1015.4,"",6,-.5,"",.1,"",6,"","56","6","8","","6","","","/","","","/","","",5,"",.0,"8",.0,"8","","8",0,"8","","",.0,"8",.0,"8",.0,"8",.0,"8",.0,"8",.0,"8",.0,"8",.0,"8",.0,"8",0,"8",0,"8",0,"8","","",0,"8",0,"8"
"352190360","P£OCK","2006","11","06","07","2","",0,"8",0,"8","","","",4,"",0,"8",0,"8",8,"",170,"",2,"",0,"",-.1,"",.0,"8","U","",5.8,"",95,"",-.8,"",1001.2,"",1014.9,"",7,-.6,"",.0,"8",0,"8","66","5","8","","7","","","/","","","/","","",0,"8",.0,"8",.0,"8","","8",0,"8","","",.0,"8",.0,"8",.0,"8",.0,"8",.0,"8",.0,"8",.0,"8",.0,"8",.0,"8",0,"8",0,"8",0,"8","","",0,"8",0,"8"
"352190360","P£OCK","2006","11","06","08","1","",0,"8",0,"8","","","",4,"",0,"8",0,"8",8,"",160,"",3,"",0,"",.6,"",.0,"8","U","",6.1,"",95,"",-.1,"",1000.2,"",1013.9,"",8,-1.5,"",.0,"8",0,"8","61","6","6","","7","","","2","","","/","","",0,"8",.0,"8",.0,"8","","8",0,"8","","",.0,"8",.0,"8",.0,"8",.0,"8",.0,"8",.0,"8",.0,"8",.0,"8",.0,"8",0,"8",0,"8",0,"8","","",0,"8",0,"8"
"352190360","P£OCK","2006","11","06","09","1","",0,"8",0,"8","","","",4,"",0,"8",0,"8",8,"",170,"",2,"",0,"",2.1,"",.0,"8","U","",6.8,"",96,"",1.5,"",999.2,"",1012.8,"",8,-2.5,"",.0,"8",0,"8","61","6","6","","7","","","2","","","/","","",0,"8",.0,"8",.0,"8","","8",0,"8","","",.0,"8",.0,"8",.0,"8",.0,"8",.0,"8",.0,"8",.0,"8",.0,"8",.0,"8",0,"8",0,"8",0,"8","","",0,"8",0,"8"
"352190360","P£OCK","2006","11","06","10","1","",0,"8",0,"8","","","",4,"",0,"8",0,"8",8,"",210,"",3,"",0,"",4.7,"",.0,"8","U","",8.1,"",95,"",4.0,"",998.2,"",1011.6,"",7,-3.0,"",.0,"8",0,"8","61","6","6","","7","","","2","","","/","","",0,"8",.0,"8",.0,"8","","8",0,"8","","",.0,"8",.0,"8",.0,"8",.0,"8",.0,"8",.0,"8",.0,"8",.0,"8",.0,"8",0,"8",0,"8",0,"8","","",0,"8",0,"8"
"352190360","P£OCK","2006","11","06","11","1","",0,"8",0,"8","","","",5,"",0,"8",0,"8",8,"",220,"",4,"",0,"",6.8,"",.0,"8","U","",9.5,"",96,"",6.2,"",997.1,"",1010.4,"",7,-3.1,"",.0,"8",0,"8","61","6","6","","7","","","2","","","/","","",0,"8",.0,"8",.0,"8","","8",0,"8","","",.0,"8",.0,"8",.0,"8",.0,"8",.0,"8",.0,"8",.0,"8",.0,"8",.0,"8",0,"8",0,"8",0,"8","","",0,"8",0,"8"
"352190360","P£OCK","2006","11","06","12","2","",0,"8",0,"8","","","",5,"",0,"8",0,"8",8,"",270,"",8,"",15,"",9.7,"",.0,"8","U","",11.5,"",96,"",9.1,"",996.5,"",1009.7,"",7,-2.7,"",2.5,"",6,"","61","6","6","","7","","","2","","","/","","",2,"",.0,"8",.0,"8","","8",0,"8","","",.0,"8",.0,"8",.0,"8",.0,"8",.0,"8",.0,"8",.0,"8",.0,"8",.0,"8",0,"8",0,"8",0,"8","","",0,"8",0,"8"
"352190360","P£OCK","2006","11","06","13","3","",0,"8",0,"8","","","",6,"",0,"8",0,"8",8,"",270,"",7,"",12,"",9.9,"",.0,"8","U","",11.3,"",93,"",8.8,"",996.2,"",1009.4,"",6,-2.0,"",.0,"8",0,"8","61","6","6","","7","","","2","","","/","","",0,"8",.0,"8",.0,"8","","8",0,"8","","",.0,"8",.0,"8",.0,"8",.0,"8",.0,"8",.0,"8",.0,"8",.0,"8",.0,"8",0,"8",0,"8",0,"8","","",0,"8",0,"8"
"352190360","P£OCK","2006","11","06","14","3","",0,"8",0,"8","","","",6,"",0,"8",0,"8",8,"",280,"",7,"",0,"",10.4,"",.0,"8","U","",11.5,"",91,"",9.0,"",996.3,"",1009.4,"",5,-.8,"",.0,"8",0,"8","61","6","5","","7","","","2","","","/","","",0,"8",.0,"8",.0,"8","","8",0,"8","","",.0,"8",.0,"8",.0,"8",.0,"8",.0,"8",.0,"8",.0,"8",.0,"8",.0,"8",0,"8",0,"8",0,"8","","",0,"8",0,"8"
"352190360","P£OCK","2006","11","06","15","3","",0,"8",0,"8","","","",6,"",0,"8",0,"8",8,"",280,"",7,"",0,"",10.5,"",.0,"8","U","",11.4,"",90,"",8.9,"",996.4,"",1009.5,"",5,-.1,"",.0,"8",0,"8","61","6","5","","7","","","2","","","/","","",0,"8",.0,"8",.0,"8","","8",0,"8","","",.0,"8",.0,"8",.0,"8",.0,"8",.0,"8",.0,"8",.0,"8",.0,"8",.0,"8",0,"8",0,"8",0,"8","","",0,"8",0,"8"
"352190360","P£OCK","2006","11","06","16","3","",0,"8",0,"8","","","",6,"",0,"8",0,"8",8,"",280,"",6,"",11,"",10.4,"",.0,"8","U","",11.5,"",91,"",9.0,"",996.6,"",1009.7,"",2,.4,"",.0,"8",0,"8","61","6","4","","7","","","2","","","/","","",0,"8",.0,"8",.0,"8","","8",0,"8","","",.0,"8",.0,"8",.0,"8",.0,"8",.0,"8",.0,"8",.0,"8",.0,"8",.0,"8",0,"8",0,"8",0,"8","","",0,"8",0,"8"
"352190360","P£OCK","2006","11","06","17","4","",0,"8",0,"8","","","",6,"",0,"8",0,"8",8,"",270,"",6,"",0,"",10.3,"",.0,"8","U","",11.3,"",90,"",8.7,"",996.8,"",1010.0,"",2,.5,"",.0,"8",0,"8","80","6","8","","9","","","/","","","/","","",0,"8",.0,"8",.0,"8","","8",0,"8","","",.0,"8",.0,"8",.0,"8",.0,"8",.0,"8",.0,"8",.0,"8",.0,"8",.0,"8",0,"8",0,"8",0,"8","","",0,"8",0,"8"
"352190360","P£OCK","2006","11","06","18","5","",0,"8",0,"8","","","",7,"",0,"8",0,"8",8,"",270,"",7,"",0,"",10.7,"",.0,"8","U","",11.3,"",88,"",8.8,"",997.3,"",1010.4,"",3,.9,"",.4,"",6,"","25","6","8","","9","","","/","","","/","","",2,"",.0,"8",.0,"8","","8",0,"8","","",.0,"8",.0,"8",.0,"8",.0,"8",.0,"8",.0,"8",.0,"8",.0,"8",.0,"8",0,"8",0,"8",0,"8","","",0,"8",0,"8"
"352190360","P£OCK","2006","11","06","19","5","",0,"8",0,"8","","","",7,"",0,"8",0,"8",8,"",270,"",7,"",0,"",10.6,"",.0,"8","U","",11.0,"",86,"",8.4,"",997.7,"",1010.8,"",2,1.1,"",.0,"8",0,"8","01","2","8","","5","","","/","","","/","","",0,"8",.0,"8",.0,"8","","8",0,"8","","",.0,"8",.0,"8",.0,"8",.0,"8",.0,"8",.0,"8",.0,"8",.0,"8",.0,"8",0,"8",0,"8",0,"8","","",0,"8",0,"8"
"352190360","P£OCK","2006","11","06","20","5","",0,"8",0,"8","","","",7,"",0,"8",0,"8",7,"",270,"",6,"",0,"",10.7,"",.0,"8","U","",10.8,"",84,"",8.1,"",998.5,"",1011.7,"",2,1.7,"",.0,"8",0,"8","01","2","7","","5","","","/","","","/","","",0,"8",.0,"8",.0,"8","","8",0,"8","","",.0,"8",.0,"8",.0,"8",.0,"8",.0,"8",.0,"8",.0,"8",.0,"8",.0,"8",0,"8",0,"8",0,"8","","",0,"8",0,"8"
"352190360","P£OCK","2006","11","06","21","5","",0,"8",0,"8","","","",7,"",0,"8",0,"8",8,"",280,"",6,"",0,"",11.0,"",.0,"8","U","",10.6,"",81,"",7.9,"",999.2,"",1012.4,"",2,1.9,"",.0,"8",0,"8","03","2","8","","5","","","/","","","/","","",0,"8",.0,"8",.0,"8","","8",0,"8","","",.0,"8",.0,"8",.0,"8",.0,"8",.0,"8",.0,"8",.0,"8",.0,"8",.0,"8",0,"8",0,"8",0,"8","","",0,"8",0,"8"
"352190360","P£OCK","2006","11","06","22","5","",0,"8",0,"8","","","",7,"",0,"8",0,"8",8,"",280,"",7,"",0,"",10.7,"",.0,"8","U","",11.0,"",86,"",8.5,"",1000.0,"",1013.2,"",2,2.3,"",.0,"8",0,"8","02","2","8","","5","","","/","","","/","","",0,"8",.0,"8",.0,"8","","8",0,"8","","",.0,"8",.0,"8",.0,"8",.0,"8",.0,"8",.0,"8",.0,"8",.0,"8",.0,"8",0,"8",0,"8",0,"8","","",0,"8",0,"8"
"352190360","P£OCK","2006","11","06","23","5","",0,"8",0,"8","","","",7,"",0,"8",0,"8",7,"",280,"",6,"",0,"",10.5,"",.0,"8","U","",11.2,"",88,"",8.6,"",1000.4,"",1013.6,"",2,1.9,"",.0,"8",0,"8","01","2","7","","5","","","/","","","/","","",0,"8",.0,"8",.0,"8","","8",0,"8","","",.0,"8",.0,"8",.0,"8",.0,"8",.0,"8",.0,"8",.0,"8",.0,"8",.0,"8",0,"8",0,"8",0,"8","","",0,"8",0,"8"
"352190360","P£OCK","2006","11","07","00","4","",0,"8",0,"8","","","",7,"",0,"8",0,"8",8,"",280,"",6,"",0,"",10.2,"",.0,"8","U","",11.2,"",90,"",8.6,"",1000.8,"",1014.0,"",1,1.6,"",.0,"",6,"","25","2","8","","5","","","/","","","/","","",2,"",.0,"8",.0,"8","","8",0,"8","","",.0,"8",.0,"8",.0,"8",.0,"8",.0,"8",.0,"8",.0,"8",.0,"8",.0,"8",0,"8",0,"8",0,"8","","",0,"8",0,"8"
"352190360","P£OCK","2006","11","07","01","4","",0,"8",0,"8","","","",6,"",0,"8",0,"8",8,"",270,"",7,"",12,"",10.1,"",.0,"8","U","",11.1,"",90,"",8.5,"",1001.3,"",1014.5,"",2,1.3,"",.0,"8",0,"8","80","2","8","","9","","","/","","","/","","",0,"8",.0,"8",.0,"8","","8",0,"8","","",.0,"8",.0,"8",.0,"8",.0,"8",.0,"8",.0,"8",.0,"8",.0,"8",.0,"8",0,"8",0,"8",0,"8","","",0,"8",0,"8"
"352190360","P£OCK","2006","11","07","02","4","",0,"8",0,"8","","","",6,"",0,"8",0,"8",8,"",270,"",6,"",0,"",9.8,"",.0,"8","U","",10.9,"",90,"",8.2,"",1001.6,"",1014.8,"",2,1.2,"",.0,"8",0,"8","80","8","8","","9","","","/","","","/","","",0,"8",.0,"8",.0,"8","","8",0,"8","","",.0,"8",.0,"8",.0,"8",.0,"8",.0,"8",.0,"8",.0,"8",.0,"8",.0,"8",0,"8",0,"8",0,"8","","",0,"8",0,"8"
"352190360","P£OCK","2006","11","07","03","4","",0,"8",0,"8","","","",6,"",0,"8",0,"8",8,"",270,"",7,"",0,"",9.5,"",.0,"8","U","",10.6,"",89,"",7.8,"",1001.8,"",1015.1,"",1,1.0,"",.0,"8",0,"8","80","8","8","","9","","","/","","","/","","",0,"8",.0,"8",.0,"8","","8",0,"8","","",.0,"8",.0,"8",.0,"8",.0,"8",.0,"8",.0,"8",.0,"8",.0,"8",.0,"8",0,"8",0,"8",0,"8","","",0,"8",0,"8"
"352190360","P£OCK","2006","11","07","04","4","",0,"8",0,"8","","","",6,"",0,"8",0,"8",8,"",270,"",7,"",0,"",9.3,"",.0,"8","U","",10.4,"",89,"",7.6,"",1002.1,"",1015.4,"",2,.8,"",.0,"8",0,"8","80","2","8","","9","","","/","","","/","","",0,"8",.0,"8",.0,"8","","8",0,"8","","",.0,"8",.0,"8",.0,"8",.0,"8",.0,"8",.0,"8",.0,"8",.0,"8",.0,"8",0,"8",0,"8",0,"8","","",0,"8",0,"8"
"352190360","P£OCK","2006","11","07","05","6","",0,"8",0,"8","","","",7,"",0,"8",0,"8",8,"",270,"",8,"",0,"",9.8,"",.0,"8","U","",9.8,"",81,"",6.7,"",1002.0,"",1015.2,"",0,.4,"",.0,"8",0,"8","01","2","8","","5","","","/","","","/","","",0,"8",.0,"8",.0,"8","","8",0,"8","","",.0,"8",.0,"8",.0,"8",.0,"8",.0,"8",.0,"8",.0,"8",.0,"8",.0,"8",0,"8",0,"8",0,"8","","",0,"8",0,"8"
"352190360","P£OCK","2006","11","07","06","4","",0,"8",0,"8","","","",7,"",0,"8",0,"8",8,"",270,"",7,"",12,"",9.8,"",.0,"8","U","",9.8,"",81,"",6.7,"",1002.3,"",1015.5,"",2,.5,"",.2,"",6,"","03","8","8","","5","","","/","","","/","","",2,"",.0,"8",.0,"8","","8",0,"8","","",.0,"8",.0,"8",.0,"8",.0,"8",.0,"8",.0,"8",.0,"8",.0,"8",.0,"8",0,"8",0,"8",0,"8","","",0,"8",0,"8"
"352190360","P£OCK","2006","11","07","07","5","",0,"8",0,"8","","","",7,"",0,"8",0,"8",8,"",270,"",8,"",14,"",9.7,"",.0,"8","U","",9.5,"",79,"",6.2,"",1002.7,"",1016.0,"",3,.6,"",.0,"8",0,"8","02","2","8","","5","","","/","","","/","","",0,"8",.0,"8",.0,"8","","8",0,"8","","",.0,"8",.0,"8",.0,"8",.0,"8",.0,"8",.0,"8",.0,"8",.0,"8",.0,"8",0,"8",0,"8",0,"8","","",0,"8",0,"8"
"352190360","P£OCK","2006","11","07","08","7","",0,"8",0,"8","","","",8,"",0,"8",0,"8",7,"",270,"",8,"",0,"",10.1,"",.0,"8","U","",9.6,"",78,"",6.4,"",1002.8,"",1016.0,"",2,.8,"",.0,"8",0,"8","01","2","7","","5","","","/","","","/","","",0,"8",.0,"8",.0,"8","","8",0,"8","","",.0,"8",.0,"8",.0,"8",.0,"8",.0,"8",.0,"8",.0,"8",.0,"8",.0,"8",0,"8",0,"8",0,"8","","",0,"8",0,"8"
"352190360","P£OCK","2006","11","07","09","6","",0,"8",0,"8","","","",8,"",0,"8",0,"8",7,"",270,"",8,"",14,"",10.2,"",.0,"8","U","",9.4,"",76,"",6.2,"",1003.2,"",1016.4,"",2,.9,"",.0,"8",0,"8","02","2","7","","5","","","/","","","/","","",0,"8",.0,"8",.0,"8","","8",0,"8","","",.0,"8",.0,"8",.0,"8",.0,"8",.0,"8",.0,"8",.0,"8",.0,"8",.0,"8",0,"8",0,"8",0,"8","","",0,"8",0,"8"
"352190360","P£OCK","2006","11","07","10","6","",0,"8",0,"8","","","",7,"",0,"8",0,"8",8,"",260,"",6,"",0,"",10.4,"",.0,"8","U","",9.6,"",76,"",6.3,"",1003.4,"",1016.6,"",2,.7,"",.0,"8",0,"8","03","2","8","","5","","","/","","","/","","",0,"8",.0,"8",.0,"8","","8",0,"8","","",.0,"8",.0,"8",.0,"8",.0,"8",.0,"8",.0,"8",.0,"8",.0,"8",.0,"8",0,"8",0,"8",0,"8","","",0,"8",0,"8"
"352190360","P£OCK","2006","11","07","11","4","",0,"8",0,"8","","","",7,"",0,"8",0,"8",7,"",250,"",6,"",11,"",10.2,"",.0,"8","U","",9.6,"",77,"",6.3,"",1003.4,"",1016.6,"",1,.6,"",.0,"8",0,"8","01","2","7","","5","","","/","","","/","","",0,"8",.0,"8",.0,"8","","8",0,"8","","",.0,"8",.0,"8",.0,"8",.0,"8",.0,"8",.0,"8",.0,"8",.0,"8",.0,"8",0,"8",0,"8",0,"8","","",0,"8",0,"8"
"352190360","P£OCK","2006","11","07","12","5","",0,"8",0,"8","","","",8,"",0,"8",0,"8",7,"",270,"",5,"",0,"",10.5,"",.0,"8","U","",9.4,"",74,"",6.1,"",1003.3,"",1016.5,"",0,.1,"",.0,"9",0,"9","02","2","7","","5","","","/","","","/","","",2,"",.0,"8",.0,"8","","8",0,"8","","",.0,"8",.0,"8",.0,"8",.0,"8",.0,"8",.0,"8",.0,"8",.0,"8",.0,"8",0,"8",0,"8",0,"8","","",0,"8",0,"8"
"352190360","P£OCK","2006","11","07","13","5","",0,"8",0,"8","","","",8,"",0,"8",0,"8",8,"",270,"",6,"",11,"",10.2,"",.0,"8","U","",9.1,"",73,"",5.6,"",1003.3,"",1016.5,"",6,-.1,"",.0,"8",0,"8","03","2","8","","5","","","/","","","/","","",0,"8",.0,"8",.0,"8","","8",0,"8","","",.0,"8",.0,"8",.0,"8",.0,"8",.0,"8",.0,"8",.0,"8",.0,"8",.0,"8",0,"8",0,"8",0,"8","","",0,"8",0,"8"
"352190360","P£OCK","2006","11","07","14","6","",0,"8",0,"8","","","",7,"",0,"8",0,"8",7,"",260,"",7,"",12,"",10.3,"",.0,"8","U","",9.1,"",73,"",5.7,"",1003.1,"",1016.3,"",7,-.3,"",.0,"8",0,"8","01","2","7","","5","","","/","","","/","","",0,"8",.0,"8",.0,"8","","8",0,"8","","",.0,"8",.0,"8",.0,"8",.0,"8",.0,"8",.0,"8",.0,"8",.0,"8",.0,"8",0,"8",0,"8",0,"8","","",0,"8",0,"8"
"352190360","P£OCK","2006","11","07","15","6","",0,"8",0,"8","","","",7,"",0,"8",0,"8",6,"",250,"",6,"",11,"",10.0,"",.0,"8","U","",8.8,"",72,"",5.2,"",1002.9,"",1016.1,"",8,-.4,"",.0,"8",0,"8","01","2","6","","5","","","0","","","0","","",0,"8",.0,"8",.0,"8","","8",0,"8","","",.0,"8",.0,"8",.0,"8",.0,"8",.0,"8",.0,"8",.0,"8",.0,"8",.0,"8",0,"8",0,"8",0,"8","","",0,"8",0,"8"
"352190360","P£OCK","2006","11","07","16","6","",0,"8",0,"8","","","",7,"",0,"8",0,"8",7,"",260,"",7,"",13,"",9.9,"",.0,"8","U","",8.9,"",73,"",5.3,"",1003.2,"",1016.5,"",5,-.1,"",.0,"8",0,"8","03","2","7","","5","","","/","","","/","","",0,"8",.0,"8",.0,"8","","8",0,"8","","",.0,"8",.0,"8",.0,"8",.0,"8",.0,"8",.0,"8",.0,"8",.0,"8",.0,"8",0,"8",0,"8",0,"8","","",0,"8",0,"8"
"352190360","P£OCK","2006","11","07","17","6","",0,"8",0,"8","","","",7,"",0,"8",0,"8",7,"",250,"",7,"",13,"",10.0,"",.0,"8","U","",8.7,"",71,"",5.0,"",1003.6,"",1016.9,"",3,.5,"",.0,"8",0,"8","02","2","7","","5","","","/","","","/","","",0,"8",.0,"8",.0,"8","","8",0,"8","","",.0,"8",.0,"8",.0,"8",.0,"8",.0,"8",.0,"8",.0,"8",.0,"8",.0,"8",0,"8",0,"8",0,"8","","",0,"8",0,"8"
"352190360","P£OCK","2006","11","07","18","6","",0,"8",0,"8","","","",7,"",0,"8",0,"8",7,"",250,"",7,"",12,"",9.7,"",.0,"8","U","",8.9,"",74,"",5.3,"",1003.7,"",1017.0,"",2,.8,"",.0,"9",0,"9","02","2","7","","5","","","/","","","/","","",2,"",.0,"8",.0,"8","","8",0,"8","","",.0,"8",.0,"8",.0,"8",.0,"8",.0,"8",.0,"8",.0,"8",.0,"8",.0,"8",0,"8",0,"8",0,"8","","",0,"8",0,"8"
"352190360","P£OCK","2006","11","07","19","6","",0,"8",0,"8","","","",7,"",0,"8",0,"8",7,"",250,"",6,"",0,"",9.2,"",.0,"8","U","",8.7,"",75,"",5.0,"",1003.8,"",1017.1,"",1,.6,"",.0,"8",0,"8","02","2","7","","5","","","/","","","/","","",0,"8",.0,"8",.0,"8","","8",0,"8","","",.0,"8",.0,"8",.0,"8",.0,"8",.0,"8",.0,"8",.0,"8",.0,"8",.0,"8",0,"8",0,"8",0,"8","","",0,"8",0,"8"
"352190360","P£OCK","2006","11","07","20","6","",0,"8",0,"8","","","",7,"",0,"8",0,"8",8,"",260,"",7,"",0,"",9.4,"",.0,"8","U","",8.1,"",69,"",4.0,"",1004.0,"",1017.3,"",2,.4,"",.0,"8",0,"8","03","2","8","","5","","","/","","","/","","",0,"8",.0,"8",.0,"8","","8",0,"8","","",.0,"8",.0,"8",.0,"8",.0,"8",.0,"8",.0,"8",.0,"8",.0,"8",.0,"8",0,"8",0,"8",0,"8","","",0,"8",0,"8"
"352190360","P£OCK","2006","11","07","21","6","",0,"8",0,"8","","","",7,"",0,"8",0,"8",8,"",250,"",6,"",0,"",9.0,"",.0,"8","U","",8.5,"",74,"",4.6,"",1004.2,"",1017.5,"",2,.5,"",.0,"8",0,"8","02","2","8","","5","","","/","","","/","","",0,"8",.0,"8",.0,"8","","8",0,"8","","",.0,"8",.0,"8",.0,"8",.0,"8",.0,"8",.0,"8",.0,"8",.0,"8",.0,"8",0,"8",0,"8",0,"8","","",0,"8",0,"8"
"352190360","P£OCK","2006","11","07","22","6","",0,"8",0,"8","","","",7,"",0,"8",0,"8",7,"",250,"",5,"",0,"",8.4,"",.0,"8","U","",8.6,"",78,"",4.8,"",1004.4,"",1017.7,"",2,.6,"",.0,"8",0,"8","01","2","7","","5","","","/","","","/","","",0,"8",.0,"8",.0,"8","","8",0,"8","","",.0,"8",.0,"8",.0,"8",.0,"8",.0,"8",.0,"8",.0,"8",.0,"8",.0,"8",0,"8",0,"8",0,"8","","",0,"8",0,"8"
"352190360","P£OCK","2006","11","07","23","6","",0,"8",0,"8","","","",7,"",0,"8",0,"8",7,"",250,"",7,"",0,"",8.6,"",.0,"8","U","",8.6,"",77,"",4.8,"",1004.7,"",1018.0,"",2,.7,"",.0,"8",0,"8","02","2","7","","5","","","/","","","/","","",0,"8",.0,"8",.0,"8","","8",0,"8","","",.0,"8",.0,"8",.0,"8",.0,"8",.0,"8",.0,"8",.0,"8",.0,"8",.0,"8",0,"8",0,"8",0,"8","","",0,"8",0,"8"
"352190360","P£OCK","2006","11","08","00","6","",0,"8",0,"8","","","",6,"",0,"8",0,"8",7,"",250,"",6,"",0,"",8.0,"",.0,"8","U","",8.5,"",79,"",4.6,"",1004.9,"",1018.3,"",2,.7,"",.0,"9",0,"9","10","2","5","","5","","","3","","","/","","",2,"",.0,"8",.0,"8","","8",0,"8","","",.0,"8",.0,"8",.0,"8",.0,"8",.0,"8",.0,"8",.0,"8",.0,"8",.0,"8",0,"8",0,"8",0,"8","","",0,"8",0,"8"
"352190360","P£OCK","2006","11","08","01","6","",0,"8",0,"8","","","",6,"",0,"8",0,"8",6,"",240,"",5,"",10,"",6.9,"",.0,"8","U","",8.3,"",84,"",4.4,"",1005.2,"",1018.6,"",2,.8,"",.0,"8",0,"8","10","2","2","","5","","","3","","","8","","",0,"8",.0,"8",.0,"8","","8",0,"8","","",.0,"8",.0,"8",.0,"8",.0,"8",.0,"8",.0,"8",.0,"8",.0,"8",.0,"8",0,"8",0,"8",0,"8","","",0,"8",0,"8"
"352190360","P£OCK","2006","11","08","02","6","",0,"8",0,"8","","","",6,"",0,"8",0,"8",6,"",250,"",6,"",0,"",6.8,"",.0,"8","U","",8.4,"",85,"",4.5,"",1005.3,"",1018.7,"",2,.6,"",.0,"8",0,"8","10","2","2","","5","","","3","","","8","","",0,"8",.0,"8",.0,"8","","8",0,"8","","",.0,"8",.0,"8",.0,"8",.0,"8",.0,"8",.0,"8",.0,"8",.0,"8",.0,"8",0,"8",0,"8",0,"8","","",0,"8",0,"8"
"352190360","P£OCK","2006","11","08","03","9","",0,"8",0,"8","","","",6,"",0,"8",0,"8",6,"",260,"",4,"",0,"",6.6,"",.0,"8","U","",8.4,"",86,"",4.4,"",1005.4,"",1018.8,"",1,.5,"",.0,"8",0,"8","10","2","4","","0","","","3","","","8","","",0,"8",.0,"8",.0,"8","","8",0,"8","","",.0,"8",.0,"8",.0,"8",.0,"8",.0,"8",.0,"8",.0,"8",.0,"8",.0,"8",0,"8",0,"8",0,"8","","",0,"8",0,"8"
"352190360","P£OCK","2006","11","08","04","5","",0,"8",0,"8","","","",5,"",0,"8",0,"8",7,"",230,"",4,"",0,"",6.0,"",.0,"8","U","",8.1,"",87,"",4.0,"",1005.5,"",1019.0,"",2,.3,"",.0,"8",0,"8","10","2","7","","5","","","/","","","/","","",0,"8",.0,"8",.0,"8","","8",0,"8","","",.0,"8",.0,"8",.0,"8",.0,"8",.0,"8",.0,"8",.0,"8",.0,"8",.0,"8",0,"8",0,"8",0,"8","","",0,"8",0,"8"
"352190360","P£OCK","2006","11","08","05","4","",0,"8",0,"8","","","",5,"",0,"8",0,"8",8,"",220,"",3,"",0,"",6.3,"",.0,"8","U","",8.3,"",87,"",4.3,"",1005.4,"",1018.9,"",0,.1,"",.0,"8",0,"8","10","2","8","","5","","","/","","","/","","",0,"8",.0,"8",.0,"8","","8",0,"8","","",.0,"8",.0,"8",.0,"8",.0,"8",.0,"8",.0,"8",.0,"8",.0,"8",.0,"8",0,"8",0,"8",0,"8","","",0,"8",0,"8"
"352190360","P£OCK","2006","11","08","06","5","",0,"8",0,"8","","","",5,"",0,"8",0,"8",5,"",210,"",3,"",0,"",4.7,"",.0,"8","U","",7.7,"",90,"",3.2,"",1005.6,"",1019.1,"",2,.2,"",.0,"9",0,"9","10","2","2","","5","","","3","","","8","","",1,"",.0,"8",.0,"8","","8",0,"8","","",.0,"8",.0,"8",.0,"8",.0,"8",.0,"8",.0,"8",.0,"8",.0,"8",.0,"8",0,"8",0,"8",0,"8","","",0,"8",0,"8"
"352190360","P£OCK","2006","11","08","07","3","",0,"8",0,"8","","","",5,"",0,"8",0,"8",7,"",220,"",3,"",0,"",4.6,"",.0,"8","U","",7.8,"",92,"",3.4,"",1005.7,"",1019.2,"",3,.2,"",.0,"8",0,"8","10","2","5","","6","","","0","","","6","","",0,"8",.0,"8",.0,"8","","8",0,"8","","",.0,"8",.0,"8",.0,"8",.0,"8",.0,"8",.0,"8",.0,"8",.0,"8",.0,"8",0,"8",0,"8",0,"8","","",0,"8",0,"8"
"352190360","P£OCK","2006","11","08","08","3","",0,"8",0,"8","","","",6,"",0,"8",0,"8",7,"",210,"",3,"",0,"",5.3,"",.0,"8","U","",8.1,"",91,"",3.9,"",1005.3,"",1018.8,"",8,-.1,"",.0,"8",0,"8","10","2","2","","6","","","0","","","8","","",0,"8",.0,"8",.0,"8","","8",0,"8","","",.0,"8",.0,"8",.0,"8",.0,"8",.0,"8",.0,"8",.0,"8",.0,"8",.0,"8",0,"8",0,"8",0,"8","","",0,"8",0,"8"
"352190360","P£OCK","2006","11","08","09","9","",0,"8",0,"8","","","",6,"",0,"8",0,"8",7,"",210,"",3,"",0,"",5.4,"",.0,"8","U","",7.8,"",87,"",3.4,"",1005.2,"",1018.7,"",8,-.4,"",.0,"8",0,"8","10","2","1","","0","","","3","","","8","","",0,"8",.0,"8",.0,"8","","8",0,"8","","",.0,"8",.0,"8",.0,"8",.0,"8",.0,"8",.0,"8",.0,"8",.0,"8",.0,"8",0,"8",0,"8",0,"8","","",0,"8",0,"8"
"352190360","P£OCK","2006","11","08","10","9","",0,"8",0,"8","","","",6,"",0,"8",0,"8",7,"",190,"",3,"",0,"",7.3,"",.0,"8","U","",8.5,"",83,"",4.6,"",1004.9,"",1018.3,"",7,-.8,"",.0,"8",0,"8","10","2","1","","0","","","3","","","8","","",0,"8",.0,"8",.0,"8","","8",0,"8","","",.0,"8",.0,"8",.0,"8",.0,"8",.0,"8",.0,"8",.0,"8",.0,"8",.0,"8",0,"8",0,"8",0,"8","","",0,"8",0,"8"
"352190360","P£OCK","2006","11","08","11","9","",0,"8",0,"8","","","",6,"",0,"8",0,"8",7,"",220,"",5,"",0,"",8.4,"",.0,"8","U","",8.3,"",75,"",4.2,"",1004.3,"",1017.6,"",8,-1.0,"",.0,"8",0,"8","10","2","1","","0","","","3","","","8","","",0,"8",.0,"8",.0,"8","","8",0,"8","","",.0,"8",.0,"8",.0,"8",.0,"8",.0,"8",.0,"8",.0,"8",.0,"8",.0,"8",0,"8",0,"8",0,"8","","",0,"8",0,"8"
"352190360","P£OCK","2006","11","08","12","9","",0,"8",0,"8","","","",6,"",0,"8",0,"8",7,"",220,"",3,"",0,"",9.7,"",.0,"8","U","",8.4,"",70,"",4.5,"",1003.8,"",1017.1,"",7,-1.4,"",.0,"9",0,"9","10","2","1","","0","","","3","","","8","","",1,"",.0,"8",.0,"8","","8",0,"8","","",.0,"8",.0,"8",.0,"8",.0,"8",.0,"8",.0,"8",.0,"8",.0,"8",.0,"8",0,"8",0,"8",0,"8","","",0,"8",0,"8"
"352190360","P£OCK","2006","11","08","13","9","",0,"8",0,"8","","","",6,"",0,"8",0,"8",7,"",210,"",4,"",0,"",8.9,"",.0,"8","U","",7.6,"",67,"",3.1,"",1003.4,"",1016.7,"",6,-1.5,"",.0,"8",0,"8","10","2","1","","0","","","3","","","8","","",0,"8",.0,"8",.0,"8","","8",0,"8","","",.0,"8",.0,"8",.0,"8",.0,"8",.0,"8",.0,"8",.0,"8",.0,"8",.0,"8",0,"8",0,"8",0,"8","","",0,"8",0,"8"
"352190360","P£OCK","2006","11","08","14","9","",0,"8",0,"8","","","",6,"",0,"8",0,"8",7,"",200,"",3,"",0,"",8.8,"",.0,"8","U","",7.9,"",70,"",3.6,"",1002.6,"",1015.9,"",8,-1.7,"",.0,"8",0,"8","10","2","4","","0","","","5","","","8","","",0,"8",.0,"8",.0,"8","","8",0,"8","","",.0,"8",.0,"8",.0,"8",.0,"8",.0,"8",.0,"8",.0,"8",.0,"8",.0,"8",0,"8",0,"8",0,"8","","",0,"8",0,"8"
"352190360","P£OCK","2006","11","08","15","9","",0,"8",0,"8","","","",6,"",0,"8",0,"8",6,"",210,"",3,"",0,"",7.5,"",.0,"8","U","",7.7,"",74,"",3.2,"",1002.3,"",1015.7,"",7,-1.5,"",.0,"8",0,"8","10","2","2","","0","","","3","","","8","","",0,"8",.0,"8",.0,"8","","8",0,"8","","",.0,"8",.0,"8",.0,"8",.0,"8",.0,"8",.0,"8",.0,"8",.0,"8",.0,"8",0,"8",0,"8",0,"8","","",0,"8",0,"8"
"352190360","P£OCK","2006","11","08","16","9","",0,"8",0,"8","","","",6,"",0,"8",0,"8",3,"",220,"",2,"",0,"",5.4,"",.0,"8","U","",7.2,"",80,"",2.2,"",1001.8,"",1015.3,"",7,-1.6,"",.0,"8",0,"8","10","1","1","","0","","","3","","","1","","",0,"8",.0,"8",.0,"8","","8",0,"8","","",.0,"8",.0,"8",.0,"8",.0,"8",.0,"8",.0,"8",.0,"8",.0,"8",.0,"8",0,"8",0,"8",0,"8","","",0,"8",0,"8"
"352190360","P£OCK","2006","11","08","17","9","",0,"8",0,"8","","","",6,"",0,"8",0,"8",1,"",210,"",3,"",0,"",5.2,"",.0,"8","U","",7.2,"",82,"",2.4,"",1001.4,"",1014.9,"",7,-1.2,"",.0,"8",0,"8","10","0","0","","0","","","0","","","1","","",0,"8",.0,"8",.0,"8","","8",0,"8","","",.0,"8",.0,"8",.0,"8",.0,"8",.0,"8",.0,"8",.0,"8",.0,"8",.0,"8",0,"8",0,"8",0,"8","","",0,"8",0,"8"
"352190360","P£OCK","2006","11","08","18","9","",0,"8",0,"8","","","",6,"",0,"8",0,"8",1,"",220,"",3,"",0,"",4.5,"",.0,"8","U","",7.3,"",87,"",2.5,"",1001.1,"",1014.6,"",6,-1.2,"",.0,"9",0,"9","10","1","1","","0","","","3","","","0","","",1,"",.0,"8",.0,"8","","8",0,"8","","",.0,"8",.0,"8",.0,"8",.0,"8",.0,"8",.0,"8",.0,"8",.0,"8",.0,"8",0,"8",0,"8",0,"8","","",0,"8",0,"8"
"352190360","P£OCK","2006","11","08","19","9","",0,"8",0,"8","","","",6,"",0,"8",0,"8",1,"",230,"",5,"",0,"",5.6,"",.0,"8","U","",7.4,"",81,"",2.6,"",1000.7,"",1014.1,"",7,-1.1,"",.0,"8",0,"8","10","0","1","","0","","","3","","","0","","",0,"8",.0,"8",.0,"8","","8",0,"8","","",.0,"8",.0,"8",.0,"8",.0,"8",.0,"8",.0,"8",.0,"8",.0,"8",.0,"8",0,"8",0,"8",0,"8","","",0,"8",0,"8"
"352190360","P£OCK","2006","11","08","20","9","",0,"8",0,"8","","","",6,"",0,"8",0,"8",0,"",220,"",4,"",0,"",4.7,"",.0,"8","U","",7.2,"",84,"",2.2,"",1000.4,"",1013.9,"",7,-1.0,"",.0,"8",0,"8","10","0","0","","0","","","0","","","0","","",0,"8",.0,"8",.0,"8","","8",0,"8","","",.0,"8",.0,"8",.0,"8",.0,"8",.0,"8",.0,"8",.0,"8",.0,"8",.0,"8",0,"8",0,"8",0,"8","","",0,"8",0,"8"
"352190360","P£OCK","2006","11","08","21","9","",0,"8",0,"8","","","",6,"",0,"8",0,"8",2,"",220,"",4,"",0,"",4.4,"",.0,"8","U","",7.3,"",87,"",2.4,"",1000.0,"",1013.5,"",7,-1.1,"",.0,"8",0,"8","10","0","0","","0","","","0","","","1","","",0,"8",.0,"8",.0,"8","","8",0,"8","","",.0,"8",.0,"8",.0,"8",.0,"8",.0,"8",.0,"8",.0,"8",.0,"8",.0,"8",0,"8",0,"8",0,"8","","",0,"8",0,"8"
"352190360","P£OCK","2006","11","08","22","9","",0,"8",0,"8","","","",6,"",0,"8",0,"8",4,"",230,"",4,"",0,"",4.7,"",.0,"8","U","",7.2,"",84,"",2.2,"",999.4,"",1012.9,"",8,-1.3,"",.0,"8",0,"8","10","0","0","","0","","","0","","","6","","",0,"8",.0,"8",.0,"8","","8",0,"8","","",.0,"8",.0,"8",.0,"8",.0,"8",.0,"8",.0,"8",.0,"8",.0,"8",.0,"8",0,"8",0,"8",0,"8","","",0,"8",0,"8"
"352190360","P£OCK","2006","11","08","23","9","",0,"8",0,"8","","","",6,"",0,"8",0,"8",7,"",230,"",6,"",0,"",5.4,"",.0,"8","U","",7.5,"",84,"",2.9,"",998.9,"",1012.3,"",7,-1.5,"",.0,"8",0,"8","10","1","0","","0","","","0","","","6","","",0,"8",.0,"8",.0,"8","","8",0,"8","","",.0,"8",.0,"8",.0,"8",.0,"8",.0,"8",.0,"8",.0,"8",.0,"8",.0,"8",0,"8",0,"8",0,"8","","",0,"8",0,"8"
"352190360","P£OCK","2006","11","09","00","5","",0,"8",0,"8","","","",6,"",0,"8",0,"8",8,"",230,"",7,"",12,"",6.7,"",.0,"8","U","",8.0,"",82,"",3.8,"",997.7,"",1011.0,"",7,-2.3,"",.0,"9",0,"9","10","1","8","","5","","","/","","","/","","",1,"",.0,"8",.0,"8","","8",0,"8","","",.0,"8",.0,"8",.0,"8",.0,"8",.0,"8",.0,"8",.0,"8",.0,"8",.0,"8",0,"8",0,"8",0,"8","","",0,"8",0,"8"
"352190360","P£OCK","2006","11","09","01","5","",0,"8",0,"8","","","",6,"",0,"8",0,"8",8,"",240,"",7,"",13,"",7.3,"",.0,"8","U","",8.0,"",78,"",3.7,"",997.4,"",1010.7,"",7,-2.0,"",.0,"8",0,"8","10","2","7","","5","","","/","","","/","","",0,"8",.0,"8",.0,"8","","8",0,"8","","",.0,"8",.0,"8",.0,"8",.0,"8",.0,"8",.0,"8",.0,"8",.0,"8",.0,"8",0,"8",0,"8",0,"8","","",0,"8",0,"8"
"352190360","P£OCK","2006","11","09","02","4","",0,"8",0,"8","","","",6,"",0,"8",0,"8",8,"",230,"",6,"",0,"",7.3,"",.0,"8","U","",8.4,"",82,"",4.4,"",996.7,"",1010.0,"",7,-2.2,"",.0,"8",0,"8","61","2","7","","5","","","/","","","/","","",0,"8",.0,"8",.0,"8","","8",0,"8","","",.0,"8",.0,"8",.0,"8",.0,"8",.0,"8",.0,"8",.0,"8",.0,"8",.0,"8",0,"8",0,"8",0,"8","","",0,"8",0,"8"
"352190360","P£OCK","2006","11","09","03","4","",0,"8",0,"8","","","",6,"",0,"8",0,"8",8,"",240,"",7,"",0,"",7.5,"",.0,"8","U","",9.1,"",88,"",5.6,"",996.2,"",1009.5,"",7,-1.5,"",.0,"8",0,"8","21","2","8","","5","","","/","","","/","","",0,"8",.0,"8",.0,"8","","8",0,"8","","",.0,"8",.0,"8",.0,"8",.0,"8",.0,"8",.0,"8",.0,"8",.0,"8",.0,"8",0,"8",0,"8",0,"8","","",0,"8",0,"8"
"352190360","P£OCK","2006","11","09","04","4","",0,"8",0,"8","","","",6,"",0,"8",0,"8",8,"",240,"",7,"",0,"",8.5,"",.0,"8","U","",9.8,"",88,"",6.6,"",995.5,"",1008.7,"",7,-1.9,"",.0,"8",0,"8","10","2","8","","5","","","/","","","/","","",0,"8",.0,"8",.0,"8","","8",0,"8","","",.0,"8",.0,"8",.0,"8",.0,"8",.0,"8",.0,"8",.0,"8",.0,"8",.0,"8",0,"8",0,"8",0,"8","","",0,"8",0,"8"
"352190360","P£OCK","2006","11","09","05","4","",0,"8",0,"8","","","",6,"",0,"8",0,"8",8,"",240,"",7,"",0,"",9.3,"",.0,"8","U","",10.2,"",87,"",7.2,"",995.3,"",1008.5,"",7,-1.4,"",.0,"8",0,"8","10","2","8","","5","","","/","","","/","","",0,"8",.0,"8",.0,"8","","8",0,"8","","",.0,"8",.0,"8",.0,"8",.0,"8",.0,"8",.0,"8",.0,"8",.0,"8",.0,"8",0,"8",0,"8",0,"8","","",0,"8",0,"8"
"352190360","P£OCK","2006","11","09","06","4","",0,"8",0,"8","","","",6,"",0,"8",0,"8",8,"",240,"",7,"",0,"",9.7,"",.0,"8","U","",10.0,"",83,"",7.0,"",995.0,"",1008.2,"",7,-1.2,"",.6,"",6,"","10","6","8","","5","","","/","","","/","","",2,"",.0,"8",.0,"8","","8",0,"8","","",.0,"8",.0,"8",.0,"8",.0,"8",.0,"8",.0,"8",.0,"8",.0,"8",.0,"8",0,"8",0,"8",0,"8","","",0,"8",0,"8"
"352190360","P£OCK","2006","11","09","07","4","",0,"8",0,"8","","","",6,"",0,"8",0,"8",7,"",240,"",8,"",13,"",10.0,"",.0,"8","U","",9.9,"",81,"",6.9,"",994.3,"",1007.4,"",8,-1.2,"",.0,"8",0,"8","10","2","6","","5","","","0","","","8","","",0,"8",.0,"8",.0,"8","","8",0,"8","","",.0,"8",.0,"8",.0,"8",.0,"8",.0,"8",.0,"8",.0,"8",.0,"8",.0,"8",0,"8",0,"8",0,"8","","",0,"8",0,"8"
"352190360","P£OCK","2006","11","09","08","4","",0,"8",0,"8","","","",6,"",0,"8",0,"8",8,"",240,"",9,"",0,"",10.4,"",.0,"8","U","",10.1,"",80,"",7.1,"",993.6,"",1006.7,"",8,-1.7,"",.0,"8",0,"8","10","2","6","","5","","","0","","","7","","",0,"8",.0,"8",.0,"8","","8",0,"8","","",.0,"8",.0,"8",.0,"8",.0,"8",.0,"8",.0,"8",.0,"8",.0,"8",.0,"8",0,"8",0,"8",0,"8","","",0,"8",0,"8"
"352190360","P£OCK","2006","11","09","09","5","",0,"8",0,"8","","","",8,"",0,"8",0,"8",3,"",270,"",8,"",13,"",10.1,"",.0,"8","U","",9.6,"",78,"",6.4,"",993.5,"",1006.6,"",6,-1.5,"",.0,"8",0,"8","25","1","3","","9","","","0","","","0","","",0,"8",.0,"8",.0,"8","","8",0,"8","","",.0,"8",.0,"8",.0,"8",.0,"8",.0,"8",.0,"8",.0,"8",.0,"8",.0,"8",0,"8",0,"8",0,"8","","",0,"8",0,"8"
"352190360","P£OCK","2006","11","09","10","5","",0,"8",0,"8","","","",8,"",0,"8",0,"8",2,"",260,"",9,"",16,"",11.1,"",.0,"8","U","",8.0,"",61,"",3.9,"",993.1,"",1006.2,"",7,-1.2,"",.0,"8",0,"8","01","0","1","","3","","","3","","","0","","",0,"8",.0,"8",.0,"8","","8",0,"8","","",.0,"8",.0,"8",.0,"8",.0,"8",.0,"8",.0,"8",.0,"8",.0,"8",.0,"8",0,"8",0,"8",0,"8","","",0,"8",0,"8"
"352190360","P£OCK","2006","11","09","11","6","",0,"8",0,"8","","","",8,"",0,"8",0,"8",7,"",260,"",11,"",18,"",10.7,"",.0,"8","U","",7.6,"",59,"",3.0,"",992.7,"",1005.8,"",8,-.9,"",.0,"8",0,"8","03","1","7","","9","","","/","","","/","","",0,"8",.0,"8",.0,"8","","8",0,"8","","",.0,"8",.0,"8",.0,"8",.0,"8",.0,"8",.0,"8",.0,"8",.0,"8",.0,"8",0,"8",0,"8",0,"8","","",0,"8",0,"8"
"352190360","P£OCK","2006","11","09","12","6","",0,"8",0,"8","","","",8,"",0,"8",0,"8",7,"",260,"",10,"",18,"",10.2,"",.0,"8","U","",7.5,"",60,"",2.8,"",993.1,"",1006.2,"",5,-.4,"",1.4,"",6,"","01","8","7","","5","","","/","","","/","","",1,"",.0,"8",.0,"8","","8",0,"8","","",.0,"8",.0,"8",.0,"8",.0,"8",.0,"8",.0,"8",.0,"8",.0,"8",.0,"8",0,"8",0,"8",0,"8","","",0,"8",0,"8"
"352190360","P£OCK","2006","11","09","13","5","",0,"8",0,"8","","","",8,"",0,"8",0,"8",7,"",270,"",11,"",18,"",9.9,"",.0,"8","U","",7.7,"",63,"",3.2,"",993.7,"",1006.8,"",3,.6,"",.0,"8",0,"8","80","2","7","","9","","","/","","","/","","",0,"8",.0,"8",.0,"8","","8",0,"8","","",.0,"8",.0,"8",.0,"8",.0,"8",.0,"8",.0,"8",.0,"8",.0,"8",.0,"8",0,"8",0,"8",0,"8","","",0,"8",0,"8"
"352190360","P£OCK","2006","11","09","14","5","",0,"8",0,"8","","","",9,"",0,"8",0,"8",6,"",280,"",10,"",17,"",8.0,"",.0,"8","U","",7.7,"",72,"",3.3,"",994.9,"",1008.1,"",3,2.2,"",.0,"8",0,"8","25","2","5","","3","","","3","","","0","","",0,"8",.0,"8",.0,"8","","8",0,"8","","",.0,"8",.0,"8",.0,"8",.0,"8",.0,"8",.0,"8",.0,"8",.0,"8",.0,"8",0,"8",0,"8",0,"8","","",0,"8",0,"8"
"352190360","P£OCK","2006","11","09","15","5","",0,"8",0,"8","","","",8,"",0,"8",0,"8",7,"",280,"",7,"",12,"",7.4,"",.0,"8","U","",7.8,"",76,"",3.4,"",995.8,"",1009.1,"",2,2.7,"",.0,"8",0,"8","01","8","6","","5","","","3","","","/","","",0,"8",.0,"8",.0,"8","","8",0,"8","","",.0,"8",.0,"8",.0,"8",.0,"8",.0,"8",.0,"8",.0,"8",.0,"8",.0,"8",0,"8",0,"8",0,"8","","",0,"8",0,"8"
"352190360","P£OCK","2006","11","09","16","5","",0,"8",0,"8","","","",9,"",0,"8",0,"8",4,"",290,"",7,"",12,"",6.1,"",.0,"8","U","",7.1,"",76,"",2.2,"",997.1,"",1010.5,"",2,3.4,"",.0,"8",0,"8","25","1","3","","9","","","3","","","0","","",0,"8",.0,"8",.0,"8","","8",0,"8","","",.0,"8",.0,"8",.0,"8",.0,"8",.0,"8",.0,"8",.0,"8",.0,"8",.0,"8",0,"8",0,"8",0,"8","","",0,"8",0,"8"
"352190360","P£OCK","2006","11","09","17","9","",0,"8",0,"8","","","",9,"",0,"8",0,"8",1,"",280,"",5,"",0,"",5.6,"",.0,"8","U","",6.8,"",75,"",1.5,"",997.9,"",1011.3,"",2,3.0,"",.0,"8",0,"8","01","0","1","","0","","","3","","","0","","",0,"8",.0,"8",.0,"8","","8",0,"8","","",.0,"8",.0,"8",.0,"8",.0,"8",.0,"8",.0,"8",.0,"8",.0,"8",.0,"8",0,"8",0,"8",0,"8","","",0,"8",0,"8"
"352190360","P£OCK","2006","11","09","18","9","",0,"8",0,"8","","","",8,"",0,"8",0,"8",2,"",280,"",7,"",0,"",5.5,"",.0,"8","U","",7.1,"",79,"",2.1,"",998.5,"",1011.9,"",1,2.7,"",.1,"",6,"","03","8","2","","0","","","3","","","0","","",1,"",.0,"8",.0,"8","","8",0,"8","","",.0,"8",.0,"8",.0,"8",.0,"8",.0,"8",.0,"8",.0,"8",.0,"8",.0,"8",0,"8",0,"8",0,"8","","",0,"8",0,"8"
"352190360","P£OCK","2006","11","09","19","5","",0,"8",0,"8","","","",7,"",0,"8",0,"8",7,"",280,"",7,"",0,"",5.4,"",.0,"8","U","",7.3,"",82,"",2.6,"",999.2,"",1012.6,"",2,2.1,"",.0,"8",0,"8","03","1","7","","5","","","/","","","/","","",0,"8",.0,"8",.0,"8","","8",0,"8","","",.0,"8",.0,"8",.0,"8",.0,"8",.0,"8",.0,"8",.0,"8",.0,"8",.0,"8",0,"8",0,"8",0,"8","","",0,"8",0,"8"
"352190360","P£OCK","2006","11","09","20","5","",0,"8",0,"8","","","",8,"",0,"8",0,"8",7,"",280,"",6,"",0,"",5.3,"",.0,"8","U","",7.4,"",83,"",2.6,"",1000.1,"",1013.5,"",3,2.2,"",.0,"8",0,"8","02","2","7","","5","","","/","","","/","","",0,"8",.0,"8",.0,"8","","8",0,"8","","",.0,"8",.0,"8",.0,"8",.0,"8",.0,"8",.0,"8",.0,"8",.0,"8",.0,"8",0,"8",0,"8",0,"8","","",0,"8",0,"8"
"352190360","P£OCK","2006","11","09","21","5","",0,"8",0,"8","","","",8,"",0,"8",0,"8",7,"",280,"",5,"",0,"",5.3,"",.0,"8","U","",7.5,"",84,"",2.8,"",1000.8,"",1014.2,"",2,2.3,"",.0,"8",0,"8","01","1","5","","5","","","3","","","/","","",0,"8",.0,"8",.0,"8","","8",0,"8","","",.0,"8",.0,"8",.0,"8",.0,"8",.0,"8",.0,"8",.0,"8",.0,"8",.0,"8",0,"8",0,"8",0,"8","","",0,"8",0,"8"
"352190360","P£OCK","2006","11","09","22","5","",0,"8",0,"8","","","",8,"",0,"8",0,"8",3,"",280,"",4,"",0,"",4.3,"",.0,"8","U","",7.1,"",86,"",2.2,"",1001.8,"",1015.3,"",2,2.6,"",.0,"8",0,"8","01","1","2","","5","","","3","","","0","","",0,"8",.0,"8",.0,"8","","8",0,"8","","",.0,"8",.0,"8",.0,"8",.0,"8",.0,"8",.0,"8",.0,"8",.0,"8",.0,"8",0,"8",0,"8",0,"8","","",0,"8",0,"8"
"352190360","P£OCK","2006","11","09","23","5","",0,"8",0,"8","","","",8,"",0,"8",0,"8",1,"",290,"",4,"",0,"",3.9,"",.0,"8","U","",7.1,"",88,"",2.1,"",1002.9,"",1016.4,"",3,2.8,"",.0,"8",0,"8","01","0","1","","5","","","0","","","0","","",0,"8",.0,"8",.0,"8","","8",0,"8","","",.0,"8",.0,"8",.0,"8",.0,"8",.0,"8",.0,"8",.0,"8",.0,"8",.0,"8",0,"8",0,"8",0,"8","","",0,"8",0,"8"
"352190360","P£OCK","2006","11","10","00","9","",0,"8",0,"8","","","",7,"",0,"8",0,"8",0,"",290,"",4,"",0,"",3.2,"",.0,"8","U","",6.9,"",90,"",1.7,"",1003.5,"",1017.1,"",1,2.7,"",.0,"9",0,"9","01","1","0","","0","","","0","","","0","","",1,"",.0,"8",.0,"8","","8",0,"8","","",.0,"8",.0,"8",.0,"8",.0,"8",.0,"8",.0,"8",.0,"8",.0,"8",.0,"8",0,"8",0,"8",0,"8","","",0,"8",0,"8"
"352190360","P£OCK","2006","11","10","01","9","",0,"8",0,"8","","","",7,"",0,"8",0,"8",0,"",290,"",4,"",0,"",2.7,"",.0,"8","U","",6.8,"",92,"",1.5,"",1004.3,"",1017.9,"",2,2.5,"",.0,"8",0,"8","02","0","0","","0","","","0","","","0","","",0,"8",.0,"8",.0,"8","","8",0,"8","","",.0,"8",.0,"8",.0,"8",.0,"8",.0,"8",.0,"8",.0,"8",.0,"8",.0,"8",0,"8",0,"8",0,"8","","",0,"8",0,"8"
"352190360","P£OCK","2006","11","10","02","9","",0,"8",0,"8","","","",7,"",0,"8",0,"8",0,"",290,"",4,"",0,"",2.5,"",.0,"8","U","",6.7,"",92,"",1.3,"",1005.2,"",1018.8,"",3,2.3,"",.0,"8",0,"8","02","0","0","","0","","","0","","","0","","",0,"8",.0,"8",.0,"8","","8",0,"8","","",.0,"8",.0,"8",.0,"8",.0,"8",.0,"8",.0,"8",.0,"8",.0,"8",.0,"8",0,"8",0,"8",0,"8","","",0,"8",0,"8"
"352190360","P£OCK","2006","11","10","03","9","",0,"8",0,"8","","","",7,"",0,"8",0,"8",0,"",280,"",4,"",0,"",2.2,"",.0,"8","U","",6.4,"",90,"",.7,"",1006.7,"",1020.4,"",3,3.2,"",.0,"8",0,"8","02","0","0","","0","","","0","","","0","","",0,"8",.0,"8",.0,"8","","8",0,"8","","",.0,"8",.0,"8",.0,"8",.0,"8",.0,"8",.0,"8",.0,"8",.0,"8",.0,"8",0,"8",0,"8",0,"8","","",0,"8",0,"8"
"352190360","P£OCK","2006","11","10","04","6","",0,"8",0,"8","","","",8,"",0,"8",0,"8",7,"",290,"",4,"",0,"",2.2,"",.0,"8","U","",6.4,"",90,"",.7,"",1008.0,"",1021.7,"",2,3.7,"",.0,"8",0,"8","03","1","7","","5","","","/","","","/","","",0,"8",.0,"8",.0,"8","","8",0,"8","","",.0,"8",.0,"8",.0,"8",.0,"8",.0,"8",.0,"8",.0,"8",.0,"8",.0,"8",0,"8",0,"8",0,"8","","",0,"8",0,"8"
"352190360","P£OCK","2006","11","10","05","6","",0,"8",0,"8","","","",8,"",0,"8",0,"8",3,"",280,"",4,"",0,"",1.5,"",.0,"8","U","",6.1,"",89,"",-.1,"",1008.7,"",1022.4,"",1,3.5,"",.0,"8",0,"8","01","1","3","","5","","","0","","","0","","",0,"8",.0,"8",.0,"8","","8",0,"8","","",.0,"8",.0,"8",.0,"8",.0,"8",.0,"8",.0,"8",.0,"8",.0,"8",.0,"8",0,"8",0,"8",0,"8","","",0,"8",0,"8"
"352190360","P£OCK","2006","11","10","06","6","",0,"8",0,"8","","","",7,"",0,"8",0,"8",1,"",280,"",4,"",0,"",1.0,"",.0,"8","U","",5.9,"",90,"",-.5,"",1009.8,"",1023.6,"",2,3.1,"",.0,"9",0,"9","01","1","1","","5","","","0","","","0","","",1,"",.0,"8",.0,"8","","8",0,"8","","",.0,"8",.0,"8",.0,"8",.0,"8",.0,"8",.0,"8",.0,"8",.0,"8",.0,"8",0,"8",0,"8",0,"8","","",0,"8",0,"8"
"352190360","P£OCK","2006","11","10","07","9","",0,"8",0,"8","","","",7,"",0,"8",0,"8",1,"",280,"",4,"",0,"",1.3,"",.0,"8","U","",6.0,"",90,"",-.2,"",1010.9,"",1024.7,"",3,2.9,"",.0,"8",0,"8","01","0","1","","0","","","3","","","0","","",0,"8",.0,"8",.0,"8","","8",0,"8","","",.0,"8",.0,"8",.0,"8",.0,"8",.0,"8",.0,"8",.0,"8",.0,"8",.0,"8",0,"8",0,"8",0,"8","","",0,"8",0,"8"
"352190360","P£OCK","2006","11","10","08","9","",0,"8",0,"8","","","",8,"",0,"8",0,"8",1,"",290,"",5,"",0,"",2.7,"",.0,"8","U","",6.3,"",85,"",.4,"",1011.7,"",1025.4,"",1,3.0,"",.0,"8",0,"8","02","0","1","","0","","","3","","","0","","",0,"8",.0,"8",.0,"8","","8",0,"8","","",.0,"8",.0,"8",.0,"8",.0,"8",.0,"8",.0,"8",.0,"8",.0,"8",.0,"8",0,"8",0,"8",0,"8","","",0,"8",0,"8"
"352190360","P£OCK","2006","11","10","09","5","",0,"8",0,"8","","","",8,"",0,"8",0,"8",2,"",280,"",5,"",0,"",4.0,"",.0,"8","U","",6.6,"",81,"",1.0,"",1012.6,"",1026.3,"",2,2.8,"",.0,"8",0,"8","03","0","1","","1","","","3","","","0","","",0,"8",.0,"8",.0,"8","","8",0,"8","","",.0,"8",.0,"8",.0,"8",.0,"8",.0,"8",.0,"8",.0,"8",.0,"8",.0,"8",0,"8",0,"8",0,"8","","",0,"8",0,"8"
"352190360","P£OCK","2006","11","10","10","5","",0,"8",0,"8","","","",8,"",0,"8",0,"8",2,"",280,"",6,"",0,"",5.1,"",.0,"8","U","",6.8,"",77,"",1.4,"",1012.6,"",1026.2,"",1,1.7,"",.0,"8",0,"8","03","0","2","","2","","","0","","","0","","",0,"8",.0,"8",.0,"8","","8",0,"8","","",.0,"8",.0,"8",.0,"8",.0,"8",.0,"8",.0,"8",.0,"8",.0,"8",.0,"8",0,"8",0,"8",0,"8","","",0,"8",0,"8"
"352190360","P£OCK","2006","11","10","11","5","",0,"8",0,"8","","","",8,"",0,"8",0,"8",2,"",280,"",6,"",0,"",5.7,"",.0,"8","U","",6.7,"",73,"",1.2,"",1012.6,"",1026.2,"",1,.9,"",.0,"8",0,"8","02","0","2","","2","","","0","","","0","","",0,"8",.0,"8",.0,"8","","8",0,"8","","",.0,"8",.0,"8",.0,"8",.0,"8",.0,"8",.0,"8",.0,"8",.0,"8",.0,"8",0,"8",0,"8",0,"8","","",0,"8",0,"8"
"352190360","P£OCK","2006","11","10","12","5","",0,"8",0,"8","","","",8,"",0,"8",0,"8",2,"",280,"",7,"",0,"",6.4,"",.0,"8","U","",6.5,"",68,"",.9,"",1012.5,"",1026.0,"",8,-.1,"",.0,"9",0,"9","02","0","2","","2","","","0","","","0","","",1,"",.0,"8",.0,"8","","8",0,"8","","",.0,"8",.0,"8",.0,"8",.0,"8",.0,"8",.0,"8",.0,"8",.0,"8",.0,"8",0,"8",0,"8",0,"8","","",0,"8",0,"8"
"352190360","P£OCK","2006","11","10","13","5","",0,"8",0,"8","","","",8,"",0,"8",0,"8",1,"",270,"",6,"",0,"",6.7,"",.0,"8","U","",6.4,"",65,"",.6,"",1012.1,"",1025.6,"",8,-.5,"",.0,"8",0,"8","01","0","1","","2","","","0","","","0","","",0,"8",.0,"8",.0,"8","","8",0,"8","","",.0,"8",.0,"8",.0,"8",.0,"8",.0,"8",.0,"8",.0,"8",.0,"8",.0,"8",0,"8",0,"8",0,"8","","",0,"8",0,"8"
"352190360","P£OCK","2006","11","10","14","5","",0,"8",0,"8","","","",9,"",0,"8",0,"8",7,"",290,"",6,"",0,"",6.7,"",.0,"8","U","",5.7,"",58,"",-1.0,"",1012.5,"",1026.0,"",5,-.1,"",.0,"8",0,"8","03","1","7","","8","","","/","","","/","","",0,"8",.0,"8",.0,"8","","8",0,"8","","",.0,"8",.0,"8",.0,"8",.0,"8",.0,"8",.0,"8",.0,"8",.0,"8",.0,"8",0,"8",0,"8",0,"8","","",0,"8",0,"8"
"352190360","P£OCK","2006","11","10","15","6","",0,"8",0,"8","","","",9,"",0,"8",0,"8",7,"",280,"",6,"",0,"",6.5,"",.0,"8","U","",6.0,"",62,"",-.3,"",1012.4,"",1025.9,"",7,-.1,"",.0,"8",0,"8","01","1","7","","5","","","/","","","/","","",0,"8",.0,"8",.0,"8","","8",0,"8","","",.0,"8",.0,"8",.0,"8",.0,"8",.0,"8",.0,"8",.0,"8",.0,"8",.0,"8",0,"8",0,"8",0,"8","","",0,"8",0,"8"
"352190360","P£OCK","2006","11","10","16","6","",0,"8",0,"8","","","",8,"",0,"8",0,"8",5,"",290,"",5,"",0,"",5.7,"",.0,"8","U","",6.5,"",71,"",.8,"",1012.8,"",1026.4,"",2,.7,"",.0,"8",0,"8","01","2","5","","5","","","0","","","0","","",0,"8",.0,"8",.0,"8","","8",0,"8","","",.0,"8",.0,"8",.0,"8",.0,"8",.0,"8",.0,"8",.0,"8",.0,"8",.0,"8",0,"8",0,"8",0,"8","","",0,"8",0,"8"
"352190360","P£OCK","2006","11","10","17","5","",0,"8",0,"8","","","",8,"",0,"8",0,"8",4,"",310,"",3,"",0,"",4.0,"",.0,"8","U","",6.0,"",74,"",-.2,"",1013.5,"",1027.2,"",3,1.0,"",.0,"8",0,"8","01","1","4","","5","","","0","","","0","","",0,"8",.0,"8",.0,"8","","8",0,"8","","",.0,"8",.0,"8",.0,"8",.0,"8",.0,"8",.0,"8",.0,"8",.0,"8",.0,"8",0,"8",0,"8",0,"8","","",0,"8",0,"8"
"352190360","P£OCK","2006","11","10","18","9","",0,"8",0,"8","","","",8,"",0,"8",0,"8",1,"",300,"",3,"",0,"",2.6,"",.0,"8","U","",5.9,"",80,"",-.5,"",1013.8,"",1027.6,"",2,1.4,"",.0,"9",0,"9","01","1","0","","0","","","0","","","1","","",1,"",.0,"8",.0,"8","","8",0,"8","","",.0,"8",.0,"8",.0,"8",.0,"8",.0,"8",.0,"8",.0,"8",.0,"8",.0,"8",0,"8",0,"8",0,"8","","",0,"8",0,"8"
"352190360","P£OCK","2006","11","10","19","9","",0,"8",0,"8","","","",8,"",0,"8",0,"8",0,"",320,"",3,"",0,"",1.9,"",.0,"8","U","",5.5,"",79,"",-1.4,"",1014.1,"",1027.9,"",1,1.3,"",.0,"8",0,"8","01","0","0","","0","","","0","","","0","","",0,"8",.0,"8",.0,"8","","8",0,"8","","",.0,"8",.0,"8",.0,"8",.0,"8",.0,"8",.0,"8",.0,"8",.0,"8",.0,"8",0,"8",0,"8",0,"8","","",0,"8",0,"8"
"352190360","P£OCK","2006","11","10","20","9","",0,"8",0,"8","","","",7,"",0,"8",0,"8",0,"",310,"",3,"",0,"",.8,"",.0,"8","U","",5.4,"",84,"",-1.6,"",1014.4,"",1028.3,"",2,.9,"",.0,"8",0,"8","02","0","0","","0","","","0","","","0","","",0,"8",.0,"8",.0,"8","","8",0,"8","","",.0,"8",.0,"8",.0,"8",.0,"8",.0,"8",.0,"8",.0,"8",.0,"8",.0,"8",0,"8",0,"8",0,"8","","",0,"8",0,"8"
"352190360","P£OCK","2006","11","10","21","9","",0,"8",0,"8","","","",7,"",0,"8",0,"8",0,"",300,"",2,"",0,"",-.2,"",.0,"8","U","",5.2,"",87,"",-2.1,"",1014.1,"",1028.0,"",0,.3,"",.0,"8",0,"8","02","0","0","","0","","","0","","","0","","",0,"8",.0,"8",.0,"8","","8",0,"8","","",.0,"8",.0,"8",.0,"8",.0,"8",.0,"8",.0,"8",.0,"8",.0,"8",.0,"8",0,"8",0,"8",0,"8","","",0,"8",0,"8"
"352190360","P£OCK","2006","11","10","22","9","",0,"8",0,"8","","","",7,"",0,"8",0,"8",2,"",310,"",2,"",0,"",-.1,"",.0,"8","U","",5.3,"",87,"",-2.0,"",1014.2,"",1028.1,"",2,.1,"",.0,"8",0,"8","03","0","2","","0","","","3","","","0","","",0,"8",.0,"8",.0,"8","","8",0,"8","","",.0,"8",.0,"8",.0,"8",.0,"8",.0,"8",.0,"8",.0,"8",.0,"8",.0,"8",0,"8",0,"8",0,"8","","",0,"8",0,"8"
"352190360","P£OCK","2006","11","10","23","9","",0,"8",0,"8","","","",7,"",0,"8",0,"8",7,"",290,"",2,"",0,"",-.2,"",.0,"8","U","",5.2,"",87,"",-2.1,"",1014.1,"",1028.0,"",7,-.3,"",.0,"8",0,"8","03","1","2","","0","","","3","","","6","","",0,"8",.0,"8",.0,"8","","8",0,"8","","",.0,"8",.0,"8",.0,"8",.0,"8",.0,"8",.0,"8",.0,"8",.0,"8",.0,"8",0,"8",0,"8",0,"8","","",0,"8",0,"8"
"352190360","P£OCK","2006","11","11","00","9","",0,"8",0,"8","","","",7,"",0,"8",0,"8",8,"",250,"",1,"",0,"",-.4,"",.0,"8","U","",5.3,"",89,"",-2.0,"",1013.5,"",1027.4,"",8,-.6,"",.0,"9",0,"9","01","1","1","","0","","","3","","","7","","",4,"",.0,"8",.0,"8","","8",0,"8","","",.0,"8",.0,"8",.0,"8",.0,"8",.0,"8",.0,"8",.0,"8",.0,"8",.0,"8",0,"8",0,"8",0,"8","","",0,"8",0,"8"
"352190360","P£OCK","2006","11","11","01","9","",0,"8",0,"8","","","",6,"",0,"8",0,"8",8,"",220,"",1,"",0,"",-.6,"",.0,"8","U","",5.3,"",91,"",-1.9,"",1013.2,"",1027.1,"",7,-1.0,"",.0,"8",0,"8","10","2","1","","0","","","3","","","7","","",0,"8",.0,"8",.0,"8","","8",0,"8","","",.0,"8",.0,"8",.0,"8",.0,"8",.0,"8",.0,"8",.0,"8",.0,"8",.0,"8",0,"8",0,"8",0,"8","","",0,"8",0,"8"
"352190360","P£OCK","2006","11","11","02","9","",0,"8",0,"8","","","",5,"",0,"8",0,"8",8,"",220,"",2,"",0,"",-.6,"",.0,"8","U","",5.4,"",93,"",-1.6,"",1012.5,"",1026.4,"",7,-1.6,"",.0,"8",0,"8","10","2","2","","0","","","3","","","7","","",0,"8",.0,"8",.0,"8","","8",0,"8","","",.0,"8",.0,"8",.0,"8",.0,"8",.0,"8",.0,"8",.0,"8",.0,"8",.0,"8",0,"8",0,"8",0,"8","","",0,"8",0,"8"
"352190360","P£OCK","2006","11","11","03","9","",0,"8",0,"8","","","",6,"",0,"8",0,"8",8,"",200,"",2,"",0,"",-.3,"",.0,"8","U","",5.6,"",93,"",-1.3,"",1011.6,"",1025.5,"",8,-1.9,"",.0,"8",0,"8","10","2","2","","0","","","3","","","7","","",0,"8",.0,"8",.0,"8","","8",0,"8","","",.0,"8",.0,"8",.0,"8",.0,"8",.0,"8",.0,"8",.0,"8",.0,"8",.0,"8",0,"8",0,"8",0,"8","","",0,"8",0,"8"
"352190360","P£OCK","2006","11","11","04","9","",0,"8",0,"8","","","",6,"",0,"8",0,"8",8,"",170,"",2,"",0,"",-.5,"",.0,"8","U","",5.5,"",93,"",-1.5,"",1010.7,"",1024.6,"",8,-2.5,"",.0,"8",0,"8","10","2","2","","0","","","3","","","7","","",0,"8",.0,"8",.0,"8","","8",0,"8","","",.0,"8",.0,"8",.0,"8",.0,"8",.0,"8",.0,"8",.0,"8",.0,"8",.0,"8",0,"8",0,"8",0,"8","","",0,"8",0,"8"
"352190360","P£OCK","2006","11","11","05","9","",0,"8",0,"8","","","",6,"",0,"8",0,"8",8,"",190,"",2,"",0,"",-.1,"",.0,"8","U","",5.5,"",91,"",-1.4,"",1009.8,"",1023.6,"",7,-2.7,"",.0,"8",0,"8","10","2","8","","0","","","7","","","/","","",0,"8",.0,"8",.0,"8","","8",0,"8","","",.0,"8",.0,"8",.0,"8",.0,"8",.0,"8",.0,"8",.0,"8",.0,"8",.0,"8",0,"8",0,"8",0,"8","","",0,"8",0,"8"
"352190360","P£OCK","2006","11","11","06","9","",0,"8",0,"8","","","",6,"",0,"8",0,"8",8,"",160,"",2,"",0,"",.0,"",.0,"8","U","",5.6,"",91,"",-1.3,"",1009.2,"",1023.0,"",6,-2.4,"",.0,"9",0,"9","10","2","8","","0","","","3","","","/","","",4,"",.0,"8",.0,"8","","8",0,"8","","",.0,"8",.0,"8",.0,"8",.0,"8",.0,"8",.0,"8",.0,"8",.0,"8",.0,"8",0,"8",0,"8",0,"8","","",0,"8",0,"8"
"352190360","P£OCK","2006","11","11","07","9","",0,"8",0,"8","","","",6,"",0,"8",0,"8",8,"",160,"",3,"",0,"",.5,"",.0,"8","U","",5.7,"",90,"",-1.0,"",1007.4,"",1021.2,"",7,-3.3,"",.0,"8",0,"8","10","2","8","","0","","","3","","","/","","",0,"8",.0,"8",.0,"8","","8",0,"8","","",.0,"8",.0,"8",.0,"8",.0,"8",.0,"8",.0,"8",.0,"8",.0,"8",.0,"8",0,"8",0,"8",0,"8","","",0,"8",0,"8"
"352190360","P£OCK","2006","11","11","08","2","",0,"8",0,"8","","","",5,"",0,"8",0,"8",8,"",170,"",3,"",0,"",1.4,"",.0,"8","U","",6.3,"",93,"",.4,"",1006.3,"",1020.0,"",7,-3.5,"",.0,"8",0,"8","10","2","8","","6","","","/","","","/","","",0,"8",.0,"8",.0,"8","","8",0,"8","","",.0,"8",.0,"8",.0,"8",.0,"8",.0,"8",.0,"8",.0,"8",.0,"8",.0,"8",0,"8",0,"8",0,"8","","",0,"8",0,"8"
"352190360","P£OCK","2006","11","11","09","2","",0,"8",0,"8","","","",6,"",0,"8",0,"8",8,"",190,"",4,"",0,"",2.7,"",.0,"8","U","",6.8,"",92,"",1.5,"",1004.6,"",1018.2,"",7,-4.6,"",.0,"8",0,"8","10","2","8","","6","","","/","","","/","","",0,"8",.0,"8",.0,"8","","8",0,"8","","",.0,"8",.0,"8",.0,"8",.0,"8",.0,"8",.0,"8",.0,"8",.0,"8",.0,"8",0,"8",0,"8",0,"8","","",0,"8",0,"8"
"352190360","P£OCK","2006","11","11","10","3","",0,"8",0,"8","","","",6,"",0,"8",0,"8",8,"",200,"",4,"",0,"",4.1,"",.0,"8","U","",7.3,"",89,"",2.4,"",1003.4,"",1016.9,"",7,-4.0,"",.0,"8",0,"8","10","2","8","","5","","","/","","","/","","",0,"8",.0,"8",.0,"8","","8",0,"8","","",.0,"8",.0,"8",.0,"8",.0,"8",.0,"8",.0,"8",.0,"8",.0,"8",.0,"8",0,"8",0,"8",0,"8","","",0,"8",0,"8"
"352190360","P£OCK","2006","11","11","11","3","",0,"8",0,"8","","","",6,"",0,"8",0,"8",8,"",200,"",4,"",0,"",5.3,"",.0,"8","U","",7.1,"",80,"",2.1,"",1001.3,"",1014.8,"",7,-5.0,"",.0,"8",0,"8","10","2","1","","6","","","3","","","7","","",0,"8",.0,"8",.0,"8","","8",0,"8","","",.0,"8",.0,"8",.0,"8",.0,"8",.0,"8",.0,"8",.0,"8",.0,"8",.0,"8",0,"8",0,"8",0,"8","","",0,"8",0,"8"
"352190360","P£OCK","2006","11","11","12","9","",0,"8",0,"8","","","",7,"",0,"8",0,"8",8,"",190,"",4,"",0,"",5.7,"",.0,"8","U","",6.9,"",75,"",1.6,"",999.9,"",1013.3,"",7,-4.7,"",.0,"9",0,"9","01","2","2","","0","","","3","","","7","","",1,"",.0,"8",.0,"8","","8",0,"8","","",.0,"8",.0,"8",.0,"8",.0,"8",.0,"8",.0,"8",.0,"8",.0,"8",.0,"8",0,"8",0,"8",0,"8","","",0,"8",0,"8"
"352190360","P£OCK","2006","11","11","13","9","",0,"8",0,"8","","","",7,"",0,"8",0,"8",8,"",180,"",4,"",0,"",5.9,"",.0,"8","U","",6.4,"",69,"",.6,"",997.7,"",1011.1,"",7,-5.7,"",.0,"8",0,"8","02","2","2","","0","","","3","","","7","","",0,"8",.0,"8",.0,"8","","8",0,"8","","",.0,"8",.0,"8",.0,"8",.0,"8",.0,"8",.0,"8",.0,"8",.0,"8",.0,"8",0,"8",0,"8",0,"8","","",0,"8",0,"8"
"352190360","P£OCK","2006","11","11","14","7","",0,"8",0,"8","","","",7,"",0,"8",0,"8",8,"",180,"",4,"",0,"",5.7,"",.0,"8","U","",6.3,"",69,"",.5,"",996.1,"",1009.5,"",7,-5.2,"",.0,"8",0,"8","03","2","5","","5","","","3","","","/","","",0,"8",.0,"8",.0,"8","","8",0,"8","","",.0,"8",.0,"8",.0,"8",.0,"8",.0,"8",.0,"8",.0,"8",.0,"8",.0,"8",0,"8",0,"8",0,"8","","",0,"8",0,"8"
"352190360","P£OCK","2006","11","11","15","5","",0,"8",0,"8","","","",7,"",0,"8",0,"8",8,"",190,"",4,"",0,"",5.5,"",.0,"8","U","",6.3,"",70,"",.5,"",994.8,"",1008.2,"",6,-5.1,"",.0,"8",0,"8","25","2","5","","9","","","7","","","/","","",0,"8",.0,"8",.0,"8","","8",0,"8","","",.0,"8",.0,"8",.0,"8",.0,"8",.0,"8",.0,"8",.0,"8",.0,"8",.0,"8",0,"8",0,"8",0,"8","","",0,"8",0,"8"
"352190360","P£OCK","2006","11","11","16","5","",0,"8",0,"8","","","",6,"",0,"8",0,"8",8,"",200,"",6,"",0,"",4.9,"",.0,"8","U","",6.6,"",76,"",1.0,"",993.5,"",1006.9,"",6,-4.2,"",.0,"8",0,"8","63","6","6","","5","","","2","","","/","","",0,"8",.0,"8",.0,"8","","8",0,"8","","",.0,"8",.0,"8",.0,"8",.0,"8",.0,"8",.0,"8",.0,"8",.0,"8",.0,"8",0,"8",0,"8",0,"8","","",0,"8",0,"8"
"352190360","P£OCK","2006","11","11","17","5","",0,"8",0,"8","","","",7,"",0,"8",0,"8",8,"",190,"",4,"",0,"",4.1,"",.0,"8","U","",7.0,"",85,"",1.8,"",992.4,"",1005.8,"",6,-3.7,"",.0,"8",0,"8","61","6","6","","5","","","2","","","/","","",0,"8",.0,"8",.0,"8","","8",0,"8","","",.0,"8",.0,"8",.0,"8",.0,"8",.0,"8",.0,"8",.0,"8",.0,"8",.0,"8",0,"8",0,"8",0,"8","","",0,"8",0,"8"
"352190360","P£OCK","2006","11","11","18","4","",0,"8",0,"8","","","",6,"",0,"8",0,"8",8,"",210,"",6,"",11,"",4.3,"",.0,"8","U","",7.1,"",86,"",2.2,"",991.2,"",1004.6,"",7,-3.6,"",1.8,"",6,"","61","8","6","","5","","","2","","","/","","",2,"",.0,"8",.0,"8","","8",0,"8","","",.0,"8",.0,"8",.0,"8",.0,"8",.0,"8",.0,"8",.0,"8",.0,"8",.0,"8",0,"8",0,"8",0,"8","","",0,"8",0,"8"
"352190360","P£OCK","2006","11","11","19","4","",0,"8",0,"8","","","",7,"",0,"8",0,"8",8,"",220,"",6,"",0,"",4.4,"",.0,"8","U","",7.4,"",89,"",2.7,"",990.4,"",1003.7,"",7,-3.1,"",.0,"8",0,"8","61","6","6","","5","","","2","","","/","","",0,"8",.0,"8",.0,"8","","8",0,"8","","",.0,"8",.0,"8",.0,"8",.0,"8",.0,"8",.0,"8",.0,"8",.0,"8",.0,"8",0,"8",0,"8",0,"8","","",0,"8",0,"8"
"352190360","P£OCK","2006","11","11","20","3","",0,"8",0,"8","","","",6,"",0,"8",0,"8",8,"",230,"",7,"",12,"",5.0,"",.0,"8","U","",8.1,"",93,"",4.0,"",989.8,"",1003.1,"",6,-2.6,"",.0,"8",0,"8","21","6","8","","6","","","/","","","/","","",0,"8",.0,"8",.0,"8","","8",0,"8","","",.0,"8",.0,"8",.0,"8",.0,"8",.0,"8",.0,"8",.0,"8",.0,"8",.0,"8",0,"8",0,"8",0,"8","","",0,"8",0,"8"
"352190360","P£OCK","2006","11","11","21","3","",0,"8",0,"8","","","",6,"",0,"8",0,"8",8,"",230,"",7,"",0,"",5.5,"",.0,"8","U","",8.4,"",93,"",4.5,"",989.4,"",1002.7,"",6,-1.8,"",.0,"8",0,"8","10","6","8","","6","","","/","","","/","","",0,"8",.0,"8",.0,"8","","8",0,"8","","",.0,"8",.0,"8",.0,"8",.0,"8",.0,"8",.0,"8",.0,"8",.0,"8",.0,"8",0,"8",0,"8",0,"8","","",0,"8",0,"8"
"352190360","P£OCK","2006","11","11","22","3","",0,"8",0,"8","","","",6,"",0,"8",0,"8",8,"",230,"",7,"",0,"",6.0,"",.0,"8","U","",8.5,"",91,"",4.6,"",988.8,"",1002.0,"",7,-1.6,"",.0,"8",0,"8","10","2","8","","6","","","/","","","/","","",0,"8",.0,"8",.0,"8","","8",0,"8","","",.0,"8",.0,"8",.0,"8",.0,"8",.0,"8",.0,"8",.0,"8",.0,"8",.0,"8",0,"8",0,"8",0,"8","","",0,"8",0,"8"
"352190360","P£OCK","2006","11","11","23","4","",0,"8",0,"8","","","",6,"",0,"8",0,"8",8,"",230,"",7,"",0,"",6.5,"",.0,"8","U","",8.6,"",89,"",4.8,"",988.6,"",1001.8,"",7,-1.2,"",.0,"8",0,"8","10","2","8","","5","","","/","","","/","","",0,"8",.0,"8",.0,"8","","8",0,"8","","",.0,"8",.0,"8",.0,"8",.0,"8",.0,"8",.0,"8",.0,"8",.0,"8",.0,"8",0,"8",0,"8",0,"8","","",0,"8",0,"8"
"352190360","P£OCK","2006","11","12","00","4","",0,"8",0,"8","","","",6,"",0,"8",0,"8",8,"",230,"",6,"",0,"",6.4,"",.0,"8","U","",8.6,"",90,"",4.9,"",988.1,"",1001.3,"",7,-1.3,"",.3,"",6,"","25","6","8","","9","","","/","","","/","","",2,"",.0,"8",.0,"8","","8",0,"8","","",.0,"8",.0,"8",.0,"8",.0,"8",.0,"8",.0,"8",.0,"8",.0,"8",.0,"8",0,"8",0,"8",0,"8","","",0,"8",0,"8"
"352190360","P£OCK","2006","11","12","01","5","",0,"8",0,"8","","","",6,"",0,"8",0,"8",7,"",230,"",5,"",0,"",6.0,"",.0,"8","U","",8.2,"",88,"",4.2,"",987.3,"",1000.5,"",8,-1.5,"",.0,"8",0,"8","10","2","7","","5","","","/","","","/","","",0,"8",.0,"8",.0,"8","","8",0,"8","","",.0,"8",.0,"8",.0,"8",.0,"8",.0,"8",.0,"8",.0,"8",.0,"8",.0,"8",0,"8",0,"8",0,"8","","",0,"8",0,"8"
"352190360","P£OCK","2006","11","12","02","5","",0,"8",0,"8","","","",7,"",0,"8",0,"8",7,"",220,"",5,"",0,"",6.1,"",.0,"8","U","",8.1,"",86,"",3.9,"",986.6,"",999.8,"",7,-2.0,"",.0,"8",0,"8","02","2","7","","5","","","/","","","/","","",0,"8",.0,"8",.0,"8","","8",0,"8","","",.0,"8",.0,"8",.0,"8",.0,"8",.0,"8",.0,"8",.0,"8",.0,"8",.0,"8",0,"8",0,"8",0,"8","","",0,"8",0,"8"
"352190360","P£OCK","2006","11","12","03","5","",0,"8",0,"8","","","",7,"",0,"8",0,"8",7,"",220,"",5,"",0,"",5.8,"",.0,"8","U","",8.1,"",88,"",4.0,"",985.7,"",998.9,"",7,-2.4,"",.0,"8",0,"8","02","2","7","","5","","","/","","","/","","",0,"8",.0,"8",.0,"8","","8",0,"8","","",.0,"8",.0,"8",.0,"8",.0,"8",.0,"8",.0,"8",.0,"8",.0,"8",.0,"8",0,"8",0,"8",0,"8","","",0,"8",0,"8"
"352190360","P£OCK","2006","11","12","04","4","",0,"8",0,"8","","","",7,"",0,"8",0,"8",8,"",220,"",5,"",0,"",6.0,"",.0,"8","U","",8.3,"",89,"",4.3,"",984.7,"",997.9,"",8,-2.6,"",.0,"8",0,"8","80","8","8","","9","","","/","","","/","","",0,"8",.0,"8",.0,"8","","8",0,"8","","",.0,"8",.0,"8",.0,"8",.0,"8",.0,"8",.0,"8",.0,"8",.0,"8",.0,"8",0,"8",0,"8",0,"8","","",0,"8",0,"8"
"352190360","P£OCK","2006","11","12","05","5","",0,"8",0,"8","","","",6,"",0,"8",0,"8",8,"",220,"",6,"",0,"",6.0,"",.0,"8","U","",8.5,"",91,"",4.6,"",983.7,"",996.9,"",7,-2.9,"",.0,"8",0,"8","80","8","8","","9","","","/","","","/","","",0,"8",.0,"8",.0,"8","","8",0,"8","","",.0,"8",.0,"8",.0,"8",.0,"8",.0,"8",.0,"8",.0,"8",.0,"8",.0,"8",0,"8",0,"8",0,"8","","",0,"8",0,"8"
"352190360","P£OCK","2006","11","12","06","4","",0,"8",0,"8","","","",7,"",0,"8",0,"8",8,"",260,"",8,"",13,"",5.9,"",.0,"8","U","",7.9,"",85,"",3.6,"",983.8,"",997.0,"",5,-1.9,"",1.4,"",6,"","80","2","8","","9","","","/","","","/","","",2,"",.0,"8",.0,"8","","8",0,"8","","",.0,"8",.0,"8",.0,"8",.0,"8",.0,"8",.0,"8",.0,"8",.0,"8",.0,"8",0,"8",0,"8",0,"8","","",0,"8",0,"8"
"352190360","P£OCK","2006","11","12","07","5","",0,"8",0,"8","","","",8,"",0,"8",0,"8",7,"",270,"",7,"",0,"",5.7,"",.0,"8","U","",7.4,"",81,"",2.7,"",984.7,"",997.9,"",5,.0,"",.0,"8",0,"8","25","2","7","","5","","","/","","","/","","",0,"8",.0,"8",.0,"8","","8",0,"8","","",.0,"8",.0,"8",.0,"8",.0,"8",.0,"8",.0,"8",.0,"8",.0,"8",.0,"8",0,"8",0,"8",0,"8","","",0,"8",0,"8"
"352190360","P£OCK","2006","11","12","08","5","",0,"8",0,"8","","","",8,"",0,"8",0,"8",7,"",270,"",6,"",0,"",5.8,"",.0,"8","U","",7.5,"",81,"",2.8,"",985.1,"",998.3,"",2,1.4,"",.0,"8",0,"8","03","2","7","","3","","","/","","","/","","",0,"8",.0,"8",.0,"8","","8",0,"8","","",.0,"8",.0,"8",.0,"8",.0,"8",.0,"8",.0,"8",.0,"8",.0,"8",.0,"8",0,"8",0,"8",0,"8","","",0,"8",0,"8"
"352190360","P£OCK","2006","11","12","09","5","",0,"8",0,"8","","","",8,"",0,"8",0,"8",6,"",270,"",8,"",0,"",5.9,"",.0,"8","U","",7.1,"",77,"",2.2,"",985.2,"",998.4,"",1,1.4,"",.0,"8",0,"8","25","2","5","","9","","","3","","","0","","",0,"8",.0,"8",.0,"8","","8",0,"8","","",.0,"8",.0,"8",.0,"8",.0,"8",.0,"8",.0,"8",.0,"8",.0,"8",.0,"8",0,"8",0,"8",0,"8","","",0,"8",0,"8"
"352190360","P£OCK","2006","11","12","10","5","",0,"8",0,"8","","","",8,"",0,"8",0,"8",5,"",270,"",8,"",13,"",6.0,"",.0,"8","U","",6.8,"",73,"",1.5,"",985.2,"",998.4,"",1,.5,"",.0,"8",0,"8","01","2","4","","3","","","0","","","1","","",0,"8",.0,"8",.0,"8","","8",0,"8","","",.0,"8",.0,"8",.0,"8",.0,"8",.0,"8",.0,"8",.0,"8",.0,"8",.0,"8",0,"8",0,"8",0,"8","","",0,"8",0,"8"
"352190360","P£OCK","2006","11","12","11","5","",0,"8",0,"8","","","",8,"",0,"8",0,"8",7,"",270,"",6,"",11,"",6.3,"",.0,"8","U","",7.0,"",73,"",1.8,"",985.3,"",998.5,"",2,.2,"",.0,"8",0,"8","03","2","7","","3","","","/","","","/","","",0,"8",.0,"8",.0,"8","","8",0,"8","","",.0,"8",.0,"8",.0,"8",.0,"8",.0,"8",.0,"8",.0,"8",.0,"8",.0,"8",0,"8",0,"8",0,"8","","",0,"8",0,"8"
"352190360","P£OCK","2006","11","12","12","5","",0,"8",0,"8","","","",8,"",0,"8",0,"8",7,"",250,"",8,"",14,"",6.6,"",.0,"8","U","",7.1,"",73,"",2.1,"",984.9,"",998.1,"",8,-.3,"",.1,"",6,"","80","2","7","","9","","","/","","","/","","",1,"",.0,"8",.0,"8","","8",0,"8","","",.0,"8",.0,"8",.0,"8",.0,"8",.0,"8",.0,"8",.0,"8",.0,"8",.0,"8",0,"8",0,"8",0,"8","","",0,"8",0,"8"
"352190360","P£OCK","2006","11","12","13","5","",0,"8",0,"8","","","",8,"",0,"8",0,"8",7,"",260,"",6,"",11,"",6.2,"",.0,"8","U","",7.4,"",78,"",2.6,"",984.8,"",998.0,"",8,-.4,"",.0,"8",0,"8","25","8","7","","9","","","/","","","/","","",0,"8",.0,"8",.0,"8","","8",0,"8","","",.0,"8",.0,"8",.0,"8",.0,"8",.0,"8",.0,"8",.0,"8",.0,"8",.0,"8",0,"8",0,"8",0,"8","","",0,"8",0,"8"
"352190360","P£OCK","2006","11","12","14","5","",0,"8",0,"8","","","",8,"",0,"8",0,"8",7,"",270,"",7,"",0,"",6.1,"",.0,"8","U","",7.2,"",77,"",2.4,"",984.9,"",998.1,"",5,-.4,"",.0,"8",0,"8","25","8","7","","9","","","/","","","/","","",0,"8",.0,"8",.0,"8","","8",0,"8","","",.0,"8",.0,"8",.0,"8",.0,"8",.0,"8",.0,"8",.0,"8",.0,"8",.0,"8",0,"8",0,"8",0,"8","","",0,"8",0,"8"
"352190360","P£OCK","2006","11","12","15","5","",0,"8",0,"8","","","",8,"",0,"8",0,"8",7,"",250,"",6,"",13,"",5.9,"",.0,"8","U","",7.3,"",79,"",2.5,"",984.9,"",998.1,"",4,.0,"",.0,"8",0,"8","01","8","7","","5","","","/","","","/","","",0,"8",.0,"8",.0,"8","","8",0,"8","","",.0,"8",.0,"8",.0,"8",.0,"8",.0,"8",.0,"8",.0,"8",.0,"8",.0,"8",0,"8",0,"8",0,"8","","",0,"8",0,"8"
"352190360","P£OCK","2006","11","12","16","5","",0,"8",0,"8","","","",8,"",0,"8",0,"8",7,"",230,"",7,"",0,"",5.7,"",.0,"8","U","",7.3,"",80,"",2.5,"",985.0,"",998.2,"",2,.2,"",.0,"8",0,"8","02","2","7","","5","","","/","","","/","","",0,"8",.0,"8",.0,"8","","8",0,"8","","",.0,"8",.0,"8",.0,"8",.0,"8",.0,"8",.0,"8",.0,"8",.0,"8",.0,"8",0,"8",0,"8",0,"8","","",0,"8",0,"8"
"352190360","P£OCK","2006","11","12","17","6","",0,"8",0,"8","","","",7,"",0,"8",0,"8",7,"",230,"",6,"",0,"",5.4,"",.0,"8","U","",7.3,"",81,"",2.4,"",985.1,"",998.3,"",3,.2,"",.0,"8",0,"8","02","2","7","","5","","","/","","","/","","",0,"8",.0,"8",.0,"8","","8",0,"8","","",.0,"8",.0,"8",.0,"8",.0,"8",.0,"8",.0,"8",.0,"8",.0,"8",.0,"8",0,"8",0,"8",0,"8","","",0,"8",0,"8"
"352190360","P£OCK","2006","11","12","18","5","",0,"8",0,"8","","","",8,"",0,"8",0,"8",7,"",230,"",7,"",0,"",5.6,"",.0,"8","U","",7.1,"",78,"",2.1,"",985.3,"",998.5,"",2,.4,"",.2,"",6,"","01","8","6","","5","","","3","","","/","","",1,"",.0,"8",.0,"8","","8",0,"8","","",.0,"8",.0,"8",.0,"8",.0,"8",.0,"8",.0,"8",.0,"8",.0,"8",.0,"8",0,"8",0,"8",0,"8","","",0,"8",0,"8"
"352190360","P£OCK","2006","11","12","19","4","",0,"8",0,"8","","","",8,"",0,"8",0,"8",6,"",240,"",7,"",0,"",5.0,"",.0,"8","U","",7.1,"",82,"",2.2,"",985.5,"",998.8,"",2,.5,"",.0,"8",0,"8","01","2","6","","5","","","0","","","0","","",0,"8",.0,"8",.0,"8","","8",0,"8","","",.0,"8",.0,"8",.0,"8",.0,"8",.0,"8",.0,"8",.0,"8",.0,"8",.0,"8",0,"8",0,"8",0,"8","","",0,"8",0,"8"
"352190360","P£OCK","2006","11","12","20","4","",0,"8",0,"8","","","",8,"",0,"8",0,"8",7,"",230,"",6,"",0,"",5.0,"",.0,"8","U","",7.3,"",84,"",2.5,"",985.7,"",999.0,"",2,.6,"",.0,"8",0,"8","03","2","7","","5","","","/","","","/","","",0,"8",.0,"8",.0,"8","","8",0,"8","","",.0,"8",.0,"8",.0,"8",.0,"8",.0,"8",.0,"8",.0,"8",.0,"8",.0,"8",0,"8",0,"8",0,"8","","",0,"8",0,"8"
"352190360","P£OCK","2006","11","12","21","4","",0,"8",0,"8","","","",8,"",0,"8",0,"8",7,"",240,"",6,"",11,"",5.5,"",.0,"8","U","",7.5,"",83,"",2.8,"",985.9,"",999.1,"",2,.6,"",.0,"8",0,"8","25","2","7","","9","","","/","","","/","","",0,"8",.0,"8",.0,"8","","8",0,"8","","",.0,"8",.0,"8",.0,"8",.0,"8",.0,"8",.0,"8",.0,"8",.0,"8",.0,"8",0,"8",0,"8",0,"8","","",0,"8",0,"8"
"352190360","P£OCK","2006","11","12","22","4","",0,"8",0,"8","","","",8,"",0,"8",0,"8",7,"",260,"",6,"",0,"",5.5,"",.0,"8","U","",7.2,"",80,"",2.3,"",985.9,"",999.1,"",1,.4,"",.0,"8",0,"8","02","2","7","","9","","","/","","","/","","",0,"8",.0,"8",.0,"8","","8",0,"8","","",.0,"8",.0,"8",.0,"8",.0,"8",.0,"8",.0,"8",.0,"8",.0,"8",.0,"8",0,"8",0,"8",0,"8","","",0,"8",0,"8"
"352190360","P£OCK","2006","11","12","23","4","",0,"8",0,"8","","","",8,"",0,"8",0,"8",7,"",260,"",8,"",13,"",5.2,"",.0,"8","U","",7.2,"",81,"",2.2,"",986.3,"",999.6,"",2,.6,"",.0,"8",0,"8","25","2","7","","9","","","/","","","/","","",0,"8",.0,"8",.0,"8","","8",0,"8","","",.0,"8",.0,"8",.0,"8",.0,"8",.0,"8",.0,"8",.0,"8",.0,"8",.0,"8",0,"8",0,"8",0,"8","","",0,"8",0,"8"
"352190360","P£OCK","2006","11","13","00","4","",0,"8",0,"8","","","",7,"",0,"8",0,"8",8,"",270,"",5,"",0,"",4.8,"",.0,"8","U","",7.2,"",84,"",2.3,"",986.7,"",1000.0,"",3,.8,"",.0,"",6,"","80","2","8","","9","","","/","","","/","","",1,"",.0,"8",.0,"8","","8",0,"8","","",.0,"8",.0,"8",.0,"8",.0,"8",.0,"8",.0,"8",.0,"8",.0,"8",.0,"8",0,"8",0,"8",0,"8","","",0,"8",0,"8"
"352190360","P£OCK","2006","11","13","01","4","",0,"8",0,"8","","","",8,"",0,"8",0,"8",8,"",280,"",7,"",0,"",4.2,"",.0,"8","U","",6.8,"",82,"",1.4,"",987.4,"",1000.7,"",3,1.5,"",.0,"8",0,"8","25","2","8","","9","","","/","","","/","","",0,"8",.0,"8",.0,"8","","8",0,"8","","",.0,"8",.0,"8",.0,"8",.0,"8",.0,"8",.0,"8",.0,"8",.0,"8",.0,"8",0,"8",0,"8",0,"8","","",0,"8",0,"8"
"352190360","P£OCK","2006","11","13","02","4","",0,"8",0,"8","","","",8,"",0,"8",0,"8",8,"",280,"",5,"",0,"",3.8,"",.0,"8","U","",6.8,"",85,"",1.5,"",988.1,"",1001.4,"",3,1.8,"",.0,"8",0,"8","02","2","8","","9","","","/","","","/","","",0,"8",.0,"8",.0,"8","","8",0,"8","","",.0,"8",.0,"8",.0,"8",.0,"8",.0,"8",.0,"8",.0,"8",.0,"8",.0,"8",0,"8",0,"8",0,"8","","",0,"8",0,"8"
"352190360","P£OCK","2006","11","13","03","4","",0,"8",0,"8","","","",8,"",0,"8",0,"8",8,"",280,"",5,"",0,"",3.9,"",.0,"8","U","",6.9,"",86,"",1.8,"",988.5,"",1001.8,"",1,1.8,"",.0,"8",0,"8","02","8","8","","9","","","/","","","/","","",0,"8",.0,"8",.0,"8","","8",0,"8","","",.0,"8",.0,"8",.0,"8",.0,"8",.0,"8",.0,"8",.0,"8",.0,"8",.0,"8",0,"8",0,"8",0,"8","","",0,"8",0,"8"
"352190360","P£OCK","2006","11","13","04","3","",0,"8",0,"8","","","",8,"",0,"8",0,"8",8,"",290,"",5,"",0,"",3.9,"",.0,"8","U","",7.0,"",87,"",1.9,"",989.3,"",1002.7,"",2,1.9,"",.0,"8",0,"8","01","2","8","","5","","","/","","","/","","",0,"8",.0,"8",.0,"8","","8",0,"8","","",.0,"8",.0,"8",.0,"8",.0,"8",.0,"8",.0,"8",.0,"8",.0,"8",.0,"8",0,"8",0,"8",0,"8","","",0,"8",0,"8"
"352190360","P£OCK","2006","11","13","05","4","",0,"8",0,"8","","","",8,"",0,"8",0,"8",8,"",280,"",6,"",0,"",4.1,"",.0,"8","U","",7.0,"",86,"",2.0,"",989.9,"",1003.3,"",2,1.8,"",.0,"8",0,"8","80","2","8","","9","","","/","","","/","","",0,"8",.0,"8",.0,"8","","8",0,"8","","",.0,"8",.0,"8",.0,"8",.0,"8",.0,"8",.0,"8",.0,"8",.0,"8",.0,"8",0,"8",0,"8",0,"8","","",0,"8",0,"8"
"352190360","P£OCK","2006","11","13","06","4","",0,"8",0,"8","","","",8,"",0,"8",0,"8",8,"",280,"",5,"",0,"",4.0,"",.0,"8","U","",7.0,"",86,"",1.9,"",990.7,"",1004.1,"",2,2.2,"",.1,"",6,"","25","2","8","","9","","","/","","","/","","",1,"",.0,"8",.0,"8","","8",0,"8","","",.0,"8",.0,"8",.0,"8",.0,"8",.0,"8",.0,"8",.0,"8",.0,"8",.0,"8",0,"8",0,"8",0,"8","","",0,"8",0,"8"
"352190360","P£OCK","2006","11","13","07","6","",0,"8",0,"8","","","",8,"",0,"8",0,"8",7,"",280,"",6,"",0,"",4.1,"",.0,"8","U","",6.8,"",83,"",1.5,"",991.4,"",1004.8,"",2,2.1,"",.0,"8",0,"8","01","2","7","","5","","","/","","","/","","",0,"8",.0,"8",.0,"8","","8",0,"8","","",.0,"8",.0,"8",.0,"8",.0,"8",.0,"8",.0,"8",.0,"8",.0,"8",.0,"8",0,"8",0,"8",0,"8","","",0,"8",0,"8"
"352190360","P£OCK","2006","11","13","08","6","",0,"8",0,"8","","","",7,"",0,"8",0,"8",8,"",270,"",7,"",0,"",4.3,"",.0,"8","U","",7.0,"",84,"",1.8,"",991.7,"",1005.1,"",1,1.8,"",.0,"8",0,"8","03","2","8","","5","","","/","","","/","","",0,"8",.0,"8",.0,"8","","8",0,"8","","",.0,"8",.0,"8",.0,"8",.0,"8",.0,"8",.0,"8",.0,"8",.0,"8",.0,"8",0,"8",0,"8",0,"8","","",0,"8",0,"8"
"352190360","P£OCK","2006","11","13","09","6","",0,"8",0,"8","","","",7,"",0,"8",0,"8",6,"",280,"",5,"",0,"",4.7,"",.0,"8","U","",6.8,"",80,"",1.5,"",992.1,"",1005.5,"",2,1.4,"",.0,"8",0,"8","01","2","3","","5","","","3","","","1","","",0,"8",.0,"8",.0,"8","","8",0,"8","","",.0,"8",.0,"8",.0,"8",.0,"8",.0,"8",.0,"8",.0,"8",.0,"8",.0,"8",0,"8",0,"8",0,"8","","",0,"8",0,"8"
"352190360","P£OCK","2006","11","13","10","5","",0,"8",0,"8","","","",8,"",0,"8",0,"8",7,"",280,"",6,"",0,"",5.2,"",.0,"8","U","",6.7,"",76,"",1.3,"",992.2,"",1005.5,"",2,.8,"",.0,"8",0,"8","03","2","7","","3","","","/","","","/","","",0,"8",.0,"8",.0,"8","","8",0,"8","","",.0,"8",.0,"8",.0,"8",.0,"8",.0,"8",.0,"8",.0,"8",.0,"8",.0,"8",0,"8",0,"8",0,"8","","",0,"8",0,"8"
"352190360","P£OCK","2006","11","13","11","5","",0,"8",0,"8","","","",8,"",0,"8",0,"8",7,"",280,"",6,"",0,"",5.4,"",.0,"8","U","",7.0,"",78,"",1.9,"",992.1,"",1005.4,"",0,.4,"",.0,"8",0,"8","02","2","7","","3","","","/","","","/","","",0,"8",.0,"8",.0,"8","","8",0,"8","","",.0,"8",.0,"8",.0,"8",.0,"8",.0,"8",.0,"8",.0,"8",.0,"8",.0,"8",0,"8",0,"8",0,"8","","",0,"8",0,"8"
"352190360","P£OCK","2006","11","13","12","4","",0,"8",0,"8","","","",8,"",0,"8",0,"8",7,"",280,"",6,"",0,"",5.7,"",.0,"8","U","",6.9,"",75,"",1.6,"",992.0,"",1005.3,"",8,-.1,"",.0,"9",0,"9","02","2","7","","3","","","/","","","/","","",1,"",.0,"8",.0,"8","","8",0,"8","","",.0,"8",.0,"8",.0,"8",.0,"8",.0,"8",.0,"8",.0,"8",.0,"8",.0,"8",0,"8",0,"8",0,"8","","",0,"8",0,"8"
"352190360","P£OCK","2006","11","13","13","4","",0,"8",0,"8","","","",8,"",0,"8",0,"8",7,"",230,"",5,"",0,"",5.5,"",.0,"8","U","",7.0,"",78,"",2.0,"",991.5,"",1004.8,"",8,-.7,"",.0,"8",0,"8","03","2","7","","9","","","/","","","/","","",0,"8",.0,"8",.0,"8","","8",0,"8","","",.0,"8",.0,"8",.0,"8",.0,"8",.0,"8",.0,"8",.0,"8",.0,"8",.0,"8",0,"8",0,"8",0,"8","","",0,"8",0,"8"
"352190360","P£OCK","2006","11","13","14","4","",0,"8",0,"8","","","",8,"",0,"8",0,"8",7,"",220,"",4,"",0,"",5.6,"",.0,"8","U","",7.1,"",78,"",2.1,"",991.0,"",1004.3,"",8,-1.1,"",.0,"8",0,"8","02","2","7","","9","","","/","","","/","","",0,"8",.0,"8",.0,"8","","8",0,"8","","",.0,"8",.0,"8",.0,"8",.0,"8",.0,"8",.0,"8",.0,"8",.0,"8",.0,"8",0,"8",0,"8",0,"8","","",0,"8",0,"8"
"352190360","P£OCK","2006","11","13","15","4","",0,"8",0,"8","","","",7,"",0,"8",0,"8",8,"",230,"",5,"",0,"",5.6,"",.0,"8","U","",7.4,"",81,"",2.6,"",990.5,"",1003.8,"",7,-1.5,"",.0,"8",0,"8","01","2","8","","5","","","/","","","/","","",0,"8",.0,"8",.0,"8","","8",0,"8","","",.0,"8",.0,"8",.0,"8",.0,"8",.0,"8",.0,"8",.0,"8",.0,"8",.0,"8",0,"8",0,"8",0,"8","","",0,"8",0,"8"
"352190360","P£OCK","2006","11","13","16","5","",0,"8",0,"8","","","",7,"",0,"8",0,"8",7,"",220,"",4,"",0,"",4.9,"",.0,"8","U","",7.1,"",82,"",2.1,"",989.8,"",1003.1,"",8,-1.7,"",.0,"8",0,"8","01","2","3","","5","","","3","","","/","","",0,"8",.0,"8",.0,"8","","8",0,"8","","",.0,"8",.0,"8",.0,"8",.0,"8",.0,"8",.0,"8",.0,"8",.0,"8",.0,"8",0,"8",0,"8",0,"8","","",0,"8",0,"8"
"352190360","P£OCK","2006","11","13","17","9","",0,"8",0,"8","","","",7,"",0,"8",0,"8",7,"",200,"",4,"",0,"",4.8,"",.0,"8","U","",7.0,"",82,"",2.0,"",988.8,"",1002.1,"",8,-2.2,"",.0,"8",0,"8","01","2","7","","0","","","3","","","/","","",0,"8",.0,"8",.0,"8","","8",0,"8","","",.0,"8",.0,"8",.0,"8",.0,"8",.0,"8",.0,"8",.0,"8",.0,"8",.0,"8",0,"8",0,"8",0,"8","","",0,"8",0,"8"
"352190360","P£OCK","2006","11","13","18","5","",0,"8",0,"8","","","",7,"",0,"8",0,"8",8,"",200,"",5,"",0,"",4.9,"",.0,"8","U","",7.1,"",82,"",2.1,"",987.8,"",1001.1,"",8,-2.7,"",.0,"",6,"","80","2","6","","9","","","3","","","/","","",1,"",.0,"8",.0,"8","","8",0,"8","","",.0,"8",.0,"8",.0,"8",.0,"8",.0,"8",.0,"8",.0,"8",.0,"8",.0,"8",0,"8",0,"8",0,"8","","",0,"8",0,"8"
"352190360","P£OCK","2006","11","13","19","4","",0,"8",0,"8","","","",6,"",0,"8",0,"8",8,"",200,"",6,"",0,"",4.4,"",.0,"8","U","",7.3,"",87,"",2.4,"",986.8,"",1000.1,"",7,-3.0,"",.0,"8",0,"8","63","8","7","","5","","","2","","","/","","",0,"8",.0,"8",.0,"8","","8",0,"8","","",.0,"8",.0,"8",.0,"8",.0,"8",.0,"8",.0,"8",.0,"8",.0,"8",.0,"8",0,"8",0,"8",0,"8","","",0,"8",0,"8"
"352190360","P£OCK","2006","11","13","20","4","",0,"8",0,"8","","","",6,"",0,"8",0,"8",8,"",190,"",5,"",0,"",3.9,"",.0,"8","U","",7.3,"",90,"",2.4,"",985.7,"",999.0,"",7,-3.1,"",.0,"8",0,"8","63","6","6","","5","","","2","","","/","","",0,"8",.0,"8",.0,"8","","8",0,"8","","",.0,"8",.0,"8",.0,"8",.0,"8",.0,"8",.0,"8",.0,"8",.0,"8",.0,"8",0,"8",0,"8",0,"8","","",0,"8",0,"8"
"352190360","P£OCK","2006","11","13","21","3","",0,"8",0,"8","","","",6,"",0,"8",0,"8",8,"",170,"",5,"",0,"",3.9,"",.0,"8","U","",7.4,"",92,"",2.7,"",983.8,"",997.1,"",8,-4.0,"",.0,"8",0,"8","63","8","6","","7","","","2","","","/","","",0,"8",.0,"8",.0,"8","","8",0,"8","","",.0,"8",.0,"8",.0,"8",.0,"8",.0,"8",.0,"8",.0,"8",.0,"8",.0,"8",0,"8",0,"8",0,"8","","",0,"8",0,"8"
"352190360","P£OCK","2006","11","13","22","2","",0,"8",0,"8","","","",5,"",0,"8",0,"8",8,"",200,"",4,"",0,"",4.3,"",.0,"8","U","",7.7,"",93,"",3.3,"",982.9,"",996.2,"",7,-3.9,"",.0,"8",0,"8","63","6","6","","7","","","2","","","/","","",0,"8",.0,"8",.0,"8","","8",0,"8","","",.0,"8",.0,"8",.0,"8",.0,"8",.0,"8",.0,"8",.0,"8",.0,"8",.0,"8",0,"8",0,"8",0,"8","","",0,"8",0,"8"
"352190360","P£OCK","2006","11","13","23","2","",0,"8",0,"8","","","",6,"",0,"8",0,"8",8,"",230,"",6,"",0,"",5.8,"",.0,"8","U","",8.6,"",93,"",4.8,"",982.5,"",995.7,"",6,-3.2,"",.0,"8",0,"8","61","6","6","","7","","","2","","","/","","",0,"8",.0,"8",.0,"8","","8",0,"8","","",.0,"8",.0,"8",.0,"8",.0,"8",.0,"8",.0,"8",.0,"8",.0,"8",.0,"8",0,"8",0,"8",0,"8","","",0,"8",0,"8"
"352190360","P£OCK","2006","11","14","00","4","",0,"8",0,"8","","","",6,"",0,"8",0,"8",8,"",260,"",6,"",0,"",7.8,"",.0,"8","U","",9.6,"",91,"",6.4,"",982.7,"",995.8,"",5,-1.1,"",7.9,"",6,"","81","6","8","","9","","","/","","","/","","",2,"",.0,"8",.0,"8","","8",0,"8","","",.0,"8",.0,"8",.0,"8",.0,"8",.0,"8",.0,"8",.0,"8",.0,"8",.0,"8",0,"8",0,"8",0,"8","","",0,"8",0,"8"
"352190360","P£OCK","2006","11","14","01","4","",0,"8",0,"8","","","",7,"",0,"8",0,"8",8,"",270,"",7,"",12,"",8.3,"",.0,"8","U","",9.4,"",86,"",6.1,"",983.8,"",996.9,"",3,.9,"",.0,"8",0,"8","25","2","8","","5","","","/","","","/","","",0,"8",.0,"8",.0,"8","","8",0,"8","","",.0,"8",.0,"8",.0,"8",.0,"8",.0,"8",.0,"8",.0,"8",.0,"8",.0,"8",0,"8",0,"8",0,"8","","",0,"8",0,"8"
"352190360","P£OCK","2006","11","14","02","4","",0,"8",0,"8","","","",7,"",0,"8",0,"8",8,"",270,"",8,"",15,"",8.2,"",.0,"8","U","",9.2,"",85,"",5.8,"",984.8,"",997.9,"",3,2.3,"",.0,"8",0,"8","80","2","8","","9","","","/","","","/","","",0,"8",.0,"8",.0,"8","","8",0,"8","","",.0,"8",.0,"8",.0,"8",.0,"8",.0,"8",.0,"8",.0,"8",.0,"8",.0,"8",0,"8",0,"8",0,"8","","",0,"8",0,"8"
"352190360","P£OCK","2006","11","14","03","5","",0,"8",0,"8","","","",7,"",0,"8",0,"8",7,"",270,"",8,"",0,"",8.0,"",.0,"8","U","",9.0,"",84,"",5.5,"",985.6,"",998.7,"",1,2.9,"",.0,"8",0,"8","25","2","6","","5","","","3","","","/","","",0,"8",.0,"8",.0,"8","","8",0,"8","","",.0,"8",.0,"8",.0,"8",.0,"8",.0,"8",.0,"8",.0,"8",.0,"8",.0,"8",0,"8",0,"8",0,"8","","",0,"8",0,"8"
"352190360","P£OCK","2006","11","14","04","5","",0,"8",0,"8","","","",7,"",0,"8",0,"8",7,"",270,"",8,"",0,"",8.3,"",.0,"8","U","",9.0,"",82,"",5.4,"",986.7,"",999.8,"",2,2.9,"",.0,"8",0,"8","03","2","7","","5","","","/","","","/","","",0,"8",.0,"8",.0,"8","","8",0,"8","","",.0,"8",.0,"8",.0,"8",.0,"8",.0,"8",.0,"8",.0,"8",.0,"8",.0,"8",0,"8",0,"8",0,"8","","",0,"8",0,"8"
"352190360","P£OCK","2006","11","14","05","5","",0,"8",0,"8","","","",7,"",0,"8",0,"8",7,"",270,"",8,"",0,"",8.0,"",.0,"8","U","",8.9,"",83,"",5.3,"",987.6,"",1000.7,"",2,2.8,"",.0,"8",0,"8","02","2","7","","5","","","/","","","/","","",0,"8",.0,"8",.0,"8","","8",0,"8","","",.0,"8",.0,"8",.0,"8",.0,"8",.0,"8",.0,"8",.0,"8",.0,"8",.0,"8",0,"8",0,"8",0,"8","","",0,"8",0,"8"
"352190360","P£OCK","2006","11","14","06","4","",0,"8",0,"8","","","",7,"",0,"8",0,"8",7,"",270,"",8,"",13,"",8.1,"",.0,"8","U","",9.0,"",83,"",5.4,"",988.5,"",1001.6,"",1,2.9,"",.3,"",6,"","01","8","6","","5","","","3","","","/","","",2,"",.0,"8",.0,"8","","8",0,"8","","",.0,"8",.0,"8",.0,"8",.0,"8",.0,"8",.0,"8",.0,"8",.0,"8",.0,"8",0,"8",0,"8",0,"8","","",0,"8",0,"8"
"352190360","P£OCK","2006","11","14","07","6","",0,"8",0,"8","","","",7,"",0,"8",0,"8",6,"",270,"",7,"",0,"",8.1,"",.0,"8","U","",8.8,"",82,"",5.2,"",989.6,"",1002.8,"",3,2.9,"",.0,"8",0,"8","01","2","3","","5","","","3","","","1","","",0,"8",.0,"8",.0,"8","","8",0,"8","","",.0,"8",.0,"8",.0,"8",.0,"8",.0,"8",.0,"8",.0,"8",.0,"8",.0,"8",0,"8",0,"8",0,"8","","",0,"8",0,"8"
"352190360","P£OCK","2006","11","14","08","4","",0,"8",0,"8","","","",7,"",0,"8",0,"8",7,"",280,"",8,"",0,"",8.6,"",.0,"8","U","",9.0,"",81,"",5.5,"",990.2,"",1003.3,"",2,2.6,"",.0,"8",0,"8","03","2","7","","5","","","/","","","/","","",0,"8",.0,"8",.0,"8","","8",0,"8","","",.0,"8",.0,"8",.0,"8",.0,"8",.0,"8",.0,"8",.0,"8",.0,"8",.0,"8",0,"8",0,"8",0,"8","","",0,"8",0,"8"
"352190360","P£OCK","2006","11","14","09","5","",0,"8",0,"8","","","",7,"",0,"8",0,"8",7,"",270,"",7,"",12,"",8.9,"",.0,"8","U","",9.0,"",79,"",5.5,"",990.8,"",1003.9,"",1,2.3,"",.0,"8",0,"8","01","2","6","","5","","","3","","","/","","",0,"8",.0,"8",.0,"8","","8",0,"8","","",.0,"8",.0,"8",.0,"8",.0,"8",.0,"8",.0,"8",.0,"8",.0,"8",.0,"8",0,"8",0,"8",0,"8","","",0,"8",0,"8"
"352190360","P£OCK","2006","11","14","10","5","",0,"8",0,"8","","","",7,"",0,"8",0,"8",8,"",270,"",7,"",0,"",9.3,"",.0,"8","U","",9.5,"",81,"",6.2,"",991.4,"",1004.5,"",2,1.8,"",.0,"8",0,"8","01","2","4","","5","","","3","","","/","","",0,"8",.0,"8",.0,"8","","8",0,"8","","",.0,"8",.0,"8",.0,"8",.0,"8",.0,"8",.0,"8",.0,"8",.0,"8",.0,"8",0,"8",0,"8",0,"8","","",0,"8",0,"8"
"352190360","P£OCK","2006","11","14","11","5","",0,"8",0,"8","","","",7,"",0,"8",0,"8",8,"",260,"",6,"",0,"",9.7,"",.0,"8","U","",9.6,"",80,"",6.4,"",991.8,"",1004.9,"",1,1.6,"",.0,"8",0,"8","02","2","4","","5","","","3","","","/","","",0,"8",.0,"8",.0,"8","","8",0,"8","","",.0,"8",.0,"8",.0,"8",.0,"8",.0,"8",.0,"8",.0,"8",.0,"8",.0,"8",0,"8",0,"8",0,"8","","",0,"8",0,"8"
"352190360","P£OCK","2006","11","14","12","4","",0,"8",0,"8","","","",7,"",0,"8",0,"8",8,"",250,"",5,"",0,"",9.2,"",.0,"8","U","",9.9,"",85,"",6.8,"",992.3,"",1005.4,"",2,1.5,"",.0,"9",0,"9","03","2","6","","9","","","3","","","/","","",2,"",.0,"8",.0,"8","","8",0,"8","","",.0,"8",.0,"8",.0,"8",.0,"8",.0,"8",.0,"8",.0,"8",.0,"8",.0,"8",0,"8",0,"8",0,"8","","",0,"8",0,"8"
"352190360","P£OCK","2006","11","14","13","5","",0,"8",0,"8","","","",7,"",0,"8",0,"8",7,"",230,"",6,"",0,"",9.3,"",.0,"8","U","",9.8,"",84,"",6.7,"",992.8,"",1005.9,"",2,1.4,"",.0,"8",0,"8","25","2","7","","5","","","/","","","/","","",0,"8",.0,"8",.0,"8","","8",0,"8","","",.0,"8",.0,"8",.0,"8",.0,"8",.0,"8",.0,"8",.0,"8",.0,"8",.0,"8",0,"8",0,"8",0,"8","","",0,"8",0,"8"
"352190360","P£OCK","2006","11","14","14","5","",0,"8",0,"8","","","",7,"",0,"8",0,"8",8,"",230,"",5,"",0,"",9.4,"",.0,"8","U","",9.8,"",83,"",6.7,"",993.2,"",1006.3,"",2,1.4,"",.0,"8",0,"8","03","2","8","","5","","","/","","","/","","",0,"8",.0,"8",.0,"8","","8",0,"8","","",.0,"8",.0,"8",.0,"8",.0,"8",.0,"8",.0,"8",.0,"8",.0,"8",.0,"8",0,"8",0,"8",0,"8","","",0,"8",0,"8"
"352190360","P£OCK","2006","11","14","15","5","",0,"8",0,"8","","","",7,"",0,"8",0,"8",8,"",230,"",5,"",0,"",9.3,"",.0,"8","U","",9.7,"",83,"",6.6,"",993.6,"",1006.8,"",2,1.3,"",.0,"8",0,"8","02","8","8","","5","","","/","","","/","","",0,"8",.0,"8",.0,"8","","8",0,"8","","",.0,"8",.0,"8",.0,"8",.0,"8",.0,"8",.0,"8",.0,"8",.0,"8",.0,"8",0,"8",0,"8",0,"8","","",0,"8",0,"8"
"352190360","P£OCK","2006","11","14","16","6","",0,"8",0,"8","","","",7,"",0,"8",0,"8",7,"",220,"",5,"",0,"",8.9,"",.0,"8","U","",9.6,"",84,"",6.3,"",994.1,"",1007.3,"",2,1.3,"",.0,"8",0,"8","01","2","3","","5","","","3","","","/","","",0,"8",.0,"8",.0,"8","","8",0,"8","","",.0,"8",.0,"8",.0,"8",.0,"8",.0,"8",.0,"8",.0,"8",.0,"8",.0,"8",0,"8",0,"8",0,"8","","",0,"8",0,"8"
"352190360","P£OCK","2006","11","14","17","9","",0,"8",0,"8","","","",7,"",0,"8",0,"8",6,"",230,"",5,"",0,"",8.6,"",.0,"8","U","",9.3,"",83,"",5.9,"",994.6,"",1007.8,"",2,1.4,"",.0,"8",0,"8","01","2","4","","0","","","3","","","8","","",0,"8",.0,"8",.0,"8","","8",0,"8","","",.0,"8",.0,"8",.0,"8",.0,"8",.0,"8",.0,"8",.0,"8",.0,"8",.0,"8",0,"8",0,"8",0,"8","","",0,"8",0,"8"
"352190360","P£OCK","2006","11","14","18","9","",0,"8",0,"8","","","",7,"",0,"8",0,"8",5,"",230,"",5,"",0,"",8.2,"",.0,"8","U","",9.2,"",85,"",5.8,"",995.1,"",1008.3,"",2,1.5,"",.0,"",6,"","01","8","0","","0","","","0","","","8","","",2,"",.0,"8",.0,"8","","8",0,"8","","",.0,"8",.0,"8",.0,"8",.0,"8",.0,"8",.0,"8",.0,"8",.0,"8",.0,"8",0,"8",0,"8",0,"8","","",0,"8",0,"8"
"352190360","P£OCK","2006","11","14","19","7","",0,"8",0,"8","","","",7,"",0,"8",0,"8",3,"",240,"",5,"",0,"",8.5,"",.0,"8","U","",9.6,"",87,"",6.5,"",995.7,"",1008.9,"",2,1.6,"",.0,"8",0,"8","03","1","1","","5","","","0","","","1","","",0,"8",.0,"8",.0,"8","","8",0,"8","","",.0,"8",.0,"8",.0,"8",.0,"8",.0,"8",.0,"8",.0,"8",.0,"8",.0,"8",0,"8",0,"8",0,"8","","",0,"8",0,"8"
"352190360","P£OCK","2006","11","14","20","7","",0,"8",0,"8","","","",7,"",0,"8",0,"8",1,"",230,"",5,"",0,"",8.3,"",.0,"8","U","",9.4,"",86,"",6.1,"",996.2,"",1009.4,"",2,1.6,"",.0,"8",0,"8","01","0","1","","5","","","0","","","0","","",0,"8",.0,"8",.0,"8","","8",0,"8","","",.0,"8",.0,"8",.0,"8",.0,"8",.0,"8",.0,"8",.0,"8",.0,"8",.0,"8",0,"8",0,"8",0,"8","","",0,"8",0,"8"
"352190360","P£OCK","2006","11","14","21","7","",0,"8",0,"8","","","",7,"",0,"8",0,"8",1,"",250,"",6,"",0,"",9.4,"",.0,"8","U","",9.8,"",83,"",6.7,"",996.7,"",1009.9,"",2,1.6,"",.0,"8",0,"8","02","1","1","","5","","","0","","","0","","",0,"8",.0,"8",.0,"8","","8",0,"8","","",.0,"8",.0,"8",.0,"8",.0,"8",.0,"8",.0,"8",.0,"8",.0,"8",.0,"8",0,"8",0,"8",0,"8","","",0,"8",0,"8"
"352190360","P£OCK","2006","11","14","22","5","",0,"8",0,"8","","","",7,"",0,"8",0,"8",5,"",250,"",5,"",0,"",9.5,"",.0,"8","U","",9.6,"",81,"",6.4,"",997.4,"",1010.6,"",3,1.7,"",.0,"8",0,"8","03","1","5","","5","","","0","","","0","","",0,"8",.0,"8",.0,"8","","8",0,"8","","",.0,"8",.0,"8",.0,"8",.0,"8",.0,"8",.0,"8",.0,"8",.0,"8",.0,"8",0,"8",0,"8",0,"8","","",0,"8",0,"8"
"352190360","P£OCK","2006","11","14","23","5","",0,"8",0,"8","","","",7,"",0,"8",0,"8",7,"",240,"",4,"",0,"",9.3,"",.0,"8","U","",9.6,"",82,"",6.4,"",997.6,"",1010.8,"",2,1.4,"",.0,"8",0,"8","03","2","7","","5","","","/","","","/","","",0,"8",.0,"8",.0,"8","","8",0,"8","","",.0,"8",.0,"8",.0,"8",.0,"8",.0,"8",.0,"8",.0,"8",.0,"8",.0,"8",0,"8",0,"8",0,"8","","",0,"8",0,"8"
"352190360","P£OCK","2006","11","15","00","6","",0,"8",0,"8","","","",7,"",0,"8",0,"8",7,"",230,"",4,"",0,"",9.0,"",.0,"8","U","",9.5,"",83,"",6.3,"",997.9,"",1011.1,"",1,1.2,"",.0,"9",0,"9","02","1","7","","5","","","/","","","/","","",2,"",.0,"8",.0,"8","","8",0,"8","","",.0,"8",.0,"8",.0,"8",.0,"8",.0,"8",.0,"8",.0,"8",.0,"8",.0,"8",0,"8",0,"8",0,"8","","",0,"8",0,"8"
"352190360","P£OCK","2006","11","15","01","6","",0,"8",0,"8","","","",7,"",0,"8",0,"8",7,"",240,"",4,"",0,"",8.6,"",.0,"8","U","",9.5,"",85,"",6.2,"",998.3,"",1011.6,"",3,.9,"",.0,"8",0,"8","01","2","3","","5","","","3","","","/","","",0,"8",.0,"8",.0,"8","","8",0,"8","","",.0,"8",.0,"8",.0,"8",.0,"8",.0,"8",.0,"8",.0,"8",.0,"8",.0,"8",0,"8",0,"8",0,"8","","",0,"8",0,"8"
"352190360","P£OCK","2006","11","15","02","9","",0,"8",0,"8","","","",7,"",0,"8",0,"8",7,"",220,"",4,"",0,"",8.2,"",.0,"8","U","",9.4,"",87,"",6.2,"",998.5,"",1011.8,"",2,.9,"",.0,"8",0,"8","01","2","7","","0","","","3","","","/","","",0,"8",.0,"8",.0,"8","","8",0,"8","","",.0,"8",.0,"8",.0,"8",.0,"8",.0,"8",.0,"8",.0,"8",.0,"8",.0,"8",0,"8",0,"8",0,"8","","",0,"8",0,"8"
"352190360","P£OCK","2006","11","15","03","9","",0,"8",0,"8","","","",7,"",0,"8",0,"8",7,"",220,"",4,"",0,"",8.5,"",.0,"8","U","",9.6,"",87,"",6.5,"",998.8,"",1012.1,"",2,.9,"",.0,"8",0,"8","02","2","7","","0","","","3","","","/","","",0,"8",.0,"8",.0,"8","","8",0,"8","","",.0,"8",.0,"8",.0,"8",.0,"8",.0,"8",.0,"8",.0,"8",.0,"8",.0,"8",0,"8",0,"8",0,"8","","",0,"8",0,"8"
"352190360","P£OCK","2006","11","15","04","6","",0,"8",0,"8","","","",7,"",0,"8",0,"8",7,"",230,"",3,"",0,"",8.6,"",.0,"8","U","",9.7,"",87,"",6.6,"",998.8,"",1012.1,"",1,.5,"",.0,"8",0,"8","03","2","5","","5","","","3","","","/","","",0,"8",.0,"8",.0,"8","","8",0,"8","","",.0,"8",.0,"8",.0,"8",.0,"8",.0,"8",.0,"8",.0,"8",.0,"8",.0,"8",0,"8",0,"8",0,"8","","",0,"8",0,"8"
"352190360","P£OCK","2006","11","15","05","5","",0,"8",0,"8","","","",7,"",0,"8",0,"8",8,"",210,"",3,"",0,"",8.3,"",.0,"8","U","",9.8,"",90,"",6.8,"",999.1,"",1012.4,"",2,.6,"",.0,"8",0,"8","80","2","8","","9","","","/","","","/","","",0,"8",.0,"8",.0,"8","","8",0,"8","","",.0,"8",.0,"8",.0,"8",.0,"8",.0,"8",.0,"8",.0,"8",.0,"8",.0,"8",0,"8",0,"8",0,"8","","",0,"8",0,"8"
"352190360","P£OCK","2006","11","15","06","5","",0,"8",0,"8","","","",6,"",0,"8",0,"8",8,"",220,"",4,"",0,"",8.4,"",.0,"8","U","",10.0,"",91,"",7.0,"",999.5,"",1012.8,"",3,.7,"",.1,"",6,"","80","2","8","","9","","","/","","","/","","",2,"",.0,"8",.0,"8","","8",0,"8","","",.0,"8",.0,"8",.0,"8",.0,"8",.0,"8",.0,"8",.0,"8",.0,"8",.0,"8",0,"8",0,"8",0,"8","","",0,"8",0,"8"
"352190360","P£OCK","2006","11","15","07","4","",0,"8",0,"8","","","",6,"",0,"8",0,"8",8,"",210,"",3,"",0,"",8.6,"",.0,"8","U","",10.4,"",93,"",7.5,"",999.7,"",1013.0,"",2,.9,"",.0,"8",0,"8","80","8","8","","9","","","/","","","/","","",0,"8",.0,"8",.0,"8","","8",0,"8","","",.0,"8",.0,"8",.0,"8",.0,"8",.0,"8",.0,"8",.0,"8",.0,"8",.0,"8",0,"8",0,"8",0,"8","","",0,"8",0,"8"
"352190360","P£OCK","2006","11","15","08","5","",0,"8",0,"8","","","",6,"",0,"8",0,"8",8,"",190,"",2,"",0,"",9.1,"",.0,"8","U","",10.7,"",93,"",8.0,"",999.4,"",1012.6,"",0,.3,"",.0,"8",0,"8","25","2","8","","9","","","/","","","/","","",0,"8",.0,"8",.0,"8","","8",0,"8","","",.0,"8",.0,"8",.0,"8",.0,"8",.0,"8",.0,"8",.0,"8",.0,"8",.0,"8",0,"8",0,"8",0,"8","","",0,"8",0,"8"
"352190360","P£OCK","2006","11","15","09","2","",0,"8",0,"8","","","",5,"",0,"8",0,"8",8,"",210,"",4,"",0,"",9.5,"",.0,"8","U","",11.1,"",94,"",8.6,"",999.5,"",1012.7,"",4,.0,"",.0,"8",0,"8","80","8","8","","9","","","/","","","/","","",0,"8",.0,"8",.0,"8","","8",0,"8","","",.0,"8",.0,"8",.0,"8",.0,"8",.0,"8",.0,"8",.0,"8",.0,"8",.0,"8",0,"8",0,"8",0,"8","","",0,"8",0,"8"
"352190360","P£OCK","2006","11","15","10","4","",0,"8",0,"8","","","",6,"",0,"8",0,"8",8,"",230,"",6,"",0,"",11.1,"",.0,"8","U","",12.3,"",93,"",10.0,"",999.2,"",1012.3,"",7,-.5,"",.0,"8",0,"8","25","2","8","","5","","","/","","","/","","",0,"8",.0,"8",.0,"8","","8",0,"8","","",.0,"8",.0,"8",.0,"8",.0,"8",.0,"8",.0,"8",.0,"8",.0,"8",.0,"8",0,"8",0,"8",0,"8","","",0,"8",0,"8"
"352190360","P£OCK","2006","11","15","11","4","",0,"8",0,"8","","","",6,"",0,"8",0,"8",8,"",230,"",5,"",0,"",11.9,"",.0,"8","U","",12.5,"",90,"",10.3,"",999.3,"",1012.4,"",5,-.1,"",.0,"8",0,"8","10","2","8","","5","","","/","","","/","","",0,"8",.0,"8",.0,"8","","8",0,"8","","",.0,"8",.0,"8",.0,"8",.0,"8",.0,"8",.0,"8",.0,"8",.0,"8",.0,"8",0,"8",0,"8",0,"8","","",0,"8",0,"8"
"352190360","P£OCK","2006","11","15","12","4","",0,"8",0,"8","","","",7,"",0,"8",0,"8",8,"",230,"",6,"",0,"",12.3,"",.0,"8","U","",12.4,"",87,"",10.2,"",999.5,"",1012.6,"",5,.0,"",.5,"",6,"","02","8","8","","5","","","/","","","/","","",2,"",.0,"8",.0,"8","","8",0,"8","","",.0,"8",.0,"8",.0,"8",.0,"8",.0,"8",.0,"8",.0,"8",.0,"8",.0,"8",0,"8",0,"8",0,"8","","",0,"8",0,"8"
"352190360","P£OCK","2006","11","15","13","5","",0,"8",0,"8","","","",7,"",0,"8",0,"8",8,"",250,"",6,"",0,"",12.8,"",.0,"8","U","",12.2,"",83,"",10.0,"",999.8,"",1012.9,"",3,.6,"",.0,"8",0,"8","02","2","8","","5","","","/","","","/","","",0,"8",.0,"8",.0,"8","","8",0,"8","","",.0,"8",.0,"8",.0,"8",.0,"8",.0,"8",.0,"8",.0,"8",.0,"8",.0,"8",0,"8",0,"8",0,"8","","",0,"8",0,"8"
"352190360","P£OCK","2006","11","15","14","4","",0,"8",0,"8","","","",7,"",0,"8",0,"8",7,"",240,"",6,"",0,"",12.7,"",.0,"8","U","",11.9,"",81,"",9.5,"",999.9,"",1013.0,"",2,.6,"",.0,"8",0,"8","01","2","7","","5","","","/","","","/","","",0,"8",.0,"8",.0,"8","","8",0,"8","","",.0,"8",.0,"8",.0,"8",.0,"8",.0,"8",.0,"8",.0,"8",.0,"8",.0,"8",0,"8",0,"8",0,"8","","",0,"8",0,"8"
"352190360","P£OCK","2006","11","15","15","4","",0,"8",0,"8","","","",7,"",0,"8",0,"8",8,"",240,"",6,"",11,"",12.6,"",.0,"8","U","",11.9,"",82,"",9.6,"",1000.2,"",1013.3,"",2,.7,"",.0,"8",0,"8","03","2","8","","5","","","/","","","/","","",0,"8",.0,"8",.0,"8","","8",0,"8","","",.0,"8",.0,"8",.0,"8",.0,"8",.0,"8",.0,"8",.0,"8",.0,"8",.0,"8",0,"8",0,"8",0,"8","","",0,"8",0,"8"
"352190360","P£OCK","2006","11","15","16","5","",0,"8",0,"8","","","",7,"",0,"8",0,"8",8,"",230,"",6,"",0,"",12.3,"",.0,"8","U","",11.7,"",82,"",9.3,"",1000.7,"",1013.8,"",3,.9,"",.0,"8",0,"8","02","2","8","","5","","","/","","","/","","",0,"8",.0,"8",.0,"8","","8",0,"8","","",.0,"8",.0,"8",.0,"8",.0,"8",.0,"8",.0,"8",.0,"8",.0,"8",.0,"8",0,"8",0,"8",0,"8","","",0,"8",0,"8"
"352190360","P£OCK","2006","11","15","17","5","",0,"8",0,"8","","","",7,"",0,"8",0,"8",8,"",240,"",5,"",0,"",12.2,"",.0,"8","U","",11.5,"",81,"",9.0,"",1001.2,"",1014.3,"",3,1.3,"",.0,"8",0,"8","02","2","8","","5","","","/","","","/","","",0,"8",.0,"8",.0,"8","","8",0,"8","","",.0,"8",.0,"8",.0,"8",.0,"8",.0,"8",.0,"8",.0,"8",.0,"8",.0,"8",0,"8",0,"8",0,"8","","",0,"8",0,"8"
"352190360","P£OCK","2006","11","15","18","5","",0,"8",0,"8","","","",7,"",0,"8",0,"8",1,"",230,"",5,"",0,"",11.6,"",.0,"8","U","",11.2,"",82,"",8.6,"",1001.5,"",1014.7,"",1,1.3,"",.0,"9",0,"9","01","1","1","","5","","","0","","","0","","",2,"",.0,"8",.0,"8","","8",0,"8","","",.0,"8",.0,"8",.0,"8",.0,"8",.0,"8",.0,"8",.0,"8",.0,"8",.0,"8",0,"8",0,"8",0,"8","","",0,"8",0,"8"
"352190360","P£OCK","2006","11","15","19","5","",0,"8",0,"8","","","",7,"",0,"8",0,"8",3,"",220,"",4,"",0,"",11.3,"",.0,"8","U","",11.2,"",84,"",8.7,"",1001.8,"",1015.0,"",1,1.1,"",.0,"8",0,"8","03","0","3","","5","","","0","","","0","","",0,"8",.0,"8",.0,"8","","8",0,"8","","",.0,"8",.0,"8",.0,"8",.0,"8",.0,"8",.0,"8",.0,"8",.0,"8",.0,"8",0,"8",0,"8",0,"8","","",0,"8",0,"8"
"352190360","P£OCK","2006","11","15","20","6","",0,"8",0,"8","","","",7,"",0,"8",0,"8",7,"",210,"",3,"",0,"",10.9,"",.0,"8","U","",11.2,"",86,"",8.6,"",1002.0,"",1015.2,"",2,.8,"",.0,"8",0,"8","03","1","7","","5","","","/","","","/","","",0,"8",.0,"8",.0,"8","","8",0,"8","","",.0,"8",.0,"8",.0,"8",.0,"8",.0,"8",.0,"8",.0,"8",.0,"8",.0,"8",0,"8",0,"8",0,"8","","",0,"8",0,"8"
"352190360","P£OCK","2006","11","15","21","6","",0,"8",0,"8","","","",7,"",0,"8",0,"8",4,"",210,"",3,"",0,"",10.2,"",.0,"8","U","",10.8,"",87,"",8.1,"",1001.8,"",1015.0,"",0,.3,"",.0,"8",0,"8","01","1","4","","5","","","0","","","0","","",0,"8",.0,"8",.0,"8","","8",0,"8","","",.0,"8",.0,"8",.0,"8",.0,"8",.0,"8",.0,"8",.0,"8",.0,"8",.0,"8",0,"8",0,"8",0,"8","","",0,"8",0,"8"
"352190360","P£OCK","2006","11","15","22","6","",0,"8",0,"8","","","",6,"",0,"8",0,"8",2,"",220,"",3,"",0,"",8.7,"",.0,"8","U","",10.1,"",90,"",7.1,"",1001.9,"",1015.2,"",2,.1,"",.0,"8",0,"8","10","0","2","","5","","","0","","","0","","",0,"8",.0,"8",.0,"8","","8",0,"8","","",.0,"8",.0,"8",.0,"8",.0,"8",.0,"8",.0,"8",.0,"8",.0,"8",.0,"8",0,"8",0,"8",0,"8","","",0,"8",0,"8"
"352190360","P£OCK","2006","11","15","23","6","",0,"8",0,"8","","","",6,"",0,"8",0,"8",2,"",220,"",2,"",0,"",8.1,"",.0,"8","U","",9.9,"",92,"",6.9,"",1001.8,"",1015.1,"",7,-.2,"",.0,"8",0,"8","10","0","2","","5","","","0","","","0","","",0,"8",.0,"8",.0,"8","","8",0,"8","","",.0,"8",.0,"8",.0,"8",.0,"8",.0,"8",.0,"8",.0,"8",.0,"8",.0,"8",0,"8",0,"8",0,"8","","",0,"8",0,"8"
"352190360","P£OCK","2006","11","16","00","9","",0,"8",0,"8","","","",6,"",0,"8",0,"8",2,"",190,"",2,"",0,"",7.9,"",.0,"8","U","",9.7,"",91,"",6.5,"",1001.6,"",1014.9,"",8,-.2,"",.0,"9",0,"9","10","1","0","","0","","","0","","","1","","",2,"",.0,"8",.0,"8","","8",0,"8","","",.0,"8",.0,"8",.0,"8",.0,"8",.0,"8",.0,"8",.0,"8",.0,"8",.0,"8",0,"8",0,"8",0,"8","","",0,"8",0,"8"
"352190360","P£OCK","2006","11","16","01","9","",0,"8",0,"8","","","",5,"",0,"8",0,"8",1,"",160,"",2,"",0,"",6.3,"",.0,"8","U","",8.7,"",91,"",4.9,"",1001.5,"",1014.9,"",7,-.4,"",.0,"8",0,"8","10","0","0","","0","","","0","","","1","","",0,"8",.0,"8",.0,"8","","8",0,"8","","",.0,"8",.0,"8",.0,"8",.0,"8",.0,"8",.0,"8",.0,"8",.0,"8",.0,"8",0,"8",0,"8",0,"8","","",0,"8",0,"8"
"352190360","P£OCK","2006","11","16","02","9","",0,"8",0,"8","","","",5,"",0,"8",0,"8",0,"",170,"",2,"",0,"",6.2,"",.0,"8","U","",8.8,"",93,"",5.2,"",1001.1,"",1014.5,"",7,-.7,"",.0,"8",0,"8","10","0","0","","0","","","0","","","0","","",0,"8",.0,"8",.0,"8","","8",0,"8","","",.0,"8",.0,"8",.0,"8",.0,"8",.0,"8",.0,"8",.0,"8",.0,"8",.0,"8",0,"8",0,"8",0,"8","","",0,"8",0,"8"
"352190360","P£OCK","2006","11","16","03","6","",0,"8",0,"8","","","",5,"",0,"8",0,"8",3,"",130,"",2,"",0,"",5.4,"",.0,"8","U","",8.2,"",92,"",4.2,"",1001.2,"",1014.6,"",5,-.4,"",.0,"8",0,"8","10","0","3","","5","","","0","","","0","","",0,"8",.0,"8",.0,"8","","8",0,"8","","",.0,"8",.0,"8",.0,"8",.0,"8",.0,"8",.0,"8",.0,"8",.0,"8",.0,"8",0,"8",0,"8",0,"8","","",0,"8",0,"8"
"352190360","P£OCK","2006","11","16","04","9","",0,"8",0,"8","","","",5,"",0,"8",0,"8",1,"",140,"",2,"",0,"",5.2,"",.0,"8","U","",8.3,"",94,"",4.3,"",1000.7,"",1014.1,"",7,-.8,"",.0,"8",0,"8","10","0","0","","0","","","0","","","1","","",0,"8",.0,"8",.0,"8","","8",0,"8","","",.0,"8",.0,"8",.0,"8",.0,"8",.0,"8",.0,"8",.0,"8",.0,"8",.0,"8",0,"8",0,"8",0,"8","","",0,"8",0,"8"
"352190360","P£OCK","2006","11","16","05","9","",0,"8",0,"8","","","",5,"",0,"8",0,"8",1,"",140,"",2,"",0,"",5.0,"",.0,"8","U","",8.2,"",94,"",4.1,"",1000.4,"",1013.9,"",8,-.7,"",.0,"8",0,"8","10","0","0","","0","","","0","","","1","","",0,"8",.0,"8",.0,"8","","8",0,"8","","",.0,"8",.0,"8",.0,"8",.0,"8",.0,"8",.0,"8",.0,"8",.0,"8",.0,"8",0,"8",0,"8",0,"8","","",0,"8",0,"8"
"352190360","P£OCK","2006","11","16","06","9","",0,"8",0,"8","","","",5,"",0,"8",0,"8",3,"",140,"",2,"",0,"",4.7,"",.0,"8","U","",8.0,"",94,"",3.8,"",1000.5,"",1014.0,"",5,-.7,"",.0,"9",0,"9","10","0","1","","0","","","3","","","1","","",2,"",.0,"8",.0,"8","","8",0,"8","","",.0,"8",.0,"8",.0,"8",.0,"8",.0,"8",.0,"8",.0,"8",.0,"8",.0,"8",0,"8",0,"8",0,"8","","",0,"8",0,"8"
"352190360","P£OCK","2006","11","16","07","9","",0,"8",0,"8","","","",5,"",0,"8",0,"8",2,"",140,"",2,"",0,"",5.7,"",.0,"8","U","",8.6,"",94,"",4.8,"",1000.5,"",1013.9,"",6,-.2,"",.0,"8",0,"8","10","0","1","","0","","","3","","","1","","",0,"8",.0,"8",.0,"8","","8",0,"8","","",.0,"8",.0,"8",.0,"8",.0,"8",.0,"8",.0,"8",.0,"8",.0,"8",.0,"8",0,"8",0,"8",0,"8","","",0,"8",0,"8"
"352190360","P£OCK","2006","11","16","08","9","",0,"8",0,"8","","","",6,"",0,"8",0,"8",1,"",150,"",2,"",0,"",7.8,"",.0,"8","U","",9.1,"",86,"",5.6,"",1000.5,"",1013.8,"",1,.1,"",.0,"8",0,"8","10","0","0","","0","","","0","","","1","","",0,"8",.0,"8",.0,"8","","8",0,"8","","",.0,"8",.0,"8",.0,"8",.0,"8",.0,"8",.0,"8",.0,"8",.0,"8",.0,"8",0,"8",0,"8",0,"8","","",0,"8",0,"8"
"352190360","P£OCK","2006","11","16","09","9","",0,"8",0,"8","","","",6,"",0,"8",0,"8",1,"",170,"",2,"",0,"",9.2,"",.0,"8","U","",9.3,"",80,"",5.9,"",1000.6,"",1013.9,"",3,.1,"",.0,"8",0,"8","10","0","0","","0","","","0","","","1","","",0,"8",.0,"8",.0,"8","","8",0,"8","","",.0,"8",.0,"8",.0,"8",.0,"8",.0,"8",.0,"8",.0,"8",.0,"8",.0,"8",0,"8",0,"8",0,"8","","",0,"8",0,"8"
"352190360","P£OCK","2006","11","16","10","9","",0,"8",0,"8","","","",6,"",0,"8",0,"8",2,"",190,"",2,"",0,"",11.1,"",.0,"8","U","",9.9,"",75,"",6.8,"",1000.5,"",1013.7,"",0,.0,"",.0,"8",0,"8","10","0","1","","0","","","3","","","1","","",0,"8",.0,"8",.0,"8","","8",0,"8","","",.0,"8",.0,"8",.0,"8",.0,"8",.0,"8",.0,"8",.0,"8",.0,"8",.0,"8",0,"8",0,"8",0,"8","","",0,"8",0,"8"
"352190360","P£OCK","2006","11","16","11","9","",0,"8",0,"8","","","",7,"",0,"8",0,"8",1,"",180,"",3,"",0,"",12.7,"",.0,"8","U","",10.4,"",71,"",7.6,"",1000.1,"",1013.2,"",8,-.4,"",.0,"8",0,"8","01","0","0","","0","","","0","","","1","","",0,"8",.0,"8",.0,"8","","8",0,"8","","",.0,"8",.0,"8",.0,"8",.0,"8",.0,"8",.0,"8",.0,"8",.0,"8",.0,"8",0,"8",0,"8",0,"8","","",0,"8",0,"8"
"352190360","P£OCK","2006","11","16","12","9","",0,"8",0,"8","","","",7,"",0,"8",0,"8",1,"",160,"",3,"",0,"",13.5,"",.0,"8","U","",10.7,"",69,"",7.9,"",999.7,"",1012.7,"",8,-.9,"",.0,"9",0,"9","02","0","0","","0","","","0","","","1","","",1,"",.0,"8",.0,"8","","8",0,"8","","",.0,"8",.0,"8",.0,"8",.0,"8",.0,"8",.0,"8",.0,"8",.0,"8",.0,"8",0,"8",0,"8",0,"8","","",0,"8",0,"8"
"352190360","P£OCK","2006","11","16","13","9","",0,"8",0,"8","","","",7,"",0,"8",0,"8",1,"",170,"",3,"",0,"",13.8,"",.0,"8","U","",11.0,"",70,"",8.4,"",999.3,"",1012.3,"",7,-1.2,"",.0,"8",0,"8","02","0","0","","0","","","0","","","1","","",0,"8",.0,"8",.0,"8","","8",0,"8","","",.0,"8",.0,"8",.0,"8",.0,"8",.0,"8",.0,"8",.0,"8",.0,"8",.0,"8",0,"8",0,"8",0,"8","","",0,"8",0,"8"
"352190360","P£OCK","2006","11","16","14","9","",0,"8",0,"8","","","",7,"",0,"8",0,"8",1,"",180,"",2,"",0,"",13.3,"",.0,"8","U","",11.0,"",72,"",8.4,"",999.4,"",1012.4,"",5,-.7,"",.0,"8",0,"8","02","0","0","","0","","","0","","","1","","",0,"8",.0,"8",.0,"8","","8",0,"8","","",.0,"8",.0,"8",.0,"8",.0,"8",.0,"8",.0,"8",.0,"8",.0,"8",.0,"8",0,"8",0,"8",0,"8","","",0,"8",0,"8"
"352190360","P£OCK","2006","11","16","15","9","",0,"8",0,"8","","","",6,"",0,"8",0,"8",2,"",170,"",2,"",0,"",11.7,"",.0,"8","U","",10.6,"",77,"",7.8,"",999.6,"",1012.7,"",5,-.1,"",.0,"8",0,"8","10","0","0","","0","","","0","","","1","","",0,"8",.0,"8",.0,"8","","8",0,"8","","",.0,"8",.0,"8",.0,"8",.0,"8",.0,"8",.0,"8",.0,"8",.0,"8",.0,"8",0,"8",0,"8",0,"8","","",0,"8",0,"8"
"352190360","P£OCK","2006","11","16","16","9","",0,"8",0,"8","","","",6,"",0,"8",0,"8",2,"",150,"",2,"",0,"",10.2,"",.0,"8","U","",10.3,"",83,"",7.4,"",999.7,"",1012.9,"",2,.4,"",.0,"8",0,"8","10","0","0","","0","","","0","","","1","","",0,"8",.0,"8",.0,"8","","8",0,"8","","",.0,"8",.0,"8",.0,"8",.0,"8",.0,"8",.0,"8",.0,"8",.0,"8",.0,"8",0,"8",0,"8",0,"8","","",0,"8",0,"8"
"352190360","P£OCK","2006","11","16","17","9","",0,"8",0,"8","","","",6,"",0,"8",0,"8",1,"",170,"",2,"",0,"",9.7,"",.0,"8","U","",10.5,"",87,"",7.6,"",999.7,"",1012.9,"",1,.3,"",.0,"8",0,"8","10","0","0","","0","","","0","","","1","","",0,"8",.0,"8",.0,"8","","8",0,"8","","",.0,"8",.0,"8",.0,"8",.0,"8",.0,"8",.0,"8",.0,"8",.0,"8",.0,"8",0,"8",0,"8",0,"8","","",0,"8",0,"8"
"352190360","P£OCK","2006","11","16","18","9","",0,"8",0,"8","","","",6,"",0,"8",0,"8",1,"",160,"",2,"",0,"",8.5,"",.0,"8","U","",9.9,"",89,"",6.8,"",999.8,"",1013.1,"",2,.2,"",.0,"9",0,"9","10","0","0","","0","","","0","","","1","","",1,"",.0,"8",.0,"8","","8",0,"8","","",.0,"8",.0,"8",.0,"8",.0,"8",.0,"8",.0,"8",.0,"8",.0,"8",.0,"8",0,"8",0,"8",0,"8","","",0,"8",0,"8"
"352190360","P£OCK","2006","11","16","19","9","",0,"8",0,"8","","","",5,"",0,"8",0,"8",0,"",170,"",2,"",0,"",7.5,"",.0,"8","U","",9.6,"",93,"",6.4,"",999.6,"",1012.9,"",8,-.1,"",.0,"8",0,"8","10","0","0","","0","","","0","","","0","","",0,"8",.0,"8",.0,"8","","8",0,"8","","",.0,"8",.0,"8",.0,"8",.0,"8",.0,"8",.0,"8",.0,"8",.0,"8",.0,"8",0,"8",0,"8",0,"8","","",0,"8",0,"8"
"352190360","P£OCK","2006","11","16","20","9","",0,"8",0,"8","","","",6,"",0,"8",0,"8",0,"",150,"",2,"",0,"",8.3,"",.0,"8","U","",10.1,"",92,"",7.1,"",999.8,"",1013.1,"",2,.1,"",.0,"8",0,"8","10","0","0","","0","","","0","","","0","","",0,"8",.0,"8",.0,"8","","8",0,"8","","",.0,"8",.0,"8",.0,"8",.0,"8",.0,"8",.0,"8",.0,"8",.0,"8",.0,"8",0,"8",0,"8",0,"8","","",0,"8",0,"8"
"352190360","P£OCK","2006","11","16","21","9","",0,"8",0,"8","","","",6,"",0,"8",0,"8",0,"",160,"",2,"",0,"",8.2,"",.0,"8","U","",10.0,"",92,"",7.0,"",999.8,"",1013.1,"",4,.0,"",.0,"8",0,"8","10","0","0","","0","","","0","","","0","","",0,"8",.0,"8",.0,"8","","8",0,"8","","",.0,"8",.0,"8",.0,"8",.0,"8",.0,"8",.0,"8",.0,"8",.0,"8",.0,"8",0,"8",0,"8",0,"8","","",0,"8",0,"8"
"352190360","P£OCK","2006","11","16","22","9","",0,"8",0,"8","","","",6,"",0,"8",0,"8",0,"",150,"",2,"",0,"",8.1,"",.0,"8","U","",9.7,"",90,"",6.6,"",999.9,"",1013.2,"",2,.3,"",.0,"8",0,"8","10","0","0","","0","","","0","","","0","","",0,"8",.0,"8",.0,"8","","8",0,"8","","",.0,"8",.0,"8",.0,"8",.0,"8",.0,"8",.0,"8",.0,"8",.0,"8",.0,"8",0,"8",0,"8",0,"8","","",0,"8",0,"8"
"352190360","P£OCK","2006","11","16","23","9","",0,"8",0,"8","","","",5,"",0,"8",0,"8",0,"",130,"",2,"",0,"",6.6,"",.0,"8","U","",9.1,"",93,"",5.5,"",1000.1,"",1013.5,"",3,.3,"",.0,"8",0,"8","10","0","0","","0","","","0","","","0","","",0,"8",.0,"8",.0,"8","","8",0,"8","","",.0,"8",.0,"8",.0,"8",.0,"8",.0,"8",.0,"8",.0,"8",.0,"8",.0,"8",0,"8",0,"8",0,"8","","",0,"8",0,"8"
"352190360","P£OCK","2006","11","17","00","9","",0,"8",0,"8","","","",5,"",0,"8",0,"8",0,"",150,"",2,"",0,"",6.5,"",.0,"8","U","",9.0,"",93,"",5.4,"",1000.3,"",1013.7,"",2,.5,"",.0,"9",0,"9","10","0","0","","0","","","0","","","0","","",1,"",.0,"8",.0,"8","","8",0,"8","","",.0,"8",.0,"8",.0,"8",.0,"8",.0,"8",.0,"8",.0,"8",.0,"8",.0,"8",0,"8",0,"8",0,"8","","",0,"8",0,"8"
"352190360","P£OCK","2006","11","17","01","9","",0,"8",0,"8","","","",5,"",0,"8",0,"8",0,"",140,"",2,"",0,"",5.6,"",.0,"8","U","",8.5,"",93,"",4.6,"",1000.4,"",1013.8,"",2,.5,"",.0,"8",0,"8","10","0","0","","0","","","0","","","0","","",0,"8",.0,"8",.0,"8","","8",0,"8","","",.0,"8",.0,"8",.0,"8",.0,"8",.0,"8",.0,"8",.0,"8",.0,"8",.0,"8",0,"8",0,"8",0,"8","","",0,"8",0,"8"
"352190360","P£OCK","2006","11","17","02","9","",0,"8",0,"8","","","",5,"",0,"8",0,"8",0,"",140,"",2,"",0,"",6.2,"",.0,"8","U","",8.8,"",93,"",5.2,"",1000.4,"",1013.8,"",1,.3,"",.0,"8",0,"8","10","0","0","","0","","","0","","","0","","",0,"8",.0,"8",.0,"8","","8",0,"8","","",.0,"8",.0,"8",.0,"8",.0,"8",.0,"8",.0,"8",.0,"8",.0,"8",.0,"8",0,"8",0,"8",0,"8","","",0,"8",0,"8"
"352190360","P£OCK","2006","11","17","03","9","",0,"8",0,"8","","","",5,"",0,"8",0,"8",0,"",130,"",3,"",0,"",5.1,"",.0,"8","U","",8.3,"",94,"",4.2,"",1000.2,"",1013.6,"",8,-.1,"",.0,"8",0,"8","10","0","0","","0","","","0","","","0","","",0,"8",.0,"8",.0,"8","","8",0,"8","","",.0,"8",.0,"8",.0,"8",.0,"8",.0,"8",.0,"8",.0,"8",.0,"8",.0,"8",0,"8",0,"8",0,"8","","",0,"8",0,"8"
"352190360","P£OCK","2006","11","17","04","9","",0,"8",0,"8","","","",5,"",0,"8",0,"8",0,"",130,"",3,"",0,"",5.2,"",.0,"8","U","",8.3,"",94,"",4.3,"",999.9,"",1013.3,"",8,-.5,"",.0,"8",0,"8","10","0","0","","0","","","0","","","0","","",0,"8",.0,"8",.0,"8","","8",0,"8","","",.0,"8",.0,"8",.0,"8",.0,"8",.0,"8",.0,"8",.0,"8",.0,"8",.0,"8",0,"8",0,"8",0,"8","","",0,"8",0,"8"
"352190360","P£OCK","2006","11","17","05","9","",0,"8",0,"8","","","",5,"",0,"8",0,"8",0,"",130,"",4,"",0,"",5.4,"",.0,"8","U","",8.4,"",94,"",4.5,"",999.7,"",1013.1,"",7,-.7,"",.0,"8",0,"8","10","0","0","","0","","","0","","","0","","",0,"8",.0,"8",.0,"8","","8",0,"8","","",.0,"8",.0,"8",.0,"8",.0,"8",.0,"8",.0,"8",.0,"8",.0,"8",.0,"8",0,"8",0,"8",0,"8","","",0,"8",0,"8"
"352190360","P£OCK","2006","11","17","06","9","",0,"8",0,"8","","","",5,"",0,"8",0,"8",2,"",150,"",3,"",0,"",5.3,"",.0,"8","U","",8.4,"",94,"",4.4,"",1000.2,"",1013.6,"",5,.0,"",.0,"9",0,"9","10","0","0","","0","","","0","","","1","","",1,"",.0,"8",.0,"8","","8",0,"8","","",.0,"8",.0,"8",.0,"8",.0,"8",.0,"8",.0,"8",.0,"8",.0,"8",.0,"8",0,"8",0,"8",0,"8","","",0,"8",0,"8"
"352190360","P£OCK","2006","11","17","07","9","",0,"8",0,"8","","","",5,"",0,"8",0,"8",2,"",140,"",3,"",0,"",5.3,"",.0,"8","U","",8.3,"",93,"",4.3,"",1000.7,"",1014.1,"",3,.8,"",.0,"8",0,"8","10","0","1","","0","","","3","","","1","","",0,"8",.0,"8",.0,"8","","8",0,"8","","",.0,"8",.0,"8",.0,"8",.0,"8",.0,"8",.0,"8",.0,"8",.0,"8",.0,"8",0,"8",0,"8",0,"8","","",0,"8",0,"8"
"352190360","P£OCK","2006","11","17","08","9","",0,"8",0,"8","","","",5,"",0,"8",0,"8",2,"",150,"",3,"",0,"",6.7,"",.0,"8","U","",8.8,"",90,"",5.2,"",1001.0,"",1014.4,"",1,1.3,"",.0,"8",0,"8","10","0","1","","0","","","3","","","1","","",0,"8",.0,"8",.0,"8","","8",0,"8","","",.0,"8",.0,"8",.0,"8",.0,"8",.0,"8",.0,"8",.0,"8",.0,"8",.0,"8",0,"8",0,"8",0,"8","","",0,"8",0,"8"
"352190360","P£OCK","2006","11","17","09","9","",0,"8",0,"8","","","",6,"",0,"8",0,"8",0,"",150,"",2,"",0,"",8.3,"",.0,"8","U","",9.3,"",85,"",5.9,"",1001.5,"",1014.8,"",2,1.3,"",.0,"8",0,"8","10","0","0","","0","","","0","","","0","","",0,"8",.0,"8",.0,"8","","8",0,"8","","",.0,"8",.0,"8",.0,"8",.0,"8",.0,"8",.0,"8",.0,"8",.0,"8",.0,"8",0,"8",0,"8",0,"8","","",0,"8",0,"8"
"352190360","P£OCK","2006","11","17","10","9","",0,"8",0,"8","","","",6,"",0,"8",0,"8",0,"",160,"",3,"",0,"",9.8,"",.0,"8","U","",9.9,"",82,"",6.9,"",1001.5,"",1014.7,"",1,.8,"",.0,"8",0,"8","10","0","0","","0","","","0","","","0","","",0,"8",.0,"8",.0,"8","","8",0,"8","","",.0,"8",.0,"8",.0,"8",.0,"8",.0,"8",.0,"8",.0,"8",.0,"8",.0,"8",0,"8",0,"8",0,"8","","",0,"8",0,"8"
"352190360","P£OCK","2006","11","17","11","9","",0,"8",0,"8","","","",6,"",0,"8",0,"8",0,"",160,"",3,"",0,"",11.1,"",.0,"8","U","",10.4,"",79,"",7.6,"",1001.4,"",1014.6,"",0,.4,"",.0,"8",0,"8","10","0","0","","0","","","0","","","0","","",0,"8",.0,"8",.0,"8","","8",0,"8","","",.0,"8",.0,"8",.0,"8",.0,"8",.0,"8",.0,"8",.0,"8",.0,"8",.0,"8",0,"8",0,"8",0,"8","","",0,"8",0,"8"
"352190360","P£OCK","2006","11","17","12","9","",0,"8",0,"8","","","",6,"",0,"8",0,"8",0,"",160,"",3,"",0,"",12.3,"",.0,"8","U","",10.9,"",76,"",8.2,"",1001.5,"",1014.6,"",5,.0,"",.0,"9",0,"9","10","0","0","","0","","","0","","","0","","",1,"",.0,"8",.0,"8","","8",0,"8","","",.0,"8",.0,"8",.0,"8",.0,"8",.0,"8",.0,"8",.0,"8",.0,"8",.0,"8",0,"8",0,"8",0,"8","","",0,"8",0,"8"
"352190360","P£OCK","2006","11","17","13","9","",0,"8",0,"8","","","",6,"",0,"8",0,"8",0,"",160,"",3,"",0,"",12.7,"",.0,"8","U","",11.0,"",75,"",8.4,"",1001.6,"",1014.7,"",3,.1,"",.0,"8",0,"8","10","0","0","","0","","","0","","","0","","",0,"8",.0,"8",.0,"8","","8",0,"8","","",.0,"8",.0,"8",.0,"8",.0,"8",.0,"8",.0,"8",.0,"8",.0,"8",.0,"8",0,"8",0,"8",0,"8","","",0,"8",0,"8"
"352190360","P£OCK","2006","11","17","14","9","",0,"8",0,"8","","","",6,"",0,"8",0,"8",0,"",140,"",2,"",0,"",11.8,"",.0,"8","U","",10.9,"",79,"",8.3,"",1001.7,"",1014.8,"",2,.3,"",.0,"8",0,"8","10","0","0","","0","","","0","","","0","","",0,"8",.0,"8",.0,"8","","8",0,"8","","",.0,"8",.0,"8",.0,"8",.0,"8",.0,"8",.0,"8",.0,"8",.0,"8",.0,"8",0,"8",0,"8",0,"8","","",0,"8",0,"8"
"352190360","P£OCK","2006","11","17","15","9","",0,"8",0,"8","","","",6,"",0,"8",0,"8",1,"",150,"",2,"",0,"",10.2,"",.0,"8","U","",10.3,"",83,"",7.4,"",1002.0,"",1015.2,"",3,.5,"",.0,"8",0,"8","10","0","0","","0","","","0","","","1","","",0,"8",.0,"8",.0,"8","","8",0,"8","","",.0,"8",.0,"8",.0,"8",.0,"8",.0,"8",.0,"8",.0,"8",.0,"8",.0,"8",0,"8",0,"8",0,"8","","",0,"8",0,"8"
"352190360","P£OCK","2006","11","17","16","9","",0,"8",0,"8","","","",6,"",0,"8",0,"8",1,"",150,"",2,"",0,"",9.6,"",.0,"8","U","",10.3,"",86,"",7.4,"",1002.3,"",1015.6,"",3,.7,"",.0,"8",0,"8","10","0","1","","0","","","3","","","0","","",0,"8",.0,"8",.0,"8","","8",0,"8","","",.0,"8",.0,"8",.0,"8",.0,"8",.0,"8",.0,"8",.0,"8",.0,"8",.0,"8",0,"8",0,"8",0,"8","","",0,"8",0,"8"
"352190360","P£OCK","2006","11","17","17","9","",0,"8",0,"8","","","",5,"",0,"8",0,"8",0,"",170,"",2,"",0,"",9.5,"",.0,"8","U","",10.3,"",87,"",7.4,"",1002.8,"",1016.1,"",3,1.1,"",.0,"8",0,"8","10","0","0","","0","","","0","","","0","","",0,"8",.0,"8",.0,"8","","8",0,"8","","",.0,"8",.0,"8",.0,"8",.0,"8",.0,"8",.0,"8",.0,"8",.0,"8",.0,"8",0,"8",0,"8",0,"8","","",0,"8",0,"8"
"352190360","P£OCK","2006","11","17","18","9","",0,"8",0,"8","","","",5,"",0,"8",0,"8",0,"",140,"",2,"",0,"",7.7,"",.0,"8","U","",9.3,"",89,"",6.0,"",1002.7,"",1016.1,"",0,.7,"",.0,"9",0,"9","10","0","0","","0","","","0","","","0","","",1,"",.0,"8",.0,"8","","8",0,"8","","",.0,"8",.0,"8",.0,"8",.0,"8",.0,"8",.0,"8",.0,"8",.0,"8",.0,"8",0,"8",0,"8",0,"8","","",0,"8",0,"8"
"352190360","P£OCK","2006","11","17","19","9","",0,"8",0,"8","","","",5,"",0,"8",0,"8",1,"",130,"",2,"",0,"",7.2,"",.0,"8","U","",9.3,"",92,"",6.0,"",1002.7,"",1016.1,"",1,.4,"",.0,"8",0,"8","10","0","1","","0","","","3","","","0","","",0,"8",.0,"8",.0,"8","","8",0,"8","","",.0,"8",.0,"8",.0,"8",.0,"8",.0,"8",.0,"8",.0,"8",.0,"8",.0,"8",0,"8",0,"8",0,"8","","",0,"8",0,"8"
"352190360","P£OCK","2006","11","17","20","9","",0,"8",0,"8","","","",4,"",0,"8",0,"8",1,"",210,"",2,"",0,"",7.2,"",.0,"8","U","",9.4,"",93,"",6.1,"",1003.3,"",1016.7,"",3,.5,"",.0,"8",0,"8","10","0","1","","0","","","3","","","0","","",0,"8",.0,"8",.0,"8","","8",0,"8","","",.0,"8",.0,"8",.0,"8",.0,"8",.0,"8",.0,"8",.0,"8",.0,"8",.0,"8",0,"8",0,"8",0,"8","","",0,"8",0,"8"
"352190360","P£OCK","2006","11","17","21","9","",0,"8",0,"8","","","",3,"",0,"8",0,"8",0,"",140,"",2,"",0,"",6.2,"",.0,"8","U","",8.8,"",93,"",5.2,"",1003.5,"",1016.9,"",3,.8,"",.0,"8",0,"8","46","0","0","","0","","","0","","","0","","",0,"8",.0,"8",.0,"8","","8",0,"8","","",.0,"8",.0,"8",.0,"8",.0,"8",.0,"8",.0,"8",.0,"8",.0,"8",.0,"8",0,"8",0,"8",0,"8","","",0,"8",0,"8"
"352190360","P£OCK","2006","11","17","22","9","",0,"8",0,"8","","","",2,"",0,"8",0,"8",0,"",130,"",2,"",0,"",5.8,"",.0,"8","U","",8.7,"",94,"",4.9,"",1003.6,"",1017.1,"",1,.9,"",.0,"8",0,"8","46","4","0","","0","","","0","","","0","","",0,"8",.0,"8",.0,"8","","8",0,"8","","",.0,"8",.0,"8",.0,"8",.0,"8",.0,"8",.0,"8",.0,"8",.0,"8",.0,"8",0,"8",0,"8",0,"8","","",0,"8",0,"8"
"352190360","P£OCK","2006","11","17","23","9","",0,"8",0,"8","","","",1,"",0,"8",0,"8",0,"",130,"",2,"",0,"",5.3,"",.0,"8","U","",8.4,"",94,"",4.4,"",1003.9,"",1017.4,"",2,.6,"",.0,"8",0,"8","46","4","0","","0","","","0","","","0","","",0,"8",.0,"8",.0,"8","","8",0,"8","","",.0,"8",.0,"8",.0,"8",.0,"8",.0,"8",.0,"8",.0,"8",.0,"8",.0,"8",0,"8",0,"8",0,"8","","",0,"8",0,"8"
"352190360","P£OCK","2006","11","18","00","9","",0,"8",0,"8","","","",3,"",0,"8",0,"8",0,"",110,"",3,"",0,"",5.4,"",.0,"8","U","",8.5,"",95,"",4.7,"",1003.9,"",1017.4,"",1,.4,"",.0,"9",0,"9","42","4","0","","0","","","0","","","0","","",1,"",.0,"8",.0,"8","","8",0,"8","","",.0,"8",.0,"8",.0,"8",.0,"8",.0,"8",.0,"8",.0,"8",.0,"8",.0,"8",0,"8",0,"8",0,"8","","",0,"8",0,"8"
"352190360","P£OCK","2006","11","18","01","9","",0,"8",0,"8","","","",3,"",0,"8",0,"8",0,"",120,"",3,"",0,"",5.3,"",.0,"8","U","",8.5,"",95,"",4.6,"",1004.0,"",1017.5,"",2,.4,"",.0,"8",0,"8","44","4","0","","0","","","0","","","0","","",0,"8",.0,"8",.0,"8","","8",0,"8","","",.0,"8",.0,"8",.0,"8",.0,"8",.0,"8",.0,"8",.0,"8",.0,"8",.0,"8",0,"8",0,"8",0,"8","","",0,"8",0,"8"
"352190360","P£OCK","2006","11","18","02","9","",0,"8",0,"8","","","",1,"",0,"8",0,"8",0,"",0,"",0,"",0,"",4.9,"",.0,"8","U","",8.2,"",95,"",4.2,"",1004.0,"",1017.5,"",1,.1,"",.0,"8",0,"8","46","4","0","","0","","","0","","","0","","",0,"8",.0,"8",.0,"8","","8",0,"8","","",.0,"8",.0,"8",.0,"8",.0,"8",.0,"8",.0,"8",.0,"8",.0,"8",.0,"8",0,"8",0,"8",0,"8","","",0,"8",0,"8"
"352190360","P£OCK","2006","11","18","03","9","",0,"8",0,"8","","","",2,"",0,"8",0,"8",0,"",120,"",3,"",0,"",4.9,"",.0,"8","U","",8.2,"",95,"",4.2,"",1004.0,"",1017.5,"",1,.1,"",.0,"8",0,"8","42","4","0","","0","","","0","","","0","","",0,"8",.0,"8",.0,"8","","8",0,"8","","",.0,"8",.0,"8",.0,"8",.0,"8",.0,"8",.0,"8",.0,"8",.0,"8",.0,"8",0,"8",0,"8",0,"8","","",0,"8",0,"8"
"352190360","P£OCK","2006","11","18","04","/","",0,"8",0,"8","","","",1,"",0,"8",0,"8",9,"",120,"",2,"",0,"",4.8,"",.0,"8","U","",8.2,"",95,"",4.1,"",1003.8,"",1017.3,"",8,-.2,"",.0,"8",0,"8","47","4","9","","/","","","/","","","/","","",0,"8",.0,"8",.0,"8","","8",0,"8","","",.0,"8",.0,"8",.0,"8",.0,"8",.0,"8",.0,"8",.0,"8",.0,"8",.0,"8",0,"8",0,"8",0,"8","","",0,"8",0,"8"
"352190360","P£OCK","2006","11","18","05","1","",0,"8",0,"8","","","",1,"",0,"8",0,"8",8,"",100,"",3,"",0,"",4.3,"",.0,"8","U","",7.9,"",95,"",3.6,"",1003.6,"",1017.1,"",8,-.4,"",.0,"8",0,"8","42","4","8","","6","","","/","","","/","","",0,"8",.0,"8",.0,"8","","8",0,"8","","",.0,"8",.0,"8",.0,"8",.0,"8",.0,"8",.0,"8",.0,"8",.0,"8",.0,"8",0,"8",0,"8",0,"8","","",0,"8",0,"8"
"352190360","P£OCK","2006","11","18","06","1","",0,"8",0,"8","","","",1,"",0,"8",0,"8",8,"",110,"",3,"",0,"",4.5,"",.0,"8","U","",8.0,"",95,"",3.8,"",1003.8,"",1017.3,"",5,-.2,"",.0,"9",0,"9","44","4","8","","6","","","/","","","/","","",1,"",.0,"8",.0,"8","","8",0,"8","","",.0,"8",.0,"8",.0,"8",.0,"8",.0,"8",.0,"8",.0,"8",.0,"8",.0,"8",0,"8",0,"8",0,"8","","",0,"8",0,"8"
"352190360","P£OCK","2006","11","18","07","1","",0,"8",0,"8","","","",1,"",0,"8",0,"8",8,"",120,"",3,"",0,"",4.4,"",.0,"8","U","",7.9,"",95,"",3.7,"",1004.4,"",1017.9,"",3,.6,"",.0,"8",0,"8","46","4","8","","6","","","/","","","/","","",0,"8",.0,"8",.0,"8","","8",0,"8","","",.0,"8",.0,"8",.0,"8",.0,"8",.0,"8",.0,"8",.0,"8",.0,"8",.0,"8",0,"8",0,"8",0,"8","","",0,"8",0,"8"
"352190360","P£OCK","2006","11","18","08","1","",0,"8",0,"8","","","",1,"",0,"8",0,"8",8,"",120,"",3,"",0,"",4.7,"",.0,"8","U","",8.2,"",96,"",4.1,"",1004.2,"",1017.7,"",0,.6,"",.0,"8",0,"8","42","4","8","","6","","","/","","","/","","",0,"8",.0,"8",.0,"8","","8",0,"8","","",.0,"8",.0,"8",.0,"8",.0,"8",.0,"8",.0,"8",.0,"8",.0,"8",.0,"8",0,"8",0,"8",0,"8","","",0,"8",0,"8"
"352190360","P£OCK","2006","11","18","09","1","",0,"8",0,"8","","","",2,"",0,"8",0,"8",8,"",120,"",4,"",0,"",5.3,"",.0,"8","U","",8.5,"",96,"",4.7,"",1004.2,"",1017.7,"",1,.4,"",.0,"8",0,"8","42","4","8","","6","","","/","","","/","","",0,"8",.0,"8",.0,"8","","8",0,"8","","",.0,"8",.0,"8",.0,"8",.0,"8",.0,"8",.0,"8",.0,"8",.0,"8",.0,"8",0,"8",0,"8",0,"8","","",0,"8",0,"8"
"352190360","P£OCK","2006","11","18","10","1","",0,"8",0,"8","","","",2,"",0,"8",0,"8",8,"",120,"",3,"",0,"",6.0,"",.0,"8","U","",9.0,"",96,"",5.4,"",1004.0,"",1017.5,"",7,-.4,"",.0,"8",0,"8","44","4","8","","6","","","/","","","/","","",0,"8",.0,"8",.0,"8","","8",0,"8","","",.0,"8",.0,"8",.0,"8",.0,"8",.0,"8",.0,"8",.0,"8",.0,"8",.0,"8",0,"8",0,"8",0,"8","","",0,"8",0,"8"
"352190360","P£OCK","2006","11","18","11","1","",0,"8",0,"8","","","",2,"",0,"8",0,"8",8,"",120,"",4,"",0,"",6.3,"",.0,"8","U","",9.2,"",96,"",5.7,"",1003.8,"",1017.2,"",8,-.4,"",.0,"8",0,"8","42","4","8","","6","","","/","","","/","","",0,"8",.0,"8",.0,"8","","8",0,"8","","",.0,"8",.0,"8",.0,"8",.0,"8",.0,"8",.0,"8",.0,"8",.0,"8",.0,"8",0,"8",0,"8",0,"8","","",0,"8",0,"8"
"352190360","P£OCK","2006","11","18","12","1","",0,"8",0,"8","","","",3,"",0,"8",0,"8",8,"",120,"",4,"",0,"",6.6,"",.0,"8","U","",9.3,"",96,"",6.0,"",1003.5,"",1016.9,"",7,-.7,"",.0,"9",0,"9","42","4","8","","6","","","/","","","/","","",1,"",.0,"8",.0,"8","","8",0,"8","","",.0,"8",.0,"8",.0,"8",.0,"8",.0,"8",.0,"8",.0,"8",.0,"8",.0,"8",0,"8",0,"8",0,"8","","",0,"8",0,"8"
"352190360","P£OCK","2006","11","18","13","2","",0,"8",0,"8","","","",3,"",0,"8",0,"8",8,"",130,"",4,"",0,"",6.5,"",.0,"8","U","",9.3,"",96,"",5.9,"",1003.5,"",1016.9,"",6,-.5,"",.0,"8",0,"8","42","4","8","","6","","","/","","","/","","",0,"8",.0,"8",.0,"8","","8",0,"8","","",.0,"8",.0,"8",.0,"8",.0,"8",.0,"8",.0,"8",.0,"8",.0,"8",.0,"8",0,"8",0,"8",0,"8","","",0,"8",0,"8"
"352190360","P£OCK","2006","11","18","14","1","",0,"8",0,"8","","","",4,"",0,"8",0,"8",8,"",130,"",4,"",0,"",6.7,"",.0,"8","U","",9.4,"",96,"",6.1,"",1003.7,"",1017.1,"",5,-.1,"",.0,"8",0,"8","28","2","8","","6","","","/","","","/","","",0,"8",.0,"8",.0,"8","","8",0,"8","","",.0,"8",.0,"8",.0,"8",.0,"8",.0,"8",.0,"8",.0,"8",.0,"8",.0,"8",0,"8",0,"8",0,"8","","",0,"8",0,"8"
"352190360","P£OCK","2006","11","18","15","2","",0,"8",0,"8","","","",4,"",0,"8",0,"8",8,"",140,"",4,"",0,"",7.1,"",.0,"8","U","",9.7,"",96,"",6.5,"",1003.8,"",1017.2,"",3,.3,"",.0,"8",0,"8","10","4","2","","6","","","3","","","/","","",0,"8",.0,"8",.0,"8","","8",0,"8","","",.0,"8",.0,"8",.0,"8",.0,"8",.0,"8",.0,"8",.0,"8",.0,"8",.0,"8",0,"8",0,"8",0,"8","","",0,"8",0,"8"
"352190360","P£OCK","2006","11","18","16","9","",0,"8",0,"8","","","",4,"",0,"8",0,"8",8,"",140,"",3,"",0,"",7.3,"",.0,"8","U","",9.8,"",96,"",6.7,"",1004.2,"",1017.6,"",2,.7,"",.0,"8",0,"8","10","2","4","","0","","","3","","","7","","",0,"8",.0,"8",.0,"8","","8",0,"8","","",.0,"8",.0,"8",.0,"8",.0,"8",.0,"8",.0,"8",.0,"8",.0,"8",.0,"8",0,"8",0,"8",0,"8","","",0,"8",0,"8"
"352190360","P£OCK","2006","11","18","17","9","",0,"8",0,"8","","","",4,"",0,"8",0,"8",8,"",160,"",3,"",0,"",7.5,"",.0,"8","U","",9.9,"",96,"",6.9,"",1004.5,"",1017.9,"",2,.8,"",.0,"8",0,"8","10","2","8","","0","","","7","","","/","","",0,"8",.0,"8",.0,"8","","8",0,"8","","",.0,"8",.0,"8",.0,"8",.0,"8",.0,"8",.0,"8",.0,"8",.0,"8",.0,"8",0,"8",0,"8",0,"8","","",0,"8",0,"8"
"352190360","P£OCK","2006","11","18","18","9","",0,"8",0,"8","","","",5,"",0,"8",0,"8",8,"",190,"",2,"",0,"",7.7,"",.0,"8","U","",9.9,"",94,"",6.8,"",1004.8,"",1018.2,"",2,1.0,"",.0,"9",0,"9","10","4","8","","0","","","7","","","/","","",1,"",.0,"8",.0,"8","","8",0,"8","","",.0,"8",.0,"8",.0,"8",.0,"8",.0,"8",.0,"8",.0,"8",.0,"8",.0,"8",0,"8",0,"8",0,"8","","",0,"8",0,"8"
"352190360","P£OCK","2006","11","18","19","9","",0,"8",0,"8","","","",4,"",0,"8",0,"8",8,"",200,"",2,"",0,"",7.5,"",.0,"8","U","",9.6,"",93,"",6.4,"",1005.4,"",1018.8,"",3,1.2,"",.0,"8",0,"8","10","2","8","","0","","","7","","","/","","",0,"8",.0,"8",.0,"8","","8",0,"8","","",.0,"8",.0,"8",.0,"8",.0,"8",.0,"8",.0,"8",.0,"8",.0,"8",.0,"8",0,"8",0,"8",0,"8","","",0,"8",0,"8"
"352190360","P£OCK","2006","11","18","20","4","",0,"8",0,"8","","","",4,"",0,"8",0,"8",8,"",210,"",2,"",0,"",7.2,"",.0,"8","U","",9.4,"",93,"",6.1,"",1005.9,"",1019.3,"",2,1.4,"",.0,"8",0,"8","10","2","8","","5","","","/","","","/","","",0,"8",.0,"8",.0,"8","","8",0,"8","","",.0,"8",.0,"8",.0,"8",.0,"8",.0,"8",.0,"8",.0,"8",.0,"8",.0,"8",0,"8",0,"8",0,"8","","",0,"8",0,"8"
"352190360","P£OCK","2006","11","18","21","4","",0,"8",0,"8","","","",4,"",0,"8",0,"8",8,"",210,"",3,"",0,"",7.7,"",.0,"8","U","",9.9,"",94,"",6.8,"",1006.5,"",1019.9,"",2,1.7,"",.0,"8",0,"8","10","2","8","","5","","","/","","","/","","",0,"8",.0,"8",.0,"8","","8",0,"8","","",.0,"8",.0,"8",.0,"8",.0,"8",.0,"8",.0,"8",.0,"8",.0,"8",.0,"8",0,"8",0,"8",0,"8","","",0,"8",0,"8"
"352190360","P£OCK","2006","11","18","22","3","",0,"8",0,"8","","","",5,"",0,"8",0,"8",8,"",270,"",5,"",0,"",8.8,"",.0,"8","U","",10.4,"",92,"",7.6,"",1006.8,"",1020.2,"",2,1.4,"",.0,"8",0,"8","10","2","8","","6","","","/","","","/","","",0,"8",.0,"8",.0,"8","","8",0,"8","","",.0,"8",.0,"8",.0,"8",.0,"8",.0,"8",.0,"8",.0,"8",.0,"8",.0,"8",0,"8",0,"8",0,"8","","",0,"8",0,"8"
"352190360","P£OCK","2006","11","18","23","2","",0,"8",0,"8","","","",4,"",0,"8",0,"8",8,"",240,"",3,"",0,"",8.4,"",.0,"8","U","",10.1,"",92,"",7.2,"",1007.7,"",1021.1,"",2,1.8,"",.0,"8",0,"8","10","2","8","","6","","","/","","","/","","",0,"8",.0,"8",.0,"8","","8",0,"8","","",.0,"8",.0,"8",.0,"8",.0,"8",.0,"8",.0,"8",.0,"8",.0,"8",.0,"8",0,"8",0,"8",0,"8","","",0,"8",0,"8"
"352190360","P£OCK","2006","11","19","00","2","",0,"8",0,"8","","","",4,"",0,"8",0,"8",8,"",260,"",3,"",0,"",8.5,"",.0,"8","U","",10.3,"",93,"",7.4,"",1008.0,"",1021.4,"",2,1.5,"",.0,"9",0,"9","10","2","8","","6","","","/","","","/","","",1,"",.0,"8",.0,"8","","8",0,"8","","",.0,"8",.0,"8",.0,"8",.0,"8",.0,"8",.0,"8",.0,"8",.0,"8",.0,"8",0,"8",0,"8",0,"8","","",0,"8",0,"8"
"352190360","P£OCK","2006","11","19","01","1","",0,"8",0,"8","","","",3,"",0,"8",0,"8",8,"",270,"",4,"",0,"",7.8,"",.0,"8","U","",9.9,"",94,"",6.9,"",1008.5,"",1021.9,"",2,1.7,"",.0,"8",0,"8","46","2","8","","6","","","/","","","/","","",0,"8",.0,"8",.0,"8","","8",0,"8","","",.0,"8",.0,"8",.0,"8",.0,"8",.0,"8",.0,"8",.0,"8",.0,"8",.0,"8",0,"8",0,"8",0,"8","","",0,"8",0,"8"
"352190360","P£OCK","2006","11","19","02","1","",0,"8",0,"8","","","",2,"",0,"8",0,"8",8,"",280,"",4,"",0,"",7.7,"",.0,"8","U","",10.0,"",95,"",6.9,"",1008.9,"",1022.3,"",2,1.2,"",.0,"8",0,"8","46","4","8","","6","","","/","","","/","","",0,"8",.0,"8",.0,"8","","8",0,"8","","",.0,"8",.0,"8",.0,"8",.0,"8",.0,"8",.0,"8",.0,"8",.0,"8",.0,"8",0,"8",0,"8",0,"8","","",0,"8",0,"8"
"352190360","P£OCK","2006","11","19","03","1","",0,"8",0,"8","","","",3,"",0,"8",0,"8",8,"",270,"",3,"",0,"",7.4,"",.0,"8","U","",9.8,"",95,"",6.7,"",1009.2,"",1022.7,"",1,1.2,"",.0,"8",0,"8","42","4","8","","6","","","/","","","/","","",0,"8",.0,"8",.0,"8","","8",0,"8","","",.0,"8",.0,"8",.0,"8",.0,"8",.0,"8",.0,"8",.0,"8",.0,"8",.0,"8",0,"8",0,"8",0,"8","","",0,"8",0,"8"
"352190360","P£OCK","2006","11","19","04","1","",0,"8",0,"8","","","",1,"",0,"8",0,"8",8,"",290,"",3,"",0,"",6.9,"",.0,"8","U","",9.4,"",95,"",6.2,"",1009.4,"",1022.9,"",1,.9,"",.0,"8",0,"8","46","4","8","","6","","","/","","","/","","",0,"8",.0,"8",.0,"8","","8",0,"8","","",.0,"8",.0,"8",.0,"8",.0,"8",.0,"8",.0,"8",.0,"8",.0,"8",.0,"8",0,"8",0,"8",0,"8","","",0,"8",0,"8"
"352190360","P£OCK","2006","11","19","05","1","",0,"8",0,"8","","","",1,"",0,"8",0,"8",8,"",300,"",1,"",0,"",6.8,"",.0,"8","U","",9.4,"",95,"",6.1,"",1009.8,"",1023.3,"",2,.9,"",.0,"8",0,"8","46","4","8","","6","","","/","","","/","","",0,"8",.0,"8",.0,"8","","8",0,"8","","",.0,"8",.0,"8",.0,"8",.0,"8",.0,"8",.0,"8",.0,"8",.0,"8",.0,"8",0,"8",0,"8",0,"8","","",0,"8",0,"8"
"352190360","P£OCK","2006","11","19","06","1","",0,"8",0,"8","","","",1,"",0,"8",0,"8",8,"",210,"",1,"",0,"",6.5,"",.0,"8","U","",9.3,"",96,"",5.9,"",1010.1,"",1023.6,"",2,.9,"",.0,"9",0,"9","46","4","8","","6","","","/","","","/","","",1,"",.0,"8",.0,"8","","8",0,"8","","",.0,"8",.0,"8",.0,"8",.0,"8",.0,"8",.0,"8",.0,"8",.0,"8",.0,"8",0,"8",0,"8",0,"8","","",0,"8",0,"8"
"352190360","P£OCK","2006","11","19","07","1","",0,"8",0,"8","","","",1,"",0,"8",0,"8",8,"",300,"",2,"",0,"",6.2,"",.0,"8","U","",9.1,"",96,"",5.6,"",1010.8,"",1024.3,"",2,1.4,"",.0,"8",0,"8","42","4","8","","6","","","/","","","/","","",0,"8",.0,"8",.0,"8","","8",0,"8","","",.0,"8",.0,"8",.0,"8",.0,"8",.0,"8",.0,"8",.0,"8",.0,"8",.0,"8",0,"8",0,"8",0,"8","","",0,"8",0,"8"
"352190360","P£OCK","2006","11","19","08","1","",0,"8",0,"8","","","",2,"",0,"8",0,"8",8,"",320,"",2,"",0,"",5.9,"",.0,"8","U","",8.9,"",96,"",5.3,"",1011.0,"",1024.6,"",2,1.2,"",.0,"8",0,"8","42","4","8","","6","","","/","","","/","","",0,"8",.0,"8",.0,"8","","8",0,"8","","",.0,"8",.0,"8",.0,"8",.0,"8",.0,"8",.0,"8",.0,"8",.0,"8",.0,"8",0,"8",0,"8",0,"8","","",0,"8",0,"8"
"352190360","P£OCK","2006","11","19","09","1","",0,"8",0,"8","","","",2,"",0,"8",0,"8",8,"",0,"",0,"",0,"",6.2,"",.0,"8","U","",9.1,"",96,"",5.6,"",1011.0,"",1024.5,"",1,.9,"",.0,"8",0,"8","44","4","8","","6","","","/","","","/","","",0,"8",.0,"8",.0,"8","","8",0,"8","","",.0,"8",.0,"8",.0,"8",.0,"8",.0,"8",.0,"8",.0,"8",.0,"8",.0,"8",0,"8",0,"8",0,"8","","",0,"8",0,"8"
"352190360","P£OCK","2006","11","19","10","2","",0,"8",0,"8","","","",2,"",0,"8",0,"8",8,"",20,"",1,"",0,"",6.4,"",.0,"8","U","",9.2,"",96,"",5.8,"",1010.8,"",1024.3,"",0,.0,"",.0,"8",0,"8","44","4","8","","6","","","/","","","/","","",0,"8",.0,"8",.0,"8","","8",0,"8","","",.0,"8",.0,"8",.0,"8",.0,"8",.0,"8",.0,"8",.0,"8",.0,"8",.0,"8",0,"8",0,"8",0,"8","","",0,"8",0,"8"
"352190360","P£OCK","2006","11","19","11","1","",0,"8",0,"8","","","",2,"",0,"8",0,"8",8,"",90,"",2,"",0,"",7.0,"",.0,"8","U","",9.6,"",96,"",6.4,"",1010.5,"",1024.0,"",8,-.5,"",.0,"8",0,"8","46","4","8","","6","","","/","","","/","","",0,"8",.0,"8",.0,"8","","8",0,"8","","",.0,"8",.0,"8",.0,"8",.0,"8",.0,"8",.0,"8",.0,"8",.0,"8",.0,"8",0,"8",0,"8",0,"8","","",0,"8",0,"8"
"352190360","P£OCK","2006","11","19","12","1","",0,"8",0,"8","","","",2,"",0,"8",0,"8",8,"",130,"",2,"",0,"",7.0,"",.0,"8","U","",9.6,"",96,"",6.4,"",1010.1,"",1023.6,"",8,-.9,"",.0,"9",0,"9","42","4","8","","6","","","/","","","/","","",1,"",.0,"8",.0,"8","","8",0,"8","","",.0,"8",.0,"8",.0,"8",.0,"8",.0,"8",.0,"8",.0,"8",.0,"8",.0,"8",0,"8",0,"8",0,"8","","",0,"8",0,"8"
"352190360","P£OCK","2006","11","19","13","1","",0,"8",0,"8","","","",3,"",0,"8",0,"8",8,"",140,"",3,"",0,"",7.0,"",.0,"8","U","",9.6,"",96,"",6.4,"",1009.7,"",1023.2,"",7,-1.1,"",.0,"8",0,"8","42","4","8","","6","","","/","","","/","","",0,"8",.0,"8",.0,"8","","8",0,"8","","",.0,"8",.0,"8",.0,"8",.0,"8",.0,"8",.0,"8",.0,"8",.0,"8",.0,"8",0,"8",0,"8",0,"8","","",0,"8",0,"8"
"352190360","P£OCK","2006","11","19","14","1","",0,"8",0,"8","","","",2,"",0,"8",0,"8",8,"",140,"",3,"",0,"",7.0,"",.0,"8","U","",9.6,"",96,"",6.4,"",1009.4,"",1022.9,"",7,-1.1,"",.0,"8",0,"8","46","4","8","","6","","","/","","","/","","",0,"8",.0,"8",.0,"8","","8",0,"8","","",.0,"8",.0,"8",.0,"8",.0,"8",.0,"8",.0,"8",.0,"8",.0,"8",.0,"8",0,"8",0,"8",0,"8","","",0,"8",0,"8"
"352190360","P£OCK","2006","11","19","15","1","",0,"8",0,"8","","","",3,"",0,"8",0,"8",8,"",130,"",3,"",0,"",7.0,"",.0,"8","U","",9.6,"",96,"",6.4,"",1009.1,"",1022.6,"",7,-1.0,"",.0,"8",0,"8","51","4","8","","6","","","/","","","/","","",0,"8",.0,"8",.0,"8","","8",0,"8","","",.0,"8",.0,"8",.0,"8",.0,"8",.0,"8",.0,"8",.0,"8",.0,"8",.0,"8",0,"8",0,"8",0,"8","","",0,"8",0,"8"
"352190360","P£OCK","2006","11","19","16","1","",0,"8",0,"8","","","",3,"",0,"8",0,"8",8,"",110,"",4,"",0,"",6.9,"",.0,"8","U","",9.5,"",96,"",6.3,"",1008.5,"",1022.0,"",8,-1.2,"",.0,"8",0,"8","51","5","8","","6","","","/","","","/","","",0,"8",.0,"8",.0,"8","","8",0,"8","","",.0,"8",.0,"8",.0,"8",.0,"8",.0,"8",.0,"8",.0,"8",.0,"8",.0,"8",0,"8",0,"8",0,"8","","",0,"8",0,"8"
"352190360","P£OCK","2006","11","19","17","1","",0,"8",0,"8","","","",4,"",0,"8",0,"8",8,"",140,"",4,"",0,"",6.5,"",.0,"8","U","",9.3,"",96,"",5.9,"",1008.1,"",1021.6,"",7,-1.3,"",.0,"8",0,"8","51","5","8","","6","","","/","","","/","","",0,"8",.0,"8",.0,"8","","8",0,"8","","",.0,"8",.0,"8",.0,"8",.0,"8",.0,"8",.0,"8",.0,"8",.0,"8",.0,"8",0,"8",0,"8",0,"8","","",0,"8",0,"8"
"352190360","P£OCK","2006","11","19","18","1","",0,"8",0,"8","","","",3,"",0,"8",0,"8",8,"",120,"",5,"",0,"",6.6,"",.0,"8","U","",9.3,"",96,"",6.0,"",1007.5,"",1021.0,"",7,-1.6,"",.2,"",6,"","51","5","8","","6","","","/","","","/","","",1,"",.0,"8",.0,"8","","8",0,"8","","",.0,"8",.0,"8",.0,"8",.0,"8",.0,"8",.0,"8",.0,"8",.0,"8",.0,"8",0,"8",0,"8",0,"8","","",0,"8",0,"8"
"352190360","P£OCK","2006","11","19","19","1","",0,"8",0,"8","","","",2,"",0,"8",0,"8",8,"",120,"",4,"",0,"",6.9,"",.0,"8","U","",9.5,"",96,"",6.3,"",1006.8,"",1020.2,"",8,-1.7,"",.0,"8",0,"8","51","5","8","","6","","","/","","","/","","",0,"8",.0,"8",.0,"8","","8",0,"8","","",.0,"8",.0,"8",.0,"8",.0,"8",.0,"8",.0,"8",.0,"8",.0,"8",.0,"8",0,"8",0,"8",0,"8","","",0,"8",0,"8"
"352190360","P£OCK","2006","11","19","20","2","",0,"8",0,"8","","","",2,"",0,"8",0,"8",8,"",130,"",6,"",0,"",7.0,"",.0,"8","U","",9.6,"",96,"",6.4,"",1006.0,"",1019.4,"",8,-2.1,"",.0,"8",0,"8","51","5","8","","6","","","/","","","/","","",0,"8",.0,"8",.0,"8","","8",0,"8","","",.0,"8",.0,"8",.0,"8",.0,"8",.0,"8",.0,"8",.0,"8",.0,"8",.0,"8",0,"8",0,"8",0,"8","","",0,"8",0,"8"
"352190360","P£OCK","2006","11","19","21","2","",0,"8",0,"8","","","",3,"",0,"8",0,"8",8,"",130,"",4,"",0,"",7.1,"",.0,"8","U","",9.7,"",96,"",6.5,"",1005.3,"",1018.7,"",7,-2.2,"",.0,"8",0,"8","42","5","8","","6","","","/","","","/","","",0,"8",.0,"8",.0,"8","","8",0,"8","","",.0,"8",.0,"8",.0,"8",.0,"8",.0,"8",.0,"8",.0,"8",.0,"8",.0,"8",0,"8",0,"8",0,"8","","",0,"8",0,"8"
"352190360","P£OCK","2006","11","19","22","2","",0,"8",0,"8","","","",3,"",0,"8",0,"8",8,"",140,"",5,"",0,"",7.2,"",.0,"8","U","",9.7,"",96,"",6.6,"",1004.7,"",1018.1,"",6,-2.1,"",.0,"8",0,"8","46","4","8","","6","","","/","","","/","","",0,"8",.0,"8",.0,"8","","8",0,"8","","",.0,"8",.0,"8",.0,"8",.0,"8",.0,"8",.0,"8",.0,"8",.0,"8",.0,"8",0,"8",0,"8",0,"8","","",0,"8",0,"8"
"352190360","P£OCK","2006","11","19","23","2","",0,"8",0,"8","","","",3,"",0,"8",0,"8",8,"",150,"",4,"",0,"",7.4,"",.0,"8","U","",9.9,"",96,"",6.8,"",1004.4,"",1017.8,"",6,-1.6,"",.0,"8",0,"8","42","4","8","","6","","","/","","","/","","",0,"8",.0,"8",.0,"8","","8",0,"8","","",.0,"8",.0,"8",.0,"8",.0,"8",.0,"8",.0,"8",.0,"8",.0,"8",.0,"8",0,"8",0,"8",0,"8","","",0,"8",0,"8"
"352190360","P£OCK","2006","11","20","00","1","",0,"8",0,"8","","","",4,"",0,"8",0,"8",8,"",150,"",4,"",0,"",7.6,"",.0,"8","U","",10.0,"",96,"",7.0,"",1003.6,"",1017.0,"",7,-1.7,"",.0,"",6,"","28","5","8","","6","","","/","","","/","","",1,"",.0,"8",.0,"8","","8",0,"8","","",.0,"8",.0,"8",.0,"8",.0,"8",.0,"8",.0,"8",.0,"8",.0,"8",.0,"8",0,"8",0,"8",0,"8","","",0,"8",0,"8"
"352190360","P£OCK","2006","11","20","01","1","",0,"8",0,"8","","","",4,"",0,"8",0,"8",8,"",150,"",3,"",0,"",7.7,"",.0,"8","U","",10.1,"",96,"",7.1,"",1003.3,"",1016.7,"",7,-1.4,"",.0,"8",0,"8","10","2","8","","6","","","/","","","/","","",0,"8",.0,"8",.0,"8","","8",0,"8","","",.0,"8",.0,"8",.0,"8",.0,"8",.0,"8",.0,"8",.0,"8",.0,"8",.0,"8",0,"8",0,"8",0,"8","","",0,"8",0,"8"
"352190360","P£OCK","2006","11","20","02","1","",0,"8",0,"8","","","",4,"",0,"8",0,"8",8,"",150,"",3,"",0,"",7.8,"",.0,"8","U","",10.1,"",96,"",7.2,"",1002.8,"",1016.1,"",7,-1.6,"",.0,"8",0,"8","10","2","8","","6","","","/","","","/","","",0,"8",.0,"8",.0,"8","","8",0,"8","","",.0,"8",.0,"8",.0,"8",.0,"8",.0,"8",.0,"8",.0,"8",.0,"8",.0,"8",0,"8",0,"8",0,"8","","",0,"8",0,"8"
"352190360","P£OCK","2006","11","20","03","2","",0,"8",0,"8","","","",4,"",0,"8",0,"8",8,"",150,"",3,"",0,"",8.0,"",.0,"8","U","",10.3,"",96,"",7.4,"",1002.3,"",1015.6,"",8,-1.3,"",.0,"8",0,"8","10","2","8","","6","","","/","","","/","","",0,"8",.0,"8",.0,"8","","8",0,"8","","",.0,"8",.0,"8",.0,"8",.0,"8",.0,"8",.0,"8",.0,"8",.0,"8",.0,"8",0,"8",0,"8",0,"8","","",0,"8",0,"8"
"352190360","P£OCK","2006","11","20","04","2","",0,"8",0,"8","","","",4,"",0,"8",0,"8",8,"",190,"",3,"",0,"",8.2,"",.0,"8","U","",10.4,"",96,"",7.6,"",1002.4,"",1015.7,"",5,-.9,"",.0,"8",0,"8","10","2","8","","6","","","/","","","/","","",0,"8",.0,"8",.0,"8","","8",0,"8","","",.0,"8",.0,"8",.0,"8",.0,"8",.0,"8",.0,"8",.0,"8",.0,"8",.0,"8",0,"8",0,"8",0,"8","","",0,"8",0,"8"
"352190360","P£OCK","2006","11","20","05","2","",0,"8",0,"8","","","",4,"",0,"8",0,"8",8,"",200,"",2,"",0,"",8.1,"",.0,"8","U","",10.2,"",95,"",7.3,"",1002.5,"",1015.8,"",5,-.3,"",.0,"8",0,"8","10","2","8","","6","","","/","","","/","","",0,"8",.0,"8",.0,"8","","8",0,"8","","",.0,"8",.0,"8",.0,"8",.0,"8",.0,"8",.0,"8",.0,"8",.0,"8",.0,"8",0,"8",0,"8",0,"8","","",0,"8",0,"8"
"352190360","P£OCK","2006","11","20","06","4","",0,"8",0,"8","","","",4,"",0,"8",0,"8",8,"",200,"",2,"",0,"",8.1,"",.0,"8","U","",10.1,"",94,"",7.2,"",1002.7,"",1016.0,"",2,.4,"",.0,"9",0,"9","10","2","7","","5","","","/","","","/","","",1,"",.0,"8",.0,"8","","8",0,"8","","",.0,"8",.0,"8",.0,"8",.0,"8",.0,"8",.0,"8",.0,"8",.0,"8",.0,"8",0,"8",0,"8",0,"8","","",0,"8",0,"8"
"352190360","P£OCK","2006","11","20","07","3","",0,"8",0,"8","","","",5,"",0,"8",0,"8",8,"",220,"",3,"",0,"",8.4,"",.0,"8","U","",10.3,"",94,"",7.5,"",1003.1,"",1016.4,"",3,.7,"",.0,"8",0,"8","10","2","8","","6","","","/","","","/","","",0,"8",.0,"8",.0,"8","","8",0,"8","","",.0,"8",.0,"8",.0,"8",.0,"8",.0,"8",.0,"8",.0,"8",.0,"8",.0,"8",0,"8",0,"8",0,"8","","",0,"8",0,"8"
"352190360","P£OCK","2006","11","20","08","3","",0,"8",0,"8","","","",4,"",0,"8",0,"8",8,"",230,"",3,"",0,"",8.5,"",.0,"8","U","",10.4,"",94,"",7.6,"",1003.3,"",1016.6,"",2,.8,"",.0,"8",0,"8","10","2","8","","6","","","/","","","/","","",0,"8",.0,"8",.0,"8","","8",0,"8","","",.0,"8",.0,"8",.0,"8",.0,"8",.0,"8",.0,"8",.0,"8",.0,"8",.0,"8",0,"8",0,"8",0,"8","","",0,"8",0,"8"
"352190360","P£OCK","2006","11","20","09","2","",0,"8",0,"8","","","",5,"",0,"8",0,"8",8,"",230,"",4,"",0,"",8.9,"",.0,"8","U","",10.6,"",93,"",7.8,"",1003.7,"",1017.0,"",2,1.0,"",.0,"8",0,"8","10","2","8","","6","","","/","","","/","","",0,"8",.0,"8",.0,"8","","8",0,"8","","",.0,"8",.0,"8",.0,"8",.0,"8",.0,"8",.0,"8",.0,"8",.0,"8",.0,"8",0,"8",0,"8",0,"8","","",0,"8",0,"8"
"352190360","P£OCK","2006","11","20","10","2","",0,"8",0,"8","","","",4,"",0,"8",0,"8",8,"",230,"",3,"",0,"",8.9,"",.0,"8","U","",10.7,"",94,"",8.0,"",1003.8,"",1017.1,"",2,.7,"",.0,"8",0,"8","10","2","8","","6","","","/","","","/","","",0,"8",.0,"8",.0,"8","","8",0,"8","","",.0,"8",.0,"8",.0,"8",.0,"8",.0,"8",.0,"8",.0,"8",.0,"8",.0,"8",0,"8",0,"8",0,"8","","",0,"8",0,"8"
"352190360","P£OCK","2006","11","20","11","2","",0,"8",0,"8","","","",5,"",0,"8",0,"8",8,"",270,"",4,"",0,"",9.3,"",.0,"8","U","",10.9,"",93,"",8.2,"",1003.8,"",1017.1,"",1,.5,"",.0,"8",0,"8","10","2","8","","6","","","/","","","/","","",0,"8",.0,"8",.0,"8","","8",0,"8","","",.0,"8",.0,"8",.0,"8",.0,"8",.0,"8",.0,"8",.0,"8",.0,"8",.0,"8",0,"8",0,"8",0,"8","","",0,"8",0,"8"
"352190360","P£OCK","2006","11","20","12","4","",0,"8",0,"8","","","",7,"",0,"8",0,"8",8,"",300,"",4,"",0,"",7.2,"",.0,"8","U","",8.7,"",86,"",5.0,"",1004.5,"",1017.9,"",3,.8,"",.0,"9",0,"9","02","2","8","","5","","","/","","","/","","",1,"",.0,"8",.0,"8","","8",0,"8","","",.0,"8",.0,"8",.0,"8",.0,"8",.0,"8",.0,"8",.0,"8",.0,"8",.0,"8",0,"8",0,"8",0,"8","","",0,"8",0,"8"
"352190360","P£OCK","2006","11","20","13","4","",0,"8",0,"8","","","",8,"",0,"8",0,"8",8,"",310,"",3,"",0,"",7.2,"",.0,"8","U","",8.4,"",83,"",4.5,"",1004.5,"",1017.9,"",1,.7,"",.0,"8",0,"8","02","2","8","","5","","","/","","","/","","",0,"8",.0,"8",.0,"8","","8",0,"8","","",.0,"8",.0,"8",.0,"8",.0,"8",.0,"8",.0,"8",.0,"8",.0,"8",.0,"8",0,"8",0,"8",0,"8","","",0,"8",0,"8"
"352190360","P£OCK","2006","11","20","14","4","",0,"8",0,"8","","","",7,"",0,"8",0,"8",8,"",300,"",3,"",0,"",6.9,"",.0,"8","U","",8.5,"",86,"",4.7,"",1004.5,"",1017.9,"",1,.7,"",.0,"8",0,"8","02","2","8","","5","","","/","","","/","","",0,"8",.0,"8",.0,"8","","8",0,"8","","",.0,"8",.0,"8",.0,"8",.0,"8",.0,"8",.0,"8",.0,"8",.0,"8",.0,"8",0,"8",0,"8",0,"8","","",0,"8",0,"8"
"352190360","P£OCK","2006","11","20","15","4","",0,"8",0,"8","","","",7,"",0,"8",0,"8",8,"",280,"",2,"",0,"",6.8,"",.0,"8","U","",8.4,"",85,"",4.5,"",1004.4,"",1017.8,"",8,-.1,"",.0,"8",0,"8","03","2","8","","5","","","/","","","/","","",0,"8",.0,"8",.0,"8","","8",0,"8","","",.0,"8",.0,"8",.0,"8",.0,"8",.0,"8",.0,"8",.0,"8",.0,"8",.0,"8",0,"8",0,"8",0,"8","","",0,"8",0,"8"
"352190360","P£OCK","2006","11","20","16","4","",0,"8",0,"8","","","",7,"",0,"8",0,"8",8,"",250,"",2,"",0,"",6.7,"",.0,"8","U","",8.1,"",83,"",4.0,"",1004.2,"",1017.6,"",8,-.3,"",.0,"8",0,"8","02","2","8","","5","","","/","","","/","","",0,"8",.0,"8",.0,"8","","8",0,"8","","",.0,"8",.0,"8",.0,"8",.0,"8",.0,"8",.0,"8",.0,"8",.0,"8",.0,"8",0,"8",0,"8",0,"8","","",0,"8",0,"8"
"352190360","P£OCK","2006","11","20","17","4","",0,"8",0,"8","","","",7,"",0,"8",0,"8",7,"",220,"",2,"",0,"",6.4,"",.0,"8","U","",8.0,"",83,"",3.7,"",1004.0,"",1017.4,"",7,-.5,"",.0,"8",0,"8","01","2","7","","5","","","/","","","/","","",0,"8",.0,"8",.0,"8","","8",0,"8","","",.0,"8",.0,"8",.0,"8",.0,"8",.0,"8",.0,"8",.0,"8",.0,"8",.0,"8",0,"8",0,"8",0,"8","","",0,"8",0,"8"
"352190360","P£OCK","2006","11","20","18","5","",0,"8",0,"8","","","",7,"",0,"8",0,"8",7,"",200,"",3,"",0,"",5.5,"",.0,"8","U","",7.8,"",86,"",3.3,"",1003.8,"",1017.3,"",7,-.6,"",.0,"9",0,"9","01","2","5","","5","","","3","","","/","","",1,"",.0,"8",.0,"8","","8",0,"8","","",.0,"8",.0,"8",.0,"8",.0,"8",.0,"8",.0,"8",.0,"8",.0,"8",.0,"8",0,"8",0,"8",0,"8","","",0,"8",0,"8"
"352190360","P£OCK","2006","11","20","19","5","",0,"8",0,"8","","","",6,"",0,"8",0,"8",7,"",150,"",2,"",0,"",5.7,"",.0,"8","U","",8.0,"",87,"",3.7,"",1003.5,"",1017.0,"",7,-.7,"",.0,"8",0,"8","10","2","7","","5","","","/","","","/","","",0,"8",.0,"8",.0,"8","","8",0,"8","","",.0,"8",.0,"8",.0,"8",.0,"8",.0,"8",.0,"8",.0,"8",.0,"8",.0,"8",0,"8",0,"8",0,"8","","",0,"8",0,"8"
"352190360","P£OCK","2006","11","20","20","4","",0,"8",0,"8","","","",6,"",0,"8",0,"8",7,"",180,"",1,"",0,"",5.9,"",.0,"8","U","",7.8,"",84,"",3.4,"",1003.2,"",1016.6,"",7,-.8,"",.0,"8",0,"8","10","2","7","","5","","","/","","","/","","",0,"8",.0,"8",.0,"8","","8",0,"8","","",.0,"8",.0,"8",.0,"8",.0,"8",.0,"8",.0,"8",.0,"8",.0,"8",.0,"8",0,"8",0,"8",0,"8","","",0,"8",0,"8"
"352190360","P£OCK","2006","11","20","21","5","",0,"8",0,"8","","","",6,"",0,"8",0,"8",8,"",170,"",2,"",0,"",5.9,"",.0,"8","U","",8.1,"",87,"",3.9,"",1002.8,"",1016.2,"",7,-1.0,"",.0,"8",0,"8","10","2","8","","5","","","/","","","/","","",0,"8",.0,"8",.0,"8","","8",0,"8","","",.0,"8",.0,"8",.0,"8",.0,"8",.0,"8",.0,"8",.0,"8",.0,"8",.0,"8",0,"8",0,"8",0,"8","","",0,"8",0,"8"
"352190360","P£OCK","2006","11","20","22","5","",0,"8",0,"8","","","",6,"",0,"8",0,"8",8,"",170,"",2,"",0,"",5.9,"",.0,"8","U","",8.3,"",89,"",4.2,"",1002.3,"",1015.7,"",8,-1.2,"",.0,"8",0,"8","10","2","8","","5","","","/","","","/","","",0,"8",.0,"8",.0,"8","","8",0,"8","","",.0,"8",.0,"8",.0,"8",.0,"8",.0,"8",.0,"8",.0,"8",.0,"8",.0,"8",0,"8",0,"8",0,"8","","",0,"8",0,"8"
"352190360","P£OCK","2006","11","20","23","5","",0,"8",0,"8","","","",6,"",0,"8",0,"8",8,"",160,"",2,"",0,"",5.8,"",.0,"8","U","",8.4,"",91,"",4.4,"",1001.6,"",1015.0,"",8,-1.6,"",.0,"8",0,"8","10","2","8","","5","","","/","","","/","","",0,"8",.0,"8",.0,"8","","8",0,"8","","",.0,"8",.0,"8",.0,"8",.0,"8",.0,"8",.0,"8",.0,"8",.0,"8",.0,"8",0,"8",0,"8",0,"8","","",0,"8",0,"8"
"352190360","P£OCK","2006","11","21","00","5","",0,"8",0,"8","","","",6,"",0,"8",0,"8",8,"",120,"",2,"",0,"",5.8,"",.0,"8","U","",8.5,"",92,"",4.6,"",1000.7,"",1014.1,"",8,-2.1,"",.0,"9",0,"9","10","2","8","","5","","","/","","","/","","",1,"",.0,"8",.0,"8","","8",0,"8","","",.0,"8",.0,"8",.0,"8",.0,"8",.0,"8",.0,"8",.0,"8",.0,"8",.0,"8",0,"8",0,"8",0,"8","","",0,"8",0,"8"
"352190360","P£OCK","2006","11","21","01","4","",0,"8",0,"8","","","",6,"",0,"8",0,"8",8,"",130,"",3,"",0,"",5.8,"",.0,"8","U","",8.4,"",91,"",4.4,"",1000.0,"",1013.4,"",7,-2.3,"",.0,"8",0,"8","10","2","8","","5","","","/","","","/","","",0,"8",.0,"8",.0,"8","","8",0,"8","","",.0,"8",.0,"8",.0,"8",.0,"8",.0,"8",.0,"8",.0,"8",.0,"8",.0,"8",0,"8",0,"8",0,"8","","",0,"8",0,"8"
"352190360","P£OCK","2006","11","21","02","3","",0,"8",0,"8","","","",6,"",0,"8",0,"8",8,"",130,"",3,"",0,"",5.7,"",.0,"8","U","",8.3,"",91,"",4.3,"",999.0,"",1012.4,"",7,-2.6,"",.0,"8",0,"8","10","2","8","","6","","","/","","","/","","",0,"8",.0,"8",.0,"8","","8",0,"8","","",.0,"8",.0,"8",.0,"8",.0,"8",.0,"8",.0,"8",.0,"8",.0,"8",.0,"8",0,"8",0,"8",0,"8","","",0,"8",0,"8"
"352190360","P£OCK","2006","11","21","03","2","",0,"8",0,"8","","","",5,"",0,"8",0,"8",8,"",120,"",2,"",0,"",5.9,"",.0,"8","U","",8.6,"",93,"",4.9,"",998.0,"",1011.4,"",8,-2.7,"",.0,"8",0,"8","10","2","8","","6","","","/","","","/","","",0,"8",.0,"8",.0,"8","","8",0,"8","","",.0,"8",.0,"8",.0,"8",.0,"8",.0,"8",.0,"8",.0,"8",.0,"8",.0,"8",0,"8",0,"8",0,"8","","",0,"8",0,"8"
"352190360","P£OCK","2006","11","21","04","1","",0,"8",0,"8","","","",4,"",0,"8",0,"8",8,"",120,"",3,"",0,"",6.4,"",.0,"8","U","",9.0,"",94,"",5.5,"",997.0,"",1010.3,"",7,-3.0,"",.0,"8",0,"8","10","2","8","","6","","","/","","","/","","",0,"8",.0,"8",.0,"8","","8",0,"8","","",.0,"8",.0,"8",.0,"8",.0,"8",.0,"8",.0,"8",.0,"8",.0,"8",.0,"8",0,"8",0,"8",0,"8","","",0,"8",0,"8"
"352190360","P£OCK","2006","11","21","05","1","",0,"8",0,"8","","","",4,"",0,"8",0,"8",8,"",140,"",3,"",0,"",6.8,"",.0,"8","U","",9.4,"",95,"",6.1,"",996.2,"",1009.5,"",6,-2.8,"",.0,"8",0,"8","10","2","8","","6","","","/","","","/","","",0,"8",.0,"8",.0,"8","","8",0,"8","","",.0,"8",.0,"8",.0,"8",.0,"8",.0,"8",.0,"8",.0,"8",.0,"8",.0,"8",0,"8",0,"8",0,"8","","",0,"8",0,"8"
"352190360","P£OCK","2006","11","21","06","1","",0,"8",0,"8","","","",3,"",0,"8",0,"8",8,"",160,"",4,"",0,"",7.0,"",.0,"8","U","",9.5,"",95,"",6.3,"",995.8,"",1009.1,"",6,-2.2,"",.0,"9",0,"9","46","2","8","","6","","","/","","","/","","",1,"",.0,"8",.0,"8","","8",0,"8","","",.0,"8",.0,"8",.0,"8",.0,"8",.0,"8",.0,"8",.0,"8",.0,"8",.0,"8",0,"8",0,"8",0,"8","","",0,"8",0,"8"
"352190360","P£OCK","2006","11","21","07","2","",0,"8",0,"8","","","",3,"",0,"8",0,"8",8,"",160,"",4,"",0,"",7.1,"",.0,"8","U","",9.6,"",95,"",6.4,"",995.4,"",1008.7,"",6,-1.6,"",.0,"8",0,"8","51","4","8","","6","","","/","","","/","","",0,"8",.0,"8",.0,"8","","8",0,"8","","",.0,"8",.0,"8",.0,"8",.0,"8",.0,"8",.0,"8",.0,"8",.0,"8",.0,"8",0,"8",0,"8",0,"8","","",0,"8",0,"8"
"352190360","P£OCK","2006","11","21","08","2","",0,"8",0,"8","","","",4,"",0,"8",0,"8",8,"",170,"",3,"",0,"",7.4,"",.0,"8","U","",9.9,"",96,"",6.8,"",994.8,"",1008.1,"",8,-1.4,"",.0,"8",0,"8","51","5","8","","6","","","/","","","/","","",0,"8",.0,"8",.0,"8","","8",0,"8","","",.0,"8",.0,"8",.0,"8",.0,"8",.0,"8",.0,"8",.0,"8",.0,"8",.0,"8",0,"8",0,"8",0,"8","","",0,"8",0,"8"
"352190360","P£OCK","2006","11","21","09","2","",0,"8",0,"8","","","",4,"",0,"8",0,"8",8,"",170,"",3,"",0,"",8.0,"",.0,"8","U","",10.2,"",95,"",7.2,"",994.3,"",1007.5,"",7,-1.5,"",.0,"8",0,"8","20","5","7","","6","","","/","","","/","","",0,"8",.0,"8",.0,"8","","8",0,"8","","",.0,"8",.0,"8",.0,"8",.0,"8",.0,"8",.0,"8",.0,"8",.0,"8",.0,"8",0,"8",0,"8",0,"8","","",0,"8",0,"8"
"352190360","P£OCK","2006","11","21","10","4","",0,"8",0,"8","","","",5,"",0,"8",0,"8",8,"",150,"",4,"",0,"",8.8,"",.0,"8","U","",10.0,"",88,"",6.9,"",993.2,"",1006.4,"",7,-2.2,"",.0,"8",0,"8","10","2","8","","5","","","/","","","/","","",0,"8",.0,"8",.0,"8","","8",0,"8","","",.0,"8",.0,"8",.0,"8",.0,"8",.0,"8",.0,"8",.0,"8",.0,"8",.0,"8",0,"8",0,"8",0,"8","","",0,"8",0,"8"
"352190360","P£OCK","2006","11","21","11","4","",0,"8",0,"8","","","",5,"",0,"8",0,"8",7,"",160,"",5,"",0,"",9.3,"",.0,"8","U","",9.9,"",85,"",6.9,"",992.4,"",1005.5,"",7,-2.4,"",.0,"8",0,"8","10","2","7","","5","","","/","","","/","","",0,"8",.0,"8",.0,"8","","8",0,"8","","",.0,"8",.0,"8",.0,"8",.0,"8",.0,"8",.0,"8",.0,"8",.0,"8",.0,"8",0,"8",0,"8",0,"8","","",0,"8",0,"8"
"352190360","P£OCK","2006","11","21","12","4","",0,"8",0,"8","","","",6,"",0,"8",0,"8",5,"",150,"",4,"",0,"",9.9,"",.0,"8","U","",10.1,"",83,"",7.1,"",991.5,"",1004.6,"",7,-2.8,"",.0,"",6,"","10","5","5","","5","","","0","","","0","","",1,"",.0,"8",.0,"8","","8",0,"8","","",.0,"8",.0,"8",.0,"8",.0,"8",.0,"8",.0,"8",.0,"8",.0,"8",.0,"8",0,"8",0,"8",0,"8","","",0,"8",0,"8"
"352190360","P£OCK","2006","11","21","13","5","",0,"8",0,"8","","","",5,"",0,"8",0,"8",8,"",150,"",5,"",0,"",9.8,"",.0,"8","U","",9.9,"",82,"",6.9,"",991.0,"",1004.1,"",7,-2.2,"",.0,"8",0,"8","10","2","8","","5","","","/","","","/","","",0,"8",.0,"8",.0,"8","","8",0,"8","","",.0,"8",.0,"8",.0,"8",.0,"8",.0,"8",.0,"8",.0,"8",.0,"8",.0,"8",0,"8",0,"8",0,"8","","",0,"8",0,"8"
"352190360","P£OCK","2006","11","21","14","4","",0,"8",0,"8","","","",5,"",0,"8",0,"8",8,"",150,"",4,"",0,"",9.5,"",.0,"8","U","",10.0,"",84,"",6.9,"",990.6,"",1003.7,"",6,-1.8,"",.0,"8",0,"8","10","2","8","","5","","","/","","","/","","",0,"8",.0,"8",.0,"8","","8",0,"8","","",.0,"8",.0,"8",.0,"8",.0,"8",.0,"8",.0,"8",.0,"8",.0,"8",.0,"8",0,"8",0,"8",0,"8","","",0,"8",0,"8"
"352190360","P£OCK","2006","11","21","15","5","",0,"8",0,"8","","","",5,"",0,"8",0,"8",7,"",150,"",4,"",0,"",9.2,"",.0,"8","U","",9.6,"",83,"",6.5,"",990.4,"",1003.5,"",6,-1.1,"",.0,"8",0,"8","10","2","7","","5","","","/","","","/","","",0,"8",.0,"8",.0,"8","","8",0,"8","","",.0,"8",.0,"8",.0,"8",.0,"8",.0,"8",.0,"8",.0,"8",.0,"8",.0,"8",0,"8",0,"8",0,"8","","",0,"8",0,"8"
"352190360","P£OCK","2006","11","21","16","6","",0,"8",0,"8","","","",5,"",0,"8",0,"8",7,"",150,"",4,"",0,"",8.8,"",.0,"8","U","",9.6,"",85,"",6.4,"",990.0,"",1003.1,"",7,-1.0,"",.0,"8",0,"8","10","2","7","","5","","","/","","","/","","",0,"8",.0,"8",.0,"8","","8",0,"8","","",.0,"8",.0,"8",.0,"8",.0,"8",.0,"8",.0,"8",.0,"8",.0,"8",.0,"8",0,"8",0,"8",0,"8","","",0,"8",0,"8"
"352190360","P£OCK","2006","11","21","17","5","",0,"8",0,"8","","","",5,"",0,"8",0,"8",7,"",160,"",3,"",0,"",8.9,"",.0,"8","U","",9.7,"",85,"",6.5,"",989.7,"",1002.8,"",7,-.9,"",.0,"8",0,"8","10","2","7","","5","","","/","","","/","","",0,"8",.0,"8",.0,"8","","8",0,"8","","",.0,"8",.0,"8",.0,"8",.0,"8",.0,"8",.0,"8",.0,"8",.0,"8",.0,"8",0,"8",0,"8",0,"8","","",0,"8",0,"8"
"352190360","P£OCK","2006","11","21","18","6","",0,"8",0,"8","","","",5,"",0,"8",0,"8",4,"",150,"",3,"",0,"",8.2,"",.0,"8","U","",9.4,"",87,"",6.2,"",989.5,"",1002.7,"",6,-.9,"",.0,"9",0,"9","10","1","2","","5","","","0","","","1","","",1,"",.0,"8",.0,"8","","8",0,"8","","",.0,"8",.0,"8",.0,"8",.0,"8",.0,"8",.0,"8",.0,"8",.0,"8",.0,"8",0,"8",0,"8",0,"8","","",0,"8",0,"8"
"352190360","P£OCK","2006","11","21","19","6","",0,"8",0,"8","","","",5,"",0,"8",0,"8",6,"",150,"",4,"",0,"",8.3,"",.0,"8","U","",9.4,"",86,"",6.1,"",989.1,"",1002.2,"",7,-.9,"",.0,"8",0,"8","10","1","2","","5","","","5","","","1","","",0,"8",.0,"8",.0,"8","","8",0,"8","","",.0,"8",.0,"8",.0,"8",.0,"8",.0,"8",.0,"8",.0,"8",.0,"8",.0,"8",0,"8",0,"8",0,"8","","",0,"8",0,"8"
"352190360","P£OCK","2006","11","21","20","6","",0,"8",0,"8","","","",6,"",0,"8",0,"8",7,"",160,"",4,"",0,"",8.5,"",.0,"8","U","",9.3,"",84,"",5.9,"",989.0,"",1002.1,"",7,-.7,"",.0,"8",0,"8","10","2","5","","5","","","3","","","/","","",0,"8",.0,"8",.0,"8","","8",0,"8","","",.0,"8",.0,"8",.0,"8",.0,"8",.0,"8",.0,"8",.0,"8",.0,"8",.0,"8",0,"8",0,"8",0,"8","","",0,"8",0,"8"
"352190360","P£OCK","2006","11","21","21","6","",0,"8",0,"8","","","",6,"",0,"8",0,"8",5,"",150,"",3,"",0,"",8.3,"",.0,"8","U","",9.2,"",84,"",5.8,"",988.8,"",1001.9,"",7,-.7,"",.0,"8",0,"8","10","1","2","","5","","","3","","","0","","",0,"8",.0,"8",.0,"8","","8",0,"8","","",.0,"8",.0,"8",.0,"8",.0,"8",.0,"8",.0,"8",.0,"8",.0,"8",.0,"8",0,"8",0,"8",0,"8","","",0,"8",0,"8"
"352190360","P£OCK","2006","11","21","22","6","",0,"8",0,"8","","","",6,"",0,"8",0,"8",7,"",140,"",3,"",0,"",7.9,"",.0,"8","U","",9.0,"",85,"",5.5,"",988.5,"",1001.7,"",8,-.6,"",.0,"8",0,"8","10","2","5","","5","","","3","","","/","","",0,"8",.0,"8",.0,"8","","8",0,"8","","",.0,"8",.0,"8",.0,"8",.0,"8",.0,"8",.0,"8",.0,"8",.0,"8",.0,"8",0,"8",0,"8",0,"8","","",0,"8",0,"8"
"352190360","P£OCK","2006","11","21","23","6","",0,"8",0,"8","","","",6,"",0,"8",0,"8",7,"",160,"",3,"",0,"",8.0,"",.0,"8","U","",8.9,"",83,"",5.3,"",988.6,"",1001.8,"",5,-.4,"",.0,"8",0,"8","10","2","7","","5","","","/","","","/","","",0,"8",.0,"8",.0,"8","","8",0,"8","","",.0,"8",.0,"8",.0,"8",.0,"8",.0,"8",.0,"8",.0,"8",.0,"8",.0,"8",0,"8",0,"8",0,"8","","",0,"8",0,"8"
"352190360","P£OCK","2006","11","22","00","6","",0,"8",0,"8","","","",6,"",0,"8",0,"8",7,"",150,"",3,"",0,"",7.6,"",.0,"8","U","",9.0,"",86,"",5.4,"",988.5,"",1001.7,"",7,-.3,"",.0,"",6,"","80","1","7","","9","","","/","","","/","","",1,"",.0,"8",.0,"8","","8",0,"8","","",.0,"8",.0,"8",.0,"8",.0,"8",.0,"8",.0,"8",.0,"8",.0,"8",.0,"8",0,"8",0,"8",0,"8","","",0,"8",0,"8"
"352190360","P£OCK","2006","11","22","01","6","",0,"8",0,"8","","","",6,"",0,"8",0,"8",8,"",130,"",3,"",0,"",6.9,"",.0,"8","U","",8.8,"",89,"",5.2,"",988.3,"",1001.5,"",8,-.2,"",.0,"8",0,"8","80","2","8","","9","","","/","","","/","","",0,"8",.0,"8",.0,"8","","8",0,"8","","",.0,"8",.0,"8",.0,"8",.0,"8",.0,"8",.0,"8",.0,"8",.0,"8",.0,"8",0,"8",0,"8",0,"8","","",0,"8",0,"8"
"352190360","P£OCK","2006","11","22","02","6","",0,"8",0,"8","","","",5,"",0,"8",0,"8",8,"",140,"",3,"",0,"",6.6,"",.0,"8","U","",9.0,"",92,"",5.4,"",988.0,"",1001.2,"",8,-.6,"",.0,"8",0,"8","25","2","8","","9","","","/","","","/","","",0,"8",.0,"8",.0,"8","","8",0,"8","","",.0,"8",.0,"8",.0,"8",.0,"8",.0,"8",.0,"8",.0,"8",.0,"8",.0,"8",0,"8",0,"8",0,"8","","",0,"8",0,"8"
"352190360","P£OCK","2006","11","22","03","6","",0,"8",0,"8","","","",5,"",0,"8",0,"8",8,"",140,"",3,"",0,"",6.7,"",.0,"8","U","",9.0,"",92,"",5.5,"",988.0,"",1001.2,"",6,-.5,"",.0,"8",0,"8","10","8","8","","5","","","/","","","/","","",0,"8",.0,"8",.0,"8","","8",0,"8","","",.0,"8",.0,"8",.0,"8",.0,"8",.0,"8",.0,"8",.0,"8",.0,"8",.0,"8",0,"8",0,"8",0,"8","","",0,"8",0,"8"
"352190360","P£OCK","2006","11","22","04","6","",0,"8",0,"8","","","",5,"",0,"8",0,"8",8,"",130,"",2,"",0,"",6.4,"",.0,"8","U","",8.8,"",92,"",5.2,"",988.0,"",1001.2,"",6,-.3,"",.0,"8",0,"8","61","6","7","","5","","","/","","","/","","",0,"8",.0,"8",.0,"8","","8",0,"8","","",.0,"8",.0,"8",.0,"8",.0,"8",.0,"8",.0,"8",.0,"8",.0,"8",.0,"8",0,"8",0,"8",0,"8","","",0,"8",0,"8"
"352190360","P£OCK","2006","11","22","05","6","",0,"8",0,"8","","","",5,"",0,"8",0,"8",8,"",130,"",3,"",0,"",6.4,"",.0,"8","U","",8.9,"",93,"",5.3,"",987.9,"",1001.1,"",8,-.1,"",.0,"8",0,"8","61","6","7","","5","","","/","","","/","","",0,"8",.0,"8",.0,"8","","8",0,"8","","",.0,"8",.0,"8",.0,"8",.0,"8",.0,"8",.0,"8",.0,"8",.0,"8",.0,"8",0,"8",0,"8",0,"8","","",0,"8",0,"8"
"352190360","P£OCK","2006","11","22","06","6","",0,"8",0,"8","","","",5,"",0,"8",0,"8",8,"",130,"",4,"",0,"",6.4,"",.0,"8","U","",8.9,"",93,"",5.3,"",988.0,"",1001.2,"",5,.0,"",.1,"",6,"","61","8","8","","5","","","/","","","/","","",1,"",.0,"8",.0,"8","","8",0,"8","","",.0,"8",.0,"8",.0,"8",.0,"8",.0,"8",.0,"8",.0,"8",.0,"8",.0,"8",0,"8",0,"8",0,"8","","",0,"8",0,"8"
"352190360","P£OCK","2006","11","22","07","5","",0,"8",0,"8","","","",5,"",0,"8",0,"8",8,"",130,"",3,"",0,"",6.4,"",.0,"8","U","",8.9,"",93,"",5.3,"",988.3,"",1001.5,"",3,.3,"",.0,"8",0,"8","21","6","8","","5","","","/","","","/","","",0,"8",.0,"8",.0,"8","","8",0,"8","","",.0,"8",.0,"8",.0,"8",.0,"8",.0,"8",.0,"8",.0,"8",.0,"8",.0,"8",0,"8",0,"8",0,"8","","",0,"8",0,"8"
"352190360","P£OCK","2006","11","22","08","5","",0,"8",0,"8","","","",5,"",0,"8",0,"8",8,"",130,"",4,"",0,"",6.5,"",.0,"8","U","",9.0,"",93,"",5.4,"",988.4,"",1001.6,"",2,.5,"",.0,"8",0,"8","80","8","8","","9","","","/","","","/","","",0,"8",.0,"8",.0,"8","","8",0,"8","","",.0,"8",.0,"8",.0,"8",.0,"8",.0,"8",.0,"8",.0,"8",.0,"8",.0,"8",0,"8",0,"8",0,"8","","",0,"8",0,"8"
"352190360","P£OCK","2006","11","22","09","6","",0,"8",0,"8","","","",5,"",0,"8",0,"8",8,"",140,"",3,"",0,"",6.9,"",.0,"8","U","",9.2,"",93,"",5.8,"",988.5,"",1001.7,"",1,.5,"",.0,"8",0,"8","25","8","4","","5","","","3","","","/","","",0,"8",.0,"8",.0,"8","","8",0,"8","","",.0,"8",.0,"8",.0,"8",.0,"8",.0,"8",.0,"8",.0,"8",.0,"8",.0,"8",0,"8",0,"8",0,"8","","",0,"8",0,"8"
"352190360","P£OCK","2006","11","22","10","5","",0,"8",0,"8","","","",5,"",0,"8",0,"8",8,"",140,"",3,"",0,"",7.5,"",.0,"8","U","",9.4,"",91,"",6.1,"",988.5,"",1001.7,"",1,.2,"",.0,"8",0,"8","10","2","3","","5","","","3","","","/","","",0,"8",.0,"8",.0,"8","","8",0,"8","","",.0,"8",.0,"8",.0,"8",.0,"8",.0,"8",.0,"8",.0,"8",.0,"8",.0,"8",0,"8",0,"8",0,"8","","",0,"8",0,"8"
"352190360","P£OCK","2006","11","22","11","5","",0,"8",0,"8","","","",6,"",0,"8",0,"8",8,"",130,"",3,"",0,"",7.9,"",.0,"8","U","",9.6,"",90,"",6.4,"",988.4,"",1001.6,"",0,.0,"",.0,"8",0,"8","10","2","6","","5","","","3","","","/","","",0,"8",.0,"8",.0,"8","","8",0,"8","","",.0,"8",.0,"8",.0,"8",.0,"8",.0,"8",.0,"8",.0,"8",.0,"8",.0,"8",0,"8",0,"8",0,"8","","",0,"8",0,"8"
"352190360","P£OCK","2006","11","22","12","7","",0,"8",0,"8","","","",6,"",0,"8",0,"8",8,"",130,"",3,"",0,"",7.9,"",.0,"8","U","",9.6,"",90,"",6.4,"",988.4,"",1001.6,"",6,-.1,"",.2,"",6,"","10","8","7","","5","","","/","","","/","","",1,"",.0,"8",.0,"8","","8",0,"8","","",.0,"8",.0,"8",.0,"8",.0,"8",.0,"8",.0,"8",.0,"8",.0,"8",.0,"8",0,"8",0,"8",0,"8","","",0,"8",0,"8"
"352190360","P£OCK","2006","11","22","13","7","",0,"8",0,"8","","","",6,"",0,"8",0,"8",7,"",140,"",2,"",0,"",8.2,"",.0,"8","U","",9.4,"",87,"",6.2,"",988.3,"",1001.4,"",7,-.2,"",.0,"8",0,"8","10","2","7","","5","","","/","","","/","","",0,"8",.0,"8",.0,"8","","8",0,"8","","",.0,"8",.0,"8",.0,"8",.0,"8",.0,"8",.0,"8",.0,"8",.0,"8",.0,"8",0,"8",0,"8",0,"8","","",0,"8",0,"8"
"352190360","P£OCK","2006","11","22","14","6","",0,"8",0,"8","","","",5,"",0,"8",0,"8",7,"",130,"",2,"",0,"",8.2,"",.0,"8","U","",9.8,"",90,"",6.7,"",988.5,"",1001.6,"",3,.1,"",.0,"8",0,"8","10","2","7","","5","","","/","","","/","","",0,"8",.0,"8",.0,"8","","8",0,"8","","",.0,"8",.0,"8",.0,"8",.0,"8",.0,"8",.0,"8",.0,"8",.0,"8",.0,"8",0,"8",0,"8",0,"8","","",0,"8",0,"8"
"352190360","P£OCK","2006","11","22","15","6","",0,"8",0,"8","","","",5,"",0,"8",0,"8",8,"",140,"",2,"",0,"",7.9,"",.0,"8","U","",9.7,"",91,"",6.5,"",988.9,"",1002.1,"",3,.5,"",.0,"8",0,"8","10","2","7","","5","","","/","","","/","","",0,"8",.0,"8",.0,"8","","8",0,"8","","",.0,"8",.0,"8",.0,"8",.0,"8",.0,"8",.0,"8",.0,"8",.0,"8",.0,"8",0,"8",0,"8",0,"8","","",0,"8",0,"8"
"352190360","P£OCK","2006","11","22","16","6","",0,"8",0,"8","","","",5,"",0,"8",0,"8",8,"",120,"",2,"",0,"",7.0,"",.0,"8","U","",9.2,"",92,"",5.8,"",989.1,"",1002.3,"",2,.8,"",.0,"8",0,"8","10","2","6","","5","","","3","","","/","","",0,"8",.0,"8",.0,"8","","8",0,"8","","",.0,"8",.0,"8",.0,"8",.0,"8",.0,"8",.0,"8",.0,"8",.0,"8",.0,"8",0,"8",0,"8",0,"8","","",0,"8",0,"8"
"352190360","P£OCK","2006","11","22","17","5","",0,"8",0,"8","","","",5,"",0,"8",0,"8",8,"",130,"",2,"",0,"",7.3,"",.0,"8","U","",9.4,"",92,"",6.1,"",989.4,"",1002.6,"",2,.9,"",.0,"8",0,"8","25","2","8","","9","","","/","","","/","","",0,"8",.0,"8",.0,"8","","8",0,"8","","",.0,"8",.0,"8",.0,"8",.0,"8",.0,"8",.0,"8",.0,"8",.0,"8",.0,"8",0,"8",0,"8",0,"8","","",0,"8",0,"8"
"352190360","P£OCK","2006","11","22","18","6","",0,"8",0,"8","","","",5,"",0,"8",0,"8",8,"",130,"",2,"",0,"",7.4,"",.0,"8","U","",9.4,"",91,"",6.0,"",989.3,"",1002.5,"",0,.4,"",.0,"",6,"","25","2","8","","5","","","/","","","/","","",1,"",.0,"8",.0,"8","","8",0,"8","","",.0,"8",.0,"8",.0,"8",.0,"8",.0,"8",.0,"8",.0,"8",.0,"8",.0,"8",0,"8",0,"8",0,"8","","",0,"8",0,"8"
"352190360","P£OCK","2006","11","22","19","6","",0,"8",0,"8","","","",5,"",0,"8",0,"8",8,"",140,"",2,"",0,"",7.4,"",.0,"8","U","",9.4,"",91,"",6.0,"",989.4,"",1002.6,"",2,.3,"",.0,"8",0,"8","80","2","8","","9","","","/","","","/","","",0,"8",.0,"8",.0,"8","","8",0,"8","","",.0,"8",.0,"8",.0,"8",.0,"8",.0,"8",.0,"8",.0,"8",.0,"8",.0,"8",0,"8",0,"8",0,"8","","",0,"8",0,"8"
"352190360","P£OCK","2006","11","22","20","6","",0,"8",0,"8","","","",5,"",0,"8",0,"8",8,"",140,"",2,"",0,"",7.1,"",.0,"8","U","",9.3,"",92,"",5.9,"",989.5,"",1002.7,"",3,.1,"",.0,"8",0,"8","61","8","8","","5","","","/","","","/","","",0,"8",.0,"8",.0,"8","","8",0,"8","","",.0,"8",.0,"8",.0,"8",.0,"8",.0,"8",.0,"8",.0,"8",.0,"8",.0,"8",0,"8",0,"8",0,"8","","",0,"8",0,"8"
"352190360","P£OCK","2006","11","22","21","4","",0,"8",0,"8","","","",4,"",0,"8",0,"8",8,"",140,"",2,"",0,"",7.0,"",.0,"8","U","",9.3,"",93,"",5.9,"",989.6,"",1002.8,"",2,.3,"",.0,"8",0,"8","63","8","5","","5","","","2","","","/","","",0,"8",.0,"8",.0,"8","","8",0,"8","","",.0,"8",.0,"8",.0,"8",.0,"8",.0,"8",.0,"8",.0,"8",.0,"8",.0,"8",0,"8",0,"8",0,"8","","",0,"8",0,"8"
"352190360","P£OCK","2006","11","22","22","2","",0,"8",0,"8","","","",4,"",0,"8",0,"8",8,"",190,"",1,"",0,"",6.9,"",.0,"8","U","",9.3,"",94,"",6.0,"",989.7,"",1002.9,"",2,.3,"",.0,"8",0,"8","63","6","6","","7","","","2","","","/","","",0,"8",.0,"8",.0,"8","","8",0,"8","","",.0,"8",.0,"8",.0,"8",.0,"8",.0,"8",.0,"8",.0,"8",.0,"8",.0,"8",0,"8",0,"8",0,"8","","",0,"8",0,"8"
"352190360","P£OCK","2006","11","22","23","2","",0,"8",0,"8","","","",4,"",0,"8",0,"8",8,"",270,"",2,"",0,"",7.2,"",.0,"8","U","",9.6,"",95,"",6.5,"",990.0,"",1003.2,"",3,.5,"",.0,"8",0,"8","63","6","6","","7","","","2","","","/","","",0,"8",.0,"8",.0,"8","","8",0,"8","","",.0,"8",.0,"8",.0,"8",.0,"8",.0,"8",.0,"8",.0,"8",.0,"8",.0,"8",0,"8",0,"8",0,"8","","",0,"8",0,"8"
"352190360","P£OCK","2006","11","23","00","2","",0,"8",0,"8","","","",5,"",0,"8",0,"8",8,"",290,"",4,"",0,"",7.2,"",.0,"8","U","",9.5,"",94,"",6.3,"",990.3,"",1003.5,"",3,.7,"",4.5,"",6,"","61","8","4","","7","","","2","","","/","","",2,"",.0,"8",.0,"8","","8",0,"8","","",.0,"8",.0,"8",.0,"8",.0,"8",.0,"8",.0,"8",.0,"8",.0,"8",.0,"8",0,"8",0,"8",0,"8","","",0,"8",0,"8"
"352190360","P£OCK","2006","11","23","01","6","",0,"8",0,"8","","","",6,"",0,"8",0,"8",8,"",280,"",2,"",0,"",6.7,"",.0,"8","U","",9.1,"",93,"",5.6,"",990.7,"",1003.9,"",2,1.0,"",.0,"8",0,"8","61","6","5","","5","","","2","","","/","","",0,"8",.0,"8",.0,"8","","8",0,"8","","",.0,"8",.0,"8",.0,"8",.0,"8",.0,"8",.0,"8",.0,"8",.0,"8",.0,"8",0,"8",0,"8",0,"8","","",0,"8",0,"8"
"352190360","P£OCK","2006","11","23","02","6","",0,"8",0,"8","","","",6,"",0,"8",0,"8",8,"",280,"",3,"",0,"",6.7,"",.0,"8","U","",9.1,"",93,"",5.6,"",990.7,"",1003.9,"",1,.7,"",.0,"8",0,"8","61","6","5","","5","","","2","","","/","","",0,"8",.0,"8",.0,"8","","8",0,"8","","",.0,"8",.0,"8",.0,"8",.0,"8",.0,"8",.0,"8",.0,"8",.0,"8",.0,"8",0,"8",0,"8",0,"8","","",0,"8",0,"8"
"352190360","P£OCK","2006","11","23","03","4","",0,"8",0,"8","","","",6,"",0,"8",0,"8",8,"",220,"",2,"",0,"",6.5,"",.0,"8","U","",9.0,"",93,"",5.4,"",990.9,"",1004.2,"",2,.6,"",.0,"8",0,"8","61","6","8","","5","","","/","","","/","","",0,"8",.0,"8",.0,"8","","8",0,"8","","",.0,"8",.0,"8",.0,"8",.0,"8",.0,"8",.0,"8",.0,"8",.0,"8",.0,"8",0,"8",0,"8",0,"8","","",0,"8",0,"8"
"352190360","P£OCK","2006","11","23","04","3","",0,"8",0,"8","","","",6,"",0,"8",0,"8",8,"",230,"",2,"",0,"",6.4,"",.0,"8","U","",9.0,"",94,"",5.5,"",991.2,"",1004.5,"",3,.5,"",.0,"8",0,"8","61","6","7","","7","","","/","","","/","","",0,"8",.0,"8",.0,"8","","8",0,"8","","",.0,"8",.0,"8",.0,"8",.0,"8",.0,"8",.0,"8",.0,"8",.0,"8",.0,"8",0,"8",0,"8",0,"8","","",0,"8",0,"8"
"352190360","P£OCK","2006","11","23","05","4","",0,"8",0,"8","","","",6,"",0,"8",0,"8",8,"",210,"",3,"",0,"",6.3,"",.0,"8","U","",9.0,"",94,"",5.4,"",991.4,"",1004.7,"",2,.7,"",.0,"8",0,"8","21","6","8","","5","","","/","","","/","","",0,"8",.0,"8",.0,"8","","8",0,"8","","",.0,"8",.0,"8",.0,"8",.0,"8",.0,"8",.0,"8",.0,"8",.0,"8",.0,"8",0,"8",0,"8",0,"8","","",0,"8",0,"8"
"352190360","P£OCK","2006","11","23","06","6","",0,"8",0,"8","","","",4,"",0,"8",0,"8",7,"",200,"",3,"",0,"",6.0,"",.0,"8","U","",8.8,"",94,"",5.1,"",991.7,"",1005.0,"",2,.8,"",1.0,"",6,"","10","6","5","","5","","","3","","","/","","",2,"",.0,"8",.0,"8","","8",0,"8","","",.0,"8",.0,"8",.0,"8",.0,"8",.0,"8",.0,"8",.0,"8",.0,"8",.0,"8",0,"8",0,"8",0,"8","","",0,"8",0,"8"
"352190360","P£OCK","2006","11","23","07","3","",0,"8",0,"8","","","",5,"",0,"8",0,"8",7,"",180,"",1,"",0,"",6.1,"",.0,"8","U","",8.7,"",93,"",5.1,"",992.1,"",1005.4,"",3,.9,"",.0,"8",0,"8","10","2","5","","6","","","3","","","/","","",0,"8",.0,"8",.0,"8","","8",0,"8","","",.0,"8",.0,"8",.0,"8",.0,"8",.0,"8",.0,"8",.0,"8",.0,"8",.0,"8",0,"8",0,"8",0,"8","","",0,"8",0,"8"
"352190360","P£OCK","2006","11","23","08","3","",0,"8",0,"8","","","",5,"",0,"8",0,"8",7,"",230,"",3,"",0,"",5.8,"",.0,"8","U","",8.3,"",90,"",4.3,"",992.0,"",1005.3,"",0,.6,"",.0,"8",0,"8","10","2","7","","5","","","/","","","/","","",0,"8",.0,"8",.0,"8","","8",0,"8","","",.0,"8",.0,"8",.0,"8",.0,"8",.0,"8",.0,"8",.0,"8",.0,"8",.0,"8",0,"8",0,"8",0,"8","","",0,"8",0,"8"
"352190360","P£OCK","2006","11","23","09","4","",0,"8",0,"8","","","",6,"",0,"8",0,"8",7,"",180,"",3,"",0,"",5.8,"",.0,"8","U","",8.0,"",87,"",3.8,"",992.3,"",1005.6,"",2,.6,"",.0,"8",0,"8","10","2","4","","5","","","3","","","/","","",0,"8",.0,"8",.0,"8","","8",0,"8","","",.0,"8",.0,"8",.0,"8",.0,"8",.0,"8",.0,"8",.0,"8",.0,"8",.0,"8",0,"8",0,"8",0,"8","","",0,"8",0,"8"
"352190360","P£OCK","2006","11","23","10","4","",0,"8",0,"8","","","",6,"",0,"8",0,"8",7,"",200,"",3,"",0,"",6.4,"",.0,"8","U","",8.2,"",85,"",4.1,"",992.5,"",1005.8,"",3,.4,"",.0,"8",0,"8","10","2","7","","5","","","/","","","/","","",0,"8",.0,"8",.0,"8","","8",0,"8","","",.0,"8",.0,"8",.0,"8",.0,"8",.0,"8",.0,"8",.0,"8",.0,"8",.0,"8",0,"8",0,"8",0,"8","","",0,"8",0,"8"
"352190360","P£OCK","2006","11","23","11","4","",0,"8",0,"8","","","",6,"",0,"8",0,"8",6,"",170,"",3,"",0,"",6.4,"",.0,"8","U","",8.0,"",83,"",3.7,"",992.0,"",1005.3,"",0,.0,"",.0,"8",0,"8","10","2","3","","5","","","3","","","1","","",0,"8",.0,"8",.0,"8","","8",0,"8","","",.0,"8",.0,"8",.0,"8",.0,"8",.0,"8",.0,"8",.0,"8",.0,"8",.0,"8",0,"8",0,"8",0,"8","","",0,"8",0,"8"
"352190360","P£OCK","2006","11","23","12","9","",0,"8",0,"8","","","",6,"",0,"8",0,"8",4,"",160,"",3,"",0,"",7.0,"",.0,"8","U","",8.3,"",83,"",4.3,"",992.0,"",1005.2,"",6,-.3,"",.0,"9",0,"9","10","1","3","","0","","","3","","","1","","",2,"",.0,"8",.0,"8","","8",0,"8","","",.0,"8",.0,"8",.0,"8",.0,"8",.0,"8",.0,"8",.0,"8",.0,"8",.0,"8",0,"8",0,"8",0,"8","","",0,"8",0,"8"
"352190360","P£OCK","2006","11","23","13","4","",0,"8",0,"8","","","",6,"",0,"8",0,"8",6,"",140,"",3,"",0,"",6.8,"",.0,"8","U","",8.3,"",84,"",4.3,"",991.8,"",1005.1,"",7,-.7,"",.0,"8",0,"8","10","1","4","","5","","","3","","","1","","",0,"8",.0,"8",.0,"8","","8",0,"8","","",.0,"8",.0,"8",.0,"8",.0,"8",.0,"8",.0,"8",.0,"8",.0,"8",.0,"8",0,"8",0,"8",0,"8","","",0,"8",0,"8"
"352190360","P£OCK","2006","11","23","14","9","",0,"8",0,"8","","","",6,"",0,"8",0,"8",4,"",130,"",3,"",0,"",6.4,"",.0,"8","U","",8.3,"",86,"",4.2,"",991.9,"",1005.2,"",5,-.1,"",.0,"8",0,"8","10","1","3","","0","","","3","","","1","","",0,"8",.0,"8",.0,"8","","8",0,"8","","",.0,"8",.0,"8",.0,"8",.0,"8",.0,"8",.0,"8",.0,"8",.0,"8",.0,"8",0,"8",0,"8",0,"8","","",0,"8",0,"8"
"352190360","P£OCK","2006","11","23","15","9","",0,"8",0,"8","","","",6,"",0,"8",0,"8",4,"",140,"",3,"",0,"",5.9,"",.0,"8","U","",7.9,"",85,"",3.6,"",991.8,"",1005.1,"",7,-.2,"",.0,"8",0,"8","10","1","3","","0","","","3","","","1","","",0,"8",.0,"8",.0,"8","","8",0,"8","","",.0,"8",.0,"8",.0,"8",.0,"8",.0,"8",.0,"8",.0,"8",.0,"8",.0,"8",0,"8",0,"8",0,"8","","",0,"8",0,"8"
"352190360","P£OCK","2006","11","23","16","9","",0,"8",0,"8","","","",6,"",0,"8",0,"8",3,"",150,"",3,"",0,"",5.7,"",.0,"8","U","",8.1,"",88,"",3.9,"",991.6,"",1004.9,"",8,-.2,"",.0,"8",0,"8","10","0","2","","0","","","3","","","1","","",0,"8",.0,"8",.0,"8","","8",0,"8","","",.0,"8",.0,"8",.0,"8",.0,"8",.0,"8",.0,"8",.0,"8",.0,"8",.0,"8",0,"8",0,"8",0,"8","","",0,"8",0,"8"
"352190360","P£OCK","2006","11","23","17","9","",0,"8",0,"8","","","",6,"",0,"8",0,"8",6,"",140,"",3,"",0,"",5.7,"",.0,"8","U","",8.1,"",88,"",3.9,"",991.4,"",1004.7,"",7,-.5,"",.0,"8",0,"8","10","1","0","","0","","","0","","","6","","",0,"8",.0,"8",.0,"8","","8",0,"8","","",.0,"8",.0,"8",.0,"8",.0,"8",.0,"8",.0,"8",.0,"8",.0,"8",.0,"8",0,"8",0,"8",0,"8","","",0,"8",0,"8"
"352190360","P£OCK","2006","11","23","18","9","",0,"8",0,"8","","","",6,"",0,"8",0,"8",6,"",150,"",4,"",0,"",6.0,"",.0,"8","U","",8.3,"",89,"",4.3,"",990.9,"",1004.2,"",8,-.9,"",.0,"9",0,"9","10","1","0","","0","","","0","","","8","","",2,"",.0,"8",.0,"8","","8",0,"8","","",.0,"8",.0,"8",.0,"8",.0,"8",.0,"8",.0,"8",.0,"8",.0,"8",.0,"8",0,"8",0,"8",0,"8","","",0,"8",0,"8"
"352190360","P£OCK","2006","11","23","19","9","",0,"8",0,"8","","","",6,"",0,"8",0,"8",8,"",160,"",5,"",0,"",6.2,"",.0,"8","U","",8.3,"",88,"",4.4,"",990.8,"",1004.1,"",7,-.8,"",.0,"8",0,"8","10","2","0","","0","","","0","","","7","","",0,"8",.0,"8",.0,"8","","8",0,"8","","",.0,"8",.0,"8",.0,"8",.0,"8",.0,"8",.0,"8",.0,"8",.0,"8",.0,"8",0,"8",0,"8",0,"8","","",0,"8",0,"8"
"352190360","P£OCK","2006","11","23","20","4","",0,"8",0,"8","","","",5,"",0,"8",0,"8",8,"",150,"",3,"",0,"",6.1,"",.0,"8","U","",8.4,"",89,"",4.4,"",991.1,"",1004.4,"",5,-.3,"",.0,"8",0,"8","10","2","1","","5","","","0","","","7","","",0,"8",.0,"8",.0,"8","","8",0,"8","","",.0,"8",.0,"8",.0,"8",.0,"8",.0,"8",.0,"8",.0,"8",.0,"8",.0,"8",0,"8",0,"8",0,"8","","",0,"8",0,"8"
"352190360","P£OCK","2006","11","23","21","4","",0,"8",0,"8","","","",5,"",0,"8",0,"8",8,"",160,"",4,"",0,"",6.1,"",.0,"8","U","",8.5,"",90,"",4.6,"",991.1,"",1004.4,"",1,.2,"",.0,"8",0,"8","10","2","1","","5","","","0","","","7","","",0,"8",.0,"8",.0,"8","","8",0,"8","","",.0,"8",.0,"8",.0,"8",.0,"8",.0,"8",.0,"8",.0,"8",.0,"8",.0,"8",0,"8",0,"8",0,"8","","",0,"8",0,"8"
"352190360","P£OCK","2006","11","23","22","4","",0,"8",0,"8","","","",5,"",0,"8",0,"8",8,"",150,"",5,"",10,"",6.1,"",.0,"8","U","",8.6,"",91,"",4.7,"",991.3,"",1004.6,"",2,.5,"",.0,"8",0,"8","10","2","2","","5","","","0","","","7","","",0,"8",.0,"8",.0,"8","","8",0,"8","","",.0,"8",.0,"8",.0,"8",.0,"8",.0,"8",.0,"8",.0,"8",.0,"8",.0,"8",0,"8",0,"8",0,"8","","",0,"8",0,"8"
"352190360","P£OCK","2006","11","23","23","9","",0,"8",0,"8","","","",5,"",0,"8",0,"8",8,"",150,"",4,"",0,"",6.1,"",.0,"8","U","",8.6,"",91,"",4.7,"",991.6,"",1004.9,"",3,.5,"",.0,"8",0,"8","10","2","8","","0","","","7","","","/","","",0,"8",.0,"8",.0,"8","","8",0,"8","","",.0,"8",.0,"8",.0,"8",.0,"8",.0,"8",.0,"8",.0,"8",.0,"8",.0,"8",0,"8",0,"8",0,"8","","",0,"8",0,"8"
"352190360","P£OCK","2006","11","24","00","9","",0,"8",0,"8","","","",5,"",0,"8",0,"8",8,"",150,"",3,"",0,"",6.5,"",.0,"8","U","",8.8,"",91,"",5.1,"",991.6,"",1004.9,"",1,.5,"",.0,"9",0,"9","10","2","8","","0","","","7","","","/","","",1,"",.0,"8",.0,"8","","8",0,"8","","",.0,"8",.0,"8",.0,"8",.0,"8",.0,"8",.0,"8",.0,"8",.0,"8",.0,"8",0,"8",0,"8",0,"8","","",0,"8",0,"8"
"352190360","P£OCK","2006","11","24","01","9","",0,"8",0,"8","","","",5,"",0,"8",0,"8",8,"",160,"",3,"",0,"",6.8,"",.0,"8","U","",8.9,"",90,"",5.3,"",992.0,"",1005.3,"",2,.7,"",.0,"8",0,"8","61","2","8","","0","","","2","","","/","","",0,"8",.0,"8",.0,"8","","8",0,"8","","",.0,"8",.0,"8",.0,"8",.0,"8",.0,"8",.0,"8",.0,"8",.0,"8",.0,"8",0,"8",0,"8",0,"8","","",0,"8",0,"8"
"352190360","P£OCK","2006","11","24","02","9","",0,"8",0,"8","","","",5,"",0,"8",0,"8",8,"",150,"",3,"",0,"",6.9,"",.0,"8","U","",9.0,"",91,"",5.5,"",991.9,"",1005.1,"",0,.3,"",.0,"8",0,"8","21","6","8","","0","","","2","","","/","","",0,"8",.0,"8",.0,"8","","8",0,"8","","",.0,"8",.0,"8",.0,"8",.0,"8",.0,"8",.0,"8",.0,"8",.0,"8",.0,"8",0,"8",0,"8",0,"8","","",0,"8",0,"8"
"352190360","P£OCK","2006","11","24","03","9","",0,"8",0,"8","","","",5,"",0,"8",0,"8",8,"",160,"",3,"",0,"",7.4,"",.0,"8","U","",9.2,"",89,"",5.7,"",992.1,"",1005.3,"",2,.5,"",.0,"8",0,"8","10","6","8","","0","","","7","","","/","","",0,"8",.0,"8",.0,"8","","8",0,"8","","",.0,"8",.0,"8",.0,"8",.0,"8",.0,"8",.0,"8",.0,"8",.0,"8",.0,"8",0,"8",0,"8",0,"8","","",0,"8",0,"8"
"352190360","P£OCK","2006","11","24","04","7","",0,"8",0,"8","","","",6,"",0,"8",0,"8",8,"",160,"",3,"",0,"",8.0,"",.0,"8","U","",9.3,"",87,"",6.0,"",992.3,"",1005.5,"",3,.3,"",.0,"8",0,"8","10","2","8","","5","","","/","","","/","","",0,"8",.0,"8",.0,"8","","8",0,"8","","",.0,"8",.0,"8",.0,"8",.0,"8",.0,"8",.0,"8",.0,"8",.0,"8",.0,"8",0,"8",0,"8",0,"8","","",0,"8",0,"8"
"352190360","P£OCK","2006","11","24","05","7","",0,"8",0,"8","","","",6,"",0,"8",0,"8",8,"",150,"",3,"",0,"",7.9,"",.0,"8","U","",9.2,"",86,"",5.7,"",992.6,"",1005.8,"",2,.7,"",.0,"8",0,"8","10","2","5","","5","","","3","","","7","","",0,"8",.0,"8",.0,"8","","8",0,"8","","",.0,"8",.0,"8",.0,"8",.0,"8",.0,"8",.0,"8",.0,"8",.0,"8",.0,"8",0,"8",0,"8",0,"8","","",0,"8",0,"8"
"352190360","P£OCK","2006","11","24","06","7","",0,"8",0,"8","","","",6,"",0,"8",0,"8",7,"",180,"",3,"",0,"",8.5,"",.0,"8","U","",9.2,"",83,"",5.8,"",992.9,"",1006.1,"",2,.8,"",.0,"",6,"","10","6","4","","5","","","3","","","8","","",1,"",.0,"8",.0,"8","","8",0,"8","","",.0,"8",.0,"8",.0,"8",.0,"8",.0,"8",.0,"8",.0,"8",.0,"8",.0,"8",0,"8",0,"8",0,"8","","",0,"8",0,"8"
"352190360","P£OCK","2006","11","24","07","7","",0,"8",0,"8","","","",7,"",0,"8",0,"8",7,"",200,"",5,"",0,"",9.2,"",.0,"8","U","",9.2,"",79,"",5.7,"",993.5,"",1006.7,"",3,1.2,"",.0,"8",0,"8","02","2","4","","5","","","3","","","8","","",0,"8",.0,"8",.0,"8","","8",0,"8","","",.0,"8",.0,"8",.0,"8",.0,"8",.0,"8",.0,"8",.0,"8",.0,"8",.0,"8",0,"8",0,"8",0,"8","","",0,"8",0,"8"
"352190360","P£OCK","2006","11","24","08","6","",0,"8",0,"8","","","",7,"",0,"8",0,"8",7,"",190,"",4,"",0,"",9.6,"",.0,"8","U","",9.2,"",77,"",5.8,"",994.1,"",1007.2,"",3,1.5,"",.0,"8",0,"8","03","2","5","","5","","","3","","","8","","",0,"8",.0,"8",.0,"8","","8",0,"8","","",.0,"8",.0,"8",.0,"8",.0,"8",.0,"8",.0,"8",.0,"8",.0,"8",.0,"8",0,"8",0,"8",0,"8","","",0,"8",0,"8"
"352190360","P£OCK","2006","11","24","09","6","",0,"8",0,"8","","","",7,"",0,"8",0,"8",7,"",190,"",4,"",0,"",9.9,"",.0,"8","U","",9.3,"",76,"",5.9,"",995.0,"",1008.1,"",3,2.1,"",.0,"8",0,"8","01","2","2","","5","","","3","","","8","","",0,"8",.0,"8",.0,"8","","8",0,"8","","",.0,"8",.0,"8",.0,"8",.0,"8",.0,"8",.0,"8",.0,"8",.0,"8",.0,"8",0,"8",0,"8",0,"8","","",0,"8",0,"8"
"352190360","P£OCK","2006","11","24","10","5","",0,"8",0,"8","","","",7,"",0,"8",0,"8",8,"",220,"",5,"",0,"",10.3,"",.0,"8","U","",9.4,"",75,"",6.1,"",996.2,"",1009.3,"",3,2.7,"",.0,"8",0,"8","03","2","6","","5","","","3","","","7","","",0,"8",.0,"8",.0,"8","","8",0,"8","","",.0,"8",.0,"8",.0,"8",.0,"8",.0,"8",.0,"8",.0,"8",.0,"8",.0,"8",0,"8",0,"8",0,"8","","",0,"8",0,"8"
"352190360","P£OCK","2006","11","24","11","6","",0,"8",0,"8","","","",7,"",0,"8",0,"8",7,"",210,"",4,"",0,"",10.8,"",.0,"8","U","",9.6,"",74,"",6.3,"",996.8,"",1009.9,"",2,2.7,"",.0,"8",0,"8","01","2","2","","5","","","3","","","8","","",0,"8",.0,"8",.0,"8","","8",0,"8","","",.0,"8",.0,"8",.0,"8",.0,"8",.0,"8",.0,"8",.0,"8",.0,"8",.0,"8",0,"8",0,"8",0,"8","","",0,"8",0,"8"
"352190360","P£OCK","2006","11","24","12","9","",0,"8",0,"8","","","",8,"",0,"8",0,"8",7,"",220,"",4,"",0,"",11.3,"",.0,"8","U","",9.5,"",71,"",6.2,"",997.7,"",1010.8,"",2,2.7,"",.0,"9",0,"9","01","2","6","","0","","","3","","","8","","",1,"",.0,"8",.0,"8","","8",0,"8","","",.0,"8",.0,"8",.0,"8",.0,"8",.0,"8",.0,"8",.0,"8",.0,"8",.0,"8",0,"8",0,"8",0,"8","","",0,"8",0,"8"
"352190360","P£OCK","2006","11","24","13","9","",0,"8",0,"8","","","",8,"",0,"8",0,"8",3,"",210,"",3,"",0,"",12.2,"",.0,"8","U","",9.8,"",69,"",6.7,"",998.1,"",1011.2,"",2,1.9,"",.0,"8",0,"8","01","1","2","","0","","","3","","","1","","",0,"8",.0,"8",.0,"8","","8",0,"8","","",.0,"8",.0,"8",.0,"8",.0,"8",.0,"8",.0,"8",.0,"8",.0,"8",.0,"8",0,"8",0,"8",0,"8","","",0,"8",0,"8"
"352190360","P£OCK","2006","11","24","14","9","",0,"8",0,"8","","","",7,"",0,"8",0,"8",3,"",190,"",3,"",0,"",11.1,"",.0,"8","U","",9.5,"",72,"",6.2,"",998.7,"",1011.8,"",2,1.9,"",.0,"8",0,"8","01","0","1","","0","","","3","","","1","","",0,"8",.0,"8",.0,"8","","8",0,"8","","",.0,"8",.0,"8",.0,"8",.0,"8",.0,"8",.0,"8",.0,"8",.0,"8",.0,"8",0,"8",0,"8",0,"8","","",0,"8",0,"8"
"352190360","P£OCK","2006","11","24","15","9","",0,"8",0,"8","","","",7,"",0,"8",0,"8",2,"",180,"",2,"",0,"",9.9,"",.0,"8","U","",9.3,"",76,"",5.9,"",999.2,"",1012.4,"",2,1.5,"",.0,"8",0,"8","01","1","1","","0","","","3","","","1","","",0,"8",.0,"8",.0,"8","","8",0,"8","","",.0,"8",.0,"8",.0,"8",.0,"8",.0,"8",.0,"8",.0,"8",.0,"8",.0,"8",0,"8",0,"8",0,"8","","",0,"8",0,"8"
"352190360","P£OCK","2006","11","24","16","6","",0,"8",0,"8","","","",7,"",0,"8",0,"8",7,"",200,"",2,"",0,"",8.7,"",.0,"8","U","",9.1,"",81,"",5.6,"",999.9,"",1013.2,"",2,1.8,"",.0,"8",0,"8","03","1","7","","5","","","/","","","/","","",0,"8",.0,"8",.0,"8","","8",0,"8","","",.0,"8",.0,"8",.0,"8",.0,"8",.0,"8",.0,"8",.0,"8",.0,"8",.0,"8",0,"8",0,"8",0,"8","","",0,"8",0,"8"
"352190360","P£OCK","2006","11","24","17","9","",0,"8",0,"8","","","",7,"",0,"8",0,"8",1,"",160,"",2,"",0,"",8.1,"",.0,"8","U","",8.8,"",82,"",5.2,"",1000.2,"",1013.5,"",2,1.5,"",.0,"8",0,"8","01","1","1","","0","","","3","","","0","","",0,"8",.0,"8",.0,"8","","8",0,"8","","",.0,"8",.0,"8",.0,"8",.0,"8",.0,"8",.0,"8",.0,"8",.0,"8",.0,"8",0,"8",0,"8",0,"8","","",0,"8",0,"8"
"352190360","P£OCK","2006","11","24","18","9","",0,"8",0,"8","","","",6,"",0,"8",0,"8",1,"",140,"",2,"",0,"",6.9,"",.0,"8","U","",8.6,"",87,"",4.9,"",1000.4,"",1013.8,"",1,1.2,"",.0,"9",0,"9","10","1","1","","0","","","3","","","0","","",1,"",.0,"8",.0,"8","","8",0,"8","","",.0,"8",.0,"8",.0,"8",.0,"8",.0,"8",.0,"8",.0,"8",.0,"8",.0,"8",0,"8",0,"8",0,"8","","",0,"8",0,"8"
"352190360","P£OCK","2006","11","24","19","9","",0,"8",0,"8","","","",6,"",0,"8",0,"8",0,"",130,"",2,"",0,"",7.0,"",.0,"8","U","",8.4,"",84,"",4.5,"",1000.5,"",1013.9,"",1,.6,"",.0,"8",0,"8","10","0","0","","0","","","0","","","0","","",0,"8",.0,"8",.0,"8","","8",0,"8","","",.0,"8",.0,"8",.0,"8",.0,"8",.0,"8",.0,"8",.0,"8",.0,"8",.0,"8",0,"8",0,"8",0,"8","","",0,"8",0,"8"
"352190360","P£OCK","2006","11","24","20","9","",0,"8",0,"8","","","",6,"",0,"8",0,"8",0,"",130,"",2,"",0,"",6.1,"",.0,"8","U","",8.4,"",89,"",4.4,"",1001.1,"",1014.5,"",2,.9,"",.0,"8",0,"8","10","0","0","","0","","","0","","","0","","",0,"8",.0,"8",.0,"8","","8",0,"8","","",.0,"8",.0,"8",.0,"8",.0,"8",.0,"8",.0,"8",.0,"8",.0,"8",.0,"8",0,"8",0,"8",0,"8","","",0,"8",0,"8"
"352190360","P£OCK","2006","11","24","21","9","",0,"8",0,"8","","","",6,"",0,"8",0,"8",1,"",130,"",2,"",0,"",5.3,"",.0,"8","U","",8.1,"",91,"",3.9,"",1001.0,"",1014.4,"",0,.6,"",.0,"8",0,"8","10","0","1","","0","","","3","","","0","","",0,"8",.0,"8",.0,"8","","8",0,"8","","",.0,"8",.0,"8",.0,"8",.0,"8",.0,"8",.0,"8",.0,"8",.0,"8",.0,"8",0,"8",0,"8",0,"8","","",0,"8",0,"8"
"352190360","P£OCK","2006","11","24","22","9","",0,"8",0,"8","","","",6,"",0,"8",0,"8",1,"",140,"",3,"",0,"",5.5,"",.0,"8","U","",8.3,"",92,"",4.3,"",1000.9,"",1014.3,"",0,.4,"",.0,"8",0,"8","10","0","1","","0","","","3","","","0","","",0,"8",.0,"8",.0,"8","","8",0,"8","","",.0,"8",.0,"8",.0,"8",.0,"8",.0,"8",.0,"8",.0,"8",.0,"8",.0,"8",0,"8",0,"8",0,"8","","",0,"8",0,"8"
"352190360","P£OCK","2006","11","24","23","9","",0,"8",0,"8","","","",6,"",0,"8",0,"8",5,"",160,"",2,"",0,"",5.9,"",.0,"8","U","",8.4,"",90,"",4.4,"",1000.8,"",1014.2,"",7,-.3,"",.0,"8",0,"8","10","1","0","","0","","","0","","","6","","",0,"8",.0,"8",.0,"8","","8",0,"8","","",.0,"8",.0,"8",.0,"8",.0,"8",.0,"8",.0,"8",.0,"8",.0,"8",.0,"8",0,"8",0,"8",0,"8","","",0,"8",0,"8"
"352190360","P£OCK","2006","11","25","00","9","",0,"8",0,"8","","","",6,"",0,"8",0,"8",6,"",140,"",2,"",0,"",5.6,"",.0,"8","U","",8.1,"",89,"",3.9,"",1001.0,"",1014.4,"",5,.0,"",.0,"9",0,"9","10","1","0","","0","","","0","","","6","","",1,"",.0,"8",.0,"8","","8",0,"8","","",.0,"8",.0,"8",.0,"8",.0,"8",.0,"8",.0,"8",.0,"8",.0,"8",.0,"8",0,"8",0,"8",0,"8","","",0,"8",0,"8"
"352190360","P£OCK","2006","11","25","01","9","",0,"8",0,"8","","","",6,"",0,"8",0,"8",7,"",140,"",3,"",0,"",6.6,"",.0,"8","U","",8.5,"",87,"",4.6,"",1001.2,"",1014.6,"",3,.3,"",.0,"8",0,"8","10","2","2","","0","","","3","","","6","","",0,"8",.0,"8",.0,"8","","8",0,"8","","",.0,"8",.0,"8",.0,"8",.0,"8",.0,"8",.0,"8",.0,"8",.0,"8",.0,"8",0,"8",0,"8",0,"8","","",0,"8",0,"8"
"352190360","P£OCK","2006","11","25","02","9","",0,"8",0,"8","","","",6,"",0,"8",0,"8",7,"",140,"",3,"",0,"",6.4,"",.0,"8","U","",8.5,"",89,"",4.7,"",1000.5,"",1013.9,"",8,-.3,"",.0,"8",0,"8","10","2","2","","0","","","3","","","8","","",0,"8",.0,"8",.0,"8","","8",0,"8","","",.0,"8",.0,"8",.0,"8",.0,"8",.0,"8",.0,"8",.0,"8",.0,"8",.0,"8",0,"8",0,"8",0,"8","","",0,"8",0,"8"
"352190360","P£OCK","2006","11","25","03","9","",0,"8",0,"8","","","",5,"",0,"8",0,"8",7,"",140,"",3,"",0,"",6.1,"",.0,"8","U","",8.4,"",89,"",4.4,"",1001.1,"",1014.5,"",2,.1,"",.0,"8",0,"8","10","2","2","","0","","","3","","","8","","",0,"8",.0,"8",.0,"8","","8",0,"8","","",.0,"8",.0,"8",.0,"8",.0,"8",.0,"8",.0,"8",.0,"8",.0,"8",.0,"8",0,"8",0,"8",0,"8","","",0,"8",0,"8"
"352190360","P£OCK","2006","11","25","04","9","",0,"8",0,"8","","","",5,"",0,"8",0,"8",4,"",120,"",3,"",0,"",5.5,"",.0,"8","U","",8.2,"",91,"",4.1,"",1001.3,"",1014.7,"",3,.1,"",.0,"8",0,"8","10","1","0","","0","","","0","","","8","","",0,"8",.0,"8",.0,"8","","8",0,"8","","",.0,"8",.0,"8",.0,"8",.0,"8",.0,"8",.0,"8",.0,"8",.0,"8",.0,"8",0,"8",0,"8",0,"8","","",0,"8",0,"8"
"352190360","P£OCK","2006","11","25","05","9","",0,"8",0,"8","","","",5,"",0,"8",0,"8",4,"",120,"",3,"",0,"",5.0,"",.0,"8","U","",7.8,"",90,"",3.5,"",1001.2,"",1014.7,"",0,.7,"",.0,"8",0,"8","10","0","1","","0","","","3","","","8","","",0,"8",.0,"8",.0,"8","","8",0,"8","","",.0,"8",.0,"8",.0,"8",.0,"8",.0,"8",.0,"8",.0,"8",.0,"8",.0,"8",0,"8",0,"8",0,"8","","",0,"8",0,"8"
"352190360","P£OCK","2006","11","25","06","9","",0,"8",0,"8","","","",5,"",0,"8",0,"8",3,"",110,"",5,"",0,"",4.7,"",.0,"8","U","",7.8,"",91,"",3.4,"",1000.7,"",1014.2,"",8,-.4,"",.0,"9",0,"9","10","1","1","","0","","","3","","","1","","",1,"",.0,"8",.0,"8","","8",0,"8","","",.0,"8",.0,"8",.0,"8",.0,"8",.0,"8",.0,"8",.0,"8",.0,"8",.0,"8",0,"8",0,"8",0,"8","","",0,"8",0,"8"
"352190360","P£OCK","2006","11","25","07","9","",0,"8",0,"8","","","",6,"",0,"8",0,"8",2,"",130,"",4,"",0,"",4.4,"",.0,"8","U","",7.6,"",91,"",3.1,"",1001.1,"",1014.6,"",5,-.2,"",.0,"8",0,"8","10","0","1","","0","","","3","","","1","","",0,"8",.0,"8",.0,"8","","8",0,"8","","",.0,"8",.0,"8",.0,"8",.0,"8",.0,"8",.0,"8",.0,"8",.0,"8",.0,"8",0,"8",0,"8",0,"8","","",0,"8",0,"8"
"352190360","P£OCK","2006","11","25","08","9","",0,"8",0,"8","","","",6,"",0,"8",0,"8",1,"",130,"",5,"",0,"",5.7,"",.0,"8","U","",8.1,"",88,"",3.9,"",1001.1,"",1014.5,"",6,-.1,"",.0,"8",0,"8","10","0","0","","0","","","0","","","1","","",0,"8",.0,"8",.0,"8","","8",0,"8","","",.0,"8",.0,"8",.0,"8",.0,"8",.0,"8",.0,"8",.0,"8",.0,"8",.0,"8",0,"8",0,"8",0,"8","","",0,"8",0,"8"
"352190360","P£OCK","2006","11","25","09","9","",0,"8",0,"8","","","",6,"",0,"8",0,"8",2,"",140,"",4,"",0,"",6.5,"",.0,"8","U","",8.2,"",85,"",4.2,"",1001.1,"",1014.5,"",1,.4,"",.0,"8",0,"8","10","0","0","","0","","","0","","","1","","",0,"8",.0,"8",.0,"8","","8",0,"8","","",.0,"8",.0,"8",.0,"8",.0,"8",.0,"8",.0,"8",.0,"8",.0,"8",.0,"8",0,"8",0,"8",0,"8","","",0,"8",0,"8"
"352190360","P£OCK","2006","11","25","10","9","",0,"8",0,"8","","","",6,"",0,"8",0,"8",5,"",140,"",4,"",0,"",8.0,"",.0,"8","U","",8.7,"",81,"",4.9,"",1001.2,"",1014.5,"",3,.1,"",.0,"8",0,"8","10","1","0","","0","","","0","","","6","","",0,"8",.0,"8",.0,"8","","8",0,"8","","",.0,"8",.0,"8",.0,"8",.0,"8",.0,"8",.0,"8",.0,"8",.0,"8",.0,"8",0,"8",0,"8",0,"8","","",0,"8",0,"8"
"352190360","P£OCK","2006","11","25","11","9","",0,"8",0,"8","","","",6,"",0,"8",0,"8",7,"",140,"",4,"",0,"",9.1,"",.0,"8","U","",8.9,"",77,"",5.3,"",1000.5,"",1013.8,"",8,-.6,"",.0,"8",0,"8","10","2","0","","0","","","0","","","6","","",0,"8",.0,"8",.0,"8","","8",0,"8","","",.0,"8",.0,"8",.0,"8",.0,"8",.0,"8",.0,"8",.0,"8",.0,"8",.0,"8",0,"8",0,"8",0,"8","","",0,"8",0,"8"
"352190360","P£OCK","2006","11","25","12","9","",0,"8",0,"8","","","",6,"",0,"8",0,"8",8,"",160,"",3,"",0,"",9.9,"",.0,"8","U","",9.1,"",75,"",5.7,"",1000.4,"",1013.6,"",8,-.7,"",.0,"9",0,"9","10","1","0","","0","","","0","","","7","","",1,"",.0,"8",.0,"8","","8",0,"8","","",.0,"8",.0,"8",.0,"8",.0,"8",.0,"8",.0,"8",.0,"8",.0,"8",.0,"8",0,"8",0,"8",0,"8","","",0,"8",0,"8"
"352190360","P£OCK","2006","11","25","13","9","",0,"8",0,"8","","","",7,"",0,"8",0,"8",7,"",150,"",4,"",0,"",9.8,"",.0,"8","U","",8.7,"",72,"",5.0,"",1000.3,"",1013.5,"",6,-.9,"",.0,"8",0,"8","01","2","0","","0","","","0","","","8","","",0,"8",.0,"8",.0,"8","","8",0,"8","","",.0,"8",.0,"8",.0,"8",.0,"8",.0,"8",.0,"8",.0,"8",.0,"8",.0,"8",0,"8",0,"8",0,"8","","",0,"8",0,"8"
"352190360","P£OCK","2006","11","25","14","9","",0,"8",0,"8","","","",7,"",0,"8",0,"8",7,"",140,"",3,"",0,"",9.4,"",.0,"8","U","",8.8,"",75,"",5.2,"",1000.5,"",1013.7,"",5,.0,"",.0,"8",0,"8","02","2","0","","0","","","0","","","8","","",0,"8",.0,"8",.0,"8","","8",0,"8","","",.0,"8",.0,"8",.0,"8",.0,"8",.0,"8",.0,"8",.0,"8",.0,"8",.0,"8",0,"8",0,"8",0,"8","","",0,"8",0,"8"
"352190360","P£OCK","2006","11","25","15","9","",0,"8",0,"8","","","",6,"",0,"8",0,"8",8,"",140,"",3,"",0,"",8.4,"",.0,"8","U","",8.8,"",80,"",5.1,"",1001.0,"",1014.3,"",3,.6,"",.0,"8",0,"8","10","2","0","","0","","","0","","","7","","",0,"8",.0,"8",.0,"8","","8",0,"8","","",.0,"8",.0,"8",.0,"8",.0,"8",.0,"8",.0,"8",.0,"8",.0,"8",.0,"8",0,"8",0,"8",0,"8","","",0,"8",0,"8"
"352190360","P£OCK","2006","11","25","16","9","",0,"8",0,"8","","","",6,"",0,"8",0,"8",8,"",140,"",3,"",0,"",8.0,"",.0,"8","U","",8.7,"",81,"",4.9,"",1001.3,"",1014.6,"",2,1.0,"",.0,"8",0,"8","10","2","0","","0","","","0","","","7","","",0,"8",.0,"8",.0,"8","","8",0,"8","","",.0,"8",.0,"8",.0,"8",.0,"8",.0,"8",.0,"8",.0,"8",.0,"8",.0,"8",0,"8",0,"8",0,"8","","",0,"8",0,"8"
"352190360","P£OCK","2006","11","25","17","9","",0,"8",0,"8","","","",6,"",0,"8",0,"8",8,"",140,"",3,"",0,"",7.6,"",.0,"8","U","",8.7,"",83,"",4.9,"",1001.6,"",1014.9,"",1,1.1,"",.0,"8",0,"8","10","2","0","","0","","","0","","","7","","",0,"8",.0,"8",.0,"8","","8",0,"8","","",.0,"8",.0,"8",.0,"8",.0,"8",.0,"8",.0,"8",.0,"8",.0,"8",.0,"8",0,"8",0,"8",0,"8","","",0,"8",0,"8"
"352190360","P£OCK","2006","11","25","18","9","",0,"8",0,"8","","","",6,"",0,"8",0,"8",8,"",150,"",3,"",0,"",8.6,"",.0,"8","U","",9.2,"",82,"",5.7,"",1001.6,"",1014.9,"",1,.6,"",.0,"9",0,"9","10","2","2","","0","","","3","","","7","","",1,"",.0,"8",.0,"8","","8",0,"8","","",.0,"8",.0,"8",.0,"8",.0,"8",.0,"8",.0,"8",.0,"8",.0,"8",.0,"8",0,"8",0,"8",0,"8","","",0,"8",0,"8"
"352190360","P£OCK","2006","11","25","19","9","",0,"8",0,"8","","","",6,"",0,"8",0,"8",8,"",150,"",3,"",0,"",8.5,"",.0,"8","U","",9.1,"",82,"",5.6,"",1002.0,"",1015.3,"",2,.7,"",.0,"8",0,"8","10","2","2","","0","","","3","","","7","","",0,"8",.0,"8",.0,"8","","8",0,"8","","",.0,"8",.0,"8",.0,"8",.0,"8",.0,"8",.0,"8",.0,"8",.0,"8",.0,"8",0,"8",0,"8",0,"8","","",0,"8",0,"8"
"352190360","P£OCK","2006","11","25","20","9","",0,"8",0,"8","","","",6,"",0,"8",0,"8",8,"",150,"",3,"",0,"",8.4,"",.0,"8","U","",9.2,"",84,"",5.9,"",1002.2,"",1015.5,"",3,.6,"",.0,"8",0,"8","10","2","5","","0","","","5","","","7","","",0,"8",.0,"8",.0,"8","","8",0,"8","","",.0,"8",.0,"8",.0,"8",.0,"8",.0,"8",.0,"8",.0,"8",.0,"8",.0,"8",0,"8",0,"8",0,"8","","",0,"8",0,"8"
"352190360","P£OCK","2006","11","25","21","9","",0,"8",0,"8","","","",6,"",0,"8",0,"8",8,"",160,"",3,"",0,"",8.2,"",.0,"8","U","",9.1,"",84,"",5.7,"",1002.7,"",1016.0,"",2,1.1,"",.0,"8",0,"8","10","2","5","","0","","","3","","","7","","",0,"8",.0,"8",.0,"8","","8",0,"8","","",.0,"8",.0,"8",.0,"8",.0,"8",.0,"8",.0,"8",.0,"8",.0,"8",.0,"8",0,"8",0,"8",0,"8","","",0,"8",0,"8"
"352190360","P£OCK","2006","11","25","22","9","",0,"8",0,"8","","","",6,"",0,"8",0,"8",8,"",150,"",3,"",0,"",7.7,"",.0,"8","U","",9.0,"",86,"",5.5,"",1002.8,"",1016.2,"",2,.8,"",.0,"8",0,"8","10","2","1","","0","","","3","","","7","","",0,"8",.0,"8",.0,"8","","8",0,"8","","",.0,"8",.0,"8",.0,"8",.0,"8",.0,"8",.0,"8",.0,"8",.0,"8",.0,"8",0,"8",0,"8",0,"8","","",0,"8",0,"8"
"352190360","P£OCK","2006","11","25","23","9","",0,"8",0,"8","","","",6,"",0,"8",0,"8",7,"",180,"",2,"",0,"",7.0,"",.0,"8","U","",8.8,"",88,"",5.1,"",1003.3,"",1016.7,"",2,1.1,"",.0,"8",0,"8","10","2","0","","0","","","0","","","8","","",0,"8",.0,"8",.0,"8","","8",0,"8","","",.0,"8",.0,"8",.0,"8",.0,"8",.0,"8",.0,"8",.0,"8",.0,"8",.0,"8",0,"8",0,"8",0,"8","","",0,"8",0,"8"
"352190360","P£OCK","2006","11","26","00","9","",0,"8",0,"8","","","",5,"",0,"8",0,"8",8,"",130,"",2,"",0,"",6.3,"",.0,"8","U","",8.6,"",90,"",4.8,"",1003.5,"",1016.9,"",2,.8,"",.0,"9",0,"9","10","2","0","","0","","","0","","","7","","",1,"",.0,"8",.0,"8","","8",0,"8","","",.0,"8",.0,"8",.0,"8",.0,"8",.0,"8",.0,"8",.0,"8",.0,"8",.0,"8",0,"8",0,"8",0,"8","","",0,"8",0,"8"
"352190360","P£OCK","2006","11","26","01","9","",0,"8",0,"8","","","",5,"",0,"8",0,"8",8,"",170,"",2,"",0,"",6.3,"",.0,"8","U","",8.8,"",92,"",5.1,"",1004.2,"",1017.6,"",2,1.4,"",.0,"8",0,"8","10","2","0","","0","","","0","","","7","","",0,"8",.0,"8",.0,"8","","8",0,"8","","",.0,"8",.0,"8",.0,"8",.0,"8",.0,"8",.0,"8",.0,"8",.0,"8",.0,"8",0,"8",0,"8",0,"8","","",0,"8",0,"8"
"352190360","P£OCK","2006","11","26","02","9","",0,"8",0,"8","","","",4,"",0,"8",0,"8",6,"",150,"",2,"",0,"",5.8,"",.0,"8","U","",8.6,"",93,"",4.8,"",1004.7,"",1018.2,"",2,1.4,"",.0,"8",0,"8","10","2","0","","0","","","0","","","8","","",0,"8",.0,"8",.0,"8","","8",0,"8","","",.0,"8",.0,"8",.0,"8",.0,"8",.0,"8",.0,"8",.0,"8",.0,"8",.0,"8",0,"8",0,"8",0,"8","","",0,"8",0,"8"
"352190360","P£OCK","2006","11","26","03","9","",0,"8",0,"8","","","",4,"",0,"8",0,"8",5,"",120,"",2,"",0,"",5.2,"",.0,"8","U","",8.2,"",93,"",4.2,"",1004.8,"",1018.3,"",1,1.3,"",.0,"8",0,"8","10","2","0","","0","","","0","","","8","","",0,"8",.0,"8",.0,"8","","8",0,"8","","",.0,"8",.0,"8",.0,"8",.0,"8",.0,"8",.0,"8",.0,"8",.0,"8",.0,"8",0,"8",0,"8",0,"8","","",0,"8",0,"8"
"352190360","P£OCK","2006","11","26","04","9","",0,"8",0,"8","","","",3,"",0,"8",0,"8",5,"",160,"",2,"",0,"",5.0,"",.0,"8","U","",8.2,"",94,"",4.1,"",1005.1,"",1018.6,"",2,.9,"",.0,"8",0,"8","46","2","0","","0","","","0","","","8","","",0,"8",.0,"8",.0,"8","","8",0,"8","","",.0,"8",.0,"8",.0,"8",.0,"8",.0,"8",.0,"8",.0,"8",.0,"8",.0,"8",0,"8",0,"8",0,"8","","",0,"8",0,"8"
"352190360","P£OCK","2006","11","26","05","/","",0,"8",0,"8","","","",2,"",0,"8",0,"8",9,"",190,"",1,"",0,"",4.2,"",.0,"8","U","",7.7,"",94,"",3.3,"",1005.8,"",1019.4,"",3,1.1,"",.0,"8",0,"8","47","4","9","","/","","","/","","","/","","",0,"8",.0,"8",.0,"8","","8",0,"8","","",.0,"8",.0,"8",.0,"8",.0,"8",.0,"8",.0,"8",.0,"8",.0,"8",.0,"8",0,"8",0,"8",0,"8","","",0,"8",0,"8"
"352190360","P£OCK","2006","11","26","06","9","",0,"8",0,"8","","","",3,"",0,"8",0,"8",7,"",170,"",2,"",0,"",5.0,"",.0,"8","U","",8.3,"",95,"",4.3,"",1006.1,"",1019.6,"",2,1.3,"",.0,"9",0,"9","42","2","4","","0","","","3","","","8","","",1,"",.0,"8",.0,"8","","8",0,"8","","",.0,"8",.0,"8",.0,"8",.0,"8",.0,"8",.0,"8",.0,"8",.0,"8",.0,"8",0,"8",0,"8",0,"8","","",0,"8",0,"8"
"352190360","P£OCK","2006","11","26","07","9","",0,"8",0,"8","","","",5,"",0,"8",0,"8",7,"",190,"",2,"",0,"",6.1,"",.0,"8","U","",8.9,"",95,"",5.4,"",1007.0,"",1020.5,"",2,1.9,"",.0,"8",0,"8","28","2","7","","0","","","5","","","/","","",0,"8",.0,"8",.0,"8","","8",0,"8","","",.0,"8",.0,"8",.0,"8",.0,"8",.0,"8",.0,"8",.0,"8",.0,"8",.0,"8",0,"8",0,"8",0,"8","","",0,"8",0,"8"
"352190360","P£OCK","2006","11","26","08","9","",0,"8",0,"8","","","",6,"",0,"8",0,"8",7,"",220,"",3,"",0,"",7.6,"",.0,"8","U","",9.9,"",95,"",6.8,"",1007.6,"",1021.0,"",2,1.8,"",.0,"8",0,"8","10","2","7","","0","","","3","","","/","","",0,"8",.0,"8",.0,"8","","8",0,"8","","",.0,"8",.0,"8",.0,"8",.0,"8",.0,"8",.0,"8",.0,"8",.0,"8",.0,"8",0,"8",0,"8",0,"8","","",0,"8",0,"8"
"352190360","P£OCK","2006","11","26","09","9","",0,"8",0,"8","","","",6,"",0,"8",0,"8",7,"",210,"",3,"",0,"",8.7,"",.0,"8","U","",9.9,"",88,"",6.8,"",1008.4,"",1021.8,"",2,2.3,"",.0,"8",0,"8","10","4","2","","0","","","3","","","8","","",0,"8",.0,"8",.0,"8","","8",0,"8","","",.0,"8",.0,"8",.0,"8",.0,"8",.0,"8",.0,"8",.0,"8",.0,"8",.0,"8",0,"8",0,"8",0,"8","","",0,"8",0,"8"
"352190360","P£OCK","2006","11","26","10","9","",0,"8",0,"8","","","",6,"",0,"8",0,"8",7,"",230,"",3,"",0,"",9.8,"",.0,"8","U","",10.3,"",85,"",7.4,"",1008.6,"",1021.9,"",2,1.6,"",.0,"8",0,"8","10","2","0","","0","","","0","","","8","","",0,"8",.0,"8",.0,"8","","8",0,"8","","",.0,"8",.0,"8",.0,"8",.0,"8",.0,"8",.0,"8",.0,"8",.0,"8",.0,"8",0,"8",0,"8",0,"8","","",0,"8",0,"8"
"352190360","P£OCK","2006","11","26","11","9","",0,"8",0,"8","","","",6,"",0,"8",0,"8",7,"",280,"",3,"",0,"",11.3,"",.0,"8","U","",10.2,"",76,"",7.2,"",1009.0,"",1022.3,"",2,1.4,"",.0,"8",0,"8","10","2","0","","0","","","0","","","8","","",0,"8",.0,"8",.0,"8","","8",0,"8","","",.0,"8",.0,"8",.0,"8",.0,"8",.0,"8",.0,"8",.0,"8",.0,"8",.0,"8",0,"8",0,"8",0,"8","","",0,"8",0,"8"
"352190360","P£OCK","2006","11","26","12","9","",0,"8",0,"8","","","",6,"",0,"8",0,"8",7,"",280,"",2,"",0,"",11.0,"",.0,"8","U","",10.2,"",78,"",7.3,"",1009.1,"",1022.4,"",2,.7,"",.0,"9",0,"9","10","4","1","","0","","","3","","","8","","",1,"",.0,"8",.0,"8","","8",0,"8","","",.0,"8",.0,"8",.0,"8",.0,"8",.0,"8",.0,"8",.0,"8",.0,"8",.0,"8",0,"8",0,"8",0,"8","","",0,"8",0,"8"
"352190360","P£OCK","2006","11","26","13","9","",0,"8",0,"8","","","",6,"",0,"8",0,"8",7,"",310,"",1,"",0,"",11.5,"",.0,"8","U","",10.3,"",76,"",7.4,"",1009.2,"",1022.5,"",1,.6,"",.0,"8",0,"8","10","2","2","","0","","","3","","","8","","",0,"8",.0,"8",.0,"8","","8",0,"8","","",.0,"8",.0,"8",.0,"8",.0,"8",.0,"8",.0,"8",.0,"8",.0,"8",.0,"8",0,"8",0,"8",0,"8","","",0,"8",0,"8"
"352190360","P£OCK","2006","11","26","14","9","",0,"8",0,"8","","","",6,"",0,"8",0,"8",7,"",0,"",0,"",0,"",10.8,"",.0,"8","U","",10.3,"",80,"",7.5,"",1009.6,"",1022.9,"",3,.6,"",.0,"8",0,"8","10","2","1","","0","","","3","","","8","","",0,"8",.0,"8",.0,"8","","8",0,"8","","",.0,"8",.0,"8",.0,"8",.0,"8",.0,"8",.0,"8",.0,"8",.0,"8",.0,"8",0,"8",0,"8",0,"8","","",0,"8",0,"8"
"352190360","P£OCK","2006","11","26","15","9","",0,"8",0,"8","","","",5,"",0,"8",0,"8",7,"",130,"",1,"",0,"",8.9,"",.0,"8","U","",9.8,"",86,"",6.7,"",1009.7,"",1023.1,"",2,.6,"",.0,"8",0,"8","10","2","1","","0","","","3","","","8","","",0,"8",.0,"8",.0,"8","","8",0,"8","","",.0,"8",.0,"8",.0,"8",.0,"8",.0,"8",.0,"8",.0,"8",.0,"8",.0,"8",0,"8",0,"8",0,"8","","",0,"8",0,"8"
"352190360","P£OCK","2006","11","26","16","9","",0,"8",0,"8","","","",5,"",0,"8",0,"8",7,"",40,"",1,"",0,"",6.8,"",.0,"8","U","",9.0,"",91,"",5.4,"",1009.9,"",1023.4,"",2,.7,"",.0,"8",0,"8","10","2","0","","0","","","0","","","8","","",0,"8",.0,"8",.0,"8","","8",0,"8","","",.0,"8",.0,"8",.0,"8",.0,"8",.0,"8",.0,"8",.0,"8",.0,"8",.0,"8",0,"8",0,"8",0,"8","","",0,"8",0,"8"
"352190360","P£OCK","2006","11","26","17","9","",0,"8",0,"8","","","",4,"",0,"8",0,"8",4,"",70,"",1,"",0,"",5.6,"",.0,"8","U","",8.4,"",92,"",4.4,"",1010.3,"",1023.9,"",3,.7,"",.0,"8",0,"8","10","1","0","","0","","","0","","","8","","",0,"8",.0,"8",.0,"8","","8",0,"8","","",.0,"8",.0,"8",.0,"8",.0,"8",.0,"8",.0,"8",.0,"8",.0,"8",.0,"8",0,"8",0,"8",0,"8","","",0,"8",0,"8"
"352190360","P£OCK","2006","11","26","18","9","",0,"8",0,"8","","","",4,"",0,"8",0,"8",0,"",150,"",2,"",0,"",5.2,"",.0,"8","U","",8.2,"",93,"",4.2,"",1010.6,"",1024.2,"",2,.9,"",.0,"9",0,"9","10","1","0","","0","","","0","","","0","","",1,"",.0,"8",.0,"8","","8",0,"8","","",.0,"8",.0,"8",.0,"8",.0,"8",.0,"8",.0,"8",.0,"8",.0,"8",.0,"8",0,"8",0,"8",0,"8","","",0,"8",0,"8"
"352190360","P£OCK","2006","11","26","19","9","",0,"8",0,"8","","","",3,"",0,"8",0,"8",0,"",150,"",1,"",0,"",4.7,"",.0,"8","U","",7.9,"",93,"",3.7,"",1010.6,"",1024.2,"",1,.7,"",.0,"8",0,"8","46","4","0","","0","","","0","","","0","","",0,"8",.0,"8",.0,"8","","8",0,"8","","",.0,"8",.0,"8",.0,"8",.0,"8",.0,"8",.0,"8",.0,"8",.0,"8",.0,"8",0,"8",0,"8",0,"8","","",0,"8",0,"8"
"352190360","P£OCK","2006","11","26","20","9","",0,"8",0,"8","","","",1,"",0,"8",0,"8",0,"",110,"",1,"",0,"",5.2,"",.0,"8","U","",8.3,"",94,"",4.3,"",1010.6,"",1024.2,"",1,.3,"",.0,"8",0,"8","46","4","0","","0","","","0","","","0","","",0,"8",.0,"8",.0,"8","","8",0,"8","","",.0,"8",.0,"8",.0,"8",.0,"8",.0,"8",.0,"8",.0,"8",.0,"8",.0,"8",0,"8",0,"8",0,"8","","",0,"8",0,"8"
"352190360","P£OCK","2006","11","26","21","9","",0,"8",0,"8","","","",1,"",0,"8",0,"8",0,"",130,"",2,"",0,"",4.7,"",.0,"8","U","",8.1,"",95,"",4.0,"",1010.6,"",1024.2,"",4,.0,"",.0,"8",0,"8","44","4","0","","0","","","0","","","0","","",0,"8",.0,"8",.0,"8","","8",0,"8","","",.0,"8",.0,"8",.0,"8",.0,"8",.0,"8",.0,"8",.0,"8",.0,"8",.0,"8",0,"8",0,"8",0,"8","","",0,"8",0,"8"
"352190360","P£OCK","2006","11","26","22","9","",0,"8",0,"8","","","",1,"",0,"8",0,"8",0,"",130,"",2,"",0,"",4.6,"",.0,"8","U","",8.1,"",95,"",3.9,"",1010.7,"",1024.3,"",3,.1,"",.0,"8",0,"8","44","4","0","","0","","","0","","","0","","",0,"8",.0,"8",.0,"8","","8",0,"8","","",.0,"8",.0,"8",.0,"8",.0,"8",.0,"8",.0,"8",.0,"8",.0,"8",.0,"8",0,"8",0,"8",0,"8","","",0,"8",0,"8"
"352190360","P£OCK","2006","11","26","23","9","",0,"8",0,"8","","","",1,"",0,"8",0,"8",0,"",150,"",2,"",0,"",4.6,"",.0,"8","U","",8.1,"",95,"",3.9,"",1010.9,"",1024.5,"",3,.3,"",.0,"8",0,"8","44","4","0","","0","","","0","","","0","","",0,"8",.0,"8",.0,"8","","8",0,"8","","",.0,"8",.0,"8",.0,"8",.0,"8",.0,"8",.0,"8",.0,"8",.0,"8",.0,"8",0,"8",0,"8",0,"8","","",0,"8",0,"8"
"352190360","P£OCK","2006","11","27","00","9","",0,"8",0,"8","","","",1,"",0,"8",0,"8",0,"",100,"",1,"",0,"",3.6,"",.0,"8","U","",7.5,"",95,"",2.9,"",1010.6,"",1024.3,"",0,.0,"",.0,"9",0,"9","44","4","0","","0","","","0","","","0","","",1,"",.0,"8",.0,"8","","8",0,"8","","",.0,"8",.0,"8",.0,"8",.0,"8",.0,"8",.0,"8",.0,"8",.0,"8",.0,"8",0,"8",0,"8",0,"8","","",0,"8",0,"8"
"352190360","P£OCK","2006","11","27","01","9","",0,"8",0,"8","","","",1,"",0,"8",0,"8",0,"",130,"",2,"",0,"",3.9,"",.0,"8","U","",7.7,"",95,"",3.2,"",1011.2,"",1024.9,"",2,.5,"",.0,"8",0,"8","46","4","0","","0","","","0","","","0","","",0,"8",.0,"8",.0,"8","","8",0,"8","","",.0,"8",.0,"8",.0,"8",.0,"8",.0,"8",.0,"8",.0,"8",.0,"8",.0,"8",0,"8",0,"8",0,"8","","",0,"8",0,"8"
"352190360","P£OCK","2006","11","27","02","9","",0,"8",0,"8","","","",1,"",0,"8",0,"8",0,"",110,"",1,"",0,"",2.7,"",.0,"8","U","",7.1,"",96,"",2.1,"",1011.1,"",1024.8,"",0,.2,"",.0,"8",0,"8","42","4","0","","0","","","0","","","0","","",0,"8",.0,"8",.0,"8","","8",0,"8","","",.0,"8",.0,"8",.0,"8",.0,"8",.0,"8",.0,"8",.0,"8",.0,"8",.0,"8",0,"8",0,"8",0,"8","","",0,"8",0,"8"
"352190360","P£OCK","2006","11","27","03","9","",0,"8",0,"8","","","",1,"",0,"8",0,"8",0,"",130,"",3,"",0,"",3.1,"",.0,"8","U","",7.3,"",96,"",2.5,"",1010.8,"",1024.5,"",0,.2,"",.0,"8",0,"8","44","4","0","","0","","","0","","","0","","",0,"8",.0,"8",.0,"8","","8",0,"8","","",.0,"8",.0,"8",.0,"8",.0,"8",.0,"8",.0,"8",.0,"8",.0,"8",.0,"8",0,"8",0,"8",0,"8","","",0,"8",0,"8"
"352190360","P£OCK","2006","11","27","04","9","",0,"8",0,"8","","","",1,"",0,"8",0,"8",0,"",0,"",0,"",0,"",3.4,"",.0,"8","U","",7.5,"",96,"",2.8,"",1011.5,"",1025.2,"",3,.3,"",.0,"8",0,"8","46","4","0","","0","","","0","","","0","","",0,"8",.0,"8",.0,"8","","8",0,"8","","",.0,"8",.0,"8",.0,"8",.0,"8",.0,"8",.0,"8",.0,"8",.0,"8",.0,"8",0,"8",0,"8",0,"8","","",0,"8",0,"8"
"352190360","P£OCK","2006","11","27","05","9","",0,"8",0,"8","","","",1,"",0,"8",0,"8",0,"",150,"",1,"",0,"",3.6,"",.0,"8","U","",7.6,"",96,"",3.0,"",1011.2,"",1024.9,"",0,.1,"",.0,"8",0,"8","44","4","0","","0","","","0","","","0","","",0,"8",.0,"8",.0,"8","","8",0,"8","","",.0,"8",.0,"8",.0,"8",.0,"8",.0,"8",.0,"8",.0,"8",.0,"8",.0,"8",0,"8",0,"8",0,"8","","",0,"8",0,"8"
"352190360","P£OCK","2006","11","27","06","/","",0,"8",0,"8","","","",1,"",0,"8",0,"8",9,"",10,"",1,"",0,"",3.8,"",.0,"8","U","",7.7,"",96,"",3.2,"",1011.8,"",1025.5,"",2,1.0,"",.0,"9",0,"9","45","4","9","","/","","","/","","","/","","",1,"",.0,"8",.0,"8","","8",0,"8","","",.0,"8",.0,"8",.0,"8",.0,"8",.0,"8",.0,"8",.0,"8",.0,"8",.0,"8",0,"8",0,"8",0,"8","","",0,"8",0,"8"
"352190360","P£OCK","2006","11","27","07","/","",0,"8",0,"8","","","",1,"",0,"8",0,"8",9,"",0,"",0,"",0,"",3.9,"",.0,"8","U","",7.7,"",96,"",3.3,"",1012.4,"",1026.1,"",3,.9,"",.0,"8",0,"8","45","4","9","","/","","","/","","","/","","",0,"8",.0,"8",.0,"8","","8",0,"8","","",.0,"8",.0,"8",.0,"8",.0,"8",.0,"8",.0,"8",.0,"8",.0,"8",.0,"8",0,"8",0,"8",0,"8","","",0,"8",0,"8"
"352190360","P£OCK","2006","11","27","08","/","",0,"8",0,"8","","","",1,"",0,"8",0,"8",9,"",140,"",1,"",0,"",4.4,"",.0,"8","U","",8.0,"",96,"",3.8,"",1012.6,"",1026.2,"",1,1.4,"",.0,"8",0,"8","47","4","9","","/","","","/","","","/","","",0,"8",.0,"8",.0,"8","","8",0,"8","","",.0,"8",.0,"8",.0,"8",.0,"8",.0,"8",.0,"8",.0,"8",.0,"8",.0,"8",0,"8",0,"8",0,"8","","",0,"8",0,"8"
"352190360","P£OCK","2006","11","27","09","1","",0,"8",0,"8","","","",1,"",0,"8",0,"8",8,"",210,"",1,"",0,"",4.8,"",.0,"8","U","",8.3,"",96,"",4.2,"",1012.8,"",1026.4,"",1,1.0,"",.0,"8",0,"8","42","4","8","","6","","","/","","","/","","",0,"8",.0,"8",.0,"8","","8",0,"8","","",.0,"8",.0,"8",.0,"8",.0,"8",.0,"8",.0,"8",.0,"8",.0,"8",.0,"8",0,"8",0,"8",0,"8","","",0,"8",0,"8"
"352190360","P£OCK","2006","11","27","10","1","",0,"8",0,"8","","","",1,"",0,"8",0,"8",8,"",0,"",0,"",0,"",5.1,"",.0,"8","U","",8.4,"",96,"",4.5,"",1012.9,"",1026.5,"",2,.5,"",.0,"8",0,"8","44","4","8","","6","","","/","","","/","","",0,"8",.0,"8",.0,"8","","8",0,"8","","",.0,"8",.0,"8",.0,"8",.0,"8",.0,"8",.0,"8",.0,"8",.0,"8",.0,"8",0,"8",0,"8",0,"8","","",0,"8",0,"8"
"352190360","P£OCK","2006","11","27","11","1","",0,"8",0,"8","","","",1,"",0,"8",0,"8",8,"",0,"",0,"",0,"",5.6,"",.0,"8","U","",8.7,"",96,"",5.0,"",1012.7,"",1026.3,"",0,.1,"",.0,"8",0,"8","46","4","8","","6","","","/","","","/","","",0,"8",.0,"8",.0,"8","","8",0,"8","","",.0,"8",.0,"8",.0,"8",.0,"8",.0,"8",.0,"8",.0,"8",.0,"8",.0,"8",0,"8",0,"8",0,"8","","",0,"8",0,"8"
"352190360","P£OCK","2006","11","27","12","1","",0,"8",0,"8","","","",1,"",0,"8",0,"8",8,"",180,"",1,"",0,"",5.8,"",.0,"8","U","",8.8,"",96,"",5.2,"",1012.9,"",1026.5,"",2,.1,"",.0,"9",0,"9","44","4","8","","6","","","/","","","/","","",1,"",.0,"8",.0,"8","","8",0,"8","","",.0,"8",.0,"8",.0,"8",.0,"8",.0,"8",.0,"8",.0,"8",.0,"8",.0,"8",0,"8",0,"8",0,"8","","",0,"8",0,"8"
"352190360","P£OCK","2006","11","27","13","1","",0,"8",0,"8","","","",1,"",0,"8",0,"8",8,"",210,"",1,"",0,"",5.6,"",.0,"8","U","",8.7,"",96,"",5.0,"",1013.0,"",1026.6,"",3,.1,"",.0,"8",0,"8","46","4","8","","6","","","/","","","/","","",0,"8",.0,"8",.0,"8","","8",0,"8","","",.0,"8",.0,"8",.0,"8",.0,"8",.0,"8",.0,"8",.0,"8",.0,"8",.0,"8",0,"8",0,"8",0,"8","","",0,"8",0,"8"
"352190360","P£OCK","2006","11","27","14","1","",0,"8",0,"8","","","",1,"",0,"8",0,"8",8,"",130,"",1,"",0,"",5.5,"",.0,"8","U","",8.7,"",96,"",4.9,"",1013.2,"",1026.8,"",2,.5,"",.0,"8",0,"8","44","4","8","","6","","","/","","","/","","",0,"8",.0,"8",.0,"8","","8",0,"8","","",.0,"8",.0,"8",.0,"8",.0,"8",.0,"8",.0,"8",.0,"8",.0,"8",.0,"8",0,"8",0,"8",0,"8","","",0,"8",0,"8"
"352190360","P£OCK","2006","11","27","15","/","",0,"8",0,"8","","","",1,"",0,"8",0,"8",9,"",110,"",2,"",0,"",5.5,"",.0,"8","U","",8.7,"",96,"",4.9,"",1013.6,"",1027.2,"",3,.7,"",.0,"8",0,"8","47","4","9","","/","","","/","","","/","","",0,"8",.0,"8",.0,"8","","8",0,"8","","",.0,"8",.0,"8",.0,"8",.0,"8",.0,"8",.0,"8",.0,"8",.0,"8",.0,"8",0,"8",0,"8",0,"8","","",0,"8",0,"8"
"352190360","P£OCK","2006","11","27","16","/","",0,"8",0,"8","","","",1,"",0,"8",0,"8",9,"",130,"",2,"",0,"",5.1,"",.0,"8","U","",8.4,"",96,"",4.5,"",1013.6,"",1027.2,"",1,.6,"",.0,"8",0,"8","43","4","9","","/","","","/","","","/","","",0,"8",.0,"8",.0,"8","","8",0,"8","","",.0,"8",.0,"8",.0,"8",.0,"8",.0,"8",.0,"8",.0,"8",.0,"8",.0,"8",0,"8",0,"8",0,"8","","",0,"8",0,"8"
"352190360","P£OCK","2006","11","27","17","1","",0,"8",0,"8","","","",1,"",0,"8",0,"8",7,"",150,"",2,"",0,"",5.3,"",.0,"8","U","",8.5,"",96,"",4.7,"",1013.7,"",1027.3,"",2,.5,"",.0,"8",0,"8","42","4","7","","6","","","/","","","/","","",0,"8",.0,"8",.0,"8","","8",0,"8","","",.0,"8",.0,"8",.0,"8",.0,"8",.0,"8",.0,"8",.0,"8",.0,"8",.0,"8",0,"8",0,"8",0,"8","","",0,"8",0,"8"
"352190360","P£OCK","2006","11","27","18","1","",0,"8",0,"8","","","",1,"",0,"8",0,"8",7,"",170,"",1,"",0,"",5.2,"",.0,"8","U","",8.5,"",96,"",4.6,"",1014.2,"",1027.8,"",3,.6,"",.0,"9",0,"9","44","4","7","","6","","","/","","","/","","",1,"",.0,"8",.0,"8","","8",0,"8","","",.0,"8",.0,"8",.0,"8",.0,"8",.0,"8",.0,"8",.0,"8",.0,"8",.0,"8",0,"8",0,"8",0,"8","","",0,"8",0,"8"
"352190360","P£OCK","2006","11","27","19","1","",0,"8",0,"8","","","",1,"",0,"8",0,"8",8,"",150,"",2,"",0,"",5.2,"",.0,"8","U","",8.5,"",96,"",4.6,"",1013.7,"",1027.3,"",0,.1,"",.0,"8",0,"8","42","4","8","","6","","","/","","","/","","",0,"8",.0,"8",.0,"8","","8",0,"8","","",.0,"8",.0,"8",.0,"8",.0,"8",.0,"8",.0,"8",.0,"8",.0,"8",.0,"8",0,"8",0,"8",0,"8","","",0,"8",0,"8"
"352190360","P£OCK","2006","11","27","20","1","",0,"8",0,"8","","","",1,"",0,"8",0,"8",8,"",180,"",2,"",0,"",5.5,"",.0,"8","U","",8.7,"",96,"",4.9,"",1013.7,"",1027.3,"",4,.0,"",.0,"8",0,"8","46","4","8","","6","","","/","","","/","","",0,"8",.0,"8",.0,"8","","8",0,"8","","",.0,"8",.0,"8",.0,"8",.0,"8",.0,"8",.0,"8",.0,"8",.0,"8",.0,"8",0,"8",0,"8",0,"8","","",0,"8",0,"8"
"352190360","P£OCK","2006","11","27","21","1","",0,"8",0,"8","","","",1,"",0,"8",0,"8",8,"",170,"",2,"",0,"",5.6,"",.0,"8","U","",8.7,"",96,"",5.0,"",1013.9,"",1027.5,"",5,-.3,"",.0,"8",0,"8","44","4","8","","6","","","/","","","/","","",0,"8",.0,"8",.0,"8","","8",0,"8","","",.0,"8",.0,"8",.0,"8",.0,"8",.0,"8",.0,"8",.0,"8",.0,"8",.0,"8",0,"8",0,"8",0,"8","","",0,"8",0,"8"
"352190360","P£OCK","2006","11","27","22","1","",0,"8",0,"8","","","",1,"",0,"8",0,"8",8,"",160,"",1,"",0,"",5.4,"",.0,"8","U","",8.6,"",96,"",4.8,"",1014.2,"",1027.8,"",3,.5,"",.0,"8",0,"8","46","4","8","","6","","","/","","","/","","",0,"8",.0,"8",.0,"8","","8",0,"8","","",.0,"8",.0,"8",.0,"8",.0,"8",.0,"8",.0,"8",.0,"8",.0,"8",.0,"8",0,"8",0,"8",0,"8","","",0,"8",0,"8"
"352190360","P£OCK","2006","11","27","23","1","",0,"8",0,"8","","","",1,"",0,"8",0,"8",8,"",140,"",2,"",0,"",5.2,"",.0,"8","U","",8.5,"",96,"",4.6,"",1014.1,"",1027.7,"",0,.4,"",.0,"8",0,"8","42","4","8","","6","","","/","","","/","","",0,"8",.0,"8",.0,"8","","8",0,"8","","",.0,"8",.0,"8",.0,"8",.0,"8",.0,"8",.0,"8",.0,"8",.0,"8",.0,"8",0,"8",0,"8",0,"8","","",0,"8",0,"8"
"352190360","P£OCK","2006","11","28","00","1","",0,"8",0,"8","","","",1,"",0,"8",0,"8",8,"",160,"",2,"",0,"",5.2,"",.0,"8","U","",8.5,"",96,"",4.6,"",1013.9,"",1027.5,"",0,.0,"",.0,"9",0,"9","42","4","8","","6","","","/","","","/","","",1,"",.0,"8",.0,"8","","8",0,"8","","",.0,"8",.0,"8",.0,"8",.0,"8",.0,"8",.0,"8",.0,"8",.0,"8",.0,"8",0,"8",0,"8",0,"8","","",0,"8",0,"8"
"352190360","P£OCK","2006","11","28","01","1","",0,"8",0,"8","","","",1,"",0,"8",0,"8",8,"",180,"",2,"",0,"",5.3,"",.0,"8","U","",8.5,"",96,"",4.7,"",1014.1,"",1027.7,"",5,-.1,"",.0,"8",0,"8","44","4","8","","6","","","/","","","/","","",0,"8",.0,"8",.0,"8","","8",0,"8","","",.0,"8",.0,"8",.0,"8",.0,"8",.0,"8",.0,"8",.0,"8",.0,"8",.0,"8",0,"8",0,"8",0,"8","","",0,"8",0,"8"
"352190360","P£OCK","2006","11","28","02","1","",0,"8",0,"8","","","",1,"",0,"8",0,"8",8,"",170,"",3,"",0,"",5.4,"",.0,"8","U","",8.6,"",96,"",4.8,"",1014.0,"",1027.6,"",7,-.1,"",.0,"8",0,"8","44","4","8","","6","","","/","","","/","","",0,"8",.0,"8",.0,"8","","8",0,"8","","",.0,"8",.0,"8",.0,"8",.0,"8",.0,"8",.0,"8",.0,"8",.0,"8",.0,"8",0,"8",0,"8",0,"8","","",0,"8",0,"8"
"352190360","P£OCK","2006","11","28","03","1","",0,"8",0,"8","","","",1,"",0,"8",0,"8",8,"",170,"",2,"",0,"",5.2,"",.0,"8","U","",8.5,"",96,"",4.6,"",1014.1,"",1027.7,"",2,.2,"",.0,"8",0,"8","46","4","8","","6","","","/","","","/","","",0,"8",.0,"8",.0,"8","","8",0,"8","","",.0,"8",.0,"8",.0,"8",.0,"8",.0,"8",.0,"8",.0,"8",.0,"8",.0,"8",0,"8",0,"8",0,"8","","",0,"8",0,"8"
"352190360","P£OCK","2006","11","28","04","1","",0,"8",0,"8","","","",1,"",0,"8",0,"8",8,"",140,"",2,"",0,"",5.2,"",.0,"8","U","",8.5,"",96,"",4.6,"",1013.9,"",1027.5,"",7,-.2,"",.0,"8",0,"8","42","4","8","","6","","","/","","","/","","",0,"8",.0,"8",.0,"8","","8",0,"8","","",.0,"8",.0,"8",.0,"8",.0,"8",.0,"8",.0,"8",.0,"8",.0,"8",.0,"8",0,"8",0,"8",0,"8","","",0,"8",0,"8"
"352190360","P£OCK","2006","11","28","05","1","",0,"8",0,"8","","","",1,"",0,"8",0,"8",8,"",160,"",2,"",0,"",5.2,"",.0,"8","U","",8.5,"",96,"",4.6,"",1013.8,"",1027.4,"",8,-.2,"",.0,"8",0,"8","44","4","8","","6","","","/","","","/","","",0,"8",.0,"8",.0,"8","","8",0,"8","","",.0,"8",.0,"8",.0,"8",.0,"8",.0,"8",.0,"8",.0,"8",.0,"8",.0,"8",0,"8",0,"8",0,"8","","",0,"8",0,"8"
"352190360","P£OCK","2006","11","28","06","1","",0,"8",0,"8","","","",1,"",0,"8",0,"8",8,"",150,"",2,"",0,"",5.0,"",.0,"8","U","",8.4,"",96,"",4.4,"",1014.1,"",1027.7,"",5,.0,"",.1,"",5,"","46","4","8","","6","","","/","","","/","","",1,"",.0,"8",.0,"8","","8",0,"8","","",.0,"8",.0,"8",.0,"8",.0,"8",.0,"8",.0,"8",.0,"8",.0,"8",.0,"8",0,"8",0,"8",0,"8","","",0,"8",0,"8"
"352190360","P£OCK","2006","11","28","07","1","",0,"8",0,"8","","","",1,"",0,"8",0,"8",8,"",170,"",2,"",0,"",5.3,"",.0,"8","U","",8.5,"",96,"",4.7,"",1014.3,"",1027.9,"",3,.4,"",.0,"8",0,"8","46","4","8","","6","","","/","","","/","","",0,"8",.0,"8",.0,"8","","8",0,"8","","",.0,"8",.0,"8",.0,"8",.0,"8",.0,"8",.0,"8",.0,"8",.0,"8",.0,"8",0,"8",0,"8",0,"8","","",0,"8",0,"8"
"352190360","P£OCK","2006","11","28","08","1","",0,"8",0,"8","","","",1,"",0,"8",0,"8",8,"",170,"",2,"",0,"",5.4,"",.0,"8","U","",8.6,"",96,"",4.8,"",1014.2,"",1027.8,"",0,.4,"",.0,"8",0,"8","46","4","8","","6","","","/","","","/","","",0,"8",.0,"8",.0,"8","","8",0,"8","","",.0,"8",.0,"8",.0,"8",.0,"8",.0,"8",.0,"8",.0,"8",.0,"8",.0,"8",0,"8",0,"8",0,"8","","",0,"8",0,"8"
"352190360","P£OCK","2006","11","28","09","1","",0,"8",0,"8","","","",1,"",0,"8",0,"8",8,"",140,"",3,"",0,"",5.3,"",.0,"8","U","",8.5,"",96,"",4.7,"",1014.3,"",1027.9,"",2,.2,"",.0,"8",0,"8","42","4","8","","6","","","/","","","/","","",0,"8",.0,"8",.0,"8","","8",0,"8","","",.0,"8",.0,"8",.0,"8",.0,"8",.0,"8",.0,"8",.0,"8",.0,"8",.0,"8",0,"8",0,"8",0,"8","","",0,"8",0,"8"
"352190360","P£OCK","2006","11","28","10","1","",0,"8",0,"8","","","",1,"",0,"8",0,"8",8,"",140,"",3,"",0,"",5.5,"",.0,"8","U","",8.7,"",96,"",4.9,"",1014.1,"",1027.7,"",7,-.2,"",.0,"8",0,"8","46","4","8","","6","","","/","","","/","","",0,"8",.0,"8",.0,"8","","8",0,"8","","",.0,"8",.0,"8",.0,"8",.0,"8",.0,"8",.0,"8",.0,"8",.0,"8",.0,"8",0,"8",0,"8",0,"8","","",0,"8",0,"8"
"352190360","P£OCK","2006","11","28","11","1","",0,"8",0,"8","","","",1,"",0,"8",0,"8",8,"",130,"",3,"",0,"",6.0,"",.0,"8","U","",9.0,"",96,"",5.4,"",1013.9,"",1027.5,"",8,-.3,"",.0,"8",0,"8","42","4","8","","6","","","/","","","/","","",0,"8",.0,"8",.0,"8","","8",0,"8","","",.0,"8",.0,"8",.0,"8",.0,"8",.0,"8",.0,"8",.0,"8",.0,"8",.0,"8",0,"8",0,"8",0,"8","","",0,"8",0,"8"
"352190360","P£OCK","2006","11","28","12","1","",0,"8",0,"8","","","",2,"",0,"8",0,"8",8,"",140,"",3,"",0,"",6.3,"",.0,"8","U","",9.2,"",96,"",5.7,"",1013.7,"",1027.3,"",7,-.6,"",.1,"",5,"","42","4","8","","6","","","/","","","/","","",1,"",.0,"8",.0,"8","","8",0,"8","","",.0,"8",.0,"8",.0,"8",.0,"8",.0,"8",.0,"8",.0,"8",.0,"8",.0,"8",0,"8",0,"8",0,"8","","",0,"8",0,"8"
"352190360","P£OCK","2006","11","28","13","1","",0,"8",0,"8","","","",2,"",0,"8",0,"8",8,"",130,"",3,"",0,"",6.2,"",.0,"8","U","",9.1,"",96,"",5.6,"",1013.7,"",1027.3,"",6,-.4,"",.0,"8",0,"8","46","4","8","","6","","","/","","","/","","",0,"8",.0,"8",.0,"8","","8",0,"8","","",.0,"8",.0,"8",.0,"8",.0,"8",.0,"8",.0,"8",.0,"8",.0,"8",.0,"8",0,"8",0,"8",0,"8","","",0,"8",0,"8"
"352190360","P£OCK","2006","11","28","14","1","",0,"8",0,"8","","","",2,"",0,"8",0,"8",8,"",140,"",2,"",0,"",6.1,"",.0,"8","U","",9.0,"",96,"",5.5,"",1013.3,"",1026.9,"",7,-.6,"",.0,"8",0,"8","42","4","8","","6","","","/","","","/","","",0,"8",.0,"8",.0,"8","","8",0,"8","","",.0,"8",.0,"8",.0,"8",.0,"8",.0,"8",.0,"8",.0,"8",.0,"8",.0,"8",0,"8",0,"8",0,"8","","",0,"8",0,"8"
"352190360","P£OCK","2006","11","28","15","1","",0,"8",0,"8","","","",1,"",0,"8",0,"8",8,"",110,"",3,"",0,"",6.0,"",.0,"8","U","",9.0,"",96,"",5.4,"",1013.6,"",1027.2,"",5,-.1,"",.0,"8",0,"8","46","4","8","","6","","","/","","","/","","",0,"8",.0,"8",.0,"8","","8",0,"8","","",.0,"8",.0,"8",.0,"8",.0,"8",.0,"8",.0,"8",.0,"8",.0,"8",.0,"8",0,"8",0,"8",0,"8","","",0,"8",0,"8"
"352190360","P£OCK","2006","11","28","16","1","",0,"8",0,"8","","","",1,"",0,"8",0,"8",8,"",130,"",4,"",0,"",5.7,"",.0,"8","U","",8.8,"",96,"",5.1,"",1013.4,"",1027.0,"",7,-.3,"",.0,"8",0,"8","44","4","8","","6","","","/","","","/","","",0,"8",.0,"8",.0,"8","","8",0,"8","","",.0,"8",.0,"8",.0,"8",.0,"8",.0,"8",.0,"8",.0,"8",.0,"8",.0,"8",0,"8",0,"8",0,"8","","",0,"8",0,"8"
"352190360","P£OCK","2006","11","28","17","1","",0,"8",0,"8","","","",1,"",0,"8",0,"8",8,"",130,"",3,"",0,"",5.5,"",.0,"8","U","",8.7,"",96,"",4.9,"",1013.2,"",1026.8,"",8,-.1,"",.0,"8",0,"8","46","4","8","","6","","","/","","","/","","",0,"8",.0,"8",.0,"8","","8",0,"8","","",.0,"8",.0,"8",.0,"8",.0,"8",.0,"8",.0,"8",.0,"8",.0,"8",.0,"8",0,"8",0,"8",0,"8","","",0,"8",0,"8"
"352190360","P£OCK","2006","11","28","18","1","",0,"8",0,"8","","","",1,"",0,"8",0,"8",8,"",130,"",4,"",0,"",5.6,"",.0,"8","U","",8.7,"",96,"",5.0,"",1013.0,"",1026.6,"",7,-.6,"",.0,"9",0,"9","46","4","8","","6","","","/","","","/","","",1,"",.0,"8",.0,"8","","8",0,"8","","",.0,"8",.0,"8",.0,"8",.0,"8",.0,"8",.0,"8",.0,"8",.0,"8",.0,"8",0,"8",0,"8",0,"8","","",0,"8",0,"8"
"352190360","P£OCK","2006","11","28","19","1","",0,"8",0,"8","","","",1,"",0,"8",0,"8",8,"",120,"",4,"",0,"",5.6,"",.0,"8","U","",8.7,"",96,"",5.0,"",1013.0,"",1026.6,"",6,-.4,"",.0,"8",0,"8","44","4","8","","6","","","/","","","/","","",0,"8",.0,"8",.0,"8","","8",0,"8","","",.0,"8",.0,"8",.0,"8",.0,"8",.0,"8",.0,"8",.0,"8",.0,"8",.0,"8",0,"8",0,"8",0,"8","","",0,"8",0,"8"
"352190360","P£OCK","2006","11","28","20","1","",0,"8",0,"8","","","",1,"",0,"8",0,"8",8,"",120,"",3,"",0,"",5.2,"",.0,"8","U","",8.5,"",96,"",4.6,"",1013.0,"",1026.6,"",6,-.2,"",.0,"8",0,"8","44","4","8","","6","","","/","","","/","","",0,"8",.0,"8",.0,"8","","8",0,"8","","",.0,"8",.0,"8",.0,"8",.0,"8",.0,"8",.0,"8",.0,"8",.0,"8",.0,"8",0,"8",0,"8",0,"8","","",0,"8",0,"8"
"352190360","P£OCK","2006","11","28","21","1","",0,"8",0,"8","","","",1,"",0,"8",0,"8",8,"",120,"",4,"",0,"",5.1,"",.0,"8","U","",8.4,"",96,"",4.5,"",1012.9,"",1026.5,"",8,-.1,"",.0,"8",0,"8","42","4","8","","6","","","/","","","/","","",0,"8",.0,"8",.0,"8","","8",0,"8","","",.0,"8",.0,"8",.0,"8",.0,"8",.0,"8",.0,"8",.0,"8",.0,"8",.0,"8",0,"8",0,"8",0,"8","","",0,"8",0,"8"
"352190360","P£OCK","2006","11","28","22","1","",0,"8",0,"8","","","",2,"",0,"8",0,"8",8,"",130,"",4,"",0,"",5.0,"",.0,"8","U","",8.4,"",96,"",4.4,"",1012.9,"",1026.5,"",6,-.1,"",.0,"8",0,"8","42","4","8","","6","","","/","","","/","","",0,"8",.0,"8",.0,"8","","8",0,"8","","",.0,"8",.0,"8",.0,"8",.0,"8",.0,"8",.0,"8",.0,"8",.0,"8",.0,"8",0,"8",0,"8",0,"8","","",0,"8",0,"8"
"352190360","P£OCK","2006","11","28","23","1","",0,"8",0,"8","","","",2,"",0,"8",0,"8",8,"",130,"",4,"",0,"",4.7,"",.0,"8","U","",8.2,"",96,"",4.1,"",1012.7,"",1026.3,"",7,-.3,"",.0,"8",0,"8","44","4","8","","6","","","/","","","/","","",0,"8",.0,"8",.0,"8","","8",0,"8","","",.0,"8",.0,"8",.0,"8",.0,"8",.0,"8",.0,"8",.0,"8",.0,"8",.0,"8",0,"8",0,"8",0,"8","","",0,"8",0,"8"
"352190360","P£OCK","2006","11","29","00","1","",0,"8",0,"8","","","",2,"",0,"8",0,"8",8,"",120,"",4,"",0,"",4.6,"",.0,"8","U","",8.1,"",96,"",4.0,"",1012.3,"",1025.9,"",8,-.6,"",.0,"9",0,"9","46","4","8","","6","","","/","","","/","","",1,"",.0,"8",.0,"8","","8",0,"8","","",.0,"8",.0,"8",.0,"8",.0,"8",.0,"8",.0,"8",.0,"8",.0,"8",.0,"8",0,"8",0,"8",0,"8","","",0,"8",0,"8"
"352190360","P£OCK","2006","11","29","01","1","",0,"8",0,"8","","","",2,"",0,"8",0,"8",8,"",120,"",4,"",0,"",4.5,"",.0,"8","U","",8.1,"",96,"",3.9,"",1012.2,"",1025.8,"",7,-.7,"",.0,"8",0,"8","46","4","8","","6","","","/","","","/","","",0,"8",.0,"8",.0,"8","","8",0,"8","","",.0,"8",.0,"8",.0,"8",.0,"8",.0,"8",.0,"8",.0,"8",.0,"8",.0,"8",0,"8",0,"8",0,"8","","",0,"8",0,"8"
"352190360","P£OCK","2006","11","29","02","1","",0,"8",0,"8","","","",2,"",0,"8",0,"8",8,"",130,"",5,"",0,"",4.6,"",.0,"8","U","",8.1,"",96,"",4.0,"",1012.0,"",1025.6,"",7,-.7,"",.0,"8",0,"8","42","4","8","","6","","","/","","","/","","",0,"8",.0,"8",.0,"8","","8",0,"8","","",.0,"8",.0,"8",.0,"8",.0,"8",.0,"8",.0,"8",.0,"8",.0,"8",.0,"8",0,"8",0,"8",0,"8","","",0,"8",0,"8"
"352190360","P£OCK","2006","11","29","03","1","",0,"8",0,"8","","","",2,"",0,"8",0,"8",8,"",140,"",3,"",0,"",4.5,"",.0,"8","U","",8.1,"",96,"",3.9,"",1011.9,"",1025.5,"",7,-.4,"",.0,"8",0,"8","44","4","8","","6","","","/","","","/","","",0,"8",.0,"8",.0,"8","","8",0,"8","","",.0,"8",.0,"8",.0,"8",.0,"8",.0,"8",.0,"8",.0,"8",.0,"8",.0,"8",0,"8",0,"8",0,"8","","",0,"8",0,"8"
"352190360","P£OCK","2006","11","29","04","1","",0,"8",0,"8","","","",2,"",0,"8",0,"8",8,"",130,"",4,"",0,"",4.4,"",.0,"8","U","",8.0,"",96,"",3.8,"",1011.9,"",1025.5,"",6,-.3,"",.0,"8",0,"8","46","4","8","","6","","","/","","","/","","",0,"8",.0,"8",.0,"8","","8",0,"8","","",.0,"8",.0,"8",.0,"8",.0,"8",.0,"8",.0,"8",.0,"8",.0,"8",.0,"8",0,"8",0,"8",0,"8","","",0,"8",0,"8"
"352190360","P£OCK","2006","11","29","05","1","",0,"8",0,"8","","","",2,"",0,"8",0,"8",8,"",150,"",3,"",0,"",4.5,"",.0,"8","U","",8.1,"",96,"",3.9,"",1011.8,"",1025.4,"",7,-.2,"",.0,"8",0,"8","46","4","8","","6","","","/","","","/","","",0,"8",.0,"8",.0,"8","","8",0,"8","","",.0,"8",.0,"8",.0,"8",.0,"8",.0,"8",.0,"8",.0,"8",.0,"8",.0,"8",0,"8",0,"8",0,"8","","",0,"8",0,"8"
"352190360","P£OCK","2006","11","29","06","1","",0,"8",0,"8","","","",2,"",0,"8",0,"8",8,"",140,"",4,"",0,"",4.5,"",.0,"8","U","",8.1,"",96,"",3.9,"",1012.0,"",1025.6,"",3,.1,"",.0,"9",0,"9","42","4","8","","6","","","/","","","/","","",1,"",.0,"8",.0,"8","","8",0,"8","","",.0,"8",.0,"8",.0,"8",.0,"8",.0,"8",.0,"8",.0,"8",.0,"8",.0,"8",0,"8",0,"8",0,"8","","",0,"8",0,"8"
"352190360","P£OCK","2006","11","29","07","1","",0,"8",0,"8","","","",2,"",0,"8",0,"8",8,"",150,"",3,"",0,"",4.5,"",.0,"8","U","",8.1,"",96,"",3.9,"",1012.2,"",1025.8,"",3,.3,"",.0,"8",0,"8","44","4","8","","6","","","/","","","/","","",0,"8",.0,"8",.0,"8","","8",0,"8","","",.0,"8",.0,"8",.0,"8",.0,"8",.0,"8",.0,"8",.0,"8",.0,"8",.0,"8",0,"8",0,"8",0,"8","","",0,"8",0,"8"
"352190360","P£OCK","2006","11","29","08","1","",0,"8",0,"8","","","",2,"",0,"8",0,"8",8,"",160,"",3,"",0,"",4.3,"",.0,"8","U","",8.1,"",97,"",3.9,"",1012.7,"",1026.4,"",3,.9,"",.0,"8",0,"8","42","4","8","","6","","","/","","","/","","",0,"8",.0,"8",.0,"8","","8",0,"8","","",.0,"8",.0,"8",.0,"8",.0,"8",.0,"8",.0,"8",.0,"8",.0,"8",.0,"8",0,"8",0,"8",0,"8","","",0,"8",0,"8"
"352190360","P£OCK","2006","11","29","09","2","",0,"8",0,"8","","","",3,"",0,"8",0,"8",8,"",160,"",3,"",0,"",4.8,"",.0,"8","U","",8.3,"",97,"",4.4,"",1012.9,"",1026.5,"",2,.9,"",.0,"8",0,"8","42","4","8","","6","","","/","","","/","","",0,"8",.0,"8",.0,"8","","8",0,"8","","",.0,"8",.0,"8",.0,"8",.0,"8",.0,"8",.0,"8",.0,"8",.0,"8",.0,"8",0,"8",0,"8",0,"8","","",0,"8",0,"8"
"352190360","P£OCK","2006","11","29","10","1","",0,"8",0,"8","","","",4,"",0,"8",0,"8",8,"",160,"",3,"",0,"",5.0,"",.0,"8","U","",8.5,"",97,"",4.6,"",1012.8,"",1026.4,"",0,.6,"",.0,"8",0,"8","28","2","8","","6","","","/","","","/","","",0,"8",.0,"8",.0,"8","","8",0,"8","","",.0,"8",.0,"8",.0,"8",.0,"8",.0,"8",.0,"8",.0,"8",.0,"8",.0,"8",0,"8",0,"8",0,"8","","",0,"8",0,"8"
"352190360","P£OCK","2006","11","29","11","1","",0,"8",0,"8","","","",4,"",0,"8",0,"8",8,"",170,"",3,"",0,"",5.4,"",.0,"8","U","",8.7,"",97,"",5.0,"",1013.0,"",1026.6,"",2,.3,"",.0,"8",0,"8","10","2","8","","6","","","/","","","/","","",0,"8",.0,"8",.0,"8","","8",0,"8","","",.0,"8",.0,"8",.0,"8",.0,"8",.0,"8",.0,"8",.0,"8",.0,"8",.0,"8",0,"8",0,"8",0,"8","","",0,"8",0,"8"
"352190360","P£OCK","2006","11","29","12","2","",0,"8",0,"8","","","",4,"",0,"8",0,"8",8,"",150,"",2,"",0,"",5.7,"",.0,"8","U","",8.9,"",97,"",5.3,"",1012.9,"",1026.5,"",4,.0,"",.0,"9",0,"9","10","4","8","","6","","","/","","","/","","",1,"",.0,"8",.0,"8","","8",0,"8","","",.0,"8",.0,"8",.0,"8",.0,"8",.0,"8",.0,"8",.0,"8",.0,"8",.0,"8",0,"8",0,"8",0,"8","","",0,"8",0,"8"
"352190360","P£OCK","2006","11","29","13","2","",0,"8",0,"8","","","",4,"",0,"8",0,"8",8,"",160,"",3,"",0,"",5.9,"",.0,"8","U","",9.0,"",97,"",5.5,"",1013.0,"",1026.6,"",2,.2,"",.0,"8",0,"8","10","2","8","","6","","","/","","","/","","",0,"8",.0,"8",.0,"8","","8",0,"8","","",.0,"8",.0,"8",.0,"8",.0,"8",.0,"8",.0,"8",.0,"8",.0,"8",.0,"8",0,"8",0,"8",0,"8","","",0,"8",0,"8"
"352190360","P£OCK","2006","11","29","14","2","",0,"8",0,"8","","","",4,"",0,"8",0,"8",8,"",140,"",2,"",0,"",6.0,"",.0,"8","U","",9.1,"",97,"",5.6,"",1013.6,"",1027.2,"",3,.6,"",.0,"8",0,"8","10","2","8","","6","","","/","","","/","","",0,"8",.0,"8",.0,"8","","8",0,"8","","",.0,"8",.0,"8",.0,"8",.0,"8",.0,"8",.0,"8",.0,"8",.0,"8",.0,"8",0,"8",0,"8",0,"8","","",0,"8",0,"8"
"352190360","P£OCK","2006","11","29","15","1","",0,"8",0,"8","","","",3,"",0,"8",0,"8",8,"",140,"",1,"",0,"",5.8,"",.0,"8","U","",8.9,"",97,"",5.4,"",1014.2,"",1027.8,"",3,1.3,"",.0,"8",0,"8","46","2","8","","6","","","/","","","/","","",0,"8",.0,"8",.0,"8","","8",0,"8","","",.0,"8",.0,"8",.0,"8",.0,"8",.0,"8",.0,"8",.0,"8",.0,"8",.0,"8",0,"8",0,"8",0,"8","","",0,"8",0,"8"
"352190360","P£OCK","2006","11","29","16","1","",0,"8",0,"8","","","",2,"",0,"8",0,"8",8,"",140,"",1,"",0,"",6.0,"",.0,"8","U","",9.1,"",97,"",5.6,"",1014.6,"",1028.2,"",1,1.6,"",.0,"8",0,"8","46","4","8","","6","","","/","","","/","","",0,"8",.0,"8",.0,"8","","8",0,"8","","",.0,"8",.0,"8",.0,"8",.0,"8",.0,"8",.0,"8",.0,"8",.0,"8",.0,"8",0,"8",0,"8",0,"8","","",0,"8",0,"8"
"352190360","P£OCK","2006","11","29","17","2","",0,"8",0,"8","","","",3,"",0,"8",0,"8",8,"",0,"",0,"",0,"",6.2,"",.0,"8","U","",9.2,"",97,"",5.8,"",1015.1,"",1028.7,"",2,1.5,"",.0,"8",0,"8","42","4","8","","6","","","/","","","/","","",0,"8",.0,"8",.0,"8","","8",0,"8","","",.0,"8",.0,"8",.0,"8",.0,"8",.0,"8",.0,"8",.0,"8",.0,"8",.0,"8",0,"8",0,"8",0,"8","","",0,"8",0,"8"
"352190360","P£OCK","2006","11","29","18","2","",0,"8",0,"8","","","",3,"",0,"8",0,"8",8,"",290,"",4,"",0,"",6.3,"",.0,"8","U","",9.3,"",97,"",5.9,"",1015.4,"",1029.0,"",2,1.2,"",.0,"9",0,"9","42","4","8","","6","","","/","","","/","","",1,"",.0,"8",.0,"8","","8",0,"8","","",.0,"8",.0,"8",.0,"8",.0,"8",.0,"8",.0,"8",.0,"8",.0,"8",.0,"8",0,"8",0,"8",0,"8","","",0,"8",0,"8"
"352190360","P£OCK","2006","11","29","19","1","",0,"8",0,"8","","","",3,"",0,"8",0,"8",8,"",280,"",2,"",0,"",6.2,"",.0,"8","U","",9.2,"",97,"",5.8,"",1016.1,"",1029.7,"",2,1.5,"",.0,"8",0,"8","51","4","8","","6","","","/","","","/","","",0,"8",.0,"8",.0,"8","","8",0,"8","","",.0,"8",.0,"8",.0,"8",.0,"8",.0,"8",.0,"8",.0,"8",.0,"8",.0,"8",0,"8",0,"8",0,"8","","",0,"8",0,"8"
"352190360","P£OCK","2006","11","29","20","2","",0,"8",0,"8","","","",4,"",0,"8",0,"8",8,"",290,"",3,"",0,"",6.1,"",.0,"8","U","",9.1,"",97,"",5.7,"",1016.9,"",1030.5,"",3,1.8,"",.0,"8",0,"8","28","2","8","","5","","","/","","","/","","",0,"8",.0,"8",.0,"8","","8",0,"8","","",.0,"8",.0,"8",.0,"8",.0,"8",.0,"8",.0,"8",.0,"8",.0,"8",.0,"8",0,"8",0,"8",0,"8","","",0,"8",0,"8"
"352190360","P£OCK","2006","11","29","21","2","",0,"8",0,"8","","","",4,"",0,"8",0,"8",8,"",280,"",4,"",0,"",6.1,"",.0,"8","U","",9.1,"",97,"",5.7,"",1017.5,"",1031.1,"",2,2.1,"",.0,"8",0,"8","10","5","8","","6","","","/","","","/","","",0,"8",.0,"8",.0,"8","","8",0,"8","","",.0,"8",.0,"8",.0,"8",.0,"8",.0,"8",.0,"8",.0,"8",.0,"8",.0,"8",0,"8",0,"8",0,"8","","",0,"8",0,"8"
"352190360","P£OCK","2006","11","29","22","1","",0,"8",0,"8","","","",4,"",0,"8",0,"8",8,"",280,"",4,"",0,"",6.2,"",.0,"8","U","",9.2,"",97,"",5.8,"",1017.9,"",1031.5,"",1,1.8,"",.0,"8",0,"8","10","2","8","","6","","","/","","","/","","",0,"8",.0,"8",.0,"8","","8",0,"8","","",.0,"8",.0,"8",.0,"8",.0,"8",.0,"8",.0,"8",.0,"8",.0,"8",.0,"8",0,"8",0,"8",0,"8","","",0,"8",0,"8"
"352190360","P£OCK","2006","11","29","23","1","",0,"8",0,"8","","","",3,"",0,"8",0,"8",8,"",280,"",3,"",0,"",6.4,"",.0,"8","U","",9.3,"",97,"",6.0,"",1018.5,"",1032.1,"",2,1.6,"",.0,"8",0,"8","46","4","8","","6","","","/","","","/","","",0,"8",.0,"8",.0,"8","","8",0,"8","","",.0,"8",.0,"8",.0,"8",.0,"8",.0,"8",.0,"8",.0,"8",.0,"8",.0,"8",0,"8",0,"8",0,"8","","",0,"8",0,"8"
"352190360","P£OCK","2006","11","30","00","1","",0,"8",0,"8","","","",4,"",0,"8",0,"8",8,"",280,"",4,"",0,"",6.7,"",.0,"8","U","",9.5,"",97,"",6.3,"",1019.1,"",1032.7,"",3,1.6,"",.0,"",6,"","28","5","8","","6","","","/","","","/","","",1,"",.0,"8",.0,"8","","8",0,"8","","",.0,"8",.0,"8",.0,"8",.0,"8",.0,"8",.0,"8",.0,"8",.0,"8",.0,"8",0,"8",0,"8",0,"8","","",0,"8",0,"8"
"352190360","P£OCK","2006","11","30","01","1","",0,"8",0,"8","","","",4,"",0,"8",0,"8",8,"",290,"",4,"",0,"",6.9,"",.0,"8","U","",9.6,"",97,"",6.5,"",1019.8,"",1033.4,"",2,1.9,"",.0,"8",0,"8","10","2","8","","6","","","/","","","/","","",0,"8",.0,"8",.0,"8","","8",0,"8","","",.0,"8",.0,"8",.0,"8",.0,"8",.0,"8",.0,"8",.0,"8",.0,"8",.0,"8",0,"8",0,"8",0,"8","","",0,"8",0,"8"
"352190360","P£OCK","2006","11","30","02","1","",0,"8",0,"8","","","",4,"",0,"8",0,"8",8,"",290,"",4,"",0,"",7.2,"",.0,"8","U","",9.8,"",97,"",6.8,"",1020.0,"",1033.6,"",2,1.5,"",.0,"8",0,"8","10","2","8","","6","","","/","","","/","","",0,"8",.0,"8",.0,"8","","8",0,"8","","",.0,"8",.0,"8",.0,"8",.0,"8",.0,"8",.0,"8",.0,"8",.0,"8",.0,"8",0,"8",0,"8",0,"8","","",0,"8",0,"8"
"352190360","P£OCK","2006","11","30","03","2","",0,"8",0,"8","","","",5,"",0,"8",0,"8",8,"",290,"",3,"",0,"",7.4,"",.0,"8","U","",10.0,"",97,"",7.0,"",1020.1,"",1033.7,"",1,1.0,"",.0,"8",0,"8","10","2","8","","6","","","/","","","/","","",0,"8",.0,"8",.0,"8","","8",0,"8","","",.0,"8",.0,"8",.0,"8",.0,"8",.0,"8",.0,"8",.0,"8",.0,"8",.0,"8",0,"8",0,"8",0,"8","","",0,"8",0,"8"
"352190360","P£OCK","2006","11","30","04","5","",0,"8",0,"8","","","",5,"",0,"8",0,"8",8,"",290,"",4,"",0,"",7.4,"",.0,"8","U","",10.0,"",97,"",7.0,"",1020.5,"",1034.1,"",2,.7,"",.0,"8",0,"8","10","2","8","","5","","","/","","","/","","",0,"8",.0,"8",.0,"8","","8",0,"8","","",.0,"8",.0,"8",.0,"8",.0,"8",.0,"8",.0,"8",.0,"8",.0,"8",.0,"8",0,"8",0,"8",0,"8","","",0,"8",0,"8"
"352190360","P£OCK","2006","11","30","05","5","",0,"8",0,"8","","","",6,"",0,"8",0,"8",8,"",280,"",3,"",0,"",7.3,"",.0,"8","U","",9.9,"",97,"",6.9,"",1020.9,"",1034.5,"",3,.9,"",.0,"8",0,"8","10","2","8","","5","","","/","","","/","","",0,"8",.0,"8",.0,"8","","8",0,"8","","",.0,"8",.0,"8",.0,"8",.0,"8",.0,"8",.0,"8",.0,"8",.0,"8",.0,"8",0,"8",0,"8",0,"8","","",0,"8",0,"8"
"352190360","P£OCK","2006","11","30","06","5","",0,"8",0,"8","","","",6,"",0,"8",0,"8",7,"",280,"",4,"",0,"",7.2,"",.0,"8","U","",9.8,"",97,"",6.8,"",1021.7,"",1035.3,"",3,1.6,"",.0,"9",0,"9","10","2","7","","5","","","/","","","/","","",1,"",.0,"8",.0,"8","","8",0,"8","","",.0,"8",.0,"8",.0,"8",.0,"8",.0,"8",.0,"8",.0,"8",.0,"8",.0,"8",0,"8",0,"8",0,"8","","",0,"8",0,"8"
"352190360","P£OCK","2006","11","30","07","5","",0,"8",0,"8","","","",7,"",0,"8",0,"8",7,"",280,"",2,"",0,"",7.2,"",.0,"8","U","",9.7,"",96,"",6.6,"",1022.5,"",1036.1,"",3,2.0,"",.0,"8",0,"8","02","2","7","","5","","","/","","","/","","",0,"8",.0,"8",.0,"8","","8",0,"8","","",.0,"8",.0,"8",.0,"8",.0,"8",.0,"8",.0,"8",.0,"8",.0,"8",.0,"8",0,"8",0,"8",0,"8","","",0,"8",0,"8"
"352190360","P£OCK","2006","11","30","08","5","",0,"8",0,"8","","","",7,"",0,"8",0,"8",7,"",280,"",3,"",0,"",7.5,"",.0,"8","U","",8.8,"",85,"",5.1,"",1023.0,"",1036.6,"",1,2.1,"",.0,"8",0,"8","02","2","7","","5","","","/","","","/","","",0,"8",.0,"8",.0,"8","","8",0,"8","","",.0,"8",.0,"8",.0,"8",.0,"8",.0,"8",.0,"8",.0,"8",.0,"8",.0,"8",0,"8",0,"8",0,"8","","",0,"8",0,"8"
"352190360","P£OCK","2006","11","30","09","5","",0,"8",0,"8","","","",7,"",0,"8",0,"8",7,"",260,"",3,"",0,"",8.2,"",.0,"8","U","",8.8,"",81,"",5.1,"",1022.8,"",1036.4,"",0,1.1,"",.0,"8",0,"8","02","2","7","","5","","","/","","","/","","",0,"8",.0,"8",.0,"8","","8",0,"8","","",.0,"8",.0,"8",.0,"8",.0,"8",.0,"8",.0,"8",.0,"8",.0,"8",.0,"8",0,"8",0,"8",0,"8","","",0,"8",0,"8"
"352190360","P£OCK","2006","11","30","10","5","",0,"8",0,"8","","","",7,"",0,"8",0,"8",7,"",240,"",3,"",0,"",8.3,"",.0,"8","U","",9.2,"",84,"",5.8,"",1022.7,"",1036.3,"",0,.2,"",.0,"8",0,"8","02","2","7","","5","","","/","","","/","","",0,"8",.0,"8",.0,"8","","8",0,"8","","",.0,"8",.0,"8",.0,"8",.0,"8",.0,"8",.0,"8",.0,"8",.0,"8",.0,"8",0,"8",0,"8",0,"8","","",0,"8",0,"8"
"352190360","P£OCK","2006","11","30","11","5","",0,"8",0,"8","","","",7,"",0,"8",0,"8",7,"",270,"",5,"",0,"",8.9,"",.0,"8","U","",8.5,"",75,"",4.7,"",1022.8,"",1036.4,"",5,-.2,"",.0,"8",0,"8","02","2","7","","5","","","/","","","/","","",0,"8",.0,"8",.0,"8","","8",0,"8","","",.0,"8",.0,"8",.0,"8",.0,"8",.0,"8",.0,"8",.0,"8",.0,"8",.0,"8",0,"8",0,"8",0,"8","","",0,"8",0,"8"
"352190360","P£OCK","2006","11","30","12","5","",0,"8",0,"8","","","",7,"",0,"8",0,"8",3,"",280,"",5,"",0,"",9.1,"",.0,"8","U","",8.8,"",76,"",5.1,"",1022.7,"",1036.3,"",7,-.1,"",.0,"9",0,"9","01","1","3","","5","","","0","","","0","","",1,"",.0,"8",.0,"8","","8",0,"8","","",.0,"8",.0,"8",.0,"8",.0,"8",.0,"8",.0,"8",.0,"8",.0,"8",.0,"8",0,"8",0,"8",0,"8","","",0,"8",0,"8"
"352190360","P£OCK","2006","11","30","13","5","",0,"8",0,"8","","","",7,"",0,"8",0,"8",2,"",270,"",3,"",0,"",9.2,"",.0,"8","U","",8.8,"",76,"",5.2,"",1022.7,"",1036.2,"",4,.0,"",.0,"8",0,"8","03","0","1","","2","","","0","","","1","","",0,"8",.0,"8",.0,"8","","8",0,"8","","",.0,"8",.0,"8",.0,"8",.0,"8",.0,"8",.0,"8",.0,"8",.0,"8",.0,"8",0,"8",0,"8",0,"8","","",0,"8",0,"8"
"352190360","P£OCK","2006","11","30","14","5","",0,"8",0,"8","","","",7,"",0,"8",0,"8",3,"",280,"",5,"",0,"",8.7,"",.0,"8","U","",8.4,"",75,"",4.5,"",1022.7,"",1036.3,"",6,-.1,"",.0,"8",0,"8","03","0","2","","2","","","0","","","1","","",0,"8",.0,"8",.0,"8","","8",0,"8","","",.0,"8",.0,"8",.0,"8",.0,"8",.0,"8",.0,"8",.0,"8",.0,"8",.0,"8",0,"8",0,"8",0,"8","","",0,"8",0,"8"
"352190360","P£OCK","2006","11","30","15","5","",0,"8",0,"8","","","",6,"",0,"8",0,"8",3,"",230,"",3,"",0,"",6.9,"",.0,"8","U","",8.3,"",84,"",4.4,"",1022.9,"",1036.6,"",3,.2,"",.0,"8",0,"8","10","0","1","","5","","","0","","","1","","",0,"8",.0,"8",.0,"8","","8",0,"8","","",.0,"8",.0,"8",.0,"8",.0,"8",.0,"8",.0,"8",.0,"8",.0,"8",.0,"8",0,"8",0,"8",0,"8","","",0,"8",0,"8"
"352190360","P£OCK","2006","11","30","16","9","",0,"8",0,"8","","","",6,"",0,"8",0,"8",2,"",210,"",3,"",0,"",5.6,"",.0,"8","U","",7.9,"",87,"",3.6,"",1022.9,"",1036.6,"",1,.2,"",.0,"8",0,"8","10","0","0","","0","","","0","","","1","","",0,"8",.0,"8",.0,"8","","8",0,"8","","",.0,"8",.0,"8",.0,"8",.0,"8",.0,"8",.0,"8",.0,"8",.0,"8",.0,"8",0,"8",0,"8",0,"8","","",0,"8",0,"8"
"352190360","P£OCK","2006","11","30","17","9","",0,"8",0,"8","","","",6,"",0,"8",0,"8",1,"",220,"",3,"",0,"",4.8,"",.0,"8","U","",7.8,"",91,"",3.5,"",1022.9,"",1036.7,"",1,.2,"",.0,"8",0,"8","10","0","0","","0","","","0","","","1","","",0,"8",.0,"8",.0,"8","","8",0,"8","","",.0,"8",.0,"8",.0,"8",.0,"8",.0,"8",.0,"8",.0,"8",.0,"8",.0,"8",0,"8",0,"8",0,"8","","",0,"8",0,"8"
"352190360","P£OCK","2006","11","30","18","9","",0,"8",0,"8","","","",6,"",0,"8",0,"8",1,"",230,"",3,"",0,"",4.8,"",.0,"8","U","",7.9,"",92,"",3.6,"",1023.0,"",1036.8,"",3,.1,"",.0,"9",0,"9","10","0","0","","0","","","0","","","1","","",1,"",.0,"8",.0,"8","","8",0,"8","","",.0,"8",.0,"8",.0,"8",.0,"8",.0,"8",.0,"8",.0,"8",.0,"8",.0,"8",0,"8",0,"8",0,"8","","",0,"8",0,"8"
"352190360","P£OCK","2006","11","30","19","9","",0,"8",0,"8","","","",5,"",0,"8",0,"8",1,"",210,"",4,"",0,"",4.1,"",.0,"8","U","",7.5,"",92,"",2.9,"",1022.9,"",1036.7,"",0,.0,"",.0,"8",0,"8","10","0","0","","0","","","0","","","1","","",0,"8",.0,"8",.0,"8","","8",0,"8","","",.0,"8",.0,"8",.0,"8",.0,"8",.0,"8",.0,"8",.0,"8",.0,"8",.0,"8",0,"8",0,"8",0,"8","","",0,"8",0,"8"
"352190360","P£OCK","2006","11","30","20","9","",0,"8",0,"8","","","",5,"",0,"8",0,"8",0,"",230,"",4,"",0,"",4.3,"",.0,"8","U","",7.8,"",94,"",3.4,"",1023.1,"",1036.9,"",2,.2,"",.0,"8",0,"8","10","0","0","","0","","","0","","","0","","",0,"8",.0,"8",.0,"8","","8",0,"8","","",.0,"8",.0,"8",.0,"8",.0,"8",.0,"8",.0,"8",.0,"8",.0,"8",.0,"8",0,"8",0,"8",0,"8","","",0,"8",0,"8"
"352190360","P£OCK","2006","11","30","21","9","",0,"8",0,"8","","","",4,"",0,"8",0,"8",0,"",230,"",3,"",0,"",3.6,"",.0,"8","U","",7.4,"",94,"",2.7,"",1023.0,"",1036.8,"",4,.0,"",.0,"8",0,"8","10","0","0","","0","","","0","","","0","","",0,"8",.0,"8",.0,"8","","8",0,"8","","",.0,"8",.0,"8",.0,"8",.0,"8",.0,"8",.0,"8",.0,"8",.0,"8",.0,"8",0,"8",0,"8",0,"8","","",0,"8",0,"8"
"352190360","P£OCK","2006","11","30","22","9","",0,"8",0,"8","","","",4,"",0,"8",0,"8",0,"",230,"",3,"",0,"",3.6,"",.0,"8","U","",7.4,"",94,"",2.7,"",1023.0,"",1036.8,"",1,.1,"",.0,"8",0,"8","10","0","0","","0","","","0","","","0","","",0,"8",.0,"8",.0,"8","","8",0,"8","","",.0,"8",.0,"8",.0,"8",.0,"8",.0,"8",.0,"8",.0,"8",.0,"8",.0,"8",0,"8",0,"8",0,"8","","",0,"8",0,"8"
"352190360","P£OCK","2006","11","30","23","9","",0,"8",0,"8","","","",4,"",0,"8",0,"8",0,"",210,"",2,"",0,"",2.7,"",.0,"8","U","",7.0,"",95,"",2.0,"",1022.7,"",1036.6,"",7,-.4,"",.0,"8",0,"8","10","0","0","","0","","","0","","","0","","",0,"8",.0,"8",.0,"8","","8",0,"8","","",.0,"8",.0,"8",.0,"8",.0,"8",.0,"8",.0,"8",.0,"8",.0,"8",.0,"8",0,"8",0,"8",0,"8","","",0,"8",0,"8"
"352190360","P£OCK","2006","12","01","00","1","",0,"8",0,"8","","","",1,"",0,"8",0,"8",3,"",210,"",2,"",0,"",2.4,"",.0,"8","U","",6.9,"",95,"",1.7,"",1022.4,"",1036.3,"",8,-.6,"",.0,"9",0,"9","46","0","3","","6","","","0","","","0","","",1,"",.0,"8",.0,"8","","8",0,"8","","",.0,"8",.0,"8",.0,"8",.0,"8",.0,"8",.0,"8",.0,"8",.0,"8",.0,"8",0,"8",0,"8",0,"8","","",0,"8",0,"8"
"352190360","P£OCK","2006","12","01","01","2","",0,"8",0,"8","","","",2,"",0,"8",0,"8",2,"",230,"",2,"",0,"",2.1,"",.0,"8","U","",6.8,"",96,"",1.5,"",1022.3,"",1036.2,"",6,-.7,"",.0,"8",0,"8","42","4","2","","6","","","0","","","0","","",0,"8",.0,"8",.0,"8","","8",0,"8","","",.0,"8",.0,"8",.0,"8",.0,"8",.0,"8",.0,"8",.0,"8",.0,"8",.0,"8",0,"8",0,"8",0,"8","","",0,"8",0,"8"
"352190360","P£OCK","2006","12","01","02","9","",0,"8",0,"8","","","",1,"",0,"8",0,"8",0,"",220,"",1,"",0,"",1.3,"",.0,"8","U","",6.4,"",96,"",.7,"",1021.7,"",1035.6,"",7,-1.0,"",.0,"8",0,"8","46","4","0","","0","","","0","","","0","","",0,"8",.0,"8",.0,"8","","8",0,"8","","",.0,"8",.0,"8",.0,"8",.0,"8",.0,"8",.0,"8",.0,"8",.0,"8",.0,"8",0,"8",0,"8",0,"8","","",0,"8",0,"8"
"352190360","P£OCK","2006","12","01","03","9","",0,"8",0,"8","","","",2,"",0,"8",0,"8",0,"",200,"",1,"",0,"",.9,"",.0,"8","U","",6.3,"",96,"",.3,"",1020.9,"",1034.8,"",8,-1.5,"",.0,"8",0,"8","42","4","0","","0","","","0","","","0","","",0,"8",.0,"8",.0,"8","","8",0,"8","","",.0,"8",.0,"8",.0,"8",.0,"8",.0,"8",.0,"8",.0,"8",.0,"8",.0,"8",0,"8",0,"8",0,"8","","",0,"8",0,"8"
"352190360","P£OCK","2006","12","01","04","9","",0,"8",0,"8","","","",3,"",0,"8",0,"8",0,"",140,"",1,"",0,"",.1,"",.0,"8","U","",5.9,"",96,"",-.5,"",1021.2,"",1035.2,"",5,-1.1,"",.0,"8",0,"8","42","4","0","","0","","","0","","","0","","",0,"8",.0,"8",.0,"8","","8",0,"8","","",.0,"8",.0,"8",.0,"8",.0,"8",.0,"8",.0,"8",.0,"8",.0,"8",.0,"8",0,"8",0,"8",0,"8","","",0,"8",0,"8"
"352190360","P£OCK","2006","12","01","05","9","",0,"8",0,"8","","","",3,"",0,"8",0,"8",0,"",90,"",1,"",0,"",-.3,"",.0,"8","U","",5.7,"",96,"",-.9,"",1020.8,"",1034.8,"",7,-.9,"",.0,"8",0,"8","42","4","0","","0","","","0","","","0","","",0,"8",.0,"8",.0,"8","","8",0,"8","","",.0,"8",.0,"8",.0,"8",.0,"8",.0,"8",.0,"8",.0,"8",.0,"8",.0,"8",0,"8",0,"8",0,"8","","",0,"8",0,"8"
"352190360","P£OCK","2006","12","01","06","9","",0,"8",0,"8","","","",4,"",0,"8",0,"8",4,"",150,"",2,"",0,"",-.1,"",.0,"8","U","",5.8,"",96,"",-.7,"",1020.6,"",1034.6,"",8,-.3,"",.0,"9",0,"9","28","4","0","","0","","","0","","","6","","",4,"",.0,"8",.0,"8","","8",0,"8","","",.0,"8",.0,"8",.0,"8",.0,"8",.0,"8",.0,"8",.0,"8",.0,"8",.0,"8",0,"8",0,"8",0,"8","","",0,"8",0,"8"
"352190360","P£OCK","2006","12","01","07","9","",0,"8",0,"8","","","",5,"",0,"8",0,"8",6,"",180,"",2,"",0,"",.9,"",.0,"8","U","",6.3,"",96,"",.3,"",1020.6,"",1034.5,"",6,-.6,"",.0,"8",0,"8","10","1","0","","0","","","0","","","6","","",0,"8",.0,"8",.0,"8","","8",0,"8","","",.0,"8",.0,"8",.0,"8",.0,"8",.0,"8",.0,"8",.0,"8",.0,"8",.0,"8",0,"8",0,"8",0,"8","","",0,"8",0,"8"
"352190360","P£OCK","2006","12","01","08","9","",0,"8",0,"8","","","",5,"",0,"8",0,"8",7,"",180,"",3,"",0,"",1.6,"",.0,"8","U","",6.6,"",96,"",1.0,"",1019.8,"",1033.7,"",7,-1.0,"",.0,"8",0,"8","10","2","0","","0","","","0","","","6","","",0,"8",.0,"8",.0,"8","","8",0,"8","","",.0,"8",.0,"8",.0,"8",.0,"8",.0,"8",.0,"8",.0,"8",.0,"8",.0,"8",0,"8",0,"8",0,"8","","",0,"8",0,"8"
"352190360","P£OCK","2006","12","01","09","9","",0,"8",0,"8","","","",5,"",0,"8",0,"8",7,"",130,"",2,"",0,"",2.5,"",.0,"8","U","",7.0,"",96,"",1.9,"",1019.6,"",1033.4,"",8,-1.0,"",.0,"8",0,"8","10","1","0","","0","","","0","","","8","","",0,"8",.0,"8",.0,"8","","8",0,"8","","",.0,"8",.0,"8",.0,"8",.0,"8",.0,"8",.0,"8",.0,"8",.0,"8",.0,"8",0,"8",0,"8",0,"8","","",0,"8",0,"8"
"352190360","P£OCK","2006","12","01","10","9","",0,"8",0,"8","","","",5,"",0,"8",0,"8",6,"",160,"",2,"",0,"",4.4,"",.0,"8","U","",7.4,"",88,"",2.6,"",1018.9,"",1032.6,"",7,-1.7,"",.0,"8",0,"8","10","2","0","","0","","","0","","","8","","",0,"8",.0,"8",.0,"8","","8",0,"8","","",.0,"8",.0,"8",.0,"8",.0,"8",.0,"8",.0,"8",.0,"8",.0,"8",.0,"8",0,"8",0,"8",0,"8","","",0,"8",0,"8"
"352190360","P£OCK","2006","12","01","11","9","",0,"8",0,"8","","","",6,"",0,"8",0,"8",6,"",170,"",3,"",0,"",5.7,"",.0,"8","U","",7.6,"",83,"",3.0,"",1018.4,"",1032.1,"",7,-1.4,"",.0,"8",0,"8","10","2","0","","0","","","0","","","8","","",0,"8",.0,"8",.0,"8","","8",0,"8","","",.0,"8",.0,"8",.0,"8",.0,"8",.0,"8",.0,"8",.0,"8",.0,"8",.0,"8",0,"8",0,"8",0,"8","","",0,"8",0,"8"
"352190360","P£OCK","2006","12","01","12","9","",0,"8",0,"8","","","",6,"",0,"8",0,"8",3,"",170,"",2,"",0,"",6.6,"",.0,"8","U","",7.7,"",79,"",3.2,"",1017.7,"",1031.3,"",7,-1.9,"",.0,"9",0,"9","10","1","0","","0","","","0","","","8","","",1,"",.0,"8",.0,"8","","8",0,"8","","",.0,"8",.0,"8",.0,"8",.0,"8",.0,"8",.0,"8",.0,"8",.0,"8",.0,"8",0,"8",0,"8",0,"8","","",0,"8",0,"8"
"352190360","P£OCK","2006","12","01","13","9","",0,"8",0,"8","","","",6,"",0,"8",0,"8",2,"",150,"",3,"",0,"",6.9,"",.0,"8","U","",7.9,"",79,"",3.5,"",1016.7,"",1030.3,"",8,-2.2,"",.0,"8",0,"8","10","0","0","","0","","","0","","","1","","",0,"8",.0,"8",.0,"8","","8",0,"8","","",.0,"8",.0,"8",.0,"8",.0,"8",.0,"8",.0,"8",.0,"8",.0,"8",.0,"8",0,"8",0,"8",0,"8","","",0,"8",0,"8"
"352190360","P£OCK","2006","12","01","14","9","",0,"8",0,"8","","","",5,"",0,"8",0,"8",2,"",170,"",2,"",0,"",6.1,"",.0,"8","U","",7.8,"",83,"",3.4,"",1016.0,"",1029.6,"",7,-2.4,"",.0,"8",0,"8","10","0","0","","0","","","0","","","1","","",0,"8",.0,"8",.0,"8","","8",0,"8","","",.0,"8",.0,"8",.0,"8",.0,"8",.0,"8",.0,"8",.0,"8",.0,"8",.0,"8",0,"8",0,"8",0,"8","","",0,"8",0,"8"
"352190360","P£OCK","2006","12","01","15","9","",0,"8",0,"8","","","",5,"",0,"8",0,"8",7,"",160,"",2,"",0,"",5.1,"",.0,"8","U","",7.6,"",87,"",3.1,"",1015.6,"",1029.3,"",6,-2.1,"",.0,"8",0,"8","10","1","0","","0","","","0","","","6","","",0,"8",.0,"8",.0,"8","","8",0,"8","","",.0,"8",.0,"8",.0,"8",.0,"8",.0,"8",.0,"8",.0,"8",.0,"8",.0,"8",0,"8",0,"8",0,"8","","",0,"8",0,"8"
"352190360","P£OCK","2006","12","01","16","9","",0,"8",0,"8","","","",5,"",0,"8",0,"8",7,"",190,"",3,"",0,"",5.2,"",.0,"8","U","",7.8,"",88,"",3.4,"",1015.6,"",1029.2,"",6,-1.1,"",.0,"8",0,"8","10","2","0","","0","","","0","","","8","","",0,"8",.0,"8",.0,"8","","8",0,"8","","",.0,"8",.0,"8",.0,"8",.0,"8",.0,"8",.0,"8",.0,"8",.0,"8",.0,"8",0,"8",0,"8",0,"8","","",0,"8",0,"8"
"352190360","P£OCK","2006","12","01","17","9","",0,"8",0,"8","","","",5,"",0,"8",0,"8",7,"",190,"",3,"",0,"",5.2,"",.0,"8","U","",7.6,"",86,"",3.0,"",1015.4,"",1029.0,"",7,-.6,"",.0,"8",0,"8","10","2","0","","0","","","0","","","8","","",0,"8",.0,"8",.0,"8","","8",0,"8","","",.0,"8",.0,"8",.0,"8",.0,"8",.0,"8",.0,"8",.0,"8",.0,"8",.0,"8",0,"8",0,"8",0,"8","","",0,"8",0,"8"
"352190360","P£OCK","2006","12","01","18","9","",0,"8",0,"8","","","",5,"",0,"8",0,"8",7,"",180,"",3,"",0,"",4.6,"",.0,"8","U","",7.4,"",87,"",2.6,"",1015.1,"",1028.8,"",8,-.5,"",.0,"9",0,"9","10","1","0","","0","","","0","","","8","","",1,"",.0,"8",.0,"8","","8",0,"8","","",.0,"8",.0,"8",.0,"8",.0,"8",.0,"8",.0,"8",.0,"8",.0,"8",.0,"8",0,"8",0,"8",0,"8","","",0,"8",0,"8"
"352190360","P£OCK","2006","12","01","19","9","",0,"8",0,"8","","","",5,"",0,"8",0,"8",7,"",170,"",3,"",0,"",4.3,"",.0,"8","U","",7.3,"",88,"",2.5,"",1014.3,"",1028.0,"",8,-1.3,"",.0,"8",0,"8","10","2","0","","0","","","0","","","8","","",0,"8",.0,"8",.0,"8","","8",0,"8","","",.0,"8",.0,"8",.0,"8",.0,"8",.0,"8",.0,"8",.0,"8",.0,"8",.0,"8",0,"8",0,"8",0,"8","","",0,"8",0,"8"
"352190360","P£OCK","2006","12","01","20","9","",0,"8",0,"8","","","",6,"",0,"8",0,"8",4,"",200,"",3,"",0,"",4.4,"",.0,"8","U","",7.1,"",85,"",2.1,"",1014.1,"",1027.8,"",7,-1.3,"",.0,"8",0,"8","10","1","0","","0","","","0","","","8","","",0,"8",.0,"8",.0,"8","","8",0,"8","","",.0,"8",.0,"8",.0,"8",.0,"8",.0,"8",.0,"8",.0,"8",.0,"8",.0,"8",0,"8",0,"8",0,"8","","",0,"8",0,"8"
"352190360","P£OCK","2006","12","01","21","9","",0,"8",0,"8","","","",6,"",0,"8",0,"8",1,"",200,"",3,"",0,"",4.1,"",.0,"8","U","",7.1,"",87,"",2.1,"",1013.8,"",1027.5,"",6,-1.3,"",.0,"8",0,"8","10","1","0","","0","","","0","","","1","","",0,"8",.0,"8",.0,"8","","8",0,"8","","",.0,"8",.0,"8",.0,"8",.0,"8",.0,"8",.0,"8",.0,"8",.0,"8",.0,"8",0,"8",0,"8",0,"8","","",0,"8",0,"8"
"352190360","P£OCK","2006","12","01","22","9","",0,"8",0,"8","","","",6,"",0,"8",0,"8",0,"",210,"",3,"",0,"",3.2,"",.0,"8","U","",6.7,"",87,"",1.2,"",1013.7,"",1027.4,"",7,-.6,"",.0,"8",0,"8","10","0","0","","0","","","0","","","0","","",0,"8",.0,"8",.0,"8","","8",0,"8","","",.0,"8",.0,"8",.0,"8",.0,"8",.0,"8",.0,"8",.0,"8",.0,"8",.0,"8",0,"8",0,"8",0,"8","","",0,"8",0,"8"
"352190360","P£OCK","2006","12","01","23","9","",0,"8",0,"8","","","",6,"",0,"8",0,"8",0,"",210,"",3,"",0,"",2.7,"",.0,"8","U","",6.6,"",89,"",1.1,"",1013.3,"",1027.0,"",7,-.8,"",.0,"8",0,"8","10","0","0","","0","","","0","","","0","","",0,"8",.0,"8",.0,"8","","8",0,"8","","",.0,"8",.0,"8",.0,"8",.0,"8",.0,"8",.0,"8",.0,"8",.0,"8",.0,"8",0,"8",0,"8",0,"8","","",0,"8",0,"8"
"352190360","P£OCK","2006","12","02","00","9","",0,"8",0,"8","","","",6,"",0,"8",0,"8",0,"",190,"",2,"",0,"",3.0,"",.0,"8","U","",6.8,"",90,"",1.5,"",1012.9,"",1026.6,"",8,-.9,"",.0,"9",0,"9","10","1","0","","0","","","0","","","0","","",1,"",.0,"8",.0,"8","","8",0,"8","","",.0,"8",.0,"8",.0,"8",.0,"8",.0,"8",.0,"8",.0,"8",.0,"8",.0,"8",0,"8",0,"8",0,"8","","",0,"8",0,"8"
"352190360","P£OCK","2006","12","02","01","9","",0,"8",0,"8","","","",6,"",0,"8",0,"8",0,"",200,"",2,"",0,"",2.5,"",.0,"8","U","",6.7,"",91,"",1.2,"",1012.8,"",1026.5,"",6,-.9,"",.0,"8",0,"8","10","0","0","","0","","","0","","","0","","",0,"8",.0,"8",.0,"8","","8",0,"8","","",.0,"8",.0,"8",.0,"8",.0,"8",.0,"8",.0,"8",.0,"8",.0,"8",.0,"8",0,"8",0,"8",0,"8","","",0,"8",0,"8"
"352190360","P£OCK","2006","12","02","02","9","",0,"8",0,"8","","","",6,"",0,"8",0,"8",0,"",170,"",1,"",0,"",1.8,"",.0,"8","U","",6.3,"",91,"",.5,"",1012.7,"",1026.5,"",6,-.6,"",.0,"8",0,"8","10","0","0","","0","","","0","","","0","","",0,"8",.0,"8",.0,"8","","8",0,"8","","",.0,"8",.0,"8",.0,"8",.0,"8",.0,"8",.0,"8",.0,"8",.0,"8",.0,"8",0,"8",0,"8",0,"8","","",0,"8",0,"8"
"352190360","P£OCK","2006","12","02","03","9","",0,"8",0,"8","","","",6,"",0,"8",0,"8",0,"",170,"",1,"",0,"",.8,"",.0,"8","U","",6.0,"",93,"",-.2,"",1012.6,"",1026.4,"",7,-.3,"",.0,"8",0,"8","10","0","0","","0","","","0","","","0","","",0,"8",.0,"8",.0,"8","","8",0,"8","","",.0,"8",.0,"8",.0,"8",.0,"8",.0,"8",.0,"8",.0,"8",.0,"8",.0,"8",0,"8",0,"8",0,"8","","",0,"8",0,"8"
"352190360","P£OCK","2006","12","02","04","9","",0,"8",0,"8","","","",6,"",0,"8",0,"8",0,"",170,"",1,"",0,"",1.2,"",.0,"8","U","",6.3,"",94,"",.3,"",1012.2,"",1026.0,"",8,-.6,"",.0,"8",0,"8","10","0","0","","0","","","0","","","0","","",0,"8",.0,"8",.0,"8","","8",0,"8","","",.0,"8",.0,"8",.0,"8",.0,"8",.0,"8",.0,"8",.0,"8",.0,"8",.0,"8",0,"8",0,"8",0,"8","","",0,"8",0,"8"
"352190360","P£OCK","2006","12","02","05","9","",0,"8",0,"8","","","",6,"",0,"8",0,"8",0,"",190,"",2,"",0,"",1.5,"",.0,"8","U","",6.4,"",94,"",.6,"",1011.8,"",1025.6,"",8,-.9,"",.0,"8",0,"8","10","0","0","","0","","","0","","","0","","",0,"8",.0,"8",.0,"8","","8",0,"8","","",.0,"8",.0,"8",.0,"8",.0,"8",.0,"8",.0,"8",.0,"8",.0,"8",.0,"8",0,"8",0,"8",0,"8","","",0,"8",0,"8"
"352190360","P£OCK","2006","12","02","06","9","",0,"8",0,"8","","","",6,"",0,"8",0,"8",0,"",190,"",2,"",0,"",1.5,"",.0,"8","U","",6.3,"",93,"",.5,"",1011.5,"",1025.3,"",7,-1.1,"",.0,"9",0,"9","10","0","0","","0","","","0","","","0","","",4,"",.0,"8",.0,"8","","8",0,"8","","",.0,"8",.0,"8",.0,"8",.0,"8",.0,"8",.0,"8",.0,"8",.0,"8",.0,"8",0,"8",0,"8",0,"8","","",0,"8",0,"8"
"352190360","P£OCK","2006","12","02","07","9","",0,"8",0,"8","","","",6,"",0,"8",0,"8",0,"",190,"",3,"",0,"",1.5,"",.0,"8","U","",6.3,"",93,"",.5,"",1011.3,"",1025.1,"",6,-.9,"",.0,"8",0,"8","10","0","0","","0","","","0","","","0","","",0,"8",.0,"8",.0,"8","","8",0,"8","","",.0,"8",.0,"8",.0,"8",.0,"8",.0,"8",.0,"8",.0,"8",.0,"8",.0,"8",0,"8",0,"8",0,"8","","",0,"8",0,"8"
"352190360","P£OCK","2006","12","02","08","9","",0,"8",0,"8","","","",6,"",0,"8",0,"8",0,"",200,"",3,"",0,"",2.5,"",.0,"8","U","",6.5,"",89,"",.9,"",1011.0,"",1024.7,"",7,-.8,"",.0,"8",0,"8","10","0","0","","0","","","0","","","0","","",0,"8",.0,"8",.0,"8","","8",0,"8","","",.0,"8",.0,"8",.0,"8",.0,"8",.0,"8",.0,"8",.0,"8",.0,"8",.0,"8",0,"8",0,"8",0,"8","","",0,"8",0,"8"
"352190360","P£OCK","2006","12","02","09","9","",0,"8",0,"8","","","",6,"",0,"8",0,"8",0,"",200,"",3,"",0,"",4.3,"",.0,"8","U","",6.8,"",82,"",1.5,"",1010.8,"",1024.4,"",7,-.7,"",.0,"8",0,"8","10","0","0","","0","","","0","","","0","","",0,"8",.0,"8",.0,"8","","8",0,"8","","",.0,"8",.0,"8",.0,"8",.0,"8",.0,"8",.0,"8",.0,"8",.0,"8",.0,"8",0,"8",0,"8",0,"8","","",0,"8",0,"8"
"352190360","P£OCK","2006","12","02","10","9","",0,"8",0,"8","","","",6,"",0,"8",0,"8",0,"",200,"",3,"",0,"",5.3,"",.0,"8","U","",7.0,"",79,"",1.9,"",1010.2,"",1023.8,"",7,-1.1,"",.0,"8",0,"8","10","0","0","","0","","","0","","","0","","",0,"8",.0,"8",.0,"8","","8",0,"8","","",.0,"8",.0,"8",.0,"8",.0,"8",.0,"8",.0,"8",.0,"8",.0,"8",.0,"8",0,"8",0,"8",0,"8","","",0,"8",0,"8"
"352190360","P£OCK","2006","12","02","11","9","",0,"8",0,"8","","","",6,"",0,"8",0,"8",0,"",200,"",4,"",0,"",6.5,"",.0,"8","U","",7.3,"",75,"",2.4,"",1009.8,"",1023.3,"",7,-1.2,"",.0,"8",0,"8","10","0","0","","0","","","0","","","0","","",0,"8",.0,"8",.0,"8","","8",0,"8","","",.0,"8",.0,"8",.0,"8",.0,"8",.0,"8",.0,"8",.0,"8",.0,"8",.0,"8",0,"8",0,"8",0,"8","","",0,"8",0,"8"
"352190360","P£OCK","2006","12","02","12","9","",0,"8",0,"8","","","",6,"",0,"8",0,"8",0,"",200,"",5,"",0,"",7.0,"",.0,"8","U","",7.1,"",71,"",2.1,"",1008.9,"",1022.4,"",7,-1.9,"",.0,"9",0,"9","10","0","0","","0","","","0","","","0","","",1,"",.0,"8",.0,"8","","8",0,"8","","",.0,"8",.0,"8",.0,"8",.0,"8",.0,"8",.0,"8",.0,"8",.0,"8",.0,"8",0,"8",0,"8",0,"8","","",0,"8",0,"8"
"352190360","P£OCK","2006","12","02","13","9","",0,"8",0,"8","","","",6,"",0,"8",0,"8",0,"",200,"",4,"",0,"",6.7,"",.0,"8","U","",7.3,"",74,"",2.4,"",1008.2,"",1021.7,"",7,-2.0,"",.0,"8",0,"8","10","0","0","","0","","","0","","","0","","",0,"8",.0,"8",.0,"8","","8",0,"8","","",.0,"8",.0,"8",.0,"8",.0,"8",.0,"8",.0,"8",.0,"8",.0,"8",.0,"8",0,"8",0,"8",0,"8","","",0,"8",0,"8"
"352190360","P£OCK","2006","12","02","14","9","",0,"8",0,"8","","","",6,"",0,"8",0,"8",0,"",190,"",3,"",0,"",5.8,"",.0,"8","U","",7.1,"",77,"",2.1,"",1008.0,"",1021.5,"",6,-1.8,"",.0,"8",0,"8","10","0","0","","0","","","0","","","0","","",0,"8",.0,"8",.0,"8","","8",0,"8","","",.0,"8",.0,"8",.0,"8",.0,"8",.0,"8",.0,"8",.0,"8",.0,"8",.0,"8",0,"8",0,"8",0,"8","","",0,"8",0,"8"
"352190360","P£OCK","2006","12","02","15","9","",0,"8",0,"8","","","",6,"",0,"8",0,"8",0,"",170,"",3,"",0,"",4.7,"",.0,"8","U","",6.9,"",81,"",1.7,"",1007.5,"",1021.1,"",7,-1.4,"",.0,"8",0,"8","10","0","0","","0","","","0","","","0","","",0,"8",.0,"8",.0,"8","","8",0,"8","","",.0,"8",.0,"8",.0,"8",.0,"8",.0,"8",.0,"8",.0,"8",.0,"8",.0,"8",0,"8",0,"8",0,"8","","",0,"8",0,"8"
"352190360","P£OCK","2006","12","02","16","9","",0,"8",0,"8","","","",6,"",0,"8",0,"8",0,"",170,"",2,"",0,"",3.3,"",.0,"8","U","",6.7,"",86,"",1.2,"",1007.3,"",1020.9,"",7,-.9,"",.0,"8",0,"8","10","0","0","","0","","","0","","","0","","",0,"8",.0,"8",.0,"8","","8",0,"8","","",.0,"8",.0,"8",.0,"8",.0,"8",.0,"8",.0,"8",.0,"8",.0,"8",.0,"8",0,"8",0,"8",0,"8","","",0,"8",0,"8"
"352190360","P£OCK","2006","12","02","17","9","",0,"8",0,"8","","","",5,"",0,"8",0,"8",0,"",170,"",2,"",0,"",2.8,"",.0,"8","U","",6.5,"",87,"",.8,"",1006.8,"",1020.4,"",7,-1.2,"",.0,"8",0,"8","10","0","0","","0","","","0","","","0","","",0,"8",.0,"8",.0,"8","","8",0,"8","","",.0,"8",.0,"8",.0,"8",.0,"8",.0,"8",.0,"8",.0,"8",.0,"8",.0,"8",0,"8",0,"8",0,"8","","",0,"8",0,"8"
"352190360","P£OCK","2006","12","02","18","9","",0,"8",0,"8","","","",6,"",0,"8",0,"8",0,"",170,"",2,"",0,"",2.9,"",.0,"8","U","",6.5,"",86,"",.8,"",1006.6,"",1020.2,"",7,-.9,"",.0,"9",0,"9","10","0","0","","0","","","0","","","0","","",4,"",.0,"8",.0,"8","","8",0,"8","","",.0,"8",.0,"8",.0,"8",.0,"8",.0,"8",.0,"8",.0,"8",.0,"8",.0,"8",0,"8",0,"8",0,"8","","",0,"8",0,"8"
"352190360","P£OCK","2006","12","02","19","9","",0,"8",0,"8","","","",5,"",0,"8",0,"8",0,"",190,"",3,"",0,"",2.8,"",.0,"8","U","",6.4,"",86,"",.7,"",1006.5,"",1020.1,"",6,-.8,"",.0,"8",0,"8","10","0","0","","0","","","0","","","0","","",0,"8",.0,"8",.0,"8","","8",0,"8","","",.0,"8",.0,"8",.0,"8",.0,"8",.0,"8",.0,"8",.0,"8",.0,"8",.0,"8",0,"8",0,"8",0,"8","","",0,"8",0,"8"
"352190360","P£OCK","2006","12","02","20","9","",0,"8",0,"8","","","",5,"",0,"8",0,"8",0,"",200,"",3,"",0,"",2.6,"",.0,"8","U","",6.5,"",88,"",.8,"",1006.1,"",1019.7,"",7,-.7,"",.0,"8",0,"8","10","0","0","","0","","","0","","","0","","",0,"8",.0,"8",.0,"8","","8",0,"8","","",.0,"8",.0,"8",.0,"8",.0,"8",.0,"8",.0,"8",.0,"8",.0,"8",.0,"8",0,"8",0,"8",0,"8","","",0,"8",0,"8"
"352190360","P£OCK","2006","12","02","21","9","",0,"8",0,"8","","","",5,"",0,"8",0,"8",0,"",170,"",2,"",0,"",2.1,"",.0,"8","U","",6.3,"",89,"",.5,"",1005.7,"",1019.4,"",8,-.9,"",.0,"8",0,"8","10","0","0","","0","","","0","","","0","","",0,"8",.0,"8",.0,"8","","8",0,"8","","",.0,"8",.0,"8",.0,"8",.0,"8",.0,"8",.0,"8",.0,"8",.0,"8",.0,"8",0,"8",0,"8",0,"8","","",0,"8",0,"8"
"352190360","P£OCK","2006","12","02","22","9","",0,"8",0,"8","","","",5,"",0,"8",0,"8",0,"",190,"",3,"",0,"",2.0,"",.0,"8","U","",6.3,"",89,"",.4,"",1005.5,"",1019.2,"",6,-1.0,"",.0,"8",0,"8","10","0","0","","0","","","0","","","0","","",0,"8",.0,"8",.0,"8","","8",0,"8","","",.0,"8",.0,"8",.0,"8",.0,"8",.0,"8",.0,"8",.0,"8",.0,"8",.0,"8",0,"8",0,"8",0,"8","","",0,"8",0,"8"
"352190360","P£OCK","2006","12","02","23","9","",0,"8",0,"8","","","",5,"",0,"8",0,"8",0,"",190,"",3,"",0,"",1.5,"",.0,"8","U","",6.1,"",89,"",-.1,"",1005.2,"",1018.9,"",7,-.9,"",.0,"8",0,"8","10","0","0","","0","","","0","","","0","","",0,"8",.0,"8",.0,"8","","8",0,"8","","",.0,"8",.0,"8",.0,"8",.0,"8",.0,"8",.0,"8",.0,"8",.0,"8",.0,"8",0,"8",0,"8",0,"8","","",0,"8",0,"8"
"352190360","P£OCK","2006","12","03","00","9","",0,"8",0,"8","","","",5,"",0,"8",0,"8",0,"",200,"",3,"",0,"",1.3,"",.0,"8","U","",6.0,"",89,"",-.3,"",1004.8,"",1018.5,"",8,-.9,"",.0,"9",0,"9","10","0","0","","0","","","0","","","0","","",4,"",.0,"8",.0,"8","","8",0,"8","","",.0,"8",.0,"8",.0,"8",.0,"8",.0,"8",.0,"8",.0,"8",.0,"8",.0,"8",0,"8",0,"8",0,"8","","",0,"8",0,"8"
"352190360","P£OCK","2006","12","03","01","9","",0,"8",0,"8","","","",5,"",0,"8",0,"8",0,"",210,"",3,"",0,"",1.0,"",.0,"8","U","",5.8,"",89,"",-.6,"",1004.7,"",1018.4,"",7,-.8,"",.0,"8",0,"8","10","0","0","","0","","","0","","","0","","",0,"8",.0,"8",.0,"8","","8",0,"8","","",.0,"8",.0,"8",.0,"8",.0,"8",.0,"8",.0,"8",.0,"8",.0,"8",.0,"8",0,"8",0,"8",0,"8","","",0,"8",0,"8"
"352190360","P£OCK","2006","12","03","02","9","",0,"8",0,"8","","","",5,"",0,"8",0,"8",0,"",200,"",4,"",0,"",1.2,"",.0,"8","U","",5.9,"",88,"",-.6,"",1004.4,"",1018.1,"",7,-.8,"",.0,"8",0,"8","10","0","0","","0","","","0","","","0","","",0,"8",.0,"8",.0,"8","","8",0,"8","","",.0,"8",.0,"8",.0,"8",.0,"8",.0,"8",.0,"8",.0,"8",.0,"8",.0,"8",0,"8",0,"8",0,"8","","",0,"8",0,"8"
"352190360","P£OCK","2006","12","03","03","9","",0,"8",0,"8","","","",5,"",0,"8",0,"8",0,"",200,"",3,"",0,"",1.3,"",.0,"8","U","",5.8,"",87,"",-.6,"",1004.3,"",1018.0,"",7,-.5,"",.0,"8",0,"8","10","0","0","","0","","","0","","","0","","",0,"8",.0,"8",.0,"8","","8",0,"8","","",.0,"8",.0,"8",.0,"8",.0,"8",.0,"8",.0,"8",.0,"8",.0,"8",.0,"8",0,"8",0,"8",0,"8","","",0,"8",0,"8"
"352190360","P£OCK","2006","12","03","04","9","",0,"8",0,"8","","","",5,"",0,"8",0,"8",0,"",190,"",2,"",0,"",1.2,"",.0,"8","U","",5.8,"",87,"",-.7,"",1003.9,"",1017.6,"",7,-.8,"",.0,"8",0,"8","10","0","0","","0","","","0","","","0","","",0,"8",.0,"8",.0,"8","","8",0,"8","","",.0,"8",.0,"8",.0,"8",.0,"8",.0,"8",.0,"8",.0,"8",.0,"8",.0,"8",0,"8",0,"8",0,"8","","",0,"8",0,"8"
"352190360","P£OCK","2006","12","03","05","9","",0,"8",0,"8","","","",5,"",0,"8",0,"8",0,"",190,"",2,"",0,"",1.4,"",.0,"8","U","",5.9,"",87,"",-.5,"",1003.7,"",1017.4,"",7,-.7,"",.0,"8",0,"8","10","0","0","","0","","","0","","","0","","",0,"8",.0,"8",.0,"8","","8",0,"8","","",.0,"8",.0,"8",.0,"8",.0,"8",.0,"8",.0,"8",.0,"8",.0,"8",.0,"8",0,"8",0,"8",0,"8","","",0,"8",0,"8"
"352190360","P£OCK","2006","12","03","06","9","",0,"8",0,"8","","","",6,"",0,"8",0,"8",6,"",190,"",3,"",0,"",1.9,"",.0,"8","U","",6.0,"",86,"",-.2,"",1003.8,"",1017.5,"",5,-.5,"",.0,"9",0,"9","10","1","0","","0","","","0","","","6","","",4,"",.0,"8",.0,"8","","8",0,"8","","",.0,"8",.0,"8",.0,"8",.0,"8",.0,"8",.0,"8",.0,"8",.0,"8",.0,"8",0,"8",0,"8",0,"8","","",0,"8",0,"8"
"352190360","P£OCK","2006","12","03","07","9","",0,"8",0,"8","","","",6,"",0,"8",0,"8",7,"",190,"",4,"",0,"",2.1,"",.0,"8","U","",6.0,"",85,"",-.2,"",1003.7,"",1017.3,"",7,-.2,"",.0,"8",0,"8","10","2","0","","0","","","0","","","6","","",0,"8",.0,"8",.0,"8","","8",0,"8","","",.0,"8",.0,"8",.0,"8",.0,"8",.0,"8",.0,"8",.0,"8",.0,"8",.0,"8",0,"8",0,"8",0,"8","","",0,"8",0,"8"
"352190360","P£OCK","2006","12","03","08","9","",0,"8",0,"8","","","",6,"",0,"8",0,"8",8,"",160,"",2,"",0,"",2.5,"",.0,"8","U","",6.1,"",84,"",.1,"",1003.4,"",1017.0,"",8,-.3,"",.0,"8",0,"8","10","2","0","","0","","","0","","","7","","",0,"8",.0,"8",.0,"8","","8",0,"8","","",.0,"8",.0,"8",.0,"8",.0,"8",.0,"8",.0,"8",.0,"8",.0,"8",.0,"8",0,"8",0,"8",0,"8","","",0,"8",0,"8"
"352190360","P£OCK","2006","12","03","09","9","",0,"8",0,"8","","","",6,"",0,"8",0,"8",8,"",210,"",2,"",0,"",2.6,"",.0,"8","U","",6.3,"",85,"",.3,"",1003.8,"",1017.4,"",5,.0,"",.0,"8",0,"8","10","2","0","","0","","","0","","","7","","",0,"8",.0,"8",.0,"8","","8",0,"8","","",.0,"8",.0,"8",.0,"8",.0,"8",.0,"8",.0,"8",.0,"8",.0,"8",.0,"8",0,"8",0,"8",0,"8","","",0,"8",0,"8"
"352190360","P£OCK","2006","12","03","10","9","",0,"8",0,"8","","","",6,"",0,"8",0,"8",7,"",220,"",3,"",0,"",4.3,"",.0,"8","U","",6.6,"",80,"",1.2,"",1003.4,"",1016.9,"",7,-.3,"",.0,"8",0,"8","10","2","0","","0","","","0","","","8","","",0,"8",.0,"8",.0,"8","","8",0,"8","","",.0,"8",.0,"8",.0,"8",.0,"8",.0,"8",.0,"8",.0,"8",.0,"8",.0,"8",0,"8",0,"8",0,"8","","",0,"8",0,"8"
"352190360","P£OCK","2006","12","03","11","9","",0,"8",0,"8","","","",6,"",0,"8",0,"8",7,"",210,"",4,"",0,"",5.2,"",.0,"8","U","",6.9,"",78,"",1.7,"",1002.7,"",1016.2,"",8,-.7,"",.0,"8",0,"8","10","2","0","","0","","","0","","","8","","",0,"8",.0,"8",.0,"8","","8",0,"8","","",.0,"8",.0,"8",.0,"8",.0,"8",.0,"8",.0,"8",.0,"8",.0,"8",.0,"8",0,"8",0,"8",0,"8","","",0,"8",0,"8"
"352190360","P£OCK","2006","12","03","12","9","",0,"8",0,"8","","","",6,"",0,"8",0,"8",8,"",200,"",2,"",0,"",5.7,"",.0,"8","U","",7.1,"",78,"",2.2,"",1002.2,"",1015.6,"",7,-1.6,"",.0,"9",0,"9","10","2","0","","0","","","0","","","7","","",1,"",.0,"8",.0,"8","","8",0,"8","","",.0,"8",.0,"8",.0,"8",.0,"8",.0,"8",.0,"8",.0,"8",.0,"8",.0,"8",0,"8",0,"8",0,"8","","",0,"8",0,"8"
"352190360","P£OCK","2006","12","03","13","9","",0,"8",0,"8","","","",6,"",0,"8",0,"8",8,"",180,"",2,"",0,"",6.0,"",.0,"8","U","",7.1,"",76,"",2.1,"",1001.7,"",1015.1,"",6,-1.7,"",.0,"8",0,"8","10","2","0","","0","","","0","","","7","","",0,"8",.0,"8",.0,"8","","8",0,"8","","",.0,"8",.0,"8",.0,"8",.0,"8",.0,"8",.0,"8",.0,"8",.0,"8",.0,"8",0,"8",0,"8",0,"8","","",0,"8",0,"8"
"352190360","P£OCK","2006","12","03","14","9","",0,"8",0,"8","","","",6,"",0,"8",0,"8",8,"",170,"",2,"",0,"",5.5,"",.0,"8","U","",7.2,"",80,"",2.3,"",1001.3,"",1014.7,"",7,-1.4,"",.0,"8",0,"8","10","2","0","","0","","","0","","","7","","",0,"8",.0,"8",.0,"8","","8",0,"8","","",.0,"8",.0,"8",.0,"8",.0,"8",.0,"8",.0,"8",.0,"8",.0,"8",.0,"8",0,"8",0,"8",0,"8","","",0,"8",0,"8"
"352190360","P£OCK","2006","12","03","15","9","",0,"8",0,"8","","","",6,"",0,"8",0,"8",8,"",160,"",2,"",0,"",4.9,"",.0,"8","U","",7.2,"",83,"",2.3,"",1001.0,"",1014.5,"",6,-1.2,"",.0,"8",0,"8","10","2","0","","0","","","0","","","7","","",0,"8",.0,"8",.0,"8","","8",0,"8","","",.0,"8",.0,"8",.0,"8",.0,"8",.0,"8",.0,"8",.0,"8",.0,"8",.0,"8",0,"8",0,"8",0,"8","","",0,"8",0,"8"
"352190360","P£OCK","2006","12","03","16","9","",0,"8",0,"8","","","",6,"",0,"8",0,"8",7,"",140,"",2,"",0,"",3.9,"",.0,"8","U","",6.9,"",86,"",1.8,"",1000.5,"",1014.0,"",7,-1.2,"",.0,"8",0,"8","10","2","0","","0","","","0","","","8","","",0,"8",.0,"8",.0,"8","","8",0,"8","","",.0,"8",.0,"8",.0,"8",.0,"8",.0,"8",.0,"8",.0,"8",.0,"8",.0,"8",0,"8",0,"8",0,"8","","",0,"8",0,"8"
"352190360","P£OCK","2006","12","03","17","9","",0,"8",0,"8","","","",6,"",0,"8",0,"8",6,"",150,"",3,"",0,"",3.5,"",.0,"8","U","",6.8,"",87,"",1.5,"",1000.0,"",1013.5,"",8,-1.3,"",.0,"8",0,"8","10","2","0","","0","","","0","","","8","","",0,"8",.0,"8",.0,"8","","8",0,"8","","",.0,"8",.0,"8",.0,"8",.0,"8",.0,"8",.0,"8",.0,"8",.0,"8",.0,"8",0,"8",0,"8",0,"8","","",0,"8",0,"8"
"352190360","P£OCK","2006","12","03","18","9","",0,"8",0,"8","","","",6,"",0,"8",0,"8",6,"",160,"",3,"",0,"",4.0,"",.0,"8","U","",7.1,"",87,"",2.0,"",999.4,"",1012.9,"",7,-1.6,"",.0,"9",0,"9","10","2","0","","0","","","0","","","8","","",1,"",.0,"8",.0,"8","","8",0,"8","","",.0,"8",.0,"8",.0,"8",.0,"8",.0,"8",.0,"8",.0,"8",.0,"8",.0,"8",0,"8",0,"8",0,"8","","",0,"8",0,"8"
"352190360","P£OCK","2006","12","03","19","9","",0,"8",0,"8","","","",6,"",0,"8",0,"8",6,"",150,"",3,"",0,"",3.1,"",.0,"8","U","",6.7,"",88,"",1.3,"",998.5,"",1012.0,"",8,-2.0,"",.0,"8",0,"8","10","2","0","","0","","","0","","","8","","",0,"8",.0,"8",.0,"8","","8",0,"8","","",.0,"8",.0,"8",.0,"8",.0,"8",.0,"8",.0,"8",.0,"8",.0,"8",.0,"8",0,"8",0,"8",0,"8","","",0,"8",0,"8"
"352190360","P£OCK","2006","12","03","20","9","",0,"8",0,"8","","","",5,"",0,"8",0,"8",6,"",150,"",3,"",0,"",2.7,"",.0,"8","U","",6.6,"",89,"",1.1,"",998.0,"",1011.5,"",7,-2.0,"",.0,"8",0,"8","10","2","0","","0","","","0","","","8","","",0,"8",.0,"8",.0,"8","","8",0,"8","","",.0,"8",.0,"8",.0,"8",.0,"8",.0,"8",.0,"8",.0,"8",.0,"8",.0,"8",0,"8",0,"8",0,"8","","",0,"8",0,"8"
"352190360","P£OCK","2006","12","03","21","9","",0,"8",0,"8","","","",5,"",0,"8",0,"8",5,"",160,"",3,"",0,"",2.9,"",.0,"8","U","",6.7,"",89,"",1.3,"",997.6,"",1011.1,"",6,-1.8,"",.0,"8",0,"8","10","2","2","","0","","","3","","","8","","",0,"8",.0,"8",.0,"8","","8",0,"8","","",.0,"8",.0,"8",.0,"8",.0,"8",.0,"8",.0,"8",.0,"8",.0,"8",.0,"8",0,"8",0,"8",0,"8","","",0,"8",0,"8"
"352190360","P£OCK","2006","12","03","22","9","",0,"8",0,"8","","","",5,"",0,"8",0,"8",5,"",150,"",2,"",0,"",2.6,"",.0,"8","U","",6.6,"",90,"",1.1,"",996.9,"",1010.4,"",7,-1.6,"",.0,"8",0,"8","10","2","2","","0","","","3","","","8","","",0,"8",.0,"8",.0,"8","","8",0,"8","","",.0,"8",.0,"8",.0,"8",.0,"8",.0,"8",.0,"8",.0,"8",.0,"8",.0,"8",0,"8",0,"8",0,"8","","",0,"8",0,"8"
"352190360","P£OCK","2006","12","03","23","9","",0,"8",0,"8","","","",5,"",0,"8",0,"8",5,"",140,"",2,"",0,"",3.2,"",.0,"8","U","",6.8,"",88,"",1.4,"",995.9,"",1009.4,"",8,-2.1,"",.0,"8",0,"8","10","2","4","","0","","","5","","","8","","",0,"8",.0,"8",.0,"8","","8",0,"8","","",.0,"8",.0,"8",.0,"8",.0,"8",.0,"8",.0,"8",.0,"8",.0,"8",.0,"8",0,"8",0,"8",0,"8","","",0,"8",0,"8"
"352190360","P£OCK","2006","12","04","00","9","",0,"8",0,"8","","","",5,"",0,"8",0,"8",7,"",140,"",2,"",0,"",3.6,"",.0,"8","U","",6.8,"",86,"",1.5,"",995.4,"",1008.9,"",7,-2.2,"",.0,"9",0,"9","10","2","7","","0","","","5","","","/","","",1,"",.0,"8",.0,"8","","8",0,"8","","",.0,"8",.0,"8",.0,"8",.0,"8",.0,"8",.0,"8",.0,"8",.0,"8",.0,"8",0,"8",0,"8",0,"8","","",0,"8",0,"8"
"352190360","P£OCK","2006","12","04","01","9","",0,"8",0,"8","","","",5,"",0,"8",0,"8",7,"",140,"",2,"",0,"",2.7,"",.0,"8","U","",6.5,"",88,"",.9,"",994.9,"",1008.4,"",6,-2.0,"",.0,"8",0,"8","10","2","7","","0","","","3","","","/","","",0,"8",.0,"8",.0,"8","","8",0,"8","","",.0,"8",.0,"8",.0,"8",.0,"8",.0,"8",.0,"8",.0,"8",.0,"8",.0,"8",0,"8",0,"8",0,"8","","",0,"8",0,"8"
"352190360","P£OCK","2006","12","04","02","9","",0,"8",0,"8","","","",6,"",0,"8",0,"8",4,"",170,"",3,"",0,"",2.5,"",.0,"8","U","",6.4,"",88,"",.7,"",994.3,"",1007.8,"",7,-1.6,"",.0,"8",0,"8","10","1","4","","0","","","3","","","0","","",0,"8",.0,"8",.0,"8","","8",0,"8","","",.0,"8",.0,"8",.0,"8",.0,"8",.0,"8",.0,"8",.0,"8",.0,"8",.0,"8",0,"8",0,"8",0,"8","","",0,"8",0,"8"
"352190360","P£OCK","2006","12","04","03","9","",0,"8",0,"8","","","",6,"",0,"8",0,"8",4,"",160,"",3,"",0,"",2.9,"",.0,"8","U","",6.5,"",87,"",.9,"",993.9,"",1007.4,"",7,-1.5,"",.0,"8",0,"8","10","1","4","","0","","","3","","","0","","",0,"8",.0,"8",.0,"8","","8",0,"8","","",.0,"8",.0,"8",.0,"8",.0,"8",.0,"8",.0,"8",.0,"8",.0,"8",.0,"8",0,"8",0,"8",0,"8","","",0,"8",0,"8"
"352190360","P£OCK","2006","12","04","04","9","",0,"8",0,"8","","","",6,"",0,"8",0,"8",5,"",170,"",3,"",0,"",3.9,"",.0,"8","U","",6.9,"",85,"",1.6,"",993.2,"",1006.6,"",7,-1.7,"",.0,"8",0,"8","10","1","5","","0","","","5","","","0","","",0,"8",.0,"8",.0,"8","","8",0,"8","","",.0,"8",.0,"8",.0,"8",.0,"8",.0,"8",.0,"8",.0,"8",.0,"8",.0,"8",0,"8",0,"8",0,"8","","",0,"8",0,"8"
"352190360","P£OCK","2006","12","04","05","6","",0,"8",0,"8","","","",6,"",0,"8",0,"8",6,"",190,"",5,"",0,"",4.9,"",.0,"8","U","",6.8,"",79,"",1.6,"",993.0,"",1006.4,"",7,-1.3,"",.0,"8",0,"8","25","2","2","","9","","","3","","","1","","",0,"8",.0,"8",.0,"8","","8",0,"8","","",.0,"8",.0,"8",.0,"8",.0,"8",.0,"8",.0,"8",.0,"8",.0,"8",.0,"8",0,"8",0,"8",0,"8","","",0,"8",0,"8"
"352190360","P£OCK","2006","12","04","06","5","",0,"8",0,"8","","","",6,"",0,"8",0,"8",7,"",210,"",5,"",0,"",6.1,"",.0,"8","U","",7.3,"",78,"",2.5,"",993.0,"",1006.3,"",6,-.9,"",.0,"",6,"","80","1","7","","9","","","/","","","/","","",1,"",.0,"8",.0,"8","","8",0,"8","","",.0,"8",.0,"8",.0,"8",.0,"8",.0,"8",.0,"8",.0,"8",.0,"8",.0,"8",0,"8",0,"8",0,"8","","",0,"8",0,"8"
"352190360","P£OCK","2006","12","04","07","5","",0,"8",0,"8","","","",6,"",0,"8",0,"8",8,"",210,"",5,"",0,"",6.1,"",.0,"8","U","",8.2,"",87,"",4.1,"",992.8,"",1006.1,"",7,-.4,"",.0,"8",0,"8","80","8","5","","9","","","7","","","/","","",0,"8",.0,"8",.0,"8","","8",0,"8","","",.0,"8",.0,"8",.0,"8",.0,"8",.0,"8",.0,"8",.0,"8",.0,"8",.0,"8",0,"8",0,"8",0,"8","","",0,"8",0,"8"
"352190360","P£OCK","2006","12","04","08","9","",0,"8",0,"8","","","",6,"",0,"8",0,"8",7,"",220,"",5,"",0,"",6.6,"",.0,"8","U","",8.6,"",88,"",4.8,"",993.0,"",1006.3,"",5,.0,"",.0,"8",0,"8","25","2","7","","0","","","3","","","/","","",0,"8",.0,"8",.0,"8","","8",0,"8","","",.0,"8",.0,"8",.0,"8",.0,"8",.0,"8",.0,"8",.0,"8",.0,"8",.0,"8",0,"8",0,"8",0,"8","","",0,"8",0,"8"
"352190360","P£OCK","2006","12","04","09","9","",0,"8",0,"8","","","",6,"",0,"8",0,"8",6,"",220,"",7,"",0,"",7.6,"",.0,"8","U","",8.5,"",82,"",4.7,"",993.3,"",1006.5,"",3,.3,"",.0,"8",0,"8","10","8","6","","0","","","3","","","0","","",0,"8",.0,"8",.0,"8","","8",0,"8","","",.0,"8",.0,"8",.0,"8",.0,"8",.0,"8",.0,"8",.0,"8",.0,"8",.0,"8",0,"8",0,"8",0,"8","","",0,"8",0,"8"
"352190360","P£OCK","2006","12","04","10","9","",0,"8",0,"8","","","",6,"",0,"8",0,"8",2,"",230,"",6,"",0,"",7.8,"",.0,"8","U","",8.2,"",78,"",4.2,"",993.5,"",1006.7,"",2,.7,"",.0,"8",0,"8","10","1","2","","0","","","3","","","0","","",0,"8",.0,"8",.0,"8","","8",0,"8","","",.0,"8",.0,"8",.0,"8",.0,"8",.0,"8",.0,"8",.0,"8",.0,"8",.0,"8",0,"8",0,"8",0,"8","","",0,"8",0,"8"
"352190360","P£OCK","2006","12","04","11","9","",0,"8",0,"8","","","",6,"",0,"8",0,"8",1,"",230,"",5,"",0,"",8.1,"",.0,"8","U","",8.3,"",77,"",4.3,"",993.1,"",1006.3,"",0,.1,"",.0,"8",0,"8","10","0","1","","0","","","3","","","0","","",0,"8",.0,"8",.0,"8","","8",0,"8","","",.0,"8",.0,"8",.0,"8",.0,"8",.0,"8",.0,"8",.0,"8",.0,"8",.0,"8",0,"8",0,"8",0,"8","","",0,"8",0,"8"
"352190360","P£OCK","2006","12","04","12","9","",0,"8",0,"8","","","",7,"",0,"8",0,"8",1,"",230,"",5,"",0,"",9.0,"",.0,"8","U","",8.1,"",71,"",4.0,"",992.8,"",1006.0,"",8,-.5,"",.8,"",6,"","01","8","0","","0","","","0","","","1","","",1,"",.0,"8",.0,"8","","8",0,"8","","",.0,"8",.0,"8",.0,"8",.0,"8",.0,"8",.0,"8",.0,"8",.0,"8",.0,"8",0,"8",0,"8",0,"8","","",0,"8",0,"8"
"352190360","P£OCK","2006","12","04","13","5","",0,"8",0,"8","","","",7,"",0,"8",0,"8",1,"",220,"",6,"",0,"",8.5,"",.0,"8","U","",8.1,"",73,"",3.9,"",992.7,"",1005.9,"",6,-.8,"",.0,"8",0,"8","03","0","1","","1","","","0","","","1","","",0,"8",.0,"8",.0,"8","","8",0,"8","","",.0,"8",.0,"8",.0,"8",.0,"8",.0,"8",.0,"8",.0,"8",.0,"8",.0,"8",0,"8",0,"8",0,"8","","",0,"8",0,"8"
"352190360","P£OCK","2006","12","04","14","9","",0,"8",0,"8","","","",7,"",0,"8",0,"8",6,"",210,"",4,"",0,"",7.7,"",.0,"8","U","",7.9,"",75,"",3.5,"",992.6,"",1005.8,"",6,-.5,"",.0,"8",0,"8","01","1","0","","0","","","0","","","6","","",0,"8",.0,"8",.0,"8","","8",0,"8","","",.0,"8",.0,"8",.0,"8",.0,"8",.0,"8",.0,"8",.0,"8",.0,"8",.0,"8",0,"8",0,"8",0,"8","","",0,"8",0,"8"
"352190360","P£OCK","2006","12","04","15","9","",0,"8",0,"8","","","",7,"",0,"8",0,"8",7,"",210,"",4,"",0,"",7.2,"",.0,"8","U","",7.7,"",76,"",3.2,"",992.7,"",1005.9,"",5,-.1,"",.0,"8",0,"8","03","1","0","","0","","","0","","","6","","",0,"8",.0,"8",.0,"8","","8",0,"8","","",.0,"8",.0,"8",.0,"8",.0,"8",.0,"8",.0,"8",.0,"8",.0,"8",.0,"8",0,"8",0,"8",0,"8","","",0,"8",0,"8"
"352190360","P£OCK","2006","12","04","16","9","",0,"8",0,"8","","","",6,"",0,"8",0,"8",7,"",190,"",3,"",0,"",6.8,"",.0,"8","U","",7.5,"",76,"",2.9,"",992.6,"",1005.9,"",7,-.1,"",.0,"8",0,"8","10","2","0","","0","","","0","","","8","","",0,"8",.0,"8",.0,"8","","8",0,"8","","",.0,"8",.0,"8",.0,"8",.0,"8",.0,"8",.0,"8",.0,"8",.0,"8",.0,"8",0,"8",0,"8",0,"8","","",0,"8",0,"8"
"352190360","P£OCK","2006","12","04","17","9","",0,"8",0,"8","","","",6,"",0,"8",0,"8",7,"",180,"",3,"",0,"",6.1,"",.0,"8","U","",7.5,"",80,"",2.9,"",992.5,"",1005.8,"",8,-.1,"",.0,"8",0,"8","10","2","0","","0","","","0","","","8","","",0,"8",.0,"8",.0,"8","","8",0,"8","","",.0,"8",.0,"8",.0,"8",.0,"8",.0,"8",.0,"8",.0,"8",.0,"8",.0,"8",0,"8",0,"8",0,"8","","",0,"8",0,"8"
"352190360","P£OCK","2006","12","04","18","9","",0,"8",0,"8","","","",6,"",0,"8",0,"8",8,"",160,"",3,"",0,"",5.4,"",.0,"8","U","",7.4,"",83,"",2.7,"",992.4,"",1005.7,"",7,-.3,"",.0,"9",0,"9","10","1","0","","0","","","0","","","7","","",1,"",.0,"8",.0,"8","","8",0,"8","","",.0,"8",.0,"8",.0,"8",.0,"8",.0,"8",.0,"8",.0,"8",.0,"8",.0,"8",0,"8",0,"8",0,"8","","",0,"8",0,"8"
"352190360","P£OCK","2006","12","04","19","7","",0,"8",0,"8","","","",6,"",0,"8",0,"8",8,"",190,"",3,"",0,"",6.0,"",.0,"8","U","",7.6,"",81,"",3.0,"",992.3,"",1005.6,"",7,-.3,"",.0,"8",0,"8","10","2","8","","5","","","/","","","/","","",0,"8",.0,"8",.0,"8","","8",0,"8","","",.0,"8",.0,"8",.0,"8",.0,"8",.0,"8",.0,"8",.0,"8",.0,"8",.0,"8",0,"8",0,"8",0,"8","","",0,"8",0,"8"
"352190360","P£OCK","2006","12","04","20","6","",0,"8",0,"8","","","",7,"",0,"8",0,"8",8,"",190,"",4,"",0,"",6.4,"",.0,"8","U","",7.6,"",79,"",3.0,"",992.2,"",1005.5,"",7,-.3,"",.0,"8",0,"8","02","2","8","","5","","","/","","","/","","",0,"8",.0,"8",.0,"8","","8",0,"8","","",.0,"8",.0,"8",.0,"8",.0,"8",.0,"8",.0,"8",.0,"8",.0,"8",.0,"8",0,"8",0,"8",0,"8","","",0,"8",0,"8"
"352190360","P£OCK","2006","12","04","21","5","",0,"8",0,"8","","","",7,"",0,"8",0,"8",8,"",210,"",4,"",0,"",6.8,"",.0,"8","U","",7.7,"",78,"",3.2,"",992.3,"",1005.6,"",5,-.1,"",.0,"8",0,"8","80","2","6","","9","","","3","","","/","","",0,"8",.0,"8",.0,"8","","8",0,"8","","",.0,"8",.0,"8",.0,"8",.0,"8",.0,"8",.0,"8",.0,"8",.0,"8",.0,"8",0,"8",0,"8",0,"8","","",0,"8",0,"8"
"352190360","P£OCK","2006","12","04","22","5","",0,"8",0,"8","","","",7,"",0,"8",0,"8",8,"",210,"",5,"",10,"",7.4,"",.0,"8","U","",7.8,"",76,"",3.4,"",992.5,"",1005.7,"",3,.2,"",.0,"8",0,"8","80","2","8","","9","","","/","","","/","","",0,"8",.0,"8",.0,"8","","8",0,"8","","",.0,"8",.0,"8",.0,"8",.0,"8",.0,"8",.0,"8",.0,"8",.0,"8",.0,"8",0,"8",0,"8",0,"8","","",0,"8",0,"8"
"352190360","P£OCK","2006","12","04","23","5","",0,"8",0,"8","","","",7,"",0,"8",0,"8",7,"",210,"",5,"",0,"",7.0,"",.0,"8","U","",8.1,"",81,"",4.0,"",992.4,"",1005.6,"",0,.2,"",.0,"8",0,"8","25","8","7","","9","","","/","","","/","","",0,"8",.0,"8",.0,"8","","8",0,"8","","",.0,"8",.0,"8",.0,"8",.0,"8",.0,"8",.0,"8",.0,"8",.0,"8",.0,"8",0,"8",0,"8",0,"8","","",0,"8",0,"8"
"352190360","P£OCK","2006","12","05","00","5","",0,"8",0,"8","","","",7,"",0,"8",0,"8",7,"",220,"",5,"",0,"",7.3,"",.0,"8","U","",8.1,"",79,"",3.9,"",992.6,"",1005.8,"",2,.3,"",.0,"",6,"","02","8","7","","9","","","/","","","/","","",1,"",.0,"8",.0,"8","","8",0,"8","","",.0,"8",.0,"8",.0,"8",.0,"8",.0,"8",.0,"8",.0,"8",.0,"8",.0,"8",0,"8",0,"8",0,"8","","",0,"8",0,"8"
"352190360","P£OCK","2006","12","05","01","6","",0,"8",0,"8","","","",7,"",0,"8",0,"8",7,"",220,"",5,"",0,"",7.2,"",.0,"8","U","",8.0,"",79,"",3.8,"",992.7,"",1005.9,"",3,.2,"",.0,"8",0,"8","01","2","7","","5","","","/","","","/","","",0,"8",.0,"8",.0,"8","","8",0,"8","","",.0,"8",.0,"8",.0,"8",.0,"8",.0,"8",.0,"8",.0,"8",.0,"8",.0,"8",0,"8",0,"8",0,"8","","",0,"8",0,"8"
"352190360","P£OCK","2006","12","05","02","5","",0,"8",0,"8","","","",7,"",0,"8",0,"8",7,"",210,"",4,"",0,"",6.8,"",.0,"8","U","",8.0,"",81,"",3.8,"",992.9,"",1006.2,"",2,.5,"",.0,"8",0,"8","02","2","7","","5","","","/","","","/","","",0,"8",.0,"8",.0,"8","","8",0,"8","","",.0,"8",.0,"8",.0,"8",.0,"8",.0,"8",.0,"8",.0,"8",.0,"8",.0,"8",0,"8",0,"8",0,"8","","",0,"8",0,"8"
"352190360","P£OCK","2006","12","05","03","5","",0,"8",0,"8","","","",7,"",0,"8",0,"8",7,"",220,"",4,"",0,"",6.8,"",.0,"8","U","",8.2,"",83,"",4.1,"",993.0,"",1006.3,"",2,.4,"",.0,"8",0,"8","01","2","5","","5","","","3","","","/","","",0,"8",.0,"8",.0,"8","","8",0,"8","","",.0,"8",.0,"8",.0,"8",.0,"8",.0,"8",.0,"8",.0,"8",.0,"8",.0,"8",0,"8",0,"8",0,"8","","",0,"8",0,"8"
"352190360","P£OCK","2006","12","05","04","7","",0,"8",0,"8","","","",7,"",0,"8",0,"8",7,"",210,"",5,"",0,"",6.7,"",.0,"8","U","",8.2,"",84,"",4.2,"",993.0,"",1006.3,"",1,.3,"",.0,"8",0,"8","03","2","7","","5","","","/","","","/","","",0,"8",.0,"8",.0,"8","","8",0,"8","","",.0,"8",.0,"8",.0,"8",.0,"8",.0,"8",.0,"8",.0,"8",.0,"8",.0,"8",0,"8",0,"8",0,"8","","",0,"8",0,"8"
"352190360","P£OCK","2006","12","05","05","9","",0,"8",0,"8","","","",7,"",0,"8",0,"8",3,"",210,"",4,"",0,"",6.3,"",.0,"8","U","",8.1,"",85,"",4.0,"",992.9,"",1006.2,"",0,.0,"",.0,"8",0,"8","01","1","2","","0","","","3","","","1","","",0,"8",.0,"8",.0,"8","","8",0,"8","","",.0,"8",.0,"8",.0,"8",.0,"8",.0,"8",.0,"8",.0,"8",.0,"8",.0,"8",0,"8",0,"8",0,"8","","",0,"8",0,"8"
"352190360","P£OCK","2006","12","05","06","9","",0,"8",0,"8","","","",7,"",0,"8",0,"8",4,"",200,"",4,"",0,"",5.8,"",.0,"8","U","",8.1,"",88,"",4.0,"",992.8,"",1006.1,"",8,-.2,"",.0,"9",0,"9","03","1","3","","0","","","3","","","1","","",1,"",.0,"8",.0,"8","","8",0,"8","","",.0,"8",.0,"8",.0,"8",.0,"8",.0,"8",.0,"8",.0,"8",.0,"8",.0,"8",0,"8",0,"8",0,"8","","",0,"8",0,"8"
"352190360","P£OCK","2006","12","05","07","9","",0,"8",0,"8","","","",7,"",0,"8",0,"8",5,"",200,"",5,"",0,"",6.1,"",.0,"8","U","",8.2,"",87,"",4.1,"",993.0,"",1006.3,"",5,.0,"",.0,"8",0,"8","03","1","4","","0","","","5","","","1","","",0,"8",.0,"8",.0,"8","","8",0,"8","","",.0,"8",.0,"8",.0,"8",.0,"8",.0,"8",.0,"8",.0,"8",.0,"8",.0,"8",0,"8",0,"8",0,"8","","",0,"8",0,"8"
"352190360","P£OCK","2006","12","05","08","9","",0,"8",0,"8","","","",7,"",0,"8",0,"8",7,"",190,"",4,"",0,"",6.9,"",.0,"8","U","",8.3,"",84,"",4.4,"",992.9,"",1006.2,"",4,.0,"",.0,"8",0,"8","03","2","7","","0","","","5","","","/","","",0,"8",.0,"8",.0,"8","","8",0,"8","","",.0,"8",.0,"8",.0,"8",.0,"8",.0,"8",.0,"8",.0,"8",.0,"8",.0,"8",0,"8",0,"8",0,"8","","",0,"8",0,"8"
"352190360","P£OCK","2006","12","05","09","5","",0,"8",0,"8","","","",7,"",0,"8",0,"8",7,"",190,"",5,"",0,"",7.5,"",.0,"8","U","",8.5,"",82,"",4.6,"",992.9,"",1006.1,"",1,.1,"",.0,"8",0,"8","80","1","5","","9","","","3","","","/","","",0,"8",.0,"8",.0,"8","","8",0,"8","","",.0,"8",.0,"8",.0,"8",.0,"8",.0,"8",.0,"8",.0,"8",.0,"8",.0,"8",0,"8",0,"8",0,"8","","",0,"8",0,"8"
"352190360","P£OCK","2006","12","05","10","4","",0,"8",0,"8","","","",7,"",0,"8",0,"8",8,"",190,"",6,"",0,"",7.7,"",.0,"8","U","",8.8,"",84,"",5.2,"",992.8,"",1006.0,"",7,-.2,"",.0,"8",0,"8","80","8","8","","9","","","/","","","/","","",0,"8",.0,"8",.0,"8","","8",0,"8","","",.0,"8",.0,"8",.0,"8",.0,"8",.0,"8",.0,"8",.0,"8",.0,"8",.0,"8",0,"8",0,"8",0,"8","","",0,"8",0,"8"
"352190360","P£OCK","2006","12","05","11","4","",0,"8",0,"8","","","",7,"",0,"8",0,"8",8,"",200,"",6,"",0,"",7.6,"",.0,"8","U","",9.5,"",91,"",6.2,"",992.6,"",1005.8,"",8,-.3,"",.0,"8",0,"8","80","8","8","","9","","","/","","","/","","",0,"8",.0,"8",.0,"8","","8",0,"8","","",.0,"8",.0,"8",.0,"8",.0,"8",.0,"8",.0,"8",.0,"8",.0,"8",.0,"8",0,"8",0,"8",0,"8","","",0,"8",0,"8"
"352190360","P£OCK","2006","12","05","12","4","",0,"8",0,"8","","","",7,"",0,"8",0,"8",8,"",210,"",6,"",0,"",8.6,"",.0,"8","U","",9.9,"",89,"",6.9,"",992.4,"",1005.6,"",7,-.5,"",1.0,"",6,"","25","1","8","","9","","","/","","","/","","",2,"",.0,"8",.0,"8","","8",0,"8","","",.0,"8",.0,"8",.0,"8",.0,"8",.0,"8",.0,"8",.0,"8",.0,"8",.0,"8",0,"8",0,"8",0,"8","","",0,"8",0,"8"
"352190360","P£OCK","2006","12","05","13","4","",0,"8",0,"8","","","",7,"",0,"8",0,"8",7,"",210,"",5,"",0,"",9.3,"",.0,"8","U","",10.5,"",90,"",7.7,"",992.5,"",1005.6,"",5,-.3,"",.0,"8",0,"8","25","2","7","","9","","","/","","","/","","",0,"8",.0,"8",.0,"8","","8",0,"8","","",.0,"8",.0,"8",.0,"8",.0,"8",.0,"8",.0,"8",.0,"8",.0,"8",.0,"8",0,"8",0,"8",0,"8","","",0,"8",0,"8"
"352190360","P£OCK","2006","12","05","14","5","",0,"8",0,"8","","","",7,"",0,"8",0,"8",7,"",210,"",5,"",0,"",9.7,"",.0,"8","U","",10.8,"",90,"",8.1,"",992.7,"",1005.8,"",3,.1,"",.0,"8",0,"8","01","2","5","","5","","","3","","","/","","",0,"8",.0,"8",.0,"8","","8",0,"8","","",.0,"8",.0,"8",.0,"8",.0,"8",.0,"8",.0,"8",.0,"8",.0,"8",.0,"8",0,"8",0,"8",0,"8","","",0,"8",0,"8"
"352190360","P£OCK","2006","12","05","15","5","",0,"8",0,"8","","","",7,"",0,"8",0,"8",7,"",200,"",5,"",0,"",9.9,"",.0,"8","U","",10.8,"",89,"",8.2,"",993.0,"",1006.1,"",3,.6,"",.0,"8",0,"8","03","8","7","","5","","","/","","","/","","",0,"8",.0,"8",.0,"8","","8",0,"8","","",.0,"8",.0,"8",.0,"8",.0,"8",.0,"8",.0,"8",.0,"8",.0,"8",.0,"8",0,"8",0,"8",0,"8","","",0,"8",0,"8"
"352190360","P£OCK","2006","12","05","16","6","",0,"8",0,"8","","","",7,"",0,"8",0,"8",8,"",210,"",5,"",0,"",10.4,"",.0,"8","U","",11.0,"",87,"",8.3,"",993.2,"",1006.3,"",2,.7,"",.0,"8",0,"8","03","2","8","","5","","","/","","","/","","",0,"8",.0,"8",.0,"8","","8",0,"8","","",.0,"8",.0,"8",.0,"8",.0,"8",.0,"8",.0,"8",.0,"8",.0,"8",.0,"8",0,"8",0,"8",0,"8","","",0,"8",0,"8"
"352190360","P£OCK","2006","12","05","17","6","",0,"8",0,"8","","","",7,"",0,"8",0,"8",7,"",220,"",6,"",0,"",10.6,"",.0,"8","U","",10.7,"",84,"",8.0,"",993.2,"",1006.3,"",1,.5,"",.0,"8",0,"8","01","2","7","","5","","","/","","","/","","",0,"8",.0,"8",.0,"8","","8",0,"8","","",.0,"8",.0,"8",.0,"8",.0,"8",.0,"8",.0,"8",.0,"8",.0,"8",.0,"8",0,"8",0,"8",0,"8","","",0,"8",0,"8"
"352190360","P£OCK","2006","12","05","18","6","",0,"8",0,"8","","","",7,"",0,"8",0,"8",5,"",210,"",5,"",0,"",10.5,"",.0,"8","U","",10.8,"",85,"",8.1,"",993.2,"",1006.3,"",1,.2,"",.0,"",6,"","01","8","2","","5","","","3","","","0","","",2,"",.0,"8",.0,"8","","8",0,"8","","",.0,"8",.0,"8",.0,"8",.0,"8",.0,"8",.0,"8",.0,"8",.0,"8",.0,"8",0,"8",0,"8",0,"8","","",0,"8",0,"8"
"352190360","P£OCK","2006","12","05","19","9","",0,"8",0,"8","","","",7,"",0,"8",0,"8",5,"",210,"",5,"",0,"",10.0,"",.0,"8","U","",10.5,"",86,"",7.8,"",993.0,"",1006.1,"",8,-.2,"",.0,"8",0,"8","01","2","0","","0","","","0","","","6","","",0,"8",.0,"8",.0,"8","","8",0,"8","","",.0,"8",.0,"8",.0,"8",.0,"8",.0,"8",.0,"8",.0,"8",.0,"8",.0,"8",0,"8",0,"8",0,"8","","",0,"8",0,"8"
"352190360","P£OCK","2006","12","05","20","9","",0,"8",0,"8","","","",7,"",0,"8",0,"8",5,"",200,"",5,"",0,"",9.5,"",.0,"8","U","",10.1,"",85,"",7.1,"",993.2,"",1006.3,"",5,.0,"",.0,"8",0,"8","02","2","0","","0","","","0","","","8","","",0,"8",.0,"8",.0,"8","","8",0,"8","","",.0,"8",.0,"8",.0,"8",.0,"8",.0,"8",.0,"8",.0,"8",.0,"8",.0,"8",0,"8",0,"8",0,"8","","",0,"8",0,"8"
"352190360","P£OCK","2006","12","05","21","7","",0,"8",0,"8","","","",7,"",0,"8",0,"8",7,"",200,"",5,"",0,"",10.0,"",.0,"8","U","",10.2,"",83,"",7.2,"",993.2,"",1006.3,"",4,.0,"",.0,"8",0,"8","03","2","7","","5","","","/","","","/","","",0,"8",.0,"8",.0,"8","","8",0,"8","","",.0,"8",.0,"8",.0,"8",.0,"8",.0,"8",.0,"8",.0,"8",.0,"8",.0,"8",0,"8",0,"8",0,"8","","",0,"8",0,"8"
"352190360","P£OCK","2006","12","05","22","7","",0,"8",0,"8","","","",7,"",0,"8",0,"8",7,"",200,"",5,"",0,"",9.7,"",.0,"8","U","",9.9,"",82,"",6.8,"",993.4,"",1006.5,"",2,.4,"",.0,"8",0,"8","02","2","7","","5","","","/","","","/","","",0,"8",.0,"8",.0,"8","","8",0,"8","","",.0,"8",.0,"8",.0,"8",.0,"8",.0,"8",.0,"8",.0,"8",.0,"8",.0,"8",0,"8",0,"8",0,"8","","",0,"8",0,"8"
"352190360","P£OCK","2006","12","05","23","9","",0,"8",0,"8","","","",7,"",0,"8",0,"8",2,"",200,"",5,"",0,"",9.3,"",.0,"8","U","",9.5,"",81,"",6.2,"",993.2,"",1006.4,"",0,.0,"",.0,"8",0,"8","01","1","1","","0","","","3","","","2","","",0,"8",.0,"8",.0,"8","","8",0,"8","","",.0,"8",.0,"8",.0,"8",.0,"8",.0,"8",.0,"8",.0,"8",.0,"8",.0,"8",0,"8",0,"8",0,"8","","",0,"8",0,"8"
"352190360","P£OCK","2006","12","06","00","7","",0,"8",0,"8","","","",7,"",0,"8",0,"8",1,"",200,"",5,"",0,"",9.6,"",.0,"8","U","",9.5,"",80,"",6.3,"",992.9,"",1006.0,"",8,-.3,"",.0,"9",0,"9","03","1","1","","5","","","0","","","0","","",1,"",.0,"8",.0,"8","","8",0,"8","","",.0,"8",.0,"8",.0,"8",.0,"8",.0,"8",.0,"8",.0,"8",.0,"8",.0,"8",0,"8",0,"8",0,"8","","",0,"8",0,"8"
"352190360","P£OCK","2006","12","06","01","9","",0,"8",0,"8","","","",7,"",0,"8",0,"8",5,"",200,"",4,"",0,"",9.6,"",.0,"8","U","",9.5,"",80,"",6.3,"",992.7,"",1005.8,"",7,-.7,"",.0,"8",0,"8","01","1","5","","0","","","5","","","0","","",0,"8",.0,"8",.0,"8","","8",0,"8","","",.0,"8",.0,"8",.0,"8",.0,"8",.0,"8",.0,"8",.0,"8",.0,"8",.0,"8",0,"8",0,"8",0,"8","","",0,"8",0,"8"
"352190360","P£OCK","2006","12","06","02","9","",0,"8",0,"8","","","",7,"",0,"8",0,"8",6,"",200,"",6,"",0,"",9.6,"",.0,"8","U","",9.5,"",80,"",6.3,"",992.9,"",1006.0,"",5,-.3,"",.0,"8",0,"8","03","2","6","","0","","","5","","","0","","",0,"8",.0,"8",.0,"8","","8",0,"8","","",.0,"8",.0,"8",.0,"8",.0,"8",.0,"8",.0,"8",.0,"8",.0,"8",.0,"8",0,"8",0,"8",0,"8","","",0,"8",0,"8"
"352190360","P£OCK","2006","12","06","03","6","",0,"8",0,"8","","","",7,"",0,"8",0,"8",8,"",190,"",4,"",0,"",9.8,"",.0,"8","U","",9.7,"",80,"",6.5,"",992.5,"",1005.6,"",7,-.4,"",.0,"8",0,"8","80","1","5","","9","","","3","","","/","","",0,"8",.0,"8",.0,"8","","8",0,"8","","",.0,"8",.0,"8",.0,"8",.0,"8",.0,"8",.0,"8",.0,"8",.0,"8",.0,"8",0,"8",0,"8",0,"8","","",0,"8",0,"8"
"352190360","P£OCK","2006","12","06","04","9","",0,"8",0,"8","","","",7,"",0,"8",0,"8",7,"",190,"",4,"",0,"",9.7,"",.0,"8","U","",9.7,"",81,"",6.6,"",992.2,"",1005.3,"",8,-.5,"",.0,"8",0,"8","25","2","7","","0","","","3","","","/","","",0,"8",.0,"8",.0,"8","","8",0,"8","","",.0,"8",.0,"8",.0,"8",.0,"8",.0,"8",.0,"8",.0,"8",.0,"8",.0,"8",0,"8",0,"8",0,"8","","",0,"8",0,"8"
"352190360","P£OCK","2006","12","06","05","9","",0,"8",0,"8","","","",7,"",0,"8",0,"8",1,"",180,"",4,"",0,"",9.1,"",.0,"8","U","",9.6,"",83,"",6.4,"",991.9,"",1005.0,"",7,-1.0,"",.0,"8",0,"8","01","1","1","","0","","","3","","","0","","",0,"8",.0,"8",.0,"8","","8",0,"8","","",.0,"8",.0,"8",.0,"8",.0,"8",.0,"8",.0,"8",.0,"8",.0,"8",.0,"8",0,"8",0,"8",0,"8","","",0,"8",0,"8"
"352190360","P£OCK","2006","12","06","06","9","",0,"8",0,"8","","","",7,"",0,"8",0,"8",2,"",190,"",4,"",0,"",8.9,"",.0,"8","U","",9.2,"",81,"",5.8,"",991.9,"",1005.1,"",6,-.6,"",.1,"",6,"","03","8","1","","0","","","3","","","2","","",1,"",.0,"8",.0,"8","","8",0,"8","","",.0,"8",.0,"8",.0,"8",.0,"8",.0,"8",.0,"8",.0,"8",.0,"8",.0,"8",0,"8",0,"8",0,"8","","",0,"8",0,"8"
"352190360","P£OCK","2006","12","06","07","7","",0,"8",0,"8","","","",7,"",0,"8",0,"8",3,"",160,"",3,"",0,"",8.4,"",.0,"8","U","",9.0,"",82,"",5.5,"",992.0,"",1005.2,"",5,-.2,"",.0,"8",0,"8","03","0","1","","5","","","3","","","2","","",0,"8",.0,"8",.0,"8","","8",0,"8","","",.0,"8",.0,"8",.0,"8",.0,"8",.0,"8",.0,"8",.0,"8",.0,"8",.0,"8",0,"8",0,"8",0,"8","","",0,"8",0,"8"
"352190360","P£OCK","2006","12","06","08","9","",0,"8",0,"8","","","",6,"",0,"8",0,"8",7,"",160,"",3,"",0,"",9.1,"",.0,"8","U","",9.2,"",80,"",5.8,"",992.1,"",1005.2,"",3,.2,"",.0,"8",0,"8","10","1","5","","0","","","5","","","1","","",0,"8",.0,"8",.0,"8","","8",0,"8","","",.0,"8",.0,"8",.0,"8",.0,"8",.0,"8",.0,"8",.0,"8",.0,"8",.0,"8",0,"8",0,"8",0,"8","","",0,"8",0,"8"
"352190360","P£OCK","2006","12","06","09","9","",0,"8",0,"8","","","",6,"",0,"8",0,"8",7,"",150,"",3,"",0,"",9.1,"",.0,"8","U","",9.1,"",79,"",5.6,"",992.1,"",1005.2,"",1,.2,"",.0,"8",0,"8","10","1","7","","0","","","5","","","/","","",0,"8",.0,"8",.0,"8","","8",0,"8","","",.0,"8",.0,"8",.0,"8",.0,"8",.0,"8",.0,"8",.0,"8",.0,"8",.0,"8",0,"8",0,"8",0,"8","","",0,"8",0,"8"
"352190360","P£OCK","2006","12","06","10","9","",0,"8",0,"8","","","",7,"",0,"8",0,"8",7,"",180,"",4,"",0,"",11.9,"",.0,"8","U","",9.9,"",71,"",6.8,"",991.6,"",1004.6,"",8,-.4,"",.0,"8",0,"8","02","2","7","","0","","","7","","","/","","",0,"8",.0,"8",.0,"8","","8",0,"8","","",.0,"8",.0,"8",.0,"8",.0,"8",.0,"8",.0,"8",.0,"8",.0,"8",.0,"8",0,"8",0,"8",0,"8","","",0,"8",0,"8"
"352190360","P£OCK","2006","12","06","11","9","",0,"8",0,"8","","","",7,"",0,"8",0,"8",5,"",190,"",6,"",0,"",13.6,"",.0,"8","U","",10.1,"",65,"",7.1,"",991.6,"",1004.5,"",6,-.5,"",.0,"8",0,"8","01","2","1","","0","","","3","","","1","","",0,"8",.0,"8",.0,"8","","8",0,"8","","",.0,"8",.0,"8",.0,"8",.0,"8",.0,"8",.0,"8",.0,"8",.0,"8",.0,"8",0,"8",0,"8",0,"8","","",0,"8",0,"8"
"352190360","P£OCK","2006","12","06","12","9","",0,"8",0,"8","","","",7,"",0,"8",0,"8",7,"",200,"",6,"",0,"",12.6,"",.0,"8","U","",10.0,"",69,"",7.1,"",991.4,"",1004.4,"",7,-.7,"",.0,"9",0,"9","03","1","2","","0","","","3","","","6","","",1,"",.0,"8",.0,"8","","8",0,"8","","",.0,"8",.0,"8",.0,"8",.0,"8",.0,"8",.0,"8",.0,"8",.0,"8",.0,"8",0,"8",0,"8",0,"8","","",0,"8",0,"8"
"352190360","P£OCK","2006","12","06","13","9","",0,"8",0,"8","","","",7,"",0,"8",0,"8",7,"",210,"",5,"",0,"",12.7,"",.0,"8","U","",10.3,"",70,"",7.4,"",991.7,"",1004.7,"",3,.1,"",.0,"8",0,"8","02","2","2","","0","","","3","","","8","","",0,"8",.0,"8",.0,"8","","8",0,"8","","",.0,"8",.0,"8",.0,"8",.0,"8",.0,"8",.0,"8",.0,"8",.0,"8",.0,"8",0,"8",0,"8",0,"8","","",0,"8",0,"8"
"352190360","P£OCK","2006","12","06","14","9","",0,"8",0,"8","","","",7,"",0,"8",0,"8",7,"",190,"",3,"",0,"",12.3,"",.0,"8","U","",10.3,"",72,"",7.4,"",992.0,"",1005.0,"",3,.4,"",.0,"8",0,"8","03","2","6","","0","","","5","","","8","","",0,"8",.0,"8",.0,"8","","8",0,"8","","",.0,"8",.0,"8",.0,"8",.0,"8",.0,"8",.0,"8",.0,"8",.0,"8",.0,"8",0,"8",0,"8",0,"8","","",0,"8",0,"8"
"352190360","P£OCK","2006","12","06","15","9","",0,"8",0,"8","","","",7,"",0,"8",0,"8",7,"",190,"",3,"",0,"",11.7,"",.0,"8","U","",10.3,"",75,"",7.4,"",992.4,"",1005.4,"",2,1.0,"",.0,"8",0,"8","03","2","7","","0","","","5","","","/","","",0,"8",.0,"8",.0,"8","","8",0,"8","","",.0,"8",.0,"8",.0,"8",.0,"8",.0,"8",.0,"8",.0,"8",.0,"8",.0,"8",0,"8",0,"8",0,"8","","",0,"8",0,"8"
"352190360","P£OCK","2006","12","06","16","9","",0,"8",0,"8","","","",7,"",0,"8",0,"8",7,"",190,"",3,"",0,"",11.2,"",.0,"8","U","",10.4,"",78,"",7.5,"",992.9,"",1006.0,"",3,1.2,"",.0,"8",0,"8","01","2","6","","0","","","3","","","8","","",0,"8",.0,"8",.0,"8","","8",0,"8","","",.0,"8",.0,"8",.0,"8",.0,"8",.0,"8",.0,"8",.0,"8",.0,"8",.0,"8",0,"8",0,"8",0,"8","","",0,"8",0,"8"
"352190360","P£OCK","2006","12","06","17","9","",0,"8",0,"8","","","",7,"",0,"8",0,"8",7,"",210,"",4,"",0,"",10.7,"",.0,"8","U","",10.1,"",79,"",7.2,"",993.3,"",1006.4,"",2,1.3,"",.0,"8",0,"8","03","2","7","","0","","","5","","","/","","",0,"8",.0,"8",.0,"8","","8",0,"8","","",.0,"8",.0,"8",.0,"8",.0,"8",.0,"8",.0,"8",.0,"8",.0,"8",.0,"8",0,"8",0,"8",0,"8","","",0,"8",0,"8"
"352190360","P£OCK","2006","12","06","18","9","",0,"8",0,"8","","","",7,"",0,"8",0,"8",7,"",230,"",4,"",0,"",10.4,"",.0,"8","U","",9.9,"",79,"",6.9,"",993.7,"",1006.8,"",2,1.3,"",.0,"9",0,"9","02","2","7","","0","","","3","","","/","","",1,"",.0,"8",.0,"8","","8",0,"8","","",.0,"8",.0,"8",.0,"8",.0,"8",.0,"8",.0,"8",.0,"8",.0,"8",.0,"8",0,"8",0,"8",0,"8","","",0,"8",0,"8"
"352190360","P£OCK","2006","12","06","19","5","",0,"8",0,"8","","","",7,"",0,"8",0,"8",7,"",230,"",5,"",0,"",10.3,"",.0,"8","U","",9.8,"",78,"",6.6,"",994.6,"",1007.7,"",3,1.7,"",.0,"8",0,"8","03","2","4","","5","","","3","","","/","","",0,"8",.0,"8",.0,"8","","8",0,"8","","",.0,"8",.0,"8",.0,"8",.0,"8",.0,"8",.0,"8",.0,"8",.0,"8",.0,"8",0,"8",0,"8",0,"8","","",0,"8",0,"8"
"352190360","P£OCK","2006","12","06","20","5","",0,"8",0,"8","","","",6,"",0,"8",0,"8",7,"",220,"",5,"",0,"",9.9,"",.0,"8","U","",10.1,"",83,"",7.1,"",995.2,"",1008.3,"",2,1.9,"",.0,"8",0,"8","25","2","5","","9","","","3","","","/","","",0,"8",.0,"8",.0,"8","","8",0,"8","","",.0,"8",.0,"8",.0,"8",.0,"8",.0,"8",.0,"8",.0,"8",.0,"8",.0,"8",0,"8",0,"8",0,"8","","",0,"8",0,"8"
"352190360","P£OCK","2006","12","06","21","5","",0,"8",0,"8","","","",6,"",0,"8",0,"8",8,"",240,"",6,"",0,"",10.2,"",.0,"8","U","",10.3,"",83,"",7.4,"",995.7,"",1008.8,"",1,2.0,"",.0,"8",0,"8","80","2","8","","9","","","/","","","/","","",0,"8",.0,"8",.0,"8","","8",0,"8","","",.0,"8",.0,"8",.0,"8",.0,"8",.0,"8",.0,"8",.0,"8",.0,"8",.0,"8",0,"8",0,"8",0,"8","","",0,"8",0,"8"
"352190360","P£OCK","2006","12","06","22","4","",0,"8",0,"8","","","",6,"",0,"8",0,"8",8,"",230,"",6,"",0,"",9.5,"",.0,"8","U","",10.3,"",87,"",7.4,"",996.2,"",1009.4,"",2,1.6,"",.0,"8",0,"8","25","8","6","","9","","","3","","","/","","",0,"8",.0,"8",.0,"8","","8",0,"8","","",.0,"8",.0,"8",.0,"8",.0,"8",.0,"8",.0,"8",.0,"8",.0,"8",.0,"8",0,"8",0,"8",0,"8","","",0,"8",0,"8"
"352190360","P£OCK","2006","12","06","23","5","",0,"8",0,"8","","","",6,"",0,"8",0,"8",7,"",230,"",5,"",0,"",9.3,"",.0,"8","U","",10.1,"",86,"",7.1,"",996.5,"",1009.7,"",1,1.3,"",.0,"8",0,"8","10","2","3","","5","","","3","","","/","","",0,"8",.0,"8",.0,"8","","8",0,"8","","",.0,"8",.0,"8",.0,"8",.0,"8",.0,"8",.0,"8",.0,"8",.0,"8",.0,"8",0,"8",0,"8",0,"8","","",0,"8",0,"8"
"352190360","P£OCK","2006","12","07","00","9","",0,"8",0,"8","","","",6,"",0,"8",0,"8",8,"",220,"",5,"",0,"",9.0,"",.0,"8","U","",9.7,"",85,"",6.6,"",997.3,"",1010.5,"",2,1.6,"",.7,"",6,"","10","8","8","","0","","","3","","","/","","",2,"",.0,"8",.0,"8","","8",0,"8","","",.0,"8",.0,"8",.0,"8",.0,"8",.0,"8",.0,"8",.0,"8",.0,"8",.0,"8",0,"8",0,"8",0,"8","","",0,"8",0,"8"
"352190360","P£OCK","2006","12","07","01","9","",0,"8",0,"8","","","",7,"",0,"8",0,"8",8,"",220,"",4,"",0,"",8.6,"",.0,"8","U","",9.6,"",86,"",6.4,"",997.5,"",1010.7,"",2,1.3,"",.0,"8",0,"8","02","2","8","","0","","","3","","","/","","",0,"8",.0,"8",.0,"8","","8",0,"8","","",.0,"8",.0,"8",.0,"8",.0,"8",.0,"8",.0,"8",.0,"8",.0,"8",.0,"8",0,"8",0,"8",0,"8","","",0,"8",0,"8"
"352190360","P£OCK","2006","12","07","02","9","",0,"8",0,"8","","","",7,"",0,"8",0,"8",8,"",210,"",4,"",0,"",8.4,"",.0,"8","U","",9.5,"",86,"",6.2,"",997.9,"",1011.2,"",2,1.4,"",.0,"8",0,"8","02","2","8","","0","","","3","","","/","","",0,"8",.0,"8",.0,"8","","8",0,"8","","",.0,"8",.0,"8",.0,"8",.0,"8",.0,"8",.0,"8",.0,"8",.0,"8",.0,"8",0,"8",0,"8",0,"8","","",0,"8",0,"8"
"352190360","P£OCK","2006","12","07","03","9","",0,"8",0,"8","","","",6,"",0,"8",0,"8",8,"",220,"",4,"",0,"",8.2,"",.0,"8","U","",9.4,"",87,"",6.2,"",998.1,"",1011.4,"",2,.8,"",.0,"8",0,"8","10","2","8","","0","","","3","","","/","","",0,"8",.0,"8",.0,"8","","8",0,"8","","",.0,"8",.0,"8",.0,"8",.0,"8",.0,"8",.0,"8",.0,"8",.0,"8",.0,"8",0,"8",0,"8",0,"8","","",0,"8",0,"8"
"352190360","P£OCK","2006","12","07","04","9","",0,"8",0,"8","","","",6,"",0,"8",0,"8",8,"",220,"",4,"",0,"",8.0,"",.0,"8","U","",9.3,"",87,"",6.0,"",998.3,"",1011.6,"",1,.8,"",.0,"8",0,"8","10","2","8","","0","","","3","","","/","","",0,"8",.0,"8",.0,"8","","8",0,"8","","",.0,"8",.0,"8",.0,"8",.0,"8",.0,"8",.0,"8",.0,"8",.0,"8",.0,"8",0,"8",0,"8",0,"8","","",0,"8",0,"8"
"352190360","P£OCK","2006","12","07","05","9","",0,"8",0,"8","","","",6,"",0,"8",0,"8",8,"",210,"",3,"",0,"",7.9,"",.0,"8","U","",9.3,"",87,"",5.9,"",998.6,"",1011.9,"",2,.7,"",.0,"8",0,"8","10","2","8","","0","","","3","","","/","","",0,"8",.0,"8",.0,"8","","8",0,"8","","",.0,"8",.0,"8",.0,"8",.0,"8",.0,"8",.0,"8",.0,"8",.0,"8",.0,"8",0,"8",0,"8",0,"8","","",0,"8",0,"8"
"352190360","P£OCK","2006","12","07","06","7","",0,"8",0,"8","","","",6,"",0,"8",0,"8",8,"",220,"",4,"",0,"",7.7,"",.0,"8","U","",9.1,"",87,"",5.7,"",999.0,"",1012.3,"",3,.9,"",.0,"9",0,"9","10","2","3","","5","","","3","","","/","","",1,"",.0,"8",.0,"8","","8",0,"8","","",.0,"8",.0,"8",.0,"8",.0,"8",.0,"8",.0,"8",.0,"8",.0,"8",.0,"8",0,"8",0,"8",0,"8","","",0,"8",0,"8"
"352190360","P£OCK","2006","12","07","07","7","",0,"8",0,"8","","","",7,"",0,"8",0,"8",7,"",220,"",4,"",0,"",7.7,"",.0,"8","U","",9.0,"",86,"",5.5,"",999.4,"",1012.7,"",2,1.1,"",.0,"8",0,"8","01","2","3","","5","","","3","","","/","","",0,"8",.0,"8",.0,"8","","8",0,"8","","",.0,"8",.0,"8",.0,"8",.0,"8",.0,"8",.0,"8",.0,"8",.0,"8",.0,"8",0,"8",0,"8",0,"8","","",0,"8",0,"8"
"352190360","P£OCK","2006","12","07","08","7","",0,"8",0,"8","","","",7,"",0,"8",0,"8",8,"",210,"",3,"",0,"",7.8,"",.0,"8","U","",9.0,"",85,"",5.4,"",999.7,"",1013.0,"",2,1.1,"",.0,"8",0,"8","03","2","6","","5","","","3","","","/","","",0,"8",.0,"8",.0,"8","","8",0,"8","","",.0,"8",.0,"8",.0,"8",.0,"8",.0,"8",.0,"8",.0,"8",.0,"8",.0,"8",0,"8",0,"8",0,"8","","",0,"8",0,"8"
"352190360","P£OCK","2006","12","07","09","7","",0,"8",0,"8","","","",7,"",0,"8",0,"8",8,"",210,"",3,"",0,"",8.1,"",.0,"8","U","",9.2,"",85,"",5.7,"",999.9,"",1013.2,"",1,.9,"",.0,"8",0,"8","02","2","6","","5","","","3","","","/","","",0,"8",.0,"8",.0,"8","","8",0,"8","","",.0,"8",.0,"8",.0,"8",.0,"8",.0,"8",.0,"8",.0,"8",.0,"8",.0,"8",0,"8",0,"8",0,"8","","",0,"8",0,"8"
"352190360","P£OCK","2006","12","07","10","7","",0,"8",0,"8","","","",7,"",0,"8",0,"8",7,"",220,"",4,"",0,"",8.3,"",.0,"8","U","",9.0,"",82,"",5.4,"",999.8,"",1013.1,"",0,.4,"",.0,"8",0,"8","01","2","4","","5","","","3","","","/","","",0,"8",.0,"8",.0,"8","","8",0,"8","","",.0,"8",.0,"8",.0,"8",.0,"8",.0,"8",.0,"8",.0,"8",.0,"8",.0,"8",0,"8",0,"8",0,"8","","",0,"8",0,"8"
"352190360","P£OCK","2006","12","07","11","9","",0,"8",0,"8","","","",7,"",0,"8",0,"8",5,"",210,"",4,"",0,"",9.2,"",.0,"8","U","",9.2,"",79,"",5.7,"",999.2,"",1012.4,"",8,-.5,"",.0,"8",0,"8","01","2","5","","0","","","3","","","0","","",0,"8",.0,"8",.0,"8","","8",0,"8","","",.0,"8",.0,"8",.0,"8",.0,"8",.0,"8",.0,"8",.0,"8",.0,"8",.0,"8",0,"8",0,"8",0,"8","","",0,"8",0,"8"
"352190360","P£OCK","2006","12","07","12","5","",0,"8",0,"8","","","",7,"",0,"8",0,"8",2,"",200,"",4,"",0,"",9.7,"",.0,"8","U","",8.9,"",74,"",5.3,"",999.0,"",1012.2,"",7,-.9,"",.0,"9",0,"9","03","1","1","","2","","","3","","","0","","",1,"",.0,"8",.0,"8","","8",0,"8","","",.0,"8",.0,"8",.0,"8",.0,"8",.0,"8",.0,"8",.0,"8",.0,"8",.0,"8",0,"8",0,"8",0,"8","","",0,"8",0,"8"
"352190360","P£OCK","2006","12","07","13","6","",0,"8",0,"8","","","",7,"",0,"8",0,"8",5,"",180,"",3,"",0,"",9.3,"",.0,"8","U","",8.9,"",76,"",5.3,"",998.4,"",1011.6,"",7,-1.4,"",.0,"8",0,"8","01","1","4","","5","","","3","","","0","","",0,"8",.0,"8",.0,"8","","8",0,"8","","",.0,"8",.0,"8",.0,"8",.0,"8",.0,"8",.0,"8",.0,"8",.0,"8",.0,"8",0,"8",0,"8",0,"8","","",0,"8",0,"8"
"352190360","P£OCK","2006","12","07","14","9","",0,"8",0,"8","","","",6,"",0,"8",0,"8",2,"",160,"",4,"",0,"",8.6,"",.0,"8","U","",8.9,"",80,"",5.3,"",997.8,"",1011.0,"",8,-1.4,"",.0,"8",0,"8","10","1","1","","0","","","3","","","1","","",0,"8",.0,"8",.0,"8","","8",0,"8","","",.0,"8",.0,"8",.0,"8",.0,"8",.0,"8",.0,"8",.0,"8",.0,"8",.0,"8",0,"8",0,"8",0,"8","","",0,"8",0,"8"
"352190360","P£OCK","2006","12","07","15","4","",0,"8",0,"8","","","",6,"",0,"8",0,"8",7,"",180,"",4,"",0,"",8.0,"",.0,"8","U","",9.0,"",84,"",5.5,"",997.3,"",1010.6,"",7,-1.7,"",.0,"8",0,"8","10","1","7","","5","","","/","","","/","","",0,"8",.0,"8",.0,"8","","8",0,"8","","",.0,"8",.0,"8",.0,"8",.0,"8",.0,"8",.0,"8",.0,"8",.0,"8",.0,"8",0,"8",0,"8",0,"8","","",0,"8",0,"8"
"352190360","P£OCK","2006","12","07","16","4","",0,"8",0,"8","","","",6,"",0,"8",0,"8",5,"",160,"",3,"",0,"",6.7,"",.0,"8","U","",8.5,"",87,"",4.7,"",997.0,"",1010.3,"",6,-1.4,"",.0,"8",0,"8","10","2","5","","5","","","0","","","0","","",0,"8",.0,"8",.0,"8","","8",0,"8","","",.0,"8",.0,"8",.0,"8",.0,"8",.0,"8",.0,"8",.0,"8",.0,"8",.0,"8",0,"8",0,"8",0,"8","","",0,"8",0,"8"
"352190360","P£OCK","2006","12","07","17","9","",0,"8",0,"8","","","",6,"",0,"8",0,"8",1,"",160,"",3,"",0,"",6.0,"",.0,"8","U","",8.3,"",89,"",4.3,"",996.7,"",1010.1,"",6,-1.1,"",.0,"8",0,"8","10","1","0","","0","","","0","","","1","","",0,"8",.0,"8",.0,"8","","8",0,"8","","",.0,"8",.0,"8",.0,"8",.0,"8",.0,"8",.0,"8",.0,"8",.0,"8",.0,"8",0,"8",0,"8",0,"8","","",0,"8",0,"8"
"352190360","P£OCK","2006","12","07","18","9","",0,"8",0,"8","","","",6,"",0,"8",0,"8",0,"",160,"",4,"",0,"",5.9,"",.0,"8","U","",8.4,"",90,"",4.4,"",996.4,"",1009.8,"",7,-.9,"",.0,"9",0,"9","10","1","0","","0","","","0","","","0","","",1,"",.0,"8",.0,"8","","8",0,"8","","",.0,"8",.0,"8",.0,"8",.0,"8",.0,"8",.0,"8",.0,"8",.0,"8",.0,"8",0,"8",0,"8",0,"8","","",0,"8",0,"8"
"352190360","P£OCK","2006","12","07","19","9","",0,"8",0,"8","","","",6,"",0,"8",0,"8",4,"",150,"",4,"",0,"",5.7,"",.0,"8","U","",8.2,"",90,"",4.2,"",996.0,"",1009.4,"",7,-1.0,"",.0,"8",0,"8","10","0","0","","0","","","0","","","4","","",0,"8",.0,"8",.0,"8","","8",0,"8","","",.0,"8",.0,"8",.0,"8",.0,"8",.0,"8",.0,"8",.0,"8",.0,"8",.0,"8",0,"8",0,"8",0,"8","","",0,"8",0,"8"
"352190360","P£OCK","2006","12","07","20","9","",0,"8",0,"8","","","",6,"",0,"8",0,"8",7,"",150,"",3,"",0,"",5.4,"",.0,"8","U","",8.1,"",90,"",3.9,"",995.3,"",1008.7,"",8,-1.4,"",.0,"8",0,"8","10","1","0","","0","","","0","","","6","","",0,"8",.0,"8",.0,"8","","8",0,"8","","",.0,"8",.0,"8",.0,"8",.0,"8",.0,"8",.0,"8",.0,"8",.0,"8",.0,"8",0,"8",0,"8",0,"8","","",0,"8",0,"8"
"352190360","P£OCK","2006","12","07","21","4","",0,"8",0,"8","","","",6,"",0,"8",0,"8",7,"",160,"",4,"",0,"",5.1,"",.0,"8","U","",8.0,"",91,"",3.8,"",994.8,"",1008.2,"",7,-1.6,"",.0,"8",0,"8","10","1","1","","5","","","0","","","8","","",0,"8",.0,"8",.0,"8","","8",0,"8","","",.0,"8",.0,"8",.0,"8",.0,"8",.0,"8",.0,"8",.0,"8",.0,"8",.0,"8",0,"8",0,"8",0,"8","","",0,"8",0,"8"
"352190360","P£OCK","2006","12","07","22","2","",0,"8",0,"8","","","",5,"",0,"8",0,"8",8,"",150,"",5,"",0,"",5.7,"",.0,"8","U","",8.4,"",92,"",4.5,"",994.1,"",1007.4,"",7,-1.9,"",.0,"8",0,"8","10","2","8","","6","","","/","","","/","","",0,"8",.0,"8",.0,"8","","8",0,"8","","",.0,"8",.0,"8",.0,"8",.0,"8",.0,"8",.0,"8",.0,"8",.0,"8",.0,"8",0,"8",0,"8",0,"8","","",0,"8",0,"8"
"352190360","P£OCK","2006","12","07","23","2","",0,"8",0,"8","","","",5,"",0,"8",0,"8",7,"",160,"",4,"",0,"",5.8,"",.0,"8","U","",8.5,"",92,"",4.6,"",994.1,"",1007.4,"",6,-1.2,"",.0,"8",0,"8","10","2","5","","6","","","0","","","8","","",0,"8",.0,"8",.0,"8","","8",0,"8","","",.0,"8",.0,"8",.0,"8",.0,"8",.0,"8",.0,"8",.0,"8",.0,"8",.0,"8",0,"8",0,"8",0,"8","","",0,"8",0,"8"
"352190360","P£OCK","2006","12","08","00","9","",0,"8",0,"8","","","",5,"",0,"8",0,"8",8,"",150,"",4,"",0,"",5.3,"",.0,"8","U","",8.3,"",93,"",4.3,"",993.3,"",1006.6,"",7,-1.5,"",.0,"9",0,"9","10","1","0","","0","","","0","","","7","","",1,"",.0,"8",.0,"8","","8",0,"8","","",.0,"8",.0,"8",.0,"8",.0,"8",.0,"8",.0,"8",.0,"8",.0,"8",.0,"8",0,"8",0,"8",0,"8","","",0,"8",0,"8"
"352190360","P£OCK","2006","12","08","01","9","",0,"8",0,"8","","","",5,"",0,"8",0,"8",8,"",170,"",3,"",0,"",5.5,"",.0,"8","U","",8.3,"",92,"",4.3,"",993.3,"",1006.6,"",6,-.8,"",.0,"8",0,"8","10","2","0","","0","","","0","","","7","","",0,"8",.0,"8",.0,"8","","8",0,"8","","",.0,"8",.0,"8",.0,"8",.0,"8",.0,"8",.0,"8",.0,"8",.0,"8",.0,"8",0,"8",0,"8",0,"8","","",0,"8",0,"8"
"352190360","P£OCK","2006","12","08","02","9","",0,"8",0,"8","","","",5,"",0,"8",0,"8",8,"",170,"",4,"",0,"",5.9,"",.0,"8","U","",8.6,"",93,"",4.9,"",993.6,"",1006.9,"",5,-.5,"",.0,"8",0,"8","10","2","0","","0","","","0","","","7","","",0,"8",.0,"8",.0,"8","","8",0,"8","","",.0,"8",.0,"8",.0,"8",.0,"8",.0,"8",.0,"8",.0,"8",.0,"8",.0,"8",0,"8",0,"8",0,"8","","",0,"8",0,"8"
"352190360","P£OCK","2006","12","08","03","9","",0,"8",0,"8","","","",5,"",0,"8",0,"8",7,"",170,"",3,"",0,"",5.9,"",.0,"8","U","",8.4,"",91,"",4.5,"",993.7,"",1007.0,"",3,.4,"",.0,"8",0,"8","10","2","0","","0","","","0","","","8","","",0,"8",.0,"8",.0,"8","","8",0,"8","","",.0,"8",.0,"8",.0,"8",.0,"8",.0,"8",.0,"8",.0,"8",.0,"8",.0,"8",0,"8",0,"8",0,"8","","",0,"8",0,"8"
"352190360","P£OCK","2006","12","08","04","9","",0,"8",0,"8","","","",5,"",0,"8",0,"8",7,"",190,"",3,"",0,"",6.2,"",.0,"8","U","",8.4,"",89,"",4.5,"",993.9,"",1007.2,"",2,.6,"",.0,"8",0,"8","10","2","0","","0","","","0","","","8","","",0,"8",.0,"8",.0,"8","","8",0,"8","","",.0,"8",.0,"8",.0,"8",.0,"8",.0,"8",.0,"8",.0,"8",.0,"8",.0,"8",0,"8",0,"8",0,"8","","",0,"8",0,"8"
"352190360","P£OCK","2006","12","08","05","9","",0,"8",0,"8","","","",5,"",0,"8",0,"8",6,"",180,"",3,"",0,"",6.1,"",.0,"8","U","",8.4,"",89,"",4.4,"",994.3,"",1007.6,"",3,.7,"",.0,"8",0,"8","10","2","0","","0","","","0","","","8","","",0,"8",.0,"8",.0,"8","","8",0,"8","","",.0,"8",.0,"8",.0,"8",.0,"8",.0,"8",.0,"8",.0,"8",.0,"8",.0,"8",0,"8",0,"8",0,"8","","",0,"8",0,"8"
"352190360","P£OCK","2006","12","08","06","9","",0,"8",0,"8","","","",5,"",0,"8",0,"8",6,"",180,"",3,"",0,"",5.5,"",.0,"8","U","",8.2,"",91,"",4.1,"",994.7,"",1008.1,"",3,1.0,"",.0,"9",0,"9","10","2","0","","0","","","0","","","8","","",1,"",.0,"8",.0,"8","","8",0,"8","","",.0,"8",.0,"8",.0,"8",.0,"8",.0,"8",.0,"8",.0,"8",.0,"8",.0,"8",0,"8",0,"8",0,"8","","",0,"8",0,"8"
"352190360","P£OCK","2006","12","08","07","9","",0,"8",0,"8","","","",5,"",0,"8",0,"8",3,"",190,"",2,"",0,"",5.5,"",.0,"8","U","",8.1,"",90,"",4.0,"",995.0,"",1008.4,"",2,1.1,"",.0,"8",0,"8","10","1","1","","0","","","3","","","8","","",0,"8",.0,"8",.0,"8","","8",0,"8","","",.0,"8",.0,"8",.0,"8",.0,"8",.0,"8",.0,"8",.0,"8",.0,"8",.0,"8",0,"8",0,"8",0,"8","","",0,"8",0,"8"
"352190360","P£OCK","2006","12","08","08","9","",0,"8",0,"8","","","",5,"",0,"8",0,"8",3,"",170,"",2,"",0,"",5.5,"",.0,"8","U","",8.2,"",91,"",4.1,"",995.1,"",1008.5,"",1,.8,"",.0,"8",0,"8","10","0","1","","0","","","3","","","8","","",0,"8",.0,"8",.0,"8","","8",0,"8","","",.0,"8",.0,"8",.0,"8",.0,"8",.0,"8",.0,"8",.0,"8",.0,"8",.0,"8",0,"8",0,"8",0,"8","","",0,"8",0,"8"
"352190360","P£OCK","2006","12","08","09","9","",0,"8",0,"8","","","",6,"",0,"8",0,"8",7,"",180,"",3,"",0,"",7.1,"",.0,"8","U","",8.8,"",87,"",5.1,"",994.9,"",1008.2,"",0,.2,"",.0,"8",0,"8","10","1","1","","0","","","3","","","6","","",0,"8",.0,"8",.0,"8","","8",0,"8","","",.0,"8",.0,"8",.0,"8",.0,"8",.0,"8",.0,"8",.0,"8",.0,"8",.0,"8",0,"8",0,"8",0,"8","","",0,"8",0,"8"
"352190360","P£OCK","2006","12","08","10","9","",0,"8",0,"8","","","",6,"",0,"8",0,"8",7,"",140,"",3,"",0,"",7.6,"",.0,"8","U","",9.0,"",86,"",5.4,"",994.4,"",1007.6,"",8,-.6,"",.0,"8",0,"8","10","2","0","","0","","","0","","","8","","",0,"8",.0,"8",.0,"8","","8",0,"8","","",.0,"8",.0,"8",.0,"8",.0,"8",.0,"8",.0,"8",.0,"8",.0,"8",.0,"8",0,"8",0,"8",0,"8","","",0,"8",0,"8"
"352190360","P£OCK","2006","12","08","11","9","",0,"8",0,"8","","","",6,"",0,"8",0,"8",6,"",140,"",3,"",0,"",8.8,"",.0,"8","U","",9.5,"",84,"",6.2,"",993.6,"",1006.8,"",8,-1.5,"",.0,"8",0,"8","10","2","1","","0","","","3","","","8","","",0,"8",.0,"8",.0,"8","","8",0,"8","","",.0,"8",.0,"8",.0,"8",.0,"8",.0,"8",.0,"8",.0,"8",.0,"8",.0,"8",0,"8",0,"8",0,"8","","",0,"8",0,"8"
"352190360","P£OCK","2006","12","08","12","9","",0,"8",0,"8","","","",6,"",0,"8",0,"8",1,"",150,"",4,"",0,"",10.1,"",.0,"8","U","",9.9,"",80,"",6.8,"",993.1,"",1006.2,"",7,-1.8,"",.0,"9",0,"9","10","1","0","","0","","","0","","","2","","",1,"",.0,"8",.0,"8","","8",0,"8","","",.0,"8",.0,"8",.0,"8",.0,"8",.0,"8",.0,"8",.0,"8",.0,"8",.0,"8",0,"8",0,"8",0,"8","","",0,"8",0,"8"
"352190360","P£OCK","2006","12","08","13","9","",0,"8",0,"8","","","",6,"",0,"8",0,"8",2,"",140,"",3,"",0,"",10.1,"",.0,"8","U","",9.9,"",80,"",6.8,"",992.9,"",1006.0,"",6,-1.5,"",.0,"8",0,"8","10","0","0","","0","","","0","","","1","","",0,"8",.0,"8",.0,"8","","8",0,"8","","",.0,"8",.0,"8",.0,"8",.0,"8",.0,"8",.0,"8",.0,"8",.0,"8",.0,"8",0,"8",0,"8",0,"8","","",0,"8",0,"8"
"352190360","P£OCK","2006","12","08","14","9","",0,"8",0,"8","","","",6,"",0,"8",0,"8",2,"",130,"",4,"",0,"",9.1,"",.0,"8","U","",9.5,"",82,"",6.2,"",992.3,"",1005.4,"",7,-1.3,"",.0,"8",0,"8","10","0","0","","0","","","0","","","1","","",0,"8",.0,"8",.0,"8","","8",0,"8","","",.0,"8",.0,"8",.0,"8",.0,"8",.0,"8",.0,"8",.0,"8",.0,"8",.0,"8",0,"8",0,"8",0,"8","","",0,"8",0,"8"
"352190360","P£OCK","2006","12","08","15","9","",0,"8",0,"8","","","",6,"",0,"8",0,"8",1,"",130,"",5,"",0,"",9.1,"",.0,"8","U","",9.5,"",82,"",6.2,"",991.6,"",1004.7,"",8,-1.5,"",.0,"8",0,"8","10","0","0","","0","","","0","","","1","","",0,"8",.0,"8",.0,"8","","8",0,"8","","",.0,"8",.0,"8",.0,"8",.0,"8",.0,"8",.0,"8",.0,"8",.0,"8",.0,"8",0,"8",0,"8",0,"8","","",0,"8",0,"8"
"352190360","P£OCK","2006","12","08","16","9","",0,"8",0,"8","","","",6,"",0,"8",0,"8",0,"",120,"",4,"",0,"",7.8,"",.0,"8","U","",9.1,"",86,"",5.6,"",991.1,"",1004.3,"",7,-1.8,"",.0,"8",0,"8","10","0","0","","0","","","0","","","0","","",0,"8",.0,"8",.0,"8","","8",0,"8","","",.0,"8",.0,"8",.0,"8",.0,"8",.0,"8",.0,"8",.0,"8",.0,"8",.0,"8",0,"8",0,"8",0,"8","","",0,"8",0,"8"
"352190360","P£OCK","2006","12","08","17","7","",0,"8",0,"8","","","",6,"",0,"8",0,"8",1,"",140,"",4,"",0,"",8.9,"",.0,"8","U","",9.6,"",84,"",6.3,"",990.6,"",1003.7,"",6,-1.7,"",.0,"8",0,"8","10","0","1","","5","","","0","","","0","","",0,"8",.0,"8",.0,"8","","8",0,"8","","",.0,"8",.0,"8",.0,"8",.0,"8",.0,"8",.0,"8",.0,"8",.0,"8",.0,"8",0,"8",0,"8",0,"8","","",0,"8",0,"8"
"352190360","P£OCK","2006","12","08","18","7","",0,"8",0,"8","","","",6,"",0,"8",0,"8",1,"",140,"",4,"",0,"",8.7,"",.0,"8","U","",9.3,"",83,"",6.0,"",990.2,"",1003.3,"",7,-1.4,"",.0,"9",0,"9","10","0","1","","5","","","0","","","0","","",1,"",.0,"8",.0,"8","","8",0,"8","","",.0,"8",.0,"8",.0,"8",.0,"8",.0,"8",.0,"8",.0,"8",.0,"8",.0,"8",0,"8",0,"8",0,"8","","",0,"8",0,"8"
"352190360","P£OCK","2006","12","08","19","7","",0,"8",0,"8","","","",6,"",0,"8",0,"8",1,"",140,"",5,"",0,"",9.3,"",.0,"8","U","",9.4,"",80,"",6.0,"",989.7,"",1002.8,"",7,-1.4,"",.0,"8",0,"8","10","0","1","","5","","","0","","","0","","",0,"8",.0,"8",.0,"8","","8",0,"8","","",.0,"8",.0,"8",.0,"8",.0,"8",.0,"8",.0,"8",.0,"8",.0,"8",.0,"8",0,"8",0,"8",0,"8","","",0,"8",0,"8"
"352190360","P£OCK","2006","12","08","20","9","",0,"8",0,"8","","","",7,"",0,"8",0,"8",1,"",150,"",5,"",0,"",9.5,"",.0,"8","U","",9.2,"",78,"",5.9,"",989.8,"",1002.9,"",5,-.8,"",.0,"8",0,"8","01","0","0","","0","","","0","","","1","","",0,"8",.0,"8",.0,"8","","8",0,"8","","",.0,"8",.0,"8",.0,"8",.0,"8",.0,"8",.0,"8",.0,"8",.0,"8",.0,"8",0,"8",0,"8",0,"8","","",0,"8",0,"8"
"352190360","P£OCK","2006","12","08","21","9","",0,"8",0,"8","","","",7,"",0,"8",0,"8",4,"",150,"",5,"",0,"",9.1,"",.0,"8","U","",9.0,"",78,"",5.5,"",989.9,"",1003.0,"",5,-.3,"",.0,"8",0,"8","03","0","0","","0","","","0","","","6","","",0,"8",.0,"8",.0,"8","","8",0,"8","","",.0,"8",.0,"8",.0,"8",.0,"8",.0,"8",.0,"8",.0,"8",.0,"8",.0,"8",0,"8",0,"8",0,"8","","",0,"8",0,"8"
"352190360","P£OCK","2006","12","08","22","9","",0,"8",0,"8","","","",7,"",0,"8",0,"8",6,"",150,"",4,"",0,"",8.5,"",.0,"8","U","",8.9,"",80,"",5.2,"",990.0,"",1003.1,"",2,.3,"",.0,"8",0,"8","03","1","0","","0","","","0","","","6","","",0,"8",.0,"8",.0,"8","","8",0,"8","","",.0,"8",.0,"8",.0,"8",.0,"8",.0,"8",.0,"8",.0,"8",.0,"8",.0,"8",0,"8",0,"8",0,"8","","",0,"8",0,"8"
"352190360","P£OCK","2006","12","08","23","9","",0,"8",0,"8","","","",7,"",0,"8",0,"8",7,"",150,"",4,"",0,"",8.3,"",.0,"8","U","",8.7,"",80,"",5.0,"",990.0,"",1003.2,"",1,.2,"",.0,"8",0,"8","03","2","0","","0","","","0","","","6","","",0,"8",.0,"8",.0,"8","","8",0,"8","","",.0,"8",.0,"8",.0,"8",.0,"8",.0,"8",.0,"8",.0,"8",.0,"8",.0,"8",0,"8",0,"8",0,"8","","",0,"8",0,"8"
"352190360","P£OCK","2006","12","09","00","9","",0,"8",0,"8","","","",7,"",0,"8",0,"8",4,"",140,"",4,"",0,"",7.5,"",.0,"8","U","",8.5,"",82,"",4.6,"",990.3,"",1003.5,"",2,.4,"",.0,"9",0,"9","01","1","0","","0","","","0","","","8","","",1,"",.0,"8",.0,"8","","8",0,"8","","",.0,"8",.0,"8",.0,"8",.0,"8",.0,"8",.0,"8",.0,"8",.0,"8",.0,"8",0,"8",0,"8",0,"8","","",0,"8",0,"8"
"352190360","P£OCK","2006","12","09","01","9","",0,"8",0,"8","","","",7,"",0,"8",0,"8",3,"",140,"",5,"",0,"",7.5,"",.0,"8","U","",8.6,"",83,"",4.8,"",990.0,"",1003.2,"",0,.0,"",.0,"8",0,"8","01","0","0","","0","","","0","","","8","","",0,"8",.0,"8",.0,"8","","8",0,"8","","",.0,"8",.0,"8",.0,"8",.0,"8",.0,"8",.0,"8",.0,"8",.0,"8",.0,"8",0,"8",0,"8",0,"8","","",0,"8",0,"8"
"352190360","P£OCK","2006","12","09","02","9","",0,"8",0,"8","","","",7,"",0,"8",0,"8",3,"",150,"",3,"",0,"",7.5,"",.0,"8","U","",8.5,"",82,"",4.6,"",990.6,"",1003.8,"",2,.6,"",.0,"8",0,"8","02","0","0","","0","","","0","","","8","","",0,"8",.0,"8",.0,"8","","8",0,"8","","",.0,"8",.0,"8",.0,"8",.0,"8",.0,"8",.0,"8",.0,"8",.0,"8",.0,"8",0,"8",0,"8",0,"8","","",0,"8",0,"8"
"352190360","P£OCK","2006","12","09","03","9","",0,"8",0,"8","","","",7,"",0,"8",0,"8",3,"",130,"",4,"",0,"",6.5,"",.0,"8","U","",8.2,"",85,"",4.2,"",990.4,"",1003.6,"",0,.1,"",.0,"8",0,"8","02","0","0","","0","","","0","","","8","","",0,"8",.0,"8",.0,"8","","8",0,"8","","",.0,"8",.0,"8",.0,"8",.0,"8",.0,"8",.0,"8",.0,"8",.0,"8",.0,"8",0,"8",0,"8",0,"8","","",0,"8",0,"8"
"352190360","P£OCK","2006","12","09","04","9","",0,"8",0,"8","","","",7,"",0,"8",0,"8",3,"",140,"",3,"",0,"",6.4,"",.0,"8","U","",8.1,"",84,"",3.9,"",990.8,"",1004.1,"",2,.8,"",.0,"8",0,"8","02","0","0","","0","","","0","","","8","","",0,"8",.0,"8",.0,"8","","8",0,"8","","",.0,"8",.0,"8",.0,"8",.0,"8",.0,"8",.0,"8",.0,"8",.0,"8",.0,"8",0,"8",0,"8",0,"8","","",0,"8",0,"8"
"352190360","P£OCK","2006","12","09","05","9","",0,"8",0,"8","","","",6,"",0,"8",0,"8",3,"",140,"",2,"",0,"",6.3,"",.0,"8","U","",8.2,"",86,"",4.1,"",991.3,"",1004.6,"",3,.7,"",.0,"8",0,"8","10","0","0","","0","","","0","","","8","","",0,"8",.0,"8",.0,"8","","8",0,"8","","",.0,"8",.0,"8",.0,"8",.0,"8",.0,"8",.0,"8",.0,"8",.0,"8",.0,"8",0,"8",0,"8",0,"8","","",0,"8",0,"8"
"352190360","P£OCK","2006","12","09","06","9","",0,"8",0,"8","","","",6,"",0,"8",0,"8",3,"",150,"",2,"",0,"",6.1,"",.0,"8","U","",8.1,"",86,"",3.9,"",991.8,"",1005.1,"",2,1.4,"",.0,"9",0,"9","10","0","0","","0","","","0","","","8","","",1,"",.0,"8",.0,"8","","8",0,"8","","",.0,"8",.0,"8",.0,"8",.0,"8",.0,"8",.0,"8",.0,"8",.0,"8",.0,"8",0,"8",0,"8",0,"8","","",0,"8",0,"8"
"352190360","P£OCK","2006","12","09","07","9","",0,"8",0,"8","","","",6,"",0,"8",0,"8",6,"",160,"",2,"",0,"",5.6,"",.0,"8","U","",8.0,"",88,"",3.8,"",992.9,"",1006.2,"",3,2.1,"",.0,"8",0,"8","10","1","0","","0","","","0","","","6","","",0,"8",.0,"8",.0,"8","","8",0,"8","","",.0,"8",.0,"8",.0,"8",.0,"8",.0,"8",.0,"8",.0,"8",.0,"8",.0,"8",0,"8",0,"8",0,"8","","",0,"8",0,"8"
"352190360","P£OCK","2006","12","09","08","9","",0,"8",0,"8","","","",6,"",0,"8",0,"8",6,"",160,"",3,"",0,"",7.1,"",.0,"8","U","",8.5,"",84,"",4.6,"",993.6,"",1006.9,"",2,2.3,"",.0,"8",0,"8","10","2","0","","0","","","0","","","8","","",0,"8",.0,"8",.0,"8","","8",0,"8","","",.0,"8",.0,"8",.0,"8",.0,"8",.0,"8",.0,"8",.0,"8",.0,"8",.0,"8",0,"8",0,"8",0,"8","","",0,"8",0,"8"
"352190360","P£OCK","2006","12","09","09","9","",0,"8",0,"8","","","",6,"",0,"8",0,"8",5,"",170,"",3,"",0,"",8.6,"",.0,"8","U","",8.9,"",80,"",5.3,"",994.2,"",1007.4,"",1,2.4,"",.0,"8",0,"8","10","1","0","","0","","","0","","","8","","",0,"8",.0,"8",.0,"8","","8",0,"8","","",.0,"8",.0,"8",.0,"8",.0,"8",.0,"8",.0,"8",.0,"8",.0,"8",.0,"8",0,"8",0,"8",0,"8","","",0,"8",0,"8"
"352190360","P£OCK","2006","12","09","10","9","",0,"8",0,"8","","","",7,"",0,"8",0,"8",6,"",160,"",2,"",0,"",9.4,"",.0,"8","U","",9.3,"",79,"",5.9,"",994.4,"",1007.6,"",1,1.5,"",.0,"8",0,"8","03","2","0","","0","","","0","","","6","","",0,"8",.0,"8",.0,"8","","8",0,"8","","",.0,"8",.0,"8",.0,"8",.0,"8",.0,"8",.0,"8",.0,"8",.0,"8",.0,"8",0,"8",0,"8",0,"8","","",0,"8",0,"8"
"352190360","P£OCK","2006","12","09","11","9","",0,"8",0,"8","","","",7,"",0,"8",0,"8",6,"",190,"",2,"",0,"",9.4,"",.0,"8","U","",9.3,"",79,"",5.9,"",995.2,"",1008.4,"",2,1.6,"",.0,"8",0,"8","02","2","0","","0","","","0","","","8","","",0,"8",.0,"8",.0,"8","","8",0,"8","","",.0,"8",.0,"8",.0,"8",.0,"8",.0,"8",.0,"8",.0,"8",.0,"8",.0,"8",0,"8",0,"8",0,"8","","",0,"8",0,"8"
"352190360","P£OCK","2006","12","09","12","9","",0,"8",0,"8","","","",6,"",0,"8",0,"8",6,"",170,"",2,"",0,"",9.4,"",.0,"8","U","",9.4,"",80,"",6.1,"",995.7,"",1008.9,"",2,1.5,"",.0,"9",0,"9","10","1","0","","0","","","0","","","8","","",1,"",.0,"8",.0,"8","","8",0,"8","","",.0,"8",.0,"8",.0,"8",.0,"8",.0,"8",.0,"8",.0,"8",.0,"8",.0,"8",0,"8",0,"8",0,"8","","",0,"8",0,"8"
"352190360","P£OCK","2006","12","09","13","9","",0,"8",0,"8","","","",6,"",0,"8",0,"8",7,"",0,"",0,"",0,"",9.1,"",.0,"8","U","",9.5,"",82,"",6.2,"",996.1,"",1009.3,"",1,1.7,"",.0,"8",0,"8","10","2","1","","0","","","3","","","6","","",0,"8",.0,"8",.0,"8","","8",0,"8","","",.0,"8",.0,"8",.0,"8",.0,"8",.0,"8",.0,"8",.0,"8",.0,"8",.0,"8",0,"8",0,"8",0,"8","","",0,"8",0,"8"
"352190360","P£OCK","2006","12","09","14","9","",0,"8",0,"8","","","",6,"",0,"8",0,"8",7,"",90,"",1,"",0,"",7.8,"",.0,"8","U","",9.0,"",85,"",5.4,"",996.4,"",1009.7,"",1,1.2,"",.0,"8",0,"8","10","2","1","","0","","","3","","","8","","",0,"8",.0,"8",.0,"8","","8",0,"8","","",.0,"8",.0,"8",.0,"8",.0,"8",.0,"8",.0,"8",.0,"8",.0,"8",.0,"8",0,"8",0,"8",0,"8","","",0,"8",0,"8"
"352190360","P£OCK","2006","12","09","15","9","",0,"8",0,"8","","","",5,"",0,"8",0,"8",7,"",110,"",1,"",0,"",6.6,"",.0,"8","U","",8.8,"",90,"",5.1,"",996.7,"",1010.0,"",2,1.0,"",.0,"8",0,"8","10","2","2","","0","","","3","","","8","","",0,"8",.0,"8",.0,"8","","8",0,"8","","",.0,"8",.0,"8",.0,"8",.0,"8",.0,"8",.0,"8",.0,"8",.0,"8",.0,"8",0,"8",0,"8",0,"8","","",0,"8",0,"8"
"352190360","P£OCK","2006","12","09","16","9","",0,"8",0,"8","","","",4,"",0,"8",0,"8",7,"",70,"",1,"",0,"",4.9,"",.0,"8","U","",8.0,"",92,"",3.7,"",996.9,"",1010.3,"",2,.8,"",.0,"8",0,"8","10","2","2","","0","","","3","","","8","","",0,"8",.0,"8",.0,"8","","8",0,"8","","",.0,"8",.0,"8",.0,"8",.0,"8",.0,"8",.0,"8",.0,"8",.0,"8",.0,"8",0,"8",0,"8",0,"8","","",0,"8",0,"8"
"352190360","P£OCK","2006","12","09","17","7","",0,"8",0,"8","","","",4,"",0,"8",0,"8",7,"",80,"",2,"",0,"",4.6,"",.0,"8","U","",7.9,"",93,"",3.6,"",996.9,"",1010.3,"",1,.5,"",.0,"8",0,"8","10","2","7","","5","","","/","","","/","","",0,"8",.0,"8",.0,"8","","8",0,"8","","",.0,"8",.0,"8",.0,"8",.0,"8",.0,"8",.0,"8",.0,"8",.0,"8",.0,"8",0,"8",0,"8",0,"8","","",0,"8",0,"8"
"352190360","P£OCK","2006","12","09","18","7","",0,"8",0,"8","","","",5,"",0,"8",0,"8",7,"",70,"",2,"",0,"",6.1,"",.0,"8","U","",8.8,"",94,"",5.2,"",997.1,"",1010.5,"",2,.4,"",.0,"9",0,"9","10","2","7","","5","","","/","","","/","","",1,"",.0,"8",.0,"8","","8",0,"8","","",.0,"8",.0,"8",.0,"8",.0,"8",.0,"8",.0,"8",.0,"8",.0,"8",.0,"8",0,"8",0,"8",0,"8","","",0,"8",0,"8"
"352190360","P£OCK","2006","12","09","19","7","",0,"8",0,"8","","","",6,"",0,"8",0,"8",8,"",90,"",3,"",0,"",8.4,"",.0,"8","U","",9.8,"",89,"",6.7,"",997.0,"",1010.2,"",0,.1,"",.0,"8",0,"8","10","2","8","","5","","","/","","","/","","",0,"8",.0,"8",.0,"8","","8",0,"8","","",.0,"8",.0,"8",.0,"8",.0,"8",.0,"8",.0,"8",.0,"8",.0,"8",.0,"8",0,"8",0,"8",0,"8","","",0,"8",0,"8"
"352190360","P£OCK","2006","12","09","20","6","",0,"8",0,"8","","","",6,"",0,"8",0,"8",8,"",150,"",3,"",0,"",9.4,"",.0,"8","U","",9.8,"",83,"",6.7,"",997.2,"",1010.4,"",2,.3,"",.0,"8",0,"8","80","2","8","","9","","","/","","","/","","",0,"8",.0,"8",.0,"8","","8",0,"8","","",.0,"8",.0,"8",.0,"8",.0,"8",.0,"8",.0,"8",.0,"8",.0,"8",.0,"8",0,"8",0,"8",0,"8","","",0,"8",0,"8"
"352190360","P£OCK","2006","12","09","21","6","",0,"8",0,"8","","","",6,"",0,"8",0,"8",8,"",140,"",3,"",0,"",8.7,"",.0,"8","U","",9.7,"",86,"",6.5,"",997.5,"",1010.7,"",3,.4,"",.0,"8",0,"8","81","2","8","","9","","","/","","","/","","",0,"8",.0,"8",.0,"8","","8",0,"8","","",.0,"8",.0,"8",.0,"8",.0,"8",.0,"8",.0,"8",.0,"8",.0,"8",.0,"8",0,"8",0,"8",0,"8","","",0,"8",0,"8"
"352190360","P£OCK","2006","12","09","22","7","",0,"8",0,"8","","","",6,"",0,"8",0,"8",8,"",130,"",3,"",0,"",8.4,"",.0,"8","U","",9.9,"",90,"",6.9,"",997.6,"",1010.9,"",2,.6,"",.0,"8",0,"8","61","8","6","","5","","","2","","","/","","",0,"8",.0,"8",.0,"8","","8",0,"8","","",.0,"8",.0,"8",.0,"8",.0,"8",.0,"8",.0,"8",.0,"8",.0,"8",.0,"8",0,"8",0,"8",0,"8","","",0,"8",0,"8"
"352190360","P£OCK","2006","12","09","23","6","",0,"8",0,"8","","","",6,"",0,"8",0,"8",8,"",130,"",5,"",0,"",8.3,"",.0,"8","U","",10.0,"",91,"",6.9,"",997.7,"",1011.0,"",1,.5,"",.0,"8",0,"8","61","6","6","","5","","","2","","","/","","",0,"8",.0,"8",.0,"8","","8",0,"8","","",.0,"8",.0,"8",.0,"8",.0,"8",.0,"8",.0,"8",.0,"8",.0,"8",.0,"8",0,"8",0,"8",0,"8","","",0,"8",0,"8"
"352190360","P£OCK","2006","12","10","00","6","",0,"8",0,"8","","","",6,"",0,"8",0,"8",8,"",140,"",4,"",0,"",8.1,"",.0,"8","U","",9.7,"",90,"",6.6,"",997.7,"",1011.0,"",1,.2,"",2.5,"",6,"","61","8","3","","5","","","2","","","/","","",2,"",.0,"8",.0,"8","","8",0,"8","","",.0,"8",.0,"8",.0,"8",.0,"8",.0,"8",.0,"8",.0,"8",.0,"8",.0,"8",0,"8",0,"8",0,"8","","",0,"8",0,"8"
"352190360","P£OCK","2006","12","10","01","7","",0,"8",0,"8","","","",5,"",0,"8",0,"8",8,"",130,"",4,"",0,"",8.0,"",.0,"8","U","",9.9,"",92,"",6.8,"",997.9,"",1011.2,"",2,.3,"",.0,"8",0,"8","61","6","8","","0","","","2","","","/","","",0,"8",.0,"8",.0,"8","","8",0,"8","","",.0,"8",.0,"8",.0,"8",.0,"8",.0,"8",.0,"8",.0,"8",.0,"8",.0,"8",0,"8",0,"8",0,"8","","",0,"8",0,"8"
"352190360","P£OCK","2006","12","10","02","5","",0,"8",0,"8","","","",5,"",0,"8",0,"8",8,"",140,"",4,"",0,"",8.1,"",.0,"8","U","",10.0,"",93,"",7.0,"",998.0,"",1011.3,"",3,.3,"",.0,"8",0,"8","61","6","6","","5","","","2","","","/","","",0,"8",.0,"8",.0,"8","","8",0,"8","","",.0,"8",.0,"8",.0,"8",.0,"8",.0,"8",.0,"8",.0,"8",.0,"8",.0,"8",0,"8",0,"8",0,"8","","",0,"8",0,"8"
"352190360","P£OCK","2006","12","10","03","5","",0,"8",0,"8","","","",5,"",0,"8",0,"8",8,"",150,"",3,"",0,"",8.2,"",.0,"8","U","",10.1,"",93,"",7.1,"",998.3,"",1011.6,"",2,.6,"",.0,"8",0,"8","61","6","6","","5","","","2","","","/","","",0,"8",.0,"8",.0,"8","","8",0,"8","","",.0,"8",.0,"8",.0,"8",.0,"8",.0,"8",.0,"8",.0,"8",.0,"8",.0,"8",0,"8",0,"8",0,"8","","",0,"8",0,"8"
"352190360","P£OCK","2006","12","10","04","4","",0,"8",0,"8","","","",5,"",0,"8",0,"8",8,"",140,"",3,"",0,"",8.2,"",.0,"8","U","",10.2,"",94,"",7.3,"",998.4,"",1011.7,"",2,.5,"",.0,"8",0,"8","61","6","6","","5","","","2","","","/","","",0,"8",.0,"8",.0,"8","","8",0,"8","","",.0,"8",.0,"8",.0,"8",.0,"8",.0,"8",.0,"8",.0,"8",.0,"8",.0,"8",0,"8",0,"8",0,"8","","",0,"8",0,"8"
"352190360","P£OCK","2006","12","10","05","3","",0,"8",0,"8","","","",5,"",0,"8",0,"8",8,"",160,"",3,"",0,"",7.8,"",.0,"8","U","",9.9,"",94,"",6.9,"",998.8,"",1012.1,"",2,.8,"",.0,"8",0,"8","61","6","6","","7","","","2","","","/","","",0,"8",.0,"8",.0,"8","","8",0,"8","","",.0,"8",.0,"8",.0,"8",.0,"8",.0,"8",.0,"8",.0,"8",.0,"8",.0,"8",0,"8",0,"8",0,"8","","",0,"8",0,"8"
"352190360","P£OCK","2006","12","10","06","2","",0,"8",0,"8","","","",5,"",0,"8",0,"8",8,"",290,"",5,"",0,"",7.4,"",.0,"8","U","",9.7,"",94,"",6.5,"",999.5,"",1012.8,"",3,1.2,"",4.2,"",6,"","61","6","7","","7","","","/","","","/","","",2,"",.0,"8",.0,"8","","8",0,"8","","",.0,"8",.0,"8",.0,"8",.0,"8",.0,"8",.0,"8",.0,"8",.0,"8",.0,"8",0,"8",0,"8",0,"8","","",0,"8",0,"8"
"352190360","P£OCK","2006","12","10","07","2","",0,"8",0,"8","","","",6,"",0,"8",0,"8",8,"",310,"",5,"",0,"",6.8,"",.0,"8","U","",9.1,"",92,"",5.6,"",1000.9,"",1014.3,"",3,2.5,"",.0,"8",0,"8","21","2","8","","6","","","/","","","/","","",0,"8",.0,"8",.0,"8","","8",0,"8","","",.0,"8",.0,"8",.0,"8",.0,"8",.0,"8",.0,"8",.0,"8",.0,"8",.0,"8",0,"8",0,"8",0,"8","","",0,"8",0,"8"
"352190360","P£OCK","2006","12","10","08","4","",0,"8",0,"8","","","",8,"",0,"8",0,"8",8,"",300,"",6,"",0,"",6.5,"",.0,"8","U","",8.5,"",88,"",4.7,"",1002.7,"",1016.1,"",3,3.9,"",.0,"8",0,"8","02","2","8","","5","","","/","","","/","","",0,"8",.0,"8",.0,"8","","8",0,"8","","",.0,"8",.0,"8",.0,"8",.0,"8",.0,"8",.0,"8",.0,"8",.0,"8",.0,"8",0,"8",0,"8",0,"8","","",0,"8",0,"8"
"352190360","P£OCK","2006","12","10","09","4","",0,"8",0,"8","","","",7,"",0,"8",0,"8",8,"",300,"",8,"",0,"",5.9,"",.0,"8","U","",8.3,"",89,"",4.2,"",1003.9,"",1017.4,"",2,4.4,"",.0,"8",0,"8","80","6","8","","9","","","/","","","/","","",0,"8",.0,"8",.0,"8","","8",0,"8","","",.0,"8",.0,"8",.0,"8",.0,"8",.0,"8",.0,"8",.0,"8",.0,"8",.0,"8",0,"8",0,"8",0,"8","","",0,"8",0,"8"
"352190360","P£OCK","2006","12","10","10","4","",0,"8",0,"8","","","",7,"",0,"8",0,"8",8,"",300,"",7,"",0,"",5.9,"",.0,"8","U","",8.4,"",90,"",4.4,"",1004.9,"",1018.4,"",1,4.0,"",.0,"8",0,"8","80","8","8","","9","","","/","","","/","","",0,"8",.0,"8",.0,"8","","8",0,"8","","",.0,"8",.0,"8",.0,"8",.0,"8",.0,"8",.0,"8",.0,"8",.0,"8",.0,"8",0,"8",0,"8",0,"8","","",0,"8",0,"8"
"352190360","P£OCK","2006","12","10","11","4","",0,"8",0,"8","","","",7,"",0,"8",0,"8",8,"",290,"",5,"",0,"",5.9,"",.0,"8","U","",8.4,"",90,"",4.4,"",1005.9,"",1019.4,"",1,3.2,"",.0,"8",0,"8","80","8","8","","9","","","/","","","/","","",0,"8",.0,"8",.0,"8","","8",0,"8","","",.0,"8",.0,"8",.0,"8",.0,"8",.0,"8",.0,"8",.0,"8",.0,"8",.0,"8",0,"8",0,"8",0,"8","","",0,"8",0,"8"
"352190360","P£OCK","2006","12","10","12","4","",0,"8",0,"8","","","",7,"",0,"8",0,"8",8,"",280,"",5,"",0,"",6.0,"",.0,"8","U","",8.5,"",91,"",4.6,"",1006.7,"",1020.2,"",1,2.8,"",1.0,"",6,"","25","8","8","","9","","","/","","","/","","",2,"",.0,"8",.0,"8","","8",0,"8","","",.0,"8",.0,"8",.0,"8",.0,"8",.0,"8",.0,"8",.0,"8",.0,"8",.0,"8",0,"8",0,"8",0,"8","","",0,"8",0,"8"
"352190360","P£OCK","2006","12","10","13","4","",0,"8",0,"8","","","",7,"",0,"8",0,"8",8,"",280,"",6,"",0,"",6.4,"",.0,"8","U","",8.6,"",90,"",4.9,"",1007.4,"",1020.9,"",1,2.5,"",.0,"8",0,"8","01","2","8","","5","","","/","","","/","","",0,"8",.0,"8",.0,"8","","8",0,"8","","",.0,"8",.0,"8",.0,"8",.0,"8",.0,"8",.0,"8",.0,"8",.0,"8",.0,"8",0,"8",0,"8",0,"8","","",0,"8",0,"8"
"352190360","P£OCK","2006","12","10","14","4","",0,"8",0,"8","","","",6,"",0,"8",0,"8",8,"",280,"",5,"",0,"",6.5,"",.0,"8","U","",8.6,"",89,"",4.8,"",1008.4,"",1021.9,"",2,2.5,"",.0,"8",0,"8","80","8","8","","9","","","/","","","/","","",0,"8",.0,"8",.0,"8","","8",0,"8","","",.0,"8",.0,"8",.0,"8",.0,"8",.0,"8",.0,"8",.0,"8",.0,"8",.0,"8",0,"8",0,"8",0,"8","","",0,"8",0,"8"
"352190360","P£OCK","2006","12","10","15","4","",0,"8",0,"8","","","",6,"",0,"8",0,"8",8,"",270,"",6,"",0,"",6.5,"",.0,"8","U","",8.5,"",88,"",4.7,"",1009.2,"",1022.7,"",2,2.5,"",.0,"8",0,"8","25","2","8","","9","","","/","","","/","","",0,"8",.0,"8",.0,"8","","8",0,"8","","",.0,"8",.0,"8",.0,"8",.0,"8",.0,"8",.0,"8",.0,"8",.0,"8",.0,"8",0,"8",0,"8",0,"8","","",0,"8",0,"8"
"352190360","P£OCK","2006","12","10","16","4","",0,"8",0,"8","","","",6,"",0,"8",0,"8",8,"",270,"",6,"",0,"",6.4,"",.0,"8","U","",8.5,"",88,"",4.6,"",1010.3,"",1023.8,"",2,2.9,"",.0,"8",0,"8","10","2","8","","5","","","/","","","/","","",0,"8",.0,"8",.0,"8","","8",0,"8","","",.0,"8",.0,"8",.0,"8",.0,"8",.0,"8",.0,"8",.0,"8",.0,"8",.0,"8",0,"8",0,"8",0,"8","","",0,"8",0,"8"
"352190360","P£OCK","2006","12","10","17","4","",0,"8",0,"8","","","",6,"",0,"8",0,"8",8,"",280,"",5,"",0,"",6.3,"",.0,"8","U","",8.5,"",89,"",4.6,"",1011.2,"",1024.7,"",2,2.8,"",.0,"8",0,"8","80","8","8","","9","","","/","","","/","","",0,"8",.0,"8",.0,"8","","8",0,"8","","",.0,"8",.0,"8",.0,"8",.0,"8",.0,"8",.0,"8",.0,"8",.0,"8",.0,"8",0,"8",0,"8",0,"8","","",0,"8",0,"8"
"352190360","P£OCK","2006","12","10","18","4","",0,"8",0,"8","","","",6,"",0,"8",0,"8",8,"",280,"",4,"",0,"",6.2,"",.0,"8","U","",8.5,"",90,"",4.7,"",1011.8,"",1025.3,"",1,2.6,"",.3,"",6,"","80","2","8","","9","","","/","","","/","","",2,"",.0,"8",.0,"8","","8",0,"8","","",.0,"8",.0,"8",.0,"8",.0,"8",.0,"8",.0,"8",.0,"8",.0,"8",.0,"8",0,"8",0,"8",0,"8","","",0,"8",0,"8"
"352190360","P£OCK","2006","12","10","19","5","",0,"8",0,"8","","","",6,"",0,"8",0,"8",8,"",280,"",5,"",0,"",6.0,"",.0,"8","U","",8.3,"",89,"",4.3,"",1012.4,"",1026.0,"",1,2.1,"",.0,"8",0,"8","25","8","8","","5","","","/","","","/","","",0,"8",.0,"8",.0,"8","","8",0,"8","","",.0,"8",.0,"8",.0,"8",.0,"8",.0,"8",.0,"8",.0,"8",.0,"8",.0,"8",0,"8",0,"8",0,"8","","",0,"8",0,"8"
"352190360","P£OCK","2006","12","10","20","4","",0,"8",0,"8","","","",6,"",0,"8",0,"8",7,"",280,"",5,"",0,"",5.8,"",.0,"8","U","",8.1,"",88,"",4.0,"",1012.9,"",1026.5,"",2,1.7,"",.0,"8",0,"8","10","2","7","","5","","","/","","","/","","",0,"8",.0,"8",.0,"8","","8",0,"8","","",.0,"8",.0,"8",.0,"8",.0,"8",.0,"8",.0,"8",.0,"8",.0,"8",.0,"8",0,"8",0,"8",0,"8","","",0,"8",0,"8"
"352190360","P£OCK","2006","12","10","21","3","",0,"8",0,"8","","","",6,"",0,"8",0,"8",8,"",280,"",5,"",0,"",5.4,"",.0,"8","U","",7.9,"",88,"",3.6,"",1013.5,"",1027.1,"",2,1.7,"",.0,"8",0,"8","10","8","8","","5","","","/","","","/","","",0,"8",.0,"8",.0,"8","","8",0,"8","","",.0,"8",.0,"8",.0,"8",.0,"8",.0,"8",.0,"8",.0,"8",.0,"8",.0,"8",0,"8",0,"8",0,"8","","",0,"8",0,"8"
"352190360","P£OCK","2006","12","10","22","6","",0,"8",0,"8","","","",6,"",0,"8",0,"8",8,"",280,"",5,"",0,"",5.4,"",.0,"8","U","",8.0,"",89,"",3.7,"",1013.9,"",1027.5,"",2,1.5,"",.0,"8",0,"8","10","2","8","","5","","","/","","","/","","",0,"8",.0,"8",.0,"8","","8",0,"8","","",.0,"8",.0,"8",.0,"8",.0,"8",.0,"8",.0,"8",.0,"8",.0,"8",.0,"8",0,"8",0,"8",0,"8","","",0,"8",0,"8"
"352190360","P£OCK","2006","12","10","23","3","",0,"8",0,"8","","","",6,"",0,"8",0,"8",8,"",280,"",5,"",0,"",5.3,"",.0,"8","U","",7.9,"",89,"",3.6,"",1014.2,"",1027.8,"",1,1.3,"",.0,"8",0,"8","10","2","8","","6","","","/","","","/","","",0,"8",.0,"8",.0,"8","","8",0,"8","","",.0,"8",.0,"8",.0,"8",.0,"8",.0,"8",.0,"8",.0,"8",.0,"8",.0,"8",0,"8",0,"8",0,"8","","",0,"8",0,"8"
"352190360","P£OCK","2006","12","11","00","3","",0,"8",0,"8","","","",6,"",0,"8",0,"8",8,"",280,"",5,"",0,"",5.2,"",.0,"8","U","",7.8,"",88,"",3.4,"",1014.5,"",1028.1,"",2,1.0,"",.0,"",6,"","10","8","8","","6","","","/","","","/","","",2,"",.0,"8",.0,"8","","8",0,"8","","",.0,"8",.0,"8",.0,"8",.0,"8",.0,"8",.0,"8",.0,"8",.0,"8",.0,"8",0,"8",0,"8",0,"8","","",0,"8",0,"8"
"352190360","P£OCK","2006","12","11","01","4","",0,"8",0,"8","","","",7,"",0,"8",0,"8",8,"",290,"",4,"",0,"",4.8,"",.0,"8","U","",7.3,"",85,"",2.5,"",1015.0,"",1028.7,"",3,1.1,"",.0,"8",0,"8","02","2","8","","5","","","/","","","/","","",0,"8",.0,"8",.0,"8","","8",0,"8","","",.0,"8",.0,"8",.0,"8",.0,"8",.0,"8",.0,"8",.0,"8",.0,"8",.0,"8",0,"8",0,"8",0,"8","","",0,"8",0,"8"
"352190360","P£OCK","2006","12","11","02","4","",0,"8",0,"8","","","",6,"",0,"8",0,"8",8,"",290,"",5,"",0,"",4.5,"",.0,"8","U","",7.2,"",86,"",2.4,"",1015.1,"",1028.8,"",2,.9,"",.0,"8",0,"8","10","2","8","","5","","","/","","","/","","",0,"8",.0,"8",.0,"8","","8",0,"8","","",.0,"8",.0,"8",.0,"8",.0,"8",.0,"8",.0,"8",.0,"8",.0,"8",.0,"8",0,"8",0,"8",0,"8","","",0,"8",0,"8"
"352190360","P£OCK","2006","12","11","03","4","",0,"8",0,"8","","","",6,"",0,"8",0,"8",8,"",280,"",6,"",0,"",4.4,"",.0,"8","U","",6.9,"",82,"",1.6,"",1015.1,"",1028.8,"",1,.6,"",.0,"8",0,"8","10","2","8","","5","","","/","","","/","","",0,"8",.0,"8",.0,"8","","8",0,"8","","",.0,"8",.0,"8",.0,"8",.0,"8",.0,"8",.0,"8",.0,"8",.0,"8",.0,"8",0,"8",0,"8",0,"8","","",0,"8",0,"8"
"352190360","P£OCK","2006","12","11","04","4","",0,"8",0,"8","","","",6,"",0,"8",0,"8",8,"",240,"",4,"",0,"",4.0,"",.0,"8","U","",7.0,"",86,"",1.9,"",1015.1,"",1028.8,"",1,.1,"",.0,"8",0,"8","10","2","8","","5","","","/","","","/","","",0,"8",.0,"8",.0,"8","","8",0,"8","","",.0,"8",.0,"8",.0,"8",.0,"8",.0,"8",.0,"8",.0,"8",.0,"8",.0,"8",0,"8",0,"8",0,"8","","",0,"8",0,"8"
"352190360","P£OCK","2006","12","11","05","3","",0,"8",0,"8","","","",6,"",0,"8",0,"8",8,"",260,"",4,"",0,"",3.9,"",.0,"8","U","",7.0,"",87,"",1.9,"",1015.0,"",1028.7,"",8,-.1,"",.0,"8",0,"8","10","2","8","","5","","","/","","","/","","",0,"8",.0,"8",.0,"8","","8",0,"8","","",.0,"8",.0,"8",.0,"8",.0,"8",.0,"8",.0,"8",.0,"8",.0,"8",.0,"8",0,"8",0,"8",0,"8","","",0,"8",0,"8"
"352190360","P£OCK","2006","12","11","06","3","",0,"8",0,"8","","","",6,"",0,"8",0,"8",8,"",260,"",3,"",0,"",3.7,"",.0,"8","U","",7.0,"",88,"",1.9,"",1014.9,"",1028.6,"",8,-.2,"",.0,"9",0,"9","10","2","8","","5","","","/","","","/","","",1,"",.0,"8",.0,"8","","8",0,"8","","",.0,"8",.0,"8",.0,"8",.0,"8",.0,"8",.0,"8",.0,"8",.0,"8",.0,"8",0,"8",0,"8",0,"8","","",0,"8",0,"8"
"352190360","P£OCK","2006","12","11","07","4","",0,"8",0,"8","","","",7,"",0,"8",0,"8",8,"",230,"",4,"",0,"",3.7,"",.0,"8","U","",6.7,"",84,"",1.2,"",1015.1,"",1028.8,"",5,.0,"",.0,"8",0,"8","02","2","8","","5","","","/","","","/","","",0,"8",.0,"8",.0,"8","","8",0,"8","","",.0,"8",.0,"8",.0,"8",.0,"8",.0,"8",.0,"8",.0,"8",.0,"8",.0,"8",0,"8",0,"8",0,"8","","",0,"8",0,"8"
"352190360","P£OCK","2006","12","11","08","4","",0,"8",0,"8","","","",7,"",0,"8",0,"8",7,"",220,"",4,"",0,"",3.9,"",.0,"8","U","",6.8,"",84,"",1.4,"",1014.6,"",1028.3,"",7,-.4,"",.0,"8",0,"8","01","2","7","","5","","","/","","","/","","",0,"8",.0,"8",.0,"8","","8",0,"8","","",.0,"8",.0,"8",.0,"8",.0,"8",.0,"8",.0,"8",.0,"8",.0,"8",.0,"8",0,"8",0,"8",0,"8","","",0,"8",0,"8"
"352190360","P£OCK","2006","12","11","09","4","",0,"8",0,"8","","","",7,"",0,"8",0,"8",7,"",220,"",4,"",0,"",4.0,"",.0,"8","U","",6.7,"",83,"",1.4,"",1014.5,"",1028.2,"",8,-.4,"",.0,"8",0,"8","02","2","7","","5","","","/","","","/","","",0,"8",.0,"8",.0,"8","","8",0,"8","","",.0,"8",.0,"8",.0,"8",.0,"8",.0,"8",.0,"8",.0,"8",.0,"8",.0,"8",0,"8",0,"8",0,"8","","",0,"8",0,"8"
"352190360","P£OCK","2006","12","11","10","4","",0,"8",0,"8","","","",7,"",0,"8",0,"8",7,"",220,"",5,"",0,"",4.0,"",.0,"8","U","",6.7,"",83,"",1.4,"",1013.8,"",1027.5,"",7,-1.3,"",.0,"8",0,"8","02","2","7","","5","","","/","","","/","","",0,"8",.0,"8",.0,"8","","8",0,"8","","",.0,"8",.0,"8",.0,"8",.0,"8",.0,"8",.0,"8",.0,"8",.0,"8",.0,"8",0,"8",0,"8",0,"8","","",0,"8",0,"8"
"352190360","P£OCK","2006","12","11","11","4","",0,"8",0,"8","","","",7,"",0,"8",0,"8",7,"",220,"",4,"",0,"",4.3,"",.0,"8","U","",6.9,"",83,"",1.7,"",1013.1,"",1026.8,"",8,-1.5,"",.0,"8",0,"8","02","2","7","","5","","","/","","","/","","",0,"8",.0,"8",.0,"8","","8",0,"8","","",.0,"8",.0,"8",.0,"8",.0,"8",.0,"8",.0,"8",.0,"8",.0,"8",.0,"8",0,"8",0,"8",0,"8","","",0,"8",0,"8"
"352190360","P£OCK","2006","12","11","12","4","",0,"8",0,"8","","","",7,"",0,"8",0,"8",7,"",210,"",5,"",0,"",4.4,"",.0,"8","U","",6.7,"",80,"",1.2,"",1012.3,"",1025.9,"",7,-2.2,"",.0,"9",0,"9","02","2","7","","5","","","/","","","/","","",1,"",.0,"8",.0,"8","","8",0,"8","","",.0,"8",.0,"8",.0,"8",.0,"8",.0,"8",.0,"8",.0,"8",.0,"8",.0,"8",0,"8",0,"8",0,"8","","",0,"8",0,"8"
"352190360","P£OCK","2006","12","11","13","4","",0,"8",0,"8","","","",7,"",0,"8",0,"8",2,"",200,"",4,"",0,"",4.9,"",.0,"8","U","",6.8,"",78,"",1.4,"",1011.5,"",1025.1,"",7,-2.3,"",.0,"8",0,"8","01","1","2","","5","","","0","","","0","","",0,"8",.0,"8",.0,"8","","8",0,"8","","",.0,"8",.0,"8",.0,"8",.0,"8",.0,"8",.0,"8",.0,"8",.0,"8",.0,"8",0,"8",0,"8",0,"8","","",0,"8",0,"8"
"352190360","P£OCK","2006","12","11","14","9","",0,"8",0,"8","","","",7,"",0,"8",0,"8",1,"",180,"",3,"",0,"",4.4,"",.0,"8","U","",6.8,"",81,"",1.4,"",1010.9,"",1024.5,"",6,-2.2,"",.0,"8",0,"8","01","0","0","","0","","","0","","","1","","",0,"8",.0,"8",.0,"8","","8",0,"8","","",.0,"8",.0,"8",.0,"8",.0,"8",.0,"8",.0,"8",.0,"8",.0,"8",.0,"8",0,"8",0,"8",0,"8","","",0,"8",0,"8"
"352190360","P£OCK","2006","12","11","15","9","",0,"8",0,"8","","","",6,"",0,"8",0,"8",1,"",170,"",2,"",0,"",3.3,"",.0,"8","U","",6.7,"",86,"",1.2,"",1010.6,"",1024.3,"",6,-1.7,"",.0,"8",0,"8","10","1","0","","0","","","0","","","1","","",0,"8",.0,"8",.0,"8","","8",0,"8","","",.0,"8",.0,"8",.0,"8",.0,"8",.0,"8",.0,"8",.0,"8",.0,"8",.0,"8",0,"8",0,"8",0,"8","","",0,"8",0,"8"
"352190360","P£OCK","2006","12","11","16","9","",0,"8",0,"8","","","",6,"",0,"8",0,"8",0,"",170,"",3,"",0,"",2.6,"",.0,"8","U","",6.6,"",89,"",1.0,"",1009.7,"",1023.4,"",7,-1.8,"",.0,"8",0,"8","10","0","0","","0","","","0","","","0","","",0,"8",.0,"8",.0,"8","","8",0,"8","","",.0,"8",.0,"8",.0,"8",.0,"8",.0,"8",.0,"8",.0,"8",.0,"8",.0,"8",0,"8",0,"8",0,"8","","",0,"8",0,"8"
"352190360","P£OCK","2006","12","11","17","9","",0,"8",0,"8","","","",6,"",0,"8",0,"8",0,"",190,"",4,"",0,"",2.9,"",.0,"8","U","",6.3,"",84,"",.5,"",1009.4,"",1023.1,"",7,-1.5,"",.0,"8",0,"8","10","0","0","","0","","","0","","","0","","",0,"8",.0,"8",.0,"8","","8",0,"8","","",.0,"8",.0,"8",.0,"8",.0,"8",.0,"8",.0,"8",.0,"8",.0,"8",.0,"8",0,"8",0,"8",0,"8","","",0,"8",0,"8"
"352190360","P£OCK","2006","12","11","18","9","",0,"8",0,"8","","","",6,"",0,"8",0,"8",0,"",180,"",4,"",0,"",2.4,"",.0,"8","U","",6.3,"",87,"",.5,"",1008.7,"",1022.4,"",7,-1.9,"",.0,"9",0,"9","10","1","0","","0","","","0","","","0","","",1,"",.0,"8",.0,"8","","8",0,"8","","",.0,"8",.0,"8",.0,"8",.0,"8",.0,"8",.0,"8",.0,"8",.0,"8",.0,"8",0,"8",0,"8",0,"8","","",0,"8",0,"8"
"352190360","P£OCK","2006","12","11","19","9","",0,"8",0,"8","","","",6,"",0,"8",0,"8",0,"",180,"",4,"",0,"",2.1,"",.0,"8","U","",6.3,"",88,"",.3,"",1008.2,"",1021.9,"",7,-1.5,"",.0,"8",0,"8","10","0","0","","0","","","0","","","0","","",0,"8",.0,"8",.0,"8","","8",0,"8","","",.0,"8",.0,"8",.0,"8",.0,"8",.0,"8",.0,"8",.0,"8",.0,"8",.0,"8",0,"8",0,"8",0,"8","","",0,"8",0,"8"
"352190360","P£OCK","2006","12","11","20","9","",0,"8",0,"8","","","",6,"",0,"8",0,"8",0,"",190,"",4,"",0,"",1.7,"",.0,"8","U","",6.0,"",87,"",-.2,"",1007.8,"",1021.5,"",6,-1.6,"",.0,"8",0,"8","10","0","0","","0","","","0","","","0","","",0,"8",.0,"8",.0,"8","","8",0,"8","","",.0,"8",.0,"8",.0,"8",.0,"8",.0,"8",.0,"8",.0,"8",.0,"8",.0,"8",0,"8",0,"8",0,"8","","",0,"8",0,"8"
"352190360","P£OCK","2006","12","11","21","9","",0,"8",0,"8","","","",6,"",0,"8",0,"8",0,"",180,"",3,"",0,"",1.6,"",.0,"8","U","",5.8,"",85,"",-.7,"",1007.3,"",1021.0,"",7,-1.4,"",.0,"8",0,"8","10","0","0","","0","","","0","","","0","","",0,"8",.0,"8",.0,"8","","8",0,"8","","",.0,"8",.0,"8",.0,"8",.0,"8",.0,"8",.0,"8",.0,"8",.0,"8",.0,"8",0,"8",0,"8",0,"8","","",0,"8",0,"8"
"352190360","P£OCK","2006","12","11","22","9","",0,"8",0,"8","","","",6,"",0,"8",0,"8",0,"",180,"",3,"",0,"",1.4,"",.0,"8","U","",5.7,"",85,"",-.8,"",1007.0,"",1020.7,"",7,-1.2,"",.0,"8",0,"8","10","0","0","","0","","","0","","","0","","",0,"8",.0,"8",.0,"8","","8",0,"8","","",.0,"8",.0,"8",.0,"8",.0,"8",.0,"8",.0,"8",.0,"8",.0,"8",.0,"8",0,"8",0,"8",0,"8","","",0,"8",0,"8"
"352190360","P£OCK","2006","12","11","23","9","",0,"8",0,"8","","","",6,"",0,"8",0,"8",0,"",180,"",4,"",0,"",1.2,"",.0,"8","U","",5.7,"",85,"",-1.0,"",1006.4,"",1020.1,"",7,-1.4,"",.0,"8",0,"8","10","0","0","","0","","","0","","","0","","",0,"8",.0,"8",.0,"8","","8",0,"8","","",.0,"8",.0,"8",.0,"8",.0,"8",.0,"8",.0,"8",.0,"8",.0,"8",.0,"8",0,"8",0,"8",0,"8","","",0,"8",0,"8"
"352190360","P£OCK","2006","12","12","00","9","",0,"8",0,"8","","","",6,"",0,"8",0,"8",5,"",190,"",4,"",0,"",1.3,"",.0,"8","U","",5.5,"",82,"",-1.4,"",1005.8,"",1019.5,"",8,-1.5,"",.0,"9",0,"9","10","1","5","","0","","","5","","","0","","",1,"",.0,"8",.0,"8","","8",0,"8","","",.0,"8",.0,"8",.0,"8",.0,"8",.0,"8",.0,"8",.0,"8",.0,"8",.0,"8",0,"8",0,"8",0,"8","","",0,"8",0,"8"
"352190360","P£OCK","2006","12","12","01","5","",0,"8",0,"8","","","",6,"",0,"8",0,"8",8,"",190,"",3,"",0,"",1.4,"",.0,"8","U","",5.5,"",81,"",-1.5,"",1005.6,"",1019.3,"",6,-1.4,"",.0,"8",0,"8","10","2","5","","5","","","3","","","/","","",0,"8",.0,"8",.0,"8","","8",0,"8","","",.0,"8",.0,"8",.0,"8",.0,"8",.0,"8",.0,"8",.0,"8",.0,"8",.0,"8",0,"8",0,"8",0,"8","","",0,"8",0,"8"
"352190360","P£OCK","2006","12","12","02","4","",0,"8",0,"8","","","",6,"",0,"8",0,"8",8,"",190,"",3,"",0,"",1.5,"",.0,"8","U","",5.5,"",81,"",-1.4,"",1005.2,"",1018.9,"",7,-1.2,"",.0,"8",0,"8","10","2","8","","5","","","/","","","/","","",0,"8",.0,"8",.0,"8","","8",0,"8","","",.0,"8",.0,"8",.0,"8",.0,"8",.0,"8",.0,"8",.0,"8",.0,"8",.0,"8",0,"8",0,"8",0,"8","","",0,"8",0,"8"
"352190360","P£OCK","2006","12","12","03","5","",0,"8",0,"8","","","",6,"",0,"8",0,"8",8,"",180,"",3,"",0,"",1.2,"",.0,"8","U","",5.7,"",86,"",-.9,"",1004.7,"",1018.4,"",8,-1.1,"",.0,"8",0,"8","61","2","5","","5","","","2","","","/","","",0,"8",.0,"8",.0,"8","","8",0,"8","","",.0,"8",.0,"8",.0,"8",.0,"8",.0,"8",.0,"8",.0,"8",.0,"8",.0,"8",0,"8",0,"8",0,"8","","",0,"8",0,"8"
"352190360","P£OCK","2006","12","12","04","4","",0,"8",0,"8","","","",6,"",0,"8",0,"8",8,"",190,"",3,"",0,"",1.2,"",.0,"8","U","",6.0,"",90,"",-.3,"",1004.1,"",1017.8,"",8,-1.5,"",.0,"8",0,"8","61","6","6","","5","","","2","","","/","","",0,"8",.0,"8",.0,"8","","8",0,"8","","",.0,"8",.0,"8",.0,"8",.0,"8",.0,"8",.0,"8",.0,"8",.0,"8",.0,"8",0,"8",0,"8",0,"8","","",0,"8",0,"8"
"352190360","P£OCK","2006","12","12","05","3","",0,"8",0,"8","","","",6,"",0,"8",0,"8",8,"",190,"",3,"",0,"",.9,"",.0,"8","U","",6.1,"",93,"",-.1,"",1003.8,"",1017.5,"",7,-1.4,"",.0,"8",0,"8","61","6","6","","7","","","2","","","/","","",0,"8",.0,"8",.0,"8","","8",0,"8","","",.0,"8",.0,"8",.0,"8",.0,"8",.0,"8",.0,"8",.0,"8",.0,"8",.0,"8",0,"8",0,"8",0,"8","","",0,"8",0,"8"
"352190360","P£OCK","2006","12","12","06","2","",0,"8",0,"8","","","",5,"",0,"8",0,"8",8,"",200,"",3,"",0,"",1.1,"",.0,"8","U","",6.2,"",94,"",.2,"",1003.4,"",1017.1,"",7,-1.3,"",3.0,"",7,"","68","6","6","","7","","","2","","","/","","",2,"",.0,"8",.0,"8","","8",0,"8","","",.0,"8",.0,"8",.0,"8",.0,"8",.0,"8",.0,"8",.0,"8",.0,"8",.0,"8",0,"8",0,"8",0,"8","","",0,"8",0,"8"
"352190360","P£OCK","2006","12","12","07","2","",0,"8",0,"8","","","",5,"",0,"8",0,"8",8,"",200,"",4,"",0,"",1.4,"",.0,"8","U","",6.4,"",94,"",.5,"",1003.6,"",1017.3,"",5,-.5,"",.0,"8",0,"8","61","6","6","","7","","","2","","","/","","",0,"8",.0,"8",.0,"8","","8",0,"8","","",.0,"8",.0,"8",.0,"8",.0,"8",.0,"8",.0,"8",.0,"8",.0,"8",.0,"8",0,"8",0,"8",0,"8","","",0,"8",0,"8"
"352190360","P£OCK","2006","12","12","08","2","",0,"8",0,"8","","","",5,"",0,"8",0,"8",8,"",200,"",3,"",0,"",1.9,"",.0,"8","U","",6.6,"",94,"",1.0,"",1003.5,"",1017.1,"",7,-.3,"",.0,"8",0,"8","61","6","6","","7","","","2","","","/","","",0,"8",.0,"8",.0,"8","","8",0,"8","","",.0,"8",.0,"8",.0,"8",.0,"8",.0,"8",.0,"8",.0,"8",.0,"8",.0,"8",0,"8",0,"8",0,"8","","",0,"8",0,"8"
"352190360","P£OCK","2006","12","12","09","2","",0,"8",0,"8","","","",5,"",0,"8",0,"8",8,"",190,"",3,"",0,"",2.3,"",.0,"8","U","",6.8,"",94,"",1.4,"",1003.6,"",1017.2,"",2,.2,"",.0,"8",0,"8","61","6","6","","7","","","2","","","/","","",0,"8",.0,"8",.0,"8","","8",0,"8","","",.0,"8",.0,"8",.0,"8",.0,"8",.0,"8",.0,"8",.0,"8",.0,"8",.0,"8",0,"8",0,"8",0,"8","","",0,"8",0,"8"
"352190360","P£OCK","2006","12","12","10","2","",0,"8",0,"8","","","",5,"",0,"8",0,"8",8,"",200,"",3,"",0,"",2.8,"",.0,"8","U","",7.0,"",94,"",1.9,"",1003.4,"",1017.0,"",7,-.2,"",.0,"8",0,"8","61","6","6","","7","","","2","","","/","","",0,"8",.0,"8",.0,"8","","8",0,"8","","",.0,"8",.0,"8",.0,"8",.0,"8",.0,"8",.0,"8",.0,"8",.0,"8",.0,"8",0,"8",0,"8",0,"8","","",0,"8",0,"8"
"352190360","P£OCK","2006","12","12","11","2","",0,"8",0,"8","","","",6,"",0,"8",0,"8",8,"",210,"",4,"",0,"",3.3,"",.0,"8","U","",7.3,"",94,"",2.4,"",1003.0,"",1016.6,"",8,-.5,"",.0,"8",0,"8","61","6","5","","7","","","2","","","/","","",0,"8",.0,"8",.0,"8","","8",0,"8","","",.0,"8",.0,"8",.0,"8",.0,"8",.0,"8",.0,"8",.0,"8",.0,"8",.0,"8",0,"8",0,"8",0,"8","","",0,"8",0,"8"
"352190360","P£OCK","2006","12","12","12","3","",0,"8",0,"8","","","",6,"",0,"8",0,"8",8,"",220,"",3,"",0,"",3.7,"",.0,"8","U","",7.5,"",94,"",2.8,"",1002.8,"",1016.3,"",7,-.8,"",7.3,"",6,"","61","6","5","","7","","","2","","","/","","",2,"",.0,"8",.0,"8","","8",0,"8","","",.0,"8",.0,"8",.0,"8",.0,"8",.0,"8",.0,"8",.0,"8",.0,"8",.0,"8",0,"8",0,"8",0,"8","","",0,"8",0,"8"
"352190360","P£OCK","2006","12","12","13","4","",0,"8",0,"8","","","",6,"",0,"8",0,"8",8,"",260,"",3,"",0,"",4.6,"",.0,"8","U","",8.0,"",94,"",3.7,"",1003.1,"",1016.6,"",5,-.3,"",.0,"8",0,"8","61","6","6","","5","","","2","","","/","","",0,"8",.0,"8",.0,"8","","8",0,"8","","",.0,"8",.0,"8",.0,"8",.0,"8",.0,"8",.0,"8",.0,"8",.0,"8",.0,"8",0,"8",0,"8",0,"8","","",0,"8",0,"8"
"352190360","P£OCK","2006","12","12","14","4","",0,"8",0,"8","","","",6,"",0,"8",0,"8",8,"",280,"",3,"",0,"",4.6,"",.0,"8","U","",7.9,"",93,"",3.6,"",1003.6,"",1017.1,"",3,.6,"",.0,"8",0,"8","61","6","6","","5","","","2","","","/","","",0,"8",.0,"8",.0,"8","","8",0,"8","","",.0,"8",.0,"8",.0,"8",.0,"8",.0,"8",.0,"8",.0,"8",.0,"8",.0,"8",0,"8",0,"8",0,"8","","",0,"8",0,"8"
"352190360","P£OCK","2006","12","12","15","4","",0,"8",0,"8","","","",6,"",0,"8",0,"8",8,"",280,"",3,"",0,"",4.8,"",.0,"8","U","",8.1,"",94,"",3.9,"",1004.3,"",1017.8,"",3,1.5,"",.0,"8",0,"8","61","6","6","","5","","","2","","","/","","",0,"8",.0,"8",.0,"8","","8",0,"8","","",.0,"8",.0,"8",.0,"8",.0,"8",.0,"8",.0,"8",.0,"8",.0,"8",.0,"8",0,"8",0,"8",0,"8","","",0,"8",0,"8"
"352190360","P£OCK","2006","12","12","16","3","",0,"8",0,"8","","","",6,"",0,"8",0,"8",8,"",280,"",4,"",0,"",5.1,"",.0,"8","U","",8.2,"",93,"",4.1,"",1004.9,"",1018.4,"",2,1.8,"",.0,"8",0,"8","61","6","6","","7","","","2","","","/","","",0,"8",.0,"8",.0,"8","","8",0,"8","","",.0,"8",.0,"8",.0,"8",.0,"8",.0,"8",.0,"8",.0,"8",.0,"8",.0,"8",0,"8",0,"8",0,"8","","",0,"8",0,"8"
"352190360","P£OCK","2006","12","12","17","4","",0,"8",0,"8","","","",6,"",0,"8",0,"8",8,"",280,"",5,"",0,"",5.4,"",.0,"8","U","",8.2,"",92,"",4.2,"",1005.8,"",1019.3,"",2,2.2,"",.0,"8",0,"8","10","2","8","","5","","","/","","","/","","",0,"8",.0,"8",.0,"8","","8",0,"8","","",.0,"8",.0,"8",.0,"8",.0,"8",.0,"8",.0,"8",.0,"8",.0,"8",.0,"8",0,"8",0,"8",0,"8","","",0,"8",0,"8"
"352190360","P£OCK","2006","12","12","18","4","",0,"8",0,"8","","","",6,"",0,"8",0,"8",8,"",280,"",5,"",0,"",5.5,"",.0,"8","U","",8.0,"",89,"",3.8,"",1006.3,"",1019.8,"",2,2.0,"",3.4,"",6,"","10","6","8","","5","","","/","","","/","","",2,"",.0,"8",.0,"8","","8",0,"8","","",.0,"8",.0,"8",.0,"8",.0,"8",.0,"8",.0,"8",.0,"8",.0,"8",.0,"8",0,"8",0,"8",0,"8","","",0,"8",0,"8"
"352190360","P£OCK","2006","12","12","19","4","",0,"8",0,"8","","","",6,"",0,"8",0,"8",7,"",270,"",7,"",0,"",5.3,"",.0,"8","U","",7.7,"",87,"",3.3,"",1006.9,"",1020.4,"",2,2.0,"",.0,"8",0,"8","10","2","7","","5","","","/","","","/","","",0,"8",.0,"8",.0,"8","","8",0,"8","","",.0,"8",.0,"8",.0,"8",.0,"8",.0,"8",.0,"8",.0,"8",.0,"8",.0,"8",0,"8",0,"8",0,"8","","",0,"8",0,"8"
"352190360","P£OCK","2006","12","12","20","4","",0,"8",0,"8","","","",6,"",0,"8",0,"8",7,"",270,"",7,"",0,"",4.8,"",.0,"8","U","",7.5,"",87,"",2.8,"",1007.5,"",1021.1,"",2,1.7,"",.0,"8",0,"8","10","2","7","","5","","","/","","","/","","",0,"8",.0,"8",.0,"8","","8",0,"8","","",.0,"8",.0,"8",.0,"8",.0,"8",.0,"8",.0,"8",.0,"8",.0,"8",.0,"8",0,"8",0,"8",0,"8","","",0,"8",0,"8"
"352190360","P£OCK","2006","12","12","21","4","",0,"8",0,"8","","","",6,"",0,"8",0,"8",7,"",260,"",4,"",0,"",4.8,"",.0,"8","U","",7.5,"",87,"",2.8,"",1007.8,"",1021.4,"",1,1.5,"",.0,"8",0,"8","10","2","7","","5","","","/","","","/","","",0,"8",.0,"8",.0,"8","","8",0,"8","","",.0,"8",.0,"8",.0,"8",.0,"8",.0,"8",.0,"8",.0,"8",.0,"8",.0,"8",0,"8",0,"8",0,"8","","",0,"8",0,"8"
"352190360","P£OCK","2006","12","12","22","5","",0,"8",0,"8","","","",6,"",0,"8",0,"8",7,"",240,"",4,"",0,"",4.3,"",.0,"8","U","",7.4,"",89,"",2.6,"",1008.0,"",1021.6,"",1,1.1,"",.0,"8",0,"8","10","2","7","","5","","","/","","","/","","",0,"8",.0,"8",.0,"8","","8",0,"8","","",.0,"8",.0,"8",.0,"8",.0,"8",.0,"8",.0,"8",.0,"8",.0,"8",.0,"8",0,"8",0,"8",0,"8","","",0,"8",0,"8"
"352190360","P£OCK","2006","12","12","23","5","",0,"8",0,"8","","","",6,"",0,"8",0,"8",7,"",230,"",5,"",0,"",4.1,"",.0,"8","U","",7.3,"",89,"",2.4,"",1008.3,"",1021.9,"",2,.8,"",.0,"8",0,"8","10","2","7","","5","","","/","","","/","","",0,"8",.0,"8",.0,"8","","8",0,"8","","",.0,"8",.0,"8",.0,"8",.0,"8",.0,"8",.0,"8",.0,"8",.0,"8",.0,"8",0,"8",0,"8",0,"8","","",0,"8",0,"8"
"352190360","P£OCK","2006","12","13","00","5","",0,"8",0,"8","","","",6,"",0,"8",0,"8",7,"",220,"",4,"",0,"",4.1,"",.0,"8","U","",7.3,"",89,"",2.4,"",1008.3,"",1021.9,"",1,.5,"",.0,"9",0,"9","10","2","7","","5","","","/","","","/","","",1,"",.0,"8",.0,"8","","8",0,"8","","",.0,"8",.0,"8",.0,"8",.0,"8",.0,"8",.0,"8",.0,"8",.0,"8",.0,"8",0,"8",0,"8",0,"8","","",0,"8",0,"8"
"352190360","P£OCK","2006","12","13","01","4","",0,"8",0,"8","","","",6,"",0,"8",0,"8",7,"",220,"",5,"",0,"",3.8,"",.0,"8","U","",7.2,"",90,"",2.3,"",1008.1,"",1021.7,"",0,.1,"",.0,"8",0,"8","10","2","7","","5","","","/","","","/","","",0,"8",.0,"8",.0,"8","","8",0,"8","","",.0,"8",.0,"8",.0,"8",.0,"8",.0,"8",.0,"8",.0,"8",.0,"8",.0,"8",0,"8",0,"8",0,"8","","",0,"8",0,"8"
"352190360","P£OCK","2006","12","13","02","4","",0,"8",0,"8","","","",6,"",0,"8",0,"8",7,"",210,"",4,"",0,"",4.0,"",.0,"8","U","",7.2,"",89,"",2.3,"",1007.4,"",1021.0,"",8,-.9,"",.0,"8",0,"8","10","2","7","","5","","","/","","","/","","",0,"8",.0,"8",.0,"8","","8",0,"8","","",.0,"8",.0,"8",.0,"8",.0,"8",.0,"8",.0,"8",.0,"8",.0,"8",.0,"8",0,"8",0,"8",0,"8","","",0,"8",0,"8"
"352190360","P£OCK","2006","12","13","03","4","",0,"8",0,"8","","","",6,"",0,"8",0,"8",8,"",210,"",5,"",0,"",4.0,"",.0,"8","U","",7.2,"",89,"",2.3,"",1007.0,"",1020.6,"",7,-1.3,"",.0,"8",0,"8","10","2","8","","5","","","/","","","/","","",0,"8",.0,"8",.0,"8","","8",0,"8","","",.0,"8",.0,"8",.0,"8",.0,"8",.0,"8",.0,"8",.0,"8",.0,"8",.0,"8",0,"8",0,"8",0,"8","","",0,"8",0,"8"
"352190360","P£OCK","2006","12","13","04","4","",0,"8",0,"8","","","",7,"",0,"8",0,"8",7,"",220,"",6,"",0,"",3.7,"",.0,"8","U","",6.9,"",87,"",1.7,"",1006.9,"",1020.5,"",6,-1.2,"",.0,"8",0,"8","01","2","3","","5","","","3","","","/","","",0,"8",.0,"8",.0,"8","","8",0,"8","","",.0,"8",.0,"8",.0,"8",.0,"8",.0,"8",.0,"8",.0,"8",.0,"8",.0,"8",0,"8",0,"8",0,"8","","",0,"8",0,"8"
"352190360","P£OCK","2006","12","13","05","4","",0,"8",0,"8","","","",7,"",0,"8",0,"8",5,"",220,"",6,"",0,"",3.6,"",.0,"8","U","",6.5,"",82,"",.8,"",1006.5,"",1020.1,"",7,-.9,"",.0,"8",0,"8","01","2","2","","5","","","3","","","0","","",0,"8",.0,"8",.0,"8","","8",0,"8","","",.0,"8",.0,"8",.0,"8",.0,"8",.0,"8",.0,"8",.0,"8",.0,"8",.0,"8",0,"8",0,"8",0,"8","","",0,"8",0,"8"
"352190360","P£OCK","2006","12","13","06","9","",0,"8",0,"8","","","",7,"",0,"8",0,"8",7,"",220,"",5,"",0,"",3.5,"",.0,"8","U","",6.3,"",80,"",.4,"",1006.5,"",1020.1,"",6,-.5,"",.0,"9",0,"9","01","2","7","","0","","","5","","","/","","",1,"",.0,"8",.0,"8","","8",0,"8","","",.0,"8",.0,"8",.0,"8",.0,"8",.0,"8",.0,"8",.0,"8",.0,"8",.0,"8",0,"8",0,"8",0,"8","","",0,"8",0,"8"
"352190360","P£OCK","2006","12","13","07","9","",0,"8",0,"8","","","",7,"",0,"8",0,"8",7,"",210,"",5,"",0,"",3.6,"",.0,"8","U","",6.2,"",78,"",.1,"",1006.4,"",1020.0,"",7,-.5,"",.0,"8",0,"8","02","2","7","","0","","","3","","","/","","",0,"8",.0,"8",.0,"8","","8",0,"8","","",.0,"8",.0,"8",.0,"8",.0,"8",.0,"8",.0,"8",.0,"8",.0,"8",.0,"8",0,"8",0,"8",0,"8","","",0,"8",0,"8"
"352190360","P£OCK","2006","12","13","08","5","",0,"8",0,"8","","","",7,"",0,"8",0,"8",8,"",220,"",6,"",0,"",3.6,"",.0,"8","U","",6.4,"",81,"",.6,"",1006.5,"",1020.1,"",5,.0,"",.0,"8",0,"8","03","2","5","","5","","","7","","","/","","",0,"8",.0,"8",.0,"8","","8",0,"8","","",.0,"8",.0,"8",.0,"8",.0,"8",.0,"8",.0,"8",.0,"8",.0,"8",.0,"8",0,"8",0,"8",0,"8","","",0,"8",0,"8"
"352190360","P£OCK","2006","12","13","09","4","",0,"8",0,"8","","","",6,"",0,"8",0,"8",8,"",230,"",6,"",0,"",3.2,"",.0,"8","U","",6.6,"",86,"",1.1,"",1006.7,"",1020.3,"",3,.2,"",.0,"8",0,"8","80","2","8","","9","","","/","","","/","","",0,"8",.0,"8",.0,"8","","8",0,"8","","",.0,"8",.0,"8",.0,"8",.0,"8",.0,"8",.0,"8",.0,"8",.0,"8",.0,"8",0,"8",0,"8",0,"8","","",0,"8",0,"8"
"352190360","P£OCK","2006","12","13","10","4","",0,"8",0,"8","","","",6,"",0,"8",0,"8",8,"",230,"",7,"",0,"",3.2,"",.0,"8","U","",6.8,"",89,"",1.6,"",1006.3,"",1019.9,"",8,-.1,"",.0,"8",0,"8","25","8","8","","5","","","/","","","/","","",0,"8",.0,"8",.0,"8","","8",0,"8","","",.0,"8",.0,"8",.0,"8",.0,"8",.0,"8",.0,"8",.0,"8",.0,"8",.0,"8",0,"8",0,"8",0,"8","","",0,"8",0,"8"
"352190360","P£OCK","2006","12","13","11","3","",0,"8",0,"8","","","",6,"",0,"8",0,"8",8,"",230,"",5,"",0,"",3.6,"",.0,"8","U","",7.0,"",89,"",2.0,"",1006.1,"",1019.7,"",8,-.4,"",.0,"8",0,"8","10","2","8","","5","","","/","","","/","","",0,"8",.0,"8",.0,"8","","8",0,"8","","",.0,"8",.0,"8",.0,"8",.0,"8",.0,"8",.0,"8",.0,"8",.0,"8",.0,"8",0,"8",0,"8",0,"8","","",0,"8",0,"8"
"352190360","P£OCK","2006","12","13","12","3","",0,"8",0,"8","","","",6,"",0,"8",0,"8",8,"",230,"",6,"",0,"",4.3,"",.0,"8","U","",7.3,"",88,"",2.5,"",1006.0,"",1019.6,"",6,-.7,"",.8,"",6,"","10","8","8","","5","","","/","","","/","","",2,"",.0,"8",.0,"8","","8",0,"8","","",.0,"8",.0,"8",.0,"8",.0,"8",.0,"8",.0,"8",.0,"8",.0,"8",.0,"8",0,"8",0,"8",0,"8","","",0,"8",0,"8"
"352190360","P£OCK","2006","12","13","13","4","",0,"8",0,"8","","","",6,"",0,"8",0,"8",8,"",230,"",6,"",0,"",4.8,"",.0,"8","U","",7.4,"",86,"",2.7,"",1006.1,"",1019.6,"",5,-.2,"",.0,"8",0,"8","10","2","8","","5","","","/","","","/","","",0,"8",.0,"8",.0,"8","","8",0,"8","","",.0,"8",.0,"8",.0,"8",.0,"8",.0,"8",.0,"8",.0,"8",.0,"8",.0,"8",0,"8",0,"8",0,"8","","",0,"8",0,"8"
"352190360","P£OCK","2006","12","13","14","4","",0,"8",0,"8","","","",6,"",0,"8",0,"8",8,"",240,"",7,"",0,"",5.4,"",.0,"8","U","",7.5,"",84,"",2.9,"",1006.7,"",1020.2,"",3,.6,"",.0,"8",0,"8","10","2","8","","5","","","/","","","/","","",0,"8",.0,"8",.0,"8","","8",0,"8","","",.0,"8",.0,"8",.0,"8",.0,"8",.0,"8",.0,"8",.0,"8",.0,"8",.0,"8",0,"8",0,"8",0,"8","","",0,"8",0,"8"
"352190360","P£OCK","2006","12","13","15","6","",0,"8",0,"8","","","",7,"",0,"8",0,"8",7,"",230,"",7,"",0,"",5.7,"",.0,"8","U","",7.6,"",83,"",3.0,"",1006.5,"",1020.0,"",0,.5,"",.0,"8",0,"8","01","2","6","","5","","","3","","","/","","",0,"8",.0,"8",.0,"8","","8",0,"8","","",.0,"8",.0,"8",.0,"8",.0,"8",.0,"8",.0,"8",.0,"8",.0,"8",.0,"8",0,"8",0,"8",0,"8","","",0,"8",0,"8"
"352190360","P£OCK","2006","12","13","16","5","",0,"8",0,"8","","","",7,"",0,"8",0,"8",8,"",240,"",7,"",0,"",6.1,"",.0,"8","U","",7.7,"",82,"",3.3,"",1007.1,"",1020.6,"",2,1.0,"",.0,"8",0,"8","80","2","8","","9","","","/","","","/","","",0,"8",.0,"8",.0,"8","","8",0,"8","","",.0,"8",.0,"8",.0,"8",.0,"8",.0,"8",.0,"8",.0,"8",.0,"8",.0,"8",0,"8",0,"8",0,"8","","",0,"8",0,"8"
"352190360","P£OCK","2006","12","13","17","7","",0,"8",0,"8","","","",7,"",0,"8",0,"8",8,"",250,"",7,"",0,"",6.3,"",.0,"8","U","",7.8,"",82,"",3.5,"",1007.6,"",1021.1,"",3,.9,"",.0,"8",0,"8","25","2","8","","5","","","/","","","/","","",0,"8",.0,"8",.0,"8","","8",0,"8","","",.0,"8",.0,"8",.0,"8",.0,"8",.0,"8",.0,"8",.0,"8",.0,"8",.0,"8",0,"8",0,"8",0,"8","","",0,"8",0,"8"
"352190360","P£OCK","2006","12","13","18","6","",0,"8",0,"8","","","",7,"",0,"8",0,"8",7,"",250,"",6,"",12,"",6.2,"",.0,"8","U","",8.0,"",84,"",3.7,"",1008.5,"",1022.0,"",2,2.0,"",.0,"",6,"","01","8","7","","5","","","/","","","/","","",2,"",.0,"8",.0,"8","","8",0,"8","","",.0,"8",.0,"8",.0,"8",.0,"8",.0,"8",.0,"8",.0,"8",.0,"8",.0,"8",0,"8",0,"8",0,"8","","",0,"8",0,"8"
"352190360","P£OCK","2006","12","13","19","5","",0,"8",0,"8","","","",7,"",0,"8",0,"8",7,"",250,"",5,"",10,"",6.0,"",.0,"8","U","",8.0,"",86,"",3.8,"",1009.1,"",1022.6,"",2,2.0,"",.0,"8",0,"8","02","2","7","","5","","","/","","","/","","",0,"8",.0,"8",.0,"8","","8",0,"8","","",.0,"8",.0,"8",.0,"8",.0,"8",.0,"8",.0,"8",.0,"8",.0,"8",.0,"8",0,"8",0,"8",0,"8","","",0,"8",0,"8"
"352190360","P£OCK","2006","12","13","20","5","",0,"8",0,"8","","","",7,"",0,"8",0,"8",7,"",240,"",5,"",0,"",5.3,"",.0,"8","U","",7.7,"",87,"",3.3,"",1009.3,"",1022.9,"",1,1.7,"",.0,"8",0,"8","01","2","4","","5","","","3","","","/","","",0,"8",.0,"8",.0,"8","","8",0,"8","","",.0,"8",.0,"8",.0,"8",.0,"8",.0,"8",.0,"8",.0,"8",.0,"8",.0,"8",0,"8",0,"8",0,"8","","",0,"8",0,"8"
"352190360","P£OCK","2006","12","13","21","9","",0,"8",0,"8","","","",7,"",0,"8",0,"8",7,"",240,"",6,"",0,"",5.6,"",.0,"8","U","",7.8,"",86,"",3.4,"",1009.3,"",1022.8,"",1,.8,"",.0,"8",0,"8","01","2","7","","0","","","3","","","/","","",0,"8",.0,"8",.0,"8","","8",0,"8","","",.0,"8",.0,"8",.0,"8",.0,"8",.0,"8",.0,"8",.0,"8",.0,"8",.0,"8",0,"8",0,"8",0,"8","","",0,"8",0,"8"
"352190360","P£OCK","2006","12","13","22","5","",0,"8",0,"8","","","",7,"",0,"8",0,"8",8,"",230,"",6,"",0,"",5.7,"",.0,"8","U","",7.9,"",86,"",3.5,"",1009.7,"",1023.2,"",2,.6,"",.0,"8",0,"8","03","2","4","","5","","","3","","","/","","",0,"8",.0,"8",.0,"8","","8",0,"8","","",.0,"8",.0,"8",.0,"8",.0,"8",.0,"8",.0,"8",.0,"8",.0,"8",.0,"8",0,"8",0,"8",0,"8","","",0,"8",0,"8"
"352190360","P£OCK","2006","12","13","23","5","",0,"8",0,"8","","","",7,"",0,"8",0,"8",8,"",230,"",5,"",0,"",5.8,"",.0,"8","U","",7.9,"",86,"",3.6,"",1009.6,"",1023.1,"",0,.3,"",.0,"8",0,"8","80","2","5","","9","","","3","","","/","","",0,"8",.0,"8",.0,"8","","8",0,"8","","",.0,"8",.0,"8",.0,"8",.0,"8",.0,"8",.0,"8",.0,"8",.0,"8",.0,"8",0,"8",0,"8",0,"8","","",0,"8",0,"8"
"352190360","P£OCK","2006","12","14","00","3","",0,"8",0,"8","","","",6,"",0,"8",0,"8",8,"",230,"",6,"",0,"",5.6,"",.0,"8","U","",8.3,"",91,"",4.2,"",1009.8,"",1023.3,"",2,.5,"",.9,"",6,"","61","8","6","","7","","","2","","","/","","",2,"",.0,"8",.0,"8","","8",0,"8","","",.0,"8",.0,"8",.0,"8",.0,"8",.0,"8",.0,"8",.0,"8",.0,"8",.0,"8",0,"8",0,"8",0,"8","","",0,"8",0,"8"
"352190360","P£OCK","2006","12","14","01","3","",0,"8",0,"8","","","",6,"",0,"8",0,"8",8,"",210,"",5,"",0,"",5.6,"",.0,"8","U","",8.4,"",92,"",4.4,"",1009.0,"",1022.5,"",7,-.7,"",.0,"8",0,"8","61","6","6","","7","","","2","","","/","","",0,"8",.0,"8",.0,"8","","8",0,"8","","",.0,"8",.0,"8",.0,"8",.0,"8",.0,"8",.0,"8",.0,"8",.0,"8",.0,"8",0,"8",0,"8",0,"8","","",0,"8",0,"8"
"352190360","P£OCK","2006","12","14","02","3","",0,"8",0,"8","","","",6,"",0,"8",0,"8",8,"",210,"",6,"",0,"",5.8,"",.0,"8","U","",8.5,"",92,"",4.6,"",1008.4,"",1021.9,"",8,-1.2,"",.0,"8",0,"8","61","6","6","","7","","","2","","","/","","",0,"8",.0,"8",.0,"8","","8",0,"8","","",.0,"8",.0,"8",.0,"8",.0,"8",.0,"8",.0,"8",.0,"8",.0,"8",.0,"8",0,"8",0,"8",0,"8","","",0,"8",0,"8"
"352190360","P£OCK","2006","12","14","03","3","",0,"8",0,"8","","","",6,"",0,"8",0,"8",8,"",220,"",6,"",0,"",6.0,"",.0,"8","U","",8.7,"",93,"",5.0,"",1007.9,"",1021.4,"",6,-1.9,"",.0,"8",0,"8","61","6","6","","7","","","2","","","/","","",0,"8",.0,"8",.0,"8","","8",0,"8","","",.0,"8",.0,"8",.0,"8",.0,"8",.0,"8",.0,"8",.0,"8",.0,"8",.0,"8",0,"8",0,"8",0,"8","","",0,"8",0,"8"
"352190360","P£OCK","2006","12","14","04","2","",0,"8",0,"8","","","",5,"",0,"8",0,"8",8,"",220,"",5,"",0,"",6.2,"",.0,"8","U","",8.8,"",93,"",5.2,"",1007.6,"",1021.1,"",6,-1.4,"",.0,"8",0,"8","21","2","8","","6","","","/","","","/","","",0,"8",.0,"8",.0,"8","","8",0,"8","","",.0,"8",.0,"8",.0,"8",.0,"8",.0,"8",.0,"8",.0,"8",.0,"8",.0,"8",0,"8",0,"8",0,"8","","",0,"8",0,"8"
"352190360","P£OCK","2006","12","14","05","3","",0,"8",0,"8","","","",6,"",0,"8",0,"8",8,"",230,"",5,"",0,"",6.7,"",.0,"8","U","",9.0,"",92,"",5.5,"",1007.4,"",1020.9,"",6,-1.0,"",.0,"8",0,"8","61","2","7","","7","","","2","","","/","","",0,"8",.0,"8",.0,"8","","8",0,"8","","",.0,"8",.0,"8",.0,"8",.0,"8",.0,"8",.0,"8",.0,"8",.0,"8",.0,"8",0,"8",0,"8",0,"8","","",0,"8",0,"8"
"352190360","P£OCK","2006","12","14","06","3","",0,"8",0,"8","","","",5,"",0,"8",0,"8",8,"",230,"",6,"",0,"",6.7,"",.0,"8","U","",9.0,"",92,"",5.5,"",1007.2,"",1020.7,"",7,-.7,"",2.1,"",6,"","61","6","5","","7","","","2","","","/","","",2,"",.0,"8",.0,"8","","8",0,"8","","",.0,"8",.0,"8",.0,"8",.0,"8",.0,"8",.0,"8",.0,"8",.0,"8",.0,"8",0,"8",0,"8",0,"8","","",0,"8",0,"8"
"352190360","P£OCK","2006","12","14","07","4","",0,"8",0,"8","","","",6,"",0,"8",0,"8",8,"",230,"",5,"",0,"",7.1,"",.0,"8","U","",9.0,"",89,"",5.4,"",1007.4,"",1020.8,"",5,-.2,"",.0,"8",0,"8","61","6","4","","5","","","2","","","/","","",0,"8",.0,"8",.0,"8","","8",0,"8","","",.0,"8",.0,"8",.0,"8",.0,"8",.0,"8",.0,"8",.0,"8",.0,"8",.0,"8",0,"8",0,"8",0,"8","","",0,"8",0,"8"
"352190360","P£OCK","2006","12","14","08","5","",0,"8",0,"8","","","",7,"",0,"8",0,"8",8,"",230,"",6,"",0,"",7.4,"",.0,"8","U","",8.9,"",87,"",5.4,"",1007.7,"",1021.1,"",3,.3,"",.0,"8",0,"8","21","6","8","","5","","","/","","","/","","",0,"8",.0,"8",.0,"8","","8",0,"8","","",.0,"8",.0,"8",.0,"8",.0,"8",.0,"8",.0,"8",.0,"8",.0,"8",.0,"8",0,"8",0,"8",0,"8","","",0,"8",0,"8"
"352190360","P£OCK","2006","12","14","09","4","",0,"8",0,"8","","","",7,"",0,"8",0,"8",8,"",230,"",7,"",0,"",7.8,"",.0,"8","U","",8.9,"",84,"",5.3,"",1008.3,"",1021.7,"",3,1.1,"",.0,"8",0,"8","02","6","8","","5","","","/","","","/","","",0,"8",.0,"8",.0,"8","","8",0,"8","","",.0,"8",.0,"8",.0,"8",.0,"8",.0,"8",.0,"8",.0,"8",.0,"8",.0,"8",0,"8",0,"8",0,"8","","",0,"8",0,"8"
"352190360","P£OCK","2006","12","14","10","4","",0,"8",0,"8","","","",7,"",0,"8",0,"8",8,"",230,"",7,"",0,"",8.1,"",.0,"8","U","",8.8,"",82,"",5.2,"",1008.1,"",1021.5,"",0,.7,"",.0,"8",0,"8","02","2","8","","5","","","/","","","/","","",0,"8",.0,"8",.0,"8","","8",0,"8","","",.0,"8",.0,"8",.0,"8",.0,"8",.0,"8",.0,"8",.0,"8",.0,"8",.0,"8",0,"8",0,"8",0,"8","","",0,"8",0,"8"
"352190360","P£OCK","2006","12","14","11","4","",0,"8",0,"8","","","",7,"",0,"8",0,"8",8,"",230,"",6,"",0,"",8.3,"",.0,"8","U","",8.9,"",81,"",5.2,"",1008.1,"",1021.5,"",1,.4,"",.0,"8",0,"8","02","2","8","","5","","","/","","","/","","",0,"8",.0,"8",.0,"8","","8",0,"8","","",.0,"8",.0,"8",.0,"8",.0,"8",.0,"8",.0,"8",.0,"8",.0,"8",.0,"8",0,"8",0,"8",0,"8","","",0,"8",0,"8"
"352190360","P£OCK","2006","12","14","12","4","",0,"8",0,"8","","","",7,"",0,"8",0,"8",8,"",240,"",7,"",13,"",8.2,"",.0,"8","U","",9.1,"",84,"",5.7,"",1007.9,"",1021.3,"",7,-.4,"",.7,"",6,"","25","6","8","","9","","","/","","","/","","",2,"",.0,"8",.0,"8","","8",0,"8","","",.0,"8",.0,"8",.0,"8",.0,"8",.0,"8",.0,"8",.0,"8",.0,"8",.0,"8",0,"8",0,"8",0,"8","","",0,"8",0,"8"
"352190360","P£OCK","2006","12","14","13","4","",0,"8",0,"8","","","",7,"",0,"8",0,"8",8,"",250,"",6,"",0,"",8.4,"",.0,"8","U","",9.2,"",84,"",5.9,"",1008.2,"",1021.6,"",3,.1,"",.0,"8",0,"8","01","2","8","","5","","","/","","","/","","",0,"8",.0,"8",.0,"8","","8",0,"8","","",.0,"8",.0,"8",.0,"8",.0,"8",.0,"8",.0,"8",.0,"8",.0,"8",.0,"8",0,"8",0,"8",0,"8","","",0,"8",0,"8"
"352190360","P£OCK","2006","12","14","14","4","",0,"8",0,"8","","","",7,"",0,"8",0,"8",8,"",240,"",7,"",0,"",8.2,"",.0,"8","U","",9.0,"",83,"",5.5,"",1008.5,"",1021.9,"",3,.4,"",.0,"8",0,"8","02","2","8","","5","","","/","","","/","","",0,"8",.0,"8",.0,"8","","8",0,"8","","",.0,"8",.0,"8",.0,"8",.0,"8",.0,"8",.0,"8",.0,"8",.0,"8",.0,"8",0,"8",0,"8",0,"8","","",0,"8",0,"8"
"352190360","P£OCK","2006","12","14","15","4","",0,"8",0,"8","","","",7,"",0,"8",0,"8",8,"",250,"",6,"",0,"",8.5,"",.0,"8","U","",9.0,"",81,"",5.4,"",1009.1,"",1022.5,"",3,1.2,"",.0,"8",0,"8","02","2","8","","5","","","/","","","/","","",0,"8",.0,"8",.0,"8","","8",0,"8","","",.0,"8",.0,"8",.0,"8",.0,"8",.0,"8",.0,"8",.0,"8",.0,"8",.0,"8",0,"8",0,"8",0,"8","","",0,"8",0,"8"
"352190360","P£OCK","2006","12","14","16","4","",0,"8",0,"8","","","",7,"",0,"8",0,"8",8,"",230,"",6,"",0,"",8.2,"",.0,"8","U","",8.7,"",80,"",5.0,"",1009.2,"",1022.6,"",2,1.0,"",.0,"8",0,"8","02","2","8","","5","","","/","","","/","","",0,"8",.0,"8",.0,"8","","8",0,"8","","",.0,"8",.0,"8",.0,"8",.0,"8",.0,"8",.0,"8",.0,"8",.0,"8",.0,"8",0,"8",0,"8",0,"8","","",0,"8",0,"8"
"352190360","P£OCK","2006","12","14","17","4","",0,"8",0,"8","","","",7,"",0,"8",0,"8",8,"",230,"",6,"",0,"",8.3,"",.0,"8","U","",8.7,"",80,"",5.0,"",1009.4,"",1022.8,"",1,.9,"",.0,"8",0,"8","02","2","8","","5","","","/","","","/","","",0,"8",.0,"8",.0,"8","","8",0,"8","","",.0,"8",.0,"8",.0,"8",.0,"8",.0,"8",.0,"8",.0,"8",.0,"8",.0,"8",0,"8",0,"8",0,"8","","",0,"8",0,"8"
"352190360","P£OCK","2006","12","14","18","4","",0,"8",0,"8","","","",7,"",0,"8",0,"8",8,"",230,"",6,"",0,"",8.5,"",.0,"8","U","",8.8,"",79,"",5.1,"",1009.7,"",1023.1,"",3,.6,"",.0,"9",0,"9","02","2","8","","5","","","/","","","/","","",2,"",.0,"8",.0,"8","","8",0,"8","","",.0,"8",.0,"8",.0,"8",.0,"8",.0,"8",.0,"8",.0,"8",.0,"8",.0,"8",0,"8",0,"8",0,"8","","",0,"8",0,"8"
"352190360","P£OCK","2006","12","14","19","4","",0,"8",0,"8","","","",7,"",0,"8",0,"8",8,"",230,"",7,"",0,"",8.5,"",.0,"8","U","",8.6,"",78,"",4.9,"",1009.9,"",1023.3,"",2,.7,"",.0,"8",0,"8","03","2","8","","5","","","/","","","/","","",0,"8",.0,"8",.0,"8","","8",0,"8","","",.0,"8",.0,"8",.0,"8",.0,"8",.0,"8",.0,"8",.0,"8",.0,"8",.0,"8",0,"8",0,"8",0,"8","","",0,"8",0,"8"
"352190360","P£OCK","2006","12","14","20","4","",0,"8",0,"8","","","",7,"",0,"8",0,"8",8,"",240,"",7,"",0,"",8.6,"",.0,"8","U","",8.7,"",78,"",5.0,"",1010.2,"",1023.6,"",2,.8,"",.0,"8",0,"8","02","2","8","","5","","","/","","","/","","",0,"8",.0,"8",.0,"8","","8",0,"8","","",.0,"8",.0,"8",.0,"8",.0,"8",.0,"8",.0,"8",.0,"8",.0,"8",.0,"8",0,"8",0,"8",0,"8","","",0,"8",0,"8"
"352190360","P£OCK","2006","12","14","21","4","",0,"8",0,"8","","","",7,"",0,"8",0,"8",8,"",230,"",6,"",0,"",8.4,"",.0,"8","U","",8.6,"",78,"",4.8,"",1010.5,"",1023.9,"",2,.8,"",.0,"8",0,"8","02","2","8","","5","","","/","","","/","","",0,"8",.0,"8",.0,"8","","8",0,"8","","",.0,"8",.0,"8",.0,"8",.0,"8",.0,"8",.0,"8",.0,"8",.0,"8",.0,"8",0,"8",0,"8",0,"8","","",0,"8",0,"8"
"352190360","P£OCK","2006","12","14","22","5","",0,"8",0,"8","","","",7,"",0,"8",0,"8",8,"",230,"",6,"",0,"",8.3,"",.0,"8","U","",8.5,"",78,"",4.7,"",1010.3,"",1023.7,"",0,.4,"",.0,"8",0,"8","02","2","8","","5","","","/","","","/","","",0,"8",.0,"8",.0,"8","","8",0,"8","","",.0,"8",.0,"8",.0,"8",.0,"8",.0,"8",.0,"8",.0,"8",.0,"8",.0,"8",0,"8",0,"8",0,"8","","",0,"8",0,"8"
"352190360","P£OCK","2006","12","14","23","4","",0,"8",0,"8","","","",7,"",0,"8",0,"8",8,"",230,"",5,"",0,"",7.9,"",.0,"8","U","",8.4,"",79,"",4.5,"",1010.5,"",1023.9,"",2,.3,"",.0,"8",0,"8","02","2","8","","5","","","/","","","/","","",0,"8",.0,"8",.0,"8","","8",0,"8","","",.0,"8",.0,"8",.0,"8",.0,"8",.0,"8",.0,"8",.0,"8",.0,"8",.0,"8",0,"8",0,"8",0,"8","","",0,"8",0,"8"
"352190360","P£OCK","2006","12","15","00","4","",0,"8",0,"8","","","",7,"",0,"8",0,"8",8,"",230,"",6,"",0,"",7.6,"",.0,"8","U","",8.3,"",80,"",4.4,"",1010.6,"",1024.1,"",3,.1,"",.0,"9",0,"9","02","2","8","","5","","","/","","","/","","",1,"",.0,"8",.0,"8","","8",0,"8","","",.0,"8",.0,"8",.0,"8",.0,"8",.0,"8",.0,"8",.0,"8",.0,"8",.0,"8",0,"8",0,"8",0,"8","","",0,"8",0,"8"
"352190360","P£OCK","2006","12","15","01","4","",0,"8",0,"8","","","",7,"",0,"8",0,"8",8,"",230,"",6,"",11,"",7.5,"",.0,"8","U","",8.3,"",80,"",4.3,"",1010.6,"",1024.1,"",1,.3,"",.0,"8",0,"8","02","2","8","","5","","","/","","","/","","",0,"8",.0,"8",.0,"8","","8",0,"8","","",.0,"8",.0,"8",.0,"8",.0,"8",.0,"8",.0,"8",.0,"8",.0,"8",.0,"8",0,"8",0,"8",0,"8","","",0,"8",0,"8"
"352190360","P£OCK","2006","12","15","02","4","",0,"8",0,"8","","","",7,"",0,"8",0,"8",8,"",230,"",6,"",0,"",7.5,"",.0,"8","U","",8.5,"",82,"",4.6,"",1010.3,"",1023.8,"",8,-.2,"",.0,"8",0,"8","02","2","8","","5","","","/","","","/","","",0,"8",.0,"8",.0,"8","","8",0,"8","","",.0,"8",.0,"8",.0,"8",.0,"8",.0,"8",.0,"8",.0,"8",.0,"8",.0,"8",0,"8",0,"8",0,"8","","",0,"8",0,"8"
"352190360","P£OCK","2006","12","15","03","4","",0,"8",0,"8","","","",6,"",0,"8",0,"8",8,"",240,"",8,"",0,"",7.4,"",.0,"8","U","",8.6,"",84,"",4.9,"",1010.2,"",1023.7,"",8,-.4,"",.0,"8",0,"8","10","2","8","","5","","","/","","","/","","",0,"8",.0,"8",.0,"8","","8",0,"8","","",.0,"8",.0,"8",.0,"8",.0,"8",.0,"8",.0,"8",.0,"8",.0,"8",.0,"8",0,"8",0,"8",0,"8","","",0,"8",0,"8"
"352190360","P£OCK","2006","12","15","04","3","",0,"8",0,"8","","","",6,"",0,"8",0,"8",8,"",230,"",7,"",12,"",7.3,"",.0,"8","U","",8.5,"",83,"",4.6,"",1010.4,"",1023.9,"",5,-.2,"",.0,"8",0,"8","10","2","8","","5","","","/","","","/","","",0,"8",.0,"8",.0,"8","","8",0,"8","","",.0,"8",.0,"8",.0,"8",.0,"8",.0,"8",.0,"8",.0,"8",.0,"8",.0,"8",0,"8",0,"8",0,"8","","",0,"8",0,"8"
"352190360","P£OCK","2006","12","15","05","4","",0,"8",0,"8","","","",7,"",0,"8",0,"8",8,"",220,"",5,"",0,"",7.0,"",.0,"8","U","",8.3,"",83,"",4.3,"",1010.3,"",1023.8,"",4,.0,"",.0,"8",0,"8","02","2","8","","5","","","/","","","/","","",0,"8",.0,"8",.0,"8","","8",0,"8","","",.0,"8",.0,"8",.0,"8",.0,"8",.0,"8",.0,"8",.0,"8",.0,"8",.0,"8",0,"8",0,"8",0,"8","","",0,"8",0,"8"
"352190360","P£OCK","2006","12","15","06","4","",0,"8",0,"8","","","",7,"",0,"8",0,"8",7,"",230,"",5,"",0,"",5.9,"",.0,"8","U","",7.9,"",85,"",3.6,"",1010.7,"",1024.2,"",2,.5,"",.0,"9",0,"9","01","2","5","","5","","","3","","","1","","",1,"",.0,"8",.0,"8","","8",0,"8","","",.0,"8",.0,"8",.0,"8",.0,"8",.0,"8",.0,"8",.0,"8",.0,"8",.0,"8",0,"8",0,"8",0,"8","","",0,"8",0,"8"
"352190360","P£OCK","2006","12","15","07","5","",0,"8",0,"8","","","",7,"",0,"8",0,"8",7,"",230,"",6,"",0,"",5.8,"",.0,"8","U","",7.8,"",85,"",3.5,"",1011.3,"",1024.9,"",3,.9,"",.0,"8",0,"8","03","2","7","","5","","","/","","","/","","",0,"8",.0,"8",.0,"8","","8",0,"8","","",.0,"8",.0,"8",.0,"8",.0,"8",.0,"8",.0,"8",.0,"8",.0,"8",.0,"8",0,"8",0,"8",0,"8","","",0,"8",0,"8"
"352190360","P£OCK","2006","12","15","08","5","",0,"8",0,"8","","","",7,"",0,"8",0,"8",7,"",230,"",5,"",0,"",6.2,"",.0,"8","U","",7.8,"",82,"",3.4,"",1011.1,"",1024.6,"",0,.8,"",.0,"8",0,"8","02","2","7","","5","","","/","","","/","","",0,"8",.0,"8",.0,"8","","8",0,"8","","",.0,"8",.0,"8",.0,"8",.0,"8",.0,"8",.0,"8",.0,"8",.0,"8",.0,"8",0,"8",0,"8",0,"8","","",0,"8",0,"8"
"352190360","P£OCK","2006","12","15","09","5","",0,"8",0,"8","","","",7,"",0,"8",0,"8",7,"",220,"",7,"",0,"",6.3,"",.0,"8","U","",7.8,"",82,"",3.5,"",1011.2,"",1024.7,"",2,.5,"",.0,"8",0,"8","02","2","7","","5","","","/","","","/","","",0,"8",.0,"8",.0,"8","","8",0,"8","","",.0,"8",.0,"8",.0,"8",.0,"8",.0,"8",.0,"8",.0,"8",.0,"8",.0,"8",0,"8",0,"8",0,"8","","",0,"8",0,"8"
"352190360","P£OCK","2006","12","15","10","5","",0,"8",0,"8","","","",7,"",0,"8",0,"8",7,"",230,"",6,"",0,"",6.5,"",.0,"8","U","",7.7,"",80,"",3.3,"",1011.2,"",1024.7,"",6,-.1,"",.0,"8",0,"8","01","2","1","","5","","","3","","","8","","",0,"8",.0,"8",.0,"8","","8",0,"8","","",.0,"8",.0,"8",.0,"8",.0,"8",.0,"8",.0,"8",.0,"8",.0,"8",.0,"8",0,"8",0,"8",0,"8","","",0,"8",0,"8"
"352190360","P£OCK","2006","12","15","11","5","",0,"8",0,"8","","","",7,"",0,"8",0,"8",7,"",230,"",6,"",0,"",7.3,"",.0,"8","U","",8.0,"",78,"",3.7,"",1011.2,"",1024.7,"",1,.1,"",.0,"8",0,"8","03","2","3","","5","","","3","","","8","","",0,"8",.0,"8",.0,"8","","8",0,"8","","",.0,"8",.0,"8",.0,"8",.0,"8",.0,"8",.0,"8",.0,"8",.0,"8",.0,"8",0,"8",0,"8",0,"8","","",0,"8",0,"8"
"352190360","P£OCK","2006","12","15","12","4","",0,"8",0,"8","","","",7,"",0,"8",0,"8",7,"",250,"",6,"",0,"",7.9,"",.0,"8","U","",8.4,"",79,"",4.5,"",1011.1,"",1024.6,"",8,-.1,"",.0,"9",0,"9","03","2","5","","5","","","3","","","8","","",1,"",.0,"8",.0,"8","","8",0,"8","","",.0,"8",.0,"8",.0,"8",.0,"8",.0,"8",.0,"8",.0,"8",.0,"8",.0,"8",0,"8",0,"8",0,"8","","",0,"8",0,"8"
"352190360","P£OCK","2006","12","15","13","4","",0,"8",0,"8","","","",7,"",0,"8",0,"8",7,"",240,"",6,"",0,"",7.8,"",.0,"8","U","",8.3,"",79,"",4.4,"",1010.9,"",1024.4,"",8,-.3,"",.0,"8",0,"8","03","2","7","","5","","","/","","","/","","",0,"8",.0,"8",.0,"8","","8",0,"8","","",.0,"8",.0,"8",.0,"8",.0,"8",.0,"8",.0,"8",.0,"8",.0,"8",.0,"8",0,"8",0,"8",0,"8","","",0,"8",0,"8"
"352190360","P£OCK","2006","12","15","14","4","",0,"8",0,"8","","","",7,"",0,"8",0,"8",7,"",250,"",6,"",0,"",7.3,"",.0,"8","U","",8.3,"",81,"",4.3,"",1010.9,"",1024.4,"",6,-.3,"",.0,"8",0,"8","01","2","5","","5","","","3","","","8","","",0,"8",.0,"8",.0,"8","","8",0,"8","","",.0,"8",.0,"8",.0,"8",.0,"8",.0,"8",.0,"8",.0,"8",.0,"8",.0,"8",0,"8",0,"8",0,"8","","",0,"8",0,"8"
"352190360","P£OCK","2006","12","15","15","5","",0,"8",0,"8","","","",6,"",0,"8",0,"8",6,"",210,"",3,"",0,"",5.9,"",.0,"8","U","",7.8,"",84,"",3.4,"",1010.7,"",1024.2,"",7,-.4,"",.0,"8",0,"8","10","2","1","","5","","","3","","","8","","",0,"8",.0,"8",.0,"8","","8",0,"8","","",.0,"8",.0,"8",.0,"8",.0,"8",.0,"8",.0,"8",.0,"8",.0,"8",.0,"8",0,"8",0,"8",0,"8","","",0,"8",0,"8"
"352190360","P£OCK","2006","12","15","16","9","",0,"8",0,"8","","","",6,"",0,"8",0,"8",2,"",220,"",3,"",0,"",4.6,"",.0,"8","U","",7.3,"",86,"",2.5,"",1010.5,"",1024.1,"",8,-.4,"",.0,"8",0,"8","10","1","0","","0","","","0","","","1","","",0,"8",.0,"8",.0,"8","","8",0,"8","","",.0,"8",.0,"8",.0,"8",.0,"8",.0,"8",.0,"8",.0,"8",.0,"8",.0,"8",0,"8",0,"8",0,"8","","",0,"8",0,"8"
"352190360","P£OCK","2006","12","15","17","9","",0,"8",0,"8","","","",6,"",0,"8",0,"8",1,"",200,"",3,"",0,"",4.1,"",.0,"8","U","",7.2,"",88,"",2.3,"",1010.1,"",1023.7,"",8,-.8,"",.0,"8",0,"8","10","0","0","","0","","","0","","","1","","",0,"8",.0,"8",.0,"8","","8",0,"8","","",.0,"8",.0,"8",.0,"8",.0,"8",.0,"8",.0,"8",.0,"8",.0,"8",.0,"8",0,"8",0,"8",0,"8","","",0,"8",0,"8"
"352190360","P£OCK","2006","12","15","18","9","",0,"8",0,"8","","","",6,"",0,"8",0,"8",0,"",200,"",3,"",0,"",4.1,"",.0,"8","U","",6.9,"",84,"",1.6,"",1009.9,"",1023.5,"",7,-.8,"",.0,"9",0,"9","10","1","0","","0","","","0","","","0","","",1,"",.0,"8",.0,"8","","8",0,"8","","",.0,"8",.0,"8",.0,"8",.0,"8",.0,"8",.0,"8",.0,"8",.0,"8",.0,"8",0,"8",0,"8",0,"8","","",0,"8",0,"8"
"352190360","P£OCK","2006","12","15","19","9","",0,"8",0,"8","","","",6,"",0,"8",0,"8",0,"",210,"",3,"",0,"",3.1,"",.0,"8","U","",6.5,"",85,"",.8,"",1009.8,"",1023.5,"",6,-.7,"",.0,"8",0,"8","10","0","0","","0","","","0","","","0","","",0,"8",.0,"8",.0,"8","","8",0,"8","","",.0,"8",.0,"8",.0,"8",.0,"8",.0,"8",.0,"8",.0,"8",.0,"8",.0,"8",0,"8",0,"8",0,"8","","",0,"8",0,"8"
"352190360","P£OCK","2006","12","15","20","9","",0,"8",0,"8","","","",6,"",0,"8",0,"8",0,"",220,"",3,"",0,"",3.5,"",.0,"8","U","",6.6,"",84,"",1.0,"",1009.7,"",1023.4,"",7,-.4,"",.0,"8",0,"8","10","0","0","","0","","","0","","","0","","",0,"8",.0,"8",.0,"8","","8",0,"8","","",.0,"8",.0,"8",.0,"8",.0,"8",.0,"8",.0,"8",.0,"8",.0,"8",.0,"8",0,"8",0,"8",0,"8","","",0,"8",0,"8"
"352190360","P£OCK","2006","12","15","21","9","",0,"8",0,"8","","","",6,"",0,"8",0,"8",0,"",220,"",3,"",0,"",3.3,"",.0,"8","U","",6.4,"",83,"",.7,"",1010.0,"",1023.7,"",3,.1,"",.0,"8",0,"8","10","0","0","","0","","","0","","","0","","",0,"8",.0,"8",.0,"8","","8",0,"8","","",.0,"8",.0,"8",.0,"8",.0,"8",.0,"8",.0,"8",.0,"8",.0,"8",.0,"8",0,"8",0,"8",0,"8","","",0,"8",0,"8"
"352190360","P£OCK","2006","12","15","22","9","",0,"8",0,"8","","","",6,"",0,"8",0,"8",0,"",220,"",4,"",0,"",3.6,"",.0,"8","U","",6.3,"",80,"",.5,"",1009.7,"",1023.3,"",7,-.1,"",.0,"8",0,"8","10","0","0","","0","","","0","","","0","","",0,"8",.0,"8",.0,"8","","8",0,"8","","",.0,"8",.0,"8",.0,"8",.0,"8",.0,"8",.0,"8",.0,"8",.0,"8",.0,"8",0,"8",0,"8",0,"8","","",0,"8",0,"8"
"352190360","P£OCK","2006","12","15","23","9","",0,"8",0,"8","","","",6,"",0,"8",0,"8",0,"",220,"",3,"",0,"",2.9,"",.0,"8","U","",6.2,"",82,"",.1,"",1009.3,"",1023.0,"",8,-.4,"",.0,"8",0,"8","10","0","0","","0","","","0","","","0","","",0,"8",.0,"8",.0,"8","","8",0,"8","","",.0,"8",.0,"8",.0,"8",.0,"8",.0,"8",.0,"8",.0,"8",.0,"8",.0,"8",0,"8",0,"8",0,"8","","",0,"8",0,"8"
"352190360","P£OCK","2006","12","16","00","9","",0,"8",0,"8","","","",7,"",0,"8",0,"8",0,"",220,"",4,"",0,"",2.7,"",.0,"8","U","",5.9,"",80,"",-.4,"",1008.8,"",1022.5,"",8,-1.2,"",.0,"9",0,"9","02","0","0","","0","","","0","","","0","","",1,"",.0,"8",.0,"8","","8",0,"8","","",.0,"8",.0,"8",.0,"8",.0,"8",.0,"8",.0,"8",.0,"8",.0,"8",.0,"8",0,"8",0,"8",0,"8","","",0,"8",0,"8"
"352190360","P£OCK","2006","12","16","01","9","",0,"8",0,"8","","","",7,"",0,"8",0,"8",0,"",200,"",2,"",0,"",2.6,"",.0,"8","U","",5.7,"",78,"",-.9,"",1008.7,"",1022.4,"",7,-1.0,"",.0,"8",0,"8","02","0","0","","0","","","0","","","0","","",0,"8",.0,"8",.0,"8","","8",0,"8","","",.0,"8",.0,"8",.0,"8",.0,"8",.0,"8",.0,"8",.0,"8",.0,"8",.0,"8",0,"8",0,"8",0,"8","","",0,"8",0,"8"
"352190360","P£OCK","2006","12","16","02","9","",0,"8",0,"8","","","",7,"",0,"8",0,"8",0,"",220,"",4,"",0,"",2.9,"",.0,"8","U","",5.7,"",76,"",-.9,"",1008.0,"",1021.7,"",7,-1.3,"",.0,"8",0,"8","02","0","0","","0","","","0","","","0","","",0,"8",.0,"8",.0,"8","","8",0,"8","","",.0,"8",.0,"8",.0,"8",.0,"8",.0,"8",.0,"8",.0,"8",.0,"8",.0,"8",0,"8",0,"8",0,"8","","",0,"8",0,"8"
"352190360","P£OCK","2006","12","16","03","9","",0,"8",0,"8","","","",7,"",0,"8",0,"8",0,"",150,"",2,"",0,"",1.3,"",.0,"8","U","",5.4,"",80,"",-1.8,"",1007.6,"",1021.3,"",7,-1.2,"",.0,"8",0,"8","02","0","0","","0","","","0","","","0","","",0,"8",.0,"8",.0,"8","","8",0,"8","","",.0,"8",.0,"8",.0,"8",.0,"8",.0,"8",.0,"8",.0,"8",.0,"8",.0,"8",0,"8",0,"8",0,"8","","",0,"8",0,"8"
"352190360","P£OCK","2006","12","16","04","9","",0,"8",0,"8","","","",7,"",0,"8",0,"8",0,"",200,"",3,"",0,"",1.7,"",.0,"8","U","",5.5,"",80,"",-1.4,"",1007.3,"",1021.0,"",6,-1.4,"",.0,"8",0,"8","02","0","0","","0","","","0","","","0","","",0,"8",.0,"8",.0,"8","","8",0,"8","","",.0,"8",.0,"8",.0,"8",.0,"8",.0,"8",.0,"8",.0,"8",.0,"8",.0,"8",0,"8",0,"8",0,"8","","",0,"8",0,"8"
"352190360","P£OCK","2006","12","16","05","9","",0,"8",0,"8","","","",7,"",0,"8",0,"8",0,"",180,"",2,"",0,"",1.9,"",.0,"8","U","",5.3,"",75,"",-2.1,"",1007.2,"",1020.9,"",6,-.8,"",.0,"8",0,"8","02","0","0","","0","","","0","","","0","","",0,"8",.0,"8",.0,"8","","8",0,"8","","",.0,"8",.0,"8",.0,"8",.0,"8",.0,"8",.0,"8",.0,"8",.0,"8",.0,"8",0,"8",0,"8",0,"8","","",0,"8",0,"8"
"352190360","P£OCK","2006","12","16","06","9","",0,"8",0,"8","","","",6,"",0,"8",0,"8",1,"",140,"",2,"",0,"",.5,"",.0,"8","U","",5.2,"",82,"",-2.2,"",1006.9,"",1020.7,"",7,-.7,"",.0,"9",0,"9","10","0","0","","0","","","0","","","1","","",4,"",.0,"8",.0,"8","","8",0,"8","","",.0,"8",.0,"8",.0,"8",.0,"8",.0,"8",.0,"8",.0,"8",.0,"8",.0,"8",0,"8",0,"8",0,"8","","",0,"8",0,"8"
"352190360","P£OCK","2006","12","16","07","9","",0,"8",0,"8","","","",6,"",0,"8",0,"8",2,"",180,"",3,"",0,"",1.5,"",.0,"8","U","",5.4,"",80,"",-1.6,"",1006.6,"",1020.3,"",8,-.7,"",.0,"8",0,"8","10","0","0","","0","","","0","","","1","","",0,"8",.0,"8",.0,"8","","8",0,"8","","",.0,"8",.0,"8",.0,"8",.0,"8",.0,"8",.0,"8",.0,"8",.0,"8",.0,"8",0,"8",0,"8",0,"8","","",0,"8",0,"8"
"352190360","P£OCK","2006","12","16","08","9","",0,"8",0,"8","","","",6,"",0,"8",0,"8",5,"",190,"",3,"",0,"",3.1,"",.0,"8","U","",5.3,"",70,"",-1.8,"",1006.2,"",1019.8,"",7,-1.0,"",.0,"8",0,"8","10","1","0","","0","","","0","","","6","","",0,"8",.0,"8",.0,"8","","8",0,"8","","",.0,"8",.0,"8",.0,"8",.0,"8",.0,"8",.0,"8",.0,"8",.0,"8",.0,"8",0,"8",0,"8",0,"8","","",0,"8",0,"8"
"352190360","P£OCK","2006","12","16","09","9","",0,"8",0,"8","","","",7,"",0,"8",0,"8",3,"",220,"",5,"",0,"",4.6,"",.0,"8","U","",5.7,"",67,"",-1.0,"",1006.1,"",1019.6,"",7,-.8,"",.0,"8",0,"8","01","1","0","","0","","","0","","","1","","",0,"8",.0,"8",.0,"8","","8",0,"8","","",.0,"8",.0,"8",.0,"8",.0,"8",.0,"8",.0,"8",.0,"8",.0,"8",.0,"8",0,"8",0,"8",0,"8","","",0,"8",0,"8"
"352190360","P£OCK","2006","12","16","10","9","",0,"8",0,"8","","","",7,"",0,"8",0,"8",1,"",220,"",6,"",0,"",5.9,"",.0,"8","U","",5.7,"",61,"",-1.1,"",1005.6,"",1019.1,"",7,-1.0,"",.0,"8",0,"8","01","0","0","","0","","","0","","","1","","",0,"8",.0,"8",.0,"8","","8",0,"8","","",.0,"8",.0,"8",.0,"8",.0,"8",.0,"8",.0,"8",.0,"8",.0,"8",.0,"8",0,"8",0,"8",0,"8","","",0,"8",0,"8"
"352190360","P£OCK","2006","12","16","11","9","",0,"8",0,"8","","","",7,"",0,"8",0,"8",0,"",230,"",6,"",0,"",6.6,"",.0,"8","U","",5.6,"",58,"",-1.1,"",1004.9,"",1018.3,"",8,-1.3,"",.0,"8",0,"8","01","0","0","","0","","","0","","","0","","",0,"8",.0,"8",.0,"8","","8",0,"8","","",.0,"8",.0,"8",.0,"8",.0,"8",.0,"8",.0,"8",.0,"8",.0,"8",.0,"8",0,"8",0,"8",0,"8","","",0,"8",0,"8"
"352190360","P£OCK","2006","12","16","12","9","",0,"8",0,"8","","","",7,"",0,"8",0,"8",1,"",210,"",4,"",0,"",7.5,"",.0,"8","U","",6.0,"",58,"",-.2,"",1003.8,"",1017.2,"",8,-2.3,"",.0,"9",0,"9","03","1","0","","0","","","0","","","1","","",1,"",.0,"8",.0,"8","","8",0,"8","","",.0,"8",.0,"8",.0,"8",.0,"8",.0,"8",.0,"8",.0,"8",.0,"8",.0,"8",0,"8",0,"8",0,"8","","",0,"8",0,"8"
"352190360","P£OCK","2006","12","16","13","9","",0,"8",0,"8","","","",7,"",0,"8",0,"8",1,"",190,"",5,"",0,"",7.4,"",.0,"8","U","",5.7,"",55,"",-1.1,"",1002.9,"",1016.3,"",7,-2.7,"",.0,"8",0,"8","02","0","0","","0","","","0","","","1","","",0,"8",.0,"8",.0,"8","","8",0,"8","","",.0,"8",.0,"8",.0,"8",.0,"8",.0,"8",.0,"8",.0,"8",.0,"8",.0,"8",0,"8",0,"8",0,"8","","",0,"8",0,"8"
"352190360","P£OCK","2006","12","16","14","9","",0,"8",0,"8","","","",7,"",0,"8",0,"8",1,"",200,"",5,"",0,"",6.4,"",.0,"8","U","",6.0,"",62,"",-.4,"",1002.5,"",1015.9,"",6,-2.4,"",.0,"8",0,"8","02","0","0","","0","","","0","","","1","","",0,"8",.0,"8",.0,"8","","8",0,"8","","",.0,"8",.0,"8",.0,"8",.0,"8",.0,"8",.0,"8",.0,"8",.0,"8",.0,"8",0,"8",0,"8",0,"8","","",0,"8",0,"8"
"352190360","P£OCK","2006","12","16","15","9","",0,"8",0,"8","","","",7,"",0,"8",0,"8",1,"",210,"",5,"",0,"",6.0,"",.0,"8","U","",6.3,"",67,"",.3,"",1002.1,"",1015.5,"",6,-1.7,"",.0,"8",0,"8","02","0","0","","0","","","0","","","1","","",0,"8",.0,"8",.0,"8","","8",0,"8","","",.0,"8",.0,"8",.0,"8",.0,"8",.0,"8",.0,"8",.0,"8",.0,"8",.0,"8",0,"8",0,"8",0,"8","","",0,"8",0,"8"
"352190360","P£OCK","2006","12","16","16","9","",0,"8",0,"8","","","",7,"",0,"8",0,"8",1,"",210,"",5,"",0,"",5.7,"",.0,"8","U","",6.3,"",69,"",.5,"",1001.9,"",1015.3,"",6,-1.0,"",.0,"8",0,"8","02","0","0","","0","","","0","","","1","","",0,"8",.0,"8",.0,"8","","8",0,"8","","",.0,"8",.0,"8",.0,"8",.0,"8",.0,"8",.0,"8",.0,"8",.0,"8",.0,"8",0,"8",0,"8",0,"8","","",0,"8",0,"8"
"352190360","P£OCK","2006","12","16","17","6","",0,"8",0,"8","","","",7,"",0,"8",0,"8",2,"",220,"",7,"",0,"",6.2,"",.0,"8","U","",6.6,"",70,"",1.1,"",1001.8,"",1015.2,"",6,-.7,"",.0,"8",0,"8","03","0","1","","5","","","0","","","1","","",0,"8",.0,"8",.0,"8","","8",0,"8","","",.0,"8",.0,"8",.0,"8",.0,"8",.0,"8",.0,"8",.0,"8",.0,"8",.0,"8",0,"8",0,"8",0,"8","","",0,"8",0,"8"
"352190360","P£OCK","2006","12","16","18","9","",0,"8",0,"8","","","",7,"",0,"8",0,"8",1,"",220,"",7,"",0,"",6.2,"",.0,"8","U","",6.6,"",70,"",1.1,"",1001.5,"",1014.9,"",7,-.6,"",.0,"9",0,"9","01","0","0","","0","","","0","","","1","","",1,"",.0,"8",.0,"8","","8",0,"8","","",.0,"8",.0,"8",.0,"8",.0,"8",.0,"8",.0,"8",.0,"8",.0,"8",.0,"8",0,"8",0,"8",0,"8","","",0,"8",0,"8"
"352190360","P£OCK","2006","12","16","19","6","",0,"8",0,"8","","","",7,"",0,"8",0,"8",7,"",220,"",6,"",0,"",6.2,"",.0,"8","U","",6.8,"",72,"",1.5,"",1001.3,"",1014.7,"",7,-.6,"",.0,"8",0,"8","03","1","7","","5","","","/","","","/","","",0,"8",.0,"8",.0,"8","","8",0,"8","","",.0,"8",.0,"8",.0,"8",.0,"8",.0,"8",.0,"8",.0,"8",.0,"8",.0,"8",0,"8",0,"8",0,"8","","",0,"8",0,"8"
"352190360","P£OCK","2006","12","16","20","6","",0,"8",0,"8","","","",7,"",0,"8",0,"8",7,"",230,"",7,"",0,"",7.2,"",.0,"8","U","",7.2,"",71,"",2.3,"",1001.3,"",1014.7,"",6,-.5,"",.0,"8",0,"8","02","2","7","","5","","","/","","","/","","",0,"8",.0,"8",.0,"8","","8",0,"8","","",.0,"8",.0,"8",.0,"8",.0,"8",.0,"8",.0,"8",.0,"8",.0,"8",.0,"8",0,"8",0,"8",0,"8","","",0,"8",0,"8"
"352190360","P£OCK","2006","12","16","21","6","",0,"8",0,"8","","","",7,"",0,"8",0,"8",8,"",230,"",6,"",0,"",7.0,"",.0,"8","U","",7.4,"",74,"",2.7,"",1001.5,"",1014.9,"",5,.0,"",.0,"8",0,"8","61","1","8","","5","","","/","","","/","","",0,"8",.0,"8",.0,"8","","8",0,"8","","",.0,"8",.0,"8",.0,"8",.0,"8",.0,"8",.0,"8",.0,"8",.0,"8",.0,"8",0,"8",0,"8",0,"8","","",0,"8",0,"8"
"352190360","P£OCK","2006","12","16","22","5","",0,"8",0,"8","","","",7,"",0,"8",0,"8",8,"",230,"",6,"",0,"",7.3,"",.0,"8","U","",7.7,"",75,"",3.2,"",1001.8,"",1015.2,"",3,.5,"",.0,"8",0,"8","60","6","8","","5","","","/","","","/","","",0,"8",.0,"8",.0,"8","","8",0,"8","","",.0,"8",.0,"8",.0,"8",.0,"8",.0,"8",.0,"8",.0,"8",.0,"8",.0,"8",0,"8",0,"8",0,"8","","",0,"8",0,"8"
"352190360","P£OCK","2006","12","16","23","4","",0,"8",0,"8","","","",6,"",0,"8",0,"8",8,"",250,"",6,"",0,"",7.5,"",.0,"8","U","",8.3,"",80,"",4.3,"",1002.3,"",1015.7,"",3,1.0,"",.0,"8",0,"8","61","6","6","","5","","","2","","","/","","",0,"8",.0,"8",.0,"8","","8",0,"8","","",.0,"8",.0,"8",.0,"8",.0,"8",.0,"8",.0,"8",.0,"8",.0,"8",.0,"8",0,"8",0,"8",0,"8","","",0,"8",0,"8"
"352190360","P£OCK","2006","12","17","00","4","",0,"8",0,"8","","","",6,"",0,"8",0,"8",8,"",280,"",6,"",0,"",6.4,"",.0,"8","U","",8.3,"",86,"",4.2,"",1003.1,"",1016.5,"",3,1.6,"",.2,"",6,"","61","6","5","","5","","","2","","","/","","",1,"",.0,"8",.0,"8","","8",0,"8","","",.0,"8",.0,"8",.0,"8",.0,"8",.0,"8",.0,"8",.0,"8",.0,"8",.0,"8",0,"8",0,"8",0,"8","","",0,"8",0,"8"
"352190360","P£OCK","2006","12","17","01","4","",0,"8",0,"8","","","",6,"",0,"8",0,"8",8,"",270,"",6,"",0,"",6.1,"",.0,"8","U","",8.2,"",87,"",4.1,"",1003.9,"",1017.3,"",3,2.1,"",.0,"8",0,"8","61","6","6","","5","","","2","","","/","","",0,"8",.0,"8",.0,"8","","8",0,"8","","",.0,"8",.0,"8",.0,"8",.0,"8",.0,"8",.0,"8",.0,"8",.0,"8",.0,"8",0,"8",0,"8",0,"8","","",0,"8",0,"8"
"352190360","P£OCK","2006","12","17","02","4","",0,"8",0,"8","","","",6,"",0,"8",0,"8",8,"",280,"",4,"",0,"",5.7,"",.0,"8","U","",8.1,"",89,"",4.0,"",1004.7,"",1018.2,"",2,2.4,"",.0,"8",0,"8","61","6","6","","5","","","2","","","/","","",0,"8",.0,"8",.0,"8","","8",0,"8","","",.0,"8",.0,"8",.0,"8",.0,"8",.0,"8",.0,"8",.0,"8",.0,"8",.0,"8",0,"8",0,"8",0,"8","","",0,"8",0,"8"
"352190360","P£OCK","2006","12","17","03","3","",0,"8",0,"8","","","",6,"",0,"8",0,"8",8,"",280,"",4,"",0,"",5.5,"",.0,"8","U","",8.1,"",90,"",4.0,"",1005.3,"",1018.8,"",1,2.2,"",.0,"8",0,"8","61","6","6","","7","","","2","","","/","","",0,"8",.0,"8",.0,"8","","8",0,"8","","",.0,"8",.0,"8",.0,"8",.0,"8",.0,"8",.0,"8",.0,"8",.0,"8",.0,"8",0,"8",0,"8",0,"8","","",0,"8",0,"8"
"352190360","P£OCK","2006","12","17","04","4","",0,"8",0,"8","","","",6,"",0,"8",0,"8",8,"",270,"",4,"",0,"",5.1,"",.0,"8","U","",7.8,"",89,"",3.4,"",1006.0,"",1019.5,"",2,2.1,"",.0,"8",0,"8","21","2","8","","5","","","/","","","/","","",0,"8",.0,"8",.0,"8","","8",0,"8","","",.0,"8",.0,"8",.0,"8",.0,"8",.0,"8",.0,"8",.0,"8",.0,"8",.0,"8",0,"8",0,"8",0,"8","","",0,"8",0,"8"
"352190360","P£OCK","2006","12","17","05","5","",0,"8",0,"8","","","",6,"",0,"8",0,"8",8,"",280,"",4,"",0,"",4.9,"",.0,"8","U","",7.7,"",89,"",3.2,"",1006.7,"",1020.2,"",2,2.0,"",.0,"8",0,"8","10","2","8","","5","","","/","","","/","","",0,"8",.0,"8",.0,"8","","8",0,"8","","",.0,"8",.0,"8",.0,"8",.0,"8",.0,"8",.0,"8",.0,"8",.0,"8",.0,"8",0,"8",0,"8",0,"8","","",0,"8",0,"8"
"352190360","P£OCK","2006","12","17","06","5","",0,"8",0,"8","","","",6,"",0,"8",0,"8",6,"",280,"",3,"",0,"",4.4,"",.0,"8","U","",7.4,"",89,"",2.7,"",1007.5,"",1021.1,"",2,2.2,"",.2,"",6,"","10","6","6","","5","","","0","","","0","","",1,"",.0,"8",.0,"8","","8",0,"8","","",.0,"8",.0,"8",.0,"8",.0,"8",.0,"8",.0,"8",.0,"8",.0,"8",.0,"8",0,"8",0,"8",0,"8","","",0,"8",0,"8"
"352190360","P£OCK","2006","12","17","07","5","",0,"8",0,"8","","","",7,"",0,"8",0,"8",4,"",280,"",4,"",0,"",4.1,"",.0,"8","U","",7.0,"",86,"",2.0,"",1008.3,"",1021.9,"",2,2.3,"",.0,"8",0,"8","01","1","3","","5","","","3","","","0","","",0,"8",.0,"8",.0,"8","","8",0,"8","","",.0,"8",.0,"8",.0,"8",.0,"8",.0,"8",.0,"8",.0,"8",.0,"8",.0,"8",0,"8",0,"8",0,"8","","",0,"8",0,"8"
"352190360","P£OCK","2006","12","17","08","5","",0,"8",0,"8","","","",7,"",0,"8",0,"8",7,"",290,"",3,"",0,"",4.1,"",.0,"8","U","",6.9,"",84,"",1.6,"",1008.9,"",1022.5,"",1,2.2,"",.0,"8",0,"8","03","1","7","","5","","","/","","","/","","",0,"8",.0,"8",.0,"8","","8",0,"8","","",.0,"8",.0,"8",.0,"8",.0,"8",.0,"8",.0,"8",.0,"8",.0,"8",.0,"8",0,"8",0,"8",0,"8","","",0,"8",0,"8"
"352190360","P£OCK","2006","12","17","09","4","",0,"8",0,"8","","","",7,"",0,"8",0,"8",7,"",280,"",4,"",0,"",3.9,"",.0,"8","U","",6.7,"",83,"",1.3,"",1009.7,"",1023.3,"",2,2.2,"",.0,"8",0,"8","02","1","7","","5","","","/","","","/","","",0,"8",.0,"8",.0,"8","","8",0,"8","","",.0,"8",.0,"8",.0,"8",.0,"8",.0,"8",.0,"8",.0,"8",.0,"8",.0,"8",0,"8",0,"8",0,"8","","",0,"8",0,"8"
"352190360","P£OCK","2006","12","17","10","4","",0,"8",0,"8","","","",7,"",0,"8",0,"8",7,"",290,"",5,"",0,"",3.4,"",.0,"8","U","",6.5,"",84,"",1.0,"",1009.8,"",1023.5,"",2,1.5,"",.0,"8",0,"8","02","2","7","","5","","","/","","","/","","",0,"8",.0,"8",.0,"8","","8",0,"8","","",.0,"8",.0,"8",.0,"8",.0,"8",.0,"8",.0,"8",.0,"8",.0,"8",.0,"8",0,"8",0,"8",0,"8","","",0,"8",0,"8"
"352190360","P£OCK","2006","12","17","11","4","",0,"8",0,"8","","","",7,"",0,"8",0,"8",7,"",270,"",4,"",0,"",3.5,"",.0,"8","U","",6.4,"",82,"",.7,"",1009.6,"",1023.3,"",0,.7,"",.0,"8",0,"8","02","2","7","","5","","","/","","","/","","",0,"8",.0,"8",.0,"8","","8",0,"8","","",.0,"8",.0,"8",.0,"8",.0,"8",.0,"8",.0,"8",.0,"8",.0,"8",.0,"8",0,"8",0,"8",0,"8","","",0,"8",0,"8"
"352190360","P£OCK","2006","12","17","12","4","",0,"8",0,"8","","","",7,"",0,"8",0,"8",7,"",240,"",3,"",0,"",3.7,"",.0,"8","U","",6.4,"",81,"",.7,"",1009.3,"",1022.9,"",8,-.4,"",.0,"9",0,"9","02","1","7","","5","","","/","","","/","","",1,"",.0,"8",.0,"8","","8",0,"8","","",.0,"8",.0,"8",.0,"8",.0,"8",.0,"8",.0,"8",.0,"8",.0,"8",.0,"8",0,"8",0,"8",0,"8","","",0,"8",0,"8"
"352190360","P£OCK","2006","12","17","13","4","",0,"8",0,"8","","","",7,"",0,"8",0,"8",7,"",280,"",3,"",0,"",4.1,"",.0,"8","U","",6.5,"",79,"",.8,"",1009.1,"",1022.7,"",7,-.7,"",.0,"8",0,"8","02","2","7","","5","","","/","","","/","","",0,"8",.0,"8",.0,"8","","8",0,"8","","",.0,"8",.0,"8",.0,"8",.0,"8",.0,"8",.0,"8",.0,"8",.0,"8",.0,"8",0,"8",0,"8",0,"8","","",0,"8",0,"8"
"352190360","P£OCK","2006","12","17","14","4","",0,"8",0,"8","","","",7,"",0,"8",0,"8",8,"",210,"",4,"",0,"",3.9,"",.0,"8","U","",6.6,"",82,"",1.1,"",1008.8,"",1022.4,"",7,-.8,"",.0,"8",0,"8","03","2","8","","5","","","/","","","/","","",0,"8",.0,"8",.0,"8","","8",0,"8","","",.0,"8",.0,"8",.0,"8",.0,"8",.0,"8",.0,"8",.0,"8",.0,"8",.0,"8",0,"8",0,"8",0,"8","","",0,"8",0,"8"
"352190360","P£OCK","2006","12","17","15","5","",0,"8",0,"8","","","",7,"",0,"8",0,"8",8,"",200,"",3,"",0,"",4.0,"",.0,"8","U","",6.6,"",81,"",1.0,"",1008.7,"",1022.3,"",7,-.6,"",.0,"8",0,"8","02","2","8","","5","","","/","","","/","","",0,"8",.0,"8",.0,"8","","8",0,"8","","",.0,"8",.0,"8",.0,"8",.0,"8",.0,"8",.0,"8",.0,"8",.0,"8",.0,"8",0,"8",0,"8",0,"8","","",0,"8",0,"8"
"352190360","P£OCK","2006","12","17","16","5","",0,"8",0,"8","","","",7,"",0,"8",0,"8",8,"",210,"",3,"",0,"",3.9,"",.0,"8","U","",6.5,"",80,"",.8,"",1008.8,"",1022.4,"",5,-.3,"",.0,"8",0,"8","02","2","8","","5","","","/","","","/","","",0,"8",.0,"8",.0,"8","","8",0,"8","","",.0,"8",.0,"8",.0,"8",.0,"8",.0,"8",.0,"8",.0,"8",.0,"8",.0,"8",0,"8",0,"8",0,"8","","",0,"8",0,"8"
"352190360","P£OCK","2006","12","17","17","6","",0,"8",0,"8","","","",7,"",0,"8",0,"8",8,"",220,"",4,"",0,"",3.9,"",.0,"8","U","",6.7,"",83,"",1.3,"",1008.7,"",1022.3,"",7,-.1,"",.0,"8",0,"8","02","2","8","","5","","","/","","","/","","",0,"8",.0,"8",.0,"8","","8",0,"8","","",.0,"8",.0,"8",.0,"8",.0,"8",.0,"8",.0,"8",.0,"8",.0,"8",.0,"8",0,"8",0,"8",0,"8","","",0,"8",0,"8"
"352190360","P£OCK","2006","12","17","18","6","",0,"8",0,"8","","","",7,"",0,"8",0,"8",7,"",200,"",4,"",0,"",3.7,"",.0,"8","U","",6.5,"",82,"",.9,"",1008.4,"",1022.0,"",8,-.3,"",.0,"9",0,"9","01","2","7","","5","","","/","","","/","","",1,"",.0,"8",.0,"8","","8",0,"8","","",.0,"8",.0,"8",.0,"8",.0,"8",.0,"8",.0,"8",.0,"8",.0,"8",.0,"8",0,"8",0,"8",0,"8","","",0,"8",0,"8"
"352190360","P£OCK","2006","12","17","19","5","",0,"8",0,"8","","","",7,"",0,"8",0,"8",7,"",210,"",3,"",0,"",3.4,"",.0,"8","U","",6.6,"",85,"",1.1,"",1008.5,"",1022.1,"",5,-.3,"",.0,"8",0,"8","02","2","7","","5","","","/","","","/","","",0,"8",.0,"8",.0,"8","","8",0,"8","","",.0,"8",.0,"8",.0,"8",.0,"8",.0,"8",.0,"8",.0,"8",.0,"8",.0,"8",0,"8",0,"8",0,"8","","",0,"8",0,"8"
"352190360","P£OCK","2006","12","17","20","7","",0,"8",0,"8","","","",7,"",0,"8",0,"8",7,"",200,"",3,"",0,"",3.0,"",.0,"8","U","",6.4,"",85,"",.7,"",1008.1,"",1021.8,"",7,-.6,"",.0,"8",0,"8","02","2","7","","5","","","/","","","/","","",0,"8",.0,"8",.0,"8","","8",0,"8","","",.0,"8",.0,"8",.0,"8",.0,"8",.0,"8",.0,"8",.0,"8",.0,"8",.0,"8",0,"8",0,"8",0,"8","","",0,"8",0,"8"
"352190360","P£OCK","2006","12","17","21","7","",0,"8",0,"8","","","",6,"",0,"8",0,"8",7,"",200,"",2,"",0,"",2.4,"",.0,"8","U","",6.3,"",87,"",.5,"",1007.9,"",1021.6,"",8,-.5,"",.0,"8",0,"8","10","2","7","","5","","","/","","","/","","",0,"8",.0,"8",.0,"8","","8",0,"8","","",.0,"8",.0,"8",.0,"8",.0,"8",.0,"8",.0,"8",.0,"8",.0,"8",.0,"8",0,"8",0,"8",0,"8","","",0,"8",0,"8"
"352190360","P£OCK","2006","12","17","22","7","",0,"8",0,"8","","","",6,"",0,"8",0,"8",8,"",210,"",4,"",0,"",2.6,"",.0,"8","U","",6.4,"",87,"",.7,"",1007.5,"",1021.2,"",7,-1.0,"",.0,"8",0,"8","10","2","8","","5","","","/","","","/","","",0,"8",.0,"8",.0,"8","","8",0,"8","","",.0,"8",.0,"8",.0,"8",.0,"8",.0,"8",.0,"8",.0,"8",.0,"8",.0,"8",0,"8",0,"8",0,"8","","",0,"8",0,"8"
"352190360","P£OCK","2006","12","17","23","7","",0,"8",0,"8","","","",6,"",0,"8",0,"8",8,"",220,"",4,"",0,"",3.0,"",.0,"8","U","",6.4,"",84,"",.6,"",1007.3,"",1020.9,"",7,-.8,"",.0,"8",0,"8","10","2","8","","5","","","/","","","/","","",0,"8",.0,"8",.0,"8","","8",0,"8","","",.0,"8",.0,"8",.0,"8",.0,"8",.0,"8",.0,"8",.0,"8",.0,"8",.0,"8",0,"8",0,"8",0,"8","","",0,"8",0,"8"
"352190360","P£OCK","2006","12","18","00","8","",0,"8",0,"8","","","",7,"",0,"8",0,"8",5,"",220,"",4,"",0,"",2.4,"",.0,"8","U","",6.2,"",85,"",.1,"",1007.0,"",1020.7,"",7,-.9,"",.0,"9",0,"9","01","2","5","","5","","","0","","","0","","",1,"",.0,"8",.0,"8","","8",0,"8","","",.0,"8",.0,"8",.0,"8",.0,"8",.0,"8",.0,"8",.0,"8",.0,"8",.0,"8",0,"8",0,"8",0,"8","","",0,"8",0,"8"
"352190360","P£OCK","2006","12","18","01","8","",0,"8",0,"8","","","",7,"",0,"8",0,"8",3,"",220,"",4,"",0,"",2.0,"",.0,"8","U","",6.0,"",85,"",-.3,"",1006.8,"",1020.5,"",7,-.7,"",.0,"8",0,"8","01","1","1","","5","","","3","","","0","","",0,"8",.0,"8",.0,"8","","8",0,"8","","",.0,"8",.0,"8",.0,"8",.0,"8",.0,"8",.0,"8",.0,"8",.0,"8",.0,"8",0,"8",0,"8",0,"8","","",0,"8",0,"8"
"352190360","P£OCK","2006","12","18","02","5","",0,"8",0,"8","","","",6,"",0,"8",0,"8",8,"",220,"",4,"",0,"",2.1,"",.0,"8","U","",6.0,"",85,"",-.2,"",1006.7,"",1020.4,"",6,-.6,"",.0,"8",0,"8","80","1","8","","9","","","/","","","/","","",0,"8",.0,"8",.0,"8","","8",0,"8","","",.0,"8",.0,"8",.0,"8",.0,"8",.0,"8",.0,"8",.0,"8",.0,"8",.0,"8",0,"8",0,"8",0,"8","","",0,"8",0,"8"
"352190360","P£OCK","2006","12","18","03","4","",0,"8",0,"8","","","",6,"",0,"8",0,"8",8,"",230,"",4,"",0,"",2.2,"",.0,"8","U","",6.0,"",84,"",-.2,"",1006.9,"",1020.6,"",5,-.1,"",.0,"8",0,"8","80","1","8","","9","","","/","","","/","","",0,"8",.0,"8",.0,"8","","8",0,"8","","",.0,"8",.0,"8",.0,"8",.0,"8",.0,"8",.0,"8",.0,"8",.0,"8",.0,"8",0,"8",0,"8",0,"8","","",0,"8",0,"8"
"352190360","P£OCK","2006","12","18","04","3","",0,"8",0,"8","","","",7,"",0,"8",0,"8",8,"",210,"",3,"",0,"",2.1,"",.0,"8","U","",6.0,"",85,"",-.2,"",1007.0,"",1020.7,"",3,.2,"",.0,"8",0,"8","25","2","8","","5","","","/","","","/","","",0,"8",.0,"8",.0,"8","","8",0,"8","","",.0,"8",.0,"8",.0,"8",.0,"8",.0,"8",.0,"8",.0,"8",.0,"8",.0,"8",0,"8",0,"8",0,"8","","",0,"8",0,"8"
"352190360","P£OCK","2006","12","18","05","3","",0,"8",0,"8","","","",6,"",0,"8",0,"8",8,"",230,"",5,"",0,"",2.0,"",.0,"8","U","",6.3,"",89,"",.4,"",1007.2,"",1020.9,"",2,.5,"",.0,"8",0,"8","10","2","8","","5","","","/","","","/","","",0,"8",.0,"8",.0,"8","","8",0,"8","","",.0,"8",.0,"8",.0,"8",.0,"8",.0,"8",.0,"8",.0,"8",.0,"8",.0,"8",0,"8",0,"8",0,"8","","",0,"8",0,"8"
"352190360","P£OCK","2006","12","18","06","3","",0,"8",0,"8","","","",6,"",0,"8",0,"8",8,"",240,"",5,"",0,"",2.2,"",.0,"8","U","",6.4,"",90,"",.7,"",1007.6,"",1021.3,"",3,.7,"",.1,"",6,"","80","1","8","","9","","","/","","","/","","",1,"",.0,"8",.0,"8","","8",0,"8","","",.0,"8",.0,"8",.0,"8",.0,"8",.0,"8",.0,"8",.0,"8",.0,"8",.0,"8",0,"8",0,"8",0,"8","","",0,"8",0,"8"
"352190360","P£OCK","2006","12","18","07","4","",0,"8",0,"8","","","",6,"",0,"8",0,"8",8,"",230,"",4,"",0,"",2.4,"",.0,"8","U","",6.6,"",91,"",1.1,"",1008.1,"",1021.8,"",3,1.1,"",.0,"8",0,"8","25","2","8","","5","","","/","","","/","","",0,"8",.0,"8",.0,"8","","8",0,"8","","",.0,"8",.0,"8",.0,"8",.0,"8",.0,"8",.0,"8",.0,"8",.0,"8",.0,"8",0,"8",0,"8",0,"8","","",0,"8",0,"8"
"352190360","P£OCK","2006","12","18","08","4","",0,"8",0,"8","","","",7,"",0,"8",0,"8",8,"",280,"",6,"",0,"",3.3,"",.0,"8","U","",6.6,"",85,"",1.0,"",1008.5,"",1022.1,"",2,1.3,"",.0,"8",0,"8","02","2","8","","5","","","/","","","/","","",0,"8",.0,"8",.0,"8","","8",0,"8","","",.0,"8",.0,"8",.0,"8",.0,"8",.0,"8",.0,"8",.0,"8",.0,"8",.0,"8",0,"8",0,"8",0,"8","","",0,"8",0,"8"
"352190360","P£OCK","2006","12","18","09","4","",0,"8",0,"8","","","",7,"",0,"8",0,"8",8,"",270,"",6,"",0,"",3.7,"",.0,"8","U","",6.7,"",84,"",1.2,"",1009.0,"",1022.6,"",2,1.4,"",.0,"8",0,"8","02","8","8","","5","","","/","","","/","","",0,"8",.0,"8",.0,"8","","8",0,"8","","",.0,"8",.0,"8",.0,"8",.0,"8",.0,"8",.0,"8",.0,"8",.0,"8",.0,"8",0,"8",0,"8",0,"8","","",0,"8",0,"8"
"352190360","P£OCK","2006","12","18","10","4","",0,"8",0,"8","","","",7,"",0,"8",0,"8",8,"",280,"",5,"",0,"",3.6,"",.0,"8","U","",6.7,"",85,"",1.3,"",1009.4,"",1023.0,"",2,1.3,"",.0,"8",0,"8","25","2","8","","9","","","/","","","/","","",0,"8",.0,"8",.0,"8","","8",0,"8","","",.0,"8",.0,"8",.0,"8",.0,"8",.0,"8",.0,"8",.0,"8",.0,"8",.0,"8",0,"8",0,"8",0,"8","","",0,"8",0,"8"
"352190360","P£OCK","2006","12","18","11","4","",0,"8",0,"8","","","",6,"",0,"8",0,"8",8,"",270,"",5,"",0,"",3.8,"",.0,"8","U","",6.9,"",86,"",1.7,"",1009.4,"",1023.0,"",1,.9,"",.0,"8",0,"8","80","8","8","","9","","","/","","","/","","",0,"8",.0,"8",.0,"8","","8",0,"8","","",.0,"8",.0,"8",.0,"8",.0,"8",.0,"8",.0,"8",.0,"8",.0,"8",.0,"8",0,"8",0,"8",0,"8","","",0,"8",0,"8"
"352190360","P£OCK","2006","12","18","12","3","",0,"8",0,"8","","","",7,"",0,"8",0,"8",7,"",280,"",5,"",0,"",4.2,"",.0,"8","U","",7.0,"",85,"",1.9,"",1009.6,"",1023.2,"",2,.6,"",.1,"",6,"","25","2","7","","9","","","/","","","/","","",1,"",.0,"8",.0,"8","","8",0,"8","","",.0,"8",.0,"8",.0,"8",.0,"8",.0,"8",.0,"8",.0,"8",.0,"8",.0,"8",0,"8",0,"8",0,"8","","",0,"8",0,"8"
"352190360","P£OCK","2006","12","18","13","4","",0,"8",0,"8","","","",7,"",0,"8",0,"8",7,"",270,"",5,"",0,"",4.3,"",.0,"8","U","",7.0,"",84,"",1.8,"",1009.8,"",1023.4,"",3,.4,"",.0,"8",0,"8","02","2","7","","9","","","/","","","/","","",0,"8",.0,"8",.0,"8","","8",0,"8","","",.0,"8",.0,"8",.0,"8",.0,"8",.0,"8",.0,"8",.0,"8",.0,"8",.0,"8",0,"8",0,"8",0,"8","","",0,"8",0,"8"
"352190360","P£OCK","2006","12","18","14","4","",0,"8",0,"8","","","",7,"",0,"8",0,"8",8,"",290,"",4,"",0,"",4.2,"",.0,"8","U","",7.0,"",85,"",1.9,"",1010.3,"",1023.9,"",3,.9,"",.0,"8",0,"8","03","2","8","","9","","","/","","","/","","",0,"8",.0,"8",.0,"8","","8",0,"8","","",.0,"8",.0,"8",.0,"8",.0,"8",.0,"8",.0,"8",.0,"8",.0,"8",.0,"8",0,"8",0,"8",0,"8","","",0,"8",0,"8"
"352190360","P£OCK","2006","12","18","15","3","",0,"8",0,"8","","","",7,"",0,"8",0,"8",8,"",280,"",4,"",0,"",4.1,"",.0,"8","U","",7.2,"",88,"",2.3,"",1011.0,"",1024.6,"",3,1.4,"",.0,"8",0,"8","02","2","8","","9","","","/","","","/","","",0,"8",.0,"8",.0,"8","","8",0,"8","","",.0,"8",.0,"8",.0,"8",.0,"8",.0,"8",.0,"8",.0,"8",.0,"8",.0,"8",0,"8",0,"8",0,"8","","",0,"8",0,"8"
"352190360","P£OCK","2006","12","18","16","4","",0,"8",0,"8","","","",7,"",0,"8",0,"8",8,"",280,"",3,"",0,"",4.1,"",.0,"8","U","",7.1,"",87,"",2.1,"",1011.6,"",1025.2,"",2,1.8,"",.0,"8",0,"8","02","2","8","","9","","","/","","","/","","",0,"8",.0,"8",.0,"8","","8",0,"8","","",.0,"8",.0,"8",.0,"8",.0,"8",.0,"8",.0,"8",.0,"8",.0,"8",.0,"8",0,"8",0,"8",0,"8","","",0,"8",0,"8"
"352190360","P£OCK","2006","12","18","17","4","",0,"8",0,"8","","","",7,"",0,"8",0,"8",8,"",280,"",3,"",0,"",4.0,"",.0,"8","U","",7.0,"",86,"",1.9,"",1012.2,"",1025.9,"",2,1.9,"",.0,"8",0,"8","01","2","7","","5","","","/","","","/","","",0,"8",.0,"8",.0,"8","","8",0,"8","","",.0,"8",.0,"8",.0,"8",.0,"8",.0,"8",.0,"8",.0,"8",.0,"8",.0,"8",0,"8",0,"8",0,"8","","",0,"8",0,"8"
"352190360","P£OCK","2006","12","18","18","5","",0,"8",0,"8","","","",6,"",0,"8",0,"8",7,"",280,"",4,"",0,"",3.7,"",.0,"8","U","",7.1,"",89,"",2.1,"",1012.6,"",1026.3,"",1,1.6,"",.0,"",6,"","80","2","7","","9","","","/","","","/","","",1,"",.0,"8",.0,"8","","8",0,"8","","",.0,"8",.0,"8",.0,"8",.0,"8",.0,"8",.0,"8",.0,"8",.0,"8",.0,"8",0,"8",0,"8",0,"8","","",0,"8",0,"8"
"352190360","P£OCK","2006","12","18","19","6","",0,"8",0,"8","","","",7,"",0,"8",0,"8",7,"",300,"",3,"",0,"",3.5,"",.0,"8","U","",7.0,"",89,"",1.9,"",1012.9,"",1026.6,"",1,1.3,"",.0,"8",0,"8","25","2","7","","5","","","/","","","/","","",0,"8",.0,"8",.0,"8","","8",0,"8","","",.0,"8",.0,"8",.0,"8",.0,"8",.0,"8",.0,"8",.0,"8",.0,"8",.0,"8",0,"8",0,"8",0,"8","","",0,"8",0,"8"
"352190360","P£OCK","2006","12","18","20","6","",0,"8",0,"8","","","",7,"",0,"8",0,"8",7,"",300,"",3,"",0,"",3.4,"",.0,"8","U","",6.9,"",89,"",1.8,"",1013.4,"",1027.1,"",2,1.2,"",.0,"8",0,"8","02","2","7","","5","","","/","","","/","","",0,"8",.0,"8",.0,"8","","8",0,"8","","",.0,"8",.0,"8",.0,"8",.0,"8",.0,"8",.0,"8",.0,"8",.0,"8",.0,"8",0,"8",0,"8",0,"8","","",0,"8",0,"8"
"352190360","P£OCK","2006","12","18","21","6","",0,"8",0,"8","","","",7,"",0,"8",0,"8",7,"",300,"",3,"",0,"",3.3,"",.0,"8","U","",6.6,"",85,"",1.0,"",1013.6,"",1027.3,"",2,1.0,"",.0,"8",0,"8","02","8","7","","5","","","/","","","/","","",0,"8",.0,"8",.0,"8","","8",0,"8","","",.0,"8",.0,"8",.0,"8",.0,"8",.0,"8",.0,"8",.0,"8",.0,"8",.0,"8",0,"8",0,"8",0,"8","","",0,"8",0,"8"
"352190360","P£OCK","2006","12","18","22","6","",0,"8",0,"8","","","",7,"",0,"8",0,"8",8,"",290,"",3,"",0,"",3.2,"",.0,"8","U","",6.5,"",85,"",.9,"",1013.9,"",1027.6,"",2,1.0,"",.0,"8",0,"8","03","2","8","","5","","","/","","","/","","",0,"8",.0,"8",.0,"8","","8",0,"8","","",.0,"8",.0,"8",.0,"8",.0,"8",.0,"8",.0,"8",.0,"8",.0,"8",.0,"8",0,"8",0,"8",0,"8","","",0,"8",0,"8"
"352190360","P£OCK","2006","12","18","23","6","",0,"8",0,"8","","","",7,"",0,"8",0,"8",8,"",290,"",3,"",0,"",3.2,"",.0,"8","U","",6.5,"",85,"",.9,"",1014.3,"",1028.0,"",3,.9,"",.0,"8",0,"8","02","2","8","","5","","","/","","","/","","",0,"8",.0,"8",.0,"8","","8",0,"8","","",.0,"8",.0,"8",.0,"8",.0,"8",.0,"8",.0,"8",.0,"8",.0,"8",.0,"8",0,"8",0,"8",0,"8","","",0,"8",0,"8"
"352190360","P£OCK","2006","12","19","00","6","",0,"8",0,"8","","","",7,"",0,"8",0,"8",7,"",290,"",3,"",0,"",2.4,"",.0,"8","U","",6.3,"",87,"",.5,"",1014.3,"",1028.1,"",1,.7,"",.0,"",6,"","01","8","7","","5","","","/","","","/","","",1,"",.0,"8",.0,"8","","8",0,"8","","",.0,"8",.0,"8",.0,"8",.0,"8",.0,"8",.0,"8",.0,"8",.0,"8",.0,"8",0,"8",0,"8",0,"8","","",0,"8",0,"8"
"352190360","P£OCK","2006","12","19","01","5","",0,"8",0,"8","","","",6,"",0,"8",0,"8",7,"",300,"",4,"",0,"",1.7,"",.0,"8","U","",6.4,"",92,"",.5,"",1014.3,"",1028.1,"",1,.4,"",.0,"8",0,"8","10","2","7","","5","","","/","","","/","","",0,"8",.0,"8",.0,"8","","8",0,"8","","",.0,"8",.0,"8",.0,"8",.0,"8",.0,"8",.0,"8",.0,"8",.0,"8",.0,"8",0,"8",0,"8",0,"8","","",0,"8",0,"8"
"352190360","P£OCK","2006","12","19","02","4","",0,"8",0,"8","","","",6,"",0,"8",0,"8",8,"",300,"",3,"",0,"",1.2,"",.0,"8","U","",6.2,"",93,"",.2,"",1014.3,"",1028.1,"",4,.0,"",.0,"8",0,"8","10","2","8","","5","","","/","","","/","","",0,"8",.0,"8",.0,"8","","8",0,"8","","",.0,"8",.0,"8",.0,"8",.0,"8",.0,"8",.0,"8",.0,"8",.0,"8",.0,"8",0,"8",0,"8",0,"8","","",0,"8",0,"8"
"352190360","P£OCK","2006","12","19","03","2","",0,"8",0,"8","","","",3,"",0,"8",0,"8",8,"",280,"",3,"",0,"",1.0,"",.0,"8","U","",6.2,"",95,"",.3,"",1014.4,"",1028.2,"",3,.1,"",.0,"8",0,"8","46","2","8","","6","","","/","","","/","","",0,"8",.0,"8",.0,"8","","8",0,"8","","",.0,"8",.0,"8",.0,"8",.0,"8",.0,"8",.0,"8",.0,"8",.0,"8",.0,"8",0,"8",0,"8",0,"8","","",0,"8",0,"8"
"352190360","P£OCK","2006","12","19","04","2","",0,"8",0,"8","","","",4,"",0,"8",0,"8",8,"",220,"",2,"",0,"",1.2,"",.0,"8","U","",6.3,"",95,"",.5,"",1014.3,"",1028.1,"",0,.0,"",.0,"8",0,"8","28","4","8","","6","","","/","","","/","","",0,"8",.0,"8",.0,"8","","8",0,"8","","",.0,"8",.0,"8",.0,"8",.0,"8",.0,"8",.0,"8",.0,"8",.0,"8",.0,"8",0,"8",0,"8",0,"8","","",0,"8",0,"8"
"352190360","P£OCK","2006","12","19","05","2","",0,"8",0,"8","","","",5,"",0,"8",0,"8",8,"",260,"",3,"",0,"",1.9,"",.0,"8","U","",6.7,"",95,"",1.2,"",1014.5,"",1028.3,"",2,.2,"",.0,"8",0,"8","10","2","8","","5","","","/","","","/","","",0,"8",.0,"8",.0,"8","","8",0,"8","","",.0,"8",.0,"8",.0,"8",.0,"8",.0,"8",.0,"8",.0,"8",.0,"8",.0,"8",0,"8",0,"8",0,"8","","",0,"8",0,"8"
"352190360","P£OCK","2006","12","19","06","6","",0,"8",0,"8","","","",6,"",0,"8",0,"8",7,"",240,"",1,"",0,"",1.7,"",.0,"8","U","",6.4,"",93,"",.7,"",1014.6,"",1028.4,"",3,.2,"",.0,"9",0,"9","10","4","7","","5","","","/","","","/","","",1,"",.0,"8",.0,"8","","8",0,"8","","",.0,"8",.0,"8",.0,"8",.0,"8",.0,"8",.0,"8",.0,"8",.0,"8",.0,"8",0,"8",0,"8",0,"8","","",0,"8",0,"8"
"352190360","P£OCK","2006","12","19","07","6","",0,"8",0,"8","","","",6,"",0,"8",0,"8",8,"",240,"",2,"",0,"",1.8,"",.0,"8","U","",6.2,"",89,"",.2,"",1014.8,"",1028.6,"",2,.5,"",.0,"8",0,"8","10","2","8","","5","","","/","","","/","","",0,"8",.0,"8",.0,"8","","8",0,"8","","",.0,"8",.0,"8",.0,"8",.0,"8",.0,"8",.0,"8",.0,"8",.0,"8",.0,"8",0,"8",0,"8",0,"8","","",0,"8",0,"8"
"352190360","P£OCK","2006","12","19","08","6","",0,"8",0,"8","","","",6,"",0,"8",0,"8",7,"",270,"",4,"",0,"",2.0,"",.0,"8","U","",6.1,"",86,"",-.1,"",1015.2,"",1029.0,"",3,.7,"",.0,"8",0,"8","10","2","7","","5","","","/","","","/","","",0,"8",.0,"8",.0,"8","","8",0,"8","","",.0,"8",.0,"8",.0,"8",.0,"8",.0,"8",.0,"8",.0,"8",.0,"8",.0,"8",0,"8",0,"8",0,"8","","",0,"8",0,"8"
"352190360","P£OCK","2006","12","19","09","6","",0,"8",0,"8","","","",6,"",0,"8",0,"8",8,"",280,"",4,"",0,"",2.1,"",.0,"8","U","",6.2,"",87,"",.2,"",1015.8,"",1029.6,"",3,1.2,"",.0,"8",0,"8","10","2","8","","5","","","/","","","/","","",0,"8",.0,"8",.0,"8","","8",0,"8","","",.0,"8",.0,"8",.0,"8",.0,"8",.0,"8",.0,"8",.0,"8",.0,"8",.0,"8",0,"8",0,"8",0,"8","","",0,"8",0,"8"
"352190360","P£OCK","2006","12","19","10","6","",0,"8",0,"8","","","",6,"",0,"8",0,"8",8,"",280,"",3,"",0,"",2.3,"",.0,"8","U","",6.2,"",86,"",.2,"",1015.6,"",1029.4,"",0,.8,"",.0,"8",0,"8","10","2","8","","5","","","/","","","/","","",0,"8",.0,"8",.0,"8","","8",0,"8","","",.0,"8",.0,"8",.0,"8",.0,"8",.0,"8",.0,"8",.0,"8",.0,"8",.0,"8",0,"8",0,"8",0,"8","","",0,"8",0,"8"
"352190360","P£OCK","2006","12","19","11","6","",0,"8",0,"8","","","",6,"",0,"8",0,"8",2,"",290,"",3,"",0,"",2.7,"",.0,"8","U","",6.3,"",85,"",.4,"",1015.5,"",1029.3,"",0,.3,"",.0,"8",0,"8","10","1","1","","5","","","3","","","0","","",0,"8",.0,"8",.0,"8","","8",0,"8","","",.0,"8",.0,"8",.0,"8",.0,"8",.0,"8",.0,"8",.0,"8",.0,"8",.0,"8",0,"8",0,"8",0,"8","","",0,"8",0,"8"
"352190360","P£OCK","2006","12","19","12","6","",0,"8",0,"8","","","",6,"",0,"8",0,"8",1,"",300,"",4,"",0,"",2.3,"",.0,"8","U","",6.0,"",83,"",-.3,"",1015.3,"",1029.1,"",7,-.5,"",.0,"9",0,"9","10","1","1","","5","","","0","","","0","","",1,"",.0,"8",.0,"8","","8",0,"8","","",.0,"8",.0,"8",.0,"8",.0,"8",.0,"8",.0,"8",.0,"8",.0,"8",.0,"8",0,"8",0,"8",0,"8","","",0,"8",0,"8"
"352190360","P£OCK","2006","12","19","13","9","",0,"8",0,"8","","","",6,"",0,"8",0,"8",1,"",280,"",3,"",0,"",2.3,"",.0,"8","U","",6.0,"",83,"",-.3,"",1015.5,"",1029.3,"",5,-.1,"",.0,"8",0,"8","10","0","0","","0","","","0","","","1","","",0,"8",.0,"8",.0,"8","","8",0,"8","","",.0,"8",.0,"8",.0,"8",.0,"8",.0,"8",.0,"8",.0,"8",.0,"8",.0,"8",0,"8",0,"8",0,"8","","",0,"8",0,"8"
"352190360","P£OCK","2006","12","19","14","6","",0,"8",0,"8","","","",6,"",0,"8",0,"8",4,"",300,"",4,"",0,"",1.8,"",.0,"8","U","",5.9,"",85,"",-.5,"",1016.1,"",1029.9,"",3,.6,"",.0,"8",0,"8","10","0","3","","5","","","0","","","1","","",0,"8",.0,"8",.0,"8","","8",0,"8","","",.0,"8",.0,"8",.0,"8",.0,"8",.0,"8",.0,"8",.0,"8",.0,"8",.0,"8",0,"8",0,"8",0,"8","","",0,"8",0,"8"
"352190360","P£OCK","2006","12","19","15","6","",0,"8",0,"8","","","",6,"",0,"8",0,"8",6,"",290,"",3,"",0,"",1.4,"",.0,"8","U","",5.9,"",88,"",-.4,"",1016.2,"",1030.0,"",2,.9,"",.0,"8",0,"8","10","1","1","","5","","","0","","","6","","",0,"8",.0,"8",.0,"8","","8",0,"8","","",.0,"8",.0,"8",.0,"8",.0,"8",.0,"8",.0,"8",.0,"8",.0,"8",.0,"8",0,"8",0,"8",0,"8","","",0,"8",0,"8"
"352190360","P£OCK","2006","12","19","16","9","",0,"8",0,"8","","","",6,"",0,"8",0,"8",6,"",230,"",2,"",0,"",1.1,"",.0,"8","U","",5.7,"",86,"",-1.0,"",1016.2,"",1030.1,"",1,.7,"",.0,"8",0,"8","10","2","0","","0","","","0","","","8","","",0,"8",.0,"8",.0,"8","","8",0,"8","","",.0,"8",.0,"8",.0,"8",.0,"8",.0,"8",.0,"8",.0,"8",.0,"8",.0,"8",0,"8",0,"8",0,"8","","",0,"8",0,"8"
"352190360","P£OCK","2006","12","19","17","9","",0,"8",0,"8","","","",6,"",0,"8",0,"8",5,"",230,"",3,"",0,"",1.0,"",.0,"8","U","",6.0,"",91,"",-.3,"",1016.3,"",1030.2,"",2,.2,"",.0,"8",0,"8","10","2","0","","0","","","0","","","8","","",0,"8",.0,"8",.0,"8","","8",0,"8","","",.0,"8",.0,"8",.0,"8",.0,"8",.0,"8",.0,"8",.0,"8",.0,"8",.0,"8",0,"8",0,"8",0,"8","","",0,"8",0,"8"
"352190360","P£OCK","2006","12","19","18","2","",0,"8",0,"8","","","",3,"",0,"8",0,"8",7,"",280,"",3,"",0,"",.2,"",.0,"8","U","",5.7,"",92,"",-.9,"",1016.5,"",1030.4,"",3,.3,"",.0,"9",0,"9","46","1","7","","6","","","/","","","/","","",4,"",.0,"8",.0,"8","","8",0,"8","","",.0,"8",.0,"8",.0,"8",.0,"8",.0,"8",.0,"8",.0,"8",.0,"8",.0,"8",0,"8",0,"8",0,"8","","",0,"8",0,"8"
"352190360","P£OCK","2006","12","19","19","1","",0,"8",0,"8","","","",3,"",0,"8",0,"8",7,"",290,"",2,"",0,"",-.2,"",.0,"8","U","",5.7,"",94,"",-1.0,"",1016.5,"",1030.4,"",1,.3,"",.0,"8",0,"8","44","4","7","","6","","","/","","","/","","",0,"8",.0,"8",.0,"8","","8",0,"8","","",.0,"8",.0,"8",.0,"8",.0,"8",.0,"8",.0,"8",.0,"8",.0,"8",.0,"8",0,"8",0,"8",0,"8","","",0,"8",0,"8"
"352190360","P£OCK","2006","12","19","20","1","",0,"8",0,"8","","","",2,"",0,"8",0,"8",8,"",290,"",2,"",0,"",.1,"",.0,"8","U","",5.8,"",95,"",-.6,"",1016.5,"",1030.4,"",1,.2,"",.0,"8",0,"8","46","4","8","","6","","","/","","","/","","",0,"8",.0,"8",.0,"8","","8",0,"8","","",.0,"8",.0,"8",.0,"8",.0,"8",.0,"8",.0,"8",.0,"8",.0,"8",.0,"8",0,"8",0,"8",0,"8","","",0,"8",0,"8"
"352190360","P£OCK","2006","12","19","21","1","",0,"8",0,"8","","","",2,"",0,"8",0,"8",8,"",240,"",1,"",0,"",.3,"",.0,"8","U","",6.0,"",96,"",-.3,"",1016.5,"",1030.4,"",4,.0,"",.0,"8",0,"8","44","4","8","","6","","","/","","","/","","",0,"8",.0,"8",.0,"8","","8",0,"8","","",.0,"8",.0,"8",.0,"8",.0,"8",.0,"8",.0,"8",.0,"8",.0,"8",.0,"8",0,"8",0,"8",0,"8","","",0,"8",0,"8"
"352190360","P£OCK","2006","12","19","22","2","",0,"8",0,"8","","","",4,"",0,"8",0,"8",8,"",220,"",1,"",0,"",.4,"",.0,"8","U","",6.0,"",96,"",-.2,"",1015.9,"",1029.8,"",8,-.6,"",.0,"8",0,"8","28","4","8","","6","","","/","","","/","","",0,"8",.0,"8",.0,"8","","8",0,"8","","",.0,"8",.0,"8",.0,"8",.0,"8",.0,"8",.0,"8",.0,"8",.0,"8",.0,"8",0,"8",0,"8",0,"8","","",0,"8",0,"8"
"352190360","P£OCK","2006","12","19","23","2","",0,"8",0,"8","","","",4,"",0,"8",0,"8",8,"",200,"",3,"",0,"",.6,"",.0,"8","U","",6.1,"",96,"",.0,"",1015.4,"",1029.3,"",8,-1.1,"",.0,"8",0,"8","10","2","8","","6","","","/","","","/","","",0,"8",.0,"8",.0,"8","","8",0,"8","","",.0,"8",.0,"8",.0,"8",.0,"8",.0,"8",.0,"8",.0,"8",.0,"8",.0,"8",0,"8",0,"8",0,"8","","",0,"8",0,"8"
"352190360","P£OCK","2006","12","20","00","2","",0,"8",0,"8","","","",4,"",0,"8",0,"8",8,"",240,"",3,"",0,"",1.3,"",.0,"8","U","",6.4,"",96,"",.7,"",1014.9,"",1028.7,"",7,-1.6,"",.0,"9",0,"9","10","4","8","","6","","","/","","","/","","",1,"",.0,"8",.0,"8","","8",0,"8","","",.0,"8",.0,"8",.0,"8",.0,"8",.0,"8",.0,"8",.0,"8",.0,"8",.0,"8",0,"8",0,"8",0,"8","","",0,"8",0,"8"
"352190360","P£OCK","2006","12","20","01","2","",0,"8",0,"8","","","",4,"",0,"8",0,"8",8,"",240,"",4,"",0,"",1.8,"",.0,"8","U","",6.6,"",95,"",1.1,"",1014.5,"",1028.3,"",7,-1.4,"",.0,"8",0,"8","10","2","8","","6","","","/","","","/","","",0,"8",.0,"8",.0,"8","","8",0,"8","","",.0,"8",.0,"8",.0,"8",.0,"8",.0,"8",.0,"8",.0,"8",.0,"8",.0,"8",0,"8",0,"8",0,"8","","",0,"8",0,"8"
"352190360","P£OCK","2006","12","20","02","2","",0,"8",0,"8","","","",5,"",0,"8",0,"8",8,"",250,"",5,"",0,"",2.7,"",.0,"8","U","",7.0,"",94,"",1.8,"",1014.0,"",1027.8,"",7,-1.4,"",.0,"8",0,"8","10","2","8","","6","","","/","","","/","","",0,"8",.0,"8",.0,"8","","8",0,"8","","",.0,"8",.0,"8",.0,"8",.0,"8",.0,"8",.0,"8",.0,"8",.0,"8",.0,"8",0,"8",0,"8",0,"8","","",0,"8",0,"8"
"352190360","P£OCK","2006","12","20","03","4","",0,"8",0,"8","","","",6,"",0,"8",0,"8",8,"",270,"",6,"",0,"",3.1,"",.0,"8","U","",6.8,"",89,"",1.5,"",1013.5,"",1027.2,"",7,-1.4,"",.0,"8",0,"8","10","2","5","","5","","","3","","","/","","",0,"8",.0,"8",.0,"8","","8",0,"8","","",.0,"8",.0,"8",.0,"8",.0,"8",.0,"8",.0,"8",.0,"8",.0,"8",.0,"8",0,"8",0,"8",0,"8","","",0,"8",0,"8"
"352190360","P£OCK","2006","12","20","04","4","",0,"8",0,"8","","","",6,"",0,"8",0,"8",8,"",240,"",5,"",0,"",3.0,"",.0,"8","U","",6.7,"",89,"",1.4,"",1013.0,"",1026.7,"",7,-1.5,"",.0,"8",0,"8","80","2","8","","9","","","/","","","/","","",0,"8",.0,"8",.0,"8","","8",0,"8","","",.0,"8",.0,"8",.0,"8",.0,"8",.0,"8",.0,"8",.0,"8",.0,"8",.0,"8",0,"8",0,"8",0,"8","","",0,"8",0,"8"
"352190360","P£OCK","2006","12","20","05","4","",0,"8",0,"8","","","",6,"",0,"8",0,"8",8,"",240,"",5,"",0,"",2.9,"",.0,"8","U","",6.8,"",91,"",1.6,"",1012.3,"",1026.0,"",8,-1.7,"",.0,"8",0,"8","80","8","8","","9","","","/","","","/","","",0,"8",.0,"8",.0,"8","","8",0,"8","","",.0,"8",.0,"8",.0,"8",.0,"8",.0,"8",.0,"8",.0,"8",.0,"8",.0,"8",0,"8",0,"8",0,"8","","",0,"8",0,"8"
"352190360","P£OCK","2006","12","20","06","3","",0,"8",0,"8","","","",6,"",0,"8",0,"8",8,"",230,"",5,"",0,"",3.0,"",.0,"8","U","",7.0,"",93,"",2.0,"",1012.0,"",1025.7,"",7,-1.5,"",.1,"",6,"","80","2","8","","9","","","/","","","/","","",1,"",.0,"8",.0,"8","","8",0,"8","","",.0,"8",.0,"8",.0,"8",.0,"8",.0,"8",.0,"8",.0,"8",.0,"8",.0,"8",0,"8",0,"8",0,"8","","",0,"8",0,"8"
"352190360","P£OCK","2006","12","20","07","3","",0,"8",0,"8","","","",6,"",0,"8",0,"8",8,"",250,"",5,"",10,"",3.5,"",.0,"8","U","",7.2,"",92,"",2.3,"",1011.7,"",1025.4,"",6,-1.3,"",.0,"8",0,"8","25","2","8","","9","","","/","","","/","","",0,"8",.0,"8",.0,"8","","8",0,"8","","",.0,"8",.0,"8",.0,"8",.0,"8",.0,"8",.0,"8",.0,"8",.0,"8",.0,"8",0,"8",0,"8",0,"8","","",0,"8",0,"8"
"352190360","P£OCK","2006","12","20","08","3","",0,"8",0,"8","","","",5,"",0,"8",0,"8",8,"",250,"",7,"",12,"",3.9,"",.0,"8","U","",7.2,"",89,"",2.3,"",1011.4,"",1025.1,"",7,-.9,"",.0,"8",0,"8","80","8","8","","9","","","/","","","/","","",0,"8",.0,"8",.0,"8","","8",0,"8","","",.0,"8",.0,"8",.0,"8",.0,"8",.0,"8",.0,"8",.0,"8",.0,"8",.0,"8",0,"8",0,"8",0,"8","","",0,"8",0,"8"
"352190360","P£OCK","2006","12","20","09","3","",0,"8",0,"8","","","",5,"",0,"8",0,"8",8,"",250,"",7,"",0,"",4.2,"",.0,"8","U","",7.3,"",89,"",2.5,"",1010.9,"",1024.5,"",8,-1.1,"",.0,"8",0,"8","80","8","8","","9","","","/","","","/","","",0,"8",.0,"8",.0,"8","","8",0,"8","","",.0,"8",.0,"8",.0,"8",.0,"8",.0,"8",.0,"8",.0,"8",.0,"8",.0,"8",0,"8",0,"8",0,"8","","",0,"8",0,"8"
"352190360","P£OCK","2006","12","20","10","3","",0,"8",0,"8","","","",6,"",0,"8",0,"8",8,"",270,"",7,"",0,"",4.2,"",.0,"8","U","",7.3,"",89,"",2.5,"",1010.5,"",1024.1,"",7,-1.2,"",.0,"8",0,"8","25","2","8","","5","","","/","","","/","","",0,"8",.0,"8",.0,"8","","8",0,"8","","",.0,"8",.0,"8",.0,"8",.0,"8",.0,"8",.0,"8",.0,"8",.0,"8",.0,"8",0,"8",0,"8",0,"8","","",0,"8",0,"8"
"352190360","P£OCK","2006","12","20","11","3","",0,"8",0,"8","","","",6,"",0,"8",0,"8",8,"",270,"",8,"",0,"",4.5,"",.0,"8","U","",7.4,"",88,"",2.7,"",1009.8,"",1023.4,"",7,-1.6,"",.0,"8",0,"8","10","2","8","","6","","","/","","","/","","",0,"8",.0,"8",.0,"8","","8",0,"8","","",.0,"8",.0,"8",.0,"8",.0,"8",.0,"8",.0,"8",.0,"8",.0,"8",.0,"8",0,"8",0,"8",0,"8","","",0,"8",0,"8"
"352190360","P£OCK","2006","12","20","12","3","",0,"8",0,"8","","","",6,"",0,"8",0,"8",8,"",280,"",6,"",0,"",4.8,"",.0,"8","U","",7.7,"",89,"",3.1,"",1009.9,"",1023.5,"",5,-1.0,"",.6,"",6,"","25","2","8","","9","","","/","","","/","","",1,"",.0,"8",.0,"8","","8",0,"8","","",.0,"8",.0,"8",.0,"8",.0,"8",.0,"8",.0,"8",.0,"8",.0,"8",.0,"8",0,"8",0,"8",0,"8","","",0,"8",0,"8"
"352190360","P£OCK","2006","12","20","13","3","",0,"8",0,"8","","","",6,"",0,"8",0,"8",8,"",280,"",5,"",0,"",5.1,"",.0,"8","U","",7.8,"",89,"",3.4,"",1010.2,"",1023.8,"",5,-.3,"",.0,"8",0,"8","10","2","8","","6","","","/","","","/","","",0,"8",.0,"8",.0,"8","","8",0,"8","","",.0,"8",.0,"8",.0,"8",.0,"8",.0,"8",.0,"8",.0,"8",.0,"8",.0,"8",0,"8",0,"8",0,"8","","",0,"8",0,"8"
"352190360","P£OCK","2006","12","20","14","3","",0,"8",0,"8","","","",6,"",0,"8",0,"8",8,"",300,"",5,"",0,"",5.4,"",.0,"8","U","",8.1,"",90,"",3.9,"",1011.0,"",1024.6,"",3,1.2,"",.0,"8",0,"8","80","2","8","","9","","","/","","","/","","",0,"8",.0,"8",.0,"8","","8",0,"8","","",.0,"8",.0,"8",.0,"8",.0,"8",.0,"8",.0,"8",.0,"8",.0,"8",.0,"8",0,"8",0,"8",0,"8","","",0,"8",0,"8"
"352190360","P£OCK","2006","12","20","15","4","",0,"8",0,"8","","","",7,"",0,"8",0,"8",8,"",300,"",4,"",0,"",5.8,"",.0,"8","U","",8.2,"",89,"",4.1,"",1012.0,"",1025.6,"",3,2.1,"",.0,"8",0,"8","25","2","7","","5","","","/","","","/","","",0,"8",.0,"8",.0,"8","","8",0,"8","","",.0,"8",.0,"8",.0,"8",.0,"8",.0,"8",.0,"8",.0,"8",.0,"8",.0,"8",0,"8",0,"8",0,"8","","",0,"8",0,"8"
"352190360","P£OCK","2006","12","20","16","4","",0,"8",0,"8","","","",7,"",0,"8",0,"8",7,"",310,"",3,"",0,"",5.6,"",.0,"8","U","",8.0,"",88,"",3.8,"",1012.7,"",1026.3,"",2,2.5,"",.0,"8",0,"8","01","2","7","","5","","","/","","","/","","",0,"8",.0,"8",.0,"8","","8",0,"8","","",.0,"8",.0,"8",.0,"8",.0,"8",.0,"8",.0,"8",.0,"8",.0,"8",.0,"8",0,"8",0,"8",0,"8","","",0,"8",0,"8"
"352190360","P£OCK","2006","12","20","17","6","",0,"8",0,"8","","","",7,"",0,"8",0,"8",8,"",320,"",3,"",0,"",5.7,"",.0,"8","U","",7.9,"",86,"",3.5,"",1013.7,"",1027.3,"",2,2.7,"",.0,"8",0,"8","03","2","8","","5","","","/","","","/","","",0,"8",.0,"8",.0,"8","","8",0,"8","","",.0,"8",.0,"8",.0,"8",.0,"8",.0,"8",.0,"8",.0,"8",.0,"8",.0,"8",0,"8",0,"8",0,"8","","",0,"8",0,"8"
"352190360","P£OCK","2006","12","20","18","5","",0,"8",0,"8","","","",7,"",0,"8",0,"8",8,"",320,"",3,"",0,"",5.5,"",.0,"8","U","",7.7,"",85,"",3.2,"",1014.4,"",1028.0,"",2,2.4,"",.0,"",6,"","02","8","8","","5","","","/","","","/","","",1,"",.0,"8",.0,"8","","8",0,"8","","",.0,"8",.0,"8",.0,"8",.0,"8",.0,"8",.0,"8",.0,"8",.0,"8",.0,"8",0,"8",0,"8",0,"8","","",0,"8",0,"8"
"352190360","P£OCK","2006","12","20","19","6","",0,"8",0,"8","","","",8,"",0,"8",0,"8",7,"",330,"",3,"",0,"",5.5,"",.0,"8","U","",7.4,"",82,"",2.7,"",1015.3,"",1028.9,"",2,2.6,"",.0,"8",0,"8","01","2","7","","5","","","/","","","/","","",0,"8",.0,"8",.0,"8","","8",0,"8","","",.0,"8",.0,"8",.0,"8",.0,"8",.0,"8",.0,"8",.0,"8",.0,"8",.0,"8",0,"8",0,"8",0,"8","","",0,"8",0,"8"
"352190360","P£OCK","2006","12","20","20","6","",0,"8",0,"8","","","",8,"",0,"8",0,"8",7,"",320,"",2,"",0,"",5.2,"",.0,"8","U","",7.6,"",86,"",3.0,"",1016.1,"",1029.8,"",2,2.4,"",.0,"8",0,"8","02","2","7","","5","","","/","","","/","","",0,"8",.0,"8",.0,"8","","8",0,"8","","",.0,"8",.0,"8",.0,"8",.0,"8",.0,"8",.0,"8",.0,"8",.0,"8",.0,"8",0,"8",0,"8",0,"8","","",0,"8",0,"8"
"352190360","P£OCK","2006","12","20","21","5","",0,"8",0,"8","","","",8,"",0,"8",0,"8",8,"",320,"",3,"",0,"",5.1,"",.0,"8","U","",7.2,"",82,"",2.3,"",1016.7,"",1030.4,"",1,2.3,"",.0,"8",0,"8","03","2","8","","5","","","/","","","/","","",0,"8",.0,"8",.0,"8","","8",0,"8","","",.0,"8",.0,"8",.0,"8",.0,"8",.0,"8",.0,"8",.0,"8",.0,"8",.0,"8",0,"8",0,"8",0,"8","","",0,"8",0,"8"
"352190360","P£OCK","2006","12","20","22","6","",0,"8",0,"8","","","",8,"",0,"8",0,"8",8,"",310,"",3,"",0,"",5.0,"",.0,"8","U","",7.2,"",83,"",2.4,"",1017.5,"",1031.2,"",2,2.2,"",.0,"8",0,"8","02","2","8","","5","","","/","","","/","","",0,"8",.0,"8",.0,"8","","8",0,"8","","",.0,"8",.0,"8",.0,"8",.0,"8",.0,"8",.0,"8",.0,"8",.0,"8",.0,"8",0,"8",0,"8",0,"8","","",0,"8",0,"8"
"352190360","P£OCK","2006","12","20","23","6","",0,"8",0,"8","","","",8,"",0,"8",0,"8",8,"",300,"",3,"",0,"",4.9,"",.0,"8","U","",7.2,"",83,"",2.3,"",1018.0,"",1031.7,"",2,1.9,"",.0,"8",0,"8","02","2","8","","5","","","/","","","/","","",0,"8",.0,"8",.0,"8","","8",0,"8","","",.0,"8",.0,"8",.0,"8",.0,"8",.0,"8",.0,"8",.0,"8",.0,"8",.0,"8",0,"8",0,"8",0,"8","","",0,"8",0,"8"
"352190360","P£OCK","2006","12","21","00","5","",0,"8",0,"8","","","",8,"",0,"8",0,"8",8,"",310,"",2,"",0,"",4.5,"",.0,"8","U","",7.2,"",85,"",2.2,"",1018.7,"",1032.4,"",2,2.0,"",.0,"",6,"","80","2","8","","9","","","/","","","/","","",1,"",.0,"8",.0,"8","","8",0,"8","","",.0,"8",.0,"8",.0,"8",.0,"8",.0,"8",.0,"8",.0,"8",.0,"8",.0,"8",0,"8",0,"8",0,"8","","",0,"8",0,"8"
"352190360","P£OCK","2006","12","21","01","5","",0,"8",0,"8","","","",7,"",0,"8",0,"8",8,"",320,"",2,"",0,"",4.1,"",.0,"8","U","",7.1,"",87,"",2.1,"",1019.5,"",1033.3,"",3,2.0,"",.0,"8",0,"8","80","8","8","","9","","","/","","","/","","",0,"8",.0,"8",.0,"8","","8",0,"8","","",.0,"8",.0,"8",.0,"8",.0,"8",.0,"8",.0,"8",.0,"8",.0,"8",.0,"8",0,"8",0,"8",0,"8","","",0,"8",0,"8"
"352190360","P£OCK","2006","12","21","02","6","",0,"8",0,"8","","","",7,"",0,"8",0,"8",7,"",300,"",2,"",0,"",3.7,"",.0,"8","U","",7.1,"",89,"",2.1,"",1020.0,"",1033.8,"",2,2.0,"",.0,"8",0,"8","25","2","7","","5","","","/","","","/","","",0,"8",.0,"8",.0,"8","","8",0,"8","","",.0,"8",.0,"8",.0,"8",.0,"8",.0,"8",.0,"8",.0,"8",.0,"8",.0,"8",0,"8",0,"8",0,"8","","",0,"8",0,"8"
"352190360","P£OCK","2006","12","21","03","6","",0,"8",0,"8","","","",7,"",0,"8",0,"8",7,"",300,"",2,"",0,"",3.6,"",.0,"8","U","",7.2,"",91,"",2.3,"",1020.3,"",1034.1,"",1,1.6,"",.0,"8",0,"8","02","8","7","","5","","","/","","","/","","",0,"8",.0,"8",.0,"8","","8",0,"8","","",.0,"8",.0,"8",.0,"8",.0,"8",.0,"8",.0,"8",.0,"8",.0,"8",.0,"8",0,"8",0,"8",0,"8","","",0,"8",0,"8"
"352190360","P£OCK","2006","12","21","04","6","",0,"8",0,"8","","","",7,"",0,"8",0,"8",7,"",300,"",3,"",0,"",3.6,"",.0,"8","U","",7.2,"",91,"",2.3,"",1020.7,"",1034.5,"",2,1.2,"",.0,"8",0,"8","02","2","7","","5","","","/","","","/","","",0,"8",.0,"8",.0,"8","","8",0,"8","","",.0,"8",.0,"8",.0,"8",.0,"8",.0,"8",.0,"8",.0,"8",.0,"8",.0,"8",0,"8",0,"8",0,"8","","",0,"8",0,"8"
"352190360","P£OCK","2006","12","21","05","6","",0,"8",0,"8","","","",7,"",0,"8",0,"8",8,"",300,"",2,"",0,"",3.7,"",.0,"8","U","",7.2,"",90,"",2.2,"",1021.0,"",1034.8,"",2,1.0,"",.0,"8",0,"8","03","2","8","","5","","","/","","","/","","",0,"8",.0,"8",.0,"8","","8",0,"8","","",.0,"8",.0,"8",.0,"8",.0,"8",.0,"8",.0,"8",.0,"8",.0,"8",.0,"8",0,"8",0,"8",0,"8","","",0,"8",0,"8"
"352190360","P£OCK","2006","12","21","06","6","",0,"8",0,"8","","","",7,"",0,"8",0,"8",7,"",300,"",3,"",0,"",3.7,"",.0,"8","U","",7.1,"",89,"",2.1,"",1021.4,"",1035.2,"",2,1.1,"",.0,"",6,"","01","8","7","","5","","","/","","","/","","",1,"",.0,"8",.0,"8","","8",0,"8","","",.0,"8",.0,"8",.0,"8",.0,"8",.0,"8",.0,"8",.0,"8",.0,"8",.0,"8",0,"8",0,"8",0,"8","","",0,"8",0,"8"
"352190360","P£OCK","2006","12","21","07","5","",0,"8",0,"8","","","",7,"",0,"8",0,"8",8,"",300,"",2,"",0,"",3.6,"",.0,"8","U","",7.0,"",89,"",2.0,"",1022.0,"",1035.8,"",3,1.3,"",.0,"8",0,"8","03","2","8","","5","","","/","","","/","","",0,"8",.0,"8",.0,"8","","8",0,"8","","",.0,"8",.0,"8",.0,"8",.0,"8",.0,"8",.0,"8",.0,"8",.0,"8",.0,"8",0,"8",0,"8",0,"8","","",0,"8",0,"8"
"352190360","P£OCK","2006","12","21","08","5","",0,"8",0,"8","","","",7,"",0,"8",0,"8",7,"",300,"",3,"",0,"",3.9,"",.0,"8","U","",7.1,"",88,"",2.1,"",1022.7,"",1036.5,"",3,1.7,"",.0,"8",0,"8","01","2","7","","5","","","/","","","/","","",0,"8",.0,"8",.0,"8","","8",0,"8","","",.0,"8",.0,"8",.0,"8",.0,"8",.0,"8",.0,"8",.0,"8",.0,"8",.0,"8",0,"8",0,"8",0,"8","","",0,"8",0,"8"
"352190360","P£OCK","2006","12","21","09","5","",0,"8",0,"8","","","",7,"",0,"8",0,"8",7,"",300,"",3,"",0,"",4.4,"",.0,"8","U","",7.1,"",85,"",2.1,"",1023.1,"",1036.9,"",2,1.7,"",.0,"8",0,"8","01","2","5","","5","","","3","","","/","","",0,"8",.0,"8",.0,"8","","8",0,"8","","",.0,"8",.0,"8",.0,"8",.0,"8",.0,"8",.0,"8",.0,"8",.0,"8",.0,"8",0,"8",0,"8",0,"8","","",0,"8",0,"8"
"352190360","P£OCK","2006","12","21","10","5","",0,"8",0,"8","","","",8,"",0,"8",0,"8",7,"",300,"",4,"",0,"",4.9,"",.0,"8","U","",7.1,"",82,"",2.1,"",1023.4,"",1037.2,"",1,1.4,"",.0,"8",0,"8","02","2","5","","5","","","3","","","/","","",0,"8",.0,"8",.0,"8","","8",0,"8","","",.0,"8",.0,"8",.0,"8",.0,"8",.0,"8",.0,"8",.0,"8",.0,"8",.0,"8",0,"8",0,"8",0,"8","","",0,"8",0,"8"
"352190360","P£OCK","2006","12","21","11","5","",0,"8",0,"8","","","",8,"",0,"8",0,"8",7,"",290,"",4,"",0,"",5.1,"",.0,"8","U","",7.0,"",80,"",1.9,"",1023.4,"",1037.2,"",1,.7,"",.0,"8",0,"8","01","2","3","","5","","","3","","","/","","",0,"8",.0,"8",.0,"8","","8",0,"8","","",.0,"8",.0,"8",.0,"8",.0,"8",.0,"8",.0,"8",.0,"8",.0,"8",.0,"8",0,"8",0,"8",0,"8","","",0,"8",0,"8"
"352190360","P£OCK","2006","12","21","12","5","",0,"8",0,"8","","","",7,"",0,"8",0,"8",7,"",290,"",4,"",0,"",5.2,"",.0,"8","U","",7.2,"",81,"",2.2,"",1023.4,"",1037.2,"",1,.3,"",.0,"9",0,"9","02","2","3","","5","","","3","","","/","","",1,"",.0,"8",.0,"8","","8",0,"8","","",.0,"8",.0,"8",.0,"8",.0,"8",.0,"8",.0,"8",.0,"8",.0,"8",.0,"8",0,"8",0,"8",0,"8","","",0,"8",0,"8"
"352190360","P£OCK","2006","12","21","13","5","",0,"8",0,"8","","","",8,"",0,"8",0,"8",8,"",280,"",5,"",0,"",5.1,"",.0,"8","U","",6.9,"",79,"",1.8,"",1023.4,"",1037.2,"",4,.0,"",.0,"8",0,"8","03","2","5","","5","","","3","","","/","","",0,"8",.0,"8",.0,"8","","8",0,"8","","",.0,"8",.0,"8",.0,"8",.0,"8",.0,"8",.0,"8",.0,"8",.0,"8",.0,"8",0,"8",0,"8",0,"8","","",0,"8",0,"8"
"352190360","P£OCK","2006","12","21","14","5","",0,"8",0,"8","","","",7,"",0,"8",0,"8",7,"",280,"",4,"",0,"",4.8,"",.0,"8","U","",7.0,"",82,"",2.0,"",1023.7,"",1037.5,"",3,.3,"",.0,"8",0,"8","01","2","4","","5","","","3","","","/","","",0,"8",.0,"8",.0,"8","","8",0,"8","","",.0,"8",.0,"8",.0,"8",.0,"8",.0,"8",.0,"8",.0,"8",.0,"8",.0,"8",0,"8",0,"8",0,"8","","",0,"8",0,"8"
"352190360","P£OCK","2006","12","21","15","5","",0,"8",0,"8","","","",7,"",0,"8",0,"8",7,"",280,"",4,"",0,"",4.1,"",.0,"8","U","",6.9,"",84,"",1.6,"",1024.2,"",1038.0,"",3,.8,"",.0,"8",0,"8","02","2","4","","5","","","3","","","/","","",0,"8",.0,"8",.0,"8","","8",0,"8","","",.0,"8",.0,"8",.0,"8",.0,"8",.0,"8",.0,"8",.0,"8",.0,"8",.0,"8",0,"8",0,"8",0,"8","","",0,"8",0,"8"
"352190360","P£OCK","2006","12","21","16","4","",0,"8",0,"8","","","",6,"",0,"8",0,"8",8,"",290,"",4,"",0,"",3.7,"",.0,"8","U","",6.9,"",87,"",1.7,"",1024.5,"",1038.3,"",2,1.1,"",.0,"8",0,"8","10","2","8","","5","","","/","","","/","","",0,"8",.0,"8",.0,"8","","8",0,"8","","",.0,"8",.0,"8",.0,"8",.0,"8",.0,"8",.0,"8",.0,"8",.0,"8",.0,"8",0,"8",0,"8",0,"8","","",0,"8",0,"8"
"352190360","P£OCK","2006","12","21","17","3","",0,"8",0,"8","","","",6,"",0,"8",0,"8",7,"",290,"",5,"",0,"",3.5,"",.0,"8","U","",6.9,"",88,"",1.7,"",1024.3,"",1038.1,"",0,.6,"",.0,"8",0,"8","10","2","4","","6","","","3","","","/","","",0,"8",.0,"8",.0,"8","","8",0,"8","","",.0,"8",.0,"8",.0,"8",.0,"8",.0,"8",.0,"8",.0,"8",.0,"8",.0,"8",0,"8",0,"8",0,"8","","",0,"8",0,"8"
"352190360","P£OCK","2006","12","21","18","3","",0,"8",0,"8","","","",6,"",0,"8",0,"8",8,"",280,"",5,"",0,"",3.4,"",.0,"8","U","",6.9,"",89,"",1.8,"",1024.5,"",1038.4,"",2,.3,"",.0,"9",0,"9","10","2","8","","6","","","/","","","/","","",1,"",.0,"8",.0,"8","","8",0,"8","","",.0,"8",.0,"8",.0,"8",.0,"8",.0,"8",.0,"8",.0,"8",.0,"8",.0,"8",0,"8",0,"8",0,"8","","",0,"8",0,"8"
"352190360","P£OCK","2006","12","21","19","2","",0,"8",0,"8","","","",5,"",0,"8",0,"8",8,"",270,"",4,"",0,"",3.0,"",.0,"8","U","",6.9,"",91,"",1.7,"",1024.8,"",1038.7,"",3,.3,"",.0,"8",0,"8","10","2","8","","6","","","/","","","/","","",0,"8",.0,"8",.0,"8","","8",0,"8","","",.0,"8",.0,"8",.0,"8",.0,"8",.0,"8",.0,"8",.0,"8",.0,"8",.0,"8",0,"8",0,"8",0,"8","","",0,"8",0,"8"
"352190360","P£OCK","2006","12","21","20","2","",0,"8",0,"8","","","",5,"",0,"8",0,"8",8,"",280,"",4,"",0,"",2.7,"",.0,"8","U","",6.8,"",92,"",1.5,"",1024.7,"",1038.6,"",0,.4,"",.0,"8",0,"8","10","2","8","","6","","","/","","","/","","",0,"8",.0,"8",.0,"8","","8",0,"8","","",.0,"8",.0,"8",.0,"8",.0,"8",.0,"8",.0,"8",.0,"8",.0,"8",.0,"8",0,"8",0,"8",0,"8","","",0,"8",0,"8"
"352190360","P£OCK","2006","12","21","21","1","",0,"8",0,"8","","","",5,"",0,"8",0,"8",8,"",300,"",5,"",0,"",2.3,"",.0,"8","U","",6.7,"",93,"",1.3,"",1024.8,"",1038.7,"",2,.3,"",.0,"8",0,"8","10","2","8","","6","","","/","","","/","","",0,"8",.0,"8",.0,"8","","8",0,"8","","",.0,"8",.0,"8",.0,"8",.0,"8",.0,"8",.0,"8",.0,"8",.0,"8",.0,"8",0,"8",0,"8",0,"8","","",0,"8",0,"8"
"352190360","P£OCK","2006","12","21","22","1","",0,"8",0,"8","","","",4,"",0,"8",0,"8",8,"",300,"",5,"",0,"",2.2,"",.0,"8","U","",6.8,"",95,"",1.5,"",1024.9,"",1038.8,"",3,.1,"",.0,"8",0,"8","10","2","8","","6","","","/","","","/","","",0,"8",.0,"8",.0,"8","","8",0,"8","","",.0,"8",.0,"8",.0,"8",.0,"8",.0,"8",.0,"8",.0,"8",.0,"8",.0,"8",0,"8",0,"8",0,"8","","",0,"8",0,"8"
"352190360","P£OCK","2006","12","21","23","1","",0,"8",0,"8","","","",5,"",0,"8",0,"8",8,"",280,"",4,"",0,"",2.4,"",.0,"8","U","",6.8,"",94,"",1.5,"",1024.8,"",1038.7,"",0,.1,"",.0,"8",0,"8","10","2","8","","6","","","/","","","/","","",0,"8",.0,"8",.0,"8","","8",0,"8","","",.0,"8",.0,"8",.0,"8",.0,"8",.0,"8",.0,"8",.0,"8",.0,"8",.0,"8",0,"8",0,"8",0,"8","","",0,"8",0,"8"
"352190360","P£OCK","2006","12","22","00","1","",0,"8",0,"8","","","",5,"",0,"8",0,"8",8,"",290,"",5,"",0,"",2.3,"",.0,"8","U","",6.8,"",94,"",1.4,"",1024.8,"",1038.7,"",4,.0,"",.0,"9",0,"9","10","2","8","","6","","","/","","","/","","",1,"",.0,"8",.0,"8","","8",0,"8","","",.0,"8",.0,"8",.0,"8",.0,"8",.0,"8",.0,"8",.0,"8",.0,"8",.0,"8",0,"8",0,"8",0,"8","","",0,"8",0,"8"
"352190360","P£OCK","2006","12","22","01","2","",0,"8",0,"8","","","",5,"",0,"8",0,"8",8,"",290,"",5,"",0,"",2.3,"",.0,"8","U","",6.7,"",93,"",1.3,"",1025.0,"",1038.9,"",3,.1,"",.0,"8",0,"8","10","2","8","","6","","","/","","","/","","",0,"8",.0,"8",.0,"8","","8",0,"8","","",.0,"8",.0,"8",.0,"8",.0,"8",.0,"8",.0,"8",.0,"8",.0,"8",.0,"8",0,"8",0,"8",0,"8","","",0,"8",0,"8"
"352190360","P£OCK","2006","12","22","02","2","",0,"8",0,"8","","","",5,"",0,"8",0,"8",8,"",280,"",6,"",0,"",2.2,"",.0,"8","U","",6.6,"",92,"",1.0,"",1024.8,"",1038.7,"",0,.0,"",.0,"8",0,"8","10","2","8","","6","","","/","","","/","","",0,"8",.0,"8",.0,"8","","8",0,"8","","",.0,"8",.0,"8",.0,"8",.0,"8",.0,"8",.0,"8",.0,"8",.0,"8",.0,"8",0,"8",0,"8",0,"8","","",0,"8",0,"8"
"352190360","P£OCK","2006","12","22","03","2","",0,"8",0,"8","","","",5,"",0,"8",0,"8",8,"",270,"",4,"",0,"",2.2,"",.0,"8","U","",6.7,"",93,"",1.2,"",1024.3,"",1038.2,"",8,-.5,"",.0,"8",0,"8","10","2","8","","6","","","/","","","/","","",0,"8",.0,"8",.0,"8","","8",0,"8","","",.0,"8",.0,"8",.0,"8",.0,"8",.0,"8",.0,"8",.0,"8",.0,"8",.0,"8",0,"8",0,"8",0,"8","","",0,"8",0,"8"
"352190360","P£OCK","2006","12","22","04","2","",0,"8",0,"8","","","",5,"",0,"8",0,"8",8,"",280,"",5,"",0,"",2.2,"",.0,"8","U","",6.6,"",92,"",1.0,"",1024.4,"",1038.3,"",5,-.6,"",.0,"8",0,"8","10","2","8","","6","","","/","","","/","","",0,"8",.0,"8",.0,"8","","8",0,"8","","",.0,"8",.0,"8",.0,"8",.0,"8",.0,"8",.0,"8",.0,"8",.0,"8",.0,"8",0,"8",0,"8",0,"8","","",0,"8",0,"8"
"352190360","P£OCK","2006","12","22","05","2","",0,"8",0,"8","","","",5,"",0,"8",0,"8",8,"",280,"",5,"",0,"",2.7,"",.0,"8","U","",6.9,"",93,"",1.7,"",1023.9,"",1037.8,"",7,-.9,"",.0,"8",0,"8","10","2","8","","6","","","/","","","/","","",0,"8",.0,"8",.0,"8","","8",0,"8","","",.0,"8",.0,"8",.0,"8",.0,"8",.0,"8",.0,"8",.0,"8",.0,"8",.0,"8",0,"8",0,"8",0,"8","","",0,"8",0,"8"
"352190360","P£OCK","2006","12","22","06","2","",0,"8",0,"8","","","",5,"",0,"8",0,"8",8,"",270,"",6,"",0,"",3.2,"",.0,"8","U","",7.1,"",92,"",2.0,"",1023.8,"",1037.7,"",8,-.5,"",.0,"",6,"","51","2","8","","6","","","/","","","/","","",1,"",.0,"8",.0,"8","","8",0,"8","","",.0,"8",.0,"8",.0,"8",.0,"8",.0,"8",.0,"8",.0,"8",.0,"8",.0,"8",0,"8",0,"8",0,"8","","",0,"8",0,"8"
"352190360","P£OCK","2006","12","22","07","2","",0,"8",0,"8","","","",5,"",0,"8",0,"8",8,"",280,"",6,"",0,"",3.5,"",.0,"8","U","",7.1,"",91,"",2.2,"",1024.1,"",1037.9,"",5,-.3,"",.0,"8",0,"8","51","5","8","","6","","","/","","","/","","",0,"8",.0,"8",.0,"8","","8",0,"8","","",.0,"8",.0,"8",.0,"8",.0,"8",.0,"8",.0,"8",.0,"8",.0,"8",.0,"8",0,"8",0,"8",0,"8","","",0,"8",0,"8"
"352190360","P£OCK","2006","12","22","08","2","",0,"8",0,"8","","","",5,"",0,"8",0,"8",8,"",280,"",6,"",0,"",3.7,"",.0,"8","U","",7.2,"",91,"",2.4,"",1024.1,"",1037.9,"",1,.2,"",.0,"8",0,"8","51","5","8","","6","","","/","","","/","","",0,"8",.0,"8",.0,"8","","8",0,"8","","",.0,"8",.0,"8",.0,"8",.0,"8",.0,"8",.0,"8",.0,"8",.0,"8",.0,"8",0,"8",0,"8",0,"8","","",0,"8",0,"8"
"352190360","P£OCK","2006","12","22","09","2","",0,"8",0,"8","","","",6,"",0,"8",0,"8",8,"",280,"",5,"",0,"",4.1,"",.0,"8","U","",7.4,"",90,"",2.6,"",1024.0,"",1037.8,"",0,.2,"",.0,"8",0,"8","51","5","8","","6","","","/","","","/","","",0,"8",.0,"8",.0,"8","","8",0,"8","","",.0,"8",.0,"8",.0,"8",.0,"8",.0,"8",.0,"8",.0,"8",.0,"8",.0,"8",0,"8",0,"8",0,"8","","",0,"8",0,"8"
"352190360","P£OCK","2006","12","22","10","3","",0,"8",0,"8","","","",6,"",0,"8",0,"8",8,"",280,"",6,"",0,"",4.3,"",.0,"8","U","",7.2,"",87,"",2.3,"",1023.8,"",1037.6,"",8,-.3,"",.0,"8",0,"8","20","2","8","","6","","","/","","","/","","",0,"8",.0,"8",.0,"8","","8",0,"8","","",.0,"8",.0,"8",.0,"8",.0,"8",.0,"8",.0,"8",.0,"8",.0,"8",.0,"8",0,"8",0,"8",0,"8","","",0,"8",0,"8"
"352190360","P£OCK","2006","12","22","11","4","",0,"8",0,"8","","","",6,"",0,"8",0,"8",8,"",280,"",6,"",0,"",4.5,"",.0,"8","U","",7.1,"",84,"",2.0,"",1023.3,"",1037.1,"",8,-.8,"",.0,"8",0,"8","10","2","8","","5","","","/","","","/","","",0,"8",.0,"8",.0,"8","","8",0,"8","","",.0,"8",.0,"8",.0,"8",.0,"8",.0,"8",.0,"8",.0,"8",.0,"8",.0,"8",0,"8",0,"8",0,"8","","",0,"8",0,"8"
"352190360","P£OCK","2006","12","22","12","4","",0,"8",0,"8","","","",6,"",0,"8",0,"8",8,"",280,"",6,"",0,"",4.7,"",.0,"8","U","",7.0,"",82,"",1.9,"",1022.9,"",1036.7,"",7,-1.1,"",.0,"",6,"","10","5","8","","5","","","/","","","/","","",1,"",.0,"8",.0,"8","","8",0,"8","","",.0,"8",.0,"8",.0,"8",.0,"8",.0,"8",.0,"8",.0,"8",.0,"8",.0,"8",0,"8",0,"8",0,"8","","",0,"8",0,"8"
"352190360","P£OCK","2006","12","22","13","4","",0,"8",0,"8","","","",7,"",0,"8",0,"8",7,"",270,"",7,"",0,"",4.7,"",.0,"8","U","",6.9,"",81,"",1.7,"",1022.2,"",1036.0,"",7,-1.6,"",.0,"8",0,"8","01","2","7","","5","","","/","","","/","","",0,"8",.0,"8",.0,"8","","8",0,"8","","",.0,"8",.0,"8",.0,"8",.0,"8",.0,"8",.0,"8",.0,"8",.0,"8",.0,"8",0,"8",0,"8",0,"8","","",0,"8",0,"8"
"352190360","P£OCK","2006","12","22","14","4","",0,"8",0,"8","","","",7,"",0,"8",0,"8",7,"",280,"",6,"",0,"",4.7,"",.0,"8","U","",6.9,"",81,"",1.7,"",1022.7,"",1036.5,"",5,-.6,"",.0,"8",0,"8","02","2","7","","5","","","/","","","/","","",0,"8",.0,"8",.0,"8","","8",0,"8","","",.0,"8",.0,"8",.0,"8",.0,"8",.0,"8",.0,"8",.0,"8",.0,"8",.0,"8",0,"8",0,"8",0,"8","","",0,"8",0,"8"
"352190360","P£OCK","2006","12","22","15","4","",0,"8",0,"8","","","",7,"",0,"8",0,"8",8,"",270,"",6,"",0,"",4.7,"",.0,"8","U","",7.0,"",82,"",1.9,"",1022.5,"",1036.3,"",7,-.4,"",.0,"8",0,"8","03","2","8","","5","","","/","","","/","","",0,"8",.0,"8",.0,"8","","8",0,"8","","",.0,"8",.0,"8",.0,"8",.0,"8",.0,"8",.0,"8",.0,"8",.0,"8",.0,"8",0,"8",0,"8",0,"8","","",0,"8",0,"8"
"352190360","P£OCK","2006","12","22","16","4","",0,"8",0,"8","","","",7,"",0,"8",0,"8",8,"",280,"",6,"",0,"",4.8,"",.0,"8","U","",6.9,"",80,"",1.6,"",1022.7,"",1036.5,"",2,.5,"",.0,"8",0,"8","02","2","8","","5","","","/","","","/","","",0,"8",.0,"8",.0,"8","","8",0,"8","","",.0,"8",.0,"8",.0,"8",.0,"8",.0,"8",.0,"8",.0,"8",.0,"8",.0,"8",0,"8",0,"8",0,"8","","",0,"8",0,"8"
"352190360","P£OCK","2006","12","22","17","4","",0,"8",0,"8","","","",7,"",0,"8",0,"8",8,"",280,"",5,"",0,"",4.7,"",.0,"8","U","",6.8,"",80,"",1.5,"",1023.2,"",1037.0,"",3,.5,"",.0,"8",0,"8","02","2","8","","5","","","/","","","/","","",0,"8",.0,"8",.0,"8","","8",0,"8","","",.0,"8",.0,"8",.0,"8",.0,"8",.0,"8",.0,"8",.0,"8",.0,"8",.0,"8",0,"8",0,"8",0,"8","","",0,"8",0,"8"
"352190360","P£OCK","2006","12","22","18","4","",0,"8",0,"8","","","",7,"",0,"8",0,"8",8,"",290,"",6,"",0,"",4.6,"",.0,"8","U","",6.7,"",79,"",1.3,"",1023.7,"",1037.5,"",3,1.2,"",.0,"9",0,"9","02","2","8","","5","","","/","","","/","","",1,"",.0,"8",.0,"8","","8",0,"8","","",.0,"8",.0,"8",.0,"8",.0,"8",.0,"8",.0,"8",.0,"8",.0,"8",.0,"8",0,"8",0,"8",0,"8","","",0,"8",0,"8"
"352190360","P£OCK","2006","12","22","19","4","",0,"8",0,"8","","","",7,"",0,"8",0,"8",8,"",280,"",5,"",0,"",4.4,"",.0,"8","U","",6.8,"",81,"",1.4,"",1023.6,"",1037.4,"",0,.9,"",.0,"8",0,"8","02","2","8","","5","","","/","","","/","","",0,"8",.0,"8",.0,"8","","8",0,"8","","",.0,"8",.0,"8",.0,"8",.0,"8",.0,"8",.0,"8",.0,"8",.0,"8",.0,"8",0,"8",0,"8",0,"8","","",0,"8",0,"8"
"352190360","P£OCK","2006","12","22","20","4","",0,"8",0,"8","","","",7,"",0,"8",0,"8",8,"",290,"",5,"",0,"",4.3,"",.0,"8","U","",6.8,"",82,"",1.5,"",1023.9,"",1037.7,"",2,.7,"",.0,"8",0,"8","02","2","8","","5","","","/","","","/","","",0,"8",.0,"8",.0,"8","","8",0,"8","","",.0,"8",.0,"8",.0,"8",.0,"8",.0,"8",.0,"8",.0,"8",.0,"8",.0,"8",0,"8",0,"8",0,"8","","",0,"8",0,"8"
"352190360","P£OCK","2006","12","22","21","4","",0,"8",0,"8","","","",7,"",0,"8",0,"8",8,"",290,"",4,"",0,"",4.3,"",.0,"8","U","",7.0,"",84,"",1.8,"",1024.2,"",1038.0,"",3,.5,"",.0,"8",0,"8","02","2","8","","5","","","/","","","/","","",0,"8",.0,"8",.0,"8","","8",0,"8","","",.0,"8",.0,"8",.0,"8",.0,"8",.0,"8",.0,"8",.0,"8",.0,"8",.0,"8",0,"8",0,"8",0,"8","","",0,"8",0,"8"
"352190360","P£OCK","2006","12","22","22","4","",0,"8",0,"8","","","",6,"",0,"8",0,"8",8,"",280,"",4,"",0,"",4.3,"",.0,"8","U","",7.1,"",86,"",2.2,"",1024.2,"",1038.0,"",1,.6,"",.0,"8",0,"8","10","2","8","","5","","","/","","","/","","",0,"8",.0,"8",.0,"8","","8",0,"8","","",.0,"8",.0,"8",.0,"8",.0,"8",.0,"8",.0,"8",.0,"8",.0,"8",.0,"8",0,"8",0,"8",0,"8","","",0,"8",0,"8"
"352190360","P£OCK","2006","12","22","23","4","",0,"8",0,"8","","","",6,"",0,"8",0,"8",8,"",270,"",7,"",0,"",4.3,"",.0,"8","U","",7.2,"",87,"",2.3,"",1023.9,"",1037.7,"",0,.0,"",.0,"8",0,"8","10","2","8","","5","","","/","","","/","","",0,"8",.0,"8",.0,"8","","8",0,"8","","",.0,"8",.0,"8",.0,"8",.0,"8",.0,"8",.0,"8",.0,"8",.0,"8",.0,"8",0,"8",0,"8",0,"8","","",0,"8",0,"8"
"352190360","P£OCK","2006","12","23","00","4","",0,"8",0,"8","","","",6,"",0,"8",0,"8",8,"",270,"",6,"",0,"",4.4,"",.0,"8","U","",7.2,"",86,"",2.3,"",1023.6,"",1037.4,"",8,-.6,"",.0,"9",0,"9","10","2","8","","5","","","/","","","/","","",1,"",.0,"8",.0,"8","","8",0,"8","","",.0,"8",.0,"8",.0,"8",.0,"8",.0,"8",.0,"8",.0,"8",.0,"8",.0,"8",0,"8",0,"8",0,"8","","",0,"8",0,"8"
"352190360","P£OCK","2006","12","23","01","5","",0,"8",0,"8","","","",6,"",0,"8",0,"8",8,"",270,"",6,"",0,"",4.5,"",.0,"8","U","",7.2,"",86,"",2.4,"",1023.6,"",1037.4,"",6,-.6,"",.0,"8",0,"8","10","2","8","","5","","","/","","","/","","",0,"8",.0,"8",.0,"8","","8",0,"8","","",.0,"8",.0,"8",.0,"8",.0,"8",.0,"8",.0,"8",.0,"8",.0,"8",.0,"8",0,"8",0,"8",0,"8","","",0,"8",0,"8"
"352190360","P£OCK","2006","12","23","02","4","",0,"8",0,"8","","","",6,"",0,"8",0,"8",8,"",270,"",7,"",0,"",4.7,"",.0,"8","U","",7.2,"",84,"",2.2,"",1023.4,"",1037.2,"",7,-.5,"",.0,"8",0,"8","10","2","8","","5","","","/","","","/","","",0,"8",.0,"8",.0,"8","","8",0,"8","","",.0,"8",.0,"8",.0,"8",.0,"8",.0,"8",.0,"8",.0,"8",.0,"8",.0,"8",0,"8",0,"8",0,"8","","",0,"8",0,"8"
"352190360","P£OCK","2006","12","23","03","4","",0,"8",0,"8","","","",6,"",0,"8",0,"8",8,"",270,"",6,"",0,"",4.7,"",.0,"8","U","",7.2,"",84,"",2.2,"",1023.7,"",1037.5,"",3,.1,"",.0,"8",0,"8","10","2","8","","5","","","/","","","/","","",0,"8",.0,"8",.0,"8","","8",0,"8","","",.0,"8",.0,"8",.0,"8",.0,"8",.0,"8",.0,"8",.0,"8",.0,"8",.0,"8",0,"8",0,"8",0,"8","","",0,"8",0,"8"
"352190360","P£OCK","2006","12","23","04","4","",0,"8",0,"8","","","",6,"",0,"8",0,"8",8,"",270,"",4,"",0,"",4.5,"",.0,"8","U","",7.1,"",84,"",2.0,"",1023.9,"",1037.7,"",3,.3,"",.0,"8",0,"8","10","2","8","","5","","","/","","","/","","",0,"8",.0,"8",.0,"8","","8",0,"8","","",.0,"8",.0,"8",.0,"8",.0,"8",.0,"8",.0,"8",.0,"8",.0,"8",.0,"8",0,"8",0,"8",0,"8","","",0,"8",0,"8"
"352190360","P£OCK","2006","12","23","05","5","",0,"8",0,"8","","","",7,"",0,"8",0,"8",8,"",280,"",6,"",0,"",4.7,"",.0,"8","U","",7.0,"",82,"",1.9,"",1023.8,"",1037.6,"",0,.4,"",.0,"8",0,"8","02","2","8","","5","","","/","","","/","","",0,"8",.0,"8",.0,"8","","8",0,"8","","",.0,"8",.0,"8",.0,"8",.0,"8",.0,"8",.0,"8",.0,"8",.0,"8",.0,"8",0,"8",0,"8",0,"8","","",0,"8",0,"8"
"352190360","P£OCK","2006","12","23","06","5","",0,"8",0,"8","","","",7,"",0,"8",0,"8",8,"",280,"",7,"",0,"",4.8,"",.0,"8","U","",7.0,"",81,"",1.8,"",1023.7,"",1037.5,"",0,.0,"",.0,"9",0,"9","02","2","8","","5","","","/","","","/","","",1,"",.0,"8",.0,"8","","8",0,"8","","",.0,"8",.0,"8",.0,"8",.0,"8",.0,"8",.0,"8",.0,"8",.0,"8",.0,"8",0,"8",0,"8",0,"8","","",0,"8",0,"8"
"352190360","P£OCK","2006","12","23","07","5","",0,"8",0,"8","","","",7,"",0,"8",0,"8",8,"",270,"",6,"",0,"",4.8,"",.0,"8","U","",7.0,"",82,"",2.0,"",1023.7,"",1037.5,"",6,-.2,"",.0,"8",0,"8","02","2","8","","5","","","/","","","/","","",0,"8",.0,"8",.0,"8","","8",0,"8","","",.0,"8",.0,"8",.0,"8",.0,"8",.0,"8",.0,"8",.0,"8",.0,"8",.0,"8",0,"8",0,"8",0,"8","","",0,"8",0,"8"
"352190360","P£OCK","2006","12","23","08","5","",0,"8",0,"8","","","",7,"",0,"8",0,"8",8,"",280,"",5,"",0,"",4.8,"",.0,"8","U","",7.1,"",83,"",2.2,"",1024.7,"",1038.5,"",3,.9,"",.0,"8",0,"8","02","2","8","","5","","","/","","","/","","",0,"8",.0,"8",.0,"8","","8",0,"8","","",.0,"8",.0,"8",.0,"8",.0,"8",.0,"8",.0,"8",.0,"8",.0,"8",.0,"8",0,"8",0,"8",0,"8","","",0,"8",0,"8"
"352190360","P£OCK","2006","12","23","09","5","",0,"8",0,"8","","","",7,"",0,"8",0,"8",8,"",280,"",6,"",0,"",5.0,"",.0,"8","U","",7.3,"",84,"",2.5,"",1024.9,"",1038.7,"",3,1.2,"",.0,"8",0,"8","02","2","8","","5","","","/","","","/","","",0,"8",.0,"8",.0,"8","","8",0,"8","","",.0,"8",.0,"8",.0,"8",.0,"8",.0,"8",.0,"8",.0,"8",.0,"8",.0,"8",0,"8",0,"8",0,"8","","",0,"8",0,"8"
"352190360","P£OCK","2006","12","23","10","5","",0,"8",0,"8","","","",7,"",0,"8",0,"8",8,"",270,"",6,"",0,"",5.1,"",.0,"8","U","",7.4,"",84,"",2.6,"",1024.9,"",1038.7,"",1,1.2,"",.0,"8",0,"8","02","2","8","","5","","","/","","","/","","",0,"8",.0,"8",.0,"8","","8",0,"8","","",.0,"8",.0,"8",.0,"8",.0,"8",.0,"8",.0,"8",.0,"8",.0,"8",.0,"8",0,"8",0,"8",0,"8","","",0,"8",0,"8"
"352190360","P£OCK","2006","12","23","11","5","",0,"8",0,"8","","","",7,"",0,"8",0,"8",8,"",270,"",5,"",0,"",5.4,"",.0,"8","U","",7.5,"",84,"",2.9,"",1024.5,"",1038.3,"",8,-.2,"",.0,"8",0,"8","02","2","8","","5","","","/","","","/","","",0,"8",.0,"8",.0,"8","","8",0,"8","","",.0,"8",.0,"8",.0,"8",.0,"8",.0,"8",.0,"8",.0,"8",.0,"8",.0,"8",0,"8",0,"8",0,"8","","",0,"8",0,"8"
"352190360","P£OCK","2006","12","23","12","5","",0,"8",0,"8","","","",7,"",0,"8",0,"8",8,"",280,"",4,"",0,"",5.7,"",.0,"8","U","",7.5,"",82,"",2.9,"",1024.4,"",1038.1,"",8,-.5,"",.0,"9",0,"9","02","2","8","","5","","","/","","","/","","",1,"",.0,"8",.0,"8","","8",0,"8","","",.0,"8",.0,"8",.0,"8",.0,"8",.0,"8",.0,"8",.0,"8",.0,"8",.0,"8",0,"8",0,"8",0,"8","","",0,"8",0,"8"
"352190360","P£OCK","2006","12","23","13","5","",0,"8",0,"8","","","",7,"",0,"8",0,"8",8,"",280,"",4,"",0,"",5.9,"",.0,"8","U","",7.6,"",82,"",3.1,"",1024.6,"",1038.3,"",5,-.3,"",.0,"8",0,"8","02","2","8","","5","","","/","","","/","","",0,"8",.0,"8",.0,"8","","8",0,"8","","",.0,"8",.0,"8",.0,"8",.0,"8",.0,"8",.0,"8",.0,"8",.0,"8",.0,"8",0,"8",0,"8",0,"8","","",0,"8",0,"8"
"352190360","P£OCK","2006","12","23","14","5","",0,"8",0,"8","","","",6,"",0,"8",0,"8",7,"",280,"",4,"",0,"",5.6,"",.0,"8","U","",7.5,"",83,"",2.9,"",1024.5,"",1038.2,"",4,.0,"",.0,"8",0,"8","10","2","7","","5","","","/","","","/","","",0,"8",.0,"8",.0,"8","","8",0,"8","","",.0,"8",.0,"8",.0,"8",.0,"8",.0,"8",.0,"8",.0,"8",.0,"8",.0,"8",0,"8",0,"8",0,"8","","",0,"8",0,"8"
"352190360","P£OCK","2006","12","23","15","5","",0,"8",0,"8","","","",6,"",0,"8",0,"8",7,"",280,"",4,"",0,"",5.5,"",.0,"8","U","",7.6,"",84,"",3.0,"",1024.4,"",1038.2,"",0,.0,"",.0,"8",0,"8","10","2","7","","5","","","/","","","/","","",0,"8",.0,"8",.0,"8","","8",0,"8","","",.0,"8",.0,"8",.0,"8",.0,"8",.0,"8",.0,"8",.0,"8",.0,"8",.0,"8",0,"8",0,"8",0,"8","","",0,"8",0,"8"
"352190360","P£OCK","2006","12","23","16","5","",0,"8",0,"8","","","",6,"",0,"8",0,"8",7,"",280,"",4,"",0,"",5.5,"",.0,"8","U","",7.6,"",84,"",3.0,"",1024.4,"",1038.2,"",6,-.2,"",.0,"8",0,"8","10","2","7","","5","","","/","","","/","","",0,"8",.0,"8",.0,"8","","8",0,"8","","",.0,"8",.0,"8",.0,"8",.0,"8",.0,"8",.0,"8",.0,"8",.0,"8",.0,"8",0,"8",0,"8",0,"8","","",0,"8",0,"8"
"352190360","P£OCK","2006","12","23","17","5","",0,"8",0,"8","","","",6,"",0,"8",0,"8",7,"",280,"",4,"",0,"",5.6,"",.0,"8","U","",7.6,"",84,"",3.1,"",1024.6,"",1038.3,"",3,.1,"",.0,"8",0,"8","10","2","7","","5","","","/","","","/","","",0,"8",.0,"8",.0,"8","","8",0,"8","","",.0,"8",.0,"8",.0,"8",.0,"8",.0,"8",.0,"8",.0,"8",.0,"8",.0,"8",0,"8",0,"8",0,"8","","",0,"8",0,"8"
"352190360","P£OCK","2006","12","23","18","5","",0,"8",0,"8","","","",6,"",0,"8",0,"8",8,"",280,"",4,"",0,"",5.6,"",.0,"8","U","",7.7,"",85,"",3.3,"",1024.4,"",1038.1,"",0,.0,"",.0,"9",0,"9","10","2","8","","5","","","/","","","/","","",1,"",.0,"8",.0,"8","","8",0,"8","","",.0,"8",.0,"8",.0,"8",.0,"8",.0,"8",.0,"8",.0,"8",.0,"8",.0,"8",0,"8",0,"8",0,"8","","",0,"8",0,"8"
"352190360","P£OCK","2006","12","23","19","4","",0,"8",0,"8","","","",6,"",0,"8",0,"8",8,"",270,"",4,"",0,"",5.6,"",.0,"8","U","",7.7,"",85,"",3.3,"",1024.4,"",1038.1,"",4,.0,"",.0,"8",0,"8","10","2","8","","5","","","/","","","/","","",0,"8",.0,"8",.0,"8","","8",0,"8","","",.0,"8",.0,"8",.0,"8",.0,"8",.0,"8",.0,"8",.0,"8",.0,"8",.0,"8",0,"8",0,"8",0,"8","","",0,"8",0,"8"
"352190360","P£OCK","2006","12","23","20","4","",0,"8",0,"8","","","",6,"",0,"8",0,"8",8,"",280,"",4,"",0,"",5.6,"",.0,"8","U","",7.7,"",85,"",3.3,"",1024.1,"",1037.8,"",7,-.5,"",.0,"8",0,"8","10","2","8","","5","","","/","","","/","","",0,"8",.0,"8",.0,"8","","8",0,"8","","",.0,"8",.0,"8",.0,"8",.0,"8",.0,"8",.0,"8",.0,"8",.0,"8",.0,"8",0,"8",0,"8",0,"8","","",0,"8",0,"8"
"352190360","P£OCK","2006","12","23","21","4","",0,"8",0,"8","","","",6,"",0,"8",0,"8",8,"",270,"",5,"",0,"",5.6,"",.0,"8","U","",7.9,"",87,"",3.6,"",1023.9,"",1037.6,"",8,-.5,"",.0,"8",0,"8","10","2","8","","5","","","/","","","/","","",0,"8",.0,"8",.0,"8","","8",0,"8","","",.0,"8",.0,"8",.0,"8",.0,"8",.0,"8",.0,"8",.0,"8",.0,"8",.0,"8",0,"8",0,"8",0,"8","","",0,"8",0,"8"
"352190360","P£OCK","2006","12","23","22","4","",0,"8",0,"8","","","",6,"",0,"8",0,"8",8,"",280,"",5,"",0,"",5.6,"",.0,"8","U","",7.9,"",87,"",3.6,"",1023.3,"",1037.0,"",7,-1.1,"",.0,"8",0,"8","10","2","8","","5","","","/","","","/","","",0,"8",.0,"8",.0,"8","","8",0,"8","","",.0,"8",.0,"8",.0,"8",.0,"8",.0,"8",.0,"8",.0,"8",.0,"8",.0,"8",0,"8",0,"8",0,"8","","",0,"8",0,"8"
"352190360","P£OCK","2006","12","23","23","4","",0,"8",0,"8","","","",6,"",0,"8",0,"8",8,"",280,"",6,"",0,"",5.2,"",.0,"8","U","",8.0,"",90,"",3.7,"",1022.9,"",1036.6,"",7,-1.2,"",.0,"8",0,"8","61","2","8","","5","","","/","","","/","","",0,"8",.0,"8",.0,"8","","8",0,"8","","",.0,"8",.0,"8",.0,"8",.0,"8",.0,"8",.0,"8",.0,"8",.0,"8",.0,"8",0,"8",0,"8",0,"8","","",0,"8",0,"8"
"352190360","P£OCK","2006","12","24","00","4","",0,"8",0,"8","","","",6,"",0,"8",0,"8",8,"",270,"",5,"",0,"",5.0,"",.0,"8","U","",7.9,"",91,"",3.7,"",1022.3,"",1036.0,"",7,-1.6,"",.0,"",6,"","61","2","8","","5","","","/","","","/","","",1,"",.0,"8",.0,"8","","8",0,"8","","",.0,"8",.0,"8",.0,"8",.0,"8",.0,"8",.0,"8",.0,"8",.0,"8",.0,"8",0,"8",0,"8",0,"8","","",0,"8",0,"8"
"352190360","P£OCK","2006","12","24","01","3","",0,"8",0,"8","","","",6,"",0,"8",0,"8",8,"",270,"",5,"",10,"",4.8,"",.0,"8","U","",7.8,"",91,"",3.5,"",1022.0,"",1035.8,"",7,-1.3,"",.0,"8",0,"8","61","6","8","","5","","","/","","","/","","",0,"8",.0,"8",.0,"8","","8",0,"8","","",.0,"8",.0,"8",.0,"8",.0,"8",.0,"8",.0,"8",.0,"8",.0,"8",.0,"8",0,"8",0,"8",0,"8","","",0,"8",0,"8"
"352190360","P£OCK","2006","12","24","02","3","",0,"8",0,"8","","","",6,"",0,"8",0,"8",8,"",280,"",5,"",0,"",4.8,"",.0,"8","U","",7.8,"",91,"",3.5,"",1021.3,"",1035.0,"",7,-1.6,"",.0,"8",0,"8","61","6","8","","5","","","/","","","/","","",0,"8",.0,"8",.0,"8","","8",0,"8","","",.0,"8",.0,"8",.0,"8",.0,"8",.0,"8",.0,"8",.0,"8",.0,"8",.0,"8",0,"8",0,"8",0,"8","","",0,"8",0,"8"
"352190360","P£OCK","2006","12","24","03","3","",0,"8",0,"8","","","",5,"",0,"8",0,"8",8,"",280,"",6,"",0,"",4.8,"",.0,"8","U","",7.9,"",92,"",3.6,"",1020.3,"",1034.0,"",8,-2.0,"",.0,"8",0,"8","51","6","8","","6","","","/","","","/","","",0,"8",.0,"8",.0,"8","","8",0,"8","","",.0,"8",.0,"8",.0,"8",.0,"8",.0,"8",.0,"8",.0,"8",.0,"8",.0,"8",0,"8",0,"8",0,"8","","",0,"8",0,"8"
"352190360","P£OCK","2006","12","24","04","3","",0,"8",0,"8","","","",5,"",0,"8",0,"8",8,"",270,"",5,"",0,"",4.7,"",.0,"8","U","",7.9,"",93,"",3.7,"",1019.8,"",1033.5,"",7,-2.2,"",.0,"8",0,"8","51","5","8","","6","","","/","","","/","","",0,"8",.0,"8",.0,"8","","8",0,"8","","",.0,"8",.0,"8",.0,"8",.0,"8",.0,"8",.0,"8",.0,"8",.0,"8",.0,"8",0,"8",0,"8",0,"8","","",0,"8",0,"8"
"352190360","P£OCK","2006","12","24","05","2","",0,"8",0,"8","","","",5,"",0,"8",0,"8",8,"",280,"",6,"",0,"",4.5,"",.0,"8","U","",7.8,"",93,"",3.5,"",1019.4,"",1033.1,"",6,-1.9,"",.0,"8",0,"8","51","5","8","","6","","","/","","","/","","",0,"8",.0,"8",.0,"8","","8",0,"8","","",.0,"8",.0,"8",.0,"8",.0,"8",.0,"8",.0,"8",.0,"8",.0,"8",.0,"8",0,"8",0,"8",0,"8","","",0,"8",0,"8"
"352190360","P£OCK","2006","12","24","06","2","",0,"8",0,"8","","","",5,"",0,"8",0,"8",8,"",270,"",8,"",0,"",4.5,"",.0,"8","U","",7.8,"",93,"",3.5,"",1018.7,"",1032.4,"",7,-1.6,"",.1,"",6,"","51","6","8","","6","","","/","","","/","","",1,"",.0,"8",.0,"8","","8",0,"8","","",.0,"8",.0,"8",.0,"8",.0,"8",.0,"8",.0,"8",.0,"8",.0,"8",.0,"8",0,"8",0,"8",0,"8","","",0,"8",0,"8"
"352190360","P£OCK","2006","12","24","07","2","",0,"8",0,"8","","","",4,"",0,"8",0,"8",8,"",270,"",7,"",0,"",4.3,"",.0,"8","U","",7.7,"",93,"",3.3,"",1018.9,"",1032.6,"",5,-.9,"",.0,"8",0,"8","51","5","8","","6","","","/","","","/","","",0,"8",.0,"8",.0,"8","","8",0,"8","","",.0,"8",.0,"8",.0,"8",.0,"8",.0,"8",.0,"8",.0,"8",.0,"8",.0,"8",0,"8",0,"8",0,"8","","",0,"8",0,"8"
"352190360","P£OCK","2006","12","24","08","1","",0,"8",0,"8","","","",4,"",0,"8",0,"8",8,"",280,"",6,"",0,"",4.2,"",.0,"8","U","",7.7,"",94,"",3.3,"",1018.7,"",1032.4,"",7,-.7,"",.0,"8",0,"8","61","6","8","","7","","","/","","","/","","",0,"8",.0,"8",.0,"8","","8",0,"8","","",.0,"8",.0,"8",.0,"8",.0,"8",.0,"8",.0,"8",.0,"8",.0,"8",.0,"8",0,"8",0,"8",0,"8","","",0,"8",0,"8"
"352190360","P£OCK","2006","12","24","09","1","",0,"8",0,"8","","","",4,"",0,"8",0,"8",8,"",280,"",6,"",0,"",4.2,"",.0,"8","U","",7.7,"",94,"",3.3,"",1018.4,"",1032.1,"",8,-.3,"",.0,"8",0,"8","51","6","8","","6","","","/","","","/","","",0,"8",.0,"8",.0,"8","","8",0,"8","","",.0,"8",.0,"8",.0,"8",.0,"8",.0,"8",.0,"8",.0,"8",.0,"8",.0,"8",0,"8",0,"8",0,"8","","",0,"8",0,"8"
"352190360","P£OCK","2006","12","24","10","2","",0,"8",0,"8","","","",5,"",0,"8",0,"8",8,"",280,"",6,"",0,"",4.4,"",.0,"8","U","",7.9,"",94,"",3.5,"",1018.6,"",1032.3,"",5,-.3,"",.0,"8",0,"8","61","6","8","","7","","","/","","","/","","",0,"8",.0,"8",.0,"8","","8",0,"8","","",.0,"8",.0,"8",.0,"8",.0,"8",.0,"8",.0,"8",.0,"8",.0,"8",.0,"8",0,"8",0,"8",0,"8","","",0,"8",0,"8"
"352190360","P£OCK","2006","12","24","11","2","",0,"8",0,"8","","","",6,"",0,"8",0,"8",8,"",280,"",5,"",0,"",4.7,"",.0,"8","U","",8.0,"",94,"",3.8,"",1017.4,"",1031.1,"",8,-1.3,"",.0,"8",0,"8","61","6","6","","7","","","2","","","/","","",0,"8",.0,"8",.0,"8","","8",0,"8","","",.0,"8",.0,"8",.0,"8",.0,"8",.0,"8",.0,"8",.0,"8",.0,"8",.0,"8",0,"8",0,"8",0,"8","","",0,"8",0,"8"
"352190360","P£OCK","2006","12","24","12","2","",0,"8",0,"8","","","",6,"",0,"8",0,"8",8,"",270,"",8,"",13,"",4.9,"",.0,"8","U","",7.8,"",90,"",3.4,"",1016.1,"",1029.8,"",8,-2.3,"",.2,"",6,"","61","6","6","","7","","","2","","","/","","",1,"",.0,"8",.0,"8","","8",0,"8","","",.0,"8",.0,"8",.0,"8",.0,"8",.0,"8",.0,"8",.0,"8",.0,"8",.0,"8",0,"8",0,"8",0,"8","","",0,"8",0,"8"
"352190360","P£OCK","2006","12","24","13","4","",0,"8",0,"8","","","",6,"",0,"8",0,"8",8,"",270,"",8,"",13,"",4.9,"",.0,"8","U","",7.6,"",88,"",3.1,"",1015.6,"",1029.3,"",6,-3.0,"",.0,"8",0,"8","61","6","7","","5","","","2","","","/","","",0,"8",.0,"8",.0,"8","","8",0,"8","","",.0,"8",.0,"8",.0,"8",.0,"8",.0,"8",.0,"8",.0,"8",.0,"8",.0,"8",0,"8",0,"8",0,"8","","",0,"8",0,"8"
"352190360","P£OCK","2006","12","24","14","3","",0,"8",0,"8","","","",5,"",0,"8",0,"8",8,"",290,"",5,"",0,"",4.8,"",.0,"8","U","",7.8,"",91,"",3.5,"",1016.4,"",1030.1,"",5,-1.0,"",.0,"8",0,"8","61","6","7","","7","","","2","","","/","","",0,"8",.0,"8",.0,"8","","8",0,"8","","",.0,"8",.0,"8",.0,"8",.0,"8",.0,"8",.0,"8",.0,"8",.0,"8",.0,"8",0,"8",0,"8",0,"8","","",0,"8",0,"8"
"352190360","P£OCK","2006","12","24","15","3","",0,"8",0,"8","","","",5,"",0,"8",0,"8",8,"",280,"",5,"",0,"",4.8,"",.0,"8","U","",8.0,"",93,"",3.8,"",1015.9,"",1029.6,"",7,-.2,"",.0,"8",0,"8","61","6","8","","7","","","/","","","/","","",0,"8",.0,"8",.0,"8","","8",0,"8","","",.0,"8",.0,"8",.0,"8",.0,"8",.0,"8",.0,"8",.0,"8",.0,"8",.0,"8",0,"8",0,"8",0,"8","","",0,"8",0,"8"
"352190360","P£OCK","2006","12","24","16","2","",0,"8",0,"8","","","",5,"",0,"8",0,"8",8,"",280,"",5,"",0,"",4.8,"",.0,"8","U","",8.0,"",93,"",3.8,"",1015.5,"",1029.2,"",8,-.1,"",.0,"8",0,"8","61","6","8","","7","","","/","","","/","","",0,"8",.0,"8",.0,"8","","8",0,"8","","",.0,"8",.0,"8",.0,"8",.0,"8",.0,"8",.0,"8",.0,"8",.0,"8",.0,"8",0,"8",0,"8",0,"8","","",0,"8",0,"8"
"352190360","P£OCK","2006","12","24","17","2","",0,"8",0,"8","","","",5,"",0,"8",0,"8",8,"",290,"",4,"",0,"",5.2,"",.0,"8","U","",8.3,"",94,"",4.3,"",1016.0,"",1029.7,"",5,-.4,"",.0,"8",0,"8","61","6","7","","7","","","/","","","/","","",0,"8",.0,"8",.0,"8","","8",0,"8","","",.0,"8",.0,"8",.0,"8",.0,"8",.0,"8",.0,"8",.0,"8",.0,"8",.0,"8",0,"8",0,"8",0,"8","","",0,"8",0,"8"
"352190360","P£OCK","2006","12","24","18","3","",0,"8",0,"8","","","",6,"",0,"8",0,"8",7,"",280,"",5,"",0,"",5.4,"",.0,"8","U","",8.3,"",93,"",4.4,"",1015.8,"",1029.4,"",7,-.1,"",.2,"",6,"","21","6","7","","5","","","/","","","/","","",1,"",.0,"8",.0,"8","","8",0,"8","","",.0,"8",.0,"8",.0,"8",.0,"8",.0,"8",.0,"8",.0,"8",.0,"8",.0,"8",0,"8",0,"8",0,"8","","",0,"8",0,"8"
"352190360","P£OCK","2006","12","24","19","3","",0,"8",0,"8","","","",6,"",0,"8",0,"8",7,"",280,"",5,"",0,"",5.4,"",.0,"8","U","",8.3,"",93,"",4.4,"",1015.8,"",1029.4,"",1,.3,"",.0,"8",0,"8","10","2","7","","5","","","/","","","/","","",0,"8",.0,"8",.0,"8","","8",0,"8","","",.0,"8",.0,"8",.0,"8",.0,"8",.0,"8",.0,"8",.0,"8",.0,"8",.0,"8",0,"8",0,"8",0,"8","","",0,"8",0,"8"
"352190360","P£OCK","2006","12","24","20","5","",0,"8",0,"8","","","",6,"",0,"8",0,"8",7,"",280,"",3,"",0,"",5.6,"",.0,"8","U","",8.4,"",92,"",4.4,"",1015.9,"",1029.5,"",5,-.1,"",.0,"8",0,"8","10","2","7","","5","","","/","","","/","","",0,"8",.0,"8",.0,"8","","8",0,"8","","",.0,"8",.0,"8",.0,"8",.0,"8",.0,"8",.0,"8",.0,"8",.0,"8",.0,"8",0,"8",0,"8",0,"8","","",0,"8",0,"8"
"352190360","P£OCK","2006","12","24","21","5","",0,"8",0,"8","","","",6,"",0,"8",0,"8",7,"",290,"",4,"",0,"",5.4,"",.0,"8","U","",8.2,"",91,"",4.0,"",1016.0,"",1029.6,"",3,.2,"",.0,"8",0,"8","10","2","7","","5","","","/","","","/","","",0,"8",.0,"8",.0,"8","","8",0,"8","","",.0,"8",.0,"8",.0,"8",.0,"8",.0,"8",.0,"8",.0,"8",.0,"8",.0,"8",0,"8",0,"8",0,"8","","",0,"8",0,"8"
"352190360","P£OCK","2006","12","24","22","5","",0,"8",0,"8","","","",7,"",0,"8",0,"8",7,"",300,"",4,"",0,"",5.2,"",.0,"8","U","",8.0,"",90,"",3.7,"",1016.3,"",1030.0,"",3,.5,"",.0,"8",0,"8","02","2","7","","5","","","/","","","/","","",0,"8",.0,"8",.0,"8","","8",0,"8","","",.0,"8",.0,"8",.0,"8",.0,"8",.0,"8",.0,"8",.0,"8",.0,"8",.0,"8",0,"8",0,"8",0,"8","","",0,"8",0,"8"
"352190360","P£OCK","2006","12","24","23","5","",0,"8",0,"8","","","",7,"",0,"8",0,"8",1,"",300,"",4,"",0,"",4.5,"",.0,"8","U","",7.6,"",90,"",3.0,"",1016.3,"",1030.0,"",1,.4,"",.0,"8",0,"8","01","1","1","","5","","","0","","","0","","",0,"8",.0,"8",.0,"8","","8",0,"8","","",.0,"8",.0,"8",.0,"8",.0,"8",.0,"8",.0,"8",.0,"8",.0,"8",.0,"8",0,"8",0,"8",0,"8","","",0,"8",0,"8"
"352190360","P£OCK","2006","12","25","00","5","",0,"8",0,"8","","","",7,"",0,"8",0,"8",1,"",320,"",4,"",0,"",4.5,"",.0,"8","U","",7.1,"",84,"",2.0,"",1016.2,"",1029.9,"",0,.2,"",.0,"9",0,"9","02","1","1","","5","","","0","","","0","","",1,"",.0,"8",.0,"8","","8",0,"8","","",.0,"8",.0,"8",.0,"8",.0,"8",.0,"8",.0,"8",.0,"8",.0,"8",.0,"8",0,"8",0,"8",0,"8","","",0,"8",0,"8"
"352190360","P£OCK","2006","12","25","01","4","",0,"8",0,"8","","","",7,"",0,"8",0,"8",5,"",330,"",4,"",0,"",4.3,"",.0,"8","U","",7.1,"",86,"",2.2,"",1016.7,"",1030.4,"",3,.4,"",.0,"8",0,"8","03","1","5","","5","","","0","","","0","","",0,"8",.0,"8",.0,"8","","8",0,"8","","",.0,"8",.0,"8",.0,"8",.0,"8",.0,"8",.0,"8",.0,"8",.0,"8",.0,"8",0,"8",0,"8",0,"8","","",0,"8",0,"8"
"352190360","P£OCK","2006","12","25","02","4","",0,"8",0,"8","","","",7,"",0,"8",0,"8",7,"",320,"",4,"",0,"",4.0,"",.0,"8","U","",6.9,"",85,"",1.7,"",1017.1,"",1030.8,"",3,.8,"",.0,"8",0,"8","03","2","7","","5","","","/","","","/","","",0,"8",.0,"8",.0,"8","","8",0,"8","","",.0,"8",.0,"8",.0,"8",.0,"8",.0,"8",.0,"8",.0,"8",.0,"8",.0,"8",0,"8",0,"8",0,"8","","",0,"8",0,"8"
"352190360","P£OCK","2006","12","25","03","4","",0,"8",0,"8","","","",7,"",0,"8",0,"8",7,"",310,"",3,"",0,"",3.4,"",.0,"8","U","",6.9,"",88,"",1.6,"",1017.2,"",1031.0,"",1,1.0,"",.0,"8",0,"8","02","1","7","","5","","","/","","","/","","",0,"8",.0,"8",.0,"8","","8",0,"8","","",.0,"8",.0,"8",.0,"8",.0,"8",.0,"8",.0,"8",.0,"8",.0,"8",.0,"8",0,"8",0,"8",0,"8","","",0,"8",0,"8"
"352190360","P£OCK","2006","12","25","04","4","",0,"8",0,"8","","","",7,"",0,"8",0,"8",5,"",310,"",3,"",0,"",2.9,"",.0,"8","U","",6.7,"",89,"",1.3,"",1017.2,"",1031.0,"",1,.5,"",.0,"8",0,"8","01","2","5","","5","","","0","","","0","","",0,"8",.0,"8",.0,"8","","8",0,"8","","",.0,"8",.0,"8",.0,"8",.0,"8",.0,"8",.0,"8",.0,"8",.0,"8",.0,"8",0,"8",0,"8",0,"8","","",0,"8",0,"8"
"352190360","P£OCK","2006","12","25","05","4","",0,"8",0,"8","","","",6,"",0,"8",0,"8",2,"",300,"",4,"",0,"",2.2,"",.0,"8","U","",6.6,"",92,"",1.0,"",1017.4,"",1031.2,"",2,.3,"",.0,"8",0,"8","10","1","2","","5","","","0","","","0","","",0,"8",.0,"8",.0,"8","","8",0,"8","","",.0,"8",.0,"8",.0,"8",.0,"8",.0,"8",.0,"8",.0,"8",.0,"8",.0,"8",0,"8",0,"8",0,"8","","",0,"8",0,"8"
"352190360","P£OCK","2006","12","25","06","4","",0,"8",0,"8","","","",6,"",0,"8",0,"8",1,"",300,"",4,"",0,"",1.8,"",.0,"8","U","",6.4,"",92,"",.6,"",1017.7,"",1031.5,"",3,.5,"",.0,"9",0,"9","10","1","1","","5","","","0","","","0","","",1,"",.0,"8",.0,"8","","8",0,"8","","",.0,"8",.0,"8",.0,"8",.0,"8",.0,"8",.0,"8",.0,"8",.0,"8",.0,"8",0,"8",0,"8",0,"8","","",0,"8",0,"8"
"352190360","P£OCK","2006","12","25","07","9","",0,"8",0,"8","","","",6,"",0,"8",0,"8",2,"",310,"",3,"",0,"",1.3,"",.0,"8","U","",6.3,"",94,"",.4,"",1018.3,"",1032.2,"",3,1.1,"",.0,"8",0,"8","10","0","1","","0","","","3","","","1","","",0,"8",.0,"8",.0,"8","","8",0,"8","","",.0,"8",.0,"8",.0,"8",.0,"8",.0,"8",.0,"8",.0,"8",.0,"8",.0,"8",0,"8",0,"8",0,"8","","",0,"8",0,"8"
"352190360","P£OCK","2006","12","25","08","5","",0,"8",0,"8","","","",6,"",0,"8",0,"8",3,"",320,"",3,"",0,"",1.7,"",.0,"8","U","",6.5,"",94,"",.8,"",1019.1,"",1033.0,"",3,1.7,"",.0,"8",0,"8","10","0","1","","2","","","3","","","1","","",0,"8",.0,"8",.0,"8","","8",0,"8","","",.0,"8",.0,"8",.0,"8",.0,"8",.0,"8",.0,"8",.0,"8",.0,"8",.0,"8",0,"8",0,"8",0,"8","","",0,"8",0,"8"
"352190360","P£OCK","2006","12","25","09","5","",0,"8",0,"8","","","",7,"",0,"8",0,"8",5,"",310,"",4,"",0,"",2.6,"",.0,"8","U","",6.7,"",91,"",1.3,"",1019.6,"",1033.4,"",2,1.9,"",.0,"8",0,"8","25","1","3","","9","","","3","","","1","","",0,"8",.0,"8",.0,"8","","8",0,"8","","",.0,"8",.0,"8",.0,"8",.0,"8",.0,"8",.0,"8",.0,"8",.0,"8",.0,"8",0,"8",0,"8",0,"8","","",0,"8",0,"8"
"352190360","P£OCK","2006","12","25","10","4","",0,"8",0,"8","","","",7,"",0,"8",0,"8",4,"",310,"",4,"",0,"",3.8,"",.0,"8","U","",7.1,"",88,"",2.0,"",1019.7,"",1033.5,"",1,1.4,"",.0,"8",0,"8","01","1","2","","2","","","3","","","1","","",0,"8",.0,"8",.0,"8","","8",0,"8","","",.0,"8",.0,"8",.0,"8",.0,"8",.0,"8",.0,"8",.0,"8",.0,"8",.0,"8",0,"8",0,"8",0,"8","","",0,"8",0,"8"
"352190360","P£OCK","2006","12","25","11","4","",0,"8",0,"8","","","",8,"",0,"8",0,"8",4,"",350,"",4,"",0,"",4.1,"",.0,"8","U","",6.4,"",78,"",.6,"",1019.8,"",1033.6,"",1,.7,"",.0,"8",0,"8","02","0","2","","2","","","3","","","1","","",0,"8",.0,"8",.0,"8","","8",0,"8","","",.0,"8",.0,"8",.0,"8",.0,"8",.0,"8",.0,"8",.0,"8",.0,"8",.0,"8",0,"8",0,"8",0,"8","","",0,"8",0,"8"
"352190360","P£OCK","2006","12","25","12","5","",0,"8",0,"8","","","",8,"",0,"8",0,"8",4,"",360,"",3,"",0,"",3.9,"",.0,"8","U","",5.9,"",73,"",-.5,"",1020.1,"",1033.9,"",3,.5,"",.1,"",6,"","03","8","3","","3","","","3","","","1","","",1,"",.0,"8",.0,"8","","8",0,"8","","",.0,"8",.0,"8",.0,"8",.0,"8",.0,"8",.0,"8",.0,"8",.0,"8",.0,"8",0,"8",0,"8",0,"8","","",0,"8",0,"8"
"352190360","P£OCK","2006","12","25","13","5","",0,"8",0,"8","","","",9,"",0,"8",0,"8",4,"",10,"",4,"",0,"",3.5,"",.0,"8","U","",5.5,"",70,"",-1.5,"",1020.3,"",1034.1,"",2,.6,"",.0,"8",0,"8","02","0","3","","3","","","3","","","1","","",0,"8",.0,"8",.0,"8","","8",0,"8","","",.0,"8",.0,"8",.0,"8",.0,"8",.0,"8",.0,"8",.0,"8",.0,"8",.0,"8",0,"8",0,"8",0,"8","","",0,"8",0,"8"
"352190360","P£OCK","2006","12","25","14","5","",0,"8",0,"8","","","",9,"",0,"8",0,"8",3,"",20,"",4,"",0,"",2.6,"",.0,"8","U","",4.8,"",65,"",-3.3,"",1020.7,"",1034.5,"",2,.9,"",.0,"8",0,"8","01","0","1","","2","","","3","","","1","","",0,"8",.0,"8",.0,"8","","8",0,"8","","",.0,"8",.0,"8",.0,"8",.0,"8",.0,"8",.0,"8",.0,"8",.0,"8",.0,"8",0,"8",0,"8",0,"8","","",0,"8",0,"8"
"352190360","P£OCK","2006","12","25","15","9","",0,"8",0,"8","","","",8,"",0,"8",0,"8",3,"",350,"",2,"",0,"",1.1,"",.0,"8","U","",4.7,"",71,"",-3.6,"",1021.1,"",1035.0,"",3,1.0,"",.0,"8",0,"8","01","0","1","","0","","","3","","","1","","",0,"8",.0,"8",.0,"8","","8",0,"8","","",.0,"8",.0,"8",.0,"8",.0,"8",.0,"8",.0,"8",.0,"8",.0,"8",.0,"8",0,"8",0,"8",0,"8","","",0,"8",0,"8"
"352190360","P£OCK","2006","12","25","16","9","",0,"8",0,"8","","","",8,"",0,"8",0,"8",2,"",10,"",2,"",0,"",.2,"",.0,"8","U","",4.5,"",72,"",-4.3,"",1021.5,"",1035.5,"",2,1.2,"",.0,"8",0,"8","01","0","0","","0","","","0","","","1","","",0,"8",.0,"8",.0,"8","","8",0,"8","","",.0,"8",.0,"8",.0,"8",.0,"8",.0,"8",.0,"8",.0,"8",.0,"8",.0,"8",0,"8",0,"8",0,"8","","",0,"8",0,"8"
"352190360","P£OCK","2006","12","25","17","9","",0,"8",0,"8","","","",8,"",0,"8",0,"8",1,"",310,"",2,"",0,"",-.7,"",.0,"8","U","",4.5,"",78,"",-4.1,"",1022.0,"",1036.0,"",2,1.3,"",.0,"8",0,"8","01","0","0","","0","","","0","","","1","","",0,"8",.0,"8",.0,"8","","8",0,"8","","",.0,"8",.0,"8",.0,"8",.0,"8",.0,"8",.0,"8",.0,"8",.0,"8",.0,"8",0,"8",0,"8",0,"8","","",0,"8",0,"8"
"352190360","P£OCK","2006","12","25","18","6","",0,"8",0,"8","","","",7,"",0,"8",0,"8",7,"",320,"",2,"",0,"",-.3,"",.0,"8","U","",4.5,"",76,"",-4.0,"",1022.3,"",1036.3,"",2,1.2,"",.0,"9",0,"9","03","1","7","","5","","","/","","","/","","",4,"",.0,"8",.0,"8","","8",0,"8","","",.0,"8",.0,"8",.0,"8",.0,"8",.0,"8",.0,"8",.0,"8",.0,"8",.0,"8",0,"8",0,"8",0,"8","","",0,"8",0,"8"
"352190360","P£OCK","2006","12","25","19","6","",0,"8",0,"8","","","",7,"",0,"8",0,"8",7,"",320,"",2,"",0,"",.3,"",.0,"8","U","",4.8,"",77,"",-3.3,"",1022.5,"",1036.5,"",1,1.0,"",.0,"8",0,"8","02","2","7","","5","","","/","","","/","","",0,"8",.0,"8",.0,"8","","8",0,"8","","",.0,"8",.0,"8",.0,"8",.0,"8",.0,"8",.0,"8",.0,"8",.0,"8",.0,"8",0,"8",0,"8",0,"8","","",0,"8",0,"8"
"352190360","P£OCK","2006","12","25","20","6","",0,"8",0,"8","","","",7,"",0,"8",0,"8",5,"",330,"",2,"",0,"",.3,"",.0,"8","U","",4.8,"",77,"",-3.3,"",1022.7,"",1036.7,"",2,.7,"",.0,"8",0,"8","01","2","5","","5","","","0","","","0","","",0,"8",.0,"8",.0,"8","","8",0,"8","","",.0,"8",.0,"8",.0,"8",.0,"8",.0,"8",.0,"8",.0,"8",.0,"8",.0,"8",0,"8",0,"8",0,"8","","",0,"8",0,"8"
"352190360","P£OCK","2006","12","25","21","9","",0,"8",0,"8","","","",8,"",0,"8",0,"8",1,"",350,"",3,"",0,"",-.2,"",.0,"8","U","",4.4,"",73,"",-4.5,"",1022.9,"",1036.9,"",2,.6,"",.0,"8",0,"8","01","1","1","","0","","","3","","","0","","",0,"8",.0,"8",.0,"8","","8",0,"8","","",.0,"8",.0,"8",.0,"8",.0,"8",.0,"8",.0,"8",.0,"8",.0,"8",.0,"8",0,"8",0,"8",0,"8","","",0,"8",0,"8"
"352190360","P£OCK","2006","12","25","22","9","",0,"8",0,"8","","","",8,"",0,"8",0,"8",0,"",360,"",2,"",0,"",-1.0,"",.0,"8","U","",4.3,"",75,"",-4.9,"",1023.2,"",1037.3,"",2,.7,"",.0,"8",0,"8","01","0","0","","0","","","0","","","0","","",0,"8",.0,"8",.0,"8","","8",0,"8","","",.0,"8",.0,"8",.0,"8",.0,"8",.0,"8",.0,"8",.0,"8",.0,"8",.0,"8",0,"8",0,"8",0,"8","","",0,"8",0,"8"
"352190360","P£OCK","2006","12","25","23","9","",0,"8",0,"8","","","",8,"",0,"8",0,"8",0,"",50,"",1,"",0,"",-2.2,"",.0,"8","U","",4.3,"",83,"",-4.7,"",1023.1,"",1037.2,"",0,.4,"",.0,"8",0,"8","02","0","0","","0","","","0","","","0","","",0,"8",.0,"8",.0,"8","","8",0,"8","","",.0,"8",.0,"8",.0,"8",.0,"8",.0,"8",.0,"8",.0,"8",.0,"8",.0,"8",0,"8",0,"8",0,"8","","",0,"8",0,"8"
"352190360","P£OCK","2006","12","26","00","9","",0,"8",0,"8","","","",7,"",0,"8",0,"8",0,"",330,"",1,"",0,"",-2.7,"",.0,"8","U","",4.4,"",87,"",-4.6,"",1023.2,"",1037.4,"",2,.3,"",.0,"9",0,"9","02","1","0","","0","","","0","","","0","","",4,"",.0,"8",.0,"8","","8",0,"8","","",.0,"8",.0,"8",.0,"8",.0,"8",.0,"8",.0,"8",.0,"8",.0,"8",.0,"8",0,"8",0,"8",0,"8","","",0,"8",0,"8"
"352190360","P£OCK","2006","12","26","01","9","",0,"8",0,"8","","","",7,"",0,"8",0,"8",5,"",310,"",2,"",0,"",-2.3,"",.0,"8","U","",4.4,"",85,"",-4.5,"",1023.3,"",1037.4,"",3,.1,"",.0,"8",0,"8","03","1","5","","0","","","5","","","0","","",0,"8",.0,"8",.0,"8","","8",0,"8","","",.0,"8",.0,"8",.0,"8",.0,"8",.0,"8",.0,"8",.0,"8",.0,"8",.0,"8",0,"8",0,"8",0,"8","","",0,"8",0,"8"
"352190360","P£OCK","2006","12","26","02","9","",0,"8",0,"8","","","",7,"",0,"8",0,"8",7,"",350,"",1,"",0,"",-2.0,"",.0,"8","U","",4.4,"",84,"",-4.3,"",1023.4,"",1037.5,"",2,.3,"",.0,"8",0,"8","03","2","7","","0","","","5","","","/","","",0,"8",.0,"8",.0,"8","","8",0,"8","","",.0,"8",.0,"8",.0,"8",.0,"8",.0,"8",.0,"8",.0,"8",.0,"8",.0,"8",0,"8",0,"8",0,"8","","",0,"8",0,"8"
"352190360","P£OCK","2006","12","26","03","9","",0,"8",0,"8","","","",7,"",0,"8",0,"8",4,"",310,"",2,"",0,"",-2.2,"",.0,"8","U","",4.4,"",85,"",-4.4,"",1023.3,"",1037.4,"",0,.1,"",.0,"8",0,"8","01","1","4","","0","","","3","","","0","","",0,"8",.0,"8",.0,"8","","8",0,"8","","",.0,"8",.0,"8",.0,"8",.0,"8",.0,"8",.0,"8",.0,"8",.0,"8",.0,"8",0,"8",0,"8",0,"8","","",0,"8",0,"8"
"352190360","P£OCK","2006","12","26","04","9","",0,"8",0,"8","","","",8,"",0,"8",0,"8",2,"",340,"",1,"",0,"",-2.6,"",.0,"8","U","",4.2,"",83,"",-5.1,"",1023.3,"",1037.5,"",4,.0,"",.0,"8",0,"8","01","0","2","","0","","","3","","","0","","",0,"8",.0,"8",.0,"8","","8",0,"8","","",.0,"8",.0,"8",.0,"8",.0,"8",.0,"8",.0,"8",.0,"8",.0,"8",.0,"8",0,"8",0,"8",0,"8","","",0,"8",0,"8"
"352190360","P£OCK","2006","12","26","05","9","",0,"8",0,"8","","","",8,"",0,"8",0,"8",1,"",310,"",1,"",0,"",-3.5,"",.0,"8","U","",4.1,"",86,"",-5.5,"",1023.1,"",1037.3,"",7,-.3,"",.0,"8",0,"8","01","0","1","","0","","","3","","","0","","",0,"8",.0,"8",.0,"8","","8",0,"8","","",.0,"8",.0,"8",.0,"8",.0,"8",.0,"8",.0,"8",.0,"8",.0,"8",.0,"8",0,"8",0,"8",0,"8","","",0,"8",0,"8"
"352190360","P£OCK","2006","12","26","06","9","",0,"8",0,"8","","","",7,"",0,"8",0,"8",1,"",260,"",1,"",0,"",-3.6,"",.0,"8","U","",4.2,"",89,"",-5.2,"",1023.2,"",1037.4,"",5,-.1,"",.0,"9",0,"9","02","1","1","","0","","","3","","","0","","",4,"",.0,"8",.0,"8","","8",0,"8","","",.0,"8",.0,"8",.0,"8",.0,"8",.0,"8",.0,"8",.0,"8",.0,"8",.0,"8",0,"8",0,"8",0,"8","","",0,"8",0,"8"
"352190360","P£OCK","2006","12","26","07","9","",0,"8",0,"8","","","",7,"",0,"8",0,"8",2,"",280,"",1,"",0,"",-3.3,"",.0,"8","U","",4.1,"",86,"",-5.3,"",1023.3,"",1037.5,"",5,.0,"",.0,"8",0,"8","03","0","1","","0","","","3","","","1","","",0,"8",.0,"8",.0,"8","","8",0,"8","","",.0,"8",.0,"8",.0,"8",.0,"8",.0,"8",.0,"8",.0,"8",.0,"8",.0,"8",0,"8",0,"8",0,"8","","",0,"8",0,"8"
"352190360","P£OCK","2006","12","26","08","7","",0,"8",0,"8","","","",7,"",0,"8",0,"8",4,"",280,"",2,"",0,"",-3.1,"",.0,"8","U","",4.2,"",87,"",-5.0,"",1023.4,"",1037.6,"",2,.3,"",.0,"8",0,"8","03","0","3","","5","","","3","","","0","","",0,"8",.0,"8",.0,"8","","8",0,"8","","",.0,"8",.0,"8",.0,"8",.0,"8",.0,"8",.0,"8",.0,"8",.0,"8",.0,"8",0,"8",0,"8",0,"8","","",0,"8",0,"8"
"352190360","P£OCK","2006","12","26","09","7","",0,"8",0,"8","","","",7,"",0,"8",0,"8",5,"",230,"",2,"",0,"",-.5,"",.0,"8","U","",4.7,"",80,"",-3.5,"",1023.2,"",1037.2,"",0,.0,"",.0,"8",0,"8","03","1","5","","5","","","0","","","0","","",0,"8",.0,"8",.0,"8","","8",0,"8","","",.0,"8",.0,"8",.0,"8",.0,"8",.0,"8",.0,"8",.0,"8",.0,"8",.0,"8",0,"8",0,"8",0,"8","","",0,"8",0,"8"
"352190360","P£OCK","2006","12","26","10","7","",0,"8",0,"8","","","",8,"",0,"8",0,"8",7,"",230,"",4,"",0,"",.2,"",.0,"8","U","",4.2,"",68,"",-5.0,"",1022.8,"",1036.8,"",8,-.5,"",.0,"8",0,"8","03","2","7","","5","","","/","","","/","","",0,"8",.0,"8",.0,"8","","8",0,"8","","",.0,"8",.0,"8",.0,"8",.0,"8",.0,"8",.0,"8",.0,"8",.0,"8",.0,"8",0,"8",0,"8",0,"8","","",0,"8",0,"8"
"352190360","P£OCK","2006","12","26","11","7","",0,"8",0,"8","","","",8,"",0,"8",0,"8",7,"",230,"",5,"",0,"",1.0,"",.0,"8","U","",4.4,"",67,"",-4.4,"",1022.1,"",1036.0,"",8,-1.3,"",.0,"8",0,"8","02","2","7","","5","","","/","","","/","","",0,"8",.0,"8",.0,"8","","8",0,"8","","",.0,"8",.0,"8",.0,"8",.0,"8",.0,"8",.0,"8",.0,"8",.0,"8",.0,"8",0,"8",0,"8",0,"8","","",0,"8",0,"8"
"352190360","P£OCK","2006","12","26","12","7","",0,"8",0,"8","","","",8,"",0,"8",0,"8",7,"",230,"",5,"",0,"",1.6,"",.0,"8","U","",4.4,"",64,"",-4.5,"",1021.6,"",1035.5,"",7,-1.6,"",.0,"9",0,"9","02","1","7","","5","","","/","","","/","","",1,"",.0,"8",.0,"8","","8",0,"8","","",.0,"8",.0,"8",.0,"8",.0,"8",.0,"8",.0,"8",.0,"8",.0,"8",.0,"8",0,"8",0,"8",0,"8","","",0,"8",0,"8"
"352190360","P£OCK","2006","12","26","13","7","",0,"8",0,"8","","","",8,"",0,"8",0,"8",7,"",230,"",5,"",0,"",1.5,"",.0,"8","U","",4.5,"",66,"",-4.2,"",1021.1,"",1035.0,"",6,-1.7,"",.0,"8",0,"8","02","2","7","","5","","","/","","","/","","",0,"8",.0,"8",.0,"8","","8",0,"8","","",.0,"8",.0,"8",.0,"8",.0,"8",.0,"8",.0,"8",.0,"8",.0,"8",.0,"8",0,"8",0,"8",0,"8","","",0,"8",0,"8"
"352190360","P£OCK","2006","12","26","14","7","",0,"8",0,"8","","","",8,"",0,"8",0,"8",7,"",230,"",5,"",0,"",1.4,"",.0,"8","U","",4.7,"",69,"",-3.7,"",1020.8,"",1034.7,"",6,-1.3,"",.0,"8",0,"8","02","2","7","","5","","","/","","","/","","",0,"8",.0,"8",.0,"8","","8",0,"8","","",.0,"8",.0,"8",.0,"8",.0,"8",.0,"8",.0,"8",.0,"8",.0,"8",.0,"8",0,"8",0,"8",0,"8","","",0,"8",0,"8"
"352190360","P£OCK","2006","12","26","15","9","",0,"8",0,"8","","","",8,"",0,"8",0,"8",2,"",230,"",4,"",0,"",.9,"",.0,"8","U","",4.7,"",72,"",-3.6,"",1020.5,"",1034.4,"",6,-1.1,"",.0,"8",0,"8","01","1","1","","0","","","3","","","1","","",0,"8",.0,"8",.0,"8","","8",0,"8","","",.0,"8",.0,"8",.0,"8",.0,"8",.0,"8",.0,"8",.0,"8",.0,"8",.0,"8",0,"8",0,"8",0,"8","","",0,"8",0,"8"
"352190360","P£OCK","2006","12","26","16","9","",0,"8",0,"8","","","",7,"",0,"8",0,"8",1,"",230,"",5,"",0,"",.3,"",.0,"8","U","",4.9,"",79,"",-2.9,"",1019.8,"",1033.8,"",8,-1.3,"",.0,"8",0,"8","01","0","1","","0","","","3","","","0","","",0,"8",.0,"8",.0,"8","","8",0,"8","","",.0,"8",.0,"8",.0,"8",.0,"8",.0,"8",.0,"8",.0,"8",.0,"8",.0,"8",0,"8",0,"8",0,"8","","",0,"8",0,"8"
"352190360","P£OCK","2006","12","26","17","3","",0,"8",0,"8","","","",6,"",0,"8",0,"8",8,"",280,"",7,"",0,"",.1,"",.0,"8","U","",5.4,"",88,"",-1.7,"",1019.8,"",1033.8,"",6,-1.0,"",.0,"8",0,"8","10","1","8","","6","","","/","","","/","","",0,"8",.0,"8",.0,"8","","8",0,"8","","",.0,"8",.0,"8",.0,"8",.0,"8",.0,"8",.0,"8",.0,"8",.0,"8",.0,"8",0,"8",0,"8",0,"8","","",0,"8",0,"8"
"352190360","P£OCK","2006","12","26","18","1","",0,"8",0,"8","","","",5,"",0,"8",0,"8",8,"",280,"",6,"",0,"",-.2,"",.0,"8","U","",5.6,"",93,"",-1.2,"",1019.7,"",1033.7,"",7,-.8,"",.0,"",6,"","25","1","8","","9","","","/","","","/","","",4,"",.0,"8",.0,"8","","8",0,"8","","",.0,"8",.0,"8",.0,"8",.0,"8",.0,"8",.0,"8",.0,"8",.0,"8",.0,"8",0,"8",0,"8",0,"8","","",0,"8",0,"8"
"352190360","P£OCK","2006","12","26","19","2","",0,"8",0,"8","","","",5,"",0,"8",0,"8",8,"",270,"",6,"",0,"",.2,"",.0,"8","U","",5.7,"",92,"",-.9,"",1019.4,"",1033.4,"",8,-.4,"",.0,"8",0,"8","10","2","8","","6","","","/","","","/","","",0,"8",.0,"8",.0,"8","","8",0,"8","","",.0,"8",.0,"8",.0,"8",.0,"8",.0,"8",.0,"8",.0,"8",.0,"8",.0,"8",0,"8",0,"8",0,"8","","",0,"8",0,"8"
"352190360","P£OCK","2006","12","26","20","3","",0,"8",0,"8","","","",6,"",0,"8",0,"8",8,"",270,"",6,"",0,"",.6,"",.0,"8","U","",5.6,"",88,"",-1.2,"",1018.6,"",1032.5,"",8,-1.2,"",.0,"8",0,"8","10","2","8","","6","","","/","","","/","","",0,"8",.0,"8",.0,"8","","8",0,"8","","",.0,"8",.0,"8",.0,"8",.0,"8",.0,"8",.0,"8",.0,"8",.0,"8",.0,"8",0,"8",0,"8",0,"8","","",0,"8",0,"8"
"352190360","P£OCK","2006","12","26","21","3","",0,"8",0,"8","","","",6,"",0,"8",0,"8",8,"",270,"",7,"",12,"",.8,"",.0,"8","U","",5.7,"",88,"",-1.0,"",1018.2,"",1032.1,"",7,-1.5,"",.0,"8",0,"8","10","2","8","","6","","","/","","","/","","",0,"8",.0,"8",.0,"8","","8",0,"8","","",.0,"8",.0,"8",.0,"8",.0,"8",.0,"8",.0,"8",.0,"8",.0,"8",.0,"8",0,"8",0,"8",0,"8","","",0,"8",0,"8"
"352190360","P£OCK","2006","12","26","22","2","",0,"8",0,"8","","","",6,"",0,"8",0,"8",8,"",280,"",6,"",0,"",.4,"",.0,"8","U","",5.6,"",89,"",-1.2,"",1018.0,"",1031.9,"",6,-1.4,"",.0,"8",0,"8","10","2","8","","6","","","/","","","/","","",0,"8",.0,"8",.0,"8","","8",0,"8","","",.0,"8",.0,"8",.0,"8",.0,"8",.0,"8",.0,"8",.0,"8",.0,"8",.0,"8",0,"8",0,"8",0,"8","","",0,"8",0,"8"
"352190360","P£OCK","2006","12","26","23","2","",0,"8",0,"8","","","",6,"",0,"8",0,"8",8,"",280,"",7,"",13,"",.7,"",.0,"8","U","",5.7,"",88,"",-1.1,"",1017.4,"",1031.3,"",7,-1.2,"",.0,"8",0,"8","10","2","8","","5","","","/","","","/","","",0,"8",.0,"8",.0,"8","","8",0,"8","","",.0,"8",.0,"8",.0,"8",.0,"8",.0,"8",.0,"8",.0,"8",.0,"8",.0,"8",0,"8",0,"8",0,"8","","",0,"8",0,"8"
"352190360","P£OCK","2006","12","27","00","2","",0,"8",0,"8","","","",5,"",0,"8",0,"8",8,"",270,"",7,"",0,"",.8,"",.0,"8","U","",5.9,"",91,"",-.5,"",1016.8,"",1030.7,"",8,-1.4,"",.0,"9",0,"9","10","2","8","","6","","","/","","","/","","",4,"",.0,"8",.0,"8","","8",0,"8","","",.0,"8",.0,"8",.0,"8",.0,"8",.0,"8",.0,"8",.0,"8",.0,"8",.0,"8",0,"8",0,"8",0,"8","","",0,"8",0,"8"
"352190360","P£OCK","2006","12","27","01","2","",0,"8",0,"8","","","",5,"",0,"8",0,"8",8,"",280,"",6,"",0,"",.6,"",.0,"8","U","",5.8,"",91,"",-.7,"",1016.3,"",1030.2,"",7,-1.7,"",.0,"8",0,"8","10","2","8","","6","","","/","","","/","","",0,"8",.0,"8",.0,"8","","8",0,"8","","",.0,"8",.0,"8",.0,"8",.0,"8",.0,"8",.0,"8",.0,"8",.0,"8",.0,"8",0,"8",0,"8",0,"8","","",0,"8",0,"8"
"352190360","P£OCK","2006","12","27","02","2","",0,"8",0,"8","","","",5,"",0,"8",0,"8",8,"",280,"",7,"",0,"",.5,"",.0,"8","U","",5.9,"",93,"",-.5,"",1016.1,"",1030.0,"",6,-1.3,"",.0,"8",0,"8","10","2","8","","6","","","/","","","/","","",0,"8",.0,"8",.0,"8","","8",0,"8","","",.0,"8",.0,"8",.0,"8",.0,"8",.0,"8",.0,"8",.0,"8",.0,"8",.0,"8",0,"8",0,"8",0,"8","","",0,"8",0,"8"
"352190360","P£OCK","2006","12","27","03","2","",0,"8",0,"8","","","",5,"",0,"8",0,"8",8,"",270,"",6,"",0,"",.5,"",.0,"8","U","",5.8,"",92,"",-.6,"",1016.0,"",1029.9,"",6,-.8,"",.0,"8",0,"8","10","2","8","","6","","","/","","","/","","",0,"8",.0,"8",.0,"8","","8",0,"8","","",.0,"8",.0,"8",.0,"8",.0,"8",.0,"8",.0,"8",.0,"8",.0,"8",.0,"8",0,"8",0,"8",0,"8","","",0,"8",0,"8"
"352190360","P£OCK","2006","12","27","04","2","",0,"8",0,"8","","","",5,"",0,"8",0,"8",8,"",270,"",6,"",0,"",.5,"",.0,"8","U","",6.0,"",94,"",-.4,"",1015.6,"",1029.5,"",7,-.7,"",.0,"8",0,"8","10","2","8","","6","","","/","","","/","","",0,"8",.0,"8",.0,"8","","8",0,"8","","",.0,"8",.0,"8",.0,"8",.0,"8",.0,"8",.0,"8",.0,"8",.0,"8",.0,"8",0,"8",0,"8",0,"8","","",0,"8",0,"8"
"352190360","P£OCK","2006","12","27","05","2","",0,"8",0,"8","","","",5,"",0,"8",0,"8",8,"",280,"",6,"",0,"",.6,"",.0,"8","U","",5.9,"",93,"",-.4,"",1015.5,"",1029.4,"",7,-.6,"",.0,"8",0,"8","51","5","8","","6","","","/","","","/","","",0,"8",.0,"8",.0,"8","","8",0,"8","","",.0,"8",.0,"8",.0,"8",.0,"8",.0,"8",.0,"8",.0,"8",.0,"8",.0,"8",0,"8",0,"8",0,"8","","",0,"8",0,"8"
"352190360","P£OCK","2006","12","27","06","2","",0,"8",0,"8","","","",5,"",0,"8",0,"8",8,"",270,"",6,"",0,"",.8,"",.0,"8","U","",5.8,"",90,"",-.7,"",1015.4,"",1029.3,"",6,-.6,"",.0,"",6,"","51","2","8","","6","","","/","","","/","","",1,"",.0,"8",.0,"8","","8",0,"8","","",.0,"8",.0,"8",.0,"8",.0,"8",.0,"8",.0,"8",.0,"8",.0,"8",.0,"8",0,"8",0,"8",0,"8","","",0,"8",0,"8"
"352190360","P£OCK","2006","12","27","07","3","",0,"8",0,"8","","","",6,"",0,"8",0,"8",8,"",270,"",5,"",0,"",.7,"",.0,"8","U","",5.8,"",90,"",-.8,"",1015.7,"",1029.6,"",3,.1,"",.0,"8",0,"8","20","2","8","","6","","","/","","","/","","",0,"8",.0,"8",.0,"8","","8",0,"8","","",.0,"8",.0,"8",.0,"8",.0,"8",.0,"8",.0,"8",.0,"8",.0,"8",.0,"8",0,"8",0,"8",0,"8","","",0,"8",0,"8"
"352190360","P£OCK","2006","12","27","08","4","",0,"8",0,"8","","","",6,"",0,"8",0,"8",8,"",250,"",5,"",0,"",1.0,"",.0,"8","U","",5.8,"",89,"",-.6,"",1015.7,"",1029.6,"",1,.2,"",.0,"8",0,"8","10","2","8","","5","","","/","","","/","","",0,"8",.0,"8",.0,"8","","8",0,"8","","",.0,"8",.0,"8",.0,"8",.0,"8",.0,"8",.0,"8",.0,"8",.0,"8",.0,"8",0,"8",0,"8",0,"8","","",0,"8",0,"8"
"352190360","P£OCK","2006","12","27","09","4","",0,"8",0,"8","","","",6,"",0,"8",0,"8",8,"",260,"",4,"",0,"",1.1,"",.0,"8","U","",6.0,"",91,"",-.2,"",1015.3,"",1029.1,"",8,-.1,"",.0,"8",0,"8","10","5","8","","5","","","/","","","/","","",0,"8",.0,"8",.0,"8","","8",0,"8","","",.0,"8",.0,"8",.0,"8",.0,"8",.0,"8",.0,"8",.0,"8",.0,"8",.0,"8",0,"8",0,"8",0,"8","","",0,"8",0,"8"
"352190360","P£OCK","2006","12","27","10","4","",0,"8",0,"8","","","",6,"",0,"8",0,"8",8,"",250,"",5,"",0,"",1.3,"",.0,"8","U","",6.0,"",90,"",-.2,"",1014.8,"",1028.6,"",8,-.9,"",.0,"8",0,"8","10","2","8","","5","","","/","","","/","","",0,"8",.0,"8",.0,"8","","8",0,"8","","",.0,"8",.0,"8",.0,"8",.0,"8",.0,"8",.0,"8",.0,"8",.0,"8",.0,"8",0,"8",0,"8",0,"8","","",0,"8",0,"8"
"352190360","P£OCK","2006","12","27","11","4","",0,"8",0,"8","","","",6,"",0,"8",0,"8",8,"",270,"",7,"",0,"",1.5,"",.0,"8","U","",6.0,"",88,"",-.3,"",1014.3,"",1028.1,"",7,-1.4,"",.0,"8",0,"8","10","2","8","","5","","","/","","","/","","",0,"8",.0,"8",.0,"8","","8",0,"8","","",.0,"8",.0,"8",.0,"8",.0,"8",.0,"8",.0,"8",.0,"8",.0,"8",.0,"8",0,"8",0,"8",0,"8","","",0,"8",0,"8"
"352190360","P£OCK","2006","12","27","12","4","",0,"8",0,"8","","","",6,"",0,"8",0,"8",8,"",270,"",6,"",0,"",1.5,"",.0,"8","U","",5.9,"",86,"",-.6,"",1013.9,"",1027.7,"",7,-1.4,"",.0,"",6,"","10","5","8","","5","","","/","","","/","","",1,"",.0,"8",.0,"8","","8",0,"8","","",.0,"8",.0,"8",.0,"8",.0,"8",.0,"8",.0,"8",.0,"8",.0,"8",.0,"8",0,"8",0,"8",0,"8","","",0,"8",0,"8"
"352190360","P£OCK","2006","12","27","13","4","",0,"8",0,"8","","","",6,"",0,"8",0,"8",8,"",280,"",6,"",0,"",1.2,"",.0,"8","U","",5.8,"",87,"",-.7,"",1013.6,"",1027.4,"",6,-1.2,"",.0,"8",0,"8","10","2","8","","5","","","/","","","/","","",0,"8",.0,"8",.0,"8","","8",0,"8","","",.0,"8",.0,"8",.0,"8",.0,"8",.0,"8",.0,"8",.0,"8",.0,"8",.0,"8",0,"8",0,"8",0,"8","","",0,"8",0,"8"
"352190360","P£OCK","2006","12","27","14","4","",0,"8",0,"8","","","",6,"",0,"8",0,"8",8,"",270,"",7,"",0,"",1.1,"",.0,"8","U","",5.7,"",86,"",-1.0,"",1013.6,"",1027.4,"",6,-.7,"",.0,"8",0,"8","10","2","8","","5","","","/","","","/","","",0,"8",.0,"8",.0,"8","","8",0,"8","","",.0,"8",.0,"8",.0,"8",.0,"8",.0,"8",.0,"8",.0,"8",.0,"8",.0,"8",0,"8",0,"8",0,"8","","",0,"8",0,"8"
"352190360","P£OCK","2006","12","27","15","4","",0,"8",0,"8","","","",6,"",0,"8",0,"8",8,"",280,"",6,"",0,"",1.1,"",.0,"8","U","",5.6,"",85,"",-1.1,"",1013.3,"",1027.1,"",7,-.6,"",.0,"8",0,"8","10","2","8","","5","","","/","","","/","","",0,"8",.0,"8",.0,"8","","8",0,"8","","",.0,"8",.0,"8",.0,"8",.0,"8",.0,"8",.0,"8",.0,"8",.0,"8",.0,"8",0,"8",0,"8",0,"8","","",0,"8",0,"8"
"352190360","P£OCK","2006","12","27","16","3","",0,"8",0,"8","","","",6,"",0,"8",0,"8",8,"",280,"",5,"",0,"",1.1,"",.0,"8","U","",5.7,"",86,"",-1.0,"",1013.2,"",1027.0,"",8,-.4,"",.0,"8",0,"8","10","2","8","","6","","","/","","","/","","",0,"8",.0,"8",.0,"8","","8",0,"8","","",.0,"8",.0,"8",.0,"8",.0,"8",.0,"8",.0,"8",.0,"8",.0,"8",.0,"8",0,"8",0,"8",0,"8","","",0,"8",0,"8"
"352190360","P£OCK","2006","12","27","17","3","",0,"8",0,"8","","","",6,"",0,"8",0,"8",8,"",280,"",5,"",0,"",1.3,"",.0,"8","U","",5.8,"",86,"",-.8,"",1013.0,"",1026.8,"",7,-.6,"",.0,"8",0,"8","10","2","8","","6","","","/","","","/","","",0,"8",.0,"8",.0,"8","","8",0,"8","","",.0,"8",.0,"8",.0,"8",.0,"8",.0,"8",.0,"8",.0,"8",.0,"8",.0,"8",0,"8",0,"8",0,"8","","",0,"8",0,"8"
"352190360","P£OCK","2006","12","27","18","3","",0,"8",0,"8","","","",6,"",0,"8",0,"8",8,"",280,"",6,"",0,"",1.4,"",.0,"8","U","",5.7,"",85,"",-.8,"",1012.6,"",1026.4,"",8,-.7,"",.0,"9",0,"9","10","2","8","","6","","","/","","","/","","",1,"",.0,"8",.0,"8","","8",0,"8","","",.0,"8",.0,"8",.0,"8",.0,"8",.0,"8",.0,"8",.0,"8",.0,"8",.0,"8",0,"8",0,"8",0,"8","","",0,"8",0,"8"
"352190360","P£OCK","2006","12","27","19","3","",0,"8",0,"8","","","",6,"",0,"8",0,"8",8,"",270,"",6,"",0,"",1.5,"",.0,"8","U","",5.9,"",86,"",-.6,"",1012.3,"",1026.1,"",7,-.9,"",.0,"8",0,"8","10","2","8","","6","","","/","","","/","","",0,"8",.0,"8",.0,"8","","8",0,"8","","",.0,"8",.0,"8",.0,"8",.0,"8",.0,"8",.0,"8",.0,"8",.0,"8",.0,"8",0,"8",0,"8",0,"8","","",0,"8",0,"8"
"352190360","P£OCK","2006","12","27","20","3","",0,"8",0,"8","","","",6,"",0,"8",0,"8",8,"",280,"",7,"",0,"",1.4,"",.0,"8","U","",5.7,"",85,"",-.8,"",1012.2,"",1026.0,"",6,-.8,"",.0,"8",0,"8","10","2","8","","6","","","/","","","/","","",0,"8",.0,"8",.0,"8","","8",0,"8","","",.0,"8",.0,"8",.0,"8",.0,"8",.0,"8",.0,"8",.0,"8",.0,"8",.0,"8",0,"8",0,"8",0,"8","","",0,"8",0,"8"
"352190360","P£OCK","2006","12","27","21","3","",0,"8",0,"8","","","",6,"",0,"8",0,"8",8,"",280,"",7,"",0,"",1.0,"",.0,"8","U","",5.6,"",85,"",-1.2,"",1012.0,"",1025.8,"",7,-.6,"",.0,"8",0,"8","10","2","8","","6","","","/","","","/","","",0,"8",.0,"8",.0,"8","","8",0,"8","","",.0,"8",.0,"8",.0,"8",.0,"8",.0,"8",.0,"8",.0,"8",.0,"8",.0,"8",0,"8",0,"8",0,"8","","",0,"8",0,"8"
"352190360","P£OCK","2006","12","27","22","3","",0,"8",0,"8","","","",6,"",0,"8",0,"8",8,"",270,"",7,"",0,"",.9,"",.0,"8","U","",5.5,"",85,"",-1.3,"",1011.6,"",1025.4,"",8,-.7,"",.0,"8",0,"8","10","2","8","","6","","","/","","","/","","",0,"8",.0,"8",.0,"8","","8",0,"8","","",.0,"8",.0,"8",.0,"8",.0,"8",.0,"8",.0,"8",.0,"8",.0,"8",.0,"8",0,"8",0,"8",0,"8","","",0,"8",0,"8"
"352190360","P£OCK","2006","12","27","23","3","",0,"8",0,"8","","","",6,"",0,"8",0,"8",8,"",250,"",4,"",0,"",.6,"",.0,"8","U","",5.5,"",86,"",-1.5,"",1011.5,"",1025.3,"",7,-.7,"",.0,"8",0,"8","10","2","8","","6","","","/","","","/","","",0,"8",.0,"8",.0,"8","","8",0,"8","","",.0,"8",.0,"8",.0,"8",.0,"8",.0,"8",.0,"8",.0,"8",.0,"8",.0,"8",0,"8",0,"8",0,"8","","",0,"8",0,"8"
"352190360","P£OCK","2006","12","28","00","3","",0,"8",0,"8","","","",6,"",0,"8",0,"8",8,"",230,"",5,"",0,"",.3,"",.0,"8","U","",5.5,"",88,"",-1.5,"",1010.9,"",1024.7,"",7,-1.1,"",.0,"9",0,"9","10","2","8","","6","","","/","","","/","","",1,"",.0,"8",.0,"8","","8",0,"8","","",.0,"8",.0,"8",.0,"8",.0,"8",.0,"8",.0,"8",.0,"8",.0,"8",.0,"8",0,"8",0,"8",0,"8","","",0,"8",0,"8"
"352190360","P£OCK","2006","12","28","01","3","",0,"8",0,"8","","","",6,"",0,"8",0,"8",8,"",230,"",5,"",0,"",.2,"",.0,"8","U","",5.6,"",90,"",-1.2,"",1010.6,"",1024.4,"",7,-1.0,"",.0,"8",0,"8","10","2","8","","6","","","/","","","/","","",0,"8",.0,"8",.0,"8","","8",0,"8","","",.0,"8",.0,"8",.0,"8",.0,"8",.0,"8",.0,"8",.0,"8",.0,"8",.0,"8",0,"8",0,"8",0,"8","","",0,"8",0,"8"
"352190360","P£OCK","2006","12","28","02","2","",0,"8",0,"8","","","",5,"",0,"8",0,"8",8,"",250,"",4,"",9,"",.0,"",.0,"8","U","",5.6,"",92,"",-1.1,"",1010.1,"",1023.9,"",7,-1.4,"",.0,"8",0,"8","10","2","8","","6","","","/","","","/","","",0,"8",.0,"8",.0,"8","","8",0,"8","","",.0,"8",.0,"8",.0,"8",.0,"8",.0,"8",.0,"8",.0,"8",.0,"8",.0,"8",0,"8",0,"8",0,"8","","",0,"8",0,"8"
"352190360","P£OCK","2006","12","28","03","3","",0,"8",0,"8","","","",5,"",0,"8",0,"8",8,"",260,"",4,"",0,"",.6,"",.0,"8","U","",5.7,"",90,"",-.9,"",1009.5,"",1023.3,"",8,-1.4,"",.0,"8",0,"8","10","2","8","","6","","","/","","","/","","",0,"8",.0,"8",.0,"8","","8",0,"8","","",.0,"8",.0,"8",.0,"8",.0,"8",.0,"8",.0,"8",.0,"8",.0,"8",.0,"8",0,"8",0,"8",0,"8","","",0,"8",0,"8"
"352190360","P£OCK","2006","12","28","04","4","",0,"8",0,"8","","","",6,"",0,"8",0,"8",8,"",240,"",5,"",0,"",.5,"",.0,"8","U","",5.7,"",90,"",-1.0,"",1009.0,"",1022.8,"",7,-1.6,"",.0,"8",0,"8","10","2","8","","5","","","/","","","/","","",0,"8",.0,"8",.0,"8","","8",0,"8","","",.0,"8",.0,"8",.0,"8",.0,"8",.0,"8",.0,"8",.0,"8",.0,"8",.0,"8",0,"8",0,"8",0,"8","","",0,"8",0,"8"
"352190360","P£OCK","2006","12","28","05","4","",0,"8",0,"8","","","",6,"",0,"8",0,"8",8,"",230,"",6,"",0,"",.6,"",.0,"8","U","",5.7,"",89,"",-1.0,"",1008.6,"",1022.4,"",6,-1.5,"",.0,"8",0,"8","10","2","8","","5","","","/","","","/","","",0,"8",.0,"8",.0,"8","","8",0,"8","","",.0,"8",.0,"8",.0,"8",.0,"8",.0,"8",.0,"8",.0,"8",.0,"8",.0,"8",0,"8",0,"8",0,"8","","",0,"8",0,"8"
"352190360","P£OCK","2006","12","28","06","4","",0,"8",0,"8","","","",6,"",0,"8",0,"8",8,"",230,"",6,"",0,"",.6,"",.0,"8","U","",5.6,"",88,"",-1.2,"",1008.4,"",1022.2,"",6,-1.1,"",.0,"9",0,"9","10","2","8","","5","","","/","","","/","","",1,"",.0,"8",.0,"8","","8",0,"8","","",.0,"8",.0,"8",.0,"8",.0,"8",.0,"8",.0,"8",.0,"8",.0,"8",.0,"8",0,"8",0,"8",0,"8","","",0,"8",0,"8"
"352190360","P£OCK","2006","12","28","07","3","",0,"8",0,"8","","","",6,"",0,"8",0,"8",8,"",230,"",5,"",0,"",.6,"",.0,"8","U","",5.6,"",88,"",-1.2,"",1008.4,"",1022.2,"",6,-.6,"",.0,"8",0,"8","10","2","8","","5","","","/","","","/","","",0,"8",.0,"8",.0,"8","","8",0,"8","","",.0,"8",.0,"8",.0,"8",.0,"8",.0,"8",.0,"8",.0,"8",.0,"8",.0,"8",0,"8",0,"8",0,"8","","",0,"8",0,"8"
"352190360","P£OCK","2006","12","28","08","3","",0,"8",0,"8","","","",6,"",0,"8",0,"8",8,"",240,"",6,"",0,"",.8,"",.0,"8","U","",5.7,"",88,"",-1.0,"",1008.4,"",1022.2,"",6,-.2,"",.0,"8",0,"8","10","2","7","","5","","","/","","","/","","",0,"8",.0,"8",.0,"8","","8",0,"8","","",.0,"8",.0,"8",.0,"8",.0,"8",.0,"8",.0,"8",.0,"8",.0,"8",.0,"8",0,"8",0,"8",0,"8","","",0,"8",0,"8"
"352190360","P£OCK","2006","12","28","09","3","",0,"8",0,"8","","","",6,"",0,"8",0,"8",8,"",240,"",5,"",0,"",.7,"",.0,"8","U","",5.6,"",87,"",-1.2,"",1008.2,"",1022.0,"",8,-.2,"",.0,"8",0,"8","10","2","8","","5","","","/","","","/","","",0,"8",.0,"8",.0,"8","","8",0,"8","","",.0,"8",.0,"8",.0,"8",.0,"8",.0,"8",.0,"8",.0,"8",.0,"8",.0,"8",0,"8",0,"8",0,"8","","",0,"8",0,"8"
"352190360","P£OCK","2006","12","28","10","3","",0,"8",0,"8","","","",6,"",0,"8",0,"8",8,"",250,"",6,"",11,"",1.0,"",.0,"8","U","",5.7,"",87,"",-.9,"",1007.6,"",1021.3,"",8,-.8,"",.0,"8",0,"8","10","2","8","","5","","","/","","","/","","",0,"8",.0,"8",.0,"8","","8",0,"8","","",.0,"8",.0,"8",.0,"8",.0,"8",.0,"8",.0,"8",.0,"8",.0,"8",.0,"8",0,"8",0,"8",0,"8","","",0,"8",0,"8"
"352190360","P£OCK","2006","12","28","11","3","",0,"8",0,"8","","","",6,"",0,"8",0,"8",8,"",250,"",5,"",0,"",.7,"",.0,"8","U","",5.6,"",87,"",-1.2,"",1007.5,"",1021.3,"",7,-.9,"",.0,"8",0,"8","10","2","7","","5","","","/","","","/","","",0,"8",.0,"8",.0,"8","","8",0,"8","","",.0,"8",.0,"8",.0,"8",.0,"8",.0,"8",.0,"8",.0,"8",.0,"8",.0,"8",0,"8",0,"8",0,"8","","",0,"8",0,"8"
"352190360","P£OCK","2006","12","28","12","3","",0,"8",0,"8","","","",5,"",0,"8",0,"8",8,"",240,"",5,"",0,"",.3,"",.0,"8","U","",5.5,"",88,"",-1.5,"",1007.0,"",1020.8,"",7,-1.2,"",.0,"",7,"","71","2","8","","7","","","/","","","/","","",1,"",.0,"8",.0,"8","","8",0,"8","","",.0,"8",.0,"8",.0,"8",.0,"8",.0,"8",.0,"8",.0,"8",.0,"8",.0,"8",0,"8",0,"8",0,"8","","",0,"8",0,"8"
"352190360","P£OCK","2006","12","28","13","2","",0,"8",0,"8","","","",5,"",0,"8",0,"8",8,"",240,"",7,"",0,"",.1,"",.0,"8","U","",5.5,"",89,"",-1.5,"",1006.3,"",1020.1,"",8,-1.3,"",.0,"8",0,"8","71","7","7","","7","","","/","","","/","","",0,"8",.0,"8",.0,"8","","8",0,"8","","",.0,"8",.0,"8",.0,"8",.0,"8",.0,"8",.0,"8",.0,"8",.0,"8",.0,"8",0,"8",0,"8",0,"8","","",0,"8",0,"8"
"352190360","P£OCK","2006","12","28","14","3","",0,"8",0,"8","","","",6,"",0,"8",0,"8",8,"",230,"",7,"",0,"",-.5,"",.0,"8","U","",5.2,"",88,"",-2.2,"",1006.3,"",1020.1,"",6,-1.2,"",.0,"8",0,"8","71","7","7","","7","","","/","","","/","","",0,"8",.0,"8",.0,"8","","8",0,"8","","",.0,"8",.0,"8",.0,"8",.0,"8",.0,"8",.0,"8",.0,"8",.0,"8",.0,"8",0,"8",0,"8",0,"8","","",0,"8",0,"8"
"352190360","P£OCK","2006","12","28","15","4","",0,"8",0,"8","","","",6,"",0,"8",0,"8",8,"",230,"",7,"",0,"",-.8,"",.0,"8","U","",5.0,"",87,"",-2.7,"",1006.2,"",1020.0,"",7,-.8,"",.0,"8",0,"8","71","7","8","","5","","","/","","","/","","",0,"8",.0,"8",.0,"8","","8",0,"8","","",.0,"8",.0,"8",.0,"8",.0,"8",.0,"8",.0,"8",.0,"8",.0,"8",.0,"8",0,"8",0,"8",0,"8","","",0,"8",0,"8"
"352190360","P£OCK","2006","12","28","16","3","",0,"8",0,"8","","","",6,"",0,"8",0,"8",8,"",230,"",6,"",0,"",-.9,"",.0,"8","U","",5.0,"",88,"",-2.6,"",1006.0,"",1019.8,"",8,-.3,"",.0,"8",0,"8","70","7","8","","5","","","/","","","/","","",0,"8",.0,"8",.0,"8","","8",0,"8","","",.0,"8",.0,"8",.0,"8",.0,"8",.0,"8",.0,"8",.0,"8",.0,"8",.0,"8",0,"8",0,"8",0,"8","","",0,"8",0,"8"
"352190360","P£OCK","2006","12","28","17","3","",0,"8",0,"8","","","",6,"",0,"8",0,"8",8,"",250,"",4,"",0,"",-.7,"",.0,"8","U","",5.2,"",90,"",-2.1,"",1006.1,"",1019.9,"",5,-.2,"",.0,"8",0,"8","22","7","8","","5","","","/","","","/","","",0,"8",.0,"8",.0,"8","","8",0,"8","","",.0,"8",.0,"8",.0,"8",.0,"8",.0,"8",.0,"8",.0,"8",.0,"8",.0,"8",0,"8",0,"8",0,"8","","",0,"8",0,"8"
"352190360","P£OCK","2006","12","28","18","4","",0,"8",0,"8","","","",6,"",0,"8",0,"8",8,"",280,"",5,"",0,"",-1.0,"",.0,"8","U","",5.0,"",88,"",-2.7,"",1006.1,"",1019.9,"",6,-.1,"",.1,"",7,"","24","7","8","","5","","","/","","","/","","",5,"",.0,"8",.0,"8","","8",0,"8","","",.0,"8",.0,"8",.0,"8",.0,"8",.0,"8",.0,"8",.0,"8",.0,"8",.0,"8",0,"8",0,"8",0,"8","","",0,"8",0,"8"
"352190360","P£OCK","2006","12","28","19","4","",0,"8",0,"8","","","",6,"",0,"8",0,"8",8,"",280,"",5,"",0,"",-.9,"",.0,"8","U","",5.0,"",87,"",-2.8,"",1006.3,"",1020.1,"",2,.3,"",.0,"8",0,"8","10","2","8","","5","","","/","","","/","","",0,"8",.0,"8",.0,"8","","8",0,"8","","",.0,"8",.0,"8",.0,"8",.0,"8",.0,"8",.0,"8",.0,"8",.0,"8",.0,"8",0,"8",0,"8",0,"8","","",0,"8",0,"8"
"352190360","P£OCK","2006","12","28","20","4","",0,"8",0,"8","","","",6,"",0,"8",0,"8",8,"",280,"",5,"",0,"",-.9,"",.0,"8","U","",5.2,"",91,"",-2.2,"",1006.4,"",1020.2,"",3,.3,"",.0,"8",0,"8","66","6","8","","5","","","/","","","/","","",0,"8",.0,"8",.0,"8","","8",0,"8","","",.0,"8",.0,"8",.0,"8",.0,"8",.0,"8",.0,"8",.0,"8",.0,"8",.0,"8",0,"8",0,"8",0,"8","","",0,"8",0,"8"
"352190360","P£OCK","2006","12","28","21","4","",0,"8",0,"8","","","",6,"",0,"8",0,"8",8,"",280,"",5,"",0,"",-.7,"",.0,"8","U","",5.2,"",89,"",-2.3,"",1006.5,"",1020.3,"",2,.4,"",.0,"8",0,"8","68","6","8","","5","","","/","","","/","","",0,"8",.0,"8",.0,"8","","8",0,"8","","",.0,"8",.0,"8",.0,"8",.0,"8",.0,"8",.0,"8",.0,"8",.0,"8",.0,"8",0,"8",0,"8",0,"8","","",0,"8",0,"8"
"352190360","P£OCK","2006","12","28","22","4","",0,"8",0,"8","","","",6,"",0,"8",0,"8",8,"",270,"",6,"",0,"",-.6,"",.0,"8","U","",5.1,"",87,"",-2.5,"",1006.7,"",1020.5,"",2,.4,"",.0,"8",0,"8","23","2","8","","5","","","/","","","/","","",0,"8",.0,"8",.0,"8","","8",0,"8","","",.0,"8",.0,"8",.0,"8",.0,"8",.0,"8",.0,"8",.0,"8",.0,"8",.0,"8",0,"8",0,"8",0,"8","","",0,"8",0,"8"
"352190360","P£OCK","2006","12","28","23","4","",0,"8",0,"8","","","",6,"",0,"8",0,"8",8,"",280,"",6,"",0,"",-.4,"",.0,"8","U","",5.2,"",88,"",-2.1,"",1006.5,"",1020.3,"",0,.1,"",.0,"8",0,"8","71","7","5","","5","","","2","","","/","","",0,"8",.0,"8",.0,"8","","8",0,"8","","",.0,"8",.0,"8",.0,"8",.0,"8",.0,"8",.0,"8",.0,"8",.0,"8",.0,"8",0,"8",0,"8",0,"8","","",0,"8",0,"8"
"352190360","P£OCK","2006","12","29","00","4","",0,"8",0,"8","","","",6,"",0,"8",0,"8",8,"",280,"",6,"",0,"",-.4,"",.0,"8","U","",5.3,"",89,"",-2.0,"",1006.8,"",1020.6,"",2,.3,"",.0,"",7,"","22","6","8","","5","","","/","","","/","","",13,"",.0,"8",.0,"8","","8",0,"8","","",.0,"8",.0,"8",.0,"8",.0,"8",.0,"8",.0,"8",.0,"8",.0,"8",.0,"8",0,"8",0,"8",0,"8","","",0,"8",0,"8"
"352190360","P£OCK","2006","12","29","01","4","",0,"8",0,"8","","","",6,"",0,"8",0,"8",8,"",270,"",5,"",0,"",-.2,"",.0,"8","U","",5.4,"",90,"",-1.6,"",1007.4,"",1021.2,"",3,.7,"",.0,"8",0,"8","10","2","8","","5","","","/","","","/","","",0,"8",.0,"8",.0,"8","","8",0,"8","","",.0,"8",.0,"8",.0,"8",.0,"8",.0,"8",.0,"8",.0,"8",.0,"8",.0,"8",0,"8",0,"8",0,"8","","",0,"8",0,"8"
"352190360","P£OCK","2006","12","29","02","4","",0,"8",0,"8","","","",6,"",0,"8",0,"8",8,"",270,"",5,"",0,"",.0,"",.0,"8","U","",5.6,"",91,"",-1.3,"",1008.0,"",1021.8,"",3,1.5,"",.0,"8",0,"8","10","2","8","","5","","","/","","","/","","",0,"8",.0,"8",.0,"8","","8",0,"8","","",.0,"8",.0,"8",.0,"8",.0,"8",.0,"8",.0,"8",.0,"8",.0,"8",.0,"8",0,"8",0,"8",0,"8","","",0,"8",0,"8"
"352190360","P£OCK","2006","12","29","03","3","",0,"8",0,"8","","","",6,"",0,"8",0,"8",8,"",280,"",4,"",0,"",.1,"",.0,"8","U","",5.7,"",92,"",-1.0,"",1008.6,"",1022.4,"",2,1.8,"",.0,"8",0,"8","10","2","8","","6","","","/","","","/","","",0,"8",.0,"8",.0,"8","","8",0,"8","","",.0,"8",.0,"8",.0,"8",.0,"8",.0,"8",.0,"8",.0,"8",.0,"8",.0,"8",0,"8",0,"8",0,"8","","",0,"8",0,"8"
"352190360","P£OCK","2006","12","29","04","3","",0,"8",0,"8","","","",6,"",0,"8",0,"8",8,"",270,"",4,"",0,"",.2,"",.0,"8","U","",5.8,"",93,"",-.8,"",1008.8,"",1022.6,"",1,1.4,"",.0,"8",0,"8","10","2","8","","6","","","/","","","/","","",0,"8",.0,"8",.0,"8","","8",0,"8","","",.0,"8",.0,"8",.0,"8",.0,"8",.0,"8",.0,"8",.0,"8",.0,"8",.0,"8",0,"8",0,"8",0,"8","","",0,"8",0,"8"
"352190360","P£OCK","2006","12","29","05","2","",0,"8",0,"8","","","",6,"",0,"8",0,"8",8,"",280,"",4,"",0,"",.4,"",.0,"8","U","",5.9,"",94,"",-.5,"",1009.4,"",1023.2,"",2,1.4,"",.0,"8",0,"8","10","2","8","","6","","","/","","","/","","",0,"8",.0,"8",.0,"8","","8",0,"8","","",.0,"8",.0,"8",.0,"8",.0,"8",.0,"8",.0,"8",.0,"8",.0,"8",.0,"8",0,"8",0,"8",0,"8","","",0,"8",0,"8"
"352190360","P£OCK","2006","12","29","06","1","",0,"8",0,"8","","","",4,"",0,"8",0,"8",8,"",280,"",4,"",0,"",.6,"",.0,"8","U","",6.1,"",95,"",-.1,"",1010.2,"",1024.0,"",3,1.6,"",.0,"9",0,"9","10","2","8","","6","","","/","","","/","","",1,"",.0,"8",.0,"8","","8",0,"8","","",.0,"8",.0,"8",.0,"8",.0,"8",.0,"8",.0,"8",.0,"8",.0,"8",.0,"8",0,"8",0,"8",0,"8","","",0,"8",0,"8"
"352190360","P£OCK","2006","12","29","07","1","",0,"8",0,"8","","","",4,"",0,"8",0,"8",8,"",280,"",4,"",0,"",.8,"",.0,"8","U","",6.2,"",95,"",.1,"",1011.4,"",1025.2,"",3,2.6,"",.0,"8",0,"8","10","2","8","","6","","","/","","","/","","",0,"8",.0,"8",.0,"8","","8",0,"8","","",.0,"8",.0,"8",.0,"8",.0,"8",.0,"8",.0,"8",.0,"8",.0,"8",.0,"8",0,"8",0,"8",0,"8","","",0,"8",0,"8"
"352190360","P£OCK","2006","12","29","08","1","",0,"8",0,"8","","","",4,"",0,"8",0,"8",8,"",280,"",4,"",0,"",1.0,"",.0,"8","U","",6.2,"",95,"",.3,"",1012.0,"",1025.8,"",2,2.6,"",.0,"8",0,"8","10","2","8","","6","","","/","","","/","","",0,"8",.0,"8",.0,"8","","8",0,"8","","",.0,"8",.0,"8",.0,"8",.0,"8",.0,"8",.0,"8",.0,"8",.0,"8",.0,"8",0,"8",0,"8",0,"8","","",0,"8",0,"8"
"352190360","P£OCK","2006","12","29","09","1","",0,"8",0,"8","","","",5,"",0,"8",0,"8",8,"",280,"",4,"",0,"",1.3,"",.0,"8","U","",6.4,"",96,"",.7,"",1012.7,"",1026.5,"",2,2.5,"",.0,"8",0,"8","10","2","8","","6","","","/","","","/","","",0,"8",.0,"8",.0,"8","","8",0,"8","","",.0,"8",.0,"8",.0,"8",.0,"8",.0,"8",.0,"8",.0,"8",.0,"8",.0,"8",0,"8",0,"8",0,"8","","",0,"8",0,"8"
"352190360","P£OCK","2006","12","29","10","2","",0,"8",0,"8","","","",5,"",0,"8",0,"8",8,"",280,"",5,"",0,"",1.6,"",.0,"8","U","",6.5,"",95,"",.9,"",1013.1,"",1026.9,"",2,1.7,"",.0,"8",0,"8","10","2","8","","6","","","/","","","/","","",0,"8",.0,"8",.0,"8","","8",0,"8","","",.0,"8",.0,"8",.0,"8",.0,"8",.0,"8",.0,"8",.0,"8",.0,"8",.0,"8",0,"8",0,"8",0,"8","","",0,"8",0,"8"
"352190360","P£OCK","2006","12","29","11","2","",0,"8",0,"8","","","",5,"",0,"8",0,"8",8,"",280,"",4,"",0,"",1.7,"",.0,"8","U","",6.4,"",93,"",.7,"",1013.7,"",1027.5,"",2,1.7,"",.0,"8",0,"8","10","2","8","","6","","","/","","","/","","",0,"8",.0,"8",.0,"8","","8",0,"8","","",.0,"8",.0,"8",.0,"8",.0,"8",.0,"8",.0,"8",.0,"8",.0,"8",.0,"8",0,"8",0,"8",0,"8","","",0,"8",0,"8"
"352190360","P£OCK","2006","12","29","12","1","",0,"8",0,"8","","","",4,"",0,"8",0,"8",8,"",270,"",5,"",0,"",1.7,"",.0,"8","U","",6.5,"",94,"",.8,"",1014.0,"",1027.8,"",2,1.3,"",.0,"9",0,"9","10","2","8","","6","","","/","","","/","","",1,"",.0,"8",.0,"8","","8",0,"8","","",.0,"8",.0,"8",.0,"8",.0,"8",.0,"8",.0,"8",.0,"8",.0,"8",.0,"8",0,"8",0,"8",0,"8","","",0,"8",0,"8"
"352190360","P£OCK","2006","12","29","13","2","",0,"8",0,"8","","","",5,"",0,"8",0,"8",8,"",270,"",5,"",0,"",2.0,"",.0,"8","U","",6.4,"",91,"",.7,"",1014.1,"",1027.9,"",1,1.0,"",.0,"8",0,"8","10","2","8","","6","","","/","","","/","","",0,"8",.0,"8",.0,"8","","8",0,"8","","",.0,"8",.0,"8",.0,"8",.0,"8",.0,"8",.0,"8",.0,"8",.0,"8",.0,"8",0,"8",0,"8",0,"8","","",0,"8",0,"8"
"352190360","P£OCK","2006","12","29","14","2","",0,"8",0,"8","","","",5,"",0,"8",0,"8",8,"",280,"",5,"",0,"",2.0,"",.0,"8","U","",6.3,"",89,"",.4,"",1014.5,"",1028.3,"",2,.8,"",.0,"8",0,"8","10","2","8","","6","","","/","","","/","","",0,"8",.0,"8",.0,"8","","8",0,"8","","",.0,"8",.0,"8",.0,"8",.0,"8",.0,"8",.0,"8",.0,"8",.0,"8",.0,"8",0,"8",0,"8",0,"8","","",0,"8",0,"8"
"352190360","P£OCK","2006","12","29","15","2","",0,"8",0,"8","","","",5,"",0,"8",0,"8",8,"",270,"",5,"",0,"",1.7,"",.0,"8","U","",6.1,"",88,"",-.1,"",1015.2,"",1029.0,"",3,1.2,"",.0,"8",0,"8","10","2","8","","6","","","/","","","/","","",0,"8",.0,"8",.0,"8","","8",0,"8","","",.0,"8",.0,"8",.0,"8",.0,"8",.0,"8",.0,"8",.0,"8",.0,"8",.0,"8",0,"8",0,"8",0,"8","","",0,"8",0,"8"
"352190360","P£OCK","2006","12","29","16","2","",0,"8",0,"8","","","",6,"",0,"8",0,"8",8,"",280,"",5,"",0,"",1.9,"",.0,"8","U","",6.2,"",88,"",.1,"",1015.7,"",1029.5,"",2,1.6,"",.0,"8",0,"8","10","2","8","","6","","","/","","","/","","",0,"8",.0,"8",.0,"8","","8",0,"8","","",.0,"8",.0,"8",.0,"8",.0,"8",.0,"8",.0,"8",.0,"8",.0,"8",.0,"8",0,"8",0,"8",0,"8","","",0,"8",0,"8"
"352190360","P£OCK","2006","12","29","17","2","",0,"8",0,"8","","","",5,"",0,"8",0,"8",8,"",290,"",4,"",0,"",2.0,"",.0,"8","U","",6.2,"",88,"",.2,"",1016.0,"",1029.8,"",1,1.5,"",.0,"8",0,"8","10","2","8","","6","","","/","","","/","","",0,"8",.0,"8",.0,"8","","8",0,"8","","",.0,"8",.0,"8",.0,"8",.0,"8",.0,"8",.0,"8",.0,"8",.0,"8",.0,"8",0,"8",0,"8",0,"8","","",0,"8",0,"8"
"352190360","P£OCK","2006","12","29","18","3","",0,"8",0,"8","","","",6,"",0,"8",0,"8",8,"",270,"",4,"",0,"",1.8,"",.0,"8","U","",6.1,"",87,"",-.1,"",1016.4,"",1030.2,"",2,1.2,"",.0,"9",0,"9","10","2","8","","6","","","/","","","/","","",1,"",.0,"8",.0,"8","","8",0,"8","","",.0,"8",.0,"8",.0,"8",.0,"8",.0,"8",.0,"8",.0,"8",.0,"8",.0,"8",0,"8",0,"8",0,"8","","",0,"8",0,"8"
"352190360","P£OCK","2006","12","29","19","3","",0,"8",0,"8","","","",6,"",0,"8",0,"8",8,"",250,"",3,"",0,"",1.6,"",.0,"8","U","",6.1,"",89,"",.0,"",1016.5,"",1030.3,"",2,.8,"",.0,"8",0,"8","10","2","8","","6","","","/","","","/","","",0,"8",.0,"8",.0,"8","","8",0,"8","","",.0,"8",.0,"8",.0,"8",.0,"8",.0,"8",.0,"8",.0,"8",.0,"8",.0,"8",0,"8",0,"8",0,"8","","",0,"8",0,"8"
"352190360","P£OCK","2006","12","29","20","3","",0,"8",0,"8","","","",6,"",0,"8",0,"8",8,"",260,"",3,"",0,"",1.9,"",.0,"8","U","",6.2,"",89,"",.3,"",1016.7,"",1030.5,"",2,.7,"",.0,"8",0,"8","10","2","8","","6","","","/","","","/","","",0,"8",.0,"8",.0,"8","","8",0,"8","","",.0,"8",.0,"8",.0,"8",.0,"8",.0,"8",.0,"8",.0,"8",.0,"8",.0,"8",0,"8",0,"8",0,"8","","",0,"8",0,"8"
"352190360","P£OCK","2006","12","29","21","3","",0,"8",0,"8","","","",6,"",0,"8",0,"8",8,"",230,"",5,"",0,"",1.7,"",.0,"8","U","",6.0,"",87,"",-.2,"",1016.7,"",1030.5,"",1,.3,"",.0,"8",0,"8","10","2","8","","6","","","/","","","/","","",0,"8",.0,"8",.0,"8","","8",0,"8","","",.0,"8",.0,"8",.0,"8",.0,"8",.0,"8",.0,"8",.0,"8",.0,"8",.0,"8",0,"8",0,"8",0,"8","","",0,"8",0,"8"
"352190360","P£OCK","2006","12","29","22","3","",0,"8",0,"8","","","",6,"",0,"8",0,"8",8,"",230,"",4,"",0,"",1.2,"",.0,"8","U","",5.9,"",88,"",-.6,"",1017.1,"",1031.0,"",2,.6,"",.0,"8",0,"8","10","2","8","","6","","","/","","","/","","",0,"8",.0,"8",.0,"8","","8",0,"8","","",.0,"8",.0,"8",.0,"8",.0,"8",.0,"8",.0,"8",.0,"8",.0,"8",.0,"8",0,"8",0,"8",0,"8","","",0,"8",0,"8"
"352190360","P£OCK","2006","12","29","23","3","",0,"8",0,"8","","","",6,"",0,"8",0,"8",8,"",220,"",4,"",0,"",.9,"",.0,"8","U","",5.8,"",89,"",-.7,"",1016.8,"",1030.7,"",0,.1,"",.0,"8",0,"8","10","2","8","","6","","","/","","","/","","",0,"8",.0,"8",.0,"8","","8",0,"8","","",.0,"8",.0,"8",.0,"8",.0,"8",.0,"8",.0,"8",.0,"8",.0,"8",.0,"8",0,"8",0,"8",0,"8","","",0,"8",0,"8"
"352190360","P£OCK","2006","12","30","00","2","",0,"8",0,"8","","","",5,"",0,"8",0,"8",8,"",210,"",3,"",0,"",.9,"",.0,"8","U","",5.9,"",91,"",-.4,"",1016.7,"",1030.6,"",0,.0,"",.0,"9",0,"9","10","2","8","","6","","","/","","","/","","",1,"",.0,"8",.0,"8","","8",0,"8","","",.0,"8",.0,"8",.0,"8",.0,"8",.0,"8",.0,"8",.0,"8",.0,"8",.0,"8",0,"8",0,"8",0,"8","","",0,"8",0,"8"
"352190360","P£OCK","2006","12","30","01","2","",0,"8",0,"8","","","",6,"",0,"8",0,"8",8,"",190,"",4,"",0,"",.9,"",.0,"8","U","",5.9,"",90,"",-.6,"",1016.5,"",1030.4,"",7,-.6,"",.0,"8",0,"8","10","2","8","","6","","","/","","","/","","",0,"8",.0,"8",.0,"8","","8",0,"8","","",.0,"8",.0,"8",.0,"8",.0,"8",.0,"8",.0,"8",.0,"8",.0,"8",.0,"8",0,"8",0,"8",0,"8","","",0,"8",0,"8"
"352190360","P£OCK","2006","12","30","02","2","",0,"8",0,"8","","","",6,"",0,"8",0,"8",8,"",190,"",4,"",0,"",.6,"",.0,"8","U","",5.8,"",91,"",-.7,"",1016.3,"",1030.2,"",7,-.5,"",.0,"8",0,"8","10","2","8","","6","","","/","","","/","","",0,"8",.0,"8",.0,"8","","8",0,"8","","",.0,"8",.0,"8",.0,"8",.0,"8",.0,"8",.0,"8",.0,"8",.0,"8",.0,"8",0,"8",0,"8",0,"8","","",0,"8",0,"8"
"352190360","P£OCK","2006","12","30","03","2","",0,"8",0,"8","","","",5,"",0,"8",0,"8",8,"",180,"",4,"",0,"",.5,"",.0,"8","U","",5.8,"",92,"",-.6,"",1015.9,"",1029.8,"",8,-.8,"",.0,"8",0,"8","10","2","8","","6","","","/","","","/","","",0,"8",.0,"8",.0,"8","","8",0,"8","","",.0,"8",.0,"8",.0,"8",.0,"8",.0,"8",.0,"8",.0,"8",.0,"8",.0,"8",0,"8",0,"8",0,"8","","",0,"8",0,"8"
"352190360","P£OCK","2006","12","30","04","2","",0,"8",0,"8","","","",5,"",0,"8",0,"8",8,"",180,"",4,"",0,"",.4,"",.0,"8","U","",5.9,"",93,"",-.6,"",1015.7,"",1029.6,"",7,-.8,"",.0,"8",0,"8","10","2","8","","6","","","/","","","/","","",0,"8",.0,"8",.0,"8","","8",0,"8","","",.0,"8",.0,"8",.0,"8",.0,"8",.0,"8",.0,"8",.0,"8",.0,"8",.0,"8",0,"8",0,"8",0,"8","","",0,"8",0,"8"
"352190360","P£OCK","2006","12","30","05","2","",0,"8",0,"8","","","",5,"",0,"8",0,"8",8,"",180,"",3,"",0,"",.6,"",.0,"8","U","",6.0,"",94,"",-.3,"",1015.3,"",1029.2,"",7,-1.0,"",.0,"8",0,"8","10","2","8","","6","","","/","","","/","","",0,"8",.0,"8",.0,"8","","8",0,"8","","",.0,"8",.0,"8",.0,"8",.0,"8",.0,"8",.0,"8",.0,"8",.0,"8",.0,"8",0,"8",0,"8",0,"8","","",0,"8",0,"8"
"352190360","P£OCK","2006","12","30","06","2","",0,"8",0,"8","","","",6,"",0,"8",0,"8",8,"",180,"",4,"",0,"",.6,"",.0,"8","U","",5.8,"",91,"",-.7,"",1015.7,"",1029.6,"",5,-.2,"",.0,"9",0,"9","10","2","8","","6","","","/","","","/","","",1,"",.0,"8",.0,"8","","8",0,"8","","",.0,"8",.0,"8",.0,"8",.0,"8",.0,"8",.0,"8",.0,"8",.0,"8",.0,"8",0,"8",0,"8",0,"8","","",0,"8",0,"8"
"352190360","P£OCK","2006","12","30","07","2","",0,"8",0,"8","","","",6,"",0,"8",0,"8",8,"",180,"",4,"",0,"",.4,"",.0,"8","U","",5.7,"",90,"",-1.0,"",1015.6,"",1029.5,"",7,-.1,"",.0,"8",0,"8","10","2","8","","6","","","/","","","/","","",0,"8",.0,"8",.0,"8","","8",0,"8","","",.0,"8",.0,"8",.0,"8",.0,"8",.0,"8",.0,"8",.0,"8",.0,"8",.0,"8",0,"8",0,"8",0,"8","","",0,"8",0,"8"
"352190360","P£OCK","2006","12","30","08","2","",0,"8",0,"8","","","",5,"",0,"8",0,"8",7,"",170,"",3,"",0,"",.4,"",.0,"8","U","",5.7,"",90,"",-1.0,"",1015.2,"",1029.1,"",8,-.1,"",.0,"8",0,"8","10","2","7","","6","","","/","","","/","","",0,"8",.0,"8",.0,"8","","8",0,"8","","",.0,"8",.0,"8",.0,"8",.0,"8",.0,"8",.0,"8",.0,"8",.0,"8",.0,"8",0,"8",0,"8",0,"8","","",0,"8",0,"8"
"352190360","P£OCK","2006","12","30","09","9","",0,"8",0,"8","","","",6,"",0,"8",0,"8",1,"",170,"",4,"",0,"",.9,"",.0,"8","U","",5.6,"",86,"",-1.2,"",1014.8,"",1028.7,"",8,-.9,"",.0,"8",0,"8","10","1","0","","0","","","0","","","1","","",0,"8",.0,"8",.0,"8","","8",0,"8","","",.0,"8",.0,"8",.0,"8",.0,"8",.0,"8",.0,"8",.0,"8",.0,"8",.0,"8",0,"8",0,"8",0,"8","","",0,"8",0,"8"
"352190360","P£OCK","2006","12","30","10","9","",0,"8",0,"8","","","",6,"",0,"8",0,"8",1,"",180,"",4,"",0,"",1.8,"",.0,"8","U","",5.6,"",80,"",-1.3,"",1014.3,"",1028.1,"",7,-1.3,"",.0,"8",0,"8","10","0","0","","0","","","0","","","1","","",0,"8",.0,"8",.0,"8","","8",0,"8","","",.0,"8",.0,"8",.0,"8",.0,"8",.0,"8",.0,"8",.0,"8",.0,"8",.0,"8",0,"8",0,"8",0,"8","","",0,"8",0,"8"
"352190360","P£OCK","2006","12","30","11","9","",0,"8",0,"8","","","",6,"",0,"8",0,"8",3,"",180,"",5,"",0,"",2.7,"",.0,"8","U","",5.6,"",76,"",-1.1,"",1013.7,"",1027.4,"",8,-1.5,"",.0,"8",0,"8","10","0","0","","0","","","0","","","4","","",0,"8",.0,"8",.0,"8","","8",0,"8","","",.0,"8",.0,"8",.0,"8",.0,"8",.0,"8",.0,"8",.0,"8",.0,"8",.0,"8",0,"8",0,"8",0,"8","","",0,"8",0,"8"
"352190360","P£OCK","2006","12","30","12","9","",0,"8",0,"8","","","",6,"",0,"8",0,"8",6,"",190,"",4,"",0,"",3.4,"",.0,"8","U","",5.7,"",73,"",-1.0,"",1012.9,"",1026.6,"",8,-1.9,"",.0,"9",0,"9","10","1","0","","0","","","0","","","6","","",1,"",.0,"8",.0,"8","","8",0,"8","","",.0,"8",.0,"8",.0,"8",.0,"8",.0,"8",.0,"8",.0,"8",.0,"8",.0,"8",0,"8",0,"8",0,"8","","",0,"8",0,"8"
"352190360","P£OCK","2006","12","30","13","9","",0,"8",0,"8","","","",7,"",0,"8",0,"8",7,"",190,"",3,"",0,"",3.8,"",.0,"8","U","",5.8,"",72,"",-.8,"",1012.6,"",1026.3,"",7,-1.7,"",.0,"8",0,"8","03","2","0","","0","","","0","","","6","","",0,"8",.0,"8",.0,"8","","8",0,"8","","",.0,"8",.0,"8",.0,"8",.0,"8",.0,"8",.0,"8",.0,"8",.0,"8",.0,"8",0,"8",0,"8",0,"8","","",0,"8",0,"8"
"352190360","P£OCK","2006","12","30","14","9","",0,"8",0,"8","","","",7,"",0,"8",0,"8",7,"",180,"",3,"",0,"",3.5,"",.0,"8","U","",5.7,"",72,"",-1.1,"",1012.6,"",1026.3,"",6,-1.1,"",.0,"8",0,"8","03","2","1","","0","","","3","","","8","","",0,"8",.0,"8",.0,"8","","8",0,"8","","",.0,"8",.0,"8",.0,"8",.0,"8",.0,"8",.0,"8",.0,"8",.0,"8",.0,"8",0,"8",0,"8",0,"8","","",0,"8",0,"8"
"352190360","P£OCK","2006","12","30","15","9","",0,"8",0,"8","","","",6,"",0,"8",0,"8",6,"",180,"",3,"",0,"",2.7,"",.0,"8","U","",5.6,"",76,"",-1.1,"",1012.0,"",1025.7,"",7,-.9,"",.0,"8",0,"8","10","2","1","","0","","","3","","","8","","",0,"8",.0,"8",.0,"8","","8",0,"8","","",.0,"8",.0,"8",.0,"8",.0,"8",.0,"8",.0,"8",.0,"8",.0,"8",.0,"8",0,"8",0,"8",0,"8","","",0,"8",0,"8"
"352190360","P£OCK","2006","12","30","16","9","",0,"8",0,"8","","","",6,"",0,"8",0,"8",3,"",170,"",3,"",0,"",2.1,"",.0,"8","U","",5.6,"",79,"",-1.2,"",1011.5,"",1025.2,"",8,-1.1,"",.0,"8",0,"8","10","1","1","","0","","","3","","","1","","",0,"8",.0,"8",.0,"8","","8",0,"8","","",.0,"8",.0,"8",.0,"8",.0,"8",.0,"8",.0,"8",.0,"8",.0,"8",.0,"8",0,"8",0,"8",0,"8","","",0,"8",0,"8"
"352190360","P£OCK","2006","12","30","17","9","",0,"8",0,"8","","","",6,"",0,"8",0,"8",3,"",190,"",5,"",0,"",2.0,"",.0,"8","U","",5.6,"",80,"",-1.1,"",1010.8,"",1024.5,"",7,-1.8,"",.0,"8",0,"8","10","0","0","","0","","","0","","","1","","",0,"8",.0,"8",.0,"8","","8",0,"8","","",.0,"8",.0,"8",.0,"8",.0,"8",.0,"8",.0,"8",.0,"8",.0,"8",.0,"8",0,"8",0,"8",0,"8","","",0,"8",0,"8"
"352190360","P£OCK","2006","12","30","18","9","",0,"8",0,"8","","","",6,"",0,"8",0,"8",8,"",180,"",4,"",0,"",2.0,"",.0,"8","U","",5.7,"",81,"",-.9,"",1010.2,"",1023.9,"",7,-1.8,"",.0,"9",0,"9","10","1","0","","0","","","0","","","7","","",1,"",.0,"8",.0,"8","","8",0,"8","","",.0,"8",.0,"8",.0,"8",.0,"8",.0,"8",.0,"8",.0,"8",.0,"8",.0,"8",0,"8",0,"8",0,"8","","",0,"8",0,"8"
"352190360","P£OCK","2006","12","30","19","9","",0,"8",0,"8","","","",6,"",0,"8",0,"8",8,"",190,"",4,"",0,"",2.0,"",.0,"8","U","",5.7,"",81,"",-.9,"",1009.7,"",1023.4,"",6,-1.8,"",.0,"8",0,"8","10","2","0","","0","","","0","","","7","","",0,"8",.0,"8",.0,"8","","8",0,"8","","",.0,"8",.0,"8",.0,"8",.0,"8",.0,"8",.0,"8",.0,"8",.0,"8",.0,"8",0,"8",0,"8",0,"8","","",0,"8",0,"8"
"352190360","P£OCK","2006","12","30","20","9","",0,"8",0,"8","","","",6,"",0,"8",0,"8",8,"",190,"",4,"",0,"",2.2,"",.0,"8","U","",5.7,"",80,"",-.9,"",1009.3,"",1023.0,"",6,-1.5,"",.0,"8",0,"8","10","2","0","","0","","","0","","","7","","",0,"8",.0,"8",.0,"8","","8",0,"8","","",.0,"8",.0,"8",.0,"8",.0,"8",.0,"8",.0,"8",.0,"8",.0,"8",.0,"8",0,"8",0,"8",0,"8","","",0,"8",0,"8"
"352190360","P£OCK","2006","12","30","21","9","",0,"8",0,"8","","","",6,"",0,"8",0,"8",8,"",190,"",5,"",0,"",2.2,"",.0,"8","U","",5.7,"",79,"",-1.1,"",1008.8,"",1022.5,"",7,-1.4,"",.0,"8",0,"8","10","2","0","","0","","","0","","","7","","",0,"8",.0,"8",.0,"8","","8",0,"8","","",.0,"8",.0,"8",.0,"8",.0,"8",.0,"8",.0,"8",.0,"8",.0,"8",.0,"8",0,"8",0,"8",0,"8","","",0,"8",0,"8"
"352190360","P£OCK","2006","12","30","22","9","",0,"8",0,"8","","","",6,"",0,"8",0,"8",8,"",190,"",5,"",0,"",2.5,"",.0,"8","U","",5.6,"",77,"",-1.1,"",1008.2,"",1021.9,"",8,-1.5,"",.0,"8",0,"8","10","2","3","","0","","","3","","","7","","",0,"8",.0,"8",.0,"8","","8",0,"8","","",.0,"8",.0,"8",.0,"8",.0,"8",.0,"8",.0,"8",.0,"8",.0,"8",.0,"8",0,"8",0,"8",0,"8","","",0,"8",0,"8"
"352190360","P£OCK","2006","12","30","23","7","",0,"8",0,"8","","","",6,"",0,"8",0,"8",8,"",190,"",4,"",0,"",2.7,"",.0,"8","U","",5.6,"",76,"",-1.1,"",1007.7,"",1021.4,"",7,-1.6,"",.0,"8",0,"8","10","2","8","","5","","","/","","","/","","",0,"8",.0,"8",.0,"8","","8",0,"8","","",.0,"8",.0,"8",.0,"8",.0,"8",.0,"8",.0,"8",.0,"8",.0,"8",.0,"8",0,"8",0,"8",0,"8","","",0,"8",0,"8"
"352190360","P£OCK","2006","12","31","00","5","",0,"8",0,"8","","","",6,"",0,"8",0,"8",8,"",190,"",5,"",0,"",2.8,"",.0,"8","U","",5.8,"",77,"",-.8,"",1006.8,"",1020.4,"",7,-2.0,"",.1,"",6,"","80","2","5","","9","","","3","","","/","","",1,"",.0,"8",.0,"8","","8",0,"8","","",.0,"8",.0,"8",.0,"8",.0,"8",.0,"8",.0,"8",.0,"8",.0,"8",.0,"8",0,"8",0,"8",0,"8","","",0,"8",0,"8"
"352190360","P£OCK","2006","12","31","01","5","",0,"8",0,"8","","","",6,"",0,"8",0,"8",8,"",200,"",5,"",0,"",2.9,"",.0,"8","U","",5.9,"",78,"",-.6,"",1005.8,"",1019.4,"",8,-2.4,"",.0,"8",0,"8","80","8","5","","9","","","3","","","/","","",0,"8",.0,"8",.0,"8","","8",0,"8","","",.0,"8",.0,"8",.0,"8",.0,"8",.0,"8",.0,"8",.0,"8",.0,"8",.0,"8",0,"8",0,"8",0,"8","","",0,"8",0,"8"
"352190360","P£OCK","2006","12","31","02","5","",0,"8",0,"8","","","",6,"",0,"8",0,"8",8,"",190,"",5,"",0,"",2.9,"",.0,"8","U","",5.9,"",79,"",-.4,"",1004.7,"",1018.3,"",8,-3.0,"",.0,"8",0,"8","61","8","6","","5","","","2","","","/","","",0,"8",.0,"8",.0,"8","","8",0,"8","","",.0,"8",.0,"8",.0,"8",.0,"8",.0,"8",.0,"8",.0,"8",.0,"8",.0,"8",0,"8",0,"8",0,"8","","",0,"8",0,"8"
"352190360","P£OCK","2006","12","31","03","5","",0,"8",0,"8","","","",6,"",0,"8",0,"8",8,"",190,"",6,"",0,"",3.2,"",.0,"8","U","",6.0,"",78,"",-.3,"",1003.4,"",1017.0,"",8,-3.4,"",.0,"8",0,"8","61","8","6","","5","","","2","","","/","","",0,"8",.0,"8",.0,"8","","8",0,"8","","",.0,"8",.0,"8",.0,"8",.0,"8",.0,"8",.0,"8",.0,"8",.0,"8",.0,"8",0,"8",0,"8",0,"8","","",0,"8",0,"8"
"352190360","P£OCK","2006","12","31","04","5","",0,"8",0,"8","","","",6,"",0,"8",0,"8",8,"",200,"",7,"",12,"",3.6,"",.0,"8","U","",6.2,"",78,"",.1,"",1002.2,"",1015.7,"",7,-3.6,"",.0,"8",0,"8","61","6","6","","5","","","2","","","/","","",0,"8",.0,"8",.0,"8","","8",0,"8","","",.0,"8",.0,"8",.0,"8",.0,"8",.0,"8",.0,"8",.0,"8",.0,"8",.0,"8",0,"8",0,"8",0,"8","","",0,"8",0,"8"
"352190360","P£OCK","2006","12","31","05","4","",0,"8",0,"8","","","",6,"",0,"8",0,"8",8,"",210,"",7,"",0,"",4.1,"",.0,"8","U","",7.0,"",86,"",2.0,"",1001.2,"",1014.7,"",6,-3.5,"",.0,"8",0,"8","63","6","6","","5","","","2","","","/","","",0,"8",.0,"8",.0,"8","","8",0,"8","","",.0,"8",.0,"8",.0,"8",.0,"8",.0,"8",.0,"8",.0,"8",.0,"8",.0,"8",0,"8",0,"8",0,"8","","",0,"8",0,"8"
"352190360","P£OCK","2006","12","31","06","5","",0,"8",0,"8","","","",6,"",0,"8",0,"8",8,"",210,"",10,"",16,"",4.5,"",.0,"8","U","",7.0,"",83,"",1.9,"",1001.0,"",1014.5,"",6,-2.4,"",1.9,"",6,"","61","8","6","","5","","","2","","","/","","",2,"",.0,"8",.0,"8","","8",0,"8","","",.0,"8",.0,"8",.0,"8",.0,"8",.0,"8",.0,"8",.0,"8",.0,"8",.0,"8",0,"8",0,"8",0,"8","","",0,"8",0,"8"
"352190360","P£OCK","2006","12","31","07","7","",0,"8",0,"8","","","",7,"",0,"8",0,"8",7,"",220,"",9,"",0,"",5.1,"",.0,"8","U","",7.0,"",80,"",1.9,"",1000.8,"",1014.3,"",6,-1.4,"",.0,"8",0,"8","01","2","5","","5","","","3","","","1","","",0,"8",.0,"8",.0,"8","","8",0,"8","","",.0,"8",.0,"8",.0,"8",.0,"8",.0,"8",.0,"8",.0,"8",.0,"8",.0,"8",0,"8",0,"8",0,"8","","",0,"8",0,"8"
"352190360","P£OCK","2006","12","31","08","6","",0,"8",0,"8","","","",7,"",0,"8",0,"8",7,"",230,"",10,"",15,"",6.3,"",.0,"8","U","",7.2,"",76,"",2.4,"",1000.6,"",1014.0,"",7,-.6,"",.0,"8",0,"8","03","2","7","","5","","","/","","","/","","",0,"8",.0,"8",.0,"8","","8",0,"8","","",.0,"8",.0,"8",.0,"8",.0,"8",.0,"8",.0,"8",.0,"8",.0,"8",.0,"8",0,"8",0,"8",0,"8","","",0,"8",0,"8"
"352190360","P£OCK","2006","12","31","09","6","",0,"8",0,"8","","","",8,"",0,"8",0,"8",6,"",230,"",9,"",14,"",7.3,"",.0,"8","U","",7.5,"",73,"",2.8,"",1001.0,"",1014.3,"",5,.0,"",.0,"8",0,"8","01","2","4","","5","","","3","","","1","","",0,"8",.0,"8",.0,"8","","8",0,"8","","",.0,"8",.0,"8",.0,"8",.0,"8",.0,"8",.0,"8",.0,"8",.0,"8",.0,"8",0,"8",0,"8",0,"8","","",0,"8",0,"8"
"352190360","P£OCK","2006","12","31","10","6","",0,"8",0,"8","","","",8,"",0,"8",0,"8",6,"",240,"",10,"",16,"",8.5,"",.0,"8","U","",7.6,"",69,"",3.1,"",1000.4,"",1013.7,"",7,-.4,"",.0,"8",0,"8","02","2","4","","5","","","3","","","1","","",0,"8",.0,"8",.0,"8","","8",0,"8","","",.0,"8",.0,"8",.0,"8",.0,"8",.0,"8",.0,"8",.0,"8",.0,"8",.0,"8",0,"8",0,"8",0,"8","","",0,"8",0,"8"
"352190360","P£OCK","2006","12","31","11","6","",0,"8",0,"8","","","",8,"",0,"8",0,"8",6,"",240,"",11,"",16,"",8.9,"",.0,"8","U","",7.5,"",66,"",2.9,"",1000.7,"",1014.0,"",2,.1,"",.0,"8",0,"8","02","2","4","","5","","","3","","","1","","",0,"8",.0,"8",.0,"8","","8",0,"8","","",.0,"8",.0,"8",.0,"8",.0,"8",.0,"8",.0,"8",.0,"8",.0,"8",.0,"8",0,"8",0,"8",0,"8","","",0,"8",0,"8"
"352190360","P£OCK","2006","12","31","12","6","",0,"8",0,"8","","","",8,"",0,"8",0,"8",7,"",240,"",11,"",19,"",8.9,"",.0,"8","U","",7.7,"",68,"",3.3,"",1001.2,"",1014.5,"",3,.2,"",.0,"9",0,"9","03","2","5","","9","","","3","","","/","","",1,"",.0,"8",.0,"8","","8",0,"8","","",.0,"8",.0,"8",.0,"8",.0,"8",.0,"8",.0,"8",.0,"8",.0,"8",.0,"8",0,"8",0,"8",0,"8","","",0,"8",0,"8"
"352190360","P£OCK","2006","12","31","13","5","",0,"8",0,"8","","","",8,"",0,"8",0,"8",7,"",240,"",10,"",0,"",8.7,"",.0,"8","U","",7.5,"",67,"",2.9,"",1001.7,"",1015.0,"",3,1.3,"",.0,"8",0,"8","03","2","7","","9","","","/","","","/","","",0,"8",.0,"8",.0,"8","","8",0,"8","","",.0,"8",.0,"8",.0,"8",.0,"8",.0,"8",.0,"8",.0,"8",.0,"8",.0,"8",0,"8",0,"8",0,"8","","",0,"8",0,"8"
"352190360","P£OCK","2006","12","31","14","5","",0,"8",0,"8","","","",8,"",0,"8",0,"8",7,"",250,"",9,"",16,"",8.3,"",.0,"8","U","",7.9,"",72,"",3.5,"",1002.3,"",1015.6,"",2,1.6,"",.0,"8",0,"8","02","2","7","","9","","","/","","","/","","",0,"8",.0,"8",.0,"8","","8",0,"8","","",.0,"8",.0,"8",.0,"8",.0,"8",.0,"8",.0,"8",.0,"8",.0,"8",.0,"8",0,"8",0,"8",0,"8","","",0,"8",0,"8"
"352190360","P£OCK","2006","12","31","15","5","",0,"8",0,"8","","","",8,"",0,"8",0,"8",7,"",270,"",11,"",17,"",7.4,"",.0,"8","U","",8.0,"",78,"",3.8,"",1003.1,"",1016.5,"",3,1.9,"",.0,"8",0,"8","80","2","7","","9","","","/","","","/","","",0,"8",.0,"8",.0,"8","","8",0,"8","","",.0,"8",.0,"8",.0,"8",.0,"8",.0,"8",.0,"8",.0,"8",.0,"8",.0,"8",0,"8",0,"8",0,"8","","",0,"8",0,"8"
"352190360","P£OCK","2006","12","31","16","5","",0,"8",0,"8","","","",8,"",0,"8",0,"8",5,"",260,"",9,"",14,"",7.4,"",.0,"8","U","",7.3,"",71,"",2.5,"",1003.8,"",1017.2,"",2,2.1,"",.0,"8",0,"8","25","2","4","","9","","","3","","","0","","",0,"8",.0,"8",.0,"8","","8",0,"8","","",.0,"8",.0,"8",.0,"8",.0,"8",.0,"8",.0,"8",.0,"8",.0,"8",.0,"8",0,"8",0,"8",0,"8","","",0,"8",0,"8"
"352190360","P£OCK","2006","12","31","17","5","",0,"8",0,"8","","","",9,"",0,"8",0,"8",2,"",270,"",10,"",15,"",6.8,"",.0,"8","U","",7.2,"",73,"",2.3,"",1004.5,"",1017.9,"",2,2.2,"",.0,"8",0,"8","01","1","1","","5","","","3","","","0","","",0,"8",.0,"8",.0,"8","","8",0,"8","","",.0,"8",.0,"8",.0,"8",.0,"8",.0,"8",.0,"8",.0,"8",.0,"8",.0,"8",0,"8",0,"8",0,"8","","",0,"8",0,"8"
"352190360","P£OCK","2006","12","31","18","6","",0,"8",0,"8","","","",8,"",0,"8",0,"8",3,"",260,"",8,"",13,"",6.7,"",.0,"8","U","",7.3,"",74,"",2.4,"",1005.4,"",1018.8,"",3,2.3,"",.2,"",6,"","03","8","3","","5","","","0","","","0","","",2,"",.0,"8",.0,"8","","8",0,"8","","",.0,"8",.0,"8",.0,"8",.0,"8",.0,"8",.0,"8",.0,"8",.0,"8",.0,"8",0,"8",0,"8",0,"8","","",0,"8",0,"8"
"352190360","P£OCK","2006","12","31","19","5","",0,"8",0,"8","","","",8,"",0,"8",0,"8",2,"",250,"",6,"",0,"",5.9,"",.0,"8","U","",7.2,"",78,"",2.4,"",1005.7,"",1019.2,"",2,1.9,"",.0,"8",0,"8","01","0","2","","5","","","0","","","0","","",0,"8",.0,"8",.0,"8","","8",0,"8","","",.0,"8",.0,"8",.0,"8",.0,"8",.0,"8",.0,"8",.0,"8",.0,"8",.0,"8",0,"8",0,"8",0,"8","","",0,"8",0,"8"
"352190360","P£OCK","2006","12","31","20","5","",0,"8",0,"8","","","",8,"",0,"8",0,"8",2,"",240,"",8,"",0,"",5.9,"",.0,"8","U","",7.6,"",82,"",3.1,"",1005.8,"",1019.3,"",1,1.3,"",.0,"8",0,"8","25","1","2","","5","","","0","","","0","","",0,"8",.0,"8",.0,"8","","8",0,"8","","",.0,"8",.0,"8",.0,"8",.0,"8",.0,"8",.0,"8",.0,"8",.0,"8",.0,"8",0,"8",0,"8",0,"8","","",0,"8",0,"8"
"352190360","P£OCK","2006","12","31","21","6","",0,"8",0,"8","","","",8,"",0,"8",0,"8",6,"",250,"",8,"",0,"",6.6,"",.0,"8","U","",7.9,"",81,"",3.6,"",1006.0,"",1019.5,"",2,.6,"",.0,"8",0,"8","03","8","6","","9","","","0","","","0","","",0,"8",.0,"8",.0,"8","","8",0,"8","","",.0,"8",.0,"8",.0,"8",.0,"8",.0,"8",.0,"8",.0,"8",.0,"8",.0,"8",0,"8",0,"8",0,"8","","",0,"8",0,"8"
"352190360","P£OCK","2006","12","31","22","4","",0,"8",0,"8","","","",8,"",0,"8",0,"8",2,"",240,"",6,"",0,"",5.7,"",.0,"8","U","",7.5,"",82,"",2.9,"",1006.1,"",1019.6,"",2,.4,"",.0,"8",0,"8","01","1","1","","5","","","0","","","1","","",0,"8",.0,"8",.0,"8","","8",0,"8","","",.0,"8",.0,"8",.0,"8",.0,"8",.0,"8",.0,"8",.0,"8",.0,"8",.0,"8",0,"8",0,"8",0,"8","","",0,"8",0,"8"
"352190360","P£OCK","2006","12","31","23","5","",0,"8",0,"8","","","",8,"",0,"8",0,"8",2,"",230,"",6,"",0,"",5.6,"",.0,"8","U","",7.5,"",83,"",2.9,"",1005.6,"",1019.1,"",8,-.2,"",.0,"8",0,"8","03","0","1","","5","","","3","","","0","","",0,"8",.0,"8",.0,"8","","8",0,"8","","",.0,"8",.0,"8",.0,"8",.0,"8",.0,"8",.0,"8",.0,"8",.0,"8",.0,"8",0,"8",0,"8",0,"8","","",0,"8",0,"8"
